target_id	length	eff_length	est_counts	tpm
Gorai.001G000100.1.A	299	193.687	4.85463	0.994123
Gorai.001G000100.1.D	299	193.687	2.20643	0.451829
Gorai.001G000200.1.A	505	399.551	3.5	0.34744
Gorai.001G000200.1.D	505	399.551	3.5	0.34744
Gorai.001G000300.1.A	587	481.551	7.18897	0.592119
Gorai.001G000300.1.D	587	481.551	19.5213	1.60787
Gorai.001G000400.1.A	1443	1337.5	16	0.474471
Gorai.001G000400.1.D	1443	1337.5	0	0
Gorai.001G000500.1.A	983	877.505	46	2.07919
Gorai.001G000500.1.D	983	877.505	46	2.07919
Gorai.001G000600.1.A	675	569.505	0	0
Gorai.001G000600.1.D	675	569.505	0	0
Gorai.001G000700.1.A	935	829.505	0	0
Gorai.001G000700.1.D	935	829.505	0	0
Gorai.001G000800.1.A	1784	1678.5	26.9455	0.636719
Gorai.001G000800.1.D	1784	1678.5	30.0545	0.710187
Gorai.001G000900.1.A	1551	1445.5	598.655	16.4264
Gorai.001G000900.1.D	1551	1445.5	758.842	20.8217
Gorai.001G001000.1.A	1974	1868.5	86.1818	1.82939
Gorai.001G001000.1.D	1974	1868.5	81.8182	1.73676
Gorai.001G001100.1.A	2591	2485.5	307.422	4.90574
Gorai.001G001100.1.D	2591	2485.5	210.578	3.36034
Gorai.001G001200.1.A	2440	2334.5	1247.88	21.2013
Gorai.001G001200.1.D	2440	2334.5	1089.12	18.5041
Gorai.001G001300.1.A	2275	2169.5	1090.86	19.9431
Gorai.001G001300.1.D	2275	2169.5	925.143	16.9135
Gorai.001G001400.1.A	1869	1763.5	46.0887	1.03658
Gorai.001G001400.1.D	1869	1763.5	80.9113	1.81977
Gorai.001G001500.1.A	1636	1530.5	208.913	5.41398
Gorai.001G001500.1.D	1636	1530.5	319.087	8.26911
Gorai.001G001600.1.A	2414	2308.5	274.353	4.71372
Gorai.001G001600.1.D	2414	2308.5	322.647	5.54347
Gorai.001G001700.1.A	621	515.505	0	0
Gorai.001G001700.1.D	621	515.505	0	0
Gorai.001G001800.1.A	1622	1516.5	122.17	3.19525
Gorai.001G001800.1.D	1622	1516.5	62.8302	1.64327
Gorai.001G001900.1.A	1893	1787.5	20	0.44378
Gorai.001G001900.1.D	1893	1787.5	9	0.199701
Gorai.001G002000.1.A	2575	2469.5	486.177	7.80854
Gorai.001G002000.1.D	2575	2469.5	289.445	4.64881
Gorai.001G002100.1.A	1933	1827.5	0	0
Gorai.001G002100.1.D	1933	1827.5	0	0
Gorai.001G002200.1.A	1511	1405.5	244.237	6.89231
Gorai.001G002200.1.D	1511	1405.5	279.763	7.89482
Gorai.001G002300.1.A	9038	8932.5	1128.14	5.00928
Gorai.001G002300.1.D	9038	8932.5	986.858	4.38194
Gorai.001G002400.1.A	1315	1209.5	666.78	21.8655
Gorai.001G002400.1.D	1315	1209.5	844.22	27.6843
Gorai.001G002500.1.A	1371	1265.5	0	0
Gorai.001G002500.1.D	1371	1265.5	1	0.0313416
Gorai.001G002600.1.A	1892	1786.5	0	0
Gorai.001G002600.1.D	1892	1786.5	0	0
Gorai.001G002700.1.A	3129	3023.5	87.6706	1.15008
Gorai.001G002700.1.D	3129	3023.5	4.32941	0.0567941
Gorai.001G002800.1.A	1758	1652.5	4.8	0.115208
Gorai.001G002800.1.D	1758	1652.5	7.2	0.172812
Gorai.001G002900.1.A	3057	2951.5	0	0
Gorai.001G002900.1.D	3057	2951.5	0	0
Gorai.001G003000.1.A	2943	2837.5	0	0
Gorai.001G003000.1.D	2943	2837.5	0	0
Gorai.001G003100.1.A	4194	4088.5	0	0
Gorai.001G003100.1.D	4194	4088.5	11	0.106712
Gorai.001G003200.1.A	2367	2261.5	3.30769	0.0580113
Gorai.001G003200.1.D	2367	2261.5	82.6923	1.45028
Gorai.001G003300.1.A	2132	2026.5	1160	22.7036
Gorai.001G003300.1.D	2132	2026.5	580	11.3518
Gorai.001G003400.1.A	496	390.551	108	10.9681
Gorai.001G003400.1.D	496	390.551	1	0.101556
Gorai.001G003500.1.A	2044	1938.5	111.137	2.27393
Gorai.001G003500.1.D	2044	1938.5	96.8627	1.98187
Gorai.001G003600.1.A	2311	2205.5	1.43619	0.0258279
Gorai.001G003600.1.D	2311	2205.5	10.0533	0.180795
Gorai.001G003700.1.A	2036	1930.5	502.805	10.3303
Gorai.001G003700.1.D	2036	1930.5	582.195	11.9614
Gorai.001G003800.1.A	1186	1080.5	1	0.0367078
Gorai.001G003800.1.D	1186	1080.5	1	0.0367078
Gorai.001G003900.1.A	1768	1662.5	0	0
Gorai.001G003900.1.D	1768	1662.5	1	0.0238573
Gorai.001G004000.1.A	2980	2874.5	970.569	13.3921
Gorai.001G004000.1.D	2980	2874.5	1775.43	24.4977
Gorai.001G004100.1.A	1773	1667.5	0	0
Gorai.001G004100.1.D	1773	1667.5	0	0
Gorai.001G004200.1.A	1672	1566.5	230.163	5.82759
Gorai.001G004200.1.D	1672	1566.5	261.837	6.62955
Gorai.001G004300.1.A	1755	1649.5	1	0.0240454
Gorai.001G004300.1.D	1755	1649.5	0	0
Gorai.001G004400.1.A	1633	1527.5	1.33333	0.0346211
Gorai.001G004400.1.D	1633	1527.5	2.66667	0.0692422
Gorai.001G004500.1.A	2100	1994.5	173.464	3.44952
Gorai.001G004500.1.D	2100	1994.5	244.536	4.86287
Gorai.001G004600.1.A	554	448.551	93	8.22348
Gorai.001G004600.1.D	554	448.551	0	0
Gorai.001G004700.1.A	773	667.505	0	0
Gorai.001G004700.1.D	773	667.505	0	0
Gorai.001G004800.1.A	1302	1196.5	50.9398	1.68861
Gorai.001G004800.1.D	1302	1196.5	220.06	7.29478
Gorai.001G004900.1.A	694	588.505	187.305	12.6237
Gorai.001G004900.1.D	694	588.505	29.6947	2.00131
Gorai.001G005000.1.A	1167	1061.5	30.9333	1.15582
Gorai.001G005000.1.D	1167	1061.5	33.0667	1.23553
Gorai.001G005100.1.A	803	697.505	0	0
Gorai.001G005100.1.D	803	697.505	0	0
Gorai.001G005200.1.A	2688	2582.5	464	7.12626
Gorai.001G005200.1.D	2688	2582.5	208	3.19453
Gorai.001G005300.1.A	1090	984.505	8.72727	0.351597
Gorai.001G005300.1.D	1090	984.505	3.27273	0.131849
Gorai.001G005400.1.A	1650	1544.5	0	0
Gorai.001G005400.1.D	1650	1544.5	1	0.02568
Gorai.001G005500.1.A	1881	1775.5	1.16216	0.0259615
Gorai.001G005500.1.D	1881	1775.5	84.8378	1.89519
Gorai.001G005600.1.A	2246	2140.5	550.948	10.2089
Gorai.001G005600.1.D	2246	2140.5	311.052	5.7637
Gorai.001G005700.1.A	2563	2457.5	2327.55	37.5656
Gorai.001G005700.1.D	2563	2457.5	1693.45	27.3314
Gorai.001G005800.1.A	1320	1214.5	291.901	9.53283
Gorai.001G005800.1.D	1320	1214.5	245.099	8.00436
Gorai.001G005900.1.A	2902	2796.5	20	0.283661
Gorai.001G005900.1.D	2902	2796.5	45	0.638237
Gorai.001G006000.1.A	2535	2429.5	4	0.0653021
Gorai.001G006000.1.D	2535	2429.5	3	0.0489766
Gorai.001G006100.1.A	2524	2418.5	15.5556	0.255108
Gorai.001G006100.1.D	2524	2418.5	4.44444	0.0728879
Gorai.001G006200.1.A	2724	2618.5	63.9189	0.968191
Gorai.001G006200.1.D	2724	2618.5	65.0811	0.985794
Gorai.001G006300.1.A	817	711.505	26	1.44937
Gorai.001G006300.1.D	817	711.505	33	1.83959
Gorai.001G006400.1.A	2609	2503.5	0	0
Gorai.001G006400.1.D	2609	2503.5	19	0.301016
Gorai.001G006500.1.A	2379	2273.5	13	0.226794
Gorai.001G006500.1.D	2379	2273.5	17	0.296577
Gorai.001G006600.1.A	1814	1708.5	654.298	15.1895
Gorai.001G006600.1.D	1814	1708.5	596.702	13.8524
Gorai.001G006700.1.A	1234	1128.5	62	2.17908
Gorai.001G006700.1.D	1234	1128.5	0	0
Gorai.001G006800.1.A	663	557.505	110.256	7.84405
Gorai.001G006800.1.D	663	557.505	39.7436	2.82751
Gorai.001G006900.1.A	321	215.63	2.13659	0.393004
Gorai.001G006900.1.D	321	215.63	0	0
Gorai.001G007000.1.A	2302	2196.5	52.2973	0.944348
Gorai.001G007000.1.D	2302	2196.5	37.7027	0.680809
Gorai.001G007100.1.A	1885	1779.5	44.28	0.986946
Gorai.001G007100.1.D	1885	1779.5	36.72	0.818443
Gorai.001G007200.1.A	1096	990.505	26.7568	1.07143
Gorai.001G007200.1.D	1096	990.505	18.2432	0.730517
Gorai.001G007300.1.A	711	605.505	0	0
Gorai.001G007300.1.D	711	605.505	0	0
Gorai.001G007400.1.A	2197	2091.5	272.933	5.17586
Gorai.001G007400.1.D	2197	2091.5	22.0669	0.418474
Gorai.001G007500.1.A	1448	1342.5	79.1096	2.33721
Gorai.001G007500.1.D	1448	1342.5	70.8904	2.09439
Gorai.001G007600.1.A	3680	3574.5	195.392	2.16808
Gorai.001G007600.1.D	3680	3574.5	88.608	0.9832
Gorai.001G007700.1.A	1128	1022.5	0	0
Gorai.001G007700.1.D	1128	1022.5	0	0
Gorai.001G007800.1.A	1533	1427.5	0	0
Gorai.001G007800.1.D	1533	1427.5	0	0
Gorai.001G007900.1.A	2493	2387.5	54.6943	0.908621
Gorai.001G007900.1.D	2493	2387.5	148.306	2.46376
Gorai.001G008000.1.A	1954	1848.5	0	0
Gorai.001G008000.1.D	1954	1848.5	50	1.07284
Gorai.001G008100.1.A	1792	1686.5	24	0.564428
Gorai.001G008100.1.D	1792	1686.5	0	0
Gorai.001G008200.1.A	2931	2825.5	0	0
Gorai.001G008200.1.D	2931	2825.5	0	0
Gorai.001G008300.1.A	1060	954.505	0	0
Gorai.001G008300.1.D	1060	954.505	0	0
Gorai.001G008400.1.A	1580	1474.5	0	0
Gorai.001G008400.1.D	1580	1474.5	3	0.0806975
Gorai.001G008500.1.A	1876	1770.5	7.5	0.168015
Gorai.001G008500.1.D	1876	1770.5	7.5	0.168015
Gorai.001G008600.1.A	793	687.505	0	0
Gorai.001G008600.1.D	793	687.505	1	0.0576912
Gorai.001G008700.1.A	1049	943.505	3	0.126114
Gorai.001G008700.1.D	1049	943.505	0	0
Gorai.001G008800.1.A	3497	3391.5	318.882	3.72926
Gorai.001G008800.1.D	3497	3391.5	126.118	1.47492
Gorai.001G008900.1.A	2258	2152.5	431.745	7.95551
Gorai.001G008900.1.D	2258	2152.5	22.2549	0.410078
Gorai.001G009000.1.A	2376	2270.5	4	0.0698751
Gorai.001G009000.1.D	2376	2270.5	0	0
Gorai.001G009100.1.A	883	777.505	17	0.867223
Gorai.001G009100.1.D	883	777.505	0	0
Gorai.001G009200.1.A	1709	1603.5	1	0.0247352
Gorai.001G009200.1.D	1709	1603.5	0	0
Gorai.001G009300.1.A	1797	1691.5	894.427	20.9728
Gorai.001G009300.1.D	1797	1691.5	270.573	6.34448
Gorai.001G009400.1.A	1505	1399.5	77.0649	2.18407
Gorai.001G009400.1.D	1505	1399.5	8.93506	0.253226
Gorai.001G009500.1.A	667	561.505	5549.67	392.011
Gorai.001G009500.1.D	667	561.505	3459.33	244.357
Gorai.001G009600.1.A	674	568.505	4	0.279069
Gorai.001G009600.1.D	674	568.505	1	0.0697671
Gorai.001G009700.1.A	1176	1070.5	26	0.963318
Gorai.001G009700.1.D	1176	1070.5	0	0
Gorai.001G009800.1.A	1830	1724.5	840.548	19.3323
Gorai.001G009800.1.D	1830	1724.5	339.452	7.80727
Gorai.001G009900.1.A	1458	1352.5	987.294	28.9529
Gorai.001G009900.1.D	1458	1352.5	85.7064	2.51339
Gorai.001G010000.1.A	1062	956.505	0	0
Gorai.001G010000.1.D	1062	956.505	0	0
Gorai.001G010100.1.A	2313	2207.5	33.8933	0.608972
Gorai.001G010100.1.D	2313	2207.5	48.1067	0.864348
Gorai.001G010200.1.A	982	876.505	4	0.181005
Gorai.001G010200.1.D	982	876.505	6	0.271508
Gorai.001G010300.1.A	1149	1043.5	567.785	21.5812
Gorai.001G010300.1.D	1149	1043.5	695.567	26.4381
Gorai.001G010400.1.A	466	360.551	0	0
Gorai.001G010400.1.D	466	360.551	0	0
Gorai.001G010500.1.A	3352	3246.5	24	0.293211
Gorai.001G010500.1.D	3352	3246.5	48	0.586422
Gorai.001G010600.1.A	723	617.505	858.315	55.1304
Gorai.001G010600.1.D	723	617.505	558.685	35.8849
Gorai.001G010700.1.A	1332	1226.5	0	0
Gorai.001G010700.1.D	1332	1226.5	0	0
Gorai.001G010800.1.A	1412	1306.5	941.447	28.5805
Gorai.001G010800.1.D	1412	1306.5	2199.55	66.7742
Gorai.001G010900.1.A	2011	1905.5	206.182	4.29166
Gorai.001G010900.1.D	2011	1905.5	117.818	2.45238
Gorai.001G011000.1.A	1692	1586.5	160.192	4.00484
Gorai.001G011000.1.D	1692	1586.5	94.8077	2.37021
Gorai.001G011100.1.A	1287	1181.5	35.875	1.20432
Gorai.001G011100.1.D	1287	1181.5	87.125	2.92477
Gorai.001G011200.1.A	1133	1027.5	21	0.810626
Gorai.001G011200.1.D	1133	1027.5	2	0.0772025
Gorai.001G011300.1.A	1851	1745.5	189.655	4.30951
Gorai.001G011300.1.D	1851	1745.5	267.345	6.07486
Gorai.001G011400.1.A	1311	1205.5	0	0
Gorai.001G011400.1.D	1311	1205.5	1	0.0329015
Gorai.001G011500.1.A	963	857.505	31.9091	1.47592
Gorai.001G011500.1.D	963	857.505	20.0909	0.929283
Gorai.001G011600.1.A	2638	2532.5	3367.67	52.743
Gorai.001G011600.1.D	2638	2532.5	11.3275	0.177407
Gorai.001G011700.1.A	2532	2426.5	121.734	1.98983
Gorai.001G011700.1.D	2532	2426.5	41.2658	0.674519
Gorai.001G011800.1.A	1806	1700.5	8	0.186594
Gorai.001G011800.1.D	1806	1700.5	0	0
Gorai.001G011900.1.A	561	455.551	0	0
Gorai.001G011900.1.D	561	455.551	0	0
Gorai.001G012000.1.A	4544	4438.5	201.006	1.79621
Gorai.001G012000.1.D	4544	4438.5	147.994	1.32249
Gorai.001G012100.1.A	2157	2051.5	253.647	4.90391
Gorai.001G012100.1.D	2157	2051.5	138.353	2.67486
Gorai.001G012200.1.A	923	817.505	271.594	13.177
Gorai.001G012200.1.D	923	817.505	464.406	22.5316
Gorai.001G012300.1.A	1625	1519.5	0	0
Gorai.001G012300.1.D	1625	1519.5	0	0
Gorai.001G012400.1.A	1835	1729.5	3	0.0687994
Gorai.001G012400.1.D	1835	1729.5	1	0.0229331
Gorai.001G012500.1.A	1478	1372.5	293.831	8.49119
Gorai.001G012500.1.D	1478	1372.5	473.169	13.6737
Gorai.001G012600.1.A	718	612.505	0	0
Gorai.001G012600.1.D	718	612.505	2	0.129511
Gorai.001G012700.1.A	1563	1457.5	6	0.163277
Gorai.001G012700.1.D	1563	1457.5	0	0
Gorai.001G012800.1.A	966	860.505	1006.89	46.4102
Gorai.001G012800.1.D	966	860.505	662.11	30.5184
Gorai.001G012900.1.A	1818	1712.5	0	0
Gorai.001G012900.1.D	1818	1712.5	0	0
Gorai.001G013000.1.A	1069	963.505	69.7248	2.87024
Gorai.001G013000.1.D	1069	963.505	130.275	5.36282
Gorai.001G013100.1.A	2366	2260.5	47.7474	0.837778
Gorai.001G013100.1.D	2366	2260.5	168.253	2.95217
Gorai.001G013200.1.A	824	718.505	3	0.165606
Gorai.001G013200.1.D	824	718.505	6	0.331212
Gorai.001G013300.1.A	2345	2239.5	919.515	16.2852
Gorai.001G013300.1.D	2345	2239.5	1341.48	23.7585
Gorai.001G013400.1.A	4543	4437.5	242.696	2.16924
Gorai.001G013400.1.D	4543	4437.5	240.304	2.14787
Gorai.001G013500.1.A	2396	2290.5	102.646	1.77744
Gorai.001G013500.1.D	2396	2290.5	56.3544	0.975847
Gorai.001G013600.1.A	1675	1569.5	259.992	6.57025
Gorai.001G013600.1.D	1675	1569.5	18.0081	0.455082
Gorai.001G013700.1.A	1055	949.505	32	1.33671
Gorai.001G013700.1.D	1055	949.505	4	0.167089
Gorai.001G013800.1.A	1051	945.505	883.965	37.0814
Gorai.001G013800.1.D	1051	945.505	797.035	33.4348
Gorai.001G013900.1.A	1459	1353.5	37	1.08424
Gorai.001G013900.1.D	1459	1353.5	54	1.58241
Gorai.001G014000.1.A	1365	1259.5	100.66	3.16989
Gorai.001G014000.1.D	1365	1259.5	229.34	7.22211
Gorai.001G014100.1.A	5398	5292.5	1846.94	13.8413
Gorai.001G014100.1.D	5398	5292.5	1725.06	12.9279
Gorai.001G014200.1.A	1346	1240.5	11	0.351706
Gorai.001G014200.1.D	1346	1240.5	1	0.0319732
Gorai.001G014300.1.A	1314	1208.5	1162.27	38.1455
Gorai.001G014300.1.D	1314	1208.5	1256.73	41.2458
Gorai.001G014400.1.A	543	437.551	72.3659	6.55978
Gorai.001G014400.1.D	543	437.551	56.6341	5.13374
Gorai.001G014500.1.A	788	682.505	1	0.0581138
Gorai.001G014500.1.D	788	682.505	0	0
Gorai.001G014600.1.A	1161	1055.5	0	0
Gorai.001G014600.1.D	1161	1055.5	0	0
Gorai.001G014700.1.A	1176	1070.5	8161.39	302.385
Gorai.001G014700.1.D	1176	1070.5	5212.61	193.131
Gorai.001G014800.1.A	947	841.505	4.8	0.22624
Gorai.001G014800.1.D	947	841.505	1.2	0.05656
Gorai.001G014900.1.A	606	500.551	0	0
Gorai.001G014900.1.D	606	500.551	1	0.0792385
Gorai.001G015000.1.A	1422	1316.5	4	0.12051
Gorai.001G015000.1.D	1422	1316.5	3	0.0903824
Gorai.001G015100.1.A	1201	1095.5	144.029	5.2146
Gorai.001G015100.1.D	1201	1095.5	85.9709	3.11259
Gorai.001G015200.1.A	1034	928.505	112.139	4.79025
Gorai.001G015200.1.D	1034	928.505	11.8609	0.506661
Gorai.001G015300.1.A	3778	3672.5	627.021	6.7718
Gorai.001G015300.1.D	3778	3672.5	592.979	6.40416
Gorai.001G015400.1.A	1544	1438.5	0	0
Gorai.001G015400.1.D	1544	1438.5	2	0.0551447
Gorai.001G015500.1.A	1277	1171.5	180.947	6.1262
Gorai.001G015500.1.D	1277	1171.5	245.053	8.29663
Gorai.001G015600.1.A	693	587.505	1379.49	93.1305
Gorai.001G015600.1.D	693	587.505	1362.51	91.9843
Gorai.001G015700.1.A	1024	918.505	3	0.129546
Gorai.001G015700.1.D	1024	918.505	3	0.129546
Gorai.001G015800.1.A	1429	1323.5	15.625	0.468252
Gorai.001G015800.1.D	1429	1323.5	9.375	0.280951
Gorai.001G015900.1.A	2138	2032.5	771.197	15.0494
Gorai.001G015900.1.D	2138	2032.5	619.803	12.095
Gorai.001G016000.1.A	2784	2678.5	546.605	8.09406
Gorai.001G016000.1.D	2784	2678.5	194.395	2.87857
Gorai.001G016100.1.A	1188	1082.5	147.261	5.39564
Gorai.001G016100.1.D	1188	1082.5	116.396	4.26474
Gorai.001G016200.1.A	618	512.505	0	0
Gorai.001G016200.1.D	618	512.505	0	0
Gorai.001G016300.1.A	1914	1808.5	5	0.109657
Gorai.001G016300.1.D	1914	1808.5	0	0
Gorai.001G016400.1.A	1167	1061.5	1.4	0.0523108
Gorai.001G016400.1.D	1167	1061.5	5.6	0.209243
Gorai.001G016500.1.A	2188	2082.5	609.166	11.6021
Gorai.001G016500.1.D	2188	2082.5	487.834	9.29117
Gorai.001G016600.1.A	1740	1634.5	478.356	11.6078
Gorai.001G016600.1.D	1740	1634.5	705.389	17.117
Gorai.001G016700.1.A	1116	1010.5	768.87	30.1786
Gorai.001G016700.1.D	1116	1010.5	191.385	7.51197
Gorai.001G016800.1.A	1185	1079.5	1.5	0.0551127
Gorai.001G016800.1.D	1185	1079.5	1.5	0.0551127
Gorai.001G016900.1.A	2084	1978.5	527.084	10.5664
Gorai.001G016900.1.D	2084	1978.5	633.857	12.7069
Gorai.001G017000.1.A	4460	4354.5	354.348	3.22758
Gorai.001G017000.1.D	4460	4354.5	267.711	2.43844
Gorai.001G017100.1.A	4244	4138.5	599.72	5.74765
Gorai.001G017100.1.D	4244	4138.5	434.28	4.16209
Gorai.001G017200.1.A	869	763.505	9.42857	0.4898
Gorai.001G017200.1.D	869	763.505	12.5714	0.653067
Gorai.001G017300.1.A	805	699.505	0	0
Gorai.001G017300.1.D	805	699.505	3	0.170104
Gorai.001G017400.1.A	3755	3649.5	1	0.010868
Gorai.001G017400.1.D	3755	3649.5	1	0.010868
Gorai.001G017500.1.A	1127	1021.5	3.2	0.124249
Gorai.001G017500.1.D	1127	1021.5	12.8	0.496998
Gorai.001G017600.1.A	808	702.505	205.78	11.6182
Gorai.001G017600.1.D	808	702.505	27.2196	1.5368
Gorai.001G017700.1.A	2665	2559.5	0	0
Gorai.001G017700.1.D	2665	2559.5	3	0.046489
Gorai.001G017800.1.A	3550	3444.5	40.5782	0.467251
Gorai.001G017800.1.D	3550	3444.5	152.168	1.75219
Gorai.001G017900.1.A	1609	1503.5	24.6154	0.649362
Gorai.001G017900.1.D	1609	1503.5	23.3846	0.616894
Gorai.001G018000.1.A	3166	3060.5	103.317	1.33895
Gorai.001G018000.1.D	3166	3060.5	249.683	3.23579
Gorai.001G018100.1.A	6347	6241.5	810.026	5.14748
Gorai.001G018100.1.D	6347	6241.5	683.974	4.34645
Gorai.001G018200.1.A	1814	1708.5	0	0
Gorai.001G018200.1.D	1814	1708.5	76	1.76434
Gorai.001G018300.1.A	2019	1913.5	565.273	11.7169
Gorai.001G018300.1.D	2019	1913.5	1064.73	22.0696
Gorai.001G018400.1.A	1723	1617.5	26	0.637548
Gorai.001G018400.1.D	1723	1617.5	26	0.637548
Gorai.001G018500.1.A	1169	1063.5	57.2727	2.13596
Gorai.001G018500.1.D	1169	1063.5	32.7273	1.22055
Gorai.001G018600.1.A	2094	1988.5	66.6685	1.32978
Gorai.001G018600.1.D	2094	1988.5	225.242	4.49271
Gorai.001G018700.1.A	6070	5964.5	1360.13	9.04462
Gorai.001G018700.1.D	6070	5964.5	1932.87	12.8533
Gorai.001G018800.1.A	1247	1141.5	336.096	11.6781
Gorai.001G018800.1.D	1247	1141.5	982.904	34.1522
Gorai.001G018900.1.A	1183	1077.5	881.292	32.4403
Gorai.001G018900.1.D	1183	1077.5	826.708	30.4311
Gorai.001G019000.1.A	420	314.583	0	0
Gorai.001G019000.1.D	420	314.583	0	0
Gorai.001G019100.1.A	1002	896.505	0	0
Gorai.001G019100.1.D	1002	896.505	0	0
Gorai.001G019200.1.A	2370	2264.5	204.925	3.58928
Gorai.001G019200.1.D	2370	2264.5	79.0745	1.38499
Gorai.001G019300.1.A	915	809.505	254.408	12.4651
Gorai.001G019300.1.D	915	809.505	16.5918	0.812943
Gorai.001G019400.1.A	904	798.505	1078.79	53.5852
Gorai.001G019400.1.D	904	798.505	270.208	13.4216
Gorai.001G019500.1.A	1693	1587.5	577.205	14.4212
Gorai.001G019500.1.D	1693	1587.5	872.795	21.8063
Gorai.001G019600.1.A	1903	1797.5	155.794	3.43769
Gorai.001G019600.1.D	1903	1797.5	36.2057	0.798899
Gorai.001G019700.1.A	1476	1370.5	56.2465	1.6278
Gorai.001G019700.1.D	1476	1370.5	106.754	3.08949
Gorai.001G019800.1.A	3307	3201.5	768.36	9.51909
Gorai.001G019800.1.D	3307	3201.5	326.64	4.04669
Gorai.001G019900.1.A	1001	895.505	34	1.5059
Gorai.001G019900.1.D	1001	895.505	22	0.974406
Gorai.001G020000.1.A	2768	2662.5	51.4286	0.766124
Gorai.001G020000.1.D	2768	2662.5	68.5714	1.0215
Gorai.001G020100.1.A	1097	991.505	58.7812	2.35141
Gorai.001G020100.1.D	1097	991.505	238.219	9.52941
Gorai.001G020200.1.A	3886	3780.5	896.582	9.40644
Gorai.001G020200.1.D	3886	3780.5	919.418	9.64602
Gorai.001G020300.1.A	2211	2105.5	31.5368	0.594083
Gorai.001G020300.1.D	2211	2105.5	75.4632	1.42156
Gorai.001G020400.1.A	1412	1306.5	0	0
Gorai.001G020400.1.D	1412	1306.5	0	0
Gorai.001G020500.1.A	1286	1180.5	0	0
Gorai.001G020500.1.D	1286	1180.5	0	0
Gorai.001G020600.1.A	1281	1175.5	2.4	0.0809789
Gorai.001G020600.1.D	1281	1175.5	3.6	0.121468
Gorai.001G020700.1.A	1748	1642.5	28.5714	0.689938
Gorai.001G020700.1.D	1748	1642.5	27.4286	0.662341
Gorai.001G020800.1.A	284	178.772	4	0.887455
Gorai.001G020800.1.D	284	178.772	0	0
Gorai.001G020900.1.A	2770	2664.5	185.569	2.76232
Gorai.001G020900.1.D	2770	2664.5	255.431	3.80226
Gorai.001G021000.1.A	1158	1052.5	14.3846	0.542075
Gorai.001G021000.1.D	1158	1052.5	2.61538	0.098559
Gorai.001G021100.1.A	1550	1444.5	596.48	16.378
Gorai.001G021100.1.D	1550	1444.5	405.52	11.1347
Gorai.001G021200.1.A	2646	2540.5	151.867	2.37098
Gorai.001G021200.1.D	2646	2540.5	222.133	3.468
Gorai.001G021300.1.A	1228	1122.5	0	0
Gorai.001G021300.1.D	1228	1122.5	16	0.565349
Gorai.001G021400.1.A	573	467.551	292.399	24.8046
Gorai.001G021400.1.D	573	467.551	440.601	37.3767
Gorai.001G021500.1.A	939	833.505	4	0.190343
Gorai.001G021500.1.D	939	833.505	10	0.475857
Gorai.001G021600.1.A	1849	1743.5	38.5634	0.877277
Gorai.001G021600.1.D	1849	1743.5	35.4366	0.806147
Gorai.001G021700.1.A	744	638.505	17.9048	1.11222
Gorai.001G021700.1.D	744	638.505	123.095	7.64649
Gorai.001G021800.1.A	2952	2846.5	1682.38	23.4421
Gorai.001G021800.1.D	2952	2846.5	2503.62	34.8852
Gorai.001G021900.1.A	799	693.505	0	0
Gorai.001G021900.1.D	799	693.505	0	0
Gorai.001G022000.1.A	1680	1574.5	217.492	5.47879
Gorai.001G022000.1.D	1680	1574.5	9.50785	0.23951
Gorai.001G022100.1.A	1218	1112.5	1	0.0356519
Gorai.001G022100.1.D	1218	1112.5	0	0
Gorai.001G022200.1.A	2835	2729.5	225.289	3.27372
Gorai.001G022200.1.D	2835	2729.5	569.711	8.27857
Gorai.001G022300.1.A	1947	1841.5	11.7692	0.25349
Gorai.001G022300.1.D	1947	1841.5	5.23077	0.112662
Gorai.001G022400.1.A	1963	1857.5	24.3571	0.520093
Gorai.001G022400.1.D	1963	1857.5	6.64286	0.141844
Gorai.001G022500.1.A	1467	1361.5	973.775	28.3677
Gorai.001G022500.1.D	1467	1361.5	249.225	7.26034
Gorai.001G022600.1.A	327	221.63	0	0
Gorai.001G022600.1.D	327	221.63	0	0
Gorai.001G022700.1.A	891	785.505	2	0.100987
Gorai.001G022700.1.D	891	785.505	3	0.151481
Gorai.001G022800.1.A	3416	3310.5	486.03	5.82309
Gorai.001G022800.1.D	3416	3310.5	554.97	6.64906
Gorai.001G022900.1.A	1720	1614.5	53.4545	1.3132
Gorai.001G022900.1.D	1720	1614.5	42.5455	1.0452
Gorai.001G023000.1.A	1149	1043.5	0	0
Gorai.001G023000.1.D	1149	1043.5	43	1.6344
Gorai.001G023100.1.A	2704	2598.5	5	0.0763188
Gorai.001G023100.1.D	2704	2598.5	11	0.167901
Gorai.001G023200.1.A	1607	1501.5	52.4138	1.38453
Gorai.001G023200.1.D	1607	1501.5	23.5862	0.623041
Gorai.001G023300.1.A	2696	2590.5	484.964	7.42522
Gorai.001G023300.1.D	2696	2590.5	484.223	7.41388
Gorai.001G023400.1.A	781	675.505	20.9482	1.23
Gorai.001G023400.1.D	781	675.505	42.2894	2.48306
Gorai.001G023500.1.A	1247	1141.5	1892.74	65.7657
Gorai.001G023500.1.D	1247	1141.5	2072.26	72.003
Gorai.001G023600.1.A	1189	1083.5	2	0.0732123
Gorai.001G023600.1.D	1189	1083.5	24	0.878548
Gorai.001G023700.1.A	1787	1681.5	658.247	15.5266
Gorai.001G023700.1.D	1787	1681.5	1402.41	33.0798
Gorai.001G023800.1.A	1790	1684.5	316.425	7.45047
Gorai.001G023800.1.D	1790	1684.5	357.575	8.41937
Gorai.001G023900.1.A	639	533.505	2.4	0.178426
Gorai.001G023900.1.D	639	533.505	3.6	0.267639
Gorai.001G024000.1.A	3068	2962.5	319.628	4.27927
Gorai.001G024000.1.D	3068	2962.5	349.312	4.6767
Gorai.001G024100.1.A	3012	2906.5	285.422	3.89495
Gorai.001G024100.1.D	3012	2906.5	388.638	5.30345
Gorai.001G024200.1.A	810	704.505	0	0
Gorai.001G024200.1.D	810	704.505	3	0.168897
Gorai.001G024300.1.A	1310	1204.5	5	0.164644
Gorai.001G024300.1.D	1310	1204.5	1	0.0329288
Gorai.001G024400.1.A	1402	1296.5	2556.99	78.2241
Gorai.001G024400.1.D	1402	1296.5	1199.01	36.6803
Gorai.001G024500.1.A	1221	1115.5	93.2562	3.31582
Gorai.001G024500.1.D	1221	1115.5	30.7438	1.09313
Gorai.001G024600.1.A	6236	6130.5	243.241	1.57371
Gorai.001G024600.1.D	6236	6130.5	130.759	0.845983
Gorai.001G024700.1.A	1014	908.505	247.459	10.8034
Gorai.001G024700.1.D	1014	908.505	85.5413	3.73451
Gorai.001G024800.1.A	366	260.583	0	0
Gorai.001G024800.1.D	366	260.583	0	0
Gorai.001G024900.1.A	1842	1736.5	152.11	3.47429
Gorai.001G024900.1.D	1842	1736.5	146.834	3.3538
Gorai.001G025000.1.A	2278	2172.5	26.6417	0.486392
Gorai.001G025000.1.D	2278	2172.5	20.4142	0.372698
Gorai.001G025100.1.A	270	164.849	1.00762	0.242434
Gorai.001G025100.1.D	270	164.849	37.1181	8.93064
Gorai.001G025200.1.A	138	43.222	22.5999	20.739
Gorai.001G025200.1.D	138	43.222	6.45711	5.92541
Gorai.001G025300.1.A	830	724.505	0	0
Gorai.001G025300.1.D	830	724.505	19	1.04015
Gorai.001G025400.1.A	258	152.936	52.0412	13.4965
Gorai.001G025400.1.D	258	152.936	11.9629	3.10248
Gorai.001G025500.1.A	2225	2119.5	2014.34	37.695
Gorai.001G025500.1.D	2225	2119.5	1478.23	27.6626
Gorai.001G025600.1.A	1027	921.505	12.821	0.551837
Gorai.001G025600.1.D	1027	921.505	137.761	5.92944
Gorai.001G025700.1.A	2354	2248.5	0	0
Gorai.001G025700.1.D	2354	2248.5	52.5393	0.926778
Gorai.001G025800.1.A	526	420.551	4.73542	0.446605
Gorai.001G025800.1.D	526	420.551	113.683	10.7216
Gorai.001G025900.1.A	3028	2922.5	311.019	4.22101
Gorai.001G025900.1.D	3028	2922.5	1117.65	15.1683
Gorai.001G026000.1.A	3537	3431.5	5	0.0577923
Gorai.001G026000.1.D	3537	3431.5	5	0.0577923
Gorai.001G026100.1.A	1942	1836.5	740.899	16.0012
Gorai.001G026100.1.D	1942	1836.5	829.101	17.9061
Gorai.001G026200.1.A	2134	2028.5	3095.93	60.534
Gorai.001G026200.1.D	2134	2028.5	2559.07	50.0371
Gorai.001G026300.1.A	2924	2818.5	266.46	3.74971
Gorai.001G026300.1.D	2924	2818.5	171.54	2.41397
Gorai.001G026400.1.A	964	858.505	4.53333	0.20944
Gorai.001G026400.1.D	964	858.505	12.4667	0.57596
Gorai.001G026500.1.A	1740	1634.5	12.8571	0.311992
Gorai.001G026500.1.D	1740	1634.5	2.14286	0.0519986
Gorai.001G026600.1.A	1473	1367.5	1.05	0.0304541
Gorai.001G026600.1.D	1473	1367.5	145.95	4.23312
Gorai.001G026700.1.A	3268	3162.5	7.33333	0.0919719
Gorai.001G026700.1.D	3268	3162.5	3.66667	0.0459859
Gorai.001G026800.1.A	3202	3096.5	8.8	0.112719
Gorai.001G026800.1.D	3202	3096.5	2.2	0.0281797
Gorai.001G026900.1.A	1604	1498.5	249.648	6.60778
Gorai.001G026900.1.D	1604	1498.5	57.3516	1.518
Gorai.001G027000.1.A	2034	1928.5	0	0
Gorai.001G027000.1.D	2034	1928.5	12	0.2468
Gorai.001G027100.1.A	1576	1470.5	0	0
Gorai.001G027100.1.D	1576	1470.5	0	0
Gorai.001G027200.1.A	1880	1774.5	18.5294	0.414161
Gorai.001G027200.1.D	1880	1774.5	2.47059	0.0552215
Gorai.001G027300.1.A	483	377.551	0	0
Gorai.001G027300.1.D	483	377.551	3	0.315159
Gorai.001G027400.1.A	360	254.63	4	0.623068
Gorai.001G027400.1.D	360	254.63	147	22.8977
Gorai.001G027500.1.A	2679	2573.5	148.007	2.28108
Gorai.001G027500.1.D	2679	2573.5	181.993	2.80489
Gorai.001G027600.1.A	4613	4507.5	61.4468	0.54069
Gorai.001G027600.1.D	4613	4507.5	90.5532	0.796806
Gorai.001G027700.1.A	4904	4798.5	150.299	1.24232
Gorai.001G027700.1.D	4904	4798.5	161.701	1.33657
Gorai.001G027800.1.A	990	884.505	1049.09	47.0434
Gorai.001G027800.1.D	990	884.505	1294.91	58.0663
Gorai.001G027900.1.A	2631	2525.5	1420.84	22.3142
Gorai.001G027900.1.D	2631	2525.5	1391.34	21.8509
Gorai.001G028000.1.A	1640	1534.5	120.878	3.12438
Gorai.001G028000.1.D	1640	1534.5	47.122	1.21798
Gorai.001G028100.1.A	1777	1671.5	887.895	21.0688
Gorai.001G028100.1.D	1777	1671.5	1199.1	28.4534
Gorai.001G028200.1.A	3773	3667.5	399.74	4.32307
Gorai.001G028200.1.D	3773	3667.5	135.26	1.46279
Gorai.001G028300.1.A	297	191.687	0	0
Gorai.001G028300.1.D	297	191.687	0	0
Gorai.001G028400.1.A	1834	1728.5	49.5918	1.13795
Gorai.001G028400.1.D	1834	1728.5	4.40816	0.101151
Gorai.001G028500.1.A	285	179.772	0	0
Gorai.001G028500.1.D	285	179.772	0	0
Gorai.001G028600.1.A	1342	1236.5	793.399	25.4496
Gorai.001G028600.1.D	1342	1236.5	479.601	15.384
Gorai.001G028700.1.A	1731	1625.5	24.5077	0.597999
Gorai.001G028700.1.D	1731	1625.5	32.677	0.797331
Gorai.001G028800.1.A	885	779.505	425.816	21.6665
Gorai.001G028800.1.D	885	779.505	488.184	24.8399
Gorai.001G028900.1.A	2216	2110.5	1.17391	0.0220615
Gorai.001G028900.1.D	2216	2110.5	25.8261	0.485352
Gorai.001G029000.1.A	1701	1595.5	6.4	0.159099
Gorai.001G029000.1.D	1701	1595.5	1.6	0.0397747
Gorai.001G029100.1.A	432	326.583	0	0
Gorai.001G029100.1.D	432	326.583	0	0
Gorai.001G029200.1.A	2079	1973.5	27.5556	0.553804
Gorai.001G029200.1.D	2079	1973.5	34.4444	0.692255
Gorai.001G029300.1.A	1033	927.505	124.703	5.33266
Gorai.001G029300.1.D	1033	927.505	198.297	8.47981
Gorai.001G029400.1.A	1893	1787.5	15.75	0.349477
Gorai.001G029400.1.D	1893	1787.5	5.25	0.116492
Gorai.001G029500.1.A	751	645.505	34.5333	2.1219
Gorai.001G029500.1.D	751	645.505	2.46667	0.151564
Gorai.001G029600.1.A	1615	1509.5	192.825	5.06656
Gorai.001G029600.1.D	1615	1509.5	192.974	5.07049
Gorai.001G029700.1.A	1169	1063.5	36.96	1.37841
Gorai.001G029700.1.D	1169	1063.5	40.04	1.49327
Gorai.001G029800.1.A	3219	3113.5	668.12	8.51118
Gorai.001G029800.1.D	3219	3113.5	843.88	10.7502
Gorai.001G029900.1.A	765	659.505	545.719	32.8198
Gorai.001G029900.1.D	765	659.505	213.281	12.8268
Gorai.001G030000.1.A	1405	1299.5	12.3243	0.376158
Gorai.001G030000.1.D	1405	1299.5	25.6757	0.783662
Gorai.001G030100.1.A	2379	2273.5	1	0.0174457
Gorai.001G030100.1.D	2379	2273.5	0	0
Gorai.001G030200.1.A	2353	2247.5	0	0
Gorai.001G030200.1.D	2353	2247.5	0	0
Gorai.001G030300.1.A	1261	1155.5	2	0.0686504
Gorai.001G030300.1.D	1261	1155.5	0	0
Gorai.001G030400.1.A	1307	1201.5	0	0
Gorai.001G030400.1.D	1307	1201.5	0	0
Gorai.001G030500.1.A	1511	1405.5	420.805	11.875
Gorai.001G030500.1.D	1511	1405.5	1.19547	0.0337357
Gorai.001G030600.1.A	2481	2375.5	69.4916	1.16028
Gorai.001G030600.1.D	2481	2375.5	12.3292	0.205855
Gorai.001G030700.1.A	983	877.505	370.09	16.7279
Gorai.001G030700.1.D	983	877.505	707.91	31.9973
Gorai.001G030800.1.A	2305	2199.5	1.66667	0.0300544
Gorai.001G030800.1.D	2305	2199.5	3.33333	0.0601089
Gorai.001G030900.1.A	1386	1280.5	0	0
Gorai.001G030900.1.D	1386	1280.5	0	0
Gorai.001G031000.1.A	1376	1270.5	0	0
Gorai.001G031000.1.D	1376	1270.5	0	0
Gorai.001G031100.1.A	1012	906.505	1217	53.2483
Gorai.001G031100.1.D	1012	906.505	0	0
Gorai.001G031200.1.A	795	689.505	300.38	17.279
Gorai.001G031200.1.D	795	689.505	271.347	15.6089
Gorai.001G031300.1.A	1411	1305.5	118.584	3.60273
Gorai.001G031300.1.D	1411	1305.5	683.416	20.7631
Gorai.001G031400.1.A	4724	4618.5	778.36	6.68442
Gorai.001G031400.1.D	4724	4618.5	497.64	4.27365
Gorai.001G031500.1.A	1746	1640.5	579.153	14.0023
Gorai.001G031500.1.D	1746	1640.5	425.847	10.2958
Gorai.001G031600.1.A	642	536.505	0	0
Gorai.001G031600.1.D	642	536.505	8	0.591427
Gorai.001G031700.1.A	2075	1969.5	0	0
Gorai.001G031700.1.D	2075	1969.5	0	0
Gorai.001G031800.1.A	901	795.505	0	0
Gorai.001G031800.1.D	901	795.505	1	0.0498588
Gorai.001G031900.1.A	422	316.583	0	0
Gorai.001G031900.1.D	422	316.583	0	0
Gorai.001G032000.1.A	1368	1262.5	0	0
Gorai.001G032000.1.D	1368	1262.5	0	0
Gorai.001G032100.1.A	2746	2640.5	4	0.0600839
Gorai.001G032100.1.D	2746	2640.5	4	0.0600839
Gorai.001G032200.1.A	2080	1974.5	345.631	6.94288
Gorai.001G032200.1.D	2080	1974.5	480.369	9.64943
Gorai.001G032300.1.A	2207	2101.5	179	3.37837
Gorai.001G032300.1.D	2207	2101.5	0	0
Gorai.001G032400.1.A	2335	2229.5	885.521	15.7534
Gorai.001G032400.1.D	2335	2229.5	476.479	8.47657
Gorai.001G032500.1.A	387	281.583	0	0
Gorai.001G032500.1.D	387	281.583	0	0
Gorai.001G032600.1.A	1842	1736.5	116.352	2.65757
Gorai.001G032600.1.D	1842	1736.5	75.1726	1.71699
Gorai.001G032700.1.A	1697	1591.5	201.497	5.02164
Gorai.001G032700.1.D	1697	1591.5	63.9781	1.59444
Gorai.001G032800.1.A	1281	1175.5	222.96	7.52293
Gorai.001G032800.1.D	1281	1175.5	447.04	15.0837
Gorai.001G032900.1.A	1519	1413.5	22.5946	0.634004
Gorai.001G032900.1.D	1519	1413.5	15.4054	0.432276
Gorai.001G033000.1.A	2330	2224.5	188.8	3.36631
Gorai.001G033000.1.D	2330	2224.5	165.2	2.94552
Gorai.001G033100.1.A	1049	943.505	3	0.126114
Gorai.001G033100.1.D	1049	943.505	1	0.0420379
Gorai.001G033200.1.A	987	881.505	34.5455	1.55436
Gorai.001G033200.1.D	987	881.505	3.45455	0.155436
Gorai.001G033300.1.A	2676	2570.5	0	0
Gorai.001G033300.1.D	2676	2570.5	5	0.0771501
Gorai.001G033400.1.A	1959	1853.5	2	0.0427978
Gorai.001G033400.1.D	1959	1853.5	0	0
Gorai.001G033500.1.A	1120	1014.5	0	0
Gorai.001G033500.1.D	1120	1014.5	10	0.390959
Gorai.001G033600.1.A	1901	1795.5	3050.83	67.3934
Gorai.001G033600.1.D	1901	1795.5	3220.17	71.1339
Gorai.001G033700.1.A	2117	2011.5	506.786	9.99282
Gorai.001G033700.1.D	2117	2011.5	258.214	5.09148
Gorai.001G033800.1.A	1715	1609.5	2.2	0.0542145
Gorai.001G033800.1.D	1715	1609.5	8.8	0.216858
Gorai.001G033900.1.A	2340	2234.5	999.291	17.7376
Gorai.001G033900.1.D	2340	2234.5	1194.71	21.2063
Gorai.001G034000.1.A	2140	2034.5	1	0.0194951
Gorai.001G034000.1.D	2140	2034.5	4	0.0779805
Gorai.001G034100.1.A	981	875.505	0	0
Gorai.001G034100.1.D	981	875.505	6	0.271818
Gorai.001G034200.1.A	1835	1729.5	136.434	3.12885
Gorai.001G034200.1.D	1835	1729.5	84.5663	1.93937
Gorai.001G034300.1.A	1100	994.505	2	0.0797642
Gorai.001G034300.1.D	1100	994.505	1	0.0398821
Gorai.001G034400.1.A	752	646.505	890.101	54.6075
Gorai.001G034400.1.D	752	646.505	25.8988	1.58889
Gorai.001G034500.1.A	3206	3100.5	309.062	3.95364
Gorai.001G034500.1.D	3206	3100.5	166.938	2.13555
Gorai.001G034600.1.A	3097	2991.5	150.75	1.99872
Gorai.001G034600.1.D	3097	2991.5	251.25	3.3312
Gorai.001G034700.1.A	954	848.505	0	0
Gorai.001G034700.1.D	954	848.505	0	0
Gorai.001G034800.1.A	1472	1366.5	963.578	27.968
Gorai.001G034800.1.D	1472	1366.5	732.571	21.2629
Gorai.001G034900.1.A	1505	1399.5	0	0
Gorai.001G034900.1.D	1505	1399.5	0	0
Gorai.001G035000.1.A	1785	1679.5	1813.16	42.8193
Gorai.001G035000.1.D	1785	1679.5	1209.84	28.5715
Gorai.001G035100.1.A	1098	992.505	1258.37	50.2874
Gorai.001G035100.1.D	1098	992.505	1470.63	58.7702
Gorai.001G035200.1.A	1858	1752.5	103.082	2.33297
Gorai.001G035200.1.D	1858	1752.5	111.918	2.53294
Gorai.001G035300.1.A	6863	6757.5	25.5072	0.149714
Gorai.001G035300.1.D	6863	6757.5	134.493	0.789401
Gorai.001G035400.1.A	431	325.583	0	0
Gorai.001G035400.1.D	431	325.583	0	0
Gorai.001G035500.1.A	1781	1675.5	3205.73	75.8867
Gorai.001G035500.1.D	1781	1675.5	5576.27	132.003
Gorai.001G035600.1.A	1176	1070.5	27.7049	1.02649
Gorai.001G035600.1.D	1176	1070.5	37.2951	1.38181
Gorai.001G035700.1.A	2071	1965.5	54.1216	1.09215
Gorai.001G035700.1.D	2071	1965.5	34.8784	0.703829
Gorai.001G035800.1.A	450	344.583	6.5	0.748177
Gorai.001G035800.1.D	450	344.583	6.5	0.748177
Gorai.001G035900.1.A	4269	4163.5	1526.74	14.5442
Gorai.001G035900.1.D	4269	4163.5	1798.26	17.1308
Gorai.001G036000.1.A	2349	2243.5	290.735	5.13991
Gorai.001G036000.1.D	2349	2243.5	260.265	4.60123
Gorai.001G036100.1.A	1230	1124.5	227.752	8.03313
Gorai.001G036100.1.D	1230	1124.5	184.248	6.49871
Gorai.001G036200.1.A	2192	2086.5	77.5803	1.47475
Gorai.001G036200.1.D	2192	2086.5	139.42	2.65027
Gorai.001G036300.1.A	1355	1249.5	343.701	10.9101
Gorai.001G036300.1.D	1355	1249.5	336.299	10.6751
Gorai.001G036400.1.A	2105	1999.5	50.2273	0.996327
Gorai.001G036400.1.D	2105	1999.5	14.7727	0.293037
Gorai.001G036500.1.A	1026	920.505	0	0
Gorai.001G036500.1.D	1026	920.505	0	0
Gorai.001G036600.1.A	1277	1171.5	2	0.0677128
Gorai.001G036600.1.D	1277	1171.5	2	0.0677128
Gorai.001G036700.1.A	982	876.505	0	0
Gorai.001G036700.1.D	982	876.505	0	0
Gorai.001G036800.1.A	1752	1646.5	10.2657	0.247293
Gorai.001G036800.1.D	1752	1646.5	10.2657	0.247293
Gorai.001G036900.1.A	4834	4728.5	413.987	3.47254
Gorai.001G036900.1.D	4834	4728.5	660.013	5.53622
Gorai.001G037000.1.A	1395	1289.5	231.822	7.13044
Gorai.001G037000.1.D	1395	1289.5	507.178	15.5999
Gorai.001G037100.1.A	1274	1168.5	1881.79	63.8742
Gorai.001G037100.1.D	1274	1168.5	1633.21	55.4366
Gorai.001G037200.1.A	3581	3475.5	195.361	2.22949
Gorai.001G037200.1.D	3581	3475.5	135.639	1.54793
Gorai.001G037300.1.A	1066	960.505	0	0
Gorai.001G037300.1.D	1066	960.505	0	0
Gorai.001G037400.1.A	2040	1934.5	0	0
Gorai.001G037400.1.D	2040	1934.5	1	0.0205029
Gorai.001G037500.1.A	2525	2419.5	207.355	3.39917
Gorai.001G037500.1.D	2525	2419.5	147.645	2.42035
Gorai.001G037600.1.A	2247	2141.5	2244.1	41.5632
Gorai.001G037600.1.D	2247	2141.5	2759.9	51.1162
Gorai.001G037700.1.A	1612	1506.5	5	0.131639
Gorai.001G037700.1.D	1612	1506.5	0	0
Gorai.001G037800.1.A	998	892.505	6	0.26664
Gorai.001G037800.1.D	998	892.505	3	0.13332
Gorai.001G037900.1.A	4100	3994.5	552.026	5.48127
Gorai.001G037900.1.D	4100	3994.5	436.974	4.33888
Gorai.001G038000.1.A	1792	1686.5	105.013	2.46969
Gorai.001G038000.1.D	1792	1686.5	73.9867	1.74001
Gorai.001G038100.1.A	2029	1923.5	5.25	0.108256
Gorai.001G038100.1.D	2029	1923.5	99.75	2.05686
Gorai.001G038200.1.A	2856	2750.5	54.8507	0.790961
Gorai.001G038200.1.D	2856	2750.5	20.1493	0.290557
Gorai.001G038300.1.A	1027	921.505	50.1791	2.15978
Gorai.001G038300.1.D	1027	921.505	31.8209	1.36962
Gorai.001G038400.1.A	1787	1681.5	464.057	10.9461
Gorai.001G038400.1.D	1787	1681.5	1188.94	28.0445
Gorai.001G038500.1.A	1135	1029.5	6	0.231157
Gorai.001G038500.1.D	1135	1029.5	16	0.61642
Gorai.001G038600.1.A	1259	1153.5	440.656	15.1518
Gorai.001G038600.1.D	1259	1153.5	515.344	17.72
Gorai.001G038700.1.A	2431	2325.5	126.554	2.15846
Gorai.001G038700.1.D	2431	2325.5	52.4459	0.894497
Gorai.001G038800.1.A	1132	1026.5	75.3472	2.91133
Gorai.001G038800.1.D	1132	1026.5	79.6528	3.07769
Gorai.001G038900.1.A	662	556.505	131	9.33657
Gorai.001G038900.1.D	662	556.505	0	0
Gorai.001G039000.1.A	675	569.505	1	0.0696446
Gorai.001G039000.1.D	675	569.505	0	0
Gorai.001G039100.1.A	1952	1846.5	123.914	2.66167
Gorai.001G039100.1.D	1952	1846.5	113.086	2.42909
Gorai.001G039200.1.A	1288	1182.5	0	0
Gorai.001G039200.1.D	1288	1182.5	0	0
Gorai.001G039300.1.A	2494	2388.5	26.3617	0.437756
Gorai.001G039300.1.D	2494	2388.5	32.6383	0.541984
Gorai.001G039400.1.A	1733	1627.5	144.242	3.51524
Gorai.001G039400.1.D	1733	1627.5	94.7577	2.30928
Gorai.001G039500.1.A	1090	984.505	0	0
Gorai.001G039500.1.D	1090	984.505	0	0
Gorai.001G039600.1.A	505	399.551	0	0
Gorai.001G039600.1.D	505	399.551	0	0
Gorai.001G039700.1.A	456	350.551	1	0.113144
Gorai.001G039700.1.D	456	350.551	0	0
Gorai.001G039800.1.A	850	744.505	56.3738	3.00327
Gorai.001G039800.1.D	850	744.505	59.6262	3.17654
Gorai.001G039900.1.A	3455	3349.5	0	0
Gorai.001G039900.1.D	3455	3349.5	0	0
Gorai.001G040000.1.A	1398	1292.5	0	0
Gorai.001G040000.1.D	1398	1292.5	0	0
Gorai.001G040100.1.A	252	147.005	0	0
Gorai.001G040100.1.D	252	147.005	0	0
Gorai.001G040200.1.A	2728	2622.5	161.008	2.43509
Gorai.001G040200.1.D	2728	2622.5	118.33	1.78964
Gorai.001G040300.1.A	1925	1819.5	1.86162	0.040581
Gorai.001G040300.1.D	1925	1819.5	5.80033	0.12644
Gorai.001G040400.1.A	2061	1955.5	406.01	8.23498
Gorai.001G040400.1.D	2061	1955.5	687.99	13.9543
Gorai.001G040500.1.A	3093	2987.5	115.094	1.52801
Gorai.001G040500.1.D	3093	2987.5	120.906	1.60519
Gorai.001G040600.1.A	2452	2346.5	18.525	0.313128
Gorai.001G040600.1.D	2452	2346.5	38.475	0.650342
Gorai.001G040700.1.A	2006	1900.5	98.5939	2.05762
Gorai.001G040700.1.D	2006	1900.5	67.4061	1.40674
Gorai.001G040800.1.A	996	890.505	0	0
Gorai.001G040800.1.D	996	890.505	0	0
Gorai.001G040900.1.A	1925	1819.5	57.2444	1.24786
Gorai.001G040900.1.D	1925	1819.5	54.7556	1.1936
Gorai.001G041000.1.A	366	260.583	0	0
Gorai.001G041000.1.D	366	260.583	0	0
Gorai.001G041100.1.A	2714	2608.5	98.2404	1.49377
Gorai.001G041100.1.D	2714	2608.5	103.76	1.57769
Gorai.001G041200.1.A	1874	1768.5	12.1458	0.272399
Gorai.001G041200.1.D	1874	1768.5	40.8542	0.916252
Gorai.001G041300.1.A	2476	2370.5	48.3916	0.809681
Gorai.001G041300.1.D	2476	2370.5	124.608	2.08493
Gorai.001G041400.1.A	1557	1451.5	328.453	8.9751
Gorai.001G041400.1.D	1557	1451.5	183.547	5.0155
Gorai.001G041500.1.A	1908	1802.5	187.139	4.11788
Gorai.001G041500.1.D	1908	1802.5	428.861	9.4368
Gorai.001G041600.1.A	1583	1477.5	282.779	7.59106
Gorai.001G041600.1.D	1583	1477.5	366.221	9.83105
Gorai.001G041700.1.A	1746	1640.5	138.646	3.35208
Gorai.001G041700.1.D	1746	1640.5	272.083	6.57823
Gorai.001G041800.1.A	730	624.505	0	0
Gorai.001G041800.1.D	730	624.505	0	0
Gorai.001G041900.1.A	2137	2031.5	9.6	0.18743
Gorai.001G041900.1.D	2137	2031.5	2.4	0.0468574
Gorai.001G042000.1.A	5628	5522.5	406.231	2.91757
Gorai.001G042000.1.D	5628	5522.5	402.769	2.89271
Gorai.001G042100.1.A	1412	1306.5	30.6486	0.930433
Gorai.001G042100.1.D	1412	1306.5	11.3514	0.344605
Gorai.001G042200.1.A	797	691.505	1	0.0573574
Gorai.001G042200.1.D	797	691.505	0	0
Gorai.001G042300.1.A	1165	1059.5	16.8421	0.63049
Gorai.001G042300.1.D	1165	1059.5	163.158	6.10787
Gorai.001G042400.1.A	609	503.551	0	0
Gorai.001G042400.1.D	609	503.551	2	0.157533
Gorai.001G042500.1.A	856	750.505	0	0
Gorai.001G042500.1.D	856	750.505	0	0
Gorai.001G042600.1.A	2724	2618.5	3.5	0.0530151
Gorai.001G042600.1.D	2724	2618.5	3.5	0.0530151
Gorai.001G042700.1.A	1283	1177.5	8	0.269471
Gorai.001G042700.1.D	1283	1177.5	0	0
Gorai.001G042800.1.A	542	436.551	3	0.272565
Gorai.001G042800.1.D	542	436.551	0	0
Gorai.001G042900.1.A	834	728.505	0	0
Gorai.001G042900.1.D	834	728.505	0	0
Gorai.001G043000.1.A	963	857.505	11.5	0.53192
Gorai.001G043000.1.D	963	857.505	11.5	0.53192
Gorai.001G043100.1.A	1678	1572.5	715.569	18.0486
Gorai.001G043100.1.D	1678	1572.5	240.431	6.06434
Gorai.001G043200.1.A	670	564.505	0	0
Gorai.001G043200.1.D	670	564.505	0	0
Gorai.001G043300.1.A	1028	922.505	22.2215	0.955409
Gorai.001G043300.1.D	1028	922.505	278.779	11.986
Gorai.001G043400.1.A	4668	4562.5	422.438	3.67236
Gorai.001G043400.1.D	4668	4562.5	484.562	4.21241
Gorai.001G043500.1.A	2047	1941.5	33.6462	0.687356
Gorai.001G043500.1.D	2047	1941.5	47.3538	0.96739
Gorai.001G043600.1.A	2555	2449.5	2074.08	33.5839
Gorai.001G043600.1.D	2555	2449.5	2067.92	33.4843
Gorai.001G043700.1.A	2158	2052.5	124.176	2.39959
Gorai.001G043700.1.D	2158	2052.5	175.824	3.39766
Gorai.001G043800.1.A	1834	1728.5	1	0.0229464
Gorai.001G043800.1.D	1834	1728.5	3	0.0688392
Gorai.001G043900.1.A	1317	1211.5	1162.6	38.0619
Gorai.001G043900.1.D	1317	1211.5	125.399	4.1054
Gorai.001G044000.1.A	1092	986.505	0	0
Gorai.001G044000.1.D	1092	986.505	0	0
Gorai.001G044100.1.A	669	563.505	116.81	8.22178
Gorai.001G044100.1.D	669	563.505	0	0
Gorai.001G044200.1.A	2065	1959.5	16.0896	0.325674
Gorai.001G044200.1.D	2065	1959.5	60.9104	1.23291
Gorai.001G044300.1.A	792	686.505	557.418	32.205
Gorai.001G044300.1.D	792	686.505	367.582	21.2371
Gorai.001G044400.1.A	258	152.936	0	0
Gorai.001G044400.1.D	258	152.936	0	0
Gorai.001G044500.1.A	541	435.551	2	0.182128
Gorai.001G044500.1.D	541	435.551	2	0.182128
Gorai.001G044600.1.A	556	450.551	0	0
Gorai.001G044600.1.D	556	450.551	0	0
Gorai.001G044700.1.A	3952	3846.5	11.8928	0.122631
Gorai.001G044700.1.D	3952	3846.5	7974.11	82.2244
Gorai.001G044800.1.A	1415	1309.5	162.197	4.91269
Gorai.001G044800.1.D	1415	1309.5	81.8035	2.4777
Gorai.001G044900.1.A	3042	2936.5	431.237	5.82466
Gorai.001G044900.1.D	3042	2936.5	488.14	6.59324
Gorai.001G045000.1.A	2942	2836.5	344.339	4.81491
Gorai.001G045000.1.D	2942	2836.5	343.14	4.79813
Gorai.001G045100.1.A	228	123.486	0	0
Gorai.001G045100.1.D	228	123.486	0	0
Gorai.001G045200.1.A	1602	1496.5	243.336	6.4493
Gorai.001G045200.1.D	1602	1496.5	3818.66	101.209
Gorai.001G045300.1.A	2305	2199.5	143.062	2.57978
Gorai.001G045300.1.D	2305	2199.5	57.1323	1.03025
Gorai.001G045400.1.A	1477	1371.5	6.5	0.187975
Gorai.001G045400.1.D	1477	1371.5	6.5	0.187975
Gorai.001G045500.1.A	1082	976.505	0	0
Gorai.001G045500.1.D	1082	976.505	0	0
Gorai.001G045600.1.A	6107	6001.5	458.841	3.0324
Gorai.001G045600.1.D	6107	6001.5	504.159	3.3319
Gorai.001G045700.1.A	2433	2327.5	359.563	6.1273
Gorai.001G045700.1.D	2433	2327.5	274.437	4.67667
Gorai.001G045800.1.A	4390	4284.5	256.767	2.37697
Gorai.001G045800.1.D	4390	4284.5	251.233	2.32574
Gorai.001G045900.1.A	348	242.63	0	0
Gorai.001G045900.1.D	348	242.63	0	0
Gorai.001G046000.1.A	1842	1736.5	0	0
Gorai.001G046000.1.D	1842	1736.5	0	0
Gorai.001G046100.1.A	1311	1205.5	51.52	1.69509
Gorai.001G046100.1.D	1311	1205.5	88.48	2.91113
Gorai.001G046200.1.A	823	717.505	2984.38	164.973
Gorai.001G046200.1.D	823	717.505	1453.62	80.3547
Gorai.001G046300.1.A	3287	3181.5	314.128	3.91615
Gorai.001G046300.1.D	3287	3181.5	296.893	3.70129
Gorai.001G046400.1.A	1785	1679.5	44.2391	1.04474
Gorai.001G046400.1.D	1785	1679.5	120.761	2.85187
Gorai.001G046500.1.A	3304	3198.5	28.6875	0.355738
Gorai.001G046500.1.D	3304	3198.5	39.3125	0.487493
Gorai.001G046600.1.A	1287	1181.5	196.757	6.60509
Gorai.001G046600.1.D	1287	1181.5	242.243	8.13208
Gorai.001G046700.1.A	2535	2429.5	52	0.848927
Gorai.001G046700.1.D	2535	2429.5	13	0.212232
Gorai.001G046800.1.A	1348	1242.5	0	0
Gorai.001G046800.1.D	1348	1242.5	0	0
Gorai.001G046900.1.A	2237	2131.5	39.9487	0.743364
Gorai.001G046900.1.D	2237	2131.5	83.0513	1.54541
Gorai.001G047000.1.A	2628	2522.5	658.286	10.3506
Gorai.001G047000.1.D	2628	2522.5	412.714	6.48937
Gorai.001G047100.1.A	2040	1934.5	0	0
Gorai.001G047100.1.D	2040	1934.5	210	4.30561
Gorai.001G047200.1.A	1938	1832.5	2307.39	49.9413
Gorai.001G047200.1.D	1938	1832.5	1391.61	30.1203
Gorai.001G047300.1.A	1047	941.505	0	0
Gorai.001G047300.1.D	1047	941.505	0	0
Gorai.001G047400.1.A	2717	2611.5	1	0.0151878
Gorai.001G047400.1.D	2717	2611.5	0	0
Gorai.001G047500.1.A	1906	1800.5	4.32787	0.0953377
Gorai.001G047500.1.D	1906	1800.5	127.672	2.81246
Gorai.001G047600.1.A	663	557.505	0	0
Gorai.001G047600.1.D	663	557.505	4	0.284575
Gorai.001G047700.1.A	952	846.505	6672.06	312.619
Gorai.001G047700.1.D	952	846.505	2904.94	136.111
Gorai.001G047800.1.A	3330	3224.5	269.884	3.3197
Gorai.001G047800.1.D	3330	3224.5	29.1161	0.358142
Gorai.001G047900.1.A	3384	3278.5	256.298	3.10066
Gorai.001G047900.1.D	3384	3278.5	287.702	3.48058
Gorai.001G048000.1.A	1375	1269.5	203.081	6.34483
Gorai.001G048000.1.D	1375	1269.5	85.9189	2.68435
Gorai.001G048100.1.A	1446	1340.5	0	0
Gorai.001G048100.1.D	1446	1340.5	0	0
Gorai.001G048200.1.A	1845	1739.5	1	0.0228013
Gorai.001G048200.1.D	1845	1739.5	0	0
Gorai.001G048300.1.A	2572	2466.5	189.403	3.04572
Gorai.001G048300.1.D	2572	2466.5	48.5969	0.781468
Gorai.001G048400.1.A	363	257.583	0	0
Gorai.001G048400.1.D	363	257.583	0	0
Gorai.001G048500.1.A	1885	1779.5	40.3093	0.898444
Gorai.001G048500.1.D	1885	1779.5	74.6907	1.66476
Gorai.001G048600.1.A	2213	2107.5	16.25	0.305823
Gorai.001G048600.1.D	2213	2107.5	9.75	0.183494
Gorai.001G048700.1.A	687	581.505	0	0
Gorai.001G048700.1.D	687	581.505	0	0
Gorai.001G048800.1.A	1097	991.505	1.85714	0.0742909
Gorai.001G048800.1.D	1097	991.505	11.1429	0.445745
Gorai.001G048900.1.A	939	833.505	35.28	1.67883
Gorai.001G048900.1.D	939	833.505	27.72	1.31908
Gorai.001G049000.1.A	774	668.505	0	0
Gorai.001G049000.1.D	774	668.505	0	0
Gorai.001G049100.1.A	4010	3904.5	12.8333	0.130364
Gorai.001G049100.1.D	4010	3904.5	9.16667	0.0931173
Gorai.001G049200.1.A	618	512.505	0.5	0.0386952
Gorai.001G049200.1.D	618	512.505	0.5	0.0386952
Gorai.001G049300.1.A	1107	1001.5	0	0
Gorai.001G049300.1.D	1107	1001.5	0	0
Gorai.001G049400.1.A	1126	1020.5	0	0
Gorai.001G049400.1.D	1126	1020.5	0	0
Gorai.001G049500.1.A	3491	3385.5	20.4348	0.239404
Gorai.001G049500.1.D	3491	3385.5	26.5652	0.311225
Gorai.001G049600.1.A	1053	947.505	2958.1	123.827
Gorai.001G049600.1.D	1053	947.505	3406.9	142.614
Gorai.001G049700.1.A	1238	1132.5	16.0588	0.562417
Gorai.001G049700.1.D	1238	1132.5	22.9412	0.803453
Gorai.001G049800.1.A	531	425.551	2	0.186407
Gorai.001G049800.1.D	531	425.551	0	0
Gorai.001G049900.1.A	2127	2021.5	7	0.137344
Gorai.001G049900.1.D	2127	2021.5	0	0
Gorai.001G050000.1.A	1881	1775.5	9.66454	0.215896
Gorai.001G050000.1.D	1881	1775.5	42.8308	0.956796
Gorai.001G050100.1.A	1495	1389.5	1234.66	35.243
Gorai.001G050100.1.D	1495	1389.5	1501.84	42.8696
Gorai.001G050200.1.A	1798	1692.5	0	0
Gorai.001G050200.1.D	1798	1692.5	0	0
Gorai.001G050300.1.A	2724	2618.5	10.7143	0.162291
Gorai.001G050300.1.D	2724	2618.5	4.28571	0.0649165
Gorai.001G050400.1.A	1294	1188.5	575.313	19.1994
Gorai.001G050400.1.D	1294	1188.5	508.687	16.976
Gorai.001G050500.1.A	2028	1922.5	0	0
Gorai.001G050500.1.D	2028	1922.5	0	0
Gorai.001G050600.1.A	1251	1145.5	0	0
Gorai.001G050600.1.D	1251	1145.5	0	0
Gorai.001G050700.1.A	960	854.505	1	0.0464163
Gorai.001G050700.1.D	960	854.505	0	0
Gorai.001G050800.1.A	1679	1573.5	307.607	7.75378
Gorai.001G050800.1.D	1679	1573.5	330.393	8.32813
Gorai.001G050900.1.A	7137	7031.5	179.024	1.00983
Gorai.001G050900.1.D	7137	7031.5	172.976	0.975714
Gorai.001G051000.1.A	2338	2232.5	368.061	6.53901
Gorai.001G051000.1.D	2338	2232.5	133.939	2.37958
Gorai.001G051100.1.A	1172	1066.5	0	0
Gorai.001G051100.1.D	1172	1066.5	43	1.59916
Gorai.001G051200.1.A	1368	1262.5	186.416	5.85645
Gorai.001G051200.1.D	1368	1262.5	1665.58	52.3261
Gorai.001G051300.1.A	1046	940.505	27	1.13864
Gorai.001G051300.1.D	1046	940.505	0	0
Gorai.001G051400.1.A	831	725.505	63.8706	3.49177
Gorai.001G051400.1.D	831	725.505	25.1294	1.37381
Gorai.001G051500.1.A	2329	2223.5	144.68	2.5808
Gorai.001G051500.1.D	2329	2223.5	182.32	3.25223
Gorai.001G051600.1.A	2012	1906.5	22.1143	0.460066
Gorai.001G051600.1.D	2012	1906.5	20.8857	0.434507
Gorai.001G051700.1.A	1157	1051.5	0	0
Gorai.001G051700.1.D	1157	1051.5	0	0
Gorai.001G051800.1.A	1218	1112.5	333.523	11.8908
Gorai.001G051800.1.D	1218	1112.5	174.477	6.22043
Gorai.001G051900.1.A	894	788.505	21.7805	1.09559
Gorai.001G051900.1.D	894	788.505	25.2195	1.26858
Gorai.001G052000.1.A	3584	3478.5	51.6957	0.589449
Gorai.001G052000.1.D	3584	3478.5	30.3043	0.345539
Gorai.001G052100.1.A	2555	2449.5	25.5827	0.414241
Gorai.001G052100.1.D	2555	2449.5	41.8934	0.678347
Gorai.001G052200.1.A	2934	2828.5	311.391	4.36651
Gorai.001G052200.1.D	2934	2828.5	283.609	3.97693
Gorai.001G052300.1.A	1080	974.505	14.5	0.590159
Gorai.001G052300.1.D	1080	974.505	43.5	1.77048
Gorai.001G052400.1.A	1315	1209.5	78.0479	2.5594
Gorai.001G052400.1.D	1315	1209.5	122.952	4.03193
Gorai.001G052500.1.A	1108	1002.5	273	10.8009
Gorai.001G052500.1.D	1108	1002.5	206	8.15015
Gorai.001G052600.1.A	1122	1016.5	30.1538	1.17657
Gorai.001G052600.1.D	1122	1016.5	67.8462	2.64729
Gorai.001G052700.1.A	1798	1692.5	21.9766	0.515009
Gorai.001G052700.1.D	1798	1692.5	49.7529	1.16593
Gorai.001G052800.1.A	1925	1819.5	2.16811	0.0472621
Gorai.001G052800.1.D	1925	1819.5	6.10241	0.133025
Gorai.001G052900.1.A	2837	2731.5	40.1143	0.582481
Gorai.001G052900.1.D	2837	2731.5	31.8857	0.462998
Gorai.001G053000.1.A	3284	3178.5	32.5806	0.406557
Gorai.001G053000.1.D	3284	3178.5	270.419	3.37443
Gorai.001G053100.1.A	4361	4255.5	85.4556	0.796479
Gorai.001G053100.1.D	4361	4255.5	88.5444	0.825268
Gorai.001G053200.1.A	823	717.505	18	0.995022
Gorai.001G053200.1.D	823	717.505	0	0
Gorai.001G053300.1.A	2986	2880.5	212.259	2.92269
Gorai.001G053300.1.D	2986	2880.5	44.7409	0.616057
Gorai.001G053400.1.A	2090	1984.5	3503.8	70.0281
Gorai.001G053400.1.D	2090	1984.5	4247.2	84.8858
Gorai.001G053500.1.A	1793	1687.5	14	0.329055
Gorai.001G053500.1.D	1793	1687.5	8	0.188031
Gorai.001G053600.1.A	1494	1388.5	1	0.0285652
Gorai.001G053600.1.D	1494	1388.5	0	0
Gorai.001G053700.1.A	983	877.505	374.813	16.9414
Gorai.001G053700.1.D	983	877.505	796.187	35.9874
Gorai.001G053800.1.A	1034	928.505	4161.23	177.755
Gorai.001G053800.1.D	1034	928.505	1824.77	77.9489
Gorai.001G053900.1.A	1925	1819.5	0	0
Gorai.001G053900.1.D	1925	1819.5	0	0
Gorai.001G054000.1.A	1411	1305.5	4	0.121525
Gorai.001G054000.1.D	1411	1305.5	2	0.0607626
Gorai.001G054100.1.A	2367	2261.5	19.4524	0.341162
Gorai.001G054100.1.D	2367	2261.5	23.5476	0.412985
Gorai.001G054200.1.A	4111	4005.5	55.2206	0.5468
Gorai.001G054200.1.D	4111	4005.5	198.794	1.96848
Gorai.001G054300.1.A	872	766.505	32.1071	1.66139
Gorai.001G054300.1.D	872	766.505	60.8929	3.15091
Gorai.001G054400.1.A	1485	1379.5	36.7073	1.05539
Gorai.001G054400.1.D	1485	1379.5	49.2927	1.41724
Gorai.001G054500.1.A	2216	2110.5	337.773	6.3478
Gorai.001G054500.1.D	2216	2110.5	772.227	14.5125
Gorai.001G054600.1.A	3342	3236.5	1021.55	12.519
Gorai.001G054600.1.D	3342	3236.5	949.445	11.6353
Gorai.001G054700.1.A	3240	3134.5	609.224	7.70892
Gorai.001G054700.1.D	3240	3134.5	950.776	12.0308
Gorai.001G054800.1.A	1134	1028.5	1	0.0385637
Gorai.001G054800.1.D	1134	1028.5	0	0
Gorai.001G054900.1.A	1420	1314.5	7	0.211213
Gorai.001G054900.1.D	1420	1314.5	10	0.301733
Gorai.001G055000.1.A	1054	948.505	4.17391	0.174538
Gorai.001G055000.1.D	1054	948.505	19.8261	0.829053
Gorai.001G055100.1.A	1159	1053.5	180.182	6.7836
Gorai.001G055100.1.D	1159	1053.5	234.818	8.84056
Gorai.001G055200.1.A	2191	2085.5	17.6182	0.335069
Gorai.001G055200.1.D	2191	2085.5	96.3818	1.83303
Gorai.001G055300.1.A	2374	2268.5	135.448	2.36819
Gorai.001G055300.1.D	2374	2268.5	89.5522	1.56575
Gorai.001G055400.1.A	791	685.505	2	0.115719
Gorai.001G055400.1.D	791	685.505	5	0.289297
Gorai.001G055500.1.A	1186	1080.5	0	0
Gorai.001G055500.1.D	1186	1080.5	1	0.0367078
Gorai.001G055600.1.A	1274	1168.5	5	0.169717
Gorai.001G055600.1.D	1274	1168.5	0	0
Gorai.001G055700.1.A	1028	922.505	3.78947	0.162928
Gorai.001G055700.1.D	1028	922.505	20.2105	0.868948
Gorai.001G055800.1.A	1935	1829.5	303.433	6.57831
Gorai.001G055800.1.D	1935	1829.5	150.567	3.26424
Gorai.001G055900.1.A	2591	2485.5	0	0
Gorai.001G055900.1.D	2591	2485.5	7	0.111704
Gorai.001G056000.1.A	267	161.849	0	0
Gorai.001G056000.1.D	267	161.849	0	0
Gorai.001G056100.1.A	947	841.505	127.068	5.98913
Gorai.001G056100.1.D	947	841.505	229.932	10.8375
Gorai.001G056200.1.A	2305	2199.5	600.834	10.8346
Gorai.001G056200.1.D	2305	2199.5	164.566	2.96756
Gorai.001G056300.1.A	1298	1192.5	1133.31	37.6941
Gorai.001G056300.1.D	1298	1192.5	1274.69	42.3965
Gorai.001G056400.1.A	780	674.505	0	0
Gorai.001G056400.1.D	780	674.505	0	0
Gorai.001G056500.1.A	1675	1569.5	2.13333	0.0539115
Gorai.001G056500.1.D	1675	1569.5	13.8667	0.350424
Gorai.001G056600.1.A	285	179.772	0	0
Gorai.001G056600.1.D	285	179.772	0	0
Gorai.001G056700.1.A	2083	1977.5	3.11642	0.0625063
Gorai.001G056700.1.D	2083	1977.5	23.6516	0.474382
Gorai.001G056800.1.A	1528	1422.5	1	0.0278825
Gorai.001G056800.1.D	1528	1422.5	2.23194	0.0622321
Gorai.001G056900.1.A	3740	3634.5	7	0.0763902
Gorai.001G056900.1.D	3740	3634.5	7	0.0763902
Gorai.001G057000.1.A	958	852.505	77	3.58244
Gorai.001G057000.1.D	958	852.505	2	0.0930504
Gorai.001G057100.1.A	1481	1375.5	221.649	6.39128
Gorai.001G057100.1.D	1481	1375.5	213.351	6.15203
Gorai.001G057200.1.A	4544	4438.5	29.8474	0.266719
Gorai.001G057200.1.D	4544	4438.5	8.8446	0.0790362
Gorai.001G057300.1.A	560	454.551	30.9955	2.70459
Gorai.001G057300.1.D	560	454.551	30.9955	2.70459
Gorai.001G057400.1.A	4630	4524.5	13.6135	0.119339
Gorai.001G057400.1.D	4630	4524.5	8.09535	0.0709659
Gorai.001G057500.1.A	1068	962.505	0	0
Gorai.001G057500.1.D	1068	962.505	9	0.370872
Gorai.001G057600.1.A	769	663.505	0	0
Gorai.001G057600.1.D	769	663.505	1	0.0597779
Gorai.001G057700.1.A	1118	1012.5	0	0
Gorai.001G057700.1.D	1118	1012.5	0	0
Gorai.001G057800.1.A	1446	1340.5	1405.31	41.5805
Gorai.001G057800.1.D	1446	1340.5	1396.69	41.3252
Gorai.001G057900.1.A	663	557.505	27.84	1.98064
Gorai.001G057900.1.D	663	557.505	1.16	0.0825267
Gorai.001G058000.1.A	421	315.583	0	0
Gorai.001G058000.1.D	421	315.583	0	0
Gorai.001G058100.1.A	2378	2272.5	204.965	3.57734
Gorai.001G058100.1.D	2378	2272.5	126.035	2.19973
Gorai.001G058200.1.A	2711	2605.5	91.42	1.39166
Gorai.001G058200.1.D	2711	2605.5	191.45	2.91439
Gorai.001G058300.1.A	1372	1266.5	83.3448	2.6101
Gorai.001G058300.1.D	1372	1266.5	70.7856	2.21678
Gorai.001G058400.1.A	3023	2917.5	68.9706	0.937642
Gorai.001G058400.1.D	3023	2917.5	36.0294	0.489813
Gorai.001G058500.1.A	1259	1153.5	89.8462	3.08934
Gorai.001G058500.1.D	1259	1153.5	22.1538	0.761754
Gorai.001G058600.1.A	1640	1534.5	7.5	0.193855
Gorai.001G058600.1.D	1640	1534.5	28.5	0.736651
Gorai.001G058700.1.A	615	509.505	97.4032	7.58246
Gorai.001G058700.1.D	615	509.505	1.59677	0.124303
Gorai.001G058800.1.A	1536	1430.5	17.5484	0.486556
Gorai.001G058800.1.D	1536	1430.5	14.4516	0.400693
Gorai.001G058900.1.A	535	429.551	0	0
Gorai.001G058900.1.D	535	429.551	2	0.184671
Gorai.001G059000.1.A	351	245.63	0	0
Gorai.001G059000.1.D	351	245.63	0	0
Gorai.001G059100.1.A	1377	1271.5	9	0.280743
Gorai.001G059100.1.D	1377	1271.5	5	0.155969
Gorai.001G059200.1.A	1842	1736.5	410.186	9.36892
Gorai.001G059200.1.D	1842	1736.5	177.814	4.0614
Gorai.001G059300.1.A	1773	1667.5	143.649	3.4168
Gorai.001G059300.1.D	1773	1667.5	626.351	14.8983
Gorai.001G059400.1.A	4297	4191.5	1144.98	10.8346
Gorai.001G059400.1.D	4297	4191.5	1224.02	11.5826
Gorai.001G059500.1.A	426	320.583	0	0
Gorai.001G059500.1.D	426	320.583	1	0.123721
Gorai.001G059600.1.A	3409	3303.5	35.619	0.427654
Gorai.001G059600.1.D	3409	3303.5	32.381	0.388776
Gorai.001G059700.1.A	1536	1430.5	93.2692	2.58603
Gorai.001G059700.1.D	1536	1430.5	100.731	2.79292
Gorai.001G059800.1.A	409	303.583	0	0
Gorai.001G059800.1.D	409	303.583	0	0
Gorai.001G059900.1.A	1768	1662.5	397.009	9.47159
Gorai.001G059900.1.D	1768	1662.5	423.991	10.1153
Gorai.001G060000.1.A	1316	1210.5	23.4894	0.769644
Gorai.001G060000.1.D	1316	1210.5	24.5106	0.803106
Gorai.001G060100.1.A	2926	2820.5	27.2676	0.383447
Gorai.001G060100.1.D	2926	2820.5	148.732	2.09153
Gorai.001G060200.1.A	2270	2164.5	113.294	2.07603
Gorai.001G060200.1.D	2270	2164.5	12.7059	0.232826
Gorai.001G060300.1.A	1324	1218.5	76.3053	2.48378
Gorai.001G060300.1.D	1324	1218.5	70.6947	2.30115
Gorai.001G060400.1.A	1695	1589.5	0	0
Gorai.001G060400.1.D	1695	1589.5	4	0.0998121
Gorai.001G060500.1.A	932	826.505	34.4635	1.65386
Gorai.001G060500.1.D	932	826.505	768.536	36.8811
Gorai.001G060600.1.A	2259	2153.5	0	0
Gorai.001G060600.1.D	2259	2153.5	0	0
Gorai.001G060700.1.A	1966	1860.5	69.8507	1.4891
Gorai.001G060700.1.D	1966	1860.5	8.14925	0.173729
Gorai.001G060800.1.A	4099	3993.5	687.774	6.83088
Gorai.001G060800.1.D	4099	3993.5	802.226	7.9676
Gorai.001G060900.1.A	2146	2040.5	74.8718	1.45534
Gorai.001G060900.1.D	2146	2040.5	5.12821	0.0996811
Gorai.001G061000.1.A	840	734.505	0	0
Gorai.001G061000.1.D	840	734.505	0	0
Gorai.001G061100.1.A	2479	2373.5	119.318	1.99389
Gorai.001G061100.1.D	2479	2373.5	28.6822	0.479299
Gorai.001G061200.1.A	1970	1864.5	14.7015	0.31274
Gorai.001G061200.1.D	1970	1864.5	168.334	3.5809
Gorai.001G061300.1.A	650	544.505	93.6978	6.82516
Gorai.001G061300.1.D	650	544.505	54.3022	3.95549
Gorai.001G061400.1.A	3191	3085.5	97.0735	1.24784
Gorai.001G061400.1.D	3191	3085.5	189.926	2.44143
Gorai.001G061500.1.A	1549	1443.5	166.625	4.57834
Gorai.001G061500.1.D	1549	1443.5	0	0
Gorai.001G061600.1.A	614	508.505	0	0
Gorai.001G061600.1.D	614	508.505	0	0
Gorai.001G061700.1.A	1611	1505.5	0	0
Gorai.001G061700.1.D	1611	1505.5	0	0
Gorai.001G061800.1.A	1890	1784.5	258.327	5.74165
Gorai.001G061800.1.D	1890	1784.5	397.673	8.8388
Gorai.001G061900.1.A	5327	5221.5	91.9173	0.698211
Gorai.001G061900.1.D	5327	5221.5	71.0827	0.53995
Gorai.001G062000.1.A	3038	2932.5	1250.71	16.9162
Gorai.001G062000.1.D	3038	2932.5	1117.83	15.1189
Gorai.001G062100.1.A	3105	2999.5	64.7446	0.856128
Gorai.001G062100.1.D	3105	2999.5	144.255	1.90751
Gorai.001G062200.1.A	3423	3317.5	29	0.346714
Gorai.001G062200.1.D	3423	3317.5	40	0.478226
Gorai.001G062300.1.A	1523	1417.5	67.0189	1.87524
Gorai.001G062300.1.D	1523	1417.5	43.9811	1.23063
Gorai.001G062400.1.A	1367	1261.5	0	0
Gorai.001G062400.1.D	1367	1261.5	10	0.31441
Gorai.001G062500.1.A	706	600.505	0	0
Gorai.001G062500.1.D	706	600.505	2	0.132099
Gorai.001G062600.1.A	1177	1071.5	2.13793	0.0791379
Gorai.001G062600.1.D	1177	1071.5	152.862	5.65836
Gorai.001G062700.1.A	1576	1470.5	352.56	9.50936
Gorai.001G062700.1.D	1576	1470.5	351.44	9.47917
Gorai.001G062800.1.A	252	147.005	0	0
Gorai.001G062800.1.D	252	147.005	0	0
Gorai.001G062900.1.A	1099	993.505	40.3333	1.6102
Gorai.001G062900.1.D	1099	993.505	58.6667	2.34211
Gorai.001G063000.1.A	1429	1323.5	276.274	8.27942
Gorai.001G063000.1.D	1429	1323.5	364.726	10.9301
Gorai.001G063100.1.A	1168	1062.5	72.01	2.68811
Gorai.001G063100.1.D	1168	1062.5	134.049	5.00402
Gorai.001G063200.1.A	1175	1069.5	0	0
Gorai.001G063200.1.D	1175	1069.5	26	0.964219
Gorai.001G063300.1.A	246	141.071	4	1.12462
Gorai.001G063300.1.D	246	141.071	0	0
Gorai.001G063400.1.A	210	105.986	0	0
Gorai.001G063400.1.D	210	105.986	0	0
Gorai.001G063500.1.A	1412	1306.5	94.1939	2.85954
Gorai.001G063500.1.D	1412	1306.5	130.747	3.96922
Gorai.001G063600.1.A	1845	1739.5	26.2121	0.59767
Gorai.001G063600.1.D	1845	1739.5	146.788	3.34695
Gorai.001G063700.1.A	585	479.551	3	0.248125
Gorai.001G063700.1.D	585	479.551	27	2.23313
Gorai.001G063800.1.A	1638	1532.5	231.193	5.98353
Gorai.001G063800.1.D	1638	1532.5	188.807	4.88655
Gorai.001G063900.1.A	1949	1843.5	3.2	0.0688479
Gorai.001G063900.1.D	1949	1843.5	12.8	0.275392
Gorai.001G064000.1.A	2847	2741.5	78.169	1.13092
Gorai.001G064000.1.D	2847	2741.5	69.831	1.01029
Gorai.001G064100.1.A	1254	1148.5	173	5.97445
Gorai.001G064100.1.D	1254	1148.5	0	0
Gorai.001G064200.1.A	1176	1070.5	0	0
Gorai.001G064200.1.D	1176	1070.5	0	0
Gorai.001G064300.1.A	752	646.505	141.137	8.65874
Gorai.001G064300.1.D	752	646.505	330.863	20.2984
Gorai.001G064400.1.A	2587	2481.5	88.8687	1.42043
Gorai.001G064400.1.D	2587	2481.5	17.1313	0.273817
Gorai.001G064500.1.A	1634	1528.5	88.459	2.29541
Gorai.001G064500.1.D	1634	1528.5	215.541	5.59304
Gorai.001G064600.1.A	2301	2195.5	67.8317	1.22541
Gorai.001G064600.1.D	2301	2195.5	153.168	2.76707
Gorai.001G064700.1.A	1360	1254.5	105.847	3.3465
Gorai.001G064700.1.D	1360	1254.5	69.1532	2.18638
Gorai.001G064800.1.A	4421	4315.5	9	0.0827172
Gorai.001G064800.1.D	4421	4315.5	66	0.606593
Gorai.001G064900.1.A	740	634.505	0	0
Gorai.001G064900.1.D	740	634.505	0	0
Gorai.001G065000.1.A	486	380.551	0	0
Gorai.001G065000.1.D	486	380.551	0	0
Gorai.001G065100.1.A	1439	1333.5	0	0
Gorai.001G065100.1.D	1439	1333.5	0	0
Gorai.001G065200.1.A	846	740.505	0	0
Gorai.001G065200.1.D	846	740.505	0	0
Gorai.001G065300.1.A	1168	1062.5	0	0
Gorai.001G065300.1.D	1168	1062.5	0	0
Gorai.001G065400.1.A	1196	1090.5	0	0
Gorai.001G065400.1.D	1196	1090.5	25	0.909279
Gorai.001G065500.1.A	663	557.505	0	0
Gorai.001G065500.1.D	663	557.505	0	0
Gorai.001G065600.1.A	1316	1210.5	441.371	14.4618
Gorai.001G065600.1.D	1316	1210.5	570.629	18.697
Gorai.001G065700.1.A	1219	1113.5	5	0.1781
Gorai.001G065700.1.D	1219	1113.5	11	0.391819
Gorai.001G065800.1.A	878	772.505	270.602	13.8936
Gorai.001G065800.1.D	878	772.505	265.398	13.6264
Gorai.001G065900.1.A	1642	1536.5	223.155	5.76047
Gorai.001G065900.1.D	1642	1536.5	946.845	24.4416
Gorai.001G066000.1.A	1738	1632.5	874.931	21.2571
Gorai.001G066000.1.D	1738	1632.5	838.069	20.3615
Gorai.001G066100.1.A	1625	1519.5	339.232	8.85483
Gorai.001G066100.1.D	1625	1519.5	402.768	10.5133
Gorai.001G066200.1.A	3835	3729.5	32.0208	0.340539
Gorai.001G066200.1.D	3835	3729.5	73.9792	0.786762
Gorai.001G066300.1.A	495	389.551	0	0
Gorai.001G066300.1.D	495	389.551	0	0
Gorai.001G066400.1.A	2567	2461.5	238.814	3.84808
Gorai.001G066400.1.D	2567	2461.5	126.186	2.03327
Gorai.001G066500.1.A	2641	2535.5	322	5.03705
Gorai.001G066500.1.D	2641	2535.5	161	2.51853
Gorai.001G066600.1.A	2238	2132.5	532.756	9.90884
Gorai.001G066600.1.D	2238	2132.5	745.625	13.8681
Gorai.001G066700.1.A	2142	2036.5	6.47343	0.126076
Gorai.001G066700.1.D	2142	2036.5	32.056	0.624323
Gorai.001G066800.1.A	1419	1313.5	47.2105	1.42558
Gorai.001G066800.1.D	1419	1313.5	21.7895	0.657961
Gorai.001G066900.1.A	1687	1581.5	18.6452	0.467607
Gorai.001G066900.1.D	1687	1581.5	15.3548	0.385088
Gorai.001G067000.1.A	951	845.505	91.2284	4.27956
Gorai.001G067000.1.D	951	845.505	157.772	7.40112
Gorai.001G067100.1.A	1308	1202.5	629.749	20.7714
Gorai.001G067100.1.D	1308	1202.5	794.251	26.1973
Gorai.001G067200.1.A	350	244.63	0	0
Gorai.001G067200.1.D	350	244.63	0	0
Gorai.001G067300.1.A	1839	1733.5	178.816	4.09136
Gorai.001G067300.1.D	1839	1733.5	345.184	7.89787
Gorai.001G067400.1.A	2260	2154.5	55.1623	1.0155
Gorai.001G067400.1.D	2260	2154.5	978.838	18.0197
Gorai.001G067500.1.A	1142	1036.5	0	0
Gorai.001G067500.1.D	1142	1036.5	0	0
Gorai.001G067600.1.A	928	822.505	3.23077	0.155795
Gorai.001G067600.1.D	928	822.505	10.7692	0.519315
Gorai.001G067700.1.A	1856	1750.5	140.264	3.17811
Gorai.001G067700.1.D	1856	1750.5	36.7358	0.832361
Gorai.001G067800.1.A	1304	1198.5	81.3759	2.69303
Gorai.001G067800.1.D	1304	1198.5	55.6241	1.84081
Gorai.001G067900.1.A	1998	1892.5	162.704	3.40993
Gorai.001G067900.1.D	1998	1892.5	146.296	3.06607
Gorai.001G068000.1.A	2181	2075.5	4	0.0764401
Gorai.001G068000.1.D	2181	2075.5	2	0.03822
Gorai.001G068100.1.A	1176	1070.5	125.198	4.63867
Gorai.001G068100.1.D	1176	1070.5	379.802	14.0719
Gorai.001G068200.1.A	1685	1579.5	102.86	2.58292
Gorai.001G068200.1.D	1685	1579.5	208.14	5.22661
Gorai.001G068300.1.A	2524	2418.5	459.349	7.53322
Gorai.001G068300.1.D	2524	2418.5	2009.65	32.9578
Gorai.001G068400.1.A	1019	913.505	0	0
Gorai.001G068400.1.D	1019	913.505	0	0
Gorai.001G068500.1.A	765	659.505	1015.64	61.0812
Gorai.001G068500.1.D	765	659.505	964.358	57.9969
Gorai.001G068600.1.A	1294	1188.5	2	0.0667443
Gorai.001G068600.1.D	1294	1188.5	0	0
Gorai.001G068700.1.A	1600	1494.5	25.9048	0.687491
Gorai.001G068700.1.D	1600	1494.5	38.0952	1.01102
Gorai.001G068800.1.A	612	506.551	10	0.782999
Gorai.001G068800.1.D	612	506.551	12	0.939599
Gorai.001G068900.1.A	1465	1359.5	94.9064	2.76885
Gorai.001G068900.1.D	1465	1359.5	455.094	13.2772
Gorai.001G069000.1.A	2340	2234.5	70.9167	1.25879
Gorai.001G069000.1.D	2340	2234.5	3.08333	0.0547298
Gorai.001G069100.1.A	1059	953.505	343.78	14.3002
Gorai.001G069100.1.D	1059	953.505	208.22	8.66133
Gorai.001G069200.1.A	1641	1535.5	597.646	15.4375
Gorai.001G069200.1.D	1641	1535.5	552.354	14.2676
Gorai.001G069300.1.A	447	341.583	3	0.348345
Gorai.001G069300.1.D	447	341.583	2	0.23223
Gorai.001G069400.1.A	1522	1416.5	76.6622	2.14658
Gorai.001G069400.1.D	1522	1416.5	109.338	3.06152
Gorai.001G069500.1.A	4366	4260.5	381.873	3.55503
Gorai.001G069500.1.D	4366	4260.5	796.127	7.4115
Gorai.001G069600.1.A	1626	1520.5	0	0
Gorai.001G069600.1.D	1626	1520.5	0	0
Gorai.001G069700.1.A	2070	1964.5	49.9703	1.00889
Gorai.001G069700.1.D	2070	1964.5	31.2314	0.630556
Gorai.001G069800.1.A	1364	1258.5	774.368	24.4049
Gorai.001G069800.1.D	1364	1258.5	3159.63	99.5787
Gorai.001G069900.1.A	987	881.505	0	0
Gorai.001G069900.1.D	987	881.505	10	0.449946
Gorai.001G070000.1.A	1544	1438.5	43	1.18561
Gorai.001G070000.1.D	1544	1438.5	42	1.15804
Gorai.001G070100.1.A	669	563.505	0	0
Gorai.001G070100.1.D	669	563.505	0	0
Gorai.001G070200.1.A	1764	1658.5	0	0
Gorai.001G070200.1.D	1764	1658.5	0	0
Gorai.001G070300.1.A	955	849.505	78	3.64178
Gorai.001G070300.1.D	955	849.505	0	0
Gorai.001G070400.1.A	1963	1857.5	218.12	4.65747
Gorai.001G070400.1.D	1963	1857.5	100.88	2.15408
Gorai.001G070500.1.A	3033	2927.5	15	0.203226
Gorai.001G070500.1.D	3033	2927.5	0	0
Gorai.001G070600.1.A	1610	1504.5	44.5152	1.17354
Gorai.001G070600.1.D	1610	1504.5	70.1983	1.85062
Gorai.001G070700.1.A	974	868.505	0	0
Gorai.001G070700.1.D	974	868.505	0	0
Gorai.001G070800.1.A	2646	2540.5	0	0
Gorai.001G070800.1.D	2646	2540.5	0	0
Gorai.001G070900.1.A	557	451.551	70.5085	6.19326
Gorai.001G070900.1.D	557	451.551	57.4915	5.04989
Gorai.001G071000.1.A	2232	2126.5	1197.74	22.3399
Gorai.001G071000.1.D	2232	2126.5	1690.26	31.5262
Gorai.001G071100.1.A	988	882.505	128.855	5.79119
Gorai.001G071100.1.D	988	882.505	121.145	5.44471
Gorai.001G071200.1.A	1883	1777.5	4823.14	107.623
Gorai.001G071200.1.D	1883	1777.5	1738.86	38.8007
Gorai.001G071300.1.A	1629	1523.5	194.128	5.05394
Gorai.001G071300.1.D	1629	1523.5	119.872	3.12074
Gorai.001G071400.1.A	1989	1883.5	112.438	2.36773
Gorai.001G071400.1.D	1989	1883.5	267.562	5.63433
Gorai.001G071500.1.A	1255	1149.5	3.25	0.112139
Gorai.001G071500.1.D	1255	1149.5	9.75	0.336418
Gorai.001G071600.1.A	3310	3204.5	23	0.284677
Gorai.001G071600.1.D	3310	3204.5	15	0.185659
Gorai.001G071700.1.A	1812	1706.5	211.194	4.90862
Gorai.001G071700.1.D	1812	1706.5	173.806	4.03963
Gorai.001G071800.1.A	1968	1862.5	38	0.809228
Gorai.001G071800.1.D	1968	1862.5	0	0
Gorai.001G071900.1.A	1637	1531.5	0	0
Gorai.001G071900.1.D	1637	1531.5	1	0.025898
Gorai.001G072000.1.A	1274	1168.5	185.093	6.28269
Gorai.001G072000.1.D	1274	1168.5	602.907	20.4647
Gorai.001G072100.1.A	1334	1228.5	32.2826	1.04226
Gorai.001G072100.1.D	1334	1228.5	22.7174	0.733443
Gorai.001G072200.1.A	2514	2408.5	6	0.0988072
Gorai.001G072200.1.D	2514	2408.5	20	0.329357
Gorai.001G072300.1.A	1481	1375.5	28.2617	0.814931
Gorai.001G072300.1.D	1481	1375.5	83.7383	2.41461
Gorai.001G072400.1.A	2753	2647.5	1039.64	15.5751
Gorai.001G072400.1.D	2753	2647.5	815.362	12.2151
Gorai.001G072500.1.A	964	858.505	1823.1	84.2271
Gorai.001G072500.1.D	964	858.505	2250.9	103.992
Gorai.001G072600.1.A	2398	2292.5	205.593	3.55699
Gorai.001G072600.1.D	2398	2292.5	150.407	2.60222
Gorai.001G072700.1.A	1395	1289.5	1736	53.3965
Gorai.001G072700.1.D	1395	1289.5	695.996	21.4076
Gorai.001G072800.1.A	1592	1486.5	102.613	2.73792
Gorai.001G072800.1.D	1592	1486.5	189.903	5.067
Gorai.001G072900.1.A	913	807.505	2275.83	111.784
Gorai.001G072900.1.D	913	807.505	514.166	25.2548
Gorai.001G073000.1.A	794	688.505	10	0.576074
Gorai.001G073000.1.D	794	688.505	12	0.691288
Gorai.001G073100.1.A	622	516.505	0	0
Gorai.001G073100.1.D	622	516.505	0	0
Gorai.001G073200.1.A	4477	4371.5	26.3699	0.239255
Gorai.001G073200.1.D	4477	4371.5	50.6301	0.45937
Gorai.001G073300.1.A	562	456.551	1.11417	0.0967939
Gorai.001G073300.1.D	562	456.551	3	0.260625
Gorai.001G073400.1.A	1885	1779.5	10.2073	0.227509
Gorai.001G073400.1.D	1885	1779.5	10.2073	0.227509
Gorai.001G073500.1.A	1449	1343.5	622.131	18.3666
Gorai.001G073500.1.D	1449	1343.5	1041.87	30.758
Gorai.001G073600.1.A	1455	1349.5	126.372	3.71416
Gorai.001G073600.1.D	1455	1349.5	111.628	3.28084
Gorai.001G073700.1.A	526	420.551	2.51282	0.236989
Gorai.001G073700.1.D	526	420.551	46.4872	4.38429
Gorai.001G073800.1.A	1129	1023.5	4.48	0.173609
Gorai.001G073800.1.D	1129	1023.5	23.52	0.911449
Gorai.001G073900.1.A	1174	1068.5	52	1.93024
Gorai.001G073900.1.D	1174	1068.5	43	1.59616
Gorai.001G074000.1.A	2193	2087.5	3	0.0570005
Gorai.001G074000.1.D	2193	2087.5	0	0
Gorai.001G074100.1.A	2045	1939.5	479.84	9.81274
Gorai.001G074100.1.D	2045	1939.5	441.16	9.02174
Gorai.001G074200.1.A	1698	1592.5	18.2593	0.454765
Gorai.001G074200.1.D	1698	1592.5	10.7407	0.267509
Gorai.001G074300.1.A	1194	1088.5	25.9512	0.945611
Gorai.001G074300.1.D	1194	1088.5	30.0488	1.09492
Gorai.001G074400.1.A	1390	1284.5	22.1667	0.684462
Gorai.001G074400.1.D	1390	1284.5	40.8333	1.26085
Gorai.001G074500.1.A	622	516.505	9	0.69112
Gorai.001G074500.1.D	622	516.505	12	0.921493
Gorai.001G074600.1.A	1860	1754.5	615.509	13.9144
Gorai.001G074600.1.D	1860	1754.5	146.491	3.31163
Gorai.001G074700.1.A	2380	2274.5	784.794	13.6853
Gorai.001G074700.1.D	2380	2274.5	1803.07	31.4421
Gorai.001G074800.1.A	225	120.599	5	1.64442
Gorai.001G074800.1.D	225	120.599	0	0
Gorai.001G074900.1.A	1101	995.505	0	0
Gorai.001G074900.1.D	1101	995.505	0	0
Gorai.001G075000.1.A	789	683.505	0	0
Gorai.001G075000.1.D	789	683.505	0	0
Gorai.001G075100.1.A	1137	1031.5	608.204	23.3864
Gorai.001G075100.1.D	1137	1031.5	1254.08	48.2214
Gorai.001G075200.1.A	3392	3286.5	8.84211	0.10671
Gorai.001G075200.1.D	3392	3286.5	54.1579	0.653601
Gorai.001G075300.1.A	1943	1837.5	364.416	7.86601
Gorai.001G075300.1.D	1943	1837.5	417.584	9.01363
Gorai.001G075400.1.A	975	869.505	0	0
Gorai.001G075400.1.D	975	869.505	1	0.0456156
Gorai.001G075500.1.A	728	622.505	0	0
Gorai.001G075500.1.D	728	622.505	0	0
Gorai.001G075600.1.A	1010	904.505	10	0.438505
Gorai.001G075600.1.D	1010	904.505	44	1.92942
Gorai.001G075700.1.A	876	770.505	4.96605e-08	2.55635e-09
Gorai.001G075700.1.D	876	770.505	1.02044	0.0525289
Gorai.001G075800.1.A	1370	1264.5	9.47368	0.297155
Gorai.001G075800.1.D	1370	1264.5	10.5263	0.330172
Gorai.001G075900.1.A	2385	2279.5	80.3613	1.39827
Gorai.001G075900.1.D	2385	2279.5	50.6387	0.881103
Gorai.001G076000.1.A	2013	1907.5	91.3086	1.89859
Gorai.001G076000.1.D	2013	1907.5	80.6914	1.67782
Gorai.001G076100.1.A	486	380.551	3	0.312675
Gorai.001G076100.1.D	486	380.551	1	0.104225
Gorai.001G076200.1.A	1317	1211.5	0	0
Gorai.001G076200.1.D	1317	1211.5	0	0
Gorai.001G076300.1.A	1527	1421.5	5651.27	157.682
Gorai.001G076300.1.D	1527	1421.5	1248.71	34.8417
Gorai.001G076400.1.A	841	735.505	3971.6	214.173
Gorai.001G076400.1.D	841	735.505	2889.4	155.815
Gorai.001G076500.1.A	2589	2483.5	135.342	2.16148
Gorai.001G076500.1.D	2589	2483.5	153.658	2.45401
Gorai.001G076600.1.A	4544	4438.5	1008.81	9.01487
Gorai.001G076600.1.D	4544	4438.5	376.186	3.36164
Gorai.001G076700.1.A	1412	1306.5	0	0
Gorai.001G076700.1.D	1412	1306.5	0	0
Gorai.001G076800.1.A	1184	1078.5	15.5	0.570026
Gorai.001G076800.1.D	1184	1078.5	15.5	0.570026
Gorai.001G076900.1.A	1832	1726.5	167.406	3.8458
Gorai.001G076900.1.D	1832	1726.5	311.594	7.15825
Gorai.001G077000.1.A	1117	1011.5	702.943	27.5637
Gorai.001G077000.1.D	1117	1011.5	1037.06	40.6649
Gorai.001G077100.1.A	1706	1600.5	136.889	3.39233
Gorai.001G077100.1.D	1706	1600.5	126.111	3.12521
Gorai.001G077200.1.A	2632	2526.5	120.569	1.89279
Gorai.001G077200.1.D	2632	2526.5	183.431	2.87963
Gorai.001G077300.1.A	1498	1392.5	371.004	10.5674
Gorai.001G077300.1.D	1498	1392.5	1020	29.0527
Gorai.001G077400.1.A	2079	1973.5	748.443	15.042
Gorai.001G077400.1.D	2079	1973.5	586.557	11.7885
Gorai.001G077500.1.A	1297	1191.5	67.0147	2.23079
Gorai.001G077500.1.D	1297	1191.5	79.9853	2.66256
Gorai.001G077600.1.A	3325	3219.5	604.432	7.44635
Gorai.001G077600.1.D	3325	3219.5	821.568	10.1214
Gorai.001G077700.1.A	765	659.505	4	0.240562
Gorai.001G077700.1.D	765	659.505	0	0
Gorai.001G077800.1.A	3078	2972.5	972.506	12.9764
Gorai.001G077800.1.D	3078	2972.5	575.494	7.67898
Gorai.001G077900.1.A	1868	1762.5	20.9	0.470328
Gorai.001G077900.1.D	1868	1762.5	89.1	2.00508
Gorai.001G078000.1.A	1443	1337.5	457.228	13.5588
Gorai.001G078000.1.D	1443	1337.5	556.987	16.5171
Gorai.001G078100.1.A	1541	1435.5	0	0
Gorai.001G078100.1.D	1541	1435.5	59	1.63017
Gorai.001G078200.1.A	1661	1555.5	58.5	1.49166
Gorai.001G078200.1.D	1661	1555.5	58.5	1.49166
Gorai.001G078300.1.A	1136	1030.5	1	0.0384889
Gorai.001G078300.1.D	1136	1030.5	1	0.0384889
Gorai.001G078400.1.A	3110	3004.5	12.6545	0.167055
Gorai.001G078400.1.D	3110	3004.5	161.345	2.12995
Gorai.001G078500.1.A	1516	1410.5	1	0.0281197
Gorai.001G078500.1.D	1516	1410.5	0	0
Gorai.001G078600.1.A	1284	1178.5	794.845	26.7508
Gorai.001G078600.1.D	1284	1178.5	367.155	12.3567
Gorai.001G078700.1.A	757	651.505	6.85714	0.417456
Gorai.001G078700.1.D	757	651.505	5.14286	0.313092
Gorai.001G078800.1.A	1343	1237.5	3266.04	104.679
Gorai.001G078800.1.D	1343	1237.5	1677.96	53.78
Gorai.001G078900.1.A	5114	5008.5	19.8889	0.157502
Gorai.001G078900.1.D	5114	5008.5	159.111	1.26002
Gorai.001G079000.1.A	1589	1483.5	894.39	23.9124
Gorai.001G079000.1.D	1589	1483.5	2521.61	67.4177
Gorai.001G079100.1.A	1952	1846.5	145.307	3.12121
Gorai.001G079100.1.D	1952	1846.5	135.091	2.90175
Gorai.001G079200.1.A	2625	2519.5	0	0
Gorai.001G079200.1.D	2625	2519.5	0	0
Gorai.001G079300.1.A	2400	2294.5	282.234	4.87871
Gorai.001G079300.1.D	2400	2294.5	160.766	2.77901
Gorai.001G079400.1.A	555	449.551	0	0
Gorai.001G079400.1.D	555	449.551	0	0
Gorai.001G079500.1.A	308	202.687	2.55188	0.499365
Gorai.001G079500.1.D	308	202.687	2.55188	0.499365
Gorai.001G079600.1.A	382	276.583	1.16338	0.166833
Gorai.001G079600.1.D	382	276.583	1.16338	0.166833
Gorai.001G079700.1.A	2112	2006.5	385.886	7.62788
Gorai.001G079700.1.D	2112	2006.5	342.114	6.76263
Gorai.001G079800.1.A	3816	3710.5	515.053	5.50559
Gorai.001G079800.1.D	3816	3710.5	553.947	5.92134
Gorai.001G079900.1.A	1472	1366.5	1713.39	49.7312
Gorai.001G079900.1.D	1472	1366.5	2218.86	64.4027
Gorai.001G080000.1.A	2571	2465.5	92.6829	1.491
Gorai.001G080000.1.D	2571	2465.5	2.31707	0.0372751
Gorai.001G080100.1.A	1767	1661.5	103.881	2.47981
Gorai.001G080100.1.D	1767	1661.5	186.119	4.44299
Gorai.001G080200.1.A	877	771.505	375.03	19.2802
Gorai.001G080200.1.D	877	771.505	194.97	10.0234
Gorai.001G080300.1.A	6907	6801.5	405.734	2.36604
Gorai.001G080300.1.D	6907	6801.5	891.266	5.19741
Gorai.001G080400.1.A	600	494.551	0	0
Gorai.001G080400.1.D	600	494.551	0	0
Gorai.001G080500.1.A	600	494.551	0.5	0.0400999
Gorai.001G080500.1.D	600	494.551	0.5	0.0400999
Gorai.001G080600.1.A	590	484.551	1.5	0.122782
Gorai.001G080600.1.D	590	484.551	1.5	0.122782
Gorai.001G080700.1.A	1482	1376.5	3	0.0864427
Gorai.001G080700.1.D	1482	1376.5	0	0
Gorai.001G080800.1.A	912	806.505	0	0
Gorai.001G080800.1.D	912	806.505	1	0.0491788
Gorai.001G080900.1.A	1040	934.505	3	0.127328
Gorai.001G080900.1.D	1040	934.505	30	1.27328
Gorai.001G081000.1.A	1724	1618.5	0	0
Gorai.001G081000.1.D	1724	1618.5	0	0
Gorai.001G081100.1.A	2632	2526.5	732.274	11.4958
Gorai.001G081100.1.D	2632	2526.5	1319.73	20.718
Gorai.001G081200.1.A	1384	1278.5	3573.36	110.856
Gorai.001G081200.1.D	1384	1278.5	1102.64	34.2072
Gorai.001G081300.1.A	1161	1055.5	0	0
Gorai.001G081300.1.D	1161	1055.5	0	0
Gorai.001G081400.1.A	358	252.63	0	0
Gorai.001G081400.1.D	358	252.63	0	0
Gorai.001G081500.1.A	1158	1052.5	0	0
Gorai.001G081500.1.D	1158	1052.5	0	0
Gorai.001G081600.1.A	2533	2427.5	3.33333	0.0544633
Gorai.001G081600.1.D	2533	2427.5	1.66667	0.0272316
Gorai.001G081700.1.A	2422	2316.5	593.715	10.1655
Gorai.001G081700.1.D	2422	2316.5	852.285	14.5927
Gorai.001G081800.1.A	1219	1113.5	380.836	13.5653
Gorai.001G081800.1.D	1219	1113.5	324.164	11.5467
Gorai.001G081900.1.A	2399	2293.5	844.819	14.61
Gorai.001G081900.1.D	2399	2293.5	5618.1	97.1571
Gorai.001G082000.1.A	1876	1770.5	521.851	11.6905
Gorai.001G082000.1.D	1876	1770.5	1313.51	29.4253
Gorai.001G082100.1.A	637	531.505	3	0.223872
Gorai.001G082100.1.D	637	531.505	3	0.223872
Gorai.001G082200.1.A	2723	2617.5	3875.07	58.7187
Gorai.001G082200.1.D	2723	2617.5	1205.66	18.2693
Gorai.001G082300.1.A	1378	1272.5	704.012	21.9435
Gorai.001G082300.1.D	1378	1272.5	362.988	11.314
Gorai.001G082400.1.A	1739	1633.5	673.069	16.3427
Gorai.001G082400.1.D	1739	1633.5	1162.47	28.2259
Gorai.001G082500.1.A	1610	1504.5	204.168	5.38244
Gorai.001G082500.1.D	1610	1504.5	378.832	9.98707
Gorai.001G082600.1.A	1156	1050.5	342.153	12.9184
Gorai.001G082600.1.D	1156	1050.5	951.847	35.938
Gorai.001G082700.1.A	1796	1690.5	5.22727	0.122643
Gorai.001G082700.1.D	1796	1690.5	17.7727	0.416987
Gorai.001G082800.1.A	2088	1982.5	186.359	3.72839
Gorai.001G082800.1.D	2088	1982.5	155.641	3.11382
Gorai.001G082900.1.A	1196	1090.5	498.15	18.1183
Gorai.001G082900.1.D	1196	1090.5	648.85	23.5995
Gorai.001G083000.1.A	436	330.583	5	0.599894
Gorai.001G083000.1.D	436	330.583	0	0
Gorai.001G083100.1.A	2564	2458.5	16083	259.466
Gorai.001G083100.1.D	2564	2458.5	16231	261.854
Gorai.001G083200.1.A	1533	1427.5	469.178	13.036
Gorai.001G083200.1.D	1533	1427.5	1501.82	41.7278
Gorai.001G083300.1.A	1435	1329.5	717.096	21.393
Gorai.001G083300.1.D	1435	1329.5	561.904	16.7632
Gorai.001G083400.1.A	2857	2751.5	9.71429	0.140031
Gorai.001G083400.1.D	2857	2751.5	7.28571	0.105024
Gorai.001G083500.1.A	336	230.63	0	0
Gorai.001G083500.1.D	336	230.63	0	0
Gorai.001G083600.1.A	920	814.505	0	0
Gorai.001G083600.1.D	920	814.505	0	0
Gorai.001G083700.1.A	1839	1733.5	0	0
Gorai.001G083700.1.D	1839	1733.5	0	0
Gorai.001G083800.1.A	1788	1682.5	2177.04	51.3211
Gorai.001G083800.1.D	1788	1682.5	3554.96	83.8037
Gorai.001G083900.1.A	4181	4075.5	472.642	4.59976
Gorai.001G083900.1.D	4181	4075.5	450.358	4.3829
Gorai.001G084000.1.A	3010	2904.5	111.21	1.51865
Gorai.001G084000.1.D	3010	2904.5	37.7899	0.516046
Gorai.001G084100.1.A	1319	1213.5	171	5.58907
Gorai.001G084100.1.D	1319	1213.5	207	6.76572
Gorai.001G084200.1.A	2213	2107.5	0	0
Gorai.001G084200.1.D	2213	2107.5	1	0.0188199
Gorai.001G084300.1.A	694	588.505	0	0
Gorai.001G084300.1.D	694	588.505	16	1.07834
Gorai.001G084400.1.A	980	874.505	0	0
Gorai.001G084400.1.D	980	874.505	0	0
Gorai.001G084500.1.A	1014	908.505	0	0
Gorai.001G084500.1.D	1014	908.505	0	0
Gorai.001G084600.1.A	1431	1325.5	107.859	3.22745
Gorai.001G084600.1.D	1431	1325.5	71.141	2.12875
Gorai.001G084700.1.A	678	572.505	0	0
Gorai.001G084700.1.D	678	572.505	1	0.0692797
Gorai.001G084800.1.A	1106	1000.5	0	0
Gorai.001G084800.1.D	1106	1000.5	0	0
Gorai.001G084900.1.A	1378	1272.5	1	0.0311692
Gorai.001G084900.1.D	1378	1272.5	1	0.0311692
Gorai.001G085000.1.A	640	534.505	22.8291	1.69404
Gorai.001G085000.1.D	640	534.505	390.171	28.9526
Gorai.001G085100.1.A	342	236.63	0	0
Gorai.001G085100.1.D	342	236.63	0	0
Gorai.001G085200.1.A	309	203.687	0	0
Gorai.001G085200.1.D	309	203.687	0	0
Gorai.001G085300.1.A	3710	3604.5	1541.55	16.9628
Gorai.001G085300.1.D	3710	3604.5	533.447	5.8699
Gorai.001G085400.1.A	630	524.505	0	0
Gorai.001G085400.1.D	630	524.505	0	0
Gorai.001G085500.1.A	1439	1333.5	30.1299	0.896164
Gorai.001G085500.1.D	1439	1333.5	49.8701	1.48331
Gorai.001G085600.1.A	843	737.505	19.8269	1.06629
Gorai.001G085600.1.D	843	737.505	492.173	26.469
Gorai.001G085700.1.A	1165	1059.5	22	0.823578
Gorai.001G085700.1.D	1165	1059.5	19	0.711272
Gorai.001G085800.1.A	1210	1104.5	142.987	5.13468
Gorai.001G085800.1.D	1210	1104.5	191.013	6.85931
Gorai.001G085900.1.A	1811	1705.5	12.32	0.286512
Gorai.001G085900.1.D	1811	1705.5	15.68	0.364652
Gorai.001G086000.1.A	661	555.505	0	0
Gorai.001G086000.1.D	661	555.505	0	0
Gorai.001G086100.1.A	831	725.505	0	0
Gorai.001G086100.1.D	831	725.505	0	0
Gorai.001G086200.1.A	1221	1115.5	4	0.142224
Gorai.001G086200.1.D	1221	1115.5	0	0
Gorai.001G086300.1.A	1802	1696.5	21.1212	0.493797
Gorai.001G086300.1.D	1802	1696.5	19.8788	0.46475
Gorai.001G086400.1.A	1414	1308.5	304	9.21474
Gorai.001G086400.1.D	1414	1308.5	246	7.45667
Gorai.001G086500.1.A	2370	2264.5	42.2727	0.740409
Gorai.001G086500.1.D	2370	2264.5	19.7273	0.345524
Gorai.001G086600.1.A	1143	1037.5	28.9492	1.1067
Gorai.001G086600.1.D	1143	1037.5	32.0508	1.22528
Gorai.001G086700.1.A	1521	1415.5	90.4839	2.53539
Gorai.001G086700.1.D	1521	1415.5	41.5161	1.1633
Gorai.001G086800.1.A	1085	979.505	0	0
Gorai.001G086800.1.D	1085	979.505	0	0
Gorai.001G086900.1.A	249	144.019	0	0
Gorai.001G086900.1.D	249	144.019	0	0
Gorai.001G087000.1.A	1839	1733.5	160.569	3.67385
Gorai.001G087000.1.D	1839	1733.5	59.4313	1.3598
Gorai.001G087100.1.A	994	888.505	104.588	4.66884
Gorai.001G087100.1.D	994	888.505	194.412	8.67855
Gorai.001G087200.1.A	744	638.505	0	0
Gorai.001G087200.1.D	744	638.505	0	0
Gorai.001G087300.1.A	942	836.505	0	0
Gorai.001G087300.1.D	942	836.505	0	0
Gorai.001G087400.1.A	1183	1077.5	0	0
Gorai.001G087400.1.D	1183	1077.5	0	0
Gorai.001G087500.1.A	114	28.4159	0	0
Gorai.001G087500.1.D	114	28.4159	0	0
Gorai.001G087600.1.A	958	852.505	11	0.511777
Gorai.001G087600.1.D	958	852.505	32	1.48881
Gorai.001G087700.1.A	735	629.505	0	0
Gorai.001G087700.1.D	735	629.505	0	0
Gorai.001G087800.1.A	569	463.551	0	0
Gorai.001G087800.1.D	569	463.551	0	0
Gorai.001G087900.1.A	303	197.687	3	0.601904
Gorai.001G087900.1.D	303	197.687	14	2.80889
Gorai.001G088000.1.A	543	437.551	1	0.0906475
Gorai.001G088000.1.D	543	437.551	0	0
Gorai.001G088100.1.A	1893	1787.5	161.059	3.57373
Gorai.001G088100.1.D	1893	1787.5	245.941	5.45719
Gorai.001G088200.1.A	725	619.505	84.3942	5.40322
Gorai.001G088200.1.D	725	619.505	56.6058	3.62411
Gorai.001G088300.1.A	1805	1699.5	142.997	3.33725
Gorai.001G088300.1.D	1805	1699.5	246.003	5.74121
Gorai.001G088400.1.A	807	701.505	0	0
Gorai.001G088400.1.D	807	701.505	0	0
Gorai.001G088500.1.A	3221	3115.5	88.2832	1.12392
Gorai.001G088500.1.D	3221	3115.5	27.7168	0.352858
Gorai.001G088600.1.A	987	881.505	81.8712	3.68376
Gorai.001G088600.1.D	987	881.505	169.129	7.60988
Gorai.001G088700.1.A	1851	1745.5	492.006	11.1798
Gorai.001G088700.1.D	1851	1745.5	641.994	14.588
Gorai.001G088800.1.A	746	640.505	0	0
Gorai.001G088800.1.D	746	640.505	4	0.247698
Gorai.001G088900.1.A	1748	1642.5	176.965	4.27333
Gorai.001G088900.1.D	1748	1642.5	1.03488	0.0249902
Gorai.001G089000.1.A	1044	938.505	0	0
Gorai.001G089000.1.D	1044	938.505	0	0
Gorai.001G089100.1.A	1586	1480.5	2	0.0535803
Gorai.001G089100.1.D	1586	1480.5	7	0.187531
Gorai.001G089200.1.A	1944	1838.5	27.6596	0.596713
Gorai.001G089200.1.D	1944	1838.5	24.3404	0.525108
Gorai.001G089300.1.A	1089	983.505	36.3273	1.46501
Gorai.001G089300.1.D	1089	983.505	74.6727	3.01141
Gorai.001G089400.1.A	2538	2432.5	1734.29	28.2783
Gorai.001G089400.1.D	2538	2432.5	1560.71	25.448
Gorai.001G089500.1.A	1249	1143.5	189.116	6.55958
Gorai.001G089500.1.D	1249	1143.5	238.884	8.28578
Gorai.001G089600.1.A	644	538.505	0	0
Gorai.001G089600.1.D	644	538.505	0	0
Gorai.001G089700.1.A	870	764.505	1	0.0518806
Gorai.001G089700.1.D	870	764.505	1	0.0518806
Gorai.001G089800.1.A	810	704.505	0	0
Gorai.001G089800.1.D	810	704.505	0	0
Gorai.001G089900.1.A	1017	911.505	2	0.0870274
Gorai.001G089900.1.D	1017	911.505	0	0
Gorai.001G090000.1.A	1378	1272.5	2	0.0623384
Gorai.001G090000.1.D	1378	1272.5	0	0
Gorai.001G090100.1.A	824	718.505	0	0
Gorai.001G090100.1.D	824	718.505	0	0
Gorai.001G090200.1.A	1451	1345.5	8.5	0.250564
Gorai.001G090200.1.D	1451	1345.5	76.5	2.25508
Gorai.001G090300.1.A	2089	1983.5	2	0.0399928
Gorai.001G090300.1.D	2089	1983.5	0	0
Gorai.001G090400.1.A	1902	1796.5	3	0.0662335
Gorai.001G090400.1.D	1902	1796.5	1	0.0220778
Gorai.001G090500.1.A	543	437.551	0	0
Gorai.001G090500.1.D	543	437.551	0	0
Gorai.001G090600.1.A	336	230.63	5.3	0.911475
Gorai.001G090600.1.D	336	230.63	47.7	8.20328
Gorai.001G090700.1.A	789	683.505	16	0.92846
Gorai.001G090700.1.D	789	683.505	25	1.45072
Gorai.001G090800.1.A	532	426.551	0	0
Gorai.001G090800.1.D	532	426.551	0	0
Gorai.001G090900.1.A	875	769.505	24	1.23704
Gorai.001G090900.1.D	875	769.505	1	0.0515435
Gorai.001G091000.1.A	572	466.551	0	0
Gorai.001G091000.1.D	572	466.551	0	0
Gorai.001G091100.1.A	570	464.551	0	0
Gorai.001G091100.1.D	570	464.551	0	0
Gorai.001G091200.1.A	566	460.551	0	0
Gorai.001G091200.1.D	566	460.551	11	0.947326
Gorai.001G091300.1.A	774	668.505	1	0.0593308
Gorai.001G091300.1.D	774	668.505	5	0.296654
Gorai.001G091400.1.A	424	318.583	0	0
Gorai.001G091400.1.D	424	318.583	0	0
Gorai.001G091500.1.A	614	508.505	0	0
Gorai.001G091500.1.D	614	508.505	0	0
Gorai.001G091600.1.A	797	691.505	7	0.401502
Gorai.001G091600.1.D	797	691.505	2	0.114715
Gorai.001G091700.1.A	789	683.505	0	0
Gorai.001G091700.1.D	789	683.505	0	0
Gorai.001G091800.1.A	551	445.551	0	0
Gorai.001G091800.1.D	551	445.551	0	0
Gorai.001G091900.1.A	1156	1050.5	0	0
Gorai.001G091900.1.D	1156	1050.5	2	0.0755122
Gorai.001G092000.1.A	1789	1683.5	167.056	3.9358
Gorai.001G092000.1.D	1789	1683.5	71.9439	1.69498
Gorai.001G092100.1.A	1951	1845.5	44.3246	0.952609
Gorai.001G092100.1.D	1951	1845.5	204.675	4.39881
Gorai.001G092200.1.A	1381	1275.5	0	0
Gorai.001G092200.1.D	1381	1275.5	2	0.0621918
Gorai.001G092300.1.A	1340	1234.5	0	0
Gorai.001G092300.1.D	1340	1234.5	2	0.0642573
Gorai.001G092400.1.A	2243	2137.5	26.5748	0.493115
Gorai.001G092400.1.D	2243	2137.5	108.425	2.01191
Gorai.001G092500.1.A	1701	1595.5	11.4706	0.285149
Gorai.001G092500.1.D	1701	1595.5	27.5294	0.684359
Gorai.001G092600.1.A	1926	1820.5	308.299	6.71684
Gorai.001G092600.1.D	1926	1820.5	270.701	5.89771
Gorai.001G092700.1.A	3241	3135.5	956.883	12.1042
Gorai.001G092700.1.D	3241	3135.5	964.117	12.1957
Gorai.001G092800.1.A	747	641.505	80.2811	4.96362
Gorai.001G092800.1.D	747	641.505	295.719	18.2837
Gorai.001G092900.1.A	1085	979.505	488.587	19.7843
Gorai.001G092900.1.D	1085	979.505	343.413	13.9058
Gorai.001G093000.1.A	3172	3066.5	111.704	1.4448
Gorai.001G093000.1.D	3172	3066.5	91.2963	1.18085
Gorai.001G093100.1.A	4627	4521.5	2780.52	24.3909
Gorai.001G093100.1.D	4627	4521.5	4723.48	41.4347
Gorai.001G093200.1.A	1742	1636.5	160.92	3.90011
Gorai.001G093200.1.D	1742	1636.5	108.08	2.61948
Gorai.001G093300.1.A	3003	2897.5	182.911	2.50381
Gorai.001G093300.1.D	3003	2897.5	207.089	2.83477
Gorai.001G093400.1.A	1536	1430.5	1.66667	0.0462109
Gorai.001G093400.1.D	1536	1430.5	3.33333	0.0924218
Gorai.001G093500.1.A	1329	1223.5	0	0
Gorai.001G093500.1.D	1329	1223.5	0	0
Gorai.001G093600.1.A	1276	1170.5	4	0.135541
Gorai.001G093600.1.D	1276	1170.5	3	0.101656
Gorai.001G093700.1.A	1971	1865.5	39.96	0.849599
Gorai.001G093700.1.D	1971	1865.5	68.04	1.44661
Gorai.001G093800.1.A	980	874.505	1646.14	74.6603
Gorai.001G093800.1.D	980	874.505	1993.86	90.431
Gorai.001G093900.1.A	1055	949.505	1	0.0417722
Gorai.001G093900.1.D	1055	949.505	2	0.0835445
Gorai.001G094000.1.A	2072	1966.5	1109.41	22.376
Gorai.001G094000.1.D	2072	1966.5	701.588	14.1505
Gorai.001G094100.1.A	465	359.551	1.18746	0.130992
Gorai.001G094100.1.D	465	359.551	5.14688	0.567765
Gorai.001G094200.1.A	493	387.551	0	0
Gorai.001G094200.1.D	493	387.551	0	0
Gorai.001G094300.1.A	1825	1719.5	7	0.161465
Gorai.001G094300.1.D	1825	1719.5	0	0
Gorai.001G094400.1.A	2469	2363.5	367.535	6.16776
Gorai.001G094400.1.D	2469	2363.5	317.465	5.32751
Gorai.001G094500.1.A	1239	1133.5	1115.48	39.0321
Gorai.001G094500.1.D	1239	1133.5	758.524	26.5418
Gorai.001G094600.1.A	2206	2100.5	21.0526	0.397528
Gorai.001G094600.1.D	2206	2100.5	3.94737	0.0745365
Gorai.001G094700.1.A	2043	1937.5	0	0
Gorai.001G094700.1.D	2043	1937.5	0	0
Gorai.001G094800.1.A	537	431.551	0	0
Gorai.001G094800.1.D	537	431.551	0	0
Gorai.001G094900.1.A	816	710.505	0	0
Gorai.001G094900.1.D	816	710.505	0	0
Gorai.001G095000.1.A	2461	2355.5	22.0345	0.371026
Gorai.001G095000.1.D	2461	2355.5	48.9655	0.824501
Gorai.001G095100.1.A	2073	1967.5	0	0
Gorai.001G095100.1.D	2073	1967.5	0	0
Gorai.001G095200.1.A	1005	899.505	4249.84	187.393
Gorai.001G095200.1.D	1005	899.505	4748.16	209.366
Gorai.001G095300.1.A	1756	1650.5	53	1.27363
Gorai.001G095300.1.D	1756	1650.5	119	2.85966
Gorai.001G095400.1.A	2826	2720.5	75.6201	1.10249
Gorai.001G095400.1.D	2826	2720.5	112.38	1.63842
Gorai.001G095500.1.A	1748	1642.5	0	0
Gorai.001G095500.1.D	1748	1642.5	0	0
Gorai.001G095600.1.A	1333	1227.5	11	0.35543
Gorai.001G095600.1.D	1333	1227.5	0	0
Gorai.001G095700.1.A	2027	1921.5	17.68	0.364944
Gorai.001G095700.1.D	2027	1921.5	8.32	0.171738
Gorai.001G095800.1.A	1873	1767.5	269.878	6.05607
Gorai.001G095800.1.D	1873	1767.5	484.122	10.8637
Gorai.001G095900.1.A	222	117.654	2	0.674231
Gorai.001G095900.1.D	222	117.654	2	0.674231
Gorai.001G096000.1.A	1824	1718.5	270.709	6.24795
Gorai.001G096000.1.D	1824	1718.5	480.291	11.0851
Gorai.001G096100.1.A	642	536.505	809.792	59.8667
Gorai.001G096100.1.D	642	536.505	577.208	42.672
Gorai.001G096200.1.A	487	381.551	382.433	39.7546
Gorai.001G096200.1.D	487	381.551	2.56667	0.26681
Gorai.001G096300.1.A	1403	1297.5	383.344	11.7183
Gorai.001G096300.1.D	1403	1297.5	111.685	3.41405
Gorai.001G096400.1.A	1375	1269.5	31.8494	0.995066
Gorai.001G096400.1.D	1375	1269.5	70.1215	2.19079
Gorai.001G096500.1.A	1358	1252.5	14.6364	0.463488
Gorai.001G096500.1.D	1358	1252.5	8.36364	0.26485
Gorai.001G096600.1.A	591	485.551	0.5	0.0408432
Gorai.001G096600.1.D	591	485.551	0.5	0.0408432
Gorai.001G096700.1.A	1701	1595.5	1	0.0248592
Gorai.001G096700.1.D	1701	1595.5	0	0
Gorai.001G096800.1.A	939	833.505	0	0
Gorai.001G096800.1.D	939	833.505	0	0
Gorai.001G096900.1.A	1867	1761.5	195.865	4.41021
Gorai.001G096900.1.D	1867	1761.5	329.135	7.41096
Gorai.001G097000.1.A	1564	1458.5	130.387	3.54577
Gorai.001G097000.1.D	1564	1458.5	140.613	3.82387
Gorai.001G097100.1.A	2075	1969.5	849.917	17.1161
Gorai.001G097100.1.D	2075	1969.5	466.083	9.38624
Gorai.001G097200.1.A	1921	1815.5	81.0256	1.77015
Gorai.001G097200.1.D	1921	1815.5	118.974	2.59921
Gorai.001G097300.1.A	1456	1350.5	38.2558	1.12353
Gorai.001G097300.1.D	1456	1350.5	102.744	3.01749
Gorai.001G097400.1.A	2004	1898.5	277.191	5.79099
Gorai.001G097400.1.D	2004	1898.5	357.809	7.47522
Gorai.001G097500.1.A	1064	958.505	650.105	26.9014
Gorai.001G097500.1.D	1064	958.505	81.895	3.38882
Gorai.001G097600.1.A	1791	1685.5	233.096	5.48517
Gorai.001G097600.1.D	1791	1685.5	293.904	6.91608
Gorai.001G097700.1.A	2236	2130.5	193.713	3.6063
Gorai.001G097700.1.D	2236	2130.5	163.287	3.03986
Gorai.001G097800.1.A	2546	2440.5	88.1022	1.43183
Gorai.001G097800.1.D	2546	2440.5	81.8978	1.331
Gorai.001G097900.1.A	1471	1365.5	6726.23	195.372
Gorai.001G097900.1.D	1471	1365.5	6856.77	199.164
Gorai.001G098000.1.A	1055	949.505	0	0
Gorai.001G098000.1.D	1055	949.505	0	0
Gorai.001G098100.1.A	1310	1204.5	0	0
Gorai.001G098100.1.D	1310	1204.5	0	0
Gorai.001G098200.1.A	534	428.551	8	0.74041
Gorai.001G098200.1.D	534	428.551	3	0.277654
Gorai.001G098300.1.A	2160	2054.5	81.1351	1.56634
Gorai.001G098300.1.D	2160	2054.5	155.865	3.00903
Gorai.001G098400.1.A	3713	3607.5	264.963	2.91315
Gorai.001G098400.1.D	3713	3607.5	461.067	5.06923
Gorai.001G098500.1.A	542	436.551	0	0
Gorai.001G098500.1.D	542	436.551	0	0
Gorai.001G098600.1.A	2527	2421.5	513.608	8.41262
Gorai.001G098600.1.D	2527	2421.5	795.392	13.0281
Gorai.001G098700.1.A	2761	2655.5	186.301	2.78261
Gorai.001G098700.1.D	2761	2655.5	474.699	7.09016
Gorai.001G098800.1.A	1632	1526.5	25.2358	0.655699
Gorai.001G098800.1.D	1632	1526.5	81.7642	2.12447
Gorai.001G098900.1.A	538	432.551	6	0.550172
Gorai.001G098900.1.D	538	432.551	9	0.825258
Gorai.001G099000.1.A	2816	2710.5	135.865	1.98812
Gorai.001G099000.1.D	2816	2710.5	144.135	2.10913
Gorai.001G099100.1.A	876	770.505	243.944	12.5574
Gorai.001G099100.1.D	876	770.505	442.056	22.7555
Gorai.001G099200.1.A	781	675.505	0	0
Gorai.001G099200.1.D	781	675.505	0	0
Gorai.001G099300.1.A	3038	2932.5	1080.1	14.6086
Gorai.001G099300.1.D	3038	2932.5	1095.9	14.8224
Gorai.001G099400.1.A	2285	2179.5	299.578	5.45176
Gorai.001G099400.1.D	2285	2179.5	263.422	4.79379
Gorai.001G099500.1.A	2245	2139.5	17.5	0.324422
Gorai.001G099500.1.D	2245	2139.5	52.5	0.973265
Gorai.001G099600.1.A	1253	1147.5	363.443	12.5622
Gorai.001G099600.1.D	1253	1147.5	375.557	12.981
Gorai.001G099700.1.A	2214	2108.5	100.552	1.89147
Gorai.001G099700.1.D	2214	2108.5	79.4483	1.4945
Gorai.001G099800.1.A	806	700.505	1	0.0566205
Gorai.001G099800.1.D	806	700.505	0	0
Gorai.001G099900.1.A	292	186.705	0	0
Gorai.001G099900.1.D	292	186.705	0	0
Gorai.001G100000.1.A	2449	2343.5	300.041	5.07808
Gorai.001G100000.1.D	2449	2343.5	146.959	2.48722
Gorai.001G100100.1.A	2519	2413.5	1902.32	31.2623
Gorai.001G100100.1.D	2519	2413.5	2071.68	34.0454
Gorai.001G100200.1.A	1691	1585.5	10.5	0.262668
Gorai.001G100200.1.D	1691	1585.5	10.5	0.262668
Gorai.001G100300.1.A	1085	979.505	702.449	28.4442
Gorai.001G100300.1.D	1085	979.505	860.551	34.8462
Gorai.001G100400.1.A	525	419.551	240.822	22.7665
Gorai.001G100400.1.D	525	419.551	15.1779	1.43486
Gorai.001G100500.1.A	698	592.505	520.434	34.8384
Gorai.001G100500.1.D	698	592.505	358.566	24.0028
Gorai.001G100600.1.A	835	729.505	2	0.108739
Gorai.001G100600.1.D	835	729.505	7	0.380588
Gorai.001G100700.1.A	3088	2982.5	3.5	0.0465449
Gorai.001G100700.1.D	3088	2982.5	3.5	0.0465449
Gorai.001G100800.1.A	1416	1310.5	535.305	16.2012
Gorai.001G100800.1.D	1416	1310.5	630.695	19.0882
Gorai.001G100900.1.A	3660	3554.5	21	0.234328
Gorai.001G100900.1.D	3660	3554.5	5	0.0557925
Gorai.001G101000.1.A	1218	1112.5	0	0
Gorai.001G101000.1.D	1218	1112.5	0	0
Gorai.001G101100.1.A	2229	2123.5	824.144	15.3934
Gorai.001G101100.1.D	2229	2123.5	718.856	13.4268
Gorai.001G101200.1.A	921	815.505	3.33333	0.16212
Gorai.001G101200.1.D	921	815.505	6.66667	0.32424
Gorai.001G101300.1.A	266	160.864	69	17.0127
Gorai.001G101300.1.D	266	160.864	69	17.0127
Gorai.001G101400.1.A	1584	1478.5	0	0
Gorai.001G101400.1.D	1584	1478.5	0	0
Gorai.001G101500.1.A	2016	1910.5	1	0.0207605
Gorai.001G101500.1.D	2016	1910.5	0	0
Gorai.001G101600.1.A	1620	1514.5	0	0
Gorai.001G101600.1.D	1620	1514.5	0	0
Gorai.001G101700.1.A	1899	1793.5	0	0
Gorai.001G101700.1.D	1899	1793.5	0	0
Gorai.001G101800.1.A	2255	2149.5	6	0.110713
Gorai.001G101800.1.D	2255	2149.5	0	0
Gorai.001G101900.1.A	777	671.505	1	0.0590658
Gorai.001G101900.1.D	777	671.505	0	0
Gorai.001G102000.1.A	912	806.505	10.35	0.509001
Gorai.001G102000.1.D	912	806.505	12.65	0.622112
Gorai.001G102100.1.A	2275	2169.5	44.6377	0.816067
Gorai.001G102100.1.D	2275	2169.5	95.3623	1.74342
Gorai.001G102200.1.A	940	834.505	21.7095	1.03182
Gorai.001G102200.1.D	940	834.505	131.291	6.24007
Gorai.001G102300.1.A	669	563.505	47.6124	3.35126
Gorai.001G102300.1.D	669	563.505	450.388	31.7011
Gorai.001G102400.1.A	249	144.019	0	0
Gorai.001G102400.1.D	249	144.019	8	2.20321
Gorai.001G102500.1.A	841	735.505	1	0.0539262
Gorai.001G102500.1.D	841	735.505	0	0
Gorai.001G102600.1.A	2717	2611.5	20.3445	0.308988
Gorai.001G102600.1.D	2717	2611.5	28.0656	0.426254
Gorai.001G102700.1.A	3905	3799.5	165.242	1.72496
Gorai.001G102700.1.D	3905	3799.5	164.348	1.71562
Gorai.001G102800.1.A	1769	1663.5	53.5146	1.27595
Gorai.001G102800.1.D	1769	1663.5	158.485	3.77877
Gorai.001G102900.1.A	751	645.505	322.282	19.8026
Gorai.001G102900.1.D	751	645.505	296.717	18.2317
Gorai.001G103000.1.A	919	813.505	144.263	7.03363
Gorai.001G103000.1.D	919	813.505	309.636	15.0965
Gorai.001G103100.1.A	988	882.505	945.397	42.4895
Gorai.001G103100.1.D	988	882.505	1020.71	45.8742
Gorai.001G103200.1.A	906	800.505	0	0
Gorai.001G103200.1.D	906	800.505	0	0
Gorai.001G103300.1.A	2036	1930.5	55.2198	1.13451
Gorai.001G103300.1.D	2036	1930.5	145.78	2.99511
Gorai.001G103400.1.A	2166	2060.5	2385.06	45.9103
Gorai.001G103400.1.D	2166	2060.5	1636.23	31.4961
Gorai.001G103500.1.A	1164	1058.5	50.8182	1.90419
Gorai.001G103500.1.D	1164	1058.5	27.1818	1.01852
Gorai.001G103600.1.A	834	728.505	0	0
Gorai.001G103600.1.D	834	728.505	1	0.0544443
Gorai.001G103700.1.A	1100	994.505	36.9084	1.47198
Gorai.001G103700.1.D	1100	994.505	236.949	9.45004
Gorai.001G103800.1.A	1326	1220.5	1711.6	55.6223
Gorai.001G103800.1.D	1326	1220.5	1816.4	59.0277
Gorai.001G103900.1.A	1139	1033.5	206.707	7.93283
Gorai.001G103900.1.D	1139	1033.5	265.293	10.1812
Gorai.001G104000.1.A	1249	1143.5	8.76923	0.304164
Gorai.001G104000.1.D	1249	1143.5	48.2308	1.6729
Gorai.001G104100.1.A	630	524.505	0	0
Gorai.001G104100.1.D	630	524.505	0	0
Gorai.001G104200.1.A	742	636.505	66.0361	4.11495
Gorai.001G104200.1.D	742	636.505	20.9639	1.30633
Gorai.001G104300.1.A	1130	1024.5	23.4861	0.909247
Gorai.001G104300.1.D	1130	1024.5	65.5139	2.53632
Gorai.001G104400.1.A	1961	1855.5	0	0
Gorai.001G104400.1.D	1961	1855.5	0	0
Gorai.001G104500.1.A	1794	1688.5	1	0.02349
Gorai.001G104500.1.D	1794	1688.5	0	0
Gorai.001G104600.1.A	1802	1696.5	0	0
Gorai.001G104600.1.D	1802	1696.5	0	0
Gorai.001G104700.1.A	462	356.551	67.9692	7.56093
Gorai.001G104700.1.D	462	356.551	0	0
Gorai.001G104800.1.A	2435	2329.5	3097.43	52.7379
Gorai.001G104800.1.D	2435	2329.5	3163.57	53.864
Gorai.001G104900.1.A	1017	911.505	9.69231	0.421748
Gorai.001G104900.1.D	1017	911.505	18.3077	0.796635
Gorai.001G105000.1.A	597	491.551	0	0
Gorai.001G105000.1.D	597	491.551	0	0
Gorai.001G105100.1.A	1509	1403.5	24.75	0.699433
Gorai.001G105100.1.D	1509	1403.5	20.25	0.572264
Gorai.001G105200.1.A	896	790.505	51	2.55888
Gorai.001G105200.1.D	896	790.505	57	2.85993
Gorai.001G105300.1.A	3988	3882.5	1389.18	14.1916
Gorai.001G105300.1.D	3988	3882.5	1036.61	10.5898
Gorai.001G105400.1.A	2279	2173.5	40.1316	0.732336
Gorai.001G105400.1.D	2279	2173.5	20.8684	0.380815
Gorai.001G105500.1.A	684	578.505	45	3.08525
Gorai.001G105500.1.D	684	578.505	45	3.08525
Gorai.001G105600.1.A	634	528.505	8.16667	0.612888
Gorai.001G105600.1.D	634	528.505	5.83333	0.437777
Gorai.001G105700.1.A	460	354.551	7	0.783076
Gorai.001G105700.1.D	460	354.551	0	0
Gorai.001G105800.1.A	1533	1427.5	0	0
Gorai.001G105800.1.D	1533	1427.5	0	0
Gorai.001G105900.1.A	2201	2095.5	325.886	6.16825
Gorai.001G105900.1.D	2201	2095.5	224.114	4.24195
Gorai.001G106000.1.A	927	821.505	0	0
Gorai.001G106000.1.D	927	821.505	0	0
Gorai.001G106100.1.A	263	157.894	5.61832e-07	1.41132e-07
Gorai.001G106100.1.D	263	157.894	47	11.8064
Gorai.001G106200.1.A	1004	898.505	0	0
Gorai.001G106200.1.D	1004	898.505	0	0
Gorai.001G106300.1.A	1014	908.505	0	0
Gorai.001G106300.1.D	1014	908.505	4	0.17463
Gorai.001G106400.1.A	1195	1089.5	15.0972	0.549608
Gorai.001G106400.1.D	1195	1089.5	15.0972	0.549608
Gorai.001G106500.1.A	2526	2420.5	0	0
Gorai.001G106500.1.D	2526	2420.5	0	0
Gorai.001G106600.1.A	1056	950.505	2	0.0834566
Gorai.001G106600.1.D	1056	950.505	0	0
Gorai.001G106700.1.A	839	733.505	0	0
Gorai.001G106700.1.D	839	733.505	0	0
Gorai.001G106800.1.A	3879	3773.5	875.7	9.20439
Gorai.001G106800.1.D	3879	3773.5	1151.3	12.1012
Gorai.001G106900.1.A	946	840.505	8	0.377515
Gorai.001G106900.1.D	946	840.505	20	0.943789
Gorai.001G107000.1.A	3383	3277.5	1410.43	17.0684
Gorai.001G107000.1.D	3383	3277.5	240.574	2.91133
Gorai.001G107100.1.A	357	251.63	0	0
Gorai.001G107100.1.D	357	251.63	0	0
Gorai.001G107200.1.A	2196	2090.5	7.875	0.149412
Gorai.001G107200.1.D	2196	2090.5	28.125	0.533613
Gorai.001G107300.1.A	1985	1879.5	94.7332	1.99914
Gorai.001G107300.1.D	1985	1879.5	593.267	12.5196
Gorai.001G107400.1.A	1833	1727.5	161.902	3.71721
Gorai.001G107400.1.D	1833	1727.5	335.098	7.69375
Gorai.001G107500.1.A	516	410.551	0	0
Gorai.001G107500.1.D	516	410.551	0	0
Gorai.001G107600.1.A	978	872.505	630.508	28.6621
Gorai.001G107600.1.D	978	872.505	469.492	21.3425
Gorai.001G107700.1.A	495	389.551	0	0
Gorai.001G107700.1.D	495	389.551	0	0
Gorai.001G107800.1.A	1193	1087.5	3	0.109415
Gorai.001G107800.1.D	1193	1087.5	0	0
Gorai.001G107900.1.A	1178	1072.5	0	0
Gorai.001G107900.1.D	1178	1072.5	0	0
Gorai.001G108000.1.A	2232	2126.5	29	0.540899
Gorai.001G108000.1.D	2232	2126.5	0	0
Gorai.001G108100.1.A	615	509.505	0	0
Gorai.001G108100.1.D	615	509.505	0	0
Gorai.001G108200.1.A	1023	917.505	489.529	21.1619
Gorai.001G108200.1.D	1023	917.505	498.471	21.5485
Gorai.001G108300.1.A	1112	1006.5	117.871	4.6449
Gorai.001G108300.1.D	1112	1006.5	143.129	5.64023
Gorai.001G108400.1.A	841	735.505	7.5	0.404446
Gorai.001G108400.1.D	841	735.505	2.5	0.134815
Gorai.001G108500.1.A	2142	2036.5	485.667	9.45884
Gorai.001G108500.1.D	2142	2036.5	971.333	18.9177
Gorai.001G108600.1.A	2810	2704.5	0	0
Gorai.001G108600.1.D	2810	2704.5	0	0
Gorai.001G108700.1.A	1206	1100.5	1.85694	0.0669253
Gorai.001G108700.1.D	1206	1100.5	30.2365	1.08974
Gorai.001G108800.1.A	1086	980.505	1297.43	52.4833
Gorai.001G108800.1.D	1086	980.505	3134.79	126.807
Gorai.001G108900.1.A	1112	1006.5	0	0
Gorai.001G108900.1.D	1112	1006.5	0	0
Gorai.001G109000.1.A	795	689.505	0	0
Gorai.001G109000.1.D	795	689.505	0	0
Gorai.001G109100.1.A	1872	1766.5	32.4407	0.728383
Gorai.001G109100.1.D	1872	1766.5	33.5593	0.7535
Gorai.001G109200.1.A	529	423.551	2.56977	0.240643
Gorai.001G109200.1.D	529	423.551	2.56977	0.240643
Gorai.001G109300.1.A	1736	1630.5	9.8	0.23839
Gorai.001G109300.1.D	1736	1630.5	32.2	0.783283
Gorai.001G109400.1.A	1431	1325.5	42.7778	1.28004
Gorai.001G109400.1.D	1431	1325.5	12.2222	0.365724
Gorai.001G109500.1.A	2650	2544.5	298.381	4.65107
Gorai.001G109500.1.D	2650	2544.5	310.269	4.83638
Gorai.001G109600.1.A	1704	1598.5	10.1207	0.251121
Gorai.001G109600.1.D	1704	1598.5	30.3622	0.753363
Gorai.001G109700.1.A	563	457.551	0	0
Gorai.001G109700.1.D	563	457.551	0	0
Gorai.001G109800.1.A	2257	2151.5	799.205	14.7333
Gorai.001G109800.1.D	2257	2151.5	631.795	11.6471
Gorai.001G109900.1.A	1650	1544.5	591.746	15.1961
Gorai.001G109900.1.D	1650	1544.5	653.254	16.7756
Gorai.001G110000.1.A	923	817.505	7	0.33962
Gorai.001G110000.1.D	923	817.505	0	0
Gorai.001G110100.1.A	1760	1654.5	327.59	7.85322
Gorai.001G110100.1.D	1760	1654.5	738.377	17.7009
Gorai.001G110200.1.A	1427	1321.5	0	0
Gorai.001G110200.1.D	1427	1321.5	2	0.0600269
Gorai.001G110300.1.A	510	404.551	0	0
Gorai.001G110300.1.D	510	404.551	82	8.03943
Gorai.001G110400.1.A	1528	1422.5	0	0
Gorai.001G110400.1.D	1528	1422.5	3.0019	0.0837003
Gorai.001G110500.1.A	1673	1567.5	211.601	5.3542
Gorai.001G110500.1.D	1673	1567.5	138.399	3.50193
Gorai.001G110600.1.A	1906	1800.5	20.0909	0.442578
Gorai.001G110600.1.D	1906	1800.5	18.9091	0.416544
Gorai.001G110700.1.A	847	741.505	7.88148	0.421579
Gorai.001G110700.1.D	847	741.505	144.119	7.70887
Gorai.001G110800.1.A	1726	1620.5	1709.29	41.836
Gorai.001G110800.1.D	1726	1620.5	1808.71	44.2694
Gorai.001G110900.1.A	428	322.583	1	0.122954
Gorai.001G110900.1.D	428	322.583	0	0
Gorai.001G111000.1.A	381	275.583	0	0
Gorai.001G111000.1.D	381	275.583	0	0
Gorai.001G111100.1.A	1034	928.505	3794.37	162.084
Gorai.001G111100.1.D	1034	928.505	8859.63	378.457
Gorai.001G111200.1.A	1866	1760.5	0	0
Gorai.001G111200.1.D	1866	1760.5	7	0.157705
Gorai.001G111300.1.A	1459	1353.5	63.6522	1.86526
Gorai.001G111300.1.D	1459	1353.5	80.3478	2.3545
Gorai.001G111400.1.A	872	766.505	4	0.206981
Gorai.001G111400.1.D	872	766.505	2	0.10349
Gorai.001G111500.1.A	3312	3206.5	29.9718	0.370737
Gorai.001G111500.1.D	3312	3206.5	46.0282	0.569347
Gorai.001G111600.1.A	2989	2883.5	514.017	7.07036
Gorai.001G111600.1.D	2989	2883.5	138.983	1.91173
Gorai.001G111700.1.A	1751	1645.5	0	0
Gorai.001G111700.1.D	1751	1645.5	0	0
Gorai.001G111800.1.A	546	440.551	0	0
Gorai.001G111800.1.D	546	440.551	0	0
Gorai.001G111900.1.A	2047	1941.5	205.955	4.20744
Gorai.001G111900.1.D	2047	1941.5	1.04545	0.0213576
Gorai.001G112000.1.A	4140	4034.5	1536.21	15.1023
Gorai.001G112000.1.D	4140	4034.5	731.793	7.19421
Gorai.001G112100.1.A	1007	901.505	37.5824	1.65349
Gorai.001G112100.1.D	1007	901.505	57.4176	2.52617
Gorai.001G112200.1.A	1660	1554.5	78.8411	2.01162
Gorai.001G112200.1.D	1660	1554.5	32.1589	0.820529
Gorai.001G112300.1.A	2857	2751.5	90.2637	1.30115
Gorai.001G112300.1.D	2857	2751.5	131.736	1.89898
Gorai.001G112400.1.A	447	341.583	0	0
Gorai.001G112400.1.D	447	341.583	0	0
Gorai.001G112500.1.A	1933	1827.5	1359.74	29.5109
Gorai.001G112500.1.D	1933	1827.5	1249.26	27.1131
Gorai.001G112600.1.A	2112	2006.5	8.51351	0.168288
Gorai.001G112600.1.D	2112	2006.5	36.4865	0.721235
Gorai.001G112700.1.A	546	440.551	0	0
Gorai.001G112700.1.D	546	440.551	0	0
Gorai.001G112800.1.A	1639	1533.5	349.81	9.04756
Gorai.001G112800.1.D	1639	1533.5	943.19	24.3949
Gorai.001G112900.1.A	1146	1040.5	0	0
Gorai.001G112900.1.D	1146	1040.5	24	0.914855
Gorai.001G113000.1.A	1183	1077.5	260.991	9.60706
Gorai.001G113000.1.D	1183	1077.5	254.069	9.35226
Gorai.001G113100.1.A	868	762.505	0	0
Gorai.001G113100.1.D	868	762.505	0	0
Gorai.001G113200.1.A	1615	1509.5	0.5	0.0131377
Gorai.001G113200.1.D	1615	1509.5	0.5	0.0131377
Gorai.001G113300.1.A	1817	1711.5	0	0
Gorai.001G113300.1.D	1817	1711.5	0	0
Gorai.001G113400.1.A	1329	1223.5	0	0
Gorai.001G113400.1.D	1329	1223.5	0	0
Gorai.001G113500.1.A	941	835.505	3.5	0.166151
Gorai.001G113500.1.D	941	835.505	3.5	0.166151
Gorai.001G113600.1.A	1319	1213.5	36.25	1.18482
Gorai.001G113600.1.D	1319	1213.5	18.75	0.612837
Gorai.001G113700.1.A	243	138.135	0	0
Gorai.001G113700.1.D	243	138.135	0	0
Gorai.001G113800.1.A	2069	1963.5	54.4	1.09888
Gorai.001G113800.1.D	2069	1963.5	217.6	4.39554
Gorai.001G113900.1.A	1646	1540.5	2	0.0514934
Gorai.001G113900.1.D	1646	1540.5	8	0.205974
Gorai.001G114000.1.A	1631	1525.5	49	1.27399
Gorai.001G114000.1.D	1631	1525.5	0	0
Gorai.001G114100.1.A	1135	1029.5	29	1.11726
Gorai.001G114100.1.D	1135	1029.5	4	0.154105
Gorai.001G114200.1.A	369	263.583	0	0
Gorai.001G114200.1.D	369	263.583	0	0
Gorai.001G114300.1.A	1480	1374.5	57	1.6448
Gorai.001G114300.1.D	1480	1374.5	1	0.0288562
Gorai.001G114400.1.A	1922	1816.5	9	0.196513
Gorai.001G114400.1.D	1922	1816.5	0	0
Gorai.001G114500.1.A	990	884.505	1027.19	46.0612
Gorai.001G114500.1.D	990	884.505	573.81	25.7308
Gorai.001G114600.1.A	1467	1361.5	442.935	12.9035
Gorai.001G114600.1.D	1467	1361.5	316.065	9.2075
Gorai.001G114700.1.A	1905	1799.5	80.3621	1.77126
Gorai.001G114700.1.D	1905	1799.5	37.6379	0.829579
Gorai.001G114800.1.A	1815	1709.5	17.92	0.415769
Gorai.001G114800.1.D	1815	1709.5	10.08	0.23387
Gorai.001G114900.1.A	2238	2132.5	98.1156	1.82487
Gorai.001G114900.1.D	2238	2132.5	108.884	2.02517
Gorai.001G115000.1.A	578	472.551	42	3.52521
Gorai.001G115000.1.D	578	472.551	0	0
Gorai.001G115100.1.A	1764	1658.5	5	0.119574
Gorai.001G115100.1.D	1764	1658.5	5	0.119574
Gorai.001G115200.1.A	1946	1840.5	18.0574	0.389138
Gorai.001G115200.1.D	1946	1840.5	450.046	9.69851
Gorai.001G115300.1.A	1934	1828.5	16.8	0.364417
Gorai.001G115300.1.D	1934	1828.5	11.2	0.242944
Gorai.001G115400.1.A	2442	2336.5	22.6087	0.38379
Gorai.001G115400.1.D	2442	2336.5	3.3913	0.0575685
Gorai.001G115500.1.A	2216	2110.5	616.634	11.5885
Gorai.001G115500.1.D	2216	2110.5	348.366	6.54688
Gorai.001G115600.1.A	711	605.505	93	6.09187
Gorai.001G115600.1.D	711	605.505	39	2.55465
Gorai.001G115700.1.A	4895	4789.5	23.3776	0.193595
Gorai.001G115700.1.D	4895	4789.5	427.941	3.54387
Gorai.001G115800.1.A	2490	2384.5	0	0
Gorai.001G115800.1.D	2490	2384.5	0	0
Gorai.001G115900.1.A	444	338.583	0	0
Gorai.001G115900.1.D	444	338.583	0	0
Gorai.001G116000.1.A	4639	4533.5	46.8104	0.409537
Gorai.001G116000.1.D	4639	4533.5	18.871	0.165099
Gorai.001G116100.1.A	2530	2424.5	169.21	2.76815
Gorai.001G116100.1.D	2530	2424.5	219.154	3.58518
Gorai.001G116200.1.A	2162	2056.5	138.789	2.67677
Gorai.001G116200.1.D	2162	2056.5	63.2109	1.21912
Gorai.001G116300.1.A	726	620.505	0	0
Gorai.001G116300.1.D	726	620.505	0	0
Gorai.001G116400.1.A	2681	2575.5	60.9935	0.939305
Gorai.001G116400.1.D	2681	2575.5	102.006	1.57091
Gorai.001G116500.1.A	1344	1238.5	77.2326	2.47336
Gorai.001G116500.1.D	1344	1238.5	3.76744	0.120652
Gorai.001G116600.1.A	1897	1791.5	249.779	5.52997
Gorai.001G116600.1.D	1897	1791.5	229.221	5.07483
Gorai.001G116700.1.A	4053	3947.5	49.6154	0.498515
Gorai.001G116700.1.D	4053	3947.5	10.3846	0.10434
Gorai.001G116800.1.A	360	254.63	0.641645	0.0999471
Gorai.001G116800.1.D	360	254.63	0.641645	0.0999471
Gorai.001G116900.1.A	1480	1374.5	44.9577	1.29731
Gorai.001G116900.1.D	1480	1374.5	31.0423	0.895761
Gorai.001G117000.1.A	2163	2057.5	18	0.34699
Gorai.001G117000.1.D	2163	2057.5	22	0.424099
Gorai.001G117100.1.A	1675	1569.5	809.151	20.4481
Gorai.001G117100.1.D	1675	1569.5	380.849	9.62442
Gorai.001G117200.1.A	2018	1912.5	123.885	2.56923
Gorai.001G117200.1.D	2018	1912.5	134.115	2.78137
Gorai.001G117300.1.A	1386	1280.5	169.279	5.24333
Gorai.001G117300.1.D	1386	1280.5	262.721	8.13764
Gorai.001G117400.1.A	832	726.505	109.966	6.00352
Gorai.001G117400.1.D	832	726.505	65.0338	3.55047
Gorai.001G117500.1.A	3570	3464.5	328.374	3.75935
Gorai.001G117500.1.D	3570	3464.5	281.626	3.22416
Gorai.001G117600.1.A	3562	3456.5	4016.73	46.0914
Gorai.001G117600.1.D	3562	3456.5	5029.27	57.7103
Gorai.001G117700.1.A	521	415.551	0	0
Gorai.001G117700.1.D	521	415.551	0	0
Gorai.001G117800.1.A	336	230.63	0	0
Gorai.001G117800.1.D	336	230.63	19	3.26755
Gorai.001G117900.1.A	1077	971.505	0	0
Gorai.001G117900.1.D	1077	971.505	6	0.244958
Gorai.001G118000.1.A	561	455.551	0	0
Gorai.001G118000.1.D	561	455.551	0	0
Gorai.001G118100.1.A	1693	1587.5	61.1288	1.52727
Gorai.001G118100.1.D	1693	1587.5	126.871	3.16981
Gorai.001G118200.1.A	1734	1628.5	96.0867	2.34023
Gorai.001G118200.1.D	1734	1628.5	106.913	2.60392
Gorai.001G118300.1.A	1479	1373.5	0	0
Gorai.001G118300.1.D	1479	1373.5	0	0
Gorai.001G118400.1.A	1994	1888.5	1009.59	21.2038
Gorai.001G118400.1.D	1994	1888.5	143.408	3.0119
Gorai.001G118500.1.A	1739	1633.5	4	0.0971235
Gorai.001G118500.1.D	1739	1633.5	5	0.121404
Gorai.001G118600.1.A	2049	1943.5	146.801	2.9959
Gorai.001G118600.1.D	2049	1943.5	25.4757	0.519907
Gorai.001G118700.1.A	1601	1495.5	2.71493	0.0720037
Gorai.001G118700.1.D	1601	1495.5	9.00867	0.238923
Gorai.001G118800.1.A	2904	2798.5	2.5	0.0354323
Gorai.001G118800.1.D	2904	2798.5	2.5	0.0354323
Gorai.001G118900.1.A	1779	1673.5	670.529	15.8919
Gorai.001G118900.1.D	1779	1673.5	4093.47	97.0174
Gorai.001G119000.1.A	3046	2940.5	34.5714	0.466316
Gorai.001G119000.1.D	3046	2940.5	9.42857	0.127177
Gorai.001G119100.1.A	1413	1307.5	11.9565	0.362699
Gorai.001G119100.1.D	1413	1307.5	38.0435	1.15404
Gorai.001G119200.1.A	570	464.551	0	0
Gorai.001G119200.1.D	570	464.551	0	0
Gorai.001G119300.1.A	1226	1120.5	3	0.106192
Gorai.001G119300.1.D	1226	1120.5	5	0.176987
Gorai.001G119400.1.A	3002	2896.5	56.0144	0.767027
Gorai.001G119400.1.D	3002	2896.5	88.3289	1.20952
Gorai.001G119500.1.A	3110	3004.5	72.2217	0.95341
Gorai.001G119500.1.D	3110	3004.5	59.435	0.78461
Gorai.001G119600.1.A	802	696.505	0	0
Gorai.001G119600.1.D	802	696.505	1	0.0569457
Gorai.001G119700.1.A	1851	1745.5	0	0
Gorai.001G119700.1.D	1851	1745.5	0	0
Gorai.001G119800.1.A	2979	2873.5	135.1	1.86478
Gorai.001G119800.1.D	2979	2873.5	250.9	3.46317
Gorai.001G119900.1.A	237	132.247	28.7778	8.63088
Gorai.001G119900.1.D	237	132.247	8.22222	2.46596
Gorai.001G120000.1.A	1527	1421.5	0	0
Gorai.001G120000.1.D	1527	1421.5	3.17017	0.0884543
Gorai.001G120100.1.A	948	842.505	0	0
Gorai.001G120100.1.D	948	842.505	0	0
Gorai.001G120200.1.A	1360	1254.5	2	0.0632328
Gorai.001G120200.1.D	1360	1254.5	2	0.0632328
Gorai.001G120300.1.A	972	866.505	116.667	5.34024
Gorai.001G120300.1.D	972	866.505	9.33333	0.427219
Gorai.001G120400.1.A	3322	3216.5	1	0.0123311
Gorai.001G120400.1.D	3322	3216.5	1	0.0123311
Gorai.001G120500.1.A	1137	1031.5	33.401	1.28432
Gorai.001G120500.1.D	1137	1031.5	33.401	1.28432
Gorai.001G120600.1.A	2123	2017.5	3545.43	69.7011
Gorai.001G120600.1.D	2123	2017.5	1106.57	21.7545
Gorai.001G120700.1.A	2329	2223.5	375.149	6.69192
Gorai.001G120700.1.D	2329	2223.5	325.851	5.81254
Gorai.001G120800.1.A	907	801.505	2251.61	111.422
Gorai.001G120800.1.D	907	801.505	493.389	24.4157
Gorai.001G120900.1.A	1293	1187.5	69.4013	2.31802
Gorai.001G120900.1.D	1293	1187.5	66.5306	2.22214
Gorai.001G121000.1.A	3036	2930.5	4.28571	0.058005
Gorai.001G121000.1.D	3036	2930.5	10.7143	0.145013
Gorai.001G121100.1.A	2329	2223.5	90.9441	1.62226
Gorai.001G121100.1.D	2329	2223.5	72.5326	1.29384
Gorai.001G121200.1.A	2519	2413.5	963.057	15.8266
Gorai.001G121200.1.D	2519	2413.5	1144.47	18.8079
Gorai.001G121300.1.A	2946	2840.5	22.6316	0.316012
Gorai.001G121300.1.D	2946	2840.5	20.3684	0.284411
Gorai.001G121400.1.A	1878	1772.5	677.354	15.157
Gorai.001G121400.1.D	1878	1772.5	655.53	14.6686
Gorai.001G121500.1.A	1129	1023.5	166.969	6.47041
Gorai.001G121500.1.D	1129	1023.5	49.0307	1.90004
Gorai.001G121600.1.A	1191	1085.5	600.993	21.9595
Gorai.001G121600.1.D	1191	1085.5	158.007	5.77339
Gorai.001G121700.1.A	1715	1609.5	0	0
Gorai.001G121700.1.D	1715	1609.5	3	0.0739288
Gorai.001G121800.1.A	580	474.551	0	0
Gorai.001G121800.1.D	580	474.551	0	0
Gorai.001G121900.1.A	1754	1648.5	597.664	14.3798
Gorai.001G121900.1.D	1754	1648.5	470.336	11.3163
Gorai.001G122000.1.A	2255	2149.5	0	0
Gorai.001G122000.1.D	2255	2149.5	6	0.110713
Gorai.001G122100.1.A	1890	1784.5	167.626	3.72572
Gorai.001G122100.1.D	1890	1784.5	217.374	4.83141
Gorai.001G122200.1.A	2319	2213.5	63.7262	1.14189
Gorai.001G122200.1.D	2319	2213.5	37.2738	0.667895
Gorai.001G122300.1.A	1820	1714.5	40	0.92535
Gorai.001G122300.1.D	1820	1714.5	0	0
Gorai.001G122400.1.A	1395	1289.5	508.098	15.6282
Gorai.001G122400.1.D	1395	1289.5	278.902	8.57854
Gorai.001G122500.1.A	1858	1752.5	1.22222	0.0276615
Gorai.001G122500.1.D	1858	1752.5	20.7778	0.470246
Gorai.001G122600.1.A	1309	1203.5	1506.05	49.6337
Gorai.001G122600.1.D	1309	1203.5	1171.95	38.623
Gorai.001G122700.1.A	576	470.551	407.393	34.3393
Gorai.001G122700.1.D	576	470.551	243.607	20.5337
Gorai.001G122800.1.A	1978	1872.5	43.0606	0.912099
Gorai.001G122800.1.D	1978	1872.5	54.9394	1.16371
Gorai.001G122900.1.A	1693	1587.5	731.294	18.271
Gorai.001G122900.1.D	1693	1587.5	563.706	14.0839
Gorai.001G123000.1.A	1427	1321.5	20.4944	0.615108
Gorai.001G123000.1.D	1427	1321.5	75.5056	2.26619
Gorai.001G123100.1.A	1498	1392.5	6.26415	0.178423
Gorai.001G123100.1.D	1498	1392.5	325.736	9.27799
Gorai.001G123200.1.A	747	641.505	0	0
Gorai.001G123200.1.D	747	641.505	29	1.79301
Gorai.001G123300.1.A	2547	2441.5	73.7484	1.19806
Gorai.001G123300.1.D	2547	2441.5	87.2516	1.41743
Gorai.001G123400.1.A	1668	1562.5	561.728	14.259
Gorai.001G123400.1.D	1668	1562.5	237.272	6.02296
Gorai.001G123500.1.A	787	681.505	135	7.85688
Gorai.001G123500.1.D	787	681.505	282	16.4121
Gorai.001G123600.1.A	1323	1217.5	34.4712	1.12298
Gorai.001G123600.1.D	1323	1217.5	788.529	25.6881
Gorai.001G123700.1.A	594	488.551	16	1.29896
Gorai.001G123700.1.D	594	488.551	0	0
Gorai.001G123800.1.A	381	275.583	1	0.143924
Gorai.001G123800.1.D	381	275.583	0	0
Gorai.001G123900.1.A	1998	1892.5	157.44	3.29961
Gorai.001G123900.1.D	1998	1892.5	170.56	3.57458
Gorai.001G124000.1.A	1551	1445.5	231.613	6.35518
Gorai.001G124000.1.D	1551	1445.5	146.387	4.01669
Gorai.001G124100.1.A	1155	1049.5	317.63	12.0039
Gorai.001G124100.1.D	1155	1049.5	351.37	13.279
Gorai.001G124200.1.A	1032	926.505	4	0.171237
Gorai.001G124200.1.D	1032	926.505	0	0
Gorai.001G124300.1.A	339	233.63	0	0
Gorai.001G124300.1.D	339	233.63	0	0
Gorai.001G124400.1.A	633	527.505	0	0
Gorai.001G124400.1.D	633	527.505	0	0
Gorai.001G124500.1.A	1242	1136.5	176.682	6.16604
Gorai.001G124500.1.D	1242	1136.5	341.318	11.9117
Gorai.001G124600.1.A	1682	1576.5	79.4012	1.99764
Gorai.001G124600.1.D	1682	1576.5	115.599	2.90833
Gorai.001G124700.1.A	438	332.583	6	0.715543
Gorai.001G124700.1.D	438	332.583	11	1.31183
Gorai.001G124800.1.A	4249	4143.5	1210.6	11.5882
Gorai.001G124800.1.D	4249	4143.5	983.344	9.41288
Gorai.001G124900.1.A	450	344.583	0	0
Gorai.001G124900.1.D	450	344.583	0	0
Gorai.001G125000.1.A	596	490.551	5	0.404269
Gorai.001G125000.1.D	596	490.551	1	0.0808538
Gorai.001G125100.1.A	1347	1241.5	0	0
Gorai.001G125100.1.D	1347	1241.5	0	0
Gorai.001G125200.1.A	3712	3606.5	409.15	4.49967
Gorai.001G125200.1.D	3712	3606.5	113.85	1.25208
Gorai.001G125300.1.A	1783	1677.5	3	0.070932
Gorai.001G125300.1.D	1783	1677.5	0	0
Gorai.001G125400.1.A	3223	3117.5	198.561	2.52622
Gorai.001G125400.1.D	3223	3117.5	148.439	1.88854
Gorai.001G125500.1.A	655	549.505	0	0
Gorai.001G125500.1.D	655	549.505	0	0
Gorai.001G125600.1.A	818	712.505	2	0.111334
Gorai.001G125600.1.D	818	712.505	3	0.167001
Gorai.001G125700.1.A	1218	1112.5	0	0
Gorai.001G125700.1.D	1218	1112.5	0	0
Gorai.001G125800.1.A	1260	1154.5	0	0
Gorai.001G125800.1.D	1260	1154.5	0	0
Gorai.001G125900.1.A	201	97.3325	0	0
Gorai.001G125900.1.D	201	97.3325	0	0
Gorai.001G126000.1.A	1919	1813.5	2	0.0437418
Gorai.001G126000.1.D	1919	1813.5	0	0
Gorai.001G126100.1.A	827	721.505	0	0
Gorai.001G126100.1.D	827	721.505	0	0
Gorai.001G126200.1.A	2280	2174.5	108.424	1.97765
Gorai.001G126200.1.D	2280	2174.5	86.5377	1.57845
Gorai.001G126300.1.A	1865	1759.5	6.22785	0.140389
Gorai.001G126300.1.D	1865	1759.5	12.8106	0.288777
Gorai.001G126400.1.A	952	846.505	4	0.18742
Gorai.001G126400.1.D	952	846.505	43	2.01476
Gorai.001G126500.1.A	801	695.505	7	0.399193
Gorai.001G126500.1.D	801	695.505	9	0.513248
Gorai.001G126600.1.A	264	158.879	0	0
Gorai.001G126600.1.D	264	158.879	0	0
Gorai.001G126700.1.A	1811	1705.5	165.045	3.83825
Gorai.001G126700.1.D	1811	1705.5	326.955	7.60362
Gorai.001G126800.1.A	939	833.505	20.5871	0.979654
Gorai.001G126800.1.D	939	833.505	20.5871	0.979654
Gorai.001G126900.1.A	1648	1542.5	19.5652	0.503087
Gorai.001G126900.1.D	1648	1542.5	5.43478	0.139746
Gorai.001G127000.1.A	1294	1188.5	8.25	0.27532
Gorai.001G127000.1.D	1294	1188.5	2.75	0.0917734
Gorai.001G127100.1.A	4576	4470.5	2936.51	26.0531
Gorai.001G127100.1.D	4576	4470.5	2085.76	18.5052
Gorai.001G127200.1.A	2463	2357.5	49.8043	0.837913
Gorai.001G127200.1.D	2463	2357.5	216.196	3.6373
Gorai.001G127300.1.A	2664	2558.5	75.2247	1.16616
Gorai.001G127300.1.D	2664	2558.5	27.7753	0.430583
Gorai.001G127400.1.A	558	452.551	1	0.087643
Gorai.001G127400.1.D	558	452.551	0	0
Gorai.001G127500.1.A	1092	986.505	189.47	7.61775
Gorai.001G127500.1.D	1092	986.505	83.5299	3.35836
Gorai.001G127600.1.A	1263	1157.5	5	0.17133
Gorai.001G127600.1.D	1263	1157.5	1	0.0342659
Gorai.001G127700.1.A	753	647.505	0	0
Gorai.001G127700.1.D	753	647.505	0	0
Gorai.001G127800.1.A	4380	4274.5	1	0.00927896
Gorai.001G127800.1.D	4380	4274.5	2	0.0185579
Gorai.001G127900.1.A	1202	1096.5	0	0
Gorai.001G127900.1.D	1202	1096.5	0	0
Gorai.001G128000.1.A	693	587.505	0	0
Gorai.001G128000.1.D	693	587.505	0	0
Gorai.001G128100.1.A	892	786.505	4011.15	202.28
Gorai.001G128100.1.D	892	786.505	2589.85	130.605
Gorai.001G128200.1.A	2777	2671.5	199.2	2.95746
Gorai.001G128200.1.D	2777	2671.5	238.8	3.54538
Gorai.001G128300.1.A	345	239.63	0	0
Gorai.001G128300.1.D	345	239.63	0	0
Gorai.001G128400.1.A	1616	1510.5	0	0
Gorai.001G128400.1.D	1616	1510.5	0	0
Gorai.001G128500.1.A	367	261.583	0	0
Gorai.001G128500.1.D	367	261.583	0	0
Gorai.001G128600.1.A	1332	1226.5	0	0
Gorai.001G128600.1.D	1332	1226.5	0	0
Gorai.001G128700.1.A	1393	1287.5	0	0
Gorai.001G128700.1.D	1393	1287.5	0	0
Gorai.001G128800.1.A	1357	1251.5	238.03	7.54371
Gorai.001G128800.1.D	1357	1251.5	454.97	14.419
Gorai.001G128900.1.A	1064	958.505	0	0
Gorai.001G128900.1.D	1064	958.505	134.187	5.55267
Gorai.001G129000.1.A	1872	1766.5	393.982	8.846
Gorai.001G129000.1.D	1872	1766.5	67.0176	1.50473
Gorai.001G129100.1.A	1844	1738.5	0	0
Gorai.001G129100.1.D	1844	1738.5	1	0.0228144
Gorai.001G129200.1.A	804	698.505	0	0
Gorai.001G129200.1.D	804	698.505	0	0
Gorai.001G129300.1.A	4569	4463.5	12	0.106633
Gorai.001G129300.1.D	4569	4463.5	5	0.0444303
Gorai.001G129400.1.A	2604	2498.5	138.838	2.20401
Gorai.001G129400.1.D	2604	2498.5	89.162	1.41542
Gorai.001G129500.1.A	1437	1331.5	9	0.268093
Gorai.001G129500.1.D	1437	1331.5	9	0.268093
Gorai.001G129600.1.A	921	815.505	46	2.23726
Gorai.001G129600.1.D	921	815.505	3	0.145908
Gorai.001G129700.1.A	1077	971.505	2	0.0816526
Gorai.001G129700.1.D	1077	971.505	2	0.0816526
Gorai.001G129800.1.A	2209	2103.5	517.332	9.75462
Gorai.001G129800.1.D	2209	2103.5	149.668	2.82209
Gorai.001G129900.1.A	1181	1075.5	84.6388	3.12135
Gorai.001G129900.1.D	1181	1075.5	180.361	6.65144
Gorai.001G130000.1.A	854	748.505	0	0
Gorai.001G130000.1.D	854	748.505	6	0.317937
Gorai.001G130100.1.A	1976	1870.5	976.767	20.7118
Gorai.001G130100.1.D	1976	1870.5	877.233	18.6012
Gorai.001G130200.1.A	1748	1642.5	33.0154	0.79725
Gorai.001G130200.1.D	1748	1642.5	40.9846	0.98969
Gorai.001G130300.1.A	1012	906.505	268.718	11.7574
Gorai.001G130300.1.D	1012	906.505	448.282	19.614
Gorai.001G130400.1.A	468	362.551	0	0
Gorai.001G130400.1.D	468	362.551	0	0
Gorai.001G130500.1.A	246	141.071	0	0
Gorai.001G130500.1.D	246	141.071	0	0
Gorai.001G130600.1.A	2512	2406.5	133.074	2.19327
Gorai.001G130600.1.D	2512	2406.5	151.926	2.50398
Gorai.001G130700.1.A	1865	1759.5	7617.47	171.714
Gorai.001G130700.1.D	1865	1759.5	6419.09	144.7
Gorai.001G130800.1.A	2241	2135.5	1.14474	0.0212613
Gorai.001G130800.1.D	2241	2135.5	85.8553	1.5946
Gorai.001G130900.1.A	894	788.505	0	0
Gorai.001G130900.1.D	894	788.505	0	0
Gorai.001G131000.1.A	2544	2438.5	26.6667	0.433741
Gorai.001G131000.1.D	2544	2438.5	5.33333	0.0867481
Gorai.001G131100.1.A	1207	1101.5	3.11548	0.112182
Gorai.001G131100.1.D	1207	1101.5	82.5194	2.97136
Gorai.001G131200.1.A	1300	1194.5	4172.56	138.548
Gorai.001G131200.1.D	1300	1194.5	2558.44	84.9516
Gorai.001G131300.1.A	1246	1140.5	119.318	4.14949
Gorai.001G131300.1.D	1246	1140.5	80.6818	2.80584
Gorai.001G131400.1.A	1807	1701.5	163.329	3.80728
Gorai.001G131400.1.D	1807	1701.5	89.6709	2.09027
Gorai.001G131500.1.A	729	623.505	2	0.127226
Gorai.001G131500.1.D	729	623.505	0	0
Gorai.001G131600.1.A	1260	1154.5	3.75	0.128831
Gorai.001G131600.1.D	1260	1154.5	1.25	0.0429437
Gorai.001G131700.1.A	1273	1167.5	0	0
Gorai.001G131700.1.D	1273	1167.5	1	0.0339724
Gorai.001G131800.1.A	831	725.505	0	0
Gorai.001G131800.1.D	831	725.505	0	0
Gorai.001G131900.1.A	2702	2596.5	7	0.106929
Gorai.001G131900.1.D	2702	2596.5	0	0
Gorai.001G132000.1.A	1712	1606.5	5	0.123445
Gorai.001G132000.1.D	1712	1606.5	0	0
Gorai.001G132100.1.A	1721	1615.5	162.587	3.99175
Gorai.001G132100.1.D	1721	1615.5	147.413	3.61919
Gorai.001G132200.1.A	1962	1856.5	37.8889	0.80947
Gorai.001G132200.1.D	1962	1856.5	83.1111	1.77561
Gorai.001G132300.1.A	374	268.583	3	0.443024
Gorai.001G132300.1.D	374	268.583	3	0.443024
Gorai.001G132400.1.A	2254	2148.5	924.524	17.0674
Gorai.001G132400.1.D	2254	2148.5	1137.48	20.9986
Gorai.001G132500.1.A	1784	1678.5	91.5939	2.16436
Gorai.001G132500.1.D	1784	1678.5	9919.41	234.395
Gorai.001G132600.1.A	1525	1419.5	1487.01	41.5491
Gorai.001G132600.1.D	1525	1419.5	1223.99	34.2001
Gorai.001G132700.1.A	1194	1088.5	26.9538	0.982144
Gorai.001G132700.1.D	1194	1088.5	46.0462	1.67783
Gorai.001G132800.1.A	1202	1096.5	150	5.42582
Gorai.001G132800.1.D	1202	1096.5	5	0.180861
Gorai.001G132900.1.A	2039	1933.5	544.923	11.1783
Gorai.001G132900.1.D	2039	1933.5	29.0769	0.596469
Gorai.001G133000.1.A	1745	1639.5	1355.85	32.8008
Gorai.001G133000.1.D	1745	1639.5	283.15	6.84996
Gorai.001G133100.1.A	948	842.505	0	0
Gorai.001G133100.1.D	948	842.505	0	0
Gorai.001G133200.1.A	1947	1841.5	751.157	16.1787
Gorai.001G133200.1.D	1947	1841.5	683.843	14.7288
Gorai.001G133300.1.A	464	358.551	2	0.22124
Gorai.001G133300.1.D	464	358.551	1	0.11062
Gorai.001G133400.1.A	701	595.505	8	0.532831
Gorai.001G133400.1.D	701	595.505	25	1.6651
Gorai.001G133500.1.A	2881	2775.5	1114.78	15.9306
Gorai.001G133500.1.D	2881	2775.5	1137.22	16.2513
Gorai.001G133600.1.A	1712	1606.5	124.245	3.06749
Gorai.001G133600.1.D	1712	1606.5	192.755	4.75891
Gorai.001G133700.1.A	3841	3735.5	439.355	4.66499
Gorai.001G133700.1.D	3841	3735.5	656.752	6.97328
Gorai.001G133800.1.A	2022	1916.5	1379.96	28.559
Gorai.001G133800.1.D	2022	1916.5	336.037	6.95444
Gorai.001G133900.1.A	1342	1236.5	1	0.0320767
Gorai.001G133900.1.D	1342	1236.5	1	0.0320767
Gorai.001G134000.1.A	1386	1280.5	39.0179	1.20856
Gorai.001G134000.1.D	1386	1280.5	75.9821	2.35351
Gorai.001G134100.1.A	2300	2194.5	13	0.234959
Gorai.001G134100.1.D	2300	2194.5	21	0.379549
Gorai.001G134200.1.A	444	338.583	0	0
Gorai.001G134200.1.D	444	338.583	0	0
Gorai.001G134300.1.A	879	773.505	0	0
Gorai.001G134300.1.D	879	773.505	0	0
Gorai.001G134400.1.A	2952	2846.5	76.4371	1.06507
Gorai.001G134400.1.D	2952	2846.5	108.563	1.51271
Gorai.001G134500.1.A	1627	1521.5	199.706	5.20598
Gorai.001G134500.1.D	1627	1521.5	150.294	3.9179
Gorai.001G134600.1.A	1538	1432.5	584.552	16.185
Gorai.001G134600.1.D	1538	1432.5	421.578	11.6726
Gorai.001G134700.1.A	400	294.583	5	0.673205
Gorai.001G134700.1.D	400	294.583	3	0.403923
Gorai.001G134800.1.A	2067	1961.5	206.25	4.17051
Gorai.001G134800.1.D	2067	1961.5	233.75	4.72658
Gorai.001G134900.1.A	1987	1881.5	3566.45	75.1822
Gorai.001G134900.1.D	1987	1881.5	1827.55	38.5256
Gorai.001G135000.1.A	1542	1436.5	0.5	0.0138054
Gorai.001G135000.1.D	1542	1436.5	0.5	0.0138054
Gorai.001G135100.1.A	949	843.505	98.433	4.62848
Gorai.001G135100.1.D	949	843.505	242.567	11.4059
Gorai.001G135200.1.A	645	539.505	51.1726	3.76207
Gorai.001G135200.1.D	645	539.505	51.1726	3.76207
Gorai.001G135300.1.A	1188	1082.5	0	0
Gorai.001G135300.1.D	1188	1082.5	1	0.03664
Gorai.001G135400.1.A	1641	1535.5	114.535	2.9585
Gorai.001G135400.1.D	1641	1535.5	47.465	1.22605
Gorai.001G135500.1.A	1082	976.505	13.7589	0.558849
Gorai.001G135500.1.D	1082	976.505	91.2883	3.70788
Gorai.001G135600.1.A	1861	1755.5	374.583	8.46313
Gorai.001G135600.1.D	1861	1755.5	562.417	12.707
Gorai.001G135700.1.A	1853	1747.5	162.954	3.69856
Gorai.001G135700.1.D	1853	1747.5	63.9904	1.45238
Gorai.001G135800.1.A	635	529.505	4.03756	0.302436
Gorai.001G135800.1.D	635	529.505	210.962	15.8023
Gorai.001G135900.1.A	1035	929.505	1.49697	0.0638773
Gorai.001G135900.1.D	1035	929.505	245.503	10.4759
Gorai.001G136000.1.A	1541	1435.5	114.875	3.17399
Gorai.001G136000.1.D	1541	1435.5	427.125	11.8015
Gorai.001G136100.1.A	662	556.505	3.09877	0.220854
Gorai.001G136100.1.D	662	556.505	749.901	53.4466
Gorai.001G136200.1.A	755	649.505	10	0.610664
Gorai.001G136200.1.D	755	649.505	0	0
Gorai.001G136300.1.A	6102	5996.5	283.964	1.87824
Gorai.001G136300.1.D	6102	5996.5	172.349	1.13997
Gorai.001G136400.1.A	6145	6039.5	176.252	1.15749
Gorai.001G136400.1.D	6145	6039.5	249.434	1.6381
Gorai.001G136500.1.A	387	281.583	1.28555	0.181078
Gorai.001G136500.1.D	387	281.583	3	0.422571
Gorai.001G136600.1.A	457	351.551	60.9548	6.87708
Gorai.001G136600.1.D	457	351.551	0	0
Gorai.001G136700.1.A	1541	1435.5	0	0
Gorai.001G136700.1.D	1541	1435.5	0	0
Gorai.001G136800.1.A	1080	974.505	25	1.01752
Gorai.001G136800.1.D	1080	974.505	35	1.42452
Gorai.001G136900.1.A	1675	1569.5	24.5385	0.620111
Gorai.001G136900.1.D	1675	1569.5	4.46154	0.112748
Gorai.001G137000.1.A	554	448.551	0	0
Gorai.001G137000.1.D	554	448.551	0	0
Gorai.001G137100.1.A	2744	2638.5	29	0.435938
Gorai.001G137100.1.D	2744	2638.5	18	0.270582
Gorai.001G137200.1.A	1300	1194.5	299.082	9.93088
Gorai.001G137200.1.D	1300	1194.5	124.918	4.14784
Gorai.001G137300.1.A	849	743.505	212.07	11.313
Gorai.001G137300.1.D	849	743.505	55.9304	2.98366
Gorai.001G137400.1.A	594	488.551	5.59847	0.45451
Gorai.001G137400.1.D	594	488.551	5.59847	0.45451
Gorai.001G137500.1.A	1787	1681.5	0	0
Gorai.001G137500.1.D	1787	1681.5	0	0
Gorai.001G137600.1.A	1622	1516.5	1529.08	39.992
Gorai.001G137600.1.D	1622	1516.5	4397.92	115.024
Gorai.001G137700.1.A	858	752.505	1	0.0527079
Gorai.001G137700.1.D	858	752.505	0	0
Gorai.001G137800.1.A	1820	1714.5	29.1191	0.673634
Gorai.001G137800.1.D	1820	1714.5	7.75486	0.179399
Gorai.001G137900.1.A	2834	2728.5	146.059	2.12319
Gorai.001G137900.1.D	2834	2728.5	474.067	6.89128
Gorai.001G138000.1.A	2378	2272.5	2.47368	0.0431742
Gorai.001G138000.1.D	2378	2272.5	44.5263	0.777136
Gorai.001G138100.1.A	725	619.505	0	0
Gorai.001G138100.1.D	725	619.505	0	0
Gorai.001G138200.1.A	663	557.505	0	0
Gorai.001G138200.1.D	663	557.505	0	0
Gorai.001G138300.1.A	2177	2071.5	2	0.0382938
Gorai.001G138300.1.D	2177	2071.5	0	0
Gorai.001G138400.1.A	2568	2462.5	2.33333	0.0375824
Gorai.001G138400.1.D	2568	2462.5	11.6667	0.187912
Gorai.001G138500.1.A	462	356.551	3.73244	0.415198
Gorai.001G138500.1.D	462	356.551	3.73244	0.415198
Gorai.001G138600.1.A	944	838.505	1.3	0.0614926
Gorai.001G138600.1.D	944	838.505	24.7	1.16836
Gorai.001G138700.1.A	1266	1160.5	0	0
Gorai.001G138700.1.D	1266	1160.5	0	0
Gorai.001G138800.1.A	1591	1485.5	89.8522	2.39905
Gorai.001G138800.1.D	1591	1485.5	138.148	3.68854
Gorai.001G138900.1.A	639	533.505	1	0.0743441
Gorai.001G138900.1.D	639	533.505	0	0
Gorai.001G139000.1.A	1046	940.505	70.8733	2.98887
Gorai.001G139000.1.D	1046	940.505	156.127	6.58417
Gorai.001G139100.1.A	2173	2067.5	243.904	4.67906
Gorai.001G139100.1.D	2173	2067.5	213.096	4.08802
Gorai.001G139200.1.A	2771	2665.5	191.808	2.85413
Gorai.001G139200.1.D	2771	2665.5	172.192	2.56223
Gorai.001G139300.1.A	2510	2404.5	17.374	0.286588
Gorai.001G139300.1.D	2510	2404.5	29.0841	0.47975
Gorai.001G139400.1.A	2394	2288.5	1.15261e-05	1.99763e-07
Gorai.001G139400.1.D	2394	2288.5	56	0.970557
Gorai.001G139500.1.A	528	422.551	1	0.0938654
Gorai.001G139500.1.D	528	422.551	0	0
Gorai.001G139600.1.A	1460	1354.5	0	0
Gorai.001G139600.1.D	1460	1354.5	0	0
Gorai.001G139700.1.A	1933	1827.5	169.091	3.66984
Gorai.001G139700.1.D	1933	1827.5	140.909	3.0582
Gorai.001G139800.1.A	321	215.63	0	0
Gorai.001G139800.1.D	321	215.63	0	0
Gorai.001G139900.1.A	616	510.505	3	0.233081
Gorai.001G139900.1.D	616	510.505	0	0
Gorai.001G140000.1.A	2270	2164.5	1.5	0.0274864
Gorai.001G140000.1.D	2270	2164.5	1.5	0.0274864
Gorai.001G140100.1.A	226	121.576	0	0
Gorai.001G140100.1.D	226	121.576	0	0
Gorai.001G140200.1.A	1986	1880.5	2	0.0421833
Gorai.001G140200.1.D	1986	1880.5	15	0.316375
Gorai.001G140300.1.A	3604	3498.5	1467.6	16.6384
Gorai.001G140300.1.D	3604	3498.5	1566.4	17.7584
Gorai.001G140400.1.A	1728	1622.5	4	0.097782
Gorai.001G140400.1.D	1728	1622.5	5	0.122228
Gorai.001G140500.1.A	2132	2026.5	8	0.156577
Gorai.001G140500.1.D	2132	2026.5	0	0
Gorai.001G140600.1.A	2001	1895.5	91.5244	1.91512
Gorai.001G140600.1.D	2001	1895.5	98.4756	2.06058
Gorai.001G140700.1.A	1001	895.505	2.88429	0.127749
Gorai.001G140700.1.D	1001	895.505	2.88429	0.127749
Gorai.001G140800.1.A	504	398.551	0	0
Gorai.001G140800.1.D	504	398.551	0	0
Gorai.001G140900.1.A	414	308.583	0	0
Gorai.001G140900.1.D	414	308.583	1	0.128532
Gorai.001G141000.1.A	921	815.505	16	0.778177
Gorai.001G141000.1.D	921	815.505	0	0
Gorai.001G141100.1.A	4403	4297.5	175.105	1.6161
Gorai.001G141100.1.D	4403	4297.5	167.895	1.54955
Gorai.001G141200.1.A	962	856.505	1.74036	0.0805923
Gorai.001G141200.1.D	962	856.505	1.74036	0.0805923
Gorai.001G141300.1.A	2386	2280.5	1267.17	22.0389
Gorai.001G141300.1.D	2386	2280.5	769.718	13.3871
Gorai.001G141400.1.A	4053	3947.5	3206.2	32.2146
Gorai.001G141400.1.D	4053	3947.5	4392.8	44.1371
Gorai.001G141500.1.A	1695	1589.5	294.258	7.34263
Gorai.001G141500.1.D	1695	1589.5	231.742	5.78266
Gorai.001G141600.1.A	537	431.551	0	0
Gorai.001G141600.1.D	537	431.551	0	0
Gorai.001G141700.1.A	868	762.505	1	0.0520167
Gorai.001G141700.1.D	868	762.505	0	0
Gorai.001G141800.1.A	540	434.551	0	0
Gorai.001G141800.1.D	540	434.551	0	0
Gorai.001G141900.1.A	540	434.551	0	0
Gorai.001G141900.1.D	540	434.551	0	0
Gorai.001G142000.1.A	1944	1838.5	0	0
Gorai.001G142000.1.D	1944	1838.5	0	0
Gorai.001G142100.1.A	2609	2503.5	236.973	3.75435
Gorai.001G142100.1.D	2609	2503.5	202.027	3.20071
Gorai.001G142200.1.A	1534	1428.5	2	0.0555307
Gorai.001G142200.1.D	1534	1428.5	0	0
Gorai.001G142300.1.A	2349	2243.5	4	0.070716
Gorai.001G142300.1.D	2349	2243.5	13	0.229827
Gorai.001G142400.1.A	978	872.505	0	0
Gorai.001G142400.1.D	978	872.505	0	0
Gorai.001G142500.1.A	789	683.505	0	0
Gorai.001G142500.1.D	789	683.505	2	0.116058
Gorai.001G142600.1.A	513	407.551	2	0.19464
Gorai.001G142600.1.D	513	407.551	2	0.19464
Gorai.001G142700.1.A	616	510.505	0	0
Gorai.001G142700.1.D	616	510.505	0	0
Gorai.001G142800.1.A	1105	999.505	37.1739	1.47516
Gorai.001G142800.1.D	1105	999.505	57.8261	2.29469
Gorai.001G142900.1.A	558	452.551	1	0.087643
Gorai.001G142900.1.D	558	452.551	0	0
Gorai.001G143000.1.A	948	842.505	3	0.141232
Gorai.001G143000.1.D	948	842.505	0	0
Gorai.001G143100.1.A	1580	1474.5	15	0.403487
Gorai.001G143100.1.D	1580	1474.5	1	0.0268992
Gorai.001G143200.1.A	1782	1676.5	0	0
Gorai.001G143200.1.D	1782	1676.5	2	0.0473162
Gorai.001G143300.1.A	2585	2479.5	286.567	4.58402
Gorai.001G143300.1.D	2585	2479.5	34.4325	0.550794
Gorai.001G143400.1.A	588	482.551	0	0
Gorai.001G143400.1.D	588	482.551	0	0
Gorai.001G143500.1.A	1020	914.505	0	0
Gorai.001G143500.1.D	1020	914.505	0	0
Gorai.001G143600.1.A	2821	2715.5	4012.02	58.6
Gorai.001G143600.1.D	2821	2715.5	942.981	13.7733
Gorai.001G143700.1.A	1224	1118.5	230.637	8.17855
Gorai.001G143700.1.D	1224	1118.5	47.363	1.67952
Gorai.001G143800.1.A	874	768.505	0	0
Gorai.001G143800.1.D	874	768.505	0	0
Gorai.001G143900.1.A	4445	4339.5	106.053	0.969323
Gorai.001G143900.1.D	4445	4339.5	149.145	1.36319
Gorai.001G144000.1.A	1995	1889.5	242.221	5.0845
Gorai.001G144000.1.D	1995	1889.5	180.779	3.79477
Gorai.001G144100.1.A	5752	5646.5	260.752	1.83161
Gorai.001G144100.1.D	5752	5646.5	263.248	1.84914
Gorai.001G144200.1.A	1239	1133.5	251.356	8.79531
Gorai.001G144200.1.D	1239	1133.5	204.644	7.16078
Gorai.001G144300.1.A	721	615.505	12.3529	0.79602
Gorai.001G144300.1.D	721	615.505	22.6471	1.45937
Gorai.001G144400.1.A	794	688.505	979.148	56.4061
Gorai.001G144400.1.D	794	688.505	858.172	49.437
Gorai.001G144500.1.A	1390	1284.5	264.914	8.18001
Gorai.001G144500.1.D	1390	1284.5	268.086	8.27797
Gorai.001G144600.1.A	2527	2421.5	228.071	3.73568
Gorai.001G144600.1.D	2527	2421.5	117.929	1.93162
Gorai.001G144700.1.A	2959	2853.5	359.53	4.99737
Gorai.001G144700.1.D	2959	2853.5	276.47	3.84286
Gorai.001G144800.1.A	1495	1389.5	670.112	19.1281
Gorai.001G144800.1.D	1495	1389.5	431.888	12.3281
Gorai.001G144900.1.A	2933	2827.5	166.946	2.34184
Gorai.001G144900.1.D	2933	2827.5	99.0544	1.38949
Gorai.001G145000.1.A	2122	2016.5	220.023	4.32766
Gorai.001G145000.1.D	2122	2016.5	198.977	3.91371
Gorai.001G145100.1.A	636	530.505	0	0
Gorai.001G145100.1.D	636	530.505	0	0
Gorai.001G145200.1.A	2671	2565.5	1046.32	16.1763
Gorai.001G145200.1.D	2671	2565.5	2604.68	40.2685
Gorai.001G145300.1.A	675	569.505	0	0
Gorai.001G145300.1.D	675	569.505	6	0.417868
Gorai.001G145400.1.A	903	797.505	135	6.71406
Gorai.001G145400.1.D	903	797.505	262	13.0303
Gorai.001G145500.1.A	843	737.505	1	0.0537799
Gorai.001G145500.1.D	843	737.505	0	0
Gorai.001G145600.1.A	1076	970.505	8.88889	0.363274
Gorai.001G145600.1.D	1076	970.505	1.11111	0.0454093
Gorai.001G145700.1.A	1291	1185.5	0	0
Gorai.001G145700.1.D	1291	1185.5	0	0
Gorai.001G145800.1.A	1537	1431.5	0	0
Gorai.001G145800.1.D	1537	1431.5	0	0
Gorai.001G145900.1.A	549	443.551	0	0
Gorai.001G145900.1.D	549	443.551	0	0
Gorai.001G146000.1.A	1439	1333.5	0	0
Gorai.001G146000.1.D	1439	1333.5	11	0.327177
Gorai.001G146100.1.A	1153	1047.5	164.502	6.22876
Gorai.001G146100.1.D	1153	1047.5	164.502	6.22876
Gorai.001G146200.1.A	1753	1647.5	84.4019	2.03194
Gorai.001G146200.1.D	1753	1647.5	125.598	3.02372
Gorai.001G146300.1.A	1152	1046.5	57.2903	2.17133
Gorai.001G146300.1.D	1152	1046.5	386.71	14.6564
Gorai.001G146400.1.A	1276	1170.5	15	0.50828
Gorai.001G146400.1.D	1276	1170.5	2	0.0677707
Gorai.001G146500.1.A	552	446.551	1195.37	106.174
Gorai.001G146500.1.D	552	446.551	331.657	29.458
Gorai.001G146600.1.A	1863	1757.5	30.5455	0.689342
Gorai.001G146600.1.D	1863	1757.5	77.4545	1.74798
Gorai.001G146700.1.A	2319	2213.5	13.8125	0.247501
Gorai.001G146700.1.D	2319	2213.5	3.1875	0.0571156
Gorai.001G146800.1.A	1684	1578.5	3.97853	0.0999681
Gorai.001G146800.1.D	1684	1578.5	8349.61	209.8
Gorai.001G146900.1.A	822	716.505	0	0
Gorai.001G146900.1.D	822	716.505	0	0
Gorai.001G147000.1.A	387	281.583	2.46701	0.347496
Gorai.001G147000.1.D	387	281.583	0	0
Gorai.001G147100.1.A	4618	4512.5	0	0
Gorai.001G147100.1.D	4618	4512.5	0	0
Gorai.001G147200.1.A	2189	2083.5	0	0
Gorai.001G147200.1.D	2189	2083.5	0	0
Gorai.001G147300.1.A	1395	1289.5	0	0
Gorai.001G147300.1.D	1395	1289.5	0	0
Gorai.001G147400.1.A	1417	1311.5	1011.34	30.5854
Gorai.001G147400.1.D	1417	1311.5	357.378	10.8079
Gorai.001G147500.1.A	1146	1040.5	72.4494	2.7617
Gorai.001G147500.1.D	1146	1040.5	31.5506	1.20267
Gorai.001G147600.1.A	246	141.071	25	7.0289
Gorai.001G147600.1.D	246	141.071	21	5.90427
Gorai.001G147700.1.A	496	390.551	5.06667	0.514552
Gorai.001G147700.1.D	496	390.551	13.9333	1.41502
Gorai.001G147800.1.A	905	799.505	0	0
Gorai.001G147800.1.D	905	799.505	22	1.09141
Gorai.001G147900.1.A	2447	2341.5	1199.35	20.3159
Gorai.001G147900.1.D	2447	2341.5	462.651	7.83688
Gorai.001G148000.1.A	503	397.551	38.952	3.88617
Gorai.001G148000.1.D	503	397.551	2059.05	205.427
Gorai.001G148100.1.A	697	591.505	0	0
Gorai.001G148100.1.D	697	591.505	0	0
Gorai.001G148200.1.A	3052	2946.5	8	0.107688
Gorai.001G148200.1.D	3052	2946.5	3	0.040383
Gorai.001G148300.1.A	1691	1585.5	470.755	11.7764
Gorai.001G148300.1.D	1691	1585.5	370.245	9.26204
Gorai.001G148400.1.A	2364	2258.5	8	0.140493
Gorai.001G148400.1.D	2364	2258.5	8	0.140493
Gorai.001G148500.1.A	1994	1888.5	1504.75	31.6032
Gorai.001G148500.1.D	1994	1888.5	869.253	18.2563
Gorai.001G148600.1.A	1369	1263.5	16.7037	0.524349
Gorai.001G148600.1.D	1369	1263.5	24.2963	0.76269
Gorai.001G148700.1.A	1322	1216.5	85.416	2.7849
Gorai.001G148700.1.D	1322	1216.5	594.584	19.3858
Gorai.001G148800.1.A	1220	1114.5	26.5263	0.944017
Gorai.001G148800.1.D	1220	1114.5	36.4737	1.29802
Gorai.001G148900.1.A	876	770.505	0	0
Gorai.001G148900.1.D	876	770.505	0	0
Gorai.001G149000.1.A	408	302.583	0	0
Gorai.001G149000.1.D	408	302.583	0	0
Gorai.001G149100.1.A	3748	3642.5	17	0.185112
Gorai.001G149100.1.D	3748	3642.5	34	0.370223
Gorai.001G149200.1.A	918	812.505	0	0
Gorai.001G149200.1.D	918	812.505	0	0
Gorai.001G149300.1.A	1969	1863.5	16.4667	0.350477
Gorai.001G149300.1.D	1969	1863.5	2.53333	0.0539196
Gorai.001G149400.1.A	2171	2065.5	2.14815	0.0412499
Gorai.001G149400.1.D	2171	2065.5	26.8519	0.515624
Gorai.001G149500.1.A	1162	1056.5	11	0.412958
Gorai.001G149500.1.D	1162	1056.5	5	0.187708
Gorai.001G149600.1.A	2651	2545.5	595.166	9.27362
Gorai.001G149600.1.D	2651	2545.5	1015.83	15.8283
Gorai.001G149700.1.A	752	646.505	1.27487	0.0782129
Gorai.001G149700.1.D	752	646.505	29.231	1.79332
Gorai.001G149800.1.A	1681	1575.5	147.7	3.7183
Gorai.001G149800.1.D	1681	1575.5	201.3	5.06769
Gorai.001G149900.1.A	1930	1824.5	43.3233	0.941806
Gorai.001G149900.1.D	1930	1824.5	90.6767	1.97122
Gorai.001G150000.1.A	1819	1713.5	85.0579	1.96886
Gorai.001G150000.1.D	1819	1713.5	38.9421	0.901404
Gorai.001G150100.1.A	1523	1417.5	0	0
Gorai.001G150100.1.D	1523	1417.5	0	0
Gorai.001G150200.1.A	2072	1966.5	13	0.2622
Gorai.001G150200.1.D	2072	1966.5	1	0.0201693
Gorai.001G150300.1.A	868	762.505	4	0.208067
Gorai.001G150300.1.D	868	762.505	0	0
Gorai.001G150400.1.A	6105	5999.5	201.241	1.33041
Gorai.001G150400.1.D	6105	5999.5	133.759	0.884285
Gorai.001G150500.1.A	1170	1064.5	436.939	16.2801
Gorai.001G150500.1.D	1170	1064.5	626.061	23.3268
Gorai.001G150600.1.A	1625	1519.5	346.812	9.05267
Gorai.001G150600.1.D	1625	1519.5	283.203	7.39231
Gorai.001G150700.1.A	2103	1997.5	58.5905	1.16339
Gorai.001G150700.1.D	2103	1997.5	37.3949	0.742523
Gorai.001G150800.1.A	1806	1700.5	12	0.279891
Gorai.001G150800.1.D	1806	1700.5	1	0.0233242
Gorai.001G150900.1.A	1596	1490.5	1.25	0.033263
Gorai.001G150900.1.D	1596	1490.5	8.75	0.232841
Gorai.001G151000.1.A	1879	1773.5	2.18919	0.0489594
Gorai.001G151000.1.D	1879	1773.5	78.8108	1.76254
Gorai.001G151100.1.A	1456	1350.5	25	0.734224
Gorai.001G151100.1.D	1456	1350.5	25	0.734224
Gorai.001G151200.1.A	673	567.505	0	0
Gorai.001G151200.1.D	673	567.505	0	0
Gorai.001G151300.1.A	1572	1466.5	128.803	3.48358
Gorai.001G151300.1.D	1572	1466.5	203.197	5.49565
Gorai.001G151400.1.A	1365	1259.5	1	0.0314909
Gorai.001G151400.1.D	1365	1259.5	8	0.251927
Gorai.001G151500.1.A	628	522.505	2	0.151819
Gorai.001G151500.1.D	628	522.505	2	0.151819
Gorai.001G151600.1.A	1046	940.505	6.22084	0.262345
Gorai.001G151600.1.D	1046	940.505	6.22084	0.262345
Gorai.001G151700.1.A	1529	1423.5	0	0
Gorai.001G151700.1.D	1529	1423.5	0	0
Gorai.001G151800.1.A	423	317.583	0	0
Gorai.001G151800.1.D	423	317.583	0	0
Gorai.001G151900.1.A	542	436.551	3.5	0.317993
Gorai.001G151900.1.D	542	436.551	3.5	0.317993
Gorai.001G152000.1.A	2585	2479.5	398.55	6.37534
Gorai.001G152000.1.D	2585	2479.5	457.983	7.32604
Gorai.001G152100.1.A	601	495.551	0	0
Gorai.001G152100.1.D	601	495.551	6.92601	0.554344
Gorai.001G152200.1.A	1021	915.505	0	0
Gorai.001G152200.1.D	1021	915.505	0	0
Gorai.001G152300.1.A	842	736.505	291.937	15.7216
Gorai.001G152300.1.D	842	736.505	164.063	8.8353
Gorai.001G152400.1.A	1540	1434.5	0	0
Gorai.001G152400.1.D	1540	1434.5	0	0
Gorai.001G152500.1.A	1899	1793.5	494.047	10.9257
Gorai.001G152500.1.D	1899	1793.5	203.953	4.51037
Gorai.001G152600.1.A	898	792.505	24.48	1.22516
Gorai.001G152600.1.D	898	792.505	128.52	6.43212
Gorai.001G152700.1.A	2693	2587.5	58.2353	0.892668
Gorai.001G152700.1.D	2693	2587.5	51.7647	0.793483
Gorai.001G152800.1.A	4793	4687.5	99.2281	0.83961
Gorai.001G152800.1.D	4793	4687.5	118.076	0.999088
Gorai.001G152900.1.A	5550	5444.5	24.861	0.181111
Gorai.001G152900.1.D	5550	5444.5	66.8353	0.486892
Gorai.001G153000.1.A	1644	1538.5	0	0
Gorai.001G153000.1.D	1644	1538.5	118	3.04206
Gorai.001G153100.1.A	1904	1798.5	0	0
Gorai.001G153100.1.D	1904	1798.5	0	0
Gorai.001G153200.1.A	1203	1097.5	1077.32	38.9334
Gorai.001G153200.1.D	1203	1097.5	1024.68	37.0312
Gorai.001G153300.1.A	1482	1376.5	12.1429	0.349887
Gorai.001G153300.1.D	1482	1376.5	4.85714	0.139955
Gorai.001G153400.1.A	3029	2923.5	186.569	2.53116
Gorai.001G153400.1.D	3029	2923.5	143.431	1.94592
Gorai.001G153500.1.A	1005	899.505	79.6165	3.51063
Gorai.001G153500.1.D	1005	899.505	133.383	5.88144
Gorai.001G153600.1.A	2700	2594.5	0	0
Gorai.001G153600.1.D	2700	2594.5	494	7.55192
Gorai.001G153700.1.A	2020	1914.5	383.343	7.94174
Gorai.001G153700.1.D	2020	1914.5	446.657	9.25344
Gorai.001G153800.1.A	2197	2091.5	9.33333	0.176996
Gorai.001G153800.1.D	2197	2091.5	25.6667	0.486738
Gorai.001G153900.1.A	3052	2946.5	117.778	1.58541
Gorai.001G153900.1.D	3052	2946.5	352.222	4.74127
Gorai.001G154000.1.A	3996	3890.5	1868.33	19.0473
Gorai.001G154000.1.D	3996	3890.5	1938.67	19.7643
Gorai.001G154100.1.A	678	572.505	0	0
Gorai.001G154100.1.D	678	572.505	0	0
Gorai.001G154200.1.A	630	524.505	0	0
Gorai.001G154200.1.D	630	524.505	1	0.0756198
Gorai.001G154300.1.A	462	356.551	1.02259	0.113754
Gorai.001G154300.1.D	462	356.551	1.02259	0.113754
Gorai.001G154400.1.A	2029	1923.5	67.1376	1.38439
Gorai.001G154400.1.D	2029	1923.5	283.862	5.85328
Gorai.001G154500.1.A	3582	3476.5	1024.5	11.6883
Gorai.001G154500.1.D	3582	3476.5	294.504	3.35995
Gorai.001G154600.1.A	560	454.551	0	0
Gorai.001G154600.1.D	560	454.551	0	0
Gorai.001G154700.1.A	1733	1627.5	73.1711	1.78321
Gorai.001G154700.1.D	1733	1627.5	92.8289	2.26228
Gorai.001G154800.1.A	2253	2147.5	126.606	2.33832
Gorai.001G154800.1.D	2253	2147.5	6.39423	0.118097
Gorai.001G154900.1.A	2003	1897.5	6	0.125416
Gorai.001G154900.1.D	2003	1897.5	0	0
Gorai.001G155000.1.A	1965	1859.5	5.8	0.123713
Gorai.001G155000.1.D	1965	1859.5	342.2	7.29907
Gorai.001G155100.1.A	609	503.551	0	0
Gorai.001G155100.1.D	609	503.551	0	0
Gorai.001G155200.1.A	835	729.505	1	0.0543697
Gorai.001G155200.1.D	835	729.505	0	0
Gorai.001G155300.1.A	2469	2363.5	49	0.822289
Gorai.001G155300.1.D	2469	2363.5	0	0
Gorai.001G155400.1.A	4194	4088.5	99.0769	0.961154
Gorai.001G155400.1.D	4194	4088.5	110.923	1.07607
Gorai.001G155500.1.A	3519	3413.5	74.3617	0.86404
Gorai.001G155500.1.D	3519	3413.5	158.638	1.84328
Gorai.001G155600.1.A	1019	913.505	27.2347	1.18249
Gorai.001G155600.1.D	1019	913.505	134.266	5.82964
Gorai.001G155700.1.A	609	503.551	2.66667	0.210044
Gorai.001G155700.1.D	609	503.551	1.33333	0.105022
Gorai.001G155800.1.A	1634	1528.5	17.5312	0.454916
Gorai.001G155800.1.D	1634	1528.5	15.4688	0.401396
Gorai.001G155900.1.A	1280	1174.5	0	0
Gorai.001G155900.1.D	1280	1174.5	0	0
Gorai.001G156000.1.A	1416	1310.5	0	0
Gorai.001G156000.1.D	1416	1310.5	0	0
Gorai.001G156100.1.A	520	414.551	0	0
Gorai.001G156100.1.D	520	414.551	0	0
Gorai.001G156200.1.A	1141	1035.5	33.7624	1.2932
Gorai.001G156200.1.D	1141	1035.5	12.1715	0.466204
Gorai.001G156300.1.A	3779	3673.5	22.804	0.246215
Gorai.001G156300.1.D	3779	3673.5	145.262	1.5684
Gorai.001G156400.1.A	708	602.505	16	1.05328
Gorai.001G156400.1.D	708	602.505	10	0.658301
Gorai.001G156500.1.A	1040	934.505	15.9562	0.677223
Gorai.001G156500.1.D	1040	934.505	6.47993	0.275026
Gorai.001G156600.1.A	2262	2156.5	43.295	0.796292
Gorai.001G156600.1.D	2262	2156.5	226.533	4.16644
Gorai.001G156700.1.A	1774	1668.5	4	0.0950862
Gorai.001G156700.1.D	1774	1668.5	103.916	2.47025
Gorai.001G156800.1.A	1608	1502.5	2	0.0527958
Gorai.001G156800.1.D	1608	1502.5	4.08363	0.107799
Gorai.001G156900.1.A	1484	1378.5	9	0.258952
Gorai.001G156900.1.D	1484	1378.5	18	0.517904
Gorai.001G157000.1.A	890	784.505	2	0.101116
Gorai.001G157000.1.D	890	784.505	1	0.0505579
Gorai.001G157100.1.A	404	298.583	0	0
Gorai.001G157100.1.D	404	298.583	0	0
Gorai.001G157200.1.A	126	35.2253	0	0
Gorai.001G157200.1.D	126	35.2253	0	0
Gorai.001G157300.1.A	1075	969.505	42.7826	1.75026
Gorai.001G157300.1.D	1075	969.505	244.217	9.99106
Gorai.001G157400.1.A	730	624.505	220.359	13.9952
Gorai.001G157400.1.D	730	624.505	617.641	39.227
Gorai.001G157500.1.A	825	719.505	4.28916	0.236441
Gorai.001G157500.1.D	825	719.505	84.7108	4.66971
Gorai.001G157600.1.A	1055	949.505	1.04527	0.0436633
Gorai.001G157600.1.D	1055	949.505	1.04527	0.0436633
Gorai.001G157700.1.A	396	290.583	4.60626	0.628728
Gorai.001G157700.1.D	396	290.583	0	0
Gorai.001G157800.1.A	357	251.63	0	0
Gorai.001G157800.1.D	357	251.63	0	0
Gorai.001G157900.1.A	1213	1107.5	181.102	6.48577
Gorai.001G157900.1.D	1213	1107.5	231.898	8.30495
Gorai.001G158000.1.A	1975	1869.5	104.899	2.2255
Gorai.001G158000.1.D	1975	1869.5	83.1014	1.76306
Gorai.001G158100.1.A	2232	2126.5	1529.43	28.5265
Gorai.001G158100.1.D	2232	2126.5	1290.57	24.0713
Gorai.001G158200.1.A	1171	1065.5	3.02353	0.11255
Gorai.001G158200.1.D	1171	1065.5	253.976	9.45416
Gorai.001G158300.1.A	1151	1045.5	93.2727	3.53845
Gorai.001G158300.1.D	1151	1045.5	104.727	3.973
Gorai.001G158400.1.A	1294	1188.5	4	0.133489
Gorai.001G158400.1.D	1294	1188.5	0	0
Gorai.001G158500.1.A	1786	1680.5	34.9541	0.82498
Gorai.001G158500.1.D	1786	1680.5	219.046	5.16988
Gorai.001G158600.1.A	945	839.505	3.2522	0.153652
Gorai.001G158600.1.D	945	839.505	3.2522	0.153652
Gorai.001G158700.1.A	1087	981.505	0	0
Gorai.001G158700.1.D	1087	981.505	0	0
Gorai.001G158800.1.A	1888	1782.5	67.2214	1.49576
Gorai.001G158800.1.D	1888	1782.5	3.26069	0.0725544
Gorai.001G158900.1.A	1755	1649.5	7.2625	0.174629
Gorai.001G158900.1.D	1755	1649.5	158.738	3.8169
Gorai.001G159000.1.A	2959	2853.5	294.375	4.09173
Gorai.001G159000.1.D	2959	2853.5	47.1429	0.655274
Gorai.001G159100.1.A	858	752.505	9.46061	0.498649
Gorai.001G159100.1.D	858	752.505	9.46061	0.498649
Gorai.001G159200.1.A	3945	3839.5	968.96	10.0096
Gorai.001G159200.1.D	3945	3839.5	663.04	6.84935
Gorai.001G159300.1.A	1026	920.505	1	0.0430883
Gorai.001G159300.1.D	1026	920.505	0	0
Gorai.001G159400.1.A	1337	1231.5	5.65729	0.182204
Gorai.001G159400.1.D	1337	1231.5	0	0
Gorai.001G159500.1.A	831	725.505	0	0
Gorai.001G159500.1.D	831	725.505	0	0
Gorai.001G159600.1.A	621	515.505	0	0
Gorai.001G159600.1.D	621	515.505	0	0
Gorai.001G159700.1.A	431	325.583	0	0
Gorai.001G159700.1.D	431	325.583	0	0
Gorai.001G159800.1.A	920	814.505	145.948	7.10707
Gorai.001G159800.1.D	920	814.505	205.052	9.98515
Gorai.001G159900.1.A	450	344.583	7	0.805729
Gorai.001G159900.1.D	450	344.583	7	0.805729
Gorai.001G160000.1.A	583	477.551	1.5	0.124582
Gorai.001G160000.1.D	583	477.551	1.5	0.124582
Gorai.001G160100.1.A	1346	1240.5	0	0
Gorai.001G160100.1.D	1346	1240.5	16	0.511572
Gorai.001G160200.1.A	1953	1847.5	76.609	1.64467
Gorai.001G160200.1.D	1953	1847.5	448.71	9.63307
Gorai.001G160300.1.A	516	410.551	3.5	0.338131
Gorai.001G160300.1.D	516	410.551	3.5	0.338131
Gorai.001G160400.1.A	904	798.505	8495.3	421.975
Gorai.001G160400.1.D	904	798.505	8495.3	421.975
Gorai.001G160500.1.A	921	815.505	163.299	7.94222
Gorai.001G160500.1.D	921	815.505	316.701	15.4031
Gorai.001G160600.1.A	436	330.583	25	2.99947
Gorai.001G160600.1.D	436	330.583	25	2.99947
Gorai.001G160700.1.A	378	272.583	27	3.92871
Gorai.001G160700.1.D	378	272.583	27	3.92871
Gorai.001G160800.1.A	325	219.63	0	0
Gorai.001G160800.1.D	325	219.63	0	0
Gorai.001G160900.1.A	195	91.658	6.5	2.81273
Gorai.001G160900.1.D	195	91.658	6.5	2.81273
Gorai.001G161000.1.A	735	629.505	67.5	4.25294
Gorai.001G161000.1.D	735	629.505	67.5	4.25294
Gorai.001G161100.1.A	753	647.505	144.5	8.85136
Gorai.001G161100.1.D	753	647.505	144.5	8.85136
Gorai.001G161200.1.A	399	293.583	7.5	1.01325
Gorai.001G161200.1.D	399	293.583	7.5	1.01325
Gorai.001G161300.1.A	773	667.505	43	2.55505
Gorai.001G161300.1.D	773	667.505	43	2.55505
Gorai.001G161400.1.A	570	464.551	18	1.53682
Gorai.001G161400.1.D	570	464.551	18	1.53682
Gorai.001G161500.1.A	1824	1718.5	2448	56.4996
Gorai.001G161500.1.D	1824	1718.5	2448	56.4996
Gorai.001G161600.1.A	570	464.551	0	0
Gorai.001G161600.1.D	570	464.551	158	13.4899
Gorai.001G161700.1.A	1224	1118.5	540	19.1488
Gorai.001G161700.1.D	1224	1118.5	540	19.1488
Gorai.001G161800.1.A	990	884.505	205.5	9.21503
Gorai.001G161800.1.D	990	884.505	205.5	9.21503
Gorai.001G161900.1.A	1779	1673.5	686.5	16.2704
Gorai.001G161900.1.D	1779	1673.5	686.5	16.2704
Gorai.001G162000.1.A	1365	1259.5	1192	37.5372
Gorai.001G162000.1.D	1365	1259.5	0	0
Gorai.001G162100.1.A	446	340.583	2	0.232912
Gorai.001G162100.1.D	446	340.583	2	0.232912
Gorai.001G162200.1.A	1779	1673.5	100.261	2.37624
Gorai.001G162200.1.D	1779	1673.5	0	0
Gorai.001G162300.1.A	3861	3755.5	116.706	1.23256
Gorai.001G162300.1.D	3861	3755.5	131.294	1.38663
Gorai.001G162400.1.A	984	878.505	477	21.5357
Gorai.001G162400.1.D	984	878.505	0	0
Gorai.001G162500.1.A	1593	1487.5	4919.21	131.166
Gorai.001G162500.1.D	1593	1487.5	3.14964	0.0839822
Gorai.001G162600.1.A	357	251.63	1922	302.953
Gorai.001G162600.1.D	357	251.63	0	0
Gorai.001G162700.1.A	327	221.63	0	0
Gorai.001G162700.1.D	327	221.63	3.67685	0.658009
Gorai.001G162800.1.A	468	362.551	5.5	0.601697
Gorai.001G162800.1.D	468	362.551	5.5	0.601697
Gorai.001G162900.1.A	3187	3081.5	345.195	4.4431
Gorai.001G162900.1.D	3187	3081.5	0	0
Gorai.001G163000.1.A	243	138.135	1.41744	0.406991
Gorai.001G163000.1.D	243	138.135	13054.6	3748.38
Gorai.001G163100.1.A	231	126.463	11041.5	3462.98
Gorai.001G163100.1.D	231	126.463	11041.5	3462.98
Gorai.001G163200.1.A	454	348.551	3	0.341381
Gorai.001G163200.1.D	454	348.551	3	0.341381
Gorai.001G163300.1.A	1110	1004.5	4.5	0.177683
Gorai.001G163300.1.D	1110	1004.5	4.5	0.177683
Gorai.001G163400.1.A	2040	1934.5	0	0
Gorai.001G163400.1.D	2040	1934.5	2016.2	41.3379
Gorai.001G163500.1.A	555	449.551	75	6.61709
Gorai.001G163500.1.D	555	449.551	75	6.61709
Gorai.001G163600.1.A	929	823.505	2	0.0963272
Gorai.001G163600.1.D	929	823.505	2	0.0963272
Gorai.001G163700.1.A	321	215.63	31	5.70213
Gorai.001G163700.1.D	321	215.63	0	0
Gorai.001G163800.1.A	321	215.63	12	2.20728
Gorai.001G163800.1.D	321	215.63	12	2.20728
Gorai.001G163900.1.A	642	536.505	794	58.6992
Gorai.001G163900.1.D	642	536.505	0	0
Gorai.001G164000.1.A	3682	3576.5	77.7273	0.861985
Gorai.001G164000.1.D	3682	3576.5	17.2727	0.191552
Gorai.001G164100.1.A	948	842.505	0	0
Gorai.001G164100.1.D	948	842.505	40.4864	1.90599
Gorai.001G164200.1.A	453	347.551	164.435	18.7655
Gorai.001G164200.1.D	453	347.551	164.435	18.7655
Gorai.001G164300.1.A	525	419.551	349.239	33.0159
Gorai.001G164300.1.D	525	419.551	349.239	33.0159
Gorai.001G164400.1.A	1344	1238.5	111	3.55476
Gorai.001G164400.1.D	1344	1238.5	0	0
Gorai.001G164500.1.A	6355	6249.5	10607	67.3183
Gorai.001G164500.1.D	6355	6249.5	1009.93	6.40958
Gorai.001G164600.1.A	1485	1379.5	652.5	18.7604
Gorai.001G164600.1.D	1485	1379.5	652.5	18.7604
Gorai.001G164700.1.A	1513	1407.5	352	9.91922
Gorai.001G164700.1.D	1513	1407.5	352	9.91922
Gorai.001G164800.1.A	930	824.505	86	4.13705
Gorai.001G164800.1.D	930	824.505	86	4.13705
Gorai.001G164900.1.A	5267	5161.5	45.5	0.349639
Gorai.001G164900.1.D	5267	5161.5	45.5	0.349639
Gorai.001G165000.1.A	414	308.583	7.5	0.963993
Gorai.001G165000.1.D	414	308.583	7.5	0.963993
Gorai.001G165100.1.A	201	97.3325	2	0.814999
Gorai.001G165100.1.D	201	97.3325	2	0.814999
Gorai.001G165200.1.A	3058	2952.5	139	1.86728
Gorai.001G165200.1.D	3058	2952.5	0	0
Gorai.001G165300.1.A	948	842.505	216	10.1687
Gorai.001G165300.1.D	948	842.505	216	10.1687
Gorai.001G165400.1.A	821	715.505	4.5	0.249451
Gorai.001G165400.1.D	821	715.505	4.5	0.249451
Gorai.001G165500.1.A	2199	2093.5	97.5	1.84721
Gorai.001G165500.1.D	2199	2093.5	97.5	1.84721
Gorai.001G165600.1.A	549	443.551	6	0.536528
Gorai.001G165600.1.D	549	443.551	6	0.536528
Gorai.001G165700.1.A	405	299.583	6.5	0.86056
Gorai.001G165700.1.D	405	299.583	6.5	0.86056
Gorai.001G165800.1.A	555	449.551	36.5	3.22032
Gorai.001G165800.1.D	555	449.551	36.5	3.22032
Gorai.001G165900.1.A	858	752.505	39	2.05561
Gorai.001G165900.1.D	858	752.505	39	2.05561
Gorai.001G166000.1.A	773	667.505	16	0.950716
Gorai.001G166000.1.D	773	667.505	16	0.950716
Gorai.001G166100.1.A	4567	4461.5	0	0
Gorai.001G166100.1.D	4567	4461.5	63	0.560072
Gorai.001G166200.1.A	303	197.687	17.5	3.51111
Gorai.001G166200.1.D	303	197.687	17.5	3.51111
Gorai.001G166300.1.A	1716	1610.5	0	0
Gorai.001G166300.1.D	1716	1610.5	1338	32.9518
Gorai.001G166400.1.A	108	25.6977	44.5	68.6833
Gorai.001G166400.1.D	108	25.6977	44.5	68.6833
Gorai.001G166500.1.A	186	83.2836	54	25.7169
Gorai.001G166500.1.D	186	83.2836	54	25.7169
Gorai.001G166600.1.A	882	776.505	215.811	11.0234
Gorai.001G166600.1.D	882	776.505	386.189	19.7261
Gorai.001G166700.1.A	1911	1805.5	0.447234	0.00982475
Gorai.001G166700.1.D	1911	1805.5	941.553	20.6838
Gorai.001G166800.1.A	647	541.505	0	0
Gorai.001G166800.1.D	647	541.505	21	1.53816
Gorai.001G166900.1.A	267	161.849	1.5	0.367591
Gorai.001G166900.1.D	267	161.849	1.5	0.367591
Gorai.001G167000.1.A	540	434.551	2	0.182547
Gorai.001G167000.1.D	540	434.551	0	0
Gorai.001G167100.1.A	330	224.63	0	0
Gorai.001G167100.1.D	330	224.63	0	0
Gorai.001G167200.1.A	1198	1092.5	9	0.326741
Gorai.001G167200.1.D	1198	1092.5	9	0.326741
Gorai.001G167300.1.A	252	147.005	11	2.96787
Gorai.001G167300.1.D	252	147.005	11	2.96787
Gorai.001G167400.1.A	585	479.551	470.5	38.9143
Gorai.001G167400.1.D	585	479.551	470.5	38.9143
Gorai.001G167500.1.A	276	170.788	0.5	0.116118
Gorai.001G167500.1.D	276	170.788	0.5	0.116118
Gorai.001G167600.1.A	435	329.583	30	3.61028
Gorai.001G167600.1.D	435	329.583	30	3.61028
Gorai.001G167700.1.A	807	701.505	73.6458	4.16392
Gorai.001G167700.1.D	807	701.505	73.6458	4.16392
Gorai.001G167800.1.A	993	887.505	614	27.4399
Gorai.001G167800.1.D	993	887.505	0	0
Gorai.001G167900.1.A	2435	2329.5	41	0.69808
Gorai.001G167900.1.D	2435	2329.5	0	0
Gorai.001G168000.1.A	636	530.505	258.228	19.3063
Gorai.001G168000.1.D	636	530.505	258.228	19.3063
Gorai.001G168100.1.A	1332	1226.5	15	0.485073
Gorai.001G168100.1.D	1332	1226.5	0	0
Gorai.001G168200.1.A	344	238.63	3	0.498633
Gorai.001G168200.1.D	344	238.63	3	0.498633
Gorai.001G168300.1.A	708	602.505	17	1.11911
Gorai.001G168300.1.D	708	602.505	17	1.11911
Gorai.001G168400.1.A	2739	2633.5	95.831	1.4433
Gorai.001G168400.1.D	2739	2633.5	66.169	0.996565
Gorai.001G168500.1.A	979	873.505	407.292	18.4938
Gorai.001G168500.1.D	979	873.505	613.708	27.8665
Gorai.001G168600.1.A	460	354.551	40	4.47472
Gorai.001G168600.1.D	460	354.551	0	0
Gorai.001G168700.1.A	7079	6973.5	365.576	2.07927
Gorai.001G168700.1.D	7079	6973.5	155.424	0.884001
Gorai.001G168800.1.A	1011	905.505	18.4061	0.806223
Gorai.001G168800.1.D	1011	905.505	18.4061	0.806223
Gorai.001G168900.1.A	2386	2280.5	176.986	3.07818
Gorai.001G168900.1.D	2386	2280.5	146.014	2.5395
Gorai.001G169000.1.A	231	126.463	0	0
Gorai.001G169000.1.D	231	126.463	0	0
Gorai.001G169100.1.A	2237	2131.5	476.069	8.85867
Gorai.001G169100.1.D	2237	2131.5	472.56	8.79338
Gorai.001G169200.1.A	2760	2654.5	101.951	1.52333
Gorai.001G169200.1.D	2760	2654.5	183.049	2.73507
Gorai.001G169300.1.A	3438	3332.5	471.914	5.61664
Gorai.001G169300.1.D	3438	3332.5	628.086	7.47538
Gorai.001G169400.1.A	249	144.019	72.913	20.0803
Gorai.001G169400.1.D	249	144.019	72.913	20.0803
Gorai.001G169500.1.A	1186	1080.5	3	0.110123
Gorai.001G169500.1.D	1186	1080.5	9	0.33037
Gorai.001G169600.1.A	839	733.505	984.268	53.2225
Gorai.001G169600.1.D	839	733.505	896.732	48.4892
Gorai.001G169700.1.A	1935	1829.5	30.3448	0.657864
Gorai.001G169700.1.D	1935	1829.5	57.6552	1.24994
Gorai.001G169800.1.A	2280	2174.5	568.23	10.3645
Gorai.001G169800.1.D	2280	2174.5	521.77	9.51709
Gorai.001G169900.1.A	228	123.486	0	0
Gorai.001G169900.1.D	228	123.486	0	0
Gorai.001G170000.1.A	1915	1809.5	20.7549	0.454931
Gorai.001G170000.1.D	1915	1809.5	19.2936	0.422901
Gorai.001G170100.1.A	2338	2232.5	119.647	2.12566
Gorai.001G170100.1.D	2338	2232.5	96.3529	1.71182
Gorai.001G170200.1.A	3179	3073.5	0	0
Gorai.001G170200.1.D	3179	3073.5	0	0
Gorai.001G170300.1.A	1516	1410.5	71.9104	2.0221
Gorai.001G170300.1.D	1516	1410.5	1.08955	0.0306379
Gorai.001G170400.1.A	1196	1090.5	8	0.290969
Gorai.001G170400.1.D	1196	1090.5	3	0.109114
Gorai.001G170500.1.A	1463	1357.5	126.844	3.70606
Gorai.001G170500.1.D	1463	1357.5	5.15625	0.150653
Gorai.001G170600.1.A	1366	1260.5	12.9231	0.406637
Gorai.001G170600.1.D	1366	1260.5	1.07692	0.0338864
Gorai.001G170700.1.A	2215	2109.5	32.0789	0.603149
Gorai.001G170700.1.D	2215	2109.5	126.921	2.38637
Gorai.001G170800.1.A	614	508.505	1365.42	106.501
Gorai.001G170800.1.D	614	508.505	1685.58	131.474
Gorai.001G170900.1.A	1126	1020.5	99.7714	3.87772
Gorai.001G170900.1.D	1126	1020.5	80.2286	3.11816
Gorai.001G171000.1.A	3085	2979.5	33.2522	0.44265
Gorai.001G171000.1.D	3085	2979.5	205.748	2.7389
Gorai.001G171100.1.A	399	293.583	0	0
Gorai.001G171100.1.D	399	293.583	8.00851	1.08195
Gorai.001G171200.1.A	723	617.505	1.07497	0.0690466
Gorai.001G171200.1.D	723	617.505	1.07497	0.0690466
Gorai.001G171300.1.A	401	295.583	1.52208	0.204241
Gorai.001G171300.1.D	401	295.583	1.52208	0.204241
Gorai.001G171400.1.A	1977	1871.5	34.8472	0.738519
Gorai.001G171400.1.D	1977	1871.5	58.8882	1.24802
Gorai.001G171500.1.A	2424	2318.5	74.1756	1.26893
Gorai.001G171500.1.D	2424	2318.5	121.089	2.07148
Gorai.001G171600.1.A	1619	1513.5	0	0
Gorai.001G171600.1.D	1619	1513.5	15.7326	0.41229
Gorai.001G171700.1.A	2075	1969.5	323.301	6.5108
Gorai.001G171700.1.D	2075	1969.5	393.842	7.93141
Gorai.001G171800.1.A	875	769.505	1.08518	0.0559338
Gorai.001G171800.1.D	875	769.505	4.52734	0.233355
Gorai.001G171900.1.A	1790	1684.5	322.868	7.60218
Gorai.001G171900.1.D	1790	1684.5	350.529	8.25347
Gorai.001G172000.1.A	2605	2499.5	51.9474	0.824317
Gorai.001G172000.1.D	2605	2499.5	53.0526	0.841856
Gorai.001G172100.1.A	349	243.63	0	0
Gorai.001G172100.1.D	349	243.63	0	0
Gorai.001G172200.1.A	1132	1026.5	11	0.425027
Gorai.001G172200.1.D	1132	1026.5	0	0
Gorai.001G172300.1.A	252	147.005	0	0
Gorai.001G172300.1.D	252	147.005	26.4276	7.13032
Gorai.001G172400.1.A	1783	1677.5	14.0377	0.331908
Gorai.001G172400.1.D	1783	1677.5	109.962	2.59995
Gorai.001G172500.1.A	473	367.551	4	0.431645
Gorai.001G172500.1.D	473	367.551	4	0.431645
Gorai.001G172600.1.A	2060	1954.5	104.407	2.11874
Gorai.001G172600.1.D	2060	1954.5	242.593	4.92296
Gorai.001G172700.1.A	1655	1549.5	67.7885	1.73519
Gorai.001G172700.1.D	1655	1549.5	73.2115	1.87401
Gorai.001G172800.1.A	2825	2719.5	260.937	3.80566
Gorai.001G172800.1.D	2825	2719.5	350.063	5.10554
Gorai.001G172900.1.A	978	872.505	0	0
Gorai.001G172900.1.D	978	872.505	16	0.727339
Gorai.001G173000.1.A	1546	1440.5	6	0.165204
Gorai.001G173000.1.D	1546	1440.5	2	0.0550681
Gorai.001G173100.1.A	2297	2191.5	0	0
Gorai.001G173100.1.D	2297	2191.5	353	6.38877
Gorai.001G173200.1.A	957	851.505	0	0
Gorai.001G173200.1.D	957	851.505	0	0
Gorai.001G173300.1.A	897	791.505	28	1.4031
Gorai.001G173300.1.D	897	791.505	0	0
Gorai.001G173400.1.A	2245	2139.5	444.044	8.23186
Gorai.001G173400.1.D	2245	2139.5	350.956	6.50615
Gorai.001G173500.1.A	870	764.505	0	0
Gorai.001G173500.1.D	870	764.505	2	0.103761
Gorai.001G173600.1.A	1527	1421.5	273.702	7.63686
Gorai.001G173600.1.D	1527	1421.5	847.298	23.6414
Gorai.001G173700.1.A	1598	1492.5	116.14	3.08639
Gorai.001G173700.1.D	1598	1492.5	306.649	8.14913
Gorai.001G173800.1.A	667	561.505	20	1.41274
Gorai.001G173800.1.D	667	561.505	2	0.141274
Gorai.001G173900.1.A	1354	1248.5	0	0
Gorai.001G173900.1.D	1354	1248.5	0	0
Gorai.001G174000.1.A	2072	1966.5	219.199	4.42109
Gorai.001G174000.1.D	2072	1966.5	79.8007	1.60952
Gorai.001G174100.1.A	1340	1234.5	434.984	13.9754
Gorai.001G174100.1.D	1340	1234.5	301.016	9.67122
Gorai.001G174200.1.A	800	694.505	331.452	18.9291
Gorai.001G174200.1.D	800	694.505	83.5479	4.77139
Gorai.001G174300.1.A	1921	1815.5	31.68	0.692106
Gorai.001G174300.1.D	1921	1815.5	56.32	1.23041
Gorai.001G174400.1.A	2219	2113.5	899.506	16.8805
Gorai.001G174400.1.D	2219	2113.5	498.494	9.35496
Gorai.001G174500.1.A	815	709.505	0	0
Gorai.001G174500.1.D	815	709.505	29.4038	1.64374
Gorai.001G174600.1.A	2964	2858.5	1332.51	18.4892
Gorai.001G174600.1.D	2964	2858.5	1803.49	25.0241
Gorai.001G174700.1.A	1227	1121.5	268.965	9.51218
Gorai.001G174700.1.D	1227	1121.5	422.035	14.9256
Gorai.001G174800.1.A	1370	1264.5	1.33333	0.0418218
Gorai.001G174800.1.D	1370	1264.5	2.66667	0.0836437
Gorai.001G174900.1.A	1314	1208.5	1	0.0328198
Gorai.001G174900.1.D	1314	1208.5	0	0
Gorai.001G175000.1.A	2072	1966.5	74.7179	1.50701
Gorai.001G175000.1.D	2072	1966.5	173.282	3.49497
Gorai.001G175100.1.A	2397	2291.5	181.614	3.14349
Gorai.001G175100.1.D	2397	2291.5	329.386	5.70125
Gorai.001G175200.1.A	1887	1781.5	138.688	3.08771
Gorai.001G175200.1.D	1887	1781.5	216.312	4.81591
Gorai.001G175300.1.A	2331	2225.5	100.638	1.79356
Gorai.001G175300.1.D	2331	2225.5	148.363	2.64412
Gorai.001G175400.1.A	1657	1551.5	95.9351	2.4525
Gorai.001G175400.1.D	1657	1551.5	236.065	6.03481
Gorai.001G175500.1.A	1521	1415.5	0	0
Gorai.001G175500.1.D	1521	1415.5	0	0
Gorai.001G175600.1.A	1259	1153.5	464.242	15.9628
Gorai.001G175600.1.D	1259	1153.5	319.758	10.9948
Gorai.001G175700.1.A	2725	2619.5	54.6531	0.827523
Gorai.001G175700.1.D	2725	2619.5	48.3469	0.73204
Gorai.001G175800.1.A	733	627.505	164.805	10.4169
Gorai.001G175800.1.D	733	627.505	285.195	18.0264
Gorai.001G175900.1.A	363	257.583	67.5938	10.4082
Gorai.001G175900.1.D	363	257.583	0	0
Gorai.001G176000.1.A	1885	1779.5	49.2394	1.09749
Gorai.001G176000.1.D	1885	1779.5	102.761	2.2904
Gorai.001G176100.1.A	690	584.505	7	0.475002
Gorai.001G176100.1.D	690	584.505	0	0
Gorai.001G176200.1.A	3044	2938.5	814.743	10.9971
Gorai.001G176200.1.D	3044	2938.5	858.696	11.5904
Gorai.001G176300.1.A	1533	1427.5	37.9911	1.05557
Gorai.001G176300.1.D	1533	1427.5	77.0089	2.13968
Gorai.001G176400.1.A	1517	1411.5	577.125	16.2171
Gorai.001G176400.1.D	1517	1411.5	516.875	14.5241
Gorai.001G176500.1.A	714	608.505	0	0
Gorai.001G176500.1.D	714	608.505	1	0.065181
Gorai.001G176600.1.A	456	350.551	0	0
Gorai.001G176600.1.D	456	350.551	0	0
Gorai.001G176700.1.A	1381	1275.5	1	0.0310959
Gorai.001G176700.1.D	1381	1275.5	1	0.0310959
Gorai.001G176800.1.A	987	881.505	0	0
Gorai.001G176800.1.D	987	881.505	0	0
Gorai.001G176900.1.A	1544	1438.5	0	0
Gorai.001G176900.1.D	1544	1438.5	8.25208	0.227529
Gorai.001G177000.1.A	1228	1122.5	78.8235	2.78518
Gorai.001G177000.1.D	1228	1122.5	189.176	6.68442
Gorai.001G177100.1.A	1116	1010.5	3	0.117752
Gorai.001G177100.1.D	1116	1010.5	0	0
Gorai.001G177200.1.A	453	347.551	111.704	12.7477
Gorai.001G177200.1.D	453	347.551	4.2963	0.490298
Gorai.001G177300.1.A	609	503.551	52.4993	4.13518
Gorai.001G177300.1.D	609	503.551	0	0
Gorai.001G177400.1.A	879	773.505	12	0.615323
Gorai.001G177400.1.D	879	773.505	11	0.564046
Gorai.001G177500.1.A	1049	943.505	1	0.0420379
Gorai.001G177500.1.D	1049	943.505	6	0.252227
Gorai.001G177600.1.A	1374	1268.5	0	0
Gorai.001G177600.1.D	1374	1268.5	0	0
Gorai.001G177700.1.A	1285	1179.5	670.728	22.5544
Gorai.001G177700.1.D	1285	1179.5	781.272	26.2716
Gorai.001G177800.1.A	240	135.211	1	0.293342
Gorai.001G177800.1.D	240	135.211	0	0
Gorai.001G177900.1.A	360	254.63	0	0
Gorai.001G177900.1.D	360	254.63	0	0
Gorai.001G178000.1.A	2510	2404.5	773.056	12.7518
Gorai.001G178000.1.D	2510	2404.5	135.944	2.24244
Gorai.001G178100.1.A	1799	1693.5	0	0
Gorai.001G178100.1.D	1799	1693.5	0	0
Gorai.001G178200.1.A	906	800.505	0	0
Gorai.001G178200.1.D	906	800.505	0	0
Gorai.001G178300.1.A	719	613.505	0	0
Gorai.001G178300.1.D	719	613.505	0	0
Gorai.001G178400.1.A	1318	1212.5	2785.89	91.1309
Gorai.001G178400.1.D	1318	1212.5	360.478	11.7918
Gorai.001G178500.1.A	2424	2318.5	536.275	9.17412
Gorai.001G178500.1.D	2424	2318.5	258.29	4.4186
Gorai.001G178600.1.A	2925	2819.5	84.4607	1.18814
Gorai.001G178600.1.D	2925	2819.5	146.974	2.06754
Gorai.001G178700.1.A	792	686.505	17.4225	1.00659
Gorai.001G178700.1.D	792	686.505	17.4225	1.00659
Gorai.001G178800.1.A	1456	1350.5	1	0.029369
Gorai.001G178800.1.D	1456	1350.5	0	0
Gorai.001G178900.1.A	1927	1821.5	0	0
Gorai.001G178900.1.D	1927	1821.5	0	0
Gorai.001G179000.1.A	2499	2393.5	2248.65	37.2626
Gorai.001G179000.1.D	2499	2393.5	2618.35	43.3889
Gorai.001G179100.1.A	1404	1298.5	428.962	13.1027
Gorai.001G179100.1.D	1404	1298.5	1113.04	33.9978
Gorai.001G179200.1.A	931	825.505	21.5783	1.03677
Gorai.001G179200.1.D	931	825.505	21.5783	1.03677
Gorai.001G179300.1.A	2681	2575.5	312.998	4.82019
Gorai.001G179300.1.D	2681	2575.5	179.002	2.75664
Gorai.001G179400.1.A	2144	2038.5	503.662	9.7997
Gorai.001G179400.1.D	2144	2038.5	187.338	3.64501
Gorai.001G179500.1.A	846	740.505	0.5	0.026781
Gorai.001G179500.1.D	846	740.505	0.5	0.026781
Gorai.001G179600.1.A	3058	2952.5	49.7099	0.667786
Gorai.001G179600.1.D	3058	2952.5	98.2901	1.3204
Gorai.001G179700.1.A	1383	1277.5	0	0
Gorai.001G179700.1.D	1383	1277.5	0	0
Gorai.001G179800.1.A	2958	2852.5	4801.32	66.7604
Gorai.001G179800.1.D	2958	2852.5	583.611	8.11488
Gorai.001G179900.1.A	1766	1660.5	439.587	10.5
Gorai.001G179900.1.D	1766	1660.5	358.024	8.55179
Gorai.001G180000.1.A	1843	1737.5	364.23	8.31447
Gorai.001G180000.1.D	1843	1737.5	384.227	8.77096
Gorai.001G180100.1.A	802	696.505	2.16113	0.123067
Gorai.001G180100.1.D	802	696.505	4.24365	0.241658
Gorai.001G180200.1.A	1539	1433.5	5	0.138343
Gorai.001G180200.1.D	1539	1433.5	0	0
Gorai.001G180300.1.A	2457	2351.5	0	0
Gorai.001G180300.1.D	2457	2351.5	0	0
Gorai.001G180400.1.A	1069	963.505	109.945	4.52593
Gorai.001G180400.1.D	1069	963.505	1306.05	53.7641
Gorai.001G180500.1.A	1704	1598.5	19.3582	0.480327
Gorai.001G180500.1.D	1704	1598.5	12.2263	0.303364
Gorai.001G180600.1.A	741	635.505	39	2.43406
Gorai.001G180600.1.D	741	635.505	0	0
Gorai.001G180700.1.A	222	117.654	206	69.4457
Gorai.001G180700.1.D	222	117.654	0	0
Gorai.001G180800.1.A	415	309.583	86.9492	11.1397
Gorai.001G180800.1.D	415	309.583	0	0
Gorai.001G180900.1.A	804	698.505	6.18902	0.351429
Gorai.001G180900.1.D	804	698.505	196.811	11.1754
Gorai.001G181000.1.A	1465	1359.5	63.8952	1.86411
Gorai.001G181000.1.D	1465	1359.5	75.1048	2.19115
Gorai.001G181100.1.A	201	97.3325	0	0
Gorai.001G181100.1.D	201	97.3325	0	0
Gorai.001G181200.1.A	1548	1442.5	152.75	4.2
Gorai.001G181200.1.D	1548	1442.5	16.25	0.446808
Gorai.001G181300.1.A	698	592.505	59.9698	4.01445
Gorai.001G181300.1.D	698	592.505	214.03	14.3274
Gorai.001G181400.1.A	1122	1016.5	0	0
Gorai.001G181400.1.D	1122	1016.5	0	0
Gorai.001G181500.1.A	2999	2893.5	264.222	3.62185
Gorai.001G181500.1.D	2999	2893.5	473.778	6.49435
Gorai.001G181600.1.A	2211	2105.5	732.658	13.8016
Gorai.001G181600.1.D	2211	2105.5	18.3419	0.34552
Gorai.001G181700.1.A	823	717.505	345.166	19.0805
Gorai.001G181700.1.D	823	717.505	584.834	32.329
Gorai.001G181800.1.A	2190	2084.5	194.172	3.6946
Gorai.001G181800.1.D	2190	2084.5	25.8216	0.491321
Gorai.001G181900.1.A	3320	3214.5	2.00666	0.0247596
Gorai.001G181900.1.D	3320	3214.5	0	0
Gorai.001G182000.1.A	2428	2322.5	434.15	7.41427
Gorai.001G182000.1.D	2428	2322.5	513.85	8.77535
Gorai.001G182100.1.A	1088	982.505	89.6296	3.61828
Gorai.001G182100.1.D	1088	982.505	20.3704	0.822336
Gorai.001G182200.1.A	3972	3866.5	233.311	2.39332
Gorai.001G182200.1.D	3972	3866.5	409.689	4.20263
Gorai.001G182300.1.A	342	236.63	0	0
Gorai.001G182300.1.D	342	236.63	0	0
Gorai.001G182400.1.A	5495	5389.5	1078.74	7.93879
Gorai.001G182400.1.D	5495	5389.5	906.935	6.6744
Gorai.001G182500.1.A	2275	2169.5	31.7299	0.580087
Gorai.001G182500.1.D	2275	2169.5	157.27	2.87522
Gorai.001G182600.1.A	844	738.505	0	0
Gorai.001G182600.1.D	844	738.505	55	2.95389
Gorai.001G182700.1.A	1074	968.505	202.986	8.31282
Gorai.001G182700.1.D	1074	968.505	6.01439	0.246306
Gorai.001G182800.1.A	3125	3019.5	311.205	4.08785
Gorai.001G182800.1.D	3125	3019.5	569.795	7.48459
Gorai.001G182900.1.A	3974	3868.5	467.799	4.79625
Gorai.001G182900.1.D	3974	3868.5	582.201	5.96918
Gorai.001G183000.1.A	3419	3313.5	12.7892	0.153087
Gorai.001G183000.1.D	3419	3313.5	373.211	4.46737
Gorai.001G183100.1.A	661	555.505	0	0
Gorai.001G183100.1.D	661	555.505	0	0
Gorai.001G183200.1.A	1822	1716.5	75	1.73301
Gorai.001G183200.1.D	1822	1716.5	0	0
Gorai.001G183300.1.A	5163	5057.5	1905.17	14.9411
Gorai.001G183300.1.D	5163	5057.5	630.149	4.94188
Gorai.001G183400.1.A	2219	2113.5	0.5	0.00938322
Gorai.001G183400.1.D	2219	2113.5	0.5	0.00938322
Gorai.001G183500.1.A	1681	1575.5	4	0.100699
Gorai.001G183500.1.D	1681	1575.5	0	0
Gorai.001G183600.1.A	623	517.505	6.66667	0.510951
Gorai.001G183600.1.D	623	517.505	1.33333	0.10219
Gorai.001G183700.1.A	685	579.505	1.7	0.116353
Gorai.001G183700.1.D	685	579.505	15.3	1.04718
Gorai.001G183800.1.A	597	491.551	3.04889	0.246013
Gorai.001G183800.1.D	597	491.551	5266.95	424.987
Gorai.001G183900.1.A	573	467.551	0	0
Gorai.001G183900.1.D	573	467.551	0	0
Gorai.001G184000.1.A	366	260.583	0.5	0.0761042
Gorai.001G184000.1.D	366	260.583	0.5	0.0761042
Gorai.001G184100.1.A	440	334.583	10	1.18544
Gorai.001G184100.1.D	440	334.583	0	0
Gorai.001G184200.1.A	280	174.788	0	0
Gorai.001G184200.1.D	280	174.788	0	0
Gorai.001G184300.1.A	2673	2567.5	6.85714	0.105929
Gorai.001G184300.1.D	2673	2567.5	1.14286	0.0176549
Gorai.001G184400.1.A	3714	3608.5	10.9091	0.119907
Gorai.001G184400.1.D	3714	3608.5	1.09091	0.0119907
Gorai.001G184500.1.A	1690	1584.5	0	0
Gorai.001G184500.1.D	1690	1584.5	0	0
Gorai.001G184600.1.A	1966	1860.5	0	0
Gorai.001G184600.1.D	1966	1860.5	0	0
Gorai.001G184700.1.A	2694	2588.5	2548.08	39.0435
Gorai.001G184700.1.D	2694	2588.5	554.924	8.50294
Gorai.001G184800.1.A	525	419.551	0	0
Gorai.001G184800.1.D	525	419.551	0	0
Gorai.001G184900.1.A	1467	1361.5	4.0806	0.118875
Gorai.001G184900.1.D	1467	1361.5	64.4801	1.87842
Gorai.001G185000.1.A	1021	915.505	2.91963	0.126489
Gorai.001G185000.1.D	1021	915.505	2.91963	0.126489
Gorai.001G185100.1.A	4257	4151.5	78.2093	0.747202
Gorai.001G185100.1.D	4257	4151.5	98.7907	0.943834
Gorai.001G185200.1.A	1849	1743.5	219.853	5.00143
Gorai.001G185200.1.D	1849	1743.5	10.1471	0.230835
Gorai.001G185300.1.A	669	563.505	154.102	10.8467
Gorai.001G185300.1.D	669	563.505	96.8977	6.82026
Gorai.001G185400.1.A	577	471.551	0	0
Gorai.001G185400.1.D	577	471.551	6	0.50467
Gorai.001G185500.1.A	2089	1983.5	450.845	9.01528
Gorai.001G185500.1.D	2089	1983.5	390.155	7.80169
Gorai.001G185600.1.A	366	260.583	2	0.304417
Gorai.001G185600.1.D	366	260.583	2	0.304417
Gorai.001G185700.1.A	1419	1313.5	2890.78	87.2909
Gorai.001G185700.1.D	1419	1313.5	540.216	16.3125
Gorai.001G185800.1.A	586	480.551	0	0
Gorai.001G185800.1.D	586	480.551	0	0
Gorai.001G185900.1.A	1468	1362.5	32.5253	0.94682
Gorai.001G185900.1.D	1468	1362.5	107.475	3.12862
Gorai.001G186000.1.A	1238	1132.5	78.2519	2.74056
Gorai.001G186000.1.D	1238	1132.5	227.748	7.97627
Gorai.001G186100.1.A	1102	996.505	151.397	6.02593
Gorai.001G186100.1.D	1102	996.505	65.2852	2.59848
Gorai.001G186200.1.A	2065	1959.5	352.511	7.13529
Gorai.001G186200.1.D	2065	1959.5	405.909	8.21612
Gorai.001G186300.1.A	910	804.505	4.07143	0.200726
Gorai.001G186300.1.D	910	804.505	109.929	5.4196
Gorai.001G186400.1.A	548	442.551	0	0
Gorai.001G186400.1.D	548	442.551	0	0
Gorai.001G186500.1.A	326	220.63	0	0
Gorai.001G186500.1.D	326	220.63	48.1461	8.65527
Gorai.001G186600.1.A	342	236.63	0	0
Gorai.001G186600.1.D	342	236.63	0	0
Gorai.001G186700.1.A	1042	936.505	303.02	12.8335
Gorai.001G186700.1.D	1042	936.505	149.98	6.35196
Gorai.001G186800.1.A	3286	3180.5	5862.81	73.113
Gorai.001G186800.1.D	3286	3180.5	491.934	6.13473
Gorai.001G186900.1.A	2325	2219.5	103.171	1.84368
Gorai.001G186900.1.D	2325	2219.5	37.8293	0.676016
Gorai.001G187000.1.A	2811	2705.5	888.573	13.0266
Gorai.001G187000.1.D	2811	2705.5	731.427	10.7228
Gorai.001G187100.1.A	6226	6120.5	177.45	1.14994
Gorai.001G187100.1.D	6226	6120.5	141.55	0.917291
Gorai.001G187200.1.A	1914	1808.5	1302.89	28.5741
Gorai.001G187200.1.D	1914	1808.5	794.112	17.4159
Gorai.001G187300.1.A	500	394.551	0	0
Gorai.001G187300.1.D	500	394.551	0	0
Gorai.001G187400.1.A	1532	1426.5	1	0.0278043
Gorai.001G187400.1.D	1532	1426.5	2	0.0556086
Gorai.001G187500.1.A	1761	1655.5	66.3256	1.58904
Gorai.001G187500.1.D	1761	1655.5	71.6744	1.71719
Gorai.001G187600.1.A	699	593.505	0	0
Gorai.001G187600.1.D	699	593.505	0	0
Gorai.001G187700.1.A	1078	972.505	0	0
Gorai.001G187700.1.D	1078	972.505	3.45727	0.141003
Gorai.001G187800.1.A	2554	2448.5	40	0.647954
Gorai.001G187800.1.D	2554	2448.5	34	0.550761
Gorai.001G187900.1.A	1238	1132.5	767.423	26.8769
Gorai.001G187900.1.D	1238	1132.5	602.577	21.1037
Gorai.001G188000.1.A	2232	2126.5	298.232	5.56253
Gorai.001G188000.1.D	2232	2126.5	331.768	6.18804
Gorai.001G188100.1.A	1249	1143.5	224.949	7.80245
Gorai.001G188100.1.D	1249	1143.5	227.051	7.87537
Gorai.001G188200.1.A	261	155.894	244.809	62.285
Gorai.001G188200.1.D	261	155.894	915.191	232.846
Gorai.001G188300.1.A	1627	1521.5	124.339	3.24131
Gorai.001G188300.1.D	1627	1521.5	163.661	4.26634
Gorai.001G188400.1.A	1789	1683.5	1455.97	34.3022
Gorai.001G188400.1.D	1789	1683.5	250.035	5.89076
Gorai.001G188500.1.A	3188	3082.5	986.389	12.692
Gorai.001G188500.1.D	3188	3082.5	1401.47	18.0329
Gorai.001G188600.1.A	2672	2566.5	146.021	2.25662
Gorai.001G188600.1.D	2672	2566.5	201.115	3.10805
Gorai.001G188700.1.A	2961	2855.5	7.91304	0.109912
Gorai.001G188700.1.D	2961	2855.5	18.087	0.251228
Gorai.001G188800.1.A	325	219.63	0	0
Gorai.001G188800.1.D	325	219.63	0	0
Gorai.001G188900.1.A	294	188.687	0	0
Gorai.001G188900.1.D	294	188.687	0	0
Gorai.001G189000.1.A	948	842.505	8.04857	0.378906
Gorai.001G189000.1.D	948	842.505	8.04857	0.378906
Gorai.001G189100.1.A	249	144.019	0	0
Gorai.001G189100.1.D	249	144.019	0	0
Gorai.001G189200.1.A	442	336.583	0	0
Gorai.001G189200.1.D	442	336.583	0	0
Gorai.001G189300.1.A	1148	1042.5	18.8571	0.717435
Gorai.001G189300.1.D	1148	1042.5	3.14286	0.119573
Gorai.001G189400.1.A	336	230.63	18	3.09558
Gorai.001G189400.1.D	336	230.63	0	0
Gorai.001G189500.1.A	1974	1868.5	1	0.0212271
Gorai.001G189500.1.D	1974	1868.5	0	0
Gorai.001G189600.1.A	1703	1597.5	0	0
Gorai.001G189600.1.D	1703	1597.5	0	0
Gorai.001G189700.1.A	936	830.505	0	0
Gorai.001G189700.1.D	936	830.505	0	0
Gorai.001G189800.1.A	855	749.505	3.61695	0.191405
Gorai.001G189800.1.D	855	749.505	3.61695	0.191405
Gorai.001G189900.1.A	1024	918.505	316.402	13.6629
Gorai.001G189900.1.D	1024	918.505	283.598	12.2463
Gorai.001G190000.1.A	2082	1976.5	64.7872	1.3001
Gorai.001G190000.1.D	2082	1976.5	80.2128	1.60965
Gorai.001G190100.1.A	1434	1328.5	153.974	4.59694
Gorai.001G190100.1.D	1434	1328.5	392.026	11.7041
Gorai.001G190200.1.A	1917	1811.5	9.6188	0.210604
Gorai.001G190200.1.D	1917	1811.5	0	0
Gorai.001G190300.1.A	1417	1311.5	1600.37	48.3989
Gorai.001G190300.1.D	1417	1311.5	176.63	5.34169
Gorai.001G190400.1.A	2731	2625.5	731.137	11.0451
Gorai.001G190400.1.D	2731	2625.5	2119.86	32.0243
Gorai.001G190500.1.A	510	404.551	0	0
Gorai.001G190500.1.D	510	404.551	0	0
Gorai.001G190600.1.A	335	229.63	8.49977	1.46813
Gorai.001G190600.1.D	335	229.63	8.49977	1.46813
Gorai.001G190700.1.A	1917	1811.5	178.731	3.91332
Gorai.001G190700.1.D	1917	1811.5	161.269	3.53099
Gorai.001G190800.1.A	394	288.583	23.6923	3.25628
Gorai.001G190800.1.D	394	288.583	4.30769	0.59205
Gorai.001G190900.1.A	2055	1949.5	9.10769	0.185297
Gorai.001G190900.1.D	2055	1949.5	64.8923	1.32024
Gorai.001G191000.1.A	1729	1623.5	488.145	11.9256
Gorai.001G191000.1.D	1729	1623.5	764.855	18.6857
Gorai.001G191100.1.A	585	479.551	0	0
Gorai.001G191100.1.D	585	479.551	0	0
Gorai.001G191200.1.A	2949	2843.5	102.603	1.43117
Gorai.001G191200.1.D	2949	2843.5	99.3968	1.38645
Gorai.001G191300.1.A	240	135.211	0	0
Gorai.001G191300.1.D	240	135.211	0	0
Gorai.001G191400.1.A	972	866.505	6	0.274641
Gorai.001G191400.1.D	972	866.505	6	0.274641
Gorai.001G191500.1.A	1174	1068.5	81.8328	3.03764
Gorai.001G191500.1.D	1174	1068.5	2.17838	0.0808617
Gorai.001G191600.1.A	1240	1134.5	62.9703	2.20148
Gorai.001G191600.1.D	1240	1134.5	43.0297	1.50434
Gorai.001G191700.1.A	2968	2862.5	73.1788	1.01397
Gorai.001G191700.1.D	2968	2862.5	96.8212	1.34156
Gorai.001G191800.1.A	1359	1253.5	0	0
Gorai.001G191800.1.D	1359	1253.5	0	0
Gorai.001G191900.1.A	2049	1943.5	17.7581	0.362407
Gorai.001G191900.1.D	2049	1943.5	7.41975	0.151422
Gorai.001G192000.1.A	929	823.505	12.496	0.601854
Gorai.001G192000.1.D	929	823.505	11.9512	0.575613
Gorai.001G192100.1.A	361	255.607	0	0
Gorai.001G192100.1.D	361	255.607	0	0
Gorai.001G192200.1.A	1388	1282.5	1	0.0309262
Gorai.001G192200.1.D	1388	1282.5	4	0.123705
Gorai.001G192300.1.A	2037	1931.5	3.24598	0.0666553
Gorai.001G192300.1.D	2037	1931.5	13.1289	0.269598
Gorai.001G192400.1.A	5155	5049.5	582.737	4.57729
Gorai.001G192400.1.D	5155	5049.5	231.263	1.81653
Gorai.001G192500.1.A	712	606.505	46.7727	3.05875
Gorai.001G192500.1.D	712	606.505	2.22727	0.145655
Gorai.001G192600.1.A	763	657.505	305.295	18.4165
Gorai.001G192600.1.D	763	657.505	401.705	24.2322
Gorai.001G192700.1.A	513	407.551	3.53593	0.344117
Gorai.001G192700.1.D	513	407.551	9.35206	0.910143
Gorai.001G192800.1.A	2050	1944.5	41.0811	0.837949
Gorai.001G192800.1.D	2050	1944.5	53.9189	1.09981
Gorai.001G192900.1.A	1864	1758.5	138.978	3.13463
Gorai.001G192900.1.D	1864	1758.5	140.022	3.1582
Gorai.001G193000.1.A	2834	2728.5	115.5	1.67897
Gorai.001G193000.1.D	2834	2728.5	122.5	1.78072
Gorai.001G193100.1.A	2528	2422.5	68.4583	1.12085
Gorai.001G193100.1.D	2528	2422.5	410.75	6.72508
Gorai.001G193200.1.A	1103	997.505	281.159	11.1795
Gorai.001G193200.1.D	1103	997.505	240.841	9.57638
Gorai.001G193300.1.A	870	764.505	0	0
Gorai.001G193300.1.D	870	764.505	13	0.674447
Gorai.001G193400.1.A	409	303.583	2	0.261299
Gorai.001G193400.1.D	409	303.583	2	0.261299
Gorai.001G193500.1.A	520	414.551	6.76993	0.647726
Gorai.001G193500.1.D	520	414.551	6.76993	0.647726
Gorai.001G193600.1.A	1578	1472.5	4	0.107743
Gorai.001G193600.1.D	1578	1472.5	0	0
Gorai.001G193700.1.A	2442	2336.5	40.8814	0.693975
Gorai.001G193700.1.D	2442	2336.5	93.1186	1.58072
Gorai.001G193800.1.A	1445	1339.5	0	0
Gorai.001G193800.1.D	1445	1339.5	46	1.36207
Gorai.001G193900.1.A	442	336.583	0	0
Gorai.001G193900.1.D	442	336.583	0	0
Gorai.001G194000.1.A	721	615.505	0	0
Gorai.001G194000.1.D	721	615.505	1	0.0644397
Gorai.001G194100.1.A	479	373.551	14.4836	1.53783
Gorai.001G194100.1.D	479	373.551	14.4836	1.53783
Gorai.001G194200.1.A	1726	1620.5	50.1951	1.22856
Gorai.001G194200.1.D	1726	1620.5	33.8049	0.827397
Gorai.001G194300.1.A	171	69.7331	0	0
Gorai.001G194300.1.D	171	69.7331	0	0
Gorai.001G194400.1.A	1677	1571.5	1786.04	45.0776
Gorai.001G194400.1.D	1677	1571.5	508.959	12.8455
Gorai.001G194500.1.A	2194	2088.5	4.03125	0.0765578
Gorai.001G194500.1.D	2194	2088.5	81.9688	1.55667
Gorai.001G194600.1.A	540	434.551	96.5	8.80787
Gorai.001G194600.1.D	540	434.551	96.5	8.80787
Gorai.001G194700.1.A	1368	1262.5	19.4644	0.611496
Gorai.001G194700.1.D	1368	1262.5	78.3296	2.46081
Gorai.001G194800.1.A	489	383.551	1	0.10341
Gorai.001G194800.1.D	489	383.551	0	0
Gorai.001G194900.1.A	618	512.505	2.5	0.193476
Gorai.001G194900.1.D	618	512.505	2.5	0.193476
Gorai.001G195000.1.A	2952	2846.5	532.988	7.4266
Gorai.001G195000.1.D	2952	2846.5	327.012	4.55656
Gorai.001G195100.1.A	1714	1608.5	1405.88	34.6665
Gorai.001G195100.1.D	1714	1608.5	381.124	9.39786
Gorai.001G195200.1.A	1674	1568.5	0.5	0.0126436
Gorai.001G195200.1.D	1674	1568.5	0.5	0.0126436
Gorai.001G195300.1.A	1500	1394.5	15.6304	0.444566
Gorai.001G195300.1.D	1500	1394.5	15.6304	0.444566
Gorai.001G195400.1.A	1489	1383.5	0	0
Gorai.001G195400.1.D	1489	1383.5	0	0
Gorai.001G195500.1.A	1441	1335.5	199.119	5.91359
Gorai.001G195500.1.D	1441	1335.5	67.8814	2.016
Gorai.001G195600.1.A	2097	1991.5	545.016	10.8546
Gorai.001G195600.1.D	2097	1991.5	811.984	16.1715
Gorai.001G195700.1.A	3257	3151.5	38.3704	0.482906
Gorai.001G195700.1.D	3257	3151.5	73.6296	0.926658
Gorai.001G195800.1.A	820	714.505	6.5	0.360822
Gorai.001G195800.1.D	820	714.505	6.5	0.360822
Gorai.001G195900.1.A	971	865.505	54.6667	2.50518
Gorai.001G195900.1.D	971	865.505	27.3333	1.25259
Gorai.001G196000.1.A	444	338.583	0	0
Gorai.001G196000.1.D	444	338.583	0	0
Gorai.001G196100.1.A	2002	1896.5	6	0.125482
Gorai.001G196100.1.D	2002	1896.5	6	0.125482
Gorai.001G196200.1.A	2999	2893.5	84.8603	1.16323
Gorai.001G196200.1.D	2999	2893.5	132.14	1.81131
Gorai.001G196300.1.A	2133	2027.5	41.8849	0.819371
Gorai.001G196300.1.D	2133	2027.5	100.115	1.9585
Gorai.001G196400.1.A	2507	2401.5	26.6	0.439322
Gorai.001G196400.1.D	2507	2401.5	11.4	0.188281
Gorai.001G196500.1.A	1640	1534.5	92.4898	2.39062
Gorai.001G196500.1.D	1640	1534.5	113.51	2.93394
Gorai.001G196600.1.A	306	200.687	0.523707	0.103503
Gorai.001G196600.1.D	306	200.687	0.523707	0.103503
Gorai.001G196700.1.A	1843	1737.5	170.625	3.89495
Gorai.001G196700.1.D	1843	1737.5	102.375	2.33697
Gorai.001G196800.1.A	1422	1316.5	2	0.0602549
Gorai.001G196800.1.D	1422	1316.5	0	0
Gorai.001G196900.1.A	1712	1606.5	0	0
Gorai.001G196900.1.D	1712	1606.5	0	0
Gorai.001G197000.1.A	1524	1418.5	199.129	5.56787
Gorai.001G197000.1.D	1524	1418.5	167.871	4.69385
Gorai.001G197100.1.A	3022	2916.5	361.959	4.92245
Gorai.001G197100.1.D	3022	2916.5	867.041	11.7913
Gorai.001G197200.1.A	1326	1220.5	104.831	3.40671
Gorai.001G197200.1.D	1326	1220.5	798.169	25.9382
Gorai.001G197300.1.A	1058	952.505	26.7348	1.11325
Gorai.001G197300.1.D	1058	952.505	26.7348	1.11325
Gorai.001G197400.1.A	2278	2172.5	0	0
Gorai.001G197400.1.D	2278	2172.5	85	1.55183
Gorai.001G197500.1.A	1877	1771.5	113.694	2.54553
Gorai.001G197500.1.D	1877	1771.5	152.306	3.41005
Gorai.001G197600.1.A	1409	1303.5	269.712	8.20676
Gorai.001G197600.1.D	1409	1303.5	820.288	24.9597
Gorai.001G197700.1.A	1251	1145.5	275.427	9.53662
Gorai.001G197700.1.D	1251	1145.5	456.573	15.8088
Gorai.001G197800.1.A	1120	1014.5	341.958	13.3691
Gorai.001G197800.1.D	1120	1014.5	126.042	4.92773
Gorai.001G197900.1.A	901	795.505	95.3723	4.75515
Gorai.001G197900.1.D	901	795.505	43.6277	2.17523
Gorai.001G198000.1.A	1503	1397.5	0	0
Gorai.001G198000.1.D	1503	1397.5	77.0042	2.18548
Gorai.001G198100.1.A	2340	2234.5	2.5	0.0443755
Gorai.001G198100.1.D	2340	2234.5	2.5	0.0443755
Gorai.001G198200.1.A	1038	932.505	0	0
Gorai.001G198200.1.D	1038	932.505	9.3005	0.395585
Gorai.001G198300.1.A	3164	3058.5	25.6842	0.333075
Gorai.001G198300.1.D	3164	3058.5	35.3158	0.457978
Gorai.001G198400.1.A	1698	1592.5	5182.78	129.082
Gorai.001G198400.1.D	1698	1592.5	5493.22	136.814
Gorai.001G198500.1.A	2683	2577.5	129.851	1.99817
Gorai.001G198500.1.D	2683	2577.5	85.1485	1.31028
Gorai.001G198600.1.A	813	707.505	0	0
Gorai.001G198600.1.D	813	707.505	0	0
Gorai.001G198700.1.A	1311	1205.5	5.37736	0.176923
Gorai.001G198700.1.D	1311	1205.5	165.623	5.44924
Gorai.001G198800.1.A	2173	2067.5	284.591	5.45959
Gorai.001G198800.1.D	2173	2067.5	346.409	6.64549
Gorai.001G198900.1.A	1704	1598.5	26.5957	0.659908
Gorai.001G198900.1.D	1704	1598.5	23.4043	0.580719
Gorai.001G199000.1.A	1238	1132.5	202.87	7.10498
Gorai.001G199000.1.D	1238	1132.5	179.13	6.27355
Gorai.001G199100.1.A	3570	3464.5	152.112	1.74144
Gorai.001G199100.1.D	3570	3464.5	404.888	4.6353
Gorai.001G199200.1.A	1398	1292.5	222.352	6.82328
Gorai.001G199200.1.D	1398	1292.5	135.648	4.16263
Gorai.001G199300.1.A	1894	1788.5	126.4	2.80312
Gorai.001G199300.1.D	1894	1788.5	110.6	2.45273
Gorai.001G199400.1.A	4446	4340.5	2629.02	24.0236
Gorai.001G199400.1.D	4446	4340.5	2587.98	23.6486
Gorai.001G199500.1.A	855	749.505	0	0
Gorai.001G199500.1.D	855	749.505	0	0
Gorai.001G199600.1.A	1269	1163.5	133.143	4.53875
Gorai.001G199600.1.D	1269	1163.5	173.857	5.92663
Gorai.001G199700.1.A	3264	3158.5	338.145	4.24625
Gorai.001G199700.1.D	3264	3158.5	471.855	5.92533
Gorai.001G199800.1.A	2932	2826.5	167.068	2.34439
Gorai.001G199800.1.D	2932	2826.5	92.9317	1.30406
Gorai.001G199900.1.A	2479	2373.5	34.5	0.576519
Gorai.001G199900.1.D	2479	2373.5	34.5	0.576519
Gorai.001G200000.1.A	2737	2631.5	657.754	9.91389
Gorai.001G200000.1.D	2737	2631.5	424.837	6.40328
Gorai.001G200100.1.A	2967	2861.5	173.066	2.39885
Gorai.001G200100.1.D	2967	2861.5	360.934	5.00286
Gorai.001G200200.1.A	4306	4200.5	736.172	6.95124
Gorai.001G200200.1.D	4306	4200.5	1224.83	11.5653
Gorai.001G200300.1.A	2025	1919.5	204.893	4.23372
Gorai.001G200300.1.D	2025	1919.5	171.107	3.53561
Gorai.001G200400.1.A	1879	1773.5	0	0
Gorai.001G200400.1.D	1879	1773.5	0	0
Gorai.001G200500.1.A	216	111.866	0	0
Gorai.001G200500.1.D	216	111.866	0	0
Gorai.001G200600.1.A	4264	4158.5	161.193	1.53743
Gorai.001G200600.1.D	4264	4158.5	666.807	6.35986
Gorai.001G200700.1.A	749	643.505	0	0
Gorai.001G200700.1.D	749	643.505	0	0
Gorai.001G200800.1.A	226	121.576	5	1.63119
Gorai.001G200800.1.D	226	121.576	0	0
Gorai.001G200900.1.A	3566	3460.5	1967.25	22.5479
Gorai.001G200900.1.D	3566	3460.5	1127.75	12.9258
Gorai.001G201000.1.A	595	489.551	6.66683	0.54014
Gorai.001G201000.1.D	595	489.551	6.66683	0.54014
Gorai.001G201100.1.A	650	544.505	2.01006	0.146417
Gorai.001G201100.1.D	650	544.505	2.01006	0.146417
Gorai.001G201200.1.A	1154	1048.5	33.0909	1.25177
Gorai.001G201200.1.D	1154	1048.5	57.9091	2.19059
Gorai.001G201300.1.A	204	100.177	3	1.18779
Gorai.001G201300.1.D	204	100.177	0	0
Gorai.001G201400.1.A	1442	1336.5	3349.54	99.403
Gorai.001G201400.1.D	1442	1336.5	8244.21	244.66
Gorai.001G201500.1.A	567	461.551	0	0
Gorai.001G201500.1.D	567	461.551	0	0
Gorai.001G201600.1.A	2732	2626.5	9.33333	0.140943
Gorai.001G201600.1.D	2732	2626.5	11.6667	0.176179
Gorai.001G201700.1.A	1430	1324.5	25.875	0.77484
Gorai.001G201700.1.D	1430	1324.5	55.125	1.65075
Gorai.001G201800.1.A	983	877.505	46	2.07919
Gorai.001G201800.1.D	983	877.505	43	1.94359
Gorai.001G201900.1.A	1176	1070.5	106.918	3.96138
Gorai.001G201900.1.D	1176	1070.5	164.082	6.07935
Gorai.001G202000.1.A	1276	1170.5	399.275	13.5296
Gorai.001G202000.1.D	1276	1170.5	325.725	11.0373
Gorai.001G202100.1.A	1781	1675.5	263.49	6.2374
Gorai.001G202100.1.D	1781	1675.5	261.985	6.20176
Gorai.001G202200.1.A	462	356.551	27.6295	3.07352
Gorai.001G202200.1.D	462	356.551	0	0
Gorai.001G202300.1.A	1591	1485.5	46.6364	1.24519
Gorai.001G202300.1.D	1591	1485.5	67.3636	1.79861
Gorai.001G202400.1.A	1073	967.505	0	0
Gorai.001G202400.1.D	1073	967.505	15	0.614926
Gorai.001G202500.1.A	1837	1731.5	403.321	9.23872
Gorai.001G202500.1.D	1837	1731.5	265.679	6.08582
Gorai.001G202600.1.A	291	185.705	0	0
Gorai.001G202600.1.D	291	185.705	0	0
Gorai.001G202700.1.A	4289	4183.5	475.733	4.51033
Gorai.001G202700.1.D	4289	4183.5	862.267	8.17497
Gorai.001G202800.1.A	2123	2017.5	0	0
Gorai.001G202800.1.D	2123	2017.5	270	5.30804
Gorai.001G202900.1.A	399	293.583	22	2.97219
Gorai.001G202900.1.D	399	293.583	22	2.97219
Gorai.001G203000.1.A	567	461.551	21.3842	1.83763
Gorai.001G203000.1.D	567	461.551	0	0
Gorai.001G203100.1.A	385	279.583	0	0
Gorai.001G203100.1.D	385	279.583	0	0
Gorai.001G203200.1.A	1478	1372.5	10.2	0.294762
Gorai.001G203200.1.D	1478	1372.5	23.8	0.687778
Gorai.001G203300.1.A	1521	1415.5	1758.06	49.2614
Gorai.001G203300.1.D	1521	1415.5	5739.94	160.835
Gorai.001G203400.1.A	3139	3033.5	0	0
Gorai.001G203400.1.D	3139	3033.5	0	0
Gorai.001G203500.1.A	662	556.505	0	0
Gorai.001G203500.1.D	662	556.505	1	0.0712715
Gorai.001G203600.1.A	1414	1308.5	491.937	14.9114
Gorai.001G203600.1.D	1414	1308.5	442.314	13.4073
Gorai.001G203700.1.A	2315	2209.5	61.988	1.11275
Gorai.001G203700.1.D	2315	2209.5	43.012	0.772112
Gorai.001G203800.1.A	1885	1779.5	0	0
Gorai.001G203800.1.D	1885	1779.5	4	0.089155
Gorai.001G203900.1.A	2632	2526.5	61.5238	0.965846
Gorai.001G203900.1.D	2632	2526.5	14.4762	0.227258
Gorai.001G204000.1.A	663	557.505	0	0
Gorai.001G204000.1.D	663	557.505	0	0
Gorai.001G204100.1.A	511	405.551	0	0
Gorai.001G204100.1.D	511	405.551	1	0.0978001
Gorai.001G204200.1.A	669	563.505	0	0
Gorai.001G204200.1.D	669	563.505	0	0
Gorai.001G204300.1.A	2730	2624.5	2245.61	33.9369
Gorai.001G204300.1.D	2730	2624.5	2324.39	35.1274
Gorai.001G204400.1.A	1033	927.505	54.1458	2.31544
Gorai.001G204400.1.D	1033	927.505	58.8542	2.51678
Gorai.001G204500.1.A	3228	3122.5	63.2593	0.803537
Gorai.001G204500.1.D	3228	3122.5	66.6433	0.846522
Gorai.001G204600.1.A	1221	1115.5	242.132	8.60927
Gorai.001G204600.1.D	1221	1115.5	202.868	7.21317
Gorai.001G204700.1.A	2063	1957.5	1863.25	37.7531
Gorai.001G204700.1.D	2063	1957.5	1056.75	21.4119
Gorai.001G204800.1.A	1788	1682.5	138.387	3.26229
Gorai.001G204800.1.D	1788	1682.5	63.6133	1.4996
Gorai.001G204900.1.A	2485	2379.5	771.481	12.8595
Gorai.001G204900.1.D	2485	2379.5	401.519	6.69274
Gorai.001G205000.1.A	396	290.583	0	0
Gorai.001G205000.1.D	396	290.583	0	0
Gorai.001G205100.1.A	3058	2952.5	69.0062	0.927006
Gorai.001G205100.1.D	3058	2952.5	111.994	1.50449
Gorai.001G205200.1.A	532	426.551	0	0
Gorai.001G205200.1.D	532	426.551	0	0
Gorai.001G205300.1.A	1402	1296.5	1	0.0305922
Gorai.001G205300.1.D	1402	1296.5	0	0
Gorai.001G205400.1.A	1088	982.505	2.0748	0.083758
Gorai.001G205400.1.D	1088	982.505	2.0748	0.083758
Gorai.001G205500.1.A	1178	1072.5	266.593	9.85903
Gorai.001G205500.1.D	1178	1072.5	104.407	3.86114
Gorai.001G205600.1.A	2186	2080.5	319.254	6.0863
Gorai.001G205600.1.D	2186	2080.5	350.746	6.68665
Gorai.001G205700.1.A	2224	2118.5	1941	36.3397
Gorai.001G205700.1.D	2224	2118.5	0	0
Gorai.001G205800.1.A	836	730.505	15.84	0.860037
Gorai.001G205800.1.D	836	730.505	20.16	1.09459
Gorai.001G205900.1.A	1662	1556.5	0	0
Gorai.001G205900.1.D	1662	1556.5	0	0
Gorai.001G206000.1.A	2340	2234.5	429.422	7.62233
Gorai.001G206000.1.D	2340	2234.5	553.578	9.82613
Gorai.001G206100.1.A	1284	1178.5	0	0
Gorai.001G206100.1.D	1284	1178.5	0	0
Gorai.001G206200.1.A	2357	2251.5	189.773	3.34307
Gorai.001G206200.1.D	2357	2251.5	184.091	3.24298
Gorai.001G206300.1.A	2537	2431.5	330.098	5.38458
Gorai.001G206300.1.D	2537	2431.5	73.9024	1.2055
Gorai.001G206400.1.A	1583	1477.5	46.917	1.25946
Gorai.001G206400.1.D	1583	1477.5	0	0
Gorai.001G206500.1.A	15454	15348.5	1880.94	4.86065
Gorai.001G206500.1.D	15454	15348.5	2046.06	5.28733
Gorai.001G206600.1.A	1302	1196.5	5.83333	0.193369
Gorai.001G206600.1.D	1302	1196.5	15.1667	0.50276
Gorai.001G206700.1.A	1614	1508.5	108.875	2.86264
Gorai.001G206700.1.D	1614	1508.5	25.125	0.660609
Gorai.001G206800.1.A	405	299.583	0	0
Gorai.001G206800.1.D	405	299.583	0	0
Gorai.001G206900.1.A	1062	956.505	7	0.290266
Gorai.001G206900.1.D	1062	956.505	2	0.0829331
Gorai.001G207000.1.A	2627	2521.5	525.857	8.27166
Gorai.001G207000.1.D	2627	2521.5	635.143	9.99071
Gorai.001G207100.1.A	1549	1443.5	463.427	12.7335
Gorai.001G207100.1.D	1549	1443.5	223.573	6.14309
Gorai.001G207200.1.A	1210	1104.5	190.392	6.837
Gorai.001G207200.1.D	1210	1104.5	457.608	16.4328
Gorai.001G207300.1.A	1531	1425.5	317.599	8.8368
Gorai.001G207300.1.D	1531	1425.5	497.722	13.8485
Gorai.001G207400.1.A	895	789.505	45.8769	2.30475
Gorai.001G207400.1.D	895	789.505	25.1231	1.26213
Gorai.001G207500.1.A	785	679.505	0	0
Gorai.001G207500.1.D	785	679.505	0	0
Gorai.001G207600.1.A	1385	1279.5	0	0
Gorai.001G207600.1.D	1385	1279.5	0	0
Gorai.001G207700.1.A	2061	1955.5	54.912	1.11376
Gorai.001G207700.1.D	2061	1955.5	88.088	1.78666
Gorai.001G207800.1.A	534	428.551	1.6	0.148082
Gorai.001G207800.1.D	534	428.551	6.4	0.592328
Gorai.001G207900.1.A	2385	2279.5	1	0.0173998
Gorai.001G207900.1.D	2385	2279.5	0	0
Gorai.001G208000.1.A	1322	1216.5	0	0
Gorai.001G208000.1.D	1322	1216.5	0	0
Gorai.001G208100.1.A	378	272.583	5	0.727538
Gorai.001G208100.1.D	378	272.583	5	0.727538
Gorai.001G208200.1.A	1717	1611.5	3.46154	0.0851966
Gorai.001G208200.1.D	1717	1611.5	11.5385	0.283989
Gorai.001G208300.1.A	2231	2125.5	533.351	9.95259
Gorai.001G208300.1.D	2231	2125.5	324.649	6.0581
Gorai.001G208400.1.A	1419	1313.5	1	0.0301963
Gorai.001G208400.1.D	1419	1313.5	0	0
Gorai.001G208500.1.A	1271	1165.5	124.277	4.22922
Gorai.001G208500.1.D	1271	1165.5	111.723	3.80203
Gorai.001G208600.1.A	1650	1544.5	14.7368	0.378443
Gorai.001G208600.1.D	1650	1544.5	5.26316	0.135158
Gorai.001G208700.1.A	2118	2012.5	27.7966	0.547822
Gorai.001G208700.1.D	2118	2012.5	136.203	2.68433
Gorai.001G208800.1.A	543	437.551	1	0.0906475
Gorai.001G208800.1.D	543	437.551	0	0
Gorai.001G208900.1.A	1917	1811.5	475.509	10.4113
Gorai.001G208900.1.D	1917	1811.5	474.491	10.389
Gorai.001G209000.1.A	607	501.551	1	0.0790805
Gorai.001G209000.1.D	607	501.551	1	0.0790805
Gorai.001G209100.1.A	1068	962.505	6	0.247248
Gorai.001G209100.1.D	1068	962.505	1	0.0412081
Gorai.001G209200.1.A	2730	2624.5	0	0
Gorai.001G209200.1.D	2730	2624.5	5	0.0755627
Gorai.001G209300.1.A	384	278.583	21	2.98985
Gorai.001G209300.1.D	384	278.583	0	0
Gorai.001G209400.1.A	730	624.505	0	0
Gorai.001G209400.1.D	730	624.505	0	0
Gorai.001G209500.1.A	666	560.505	72.9364	5.16119
Gorai.001G209500.1.D	666	560.505	40.0636	2.83502
Gorai.001G209600.1.A	660	554.505	0	0
Gorai.001G209600.1.D	660	554.505	0	0
Gorai.001G209700.1.A	947	841.505	41.0527	1.93495
Gorai.001G209700.1.D	947	841.505	41.0527	1.93495
Gorai.001G209800.1.A	969	863.505	0	0
Gorai.001G209800.1.D	969	863.505	0	0
Gorai.001G209900.1.A	744	638.505	1.09292	0.0678904
Gorai.001G209900.1.D	744	638.505	1.09292	0.0678904
Gorai.001G210000.1.A	1113	1007.5	4.52537	0.178152
Gorai.001G210000.1.D	1113	1007.5	4.52537	0.178152
Gorai.001G210100.1.A	2734	2628.5	79.0539	1.19289
Gorai.001G210100.1.D	2734	2628.5	0	0
Gorai.001G210200.1.A	762	656.505	1.20838	0.0730046
Gorai.001G210200.1.D	762	656.505	1.20838	0.0730046
Gorai.001G210300.1.A	3036	2930.5	322.251	4.36151
Gorai.001G210300.1.D	3036	2930.5	0	0
Gorai.001G210400.1.A	1015	909.505	47.2043	2.05855
Gorai.001G210400.1.D	1015	909.505	61.7882	2.69455
Gorai.001G210500.1.A	303	197.687	1.125	0.225714
Gorai.001G210500.1.D	303	197.687	7.875	1.58
Gorai.001G210600.1.A	207	103.083	5	1.92384
Gorai.001G210600.1.D	207	103.083	0	0
Gorai.001G210700.1.A	2571	2465.5	96.4081	1.55093
Gorai.001G210700.1.D	2571	2465.5	4.28662	0.0689595
Gorai.001G210800.1.A	885	779.505	0	0
Gorai.001G210800.1.D	885	779.505	97.6808	4.97022
Gorai.001G210900.1.A	372	266.583	18.0074	2.67919
Gorai.001G210900.1.D	372	266.583	0	0
Gorai.001G211000.1.A	2037	1931.5	69.7021	1.43131
Gorai.001G211000.1.D	2037	1931.5	21.2979	0.437346
Gorai.001G211100.1.A	2113	2007.5	1154.43	22.8084
Gorai.001G211100.1.D	2113	2007.5	2214.57	43.754
Gorai.001G211200.1.A	351	245.63	0	0
Gorai.001G211200.1.D	351	245.63	0	0
Gorai.001G211300.1.A	1260	1154.5	0	0
Gorai.001G211300.1.D	1260	1154.5	0	0
Gorai.001G211400.1.A	995	889.505	544.19	24.2654
Gorai.001G211400.1.D	995	889.505	585.81	26.1212
Gorai.001G211500.1.A	3384	3278.5	1058.91	12.8105
Gorai.001G211500.1.D	3384	3278.5	1415.09	17.1196
Gorai.001G211600.1.A	588	482.551	0	0
Gorai.001G211600.1.D	588	482.551	0	0
Gorai.001G211700.1.A	1423	1317.5	27.84	0.838112
Gorai.001G211700.1.D	1423	1317.5	1.16	0.0349213
Gorai.001G211800.1.A	943	837.505	0	0
Gorai.001G211800.1.D	943	837.505	28.5104	1.35021
Gorai.001G211900.1.A	2490	2384.5	0	0
Gorai.001G211900.1.D	2490	2384.5	1	0.0166336
Gorai.001G212000.1.A	493	387.551	8.30233	0.84968
Gorai.001G212000.1.D	493	387.551	8.30233	0.84968
Gorai.001G212100.1.A	993	887.505	0	0
Gorai.001G212100.1.D	993	887.505	0	0
Gorai.001G212200.1.A	690	584.505	0	0
Gorai.001G212200.1.D	690	584.505	0	0
Gorai.001G212300.1.A	285	179.772	0	0
Gorai.001G212300.1.D	285	179.772	0	0
Gorai.001G212400.1.A	2166	2060.5	132.079	2.54241
Gorai.001G212400.1.D	2166	2060.5	130.921	2.52011
Gorai.001G212500.1.A	1507	1401.5	69.9306	1.97905
Gorai.001G212500.1.D	1507	1401.5	195.069	5.52052
Gorai.001G212600.1.A	3307	3201.5	239.703	2.96964
Gorai.001G212600.1.D	3307	3201.5	289.297	3.58405
Gorai.001G212700.1.A	555	449.551	57	5.02899
Gorai.001G212700.1.D	555	449.551	0	0
Gorai.001G212800.1.A	1112	1006.5	138.667	5.46438
Gorai.001G212800.1.D	1112	1006.5	101.333	3.9932
Gorai.001G212900.1.A	1547	1441.5	5.83333	0.160504
Gorai.001G212900.1.D	1547	1441.5	1.16667	0.0321008
Gorai.001G213000.1.A	618	512.505	0	0
Gorai.001G213000.1.D	618	512.505	0	0
Gorai.001G213100.1.A	711	605.505	42	2.75117
Gorai.001G213100.1.D	711	605.505	0	0
Gorai.001G213200.1.A	619	513.505	7.21737	0.557468
Gorai.001G213200.1.D	619	513.505	7.21737	0.557468
Gorai.001G213300.1.A	349	243.63	0	0
Gorai.001G213300.1.D	349	243.63	0	0
Gorai.001G213400.1.A	1707	1601.5	1388.07	34.377
Gorai.001G213400.1.D	1707	1601.5	1359.93	33.6801
Gorai.001G213500.1.A	633	527.505	0	0
Gorai.001G213500.1.D	633	527.505	0	0
Gorai.001G213600.1.A	528	422.551	5.85249	0.549347
Gorai.001G213600.1.D	528	422.551	5.85249	0.549347
Gorai.001G213700.1.A	3239	3133.5	77.7097	0.983625
Gorai.001G213700.1.D	3239	3133.5	21.2903	0.269486
Gorai.001G213800.1.A	2201	2095.5	46.3478	0.877255
Gorai.001G213800.1.D	2201	2095.5	109.652	2.07546
Gorai.001G213900.1.A	1557	1451.5	1570.08	42.9029
Gorai.001G213900.1.D	1557	1451.5	2047.92	55.9604
Gorai.001G214000.1.A	1401	1295.5	1.04671	0.0320457
Gorai.001G214000.1.D	1401	1295.5	24.8883	0.761976
Gorai.001G214100.1.A	968	862.505	29.8235	1.37146
Gorai.001G214100.1.D	968	862.505	29.8235	1.37146
Gorai.001G214200.1.A	1210	1104.5	5.26739	0.189153
Gorai.001G214200.1.D	1210	1104.5	5.26739	0.189153
Gorai.001G214300.1.A	1736	1630.5	5.71915	0.139122
Gorai.001G214300.1.D	1736	1630.5	14.3458	0.34897
Gorai.001G214400.1.A	1105	999.505	10	0.396826
Gorai.001G214400.1.D	1105	999.505	10	0.396826
Gorai.001G214500.1.A	1518	1412.5	238.369	6.69336
Gorai.001G214500.1.D	1518	1412.5	23.6314	0.663566
Gorai.001G214600.1.A	1400	1294.5	5.625	0.172347
Gorai.001G214600.1.D	1400	1294.5	3.375	0.103408
Gorai.001G214700.1.A	2259	2153.5	11.7333	0.216103
Gorai.001G214700.1.D	2259	2153.5	20.2667	0.373269
Gorai.001G214800.1.A	2325	2219.5	172.428	3.08131
Gorai.001G214800.1.D	2325	2219.5	152.572	2.72649
Gorai.001G214900.1.A	4725	4619.5	35.65	0.30609
Gorai.001G214900.1.D	4725	4619.5	10.35	0.0888648
Gorai.001G215000.1.A	1214	1108.5	0	0
Gorai.001G215000.1.D	1214	1108.5	8	0.286245
Gorai.001G215100.1.A	462	356.551	0.5	0.0556202
Gorai.001G215100.1.D	462	356.551	0.5	0.0556202
Gorai.001G215200.1.A	879	773.505	1	0.0512769
Gorai.001G215200.1.D	879	773.505	0	0
Gorai.001G215300.1.A	1460	1354.5	5.35714	0.156869
Gorai.001G215300.1.D	1460	1354.5	9.64286	0.282365
Gorai.001G215400.1.A	1471	1365.5	0	0
Gorai.001G215400.1.D	1471	1365.5	5	0.145232
Gorai.001G215500.1.A	3080	2974.5	40.4259	0.539051
Gorai.001G215500.1.D	3080	2974.5	18.5741	0.247672
Gorai.001G215600.1.A	2449	2343.5	332.355	5.62499
Gorai.001G215600.1.D	2449	2343.5	268.645	4.54671
Gorai.001G215700.1.A	1167	1061.5	9.45	0.353098
Gorai.001G215700.1.D	1167	1061.5	11.55	0.431564
Gorai.001G215800.1.A	645	539.505	6	0.441104
Gorai.001G215800.1.D	645	539.505	0	0
Gorai.001G215900.1.A	527	421.551	0	0
Gorai.001G215900.1.D	527	421.551	0	0
Gorai.001G216000.1.A	1066	960.505	17	0.701996
Gorai.001G216000.1.D	1066	960.505	7	0.289057
Gorai.001G216100.1.A	2298	2192.5	24.4375	0.44208
Gorai.001G216100.1.D	2298	2192.5	26.5625	0.480522
Gorai.001G216200.1.A	2157	2051.5	17.8378	0.344869
Gorai.001G216200.1.D	2157	2051.5	70.1622	1.35649
Gorai.001G216300.1.A	1078	972.505	26.1818	1.06781
Gorai.001G216300.1.D	1078	972.505	27.8182	1.13455
Gorai.001G216400.1.A	2697	2591.5	610.33	9.3411
Gorai.001G216400.1.D	2697	2591.5	536.67	8.21372
Gorai.001G216500.1.A	1390	1284.5	229.393	7.08319
Gorai.001G216500.1.D	1390	1284.5	323.607	9.99235
Gorai.001G216600.1.A	1518	1412.5	175.056	4.91554
Gorai.001G216600.1.D	1518	1412.5	100.944	2.83451
Gorai.001G216700.1.A	1242	1136.5	382.868	13.3617
Gorai.001G216700.1.D	1242	1136.5	610.09	21.2916
Gorai.001G216800.1.A	742	636.505	392.703	24.4707
Gorai.001G216800.1.D	742	636.505	161.2	10.045
Gorai.001G216900.1.A	2098	1992.5	2202.9	43.8511
Gorai.001G216900.1.D	2098	1992.5	67.0992	1.33568
Gorai.001G217000.1.A	2153	2047.5	6.30168	0.122072
Gorai.001G217000.1.D	2153	2047.5	181.698	3.51974
Gorai.001G217100.1.A	696	590.505	6.93417	0.465754
Gorai.001G217100.1.D	696	590.505	6.93417	0.465754
Gorai.001G217200.1.A	309	203.687	59.8661	11.6574
Gorai.001G217200.1.D	309	203.687	59.8661	11.6574
Gorai.001G217300.1.A	1906	1800.5	24	0.528691
Gorai.001G217300.1.D	1906	1800.5	24	0.528691
Gorai.001G217400.1.A	1185	1079.5	0	0
Gorai.001G217400.1.D	1185	1079.5	2	0.0734836
Gorai.001G217500.1.A	1110	1004.5	1832	72.3367
Gorai.001G217500.1.D	1110	1004.5	0	0
Gorai.001G217600.1.A	845	739.505	0	0
Gorai.001G217600.1.D	845	739.505	1	0.0536345
Gorai.001G217700.1.A	1596	1490.5	0	0
Gorai.001G217700.1.D	1596	1490.5	0	0
Gorai.001G217800.1.A	1371	1265.5	8.42105	0.263929
Gorai.001G217800.1.D	1371	1265.5	11.5789	0.362903
Gorai.001G217900.1.A	451	345.583	63.3526	7.27104
Gorai.001G217900.1.D	451	345.583	47.5144	5.45328
Gorai.001G218000.1.A	2157	2051.5	2	0.0386672
Gorai.001G218000.1.D	2157	2051.5	0	0
Gorai.001G218100.1.A	1779	1673.5	13.2917	0.315019
Gorai.001G218100.1.D	1779	1673.5	15.7083	0.372296
Gorai.001G218200.1.A	2453	2347.5	584.827	9.88111
Gorai.001G218200.1.D	2453	2347.5	660.173	11.1541
Gorai.001G218300.1.A	1304	1198.5	28.8235	0.953877
Gorai.001G218300.1.D	1304	1198.5	20.1765	0.667714
Gorai.001G218400.1.A	1037	931.505	4993.4	212.616
Gorai.001G218400.1.D	1037	931.505	4890.6	208.239
Gorai.001G218500.1.A	768	662.505	8	0.478945
Gorai.001G218500.1.D	768	662.505	16	0.957891
Gorai.001G218600.1.A	405	299.583	0	0
Gorai.001G218600.1.D	405	299.583	0	0
Gorai.001G218700.1.A	348	242.63	0.5	0.0817354
Gorai.001G218700.1.D	348	242.63	0.5	0.0817354
Gorai.001G218800.1.A	2230	2124.5	144.689	2.70124
Gorai.001G218800.1.D	2230	2124.5	104.311	1.94741
Gorai.001G218900.1.A	2502	2396.5	41	0.678563
Gorai.001G218900.1.D	2502	2396.5	0	0
Gorai.001G219000.1.A	1223	1117.5	2086.64	74.0598
Gorai.001G219000.1.D	1223	1117.5	114.364	4.05904
Gorai.001G219100.1.A	1473	1367.5	4.63636	0.134473
Gorai.001G219100.1.D	1473	1367.5	12.3636	0.358593
Gorai.001G219200.1.A	1085	979.505	6156.83	249.308
Gorai.001G219200.1.D	1085	979.505	10367.2	419.796
Gorai.001G219300.1.A	1657	1551.5	1.08333	0.0276945
Gorai.001G219300.1.D	1657	1551.5	24.9167	0.636974
Gorai.001G219400.1.A	607	501.551	19.7216	1.5596
Gorai.001G219400.1.D	607	501.551	19.7216	1.5596
Gorai.001G219500.1.A	1251	1145.5	32.1429	1.11294
Gorai.001G219500.1.D	1251	1145.5	12.8571	0.445177
Gorai.001G219600.1.A	921	815.505	12	0.583633
Gorai.001G219600.1.D	921	815.505	13	0.632269
Gorai.001G219700.1.A	713	607.505	1.71513	0.111978
Gorai.001G219700.1.D	713	607.505	5.37212	0.350737
Gorai.001G219800.1.A	669	563.505	0	0
Gorai.001G219800.1.D	669	563.505	0	0
Gorai.001G219900.1.A	2113	2007.5	0	0
Gorai.001G219900.1.D	2113	2007.5	44	0.869323
Gorai.001G220000.1.A	1853	1747.5	5.3721	0.12193
Gorai.001G220000.1.D	1853	1747.5	17.9396	0.407173
Gorai.001G220100.1.A	2540	2434.5	151.923	2.47513
Gorai.001G220100.1.D	2540	2434.5	347.077	5.65457
Gorai.001G220200.1.A	2392	2286.5	438.418	7.60503
Gorai.001G220200.1.D	2392	2286.5	1365.58	23.6881
Gorai.001G220300.1.A	1670	1564.5	1722.36	43.6649
Gorai.001G220300.1.D	1670	1564.5	420.639	10.6639
Gorai.001G220400.1.A	2036	1930.5	2	0.0410907
Gorai.001G220400.1.D	2036	1930.5	3	0.0616361
Gorai.001G220500.1.A	2274	2168.5	762.089	13.9389
Gorai.001G220500.1.D	2274	2168.5	2539.91	46.4561
Gorai.001G220600.1.A	2958	2852.5	929.798	12.9285
Gorai.001G220600.1.D	2958	2852.5	503.202	6.99683
Gorai.001G220700.1.A	426	320.583	1041.59	128.867
Gorai.001G220700.1.D	426	320.583	0	0
Gorai.001G220800.1.A	869	763.505	0	0
Gorai.001G220800.1.D	869	763.505	1	0.0519485
Gorai.001G220900.1.A	1149	1043.5	6	0.228056
Gorai.001G220900.1.D	1149	1043.5	0	0
Gorai.001G221000.1.A	3088	2982.5	21.4118	0.284745
Gorai.001G221000.1.D	3088	2982.5	30.5882	0.406779
Gorai.001G221100.1.A	4348	4242.5	217.204	2.03063
Gorai.001G221100.1.D	4348	4242.5	353.796	3.30762
Gorai.001G221200.1.A	1064	958.505	0	0
Gorai.001G221200.1.D	1064	958.505	1	0.04138
Gorai.001G221300.1.A	1079	973.505	5	0.203712
Gorai.001G221300.1.D	1079	973.505	0	0
Gorai.001G221400.1.A	1344	1238.5	0	0
Gorai.001G221400.1.D	1344	1238.5	2	0.0640497
Gorai.001G221500.1.A	1074	968.505	619.667	25.3771
Gorai.001G221500.1.D	1074	968.505	109.3	4.47613
Gorai.001G221600.1.A	1035	929.505	32	1.36547
Gorai.001G221600.1.D	1035	929.505	5.03357	0.214788
Gorai.001G221700.1.A	1705	1599.5	37.9801	0.941794
Gorai.001G221700.1.D	1705	1599.5	272.02	6.74528
Gorai.001G221800.1.A	680	574.505	1	0.0690385
Gorai.001G221800.1.D	680	574.505	5	0.345193
Gorai.001G221900.1.A	639	533.505	0.5	0.0371721
Gorai.001G221900.1.D	639	533.505	0.5	0.0371721
Gorai.001G222000.1.A	737	631.505	5.45455	0.342584
Gorai.001G222000.1.D	737	631.505	14.5455	0.913557
Gorai.001G222100.1.A	408	302.583	0	0
Gorai.001G222100.1.D	408	302.583	0	0
Gorai.001G222200.1.A	792	686.505	1	0.0577752
Gorai.001G222200.1.D	792	686.505	0	0
Gorai.001G222300.1.A	1765	1659.5	8	0.191204
Gorai.001G222300.1.D	1765	1659.5	1	0.0239005
Gorai.001G222400.1.A	1710	1604.5	105.658	2.61184
Gorai.001G222400.1.D	1710	1604.5	385.342	9.52555
Gorai.001G222500.1.A	1378	1272.5	1	0.0311692
Gorai.001G222500.1.D	1378	1272.5	5	0.155846
Gorai.001G222600.1.A	298	192.687	8.54108	1.75811
Gorai.001G222600.1.D	298	192.687	8.54108	1.75811
Gorai.001G222700.1.A	1911	1805.5	0.5	0.0109839
Gorai.001G222700.1.D	1911	1805.5	0.5	0.0109839
Gorai.001G222800.1.A	1536	1430.5	0	0
Gorai.001G222800.1.D	1536	1430.5	0	0
Gorai.001G222900.1.A	393	287.583	0	0
Gorai.001G222900.1.D	393	287.583	0	0
Gorai.001G223000.1.A	990	884.505	30.9574	1.38819
Gorai.001G223000.1.D	990	884.505	66.0426	2.96148
Gorai.001G223100.1.A	1689	1583.5	103.216	2.58532
Gorai.001G223100.1.D	1689	1583.5	97.7838	2.44925
Gorai.001G223200.1.A	669	563.505	0	0
Gorai.001G223200.1.D	669	563.505	0	0
Gorai.001G223300.1.A	1891	1785.5	3	0.0666416
Gorai.001G223300.1.D	1891	1785.5	0	0
Gorai.001G223400.1.A	2868	2762.5	0.5	0.0071788
Gorai.001G223400.1.D	2868	2762.5	0.5	0.0071788
Gorai.001G223500.1.A	375	269.583	8.5	1.25058
Gorai.001G223500.1.D	375	269.583	8.5	1.25058
Gorai.001G223600.1.A	350	244.63	10.2784	1.66649
Gorai.001G223600.1.D	350	244.63	10.2784	1.66649
Gorai.001G223700.1.A	1225	1119.5	862.382	30.5533
Gorai.001G223700.1.D	1225	1119.5	391.618	13.8746
Gorai.001G223800.1.A	2417	2311.5	85	1.45851
Gorai.001G223800.1.D	2417	2311.5	58	0.995218
Gorai.001G223900.1.A	1287	1181.5	331.537	11.1296
Gorai.001G223900.1.D	1287	1181.5	360.463	12.1007
Gorai.001G224000.1.A	930	824.505	0	0
Gorai.001G224000.1.D	930	824.505	0	0
Gorai.001G224100.1.A	2193	2087.5	2	0.0380003
Gorai.001G224100.1.D	2193	2087.5	1	0.0190002
Gorai.001G224200.1.A	687	581.505	25.8486	1.76307
Gorai.001G224200.1.D	687	581.505	25.8486	1.76307
Gorai.001G224300.1.A	2692	2586.5	0	0
Gorai.001G224300.1.D	2692	2586.5	2	0.0306691
Gorai.001G224400.1.A	929	823.505	207.512	9.99454
Gorai.001G224400.1.D	929	823.505	3.4876	0.167975
Gorai.001G224500.1.A	2005	1899.5	88.5199	1.84836
Gorai.001G224500.1.D	2005	1899.5	138.705	2.89625
Gorai.001G224600.1.A	699	593.505	0	0
Gorai.001G224600.1.D	699	593.505	0	0
Gorai.001G224700.1.A	294	188.687	0	0
Gorai.001G224700.1.D	294	188.687	0	0
Gorai.001G224800.1.A	847	741.505	25.4545	1.36156
Gorai.001G224800.1.D	847	741.505	2.54545	0.136156
Gorai.001G224900.1.A	322	216.63	4	0.732363
Gorai.001G224900.1.D	322	216.63	0	0
Gorai.001G225000.1.A	479	373.551	1	0.106178
Gorai.001G225000.1.D	479	373.551	0	0
Gorai.001G225100.1.A	281	175.788	0	0
Gorai.001G225100.1.D	281	175.788	0	0
Gorai.001G225200.1.A	464	358.551	11.6676	1.29068
Gorai.001G225200.1.D	464	358.551	11.6676	1.29068
Gorai.001G225300.1.A	3876	3770.5	206.65	2.1738
Gorai.001G225300.1.D	3876	3770.5	23.3503	0.245628
Gorai.001G225400.1.A	1239	1133.5	6.97963	0.244227
Gorai.001G225400.1.D	1239	1133.5	9.10833	0.318713
Gorai.001G225500.1.A	2331	2225.5	2	0.035644
Gorai.001G225500.1.D	2331	2225.5	3	0.053466
Gorai.001G225600.1.A	2655	2549.5	2635.49	41.0006
Gorai.001G225600.1.D	2655	2549.5	3059.51	47.5972
Gorai.001G225700.1.A	168	67.1198	0	0
Gorai.001G225700.1.D	168	67.1198	9	5.31834
Gorai.001G225800.1.A	1291	1185.5	54.625	1.82757
Gorai.001G225800.1.D	1291	1185.5	59.375	1.98648
Gorai.001G225900.1.A	3893	3787.5	611.771	6.4065
Gorai.001G225900.1.D	3893	3787.5	521.229	5.45834
Gorai.001G226000.1.A	897	791.505	40.8917	2.04911
Gorai.001G226000.1.D	897	791.505	427.289	21.4118
Gorai.001G226100.1.A	1157	1051.5	970.715	36.6155
Gorai.001G226100.1.D	1157	1051.5	774.285	29.2062
Gorai.001G226200.1.A	1490	1384.5	116.667	3.34224
Gorai.001G226200.1.D	1490	1384.5	123.333	3.53322
Gorai.001G226300.1.A	1833	1727.5	896.942	20.5935
Gorai.001G226300.1.D	1833	1727.5	554.058	12.721
Gorai.001G226400.1.A	714	608.505	0	0
Gorai.001G226400.1.D	714	608.505	4.50445	0.293604
Gorai.001G226500.1.A	1368	1262.5	0.5	0.015708
Gorai.001G226500.1.D	1368	1262.5	0.5	0.015708
Gorai.001G226600.1.A	1726	1620.5	73.8592	1.80775
Gorai.001G226600.1.D	1726	1620.5	2.14085	0.0523986
Gorai.001G226700.1.A	2711	2605.5	112.694	1.71551
Gorai.001G226700.1.D	2711	2605.5	73.3059	1.11592
Gorai.001G226800.1.A	491	385.551	4.39881	0.452521
Gorai.001G226800.1.D	491	385.551	4.39881	0.452521
Gorai.001G226900.1.A	901	795.505	7.70177	0.384001
Gorai.001G226900.1.D	901	795.505	7.70177	0.384001
Gorai.001G227000.1.A	1796	1690.5	551.305	12.9348
Gorai.001G227000.1.D	1796	1690.5	969.695	22.7512
Gorai.001G227100.1.A	314	208.649	0	0
Gorai.001G227100.1.D	314	208.649	0	0
Gorai.001G227200.1.A	1014	908.505	30.3571	1.32531
Gorai.001G227200.1.D	1014	908.505	54.6429	2.38556
Gorai.001G227300.1.A	1103	997.505	3	0.119286
Gorai.001G227300.1.D	1103	997.505	0	0
Gorai.001G227400.1.A	2226	2120.5	2.36377	0.044213
Gorai.001G227400.1.D	2226	2120.5	2.86768	0.0536386
Gorai.001G227500.1.A	2106	2000.5	1.19492	0.023691
Gorai.001G227500.1.D	2106	2000.5	0	0
Gorai.001G227600.1.A	2610	2504.5	3.71706	0.0588658
Gorai.001G227600.1.D	2610	2504.5	10.8566	0.171932
Gorai.001G227700.1.A	898	792.505	3	0.150143
Gorai.001G227700.1.D	898	792.505	0	0
Gorai.001G227800.1.A	1039	933.505	70.1705	2.98142
Gorai.001G227800.1.D	1039	933.505	24.8295	1.05496
Gorai.001G227900.1.A	459	353.551	2.66667	0.299158
Gorai.001G227900.1.D	459	353.551	1.33333	0.149579
Gorai.001G228000.1.A	694	588.505	43.4483	2.92825
Gorai.001G228000.1.D	694	588.505	706.552	47.6189
Gorai.001G228100.1.A	2617	2511.5	3.375	0.0532997
Gorai.001G228100.1.D	2617	2511.5	5.625	0.0888328
Gorai.001G228200.1.A	980	874.505	1619.32	73.444
Gorai.001G228200.1.D	980	874.505	1548.68	70.2399
Gorai.001G228300.1.A	1519	1413.5	225.804	6.33606
Gorai.001G228300.1.D	1519	1413.5	305.196	8.5638
Gorai.001G228400.1.A	1963	1857.5	83.8158	1.7897
Gorai.001G228400.1.D	1963	1857.5	63.1842	1.34916
Gorai.001G228500.1.A	1507	1401.5	3302.28	93.4553
Gorai.001G228500.1.D	1507	1401.5	492.724	13.9442
Gorai.001G228600.1.A	1345	1239.5	68.8333	2.2026
Gorai.001G228600.1.D	1345	1239.5	22.1667	0.709312
Gorai.001G228700.1.A	483	377.551	0	0
Gorai.001G228700.1.D	483	377.551	0	0
Gorai.001G228800.1.A	609	503.551	0	0
Gorai.001G228800.1.D	609	503.551	0	0
Gorai.001G228900.1.A	805	699.505	281.951	15.987
Gorai.001G228900.1.D	805	699.505	12.0492	0.683206
Gorai.001G229000.1.A	2234	2128.5	15	0.279513
Gorai.001G229000.1.D	2234	2128.5	0	0
Gorai.001G229100.1.A	765	659.505	0	0
Gorai.001G229100.1.D	765	659.505	1	0.0601405
Gorai.001G229200.1.A	1223	1117.5	1708.24	60.6295
Gorai.001G229200.1.D	1223	1117.5	1868.76	66.3269
Gorai.001G229300.1.A	1736	1630.5	1336.01	32.4991
Gorai.001G229300.1.D	1736	1630.5	59.0249	1.43581
Gorai.001G229400.1.A	815	709.505	0	0
Gorai.001G229400.1.D	815	709.505	60	3.35414
Gorai.001G229500.1.A	1830	1724.5	2.66667	0.0613323
Gorai.001G229500.1.D	1830	1724.5	1.33333	0.0306662
Gorai.001G229600.1.A	1422	1316.5	3	0.0903824
Gorai.001G229600.1.D	1422	1316.5	3	0.0903824
Gorai.001G229700.1.A	1484	1378.5	133.331	3.83627
Gorai.001G229700.1.D	1484	1378.5	272.669	7.84534
Gorai.001G229800.1.A	2167	2061.5	91.6667	1.76365
Gorai.001G229800.1.D	2167	2061.5	8.33333	0.160332
Gorai.001G229900.1.A	507	401.551	0	0
Gorai.001G229900.1.D	507	401.551	5.77919	0.570835
Gorai.001G230000.1.A	1576	1470.5	0	0
Gorai.001G230000.1.D	1576	1470.5	0	0
Gorai.001G230100.1.A	891	785.505	1549.47	78.2381
Gorai.001G230100.1.D	891	785.505	2180.53	110.103
Gorai.001G230200.1.A	2446	2340.5	243.565	4.12753
Gorai.001G230200.1.D	2446	2340.5	280.435	4.75234
Gorai.001G230300.1.A	1580	1474.5	1324.23	35.6206
Gorai.001G230300.1.D	1580	1474.5	3983.68	107.158
Gorai.001G230400.1.A	1436	1330.5	1017.32	30.3268
Gorai.001G230400.1.D	1436	1330.5	874.669	26.0743
Gorai.001G230500.1.A	1435	1329.5	3.22803	0.0963013
Gorai.001G230500.1.D	1435	1329.5	39.8786	1.18969
Gorai.001G230600.1.A	481	375.551	8.19039	0.865008
Gorai.001G230600.1.D	481	375.551	0	0
Gorai.001G230700.1.A	222	117.654	0	0
Gorai.001G230700.1.D	222	117.654	0	0
Gorai.001G230800.1.A	1629	1523.5	3530.73	91.9192
Gorai.001G230800.1.D	1629	1523.5	2237.27	58.245
Gorai.001G230900.1.A	1784	1678.5	38.8081	0.917033
Gorai.001G230900.1.D	1784	1678.5	27.5742	0.651576
Gorai.001G231000.1.A	2465	2359.5	164.084	2.75822
Gorai.001G231000.1.D	2465	2359.5	150.916	2.53688
Gorai.001G231100.1.A	1338	1232.5	4.8	0.154468
Gorai.001G231100.1.D	1338	1232.5	3.2	0.102978
Gorai.001G231200.1.A	1882	1776.5	11.6111	0.259234
Gorai.001G231200.1.D	1882	1776.5	7.38889	0.164967
Gorai.001G231300.1.A	1879	1773.5	53.0205	1.18576
Gorai.001G231300.1.D	1879	1773.5	157.979	3.53308
Gorai.001G231400.1.A	2025	1919.5	23	0.475252
Gorai.001G231400.1.D	2025	1919.5	27	0.557904
Gorai.001G231500.1.A	1461	1355.5	143.212	4.19049
Gorai.001G231500.1.D	1461	1355.5	137.788	4.03176
Gorai.001G231600.1.A	1422	1316.5	196.081	5.90743
Gorai.001G231600.1.D	1422	1316.5	192.919	5.81215
Gorai.001G231700.1.A	2471	2365.5	3.42857	0.0574876
Gorai.001G231700.1.D	2471	2365.5	12.5714	0.210788
Gorai.001G231800.1.A	1248	1142.5	74.5495	2.58804
Gorai.001G231800.1.D	1248	1142.5	31.4505	1.09183
Gorai.001G231900.1.A	688	582.505	0	0
Gorai.001G231900.1.D	688	582.505	0	0
Gorai.001G232000.1.A	597	491.551	0	0
Gorai.001G232000.1.D	597	491.551	0	0
Gorai.001G232100.1.A	1578	1472.5	8.68671	0.233983
Gorai.001G232100.1.D	1578	1472.5	14.5725	0.392522
Gorai.001G232200.1.A	597	491.551	0	0
Gorai.001G232200.1.D	597	491.551	0	0
Gorai.001G232300.1.A	2155	2049.5	22.9125	0.443413
Gorai.001G232300.1.D	2155	2049.5	28.8283	0.557898
Gorai.001G232400.1.A	1712	1606.5	527.994	13.0356
Gorai.001G232400.1.D	1712	1606.5	185.006	4.5676
Gorai.001G232500.1.A	1376	1270.5	168.525	5.26106
Gorai.001G232500.1.D	1376	1270.5	272.475	8.50619
Gorai.001G232600.1.A	1752	1646.5	8.07692	0.194566
Gorai.001G232600.1.D	1752	1646.5	6.92308	0.166771
Gorai.001G232700.1.A	2123	2017.5	912.334	17.936
Gorai.001G232700.1.D	2123	2017.5	1419.67	27.9098
Gorai.001G232800.1.A	1254	1148.5	144	4.97296
Gorai.001G232800.1.D	1254	1148.5	128	4.42041
Gorai.001G232900.1.A	1288	1182.5	8.16667	0.273922
Gorai.001G232900.1.D	1288	1182.5	12.8333	0.430449
Gorai.001G233000.1.A	1436	1330.5	121.146	3.61143
Gorai.001G233000.1.D	1436	1330.5	195.854	5.83848
Gorai.001G233100.1.A	2073	1967.5	55.2889	1.11457
Gorai.001G233100.1.D	2073	1967.5	10.1339	0.204289
Gorai.001G233200.1.A	3134	3028.5	563.749	7.38316
Gorai.001G233200.1.D	3134	3028.5	340.251	4.45611
Gorai.001G233300.1.A	1644	1538.5	50.3023	1.2968
Gorai.001G233300.1.D	1644	1538.5	52.6977	1.35856
Gorai.001G233400.1.A	1149	1043.5	302.625	11.5026
Gorai.001G233400.1.D	1149	1043.5	3.375	0.128282
Gorai.001G233500.1.A	1167	1061.5	594.442	22.2112
Gorai.001G233500.1.D	1167	1061.5	642.558	24.0091
Gorai.001G233600.1.A	2669	2563.5	420.046	6.49901
Gorai.001G233600.1.D	2669	2563.5	378.954	5.86324
Gorai.001G233700.1.A	1643	1537.5	17.2632	0.445337
Gorai.001G233700.1.D	1643	1537.5	23.7368	0.612338
Gorai.001G233800.1.A	6625	6519.5	229.611	1.39689
Gorai.001G233800.1.D	6625	6519.5	291.389	1.77274
Gorai.001G233900.1.A	1081	975.505	2040.68	82.9719
Gorai.001G233900.1.D	1081	975.505	2914.32	118.493
Gorai.001G234000.1.A	2010	1904.5	1	0.0208259
Gorai.001G234000.1.D	2010	1904.5	0	0
Gorai.001G234100.1.A	2389	2283.5	796.385	13.8327
Gorai.001G234100.1.D	2389	2283.5	278.615	4.83936
Gorai.001G234200.1.A	1062	956.505	0	0
Gorai.001G234200.1.D	1062	956.505	0	0
Gorai.001G234300.1.A	738	632.505	119.5	7.49358
Gorai.001G234300.1.D	738	632.505	119.5	7.49358
Gorai.001G234400.1.A	265	159.879	0	0
Gorai.001G234400.1.D	265	159.879	0	0
Gorai.001G234500.1.A	823	717.505	0	0
Gorai.001G234500.1.D	823	717.505	0	0
Gorai.001G234600.1.A	1085	979.505	49.3267	1.99738
Gorai.001G234600.1.D	1085	979.505	56.6733	2.29486
Gorai.001G234700.1.A	1822	1716.5	1707.02	39.4437
Gorai.001G234700.1.D	1822	1716.5	1276.39	29.4933
Gorai.001G234800.1.A	756	650.505	1	0.0609726
Gorai.001G234800.1.D	756	650.505	0	0
Gorai.001G234900.1.A	2474	2368.5	161.696	2.70776
Gorai.001G234900.1.D	2474	2368.5	212.304	3.55523
Gorai.001G235000.1.A	1256	1150.5	22.6705	0.78155
Gorai.001G235000.1.D	1256	1150.5	72.3295	2.49352
Gorai.001G235100.1.A	348	242.63	3	0.490412
Gorai.001G235100.1.D	348	242.63	0	0
Gorai.001G235200.1.A	690	584.505	20.4878	1.39025
Gorai.001G235200.1.D	690	584.505	21.5122	1.45976
Gorai.001G235300.1.A	451	345.583	0	0
Gorai.001G235300.1.D	451	345.583	0	0
Gorai.001G235400.1.A	4974	4868.5	3590.98	29.2551
Gorai.001G235400.1.D	4974	4868.5	1452.02	11.8294
Gorai.001G235500.1.A	1312	1206.5	0	0
Gorai.001G235500.1.D	1312	1206.5	0	0
Gorai.001G235600.1.A	3824	3718.5	635.334	6.77671
Gorai.001G235600.1.D	3824	3718.5	406.666	4.33765
Gorai.001G235700.1.A	2131	2025.5	0	0
Gorai.001G235700.1.D	2131	2025.5	3	0.0587453
Gorai.001G235800.1.A	1191	1085.5	6.66667	0.243591
Gorai.001G235800.1.D	1191	1085.5	1.33333	0.0487183
Gorai.001G235900.1.A	1372	1266.5	24	0.751604
Gorai.001G235900.1.D	1372	1266.5	0	0
Gorai.001G236000.1.A	2253	2147.5	8.30342	0.153359
Gorai.001G236000.1.D	2253	2147.5	28.0285	0.517668
Gorai.001G236100.1.A	1907	1801.5	52.2922	1.15129
Gorai.001G236100.1.D	1907	1801.5	31.3758	0.690788
Gorai.001G236200.1.A	1642	1536.5	1	0.0258137
Gorai.001G236200.1.D	1642	1536.5	1	0.0258137
Gorai.001G236300.1.A	1487	1381.5	144.142	4.13831
Gorai.001G236300.1.D	1487	1381.5	29.858	0.857222
Gorai.001G236400.1.A	843	737.505	11	0.591579
Gorai.001G236400.1.D	843	737.505	15	0.806699
Gorai.001G236500.1.A	1776	1670.5	3273.44	77.7215
Gorai.001G236500.1.D	1776	1670.5	2006.42	47.6385
Gorai.001G236600.1.A	618	512.505	0	0
Gorai.001G236600.1.D	618	512.505	0	0
Gorai.001G236700.1.A	447	341.583	0	0
Gorai.001G236700.1.D	447	341.583	0	0
Gorai.001G236800.1.A	459	353.551	0	0
Gorai.001G236800.1.D	459	353.551	0	0
Gorai.001G236900.1.A	548	442.551	0	0
Gorai.001G236900.1.D	548	442.551	0	0
Gorai.001G237000.1.A	228	123.486	0	0
Gorai.001G237000.1.D	228	123.486	0	0
Gorai.001G237100.1.A	3352	3246.5	6.53941	0.0798928
Gorai.001G237100.1.D	3352	3246.5	11.4868	0.140335
Gorai.001G237200.1.A	2739	2633.5	303.418	4.56975
Gorai.001G237200.1.D	2739	2633.5	346.555	5.21943
Gorai.001G237300.1.A	522	416.551	0	0
Gorai.001G237300.1.D	522	416.551	0	0
Gorai.001G237400.1.A	3339	3233.5	17.8125	0.218492
Gorai.001G237400.1.D	3339	3233.5	1.1875	0.0145662
Gorai.001G237500.1.A	1720	1614.5	11.5238	0.283101
Gorai.001G237500.1.D	1720	1614.5	54.4762	1.3383
Gorai.001G237600.1.A	318	212.63	108.387	20.218
Gorai.001G237600.1.D	318	212.63	115.613	21.5658
Gorai.001G237700.1.A	2898	2792.5	173.932	2.47041
Gorai.001G237700.1.D	2898	2792.5	95.0683	1.35029
Gorai.001G237800.1.A	2183	2077.5	27.7174	0.52917
Gorai.001G237800.1.D	2183	2077.5	23.2826	0.444503
Gorai.001G237900.1.A	1020	914.505	314.085	13.6222
Gorai.001G237900.1.D	1020	914.505	110.915	4.81047
Gorai.001G238000.1.A	1517	1411.5	0	0
Gorai.001G238000.1.D	1517	1411.5	0	0
Gorai.001G238100.1.A	3804	3698.5	824.496	8.84193
Gorai.001G238100.1.D	3804	3698.5	1366.5	14.6545
Gorai.001G238200.1.A	1836	1730.5	266.942	6.11828
Gorai.001G238200.1.D	1836	1730.5	394.058	9.03175
Gorai.001G238300.1.A	1850	1744.5	0	0
Gorai.001G238300.1.D	1850	1744.5	0	0
Gorai.001G238400.1.A	3532	3426.5	213.676	2.47337
Gorai.001G238400.1.D	3532	3426.5	16.1876	0.187377
Gorai.001G238500.1.A	1061	955.505	1.01365	0.0420767
Gorai.001G238500.1.D	1061	955.505	9.12289	0.378691
Gorai.001G238600.1.A	725	619.505	0	0
Gorai.001G238600.1.D	725	619.505	1	0.0640236
Gorai.001G238700.1.A	1136	1030.5	0	0
Gorai.001G238700.1.D	1136	1030.5	248.047	9.54703
Gorai.001G238800.1.A	3410	3304.5	9.375	0.112525
Gorai.001G238800.1.D	3410	3304.5	15.625	0.187542
Gorai.001G238900.1.A	569	463.551	0	0
Gorai.001G238900.1.D	569	463.551	0	0
Gorai.001G239000.1.A	1377	1271.5	12	0.374324
Gorai.001G239000.1.D	1377	1271.5	2	0.0623874
Gorai.001G239100.1.A	737	631.505	174.648	10.9691
Gorai.001G239100.1.D	737	631.505	254.352	15.9751
Gorai.001G239200.1.A	3039	2933.5	531.638	7.1881
Gorai.001G239200.1.D	3039	2933.5	473.362	6.40017
Gorai.001G239300.1.A	818	712.505	427.676	23.8074
Gorai.001G239300.1.D	818	712.505	515.324	28.6865
Gorai.001G239400.1.A	1110	1004.5	0	0
Gorai.001G239400.1.D	1110	1004.5	0	0
Gorai.001G239500.1.A	487	381.551	0	0
Gorai.001G239500.1.D	487	381.551	0	0
Gorai.001G239600.1.A	1738	1632.5	2	0.0485915
Gorai.001G239600.1.D	1738	1632.5	4	0.097183
Gorai.001G239700.1.A	1056	950.505	0	0
Gorai.001G239700.1.D	1056	950.505	0	0
Gorai.001G239800.1.A	579	473.551	0	0
Gorai.001G239800.1.D	579	473.551	15	1.25635
Gorai.001G239900.1.A	1931	1825.5	101.868	2.21331
Gorai.001G239900.1.D	1931	1825.5	56.1316	1.21958
Gorai.001G240000.1.A	2132	2026.5	707.977	13.8566
Gorai.001G240000.1.D	2132	2026.5	2.11701	0.0414343
Gorai.001G240100.1.A	308	202.687	1.0733	0.210029
Gorai.001G240100.1.D	308	202.687	1.0733	0.210029
Gorai.001G240200.1.A	297	191.687	0	0
Gorai.001G240200.1.D	297	191.687	0	0
Gorai.001G240300.1.A	1641	1535.5	24.9124	0.643502
Gorai.001G240300.1.D	1641	1535.5	0	0
Gorai.001G240400.1.A	1562	1456.5	229.698	6.25503
Gorai.001G240400.1.D	1562	1456.5	206.302	5.61794
Gorai.001G240500.1.A	1125	1019.5	0	0
Gorai.001G240500.1.D	1125	1019.5	5	0.194521
Gorai.001G240600.1.A	1592	1486.5	17239.4	459.982
Gorai.001G240600.1.D	1592	1486.5	17019.6	454.118
Gorai.001G240700.1.A	1090	984.505	2	0.0805744
Gorai.001G240700.1.D	1090	984.505	0	0
Gorai.001G240800.1.A	1887	1781.5	6.94737	0.154674
Gorai.001G240800.1.D	1887	1781.5	15.0526	0.335128
Gorai.001G240900.1.A	978	872.505	1326.87	60.3178
Gorai.001G240900.1.D	978	872.505	696.129	31.6451
Gorai.001G241000.1.A	2121	2015.5	613.299	12.0691
Gorai.001G241000.1.D	2121	2015.5	501.176	9.8626
Gorai.001G241100.1.A	2247	2141.5	11.2698	0.208729
Gorai.001G241100.1.D	2247	2141.5	59.7302	1.10627
Gorai.001G241200.1.A	1964	1858.5	12	0.256096
Gorai.001G241200.1.D	1964	1858.5	0	0
Gorai.001G241300.1.A	1133	1027.5	3	0.115804
Gorai.001G241300.1.D	1133	1027.5	1	0.0386012
Gorai.001G241400.1.A	1821	1715.5	207.908	4.80689
Gorai.001G241400.1.D	1821	1715.5	202.092	4.67243
Gorai.001G241500.1.A	2317	2211.5	0	0
Gorai.001G241500.1.D	2317	2211.5	20	0.358696
Gorai.001G241600.1.A	2424	2318.5	69.7256	1.1928
Gorai.001G241600.1.D	2424	2318.5	37.921	0.648719
Gorai.001G241700.1.A	171	69.7331	1	0.568782
Gorai.001G241700.1.D	171	69.7331	1	0.568782
Gorai.001G241800.1.A	1910	1804.5	64.2254	1.41167
Gorai.001G241800.1.D	1910	1804.5	87.7746	1.92928
Gorai.001G241900.1.A	1905	1799.5	49	1.08001
Gorai.001G241900.1.D	1905	1799.5	0	0
Gorai.001G242000.1.A	1074	968.505	6.875	0.28155
Gorai.001G242000.1.D	1074	968.505	4.125	0.16893
Gorai.001G242100.1.A	962	856.505	29.6622	1.37359
Gorai.001G242100.1.D	962	856.505	27.3805	1.26793
Gorai.001G242200.1.A	2767	2661.5	444.288	6.62098
Gorai.001G242200.1.D	2767	2661.5	76.7117	1.14319
Gorai.001G242300.1.A	1041	935.505	7.5	0.31798
Gorai.001G242300.1.D	1041	935.505	2.5	0.105993
Gorai.001G242400.1.A	2566	2460.5	603.398	9.72669
Gorai.001G242400.1.D	2566	2460.5	925.602	14.9205
Gorai.001G242500.1.A	1793	1687.5	10.5263	0.247409
Gorai.001G242500.1.D	1793	1687.5	9.47368	0.222669
Gorai.001G242600.1.A	1061	955.505	0	0
Gorai.001G242600.1.D	1061	955.505	0	0
Gorai.001G242700.1.A	1358	1252.5	453.461	14.3597
Gorai.001G242700.1.D	1358	1252.5	190.539	6.03377
Gorai.001G242800.1.A	1331	1225.5	4	0.129458
Gorai.001G242800.1.D	1331	1225.5	21	0.679656
Gorai.001G242900.1.A	1446	1340.5	9.31034	0.275475
Gorai.001G242900.1.D	1446	1340.5	350.69	10.3762
Gorai.001G243000.1.A	2311	2205.5	207.566	3.73279
Gorai.001G243000.1.D	2311	2205.5	31.8928	0.573547
Gorai.001G243100.1.A	2359	2253.5	16.7863	0.295449
Gorai.001G243100.1.D	2359	2253.5	31.7545	0.558898
Gorai.001G243200.1.A	1666	1560.5	57.8696	1.47086
Gorai.001G243200.1.D	1666	1560.5	63.1304	1.60457
Gorai.001G243300.1.A	601	495.551	16	1.28061
Gorai.001G243300.1.D	601	495.551	17	1.36065
Gorai.001G243400.1.A	2256	2150.5	424.268	7.82501
Gorai.001G243400.1.D	2256	2150.5	227.732	4.20019
Gorai.001G243500.1.A	606	500.551	0	0
Gorai.001G243500.1.D	606	500.551	0	0
Gorai.001G243600.1.A	1344	1238.5	28.4106	0.909844
Gorai.001G243600.1.D	1344	1238.5	317.589	10.1708
Gorai.001G243700.1.A	2872	2766.5	115.222	1.65192
Gorai.001G243700.1.D	2872	2766.5	67.7778	0.971719
Gorai.001G243800.1.A	2591	2485.5	313.833	5.00806
Gorai.001G243800.1.D	2591	2485.5	176.167	2.81121
Gorai.001G243900.1.A	2776	2670.5	222.391	3.303
Gorai.001G243900.1.D	2776	2670.5	280.609	4.16767
Gorai.001G244000.1.A	2474	2368.5	12.2034	0.204358
Gorai.001G244000.1.D	2474	2368.5	47.7966	0.800401
Gorai.001G244100.1.A	740	634.505	667.592	41.7313
Gorai.001G244100.1.D	740	634.505	2071.41	129.484
Gorai.001G244200.1.A	1260	1154.5	92.0526	3.16246
Gorai.001G244200.1.D	1260	1154.5	66.9474	2.29997
Gorai.001G244300.1.A	666	560.505	19.1915	1.35804
Gorai.001G244300.1.D	666	560.505	55.8626	3.953
Gorai.001G244400.1.A	456	350.551	5	0.565722
Gorai.001G244400.1.D	456	350.551	4	0.452578
Gorai.001G244500.1.A	710	604.505	0	0
Gorai.001G244500.1.D	710	604.505	3	0.196837
Gorai.001G244600.1.A	531	425.551	0	0
Gorai.001G244600.1.D	531	425.551	0	0
Gorai.001G244700.1.A	295	189.687	0	0
Gorai.001G244700.1.D	295	189.687	0	0
Gorai.001G244800.1.A	246	141.071	0	0
Gorai.001G244800.1.D	246	141.071	0	0
Gorai.001G244900.1.A	649	543.505	0	0
Gorai.001G244900.1.D	649	543.505	0	0
Gorai.001G245000.1.A	243	138.135	0	0
Gorai.001G245000.1.D	243	138.135	0	0
Gorai.001G245100.1.A	285	179.772	0	0
Gorai.001G245100.1.D	285	179.772	0	0
Gorai.001G245200.1.A	252	147.005	0	0
Gorai.001G245200.1.D	252	147.005	0	0
Gorai.001G245300.1.A	316	210.63	0	0
Gorai.001G245300.1.D	316	210.63	0	0
Gorai.001G245400.1.A	261	155.894	0	0
Gorai.001G245400.1.D	261	155.894	0	0
Gorai.001G245500.1.A	264	158.879	0	0
Gorai.001G245500.1.D	264	158.879	0	0
Gorai.001G245600.1.A	403	297.583	0	0
Gorai.001G245600.1.D	403	297.583	0	0
Gorai.001G245700.1.A	944	838.505	0	0
Gorai.001G245700.1.D	944	838.505	0	0
Gorai.001G245800.1.A	832	726.505	0	0
Gorai.001G245800.1.D	832	726.505	0	0
Gorai.001G245900.1.A	958	852.505	0	0
Gorai.001G245900.1.D	958	852.505	0	0
Gorai.001G246000.1.A	384	278.583	14.3199	2.03878
Gorai.001G246000.1.D	384	278.583	14.3199	2.03878
Gorai.001G246100.1.A	96	22.278	0	0
Gorai.001G246100.1.D	96	22.278	0	0
Gorai.001G246200.1.A	222	117.654	0	0
Gorai.001G246200.1.D	222	117.654	0	0
Gorai.001G246300.1.A	531	425.551	0	0
Gorai.001G246300.1.D	531	425.551	0	0
Gorai.001G246400.1.A	712	606.505	0	0
Gorai.001G246400.1.D	712	606.505	0	0
Gorai.001G246500.1.A	1117	1011.5	7	0.274483
Gorai.001G246500.1.D	1117	1011.5	1	0.0392118
Gorai.001G246600.1.A	818	712.505	0	0
Gorai.001G246600.1.D	818	712.505	0	0
Gorai.001G246700.1.A	1047	941.505	6.66667	0.280848
Gorai.001G246700.1.D	1047	941.505	1.33333	0.0561696
Gorai.001G246800.1.A	1070	964.505	0	0
Gorai.001G246800.1.D	1070	964.505	1	0.0411226
Gorai.001G246900.1.A	3855	3749.5	87.9216	0.93005
Gorai.001G246900.1.D	3855	3749.5	30.0784	0.318175
Gorai.001G247000.1.A	858	752.505	3	0.158124
Gorai.001G247000.1.D	858	752.505	0	0
Gorai.001G247100.1.A	1235	1129.5	12.6923	0.445695
Gorai.001G247100.1.D	1235	1129.5	97.3077	3.41699
Gorai.001G247200.1.A	2748	2642.5	90.9789	1.36556
Gorai.001G247200.1.D	2748	2642.5	110.021	1.65137
Gorai.001G247300.1.A	1761	1655.5	3845.32	92.1271
Gorai.001G247300.1.D	1761	1655.5	7483.68	179.296
Gorai.001G247400.1.A	1769	1663.5	602.466	14.3646
Gorai.001G247400.1.D	1769	1663.5	78.5338	1.87248
Gorai.001G247500.1.A	1454	1348.5	72.3864	2.12907
Gorai.001G247500.1.D	1454	1348.5	74.6136	2.19458
Gorai.001G247600.1.A	2738	2632.5	1496.24	22.5432
Gorai.001G247600.1.D	2738	2632.5	1259.76	18.9804
Gorai.001G247700.1.A	312	206.649	34	6.52574
Gorai.001G247700.1.D	312	206.649	0	0
Gorai.001G247800.1.A	2848	2742.5	329.391	4.76375
Gorai.001G247800.1.D	2848	2742.5	185.609	2.68434
Gorai.001G247900.1.A	799	693.505	0	0
Gorai.001G247900.1.D	799	693.505	3	0.171576
Gorai.001G248000.1.A	1357	1251.5	283.074	8.97124
Gorai.001G248000.1.D	1357	1251.5	201.926	6.39948
Gorai.001G248100.1.A	2319	2213.5	242.095	4.33802
Gorai.001G248100.1.D	2319	2213.5	239.905	4.29876
Gorai.001G248200.1.A	2128	2022.5	854.342	16.7543
Gorai.001G248200.1.D	2128	2022.5	397.658	7.79838
Gorai.001G248300.1.A	856	750.505	720.873	38.097
Gorai.001G248300.1.D	856	750.505	698.127	36.8949
Gorai.001G248400.1.A	1739	1633.5	54.1585	1.31502
Gorai.001G248400.1.D	1739	1633.5	1815.84	44.0902
Gorai.001G248500.1.A	2172	2066.5	249.009	4.77928
Gorai.001G248500.1.D	2172	2066.5	354.991	6.81344
Gorai.001G248600.1.A	1404	1298.5	0	0
Gorai.001G248600.1.D	1404	1298.5	0	0
Gorai.001G248700.1.A	1954	1848.5	9	0.193111
Gorai.001G248700.1.D	1954	1848.5	9	0.193111
Gorai.001G248800.1.A	1157	1051.5	441.306	16.6461
Gorai.001G248800.1.D	1157	1051.5	397.694	15.0011
Gorai.001G248900.1.A	939	833.505	0	0
Gorai.001G248900.1.D	939	833.505	0	0
Gorai.001G249000.1.A	2259	2153.5	0	0
Gorai.001G249000.1.D	2259	2153.5	2	0.0368357
Gorai.001G249100.1.A	3440	3334.5	120	1.42736
Gorai.001G249100.1.D	3440	3334.5	0	0
Gorai.001G249200.1.A	2343	2237.5	0	0
Gorai.001G249200.1.D	2343	2237.5	3	0.0531793
Gorai.001G249300.1.A	504	398.551	0	0
Gorai.001G249300.1.D	504	398.551	0	0
Gorai.001G249400.1.A	2428	2322.5	10.2222	0.174572
Gorai.001G249400.1.D	2428	2322.5	12.7778	0.218215
Gorai.001G249500.1.A	6673	6567.5	858.182	5.18279
Gorai.001G249500.1.D	6673	6567.5	952.818	5.75433
Gorai.001G249600.1.A	1239	1133.5	18.6	0.65084
Gorai.001G249600.1.D	1239	1133.5	12.4	0.433894
Gorai.001G249700.1.A	353	247.63	0	0
Gorai.001G249700.1.D	353	247.63	0	0
Gorai.001G249800.1.A	1317	1211.5	0	0
Gorai.001G249800.1.D	1317	1211.5	0	0
Gorai.001G249900.1.A	1932	1826.5	1	0.0217152
Gorai.001G249900.1.D	1932	1826.5	0	0
Gorai.001G250000.1.A	668	562.505	55.9744	3.94683
Gorai.001G250000.1.D	668	562.505	3.02564	0.213342
Gorai.001G250100.1.A	1056	950.505	1	0.0417283
Gorai.001G250100.1.D	1056	950.505	1	0.0417283
Gorai.001G250200.1.A	1836	1730.5	147.893	3.3897
Gorai.001G250200.1.D	1836	1730.5	134.107	3.07371
Gorai.001G250300.1.A	1321	1215.5	2	0.0652617
Gorai.001G250300.1.D	1321	1215.5	1	0.0326308
Gorai.001G250400.1.A	846	740.505	142.5	7.63259
Gorai.001G250400.1.D	846	740.505	142.5	7.63259
Gorai.001G250500.1.A	410	304.583	0	0
Gorai.001G250500.1.D	410	304.583	0	0
Gorai.001G250600.1.A	864	758.505	0	0
Gorai.001G250600.1.D	864	758.505	0	0
Gorai.001G250700.1.A	2055	1949.5	34.8387	0.708798
Gorai.001G250700.1.D	2055	1949.5	73.1613	1.48848
Gorai.001G250800.1.A	2233	2127.5	3	0.0559288
Gorai.001G250800.1.D	2233	2127.5	0	0
Gorai.001G250900.1.A	334	228.63	0	0
Gorai.001G250900.1.D	334	228.63	0	0
Gorai.001G251000.1.A	1079	973.505	0.5	0.0203712
Gorai.001G251000.1.D	1079	973.505	0.5	0.0203712
Gorai.001G251100.1.A	1077	971.505	0	0
Gorai.001G251100.1.D	1077	971.505	0	0
Gorai.001G251200.1.A	300	194.687	0	0
Gorai.001G251200.1.D	300	194.687	0	0
Gorai.001G251300.1.A	1083	977.505	0	0
Gorai.001G251300.1.D	1083	977.505	0	0
Gorai.001G251400.1.A	822	716.505	365.677	20.2425
Gorai.001G251400.1.D	822	716.505	231.323	12.8051
Gorai.001G251500.1.A	1681	1575.5	451.684	11.371
Gorai.001G251500.1.D	1681	1575.5	404.316	10.1786
Gorai.001G251600.1.A	1034	928.505	1	0.042717
Gorai.001G251600.1.D	1034	928.505	2	0.085434
Gorai.001G251700.1.A	681	575.505	1	0.0689185
Gorai.001G251700.1.D	681	575.505	0	0
Gorai.001G251800.1.A	1525	1419.5	0	0
Gorai.001G251800.1.D	1525	1419.5	2	0.0558828
Gorai.001G251900.1.A	3052	2946.5	307.884	4.14443
Gorai.001G251900.1.D	3052	2946.5	134.116	1.80534
Gorai.001G252000.1.A	375	269.583	0	0
Gorai.001G252000.1.D	375	269.583	0	0
Gorai.001G252100.1.A	2280	2174.5	485.898	8.86278
Gorai.001G252100.1.D	2280	2174.5	55.1019	1.00506
Gorai.001G252200.1.A	987	881.505	52	2.33972
Gorai.001G252200.1.D	987	881.505	0	0
Gorai.001G252300.1.A	1795	1689.5	1101.03	25.8479
Gorai.001G252300.1.D	1795	1689.5	852.969	20.0244
Gorai.001G252400.1.A	423	317.583	0	0
Gorai.001G252400.1.D	423	317.583	0	0
Gorai.001G252500.1.A	336	230.63	0	0
Gorai.001G252500.1.D	336	230.63	0	0
Gorai.001G252600.1.A	672	566.505	0	0
Gorai.001G252600.1.D	672	566.505	0	0
Gorai.001G252700.1.A	408	302.583	0	0
Gorai.001G252700.1.D	408	302.583	0	0
Gorai.001G252800.1.A	570	464.551	0	0
Gorai.001G252800.1.D	570	464.551	0	0
Gorai.001G252900.1.A	405	299.583	0	0
Gorai.001G252900.1.D	405	299.583	0	0
Gorai.001G253000.1.A	909	803.505	0	0
Gorai.001G253000.1.D	909	803.505	0	0
Gorai.001G253100.1.A	961	855.505	13	0.602707
Gorai.001G253100.1.D	961	855.505	0	0
Gorai.001G253200.1.A	2199	2093.5	44.7895	0.848569
Gorai.001G253200.1.D	2199	2093.5	24.2105	0.458686
Gorai.001G253300.1.A	362	256.583	0	0
Gorai.001G253300.1.D	362	256.583	1	0.154581
Gorai.001G253400.1.A	1086	980.505	58.9286	2.38375
Gorai.001G253400.1.D	1086	980.505	1.07143	0.043341
Gorai.001G253500.1.A	2201	2095.5	194.446	3.6804
Gorai.001G253500.1.D	2201	2095.5	224.554	4.25027
Gorai.001G253600.1.A	1865	1759.5	56.3025	1.26918
Gorai.001G253600.1.D	1865	1759.5	77.6975	1.75146
Gorai.001G253700.1.A	1455	1349.5	0	0
Gorai.001G253700.1.D	1455	1349.5	3	0.0881722
Gorai.001G253800.1.A	4284	4178.5	254.717	2.41781
Gorai.001G253800.1.D	4284	4178.5	285.283	2.70795
Gorai.001G253900.1.A	1678	1572.5	15.6094	0.393712
Gorai.001G253900.1.D	1678	1572.5	317.391	8.00547
Gorai.001G254000.1.A	1755	1649.5	101.374	2.43758
Gorai.001G254000.1.D	1755	1649.5	129.626	3.1169
Gorai.001G254100.1.A	3158	3052.5	207.349	2.69421
Gorai.001G254100.1.D	3158	3052.5	337.651	4.38729
Gorai.001G254200.1.A	1120	1014.5	0	0
Gorai.001G254200.1.D	1120	1014.5	0	0
Gorai.001G254300.1.A	1449	1343.5	3	0.088566
Gorai.001G254300.1.D	1449	1343.5	0	0
Gorai.001G254400.1.A	1309	1203.5	2211.06	72.868
Gorai.001G254400.1.D	1309	1203.5	1998.94	65.8776
Gorai.001G254500.1.A	1413	1307.5	278.731	8.45525
Gorai.001G254500.1.D	1413	1307.5	370.269	11.2321
Gorai.001G254600.1.A	2004	1898.5	0	0
Gorai.001G254600.1.D	2004	1898.5	0	0
Gorai.001G254700.1.A	2143	2037.5	9.1732	0.178569
Gorai.001G254700.1.D	2143	2037.5	22.933	0.446424
Gorai.001G254800.1.A	1260	1154.5	45.825	1.57432
Gorai.001G254800.1.D	1260	1154.5	48.175	1.65505
Gorai.001G254900.1.A	2960	2854.5	55.3571	0.76918
Gorai.001G254900.1.D	2960	2854.5	6.64286	0.0923016
Gorai.001G255000.1.A	1970	1864.5	117.675	2.50325
Gorai.001G255000.1.D	1970	1864.5	303.914	6.46505
Gorai.001G255100.1.A	642	536.505	4.66667	0.344999
Gorai.001G255100.1.D	642	536.505	9.33333	0.689999
Gorai.001G255200.1.A	1673	1567.5	34.9855	0.885247
Gorai.001G255200.1.D	1673	1567.5	36.0145	0.911283
Gorai.001G255300.1.A	441	335.583	11.4286	1.35076
Gorai.001G255300.1.D	441	335.583	12.5714	1.48583
Gorai.001G255400.1.A	1112	1006.5	3.84421	0.151487
Gorai.001G255400.1.D	1112	1006.5	3.84421	0.151487
Gorai.001G255500.1.A	378	272.583	0	0
Gorai.001G255500.1.D	378	272.583	0	0
Gorai.001G255600.1.A	2151	2045.5	99.114	1.92185
Gorai.001G255600.1.D	2151	2045.5	127.518	2.47262
Gorai.001G255700.1.A	405	299.583	1	0.132394
Gorai.001G255700.1.D	405	299.583	0	0
Gorai.001G255800.1.A	831	725.505	30.5398	1.6696
Gorai.001G255800.1.D	831	725.505	8.2543	0.451258
Gorai.001G255900.1.A	1334	1228.5	46	1.48514
Gorai.001G255900.1.D	1334	1228.5	4	0.129142
Gorai.001G256000.1.A	765	659.505	1.04269	0.0627078
Gorai.001G256000.1.D	765	659.505	1.04269	0.0627078
Gorai.001G256100.1.A	4353	4247.5	448.479	4.18787
Gorai.001G256100.1.D	4353	4247.5	421.521	3.93614
Gorai.001G256200.1.A	622	516.505	33.3626	2.56195
Gorai.001G256200.1.D	622	516.505	58.6374	4.50283
Gorai.001G256300.1.A	1239	1133.5	11	0.384906
Gorai.001G256300.1.D	1239	1133.5	77	2.69434
Gorai.001G256400.1.A	1794	1688.5	110.298	2.5909
Gorai.001G256400.1.D	1794	1688.5	118.702	2.7883
Gorai.001G256500.1.A	2010	1904.5	24.6	0.512316
Gorai.001G256500.1.D	2010	1904.5	57.4	1.1954
Gorai.001G256600.1.A	897	791.505	0	0
Gorai.001G256600.1.D	897	791.505	0	0
Gorai.001G256700.1.A	1996	1890.5	0	0
Gorai.001G256700.1.D	1996	1890.5	153	3.20995
Gorai.001G256800.1.A	1369	1263.5	707.992	22.2247
Gorai.001G256800.1.D	1369	1263.5	978.008	30.7008
Gorai.001G256900.1.A	1098	992.505	0.5	0.0199812
Gorai.001G256900.1.D	1098	992.505	0.5	0.0199812
Gorai.001G257000.1.A	1621	1515.5	2583.86	67.6233
Gorai.001G257000.1.D	1621	1515.5	1358.5	35.5538
Gorai.001G257100.1.A	1263	1157.5	0	0
Gorai.001G257100.1.D	1263	1157.5	0	0
Gorai.001G257200.1.A	1046	940.505	22.4001	0.944655
Gorai.001G257200.1.D	1046	940.505	0	0
Gorai.001G257300.1.A	1769	1663.5	0	0
Gorai.001G257300.1.D	1769	1663.5	0	0
Gorai.001G257400.1.A	1541	1435.5	0	0
Gorai.001G257400.1.D	1541	1435.5	2	0.0552599
Gorai.001G257500.1.A	1496	1390.5	0	0
Gorai.001G257500.1.D	1496	1390.5	0	0
Gorai.001G257600.1.A	1443	1337.5	0	0
Gorai.001G257600.1.D	1443	1337.5	0	0
Gorai.001G257700.1.A	1989	1883.5	63.6142	1.33959
Gorai.001G257700.1.D	1989	1883.5	177.386	3.7354
Gorai.001G257800.1.A	612	506.551	31	2.4273
Gorai.001G257800.1.D	612	506.551	0	0
Gorai.001G257900.1.A	1582	1476.5	90.8257	2.43983
Gorai.001G257900.1.D	1582	1476.5	173.174	4.65193
Gorai.001G258000.1.A	252	147.005	18	4.85651
Gorai.001G258000.1.D	252	147.005	0	0
Gorai.001G258100.1.A	2674	2568.5	1320.17	20.386
Gorai.001G258100.1.D	2674	2568.5	67.8346	1.0475
Gorai.001G258200.1.A	2251	2145.5	13.2	0.244022
Gorai.001G258200.1.D	2251	2145.5	4.8	0.0887354
Gorai.001G258300.1.A	853	747.505	1	0.0530605
Gorai.001G258300.1.D	853	747.505	0	0
Gorai.001G258400.1.A	4201	4095.5	2.14286	0.0207525
Gorai.001G258400.1.D	4201	4095.5	12.8571	0.124515
Gorai.001G258500.1.A	3990	3884.5	4	0.0408422
Gorai.001G258500.1.D	3990	3884.5	0	0
Gorai.001G258600.1.A	4254	4148.5	414.665	3.96452
Gorai.001G258600.1.D	4254	4148.5	409.335	3.91356
Gorai.001G258700.1.A	1227	1121.5	857.143	30.3136
Gorai.001G258700.1.D	1227	1121.5	702.857	24.8571
Gorai.001G258800.1.A	2942	2836.5	406.217	5.68014
Gorai.001G258800.1.D	2942	2836.5	457.783	6.4012
Gorai.001G258900.1.A	924	818.505	0	0
Gorai.001G258900.1.D	924	818.505	0	0
Gorai.001G259000.1.A	1074	968.505	162.277	6.64569
Gorai.001G259000.1.D	1074	968.505	348.723	14.2812
Gorai.001G259100.1.A	781	675.505	175.291	10.2924
Gorai.001G259100.1.D	781	675.505	135.709	7.9683
Gorai.001G259200.1.A	849	743.505	56	2.98737
Gorai.001G259200.1.D	849	743.505	182	9.70896
Gorai.001G259300.1.A	2157	2051.5	38.7077	0.748358
Gorai.001G259300.1.D	2157	2051.5	35.2923	0.682327
Gorai.001G259400.1.A	1689	1583.5	1028.16	25.7528
Gorai.001G259400.1.D	1689	1583.5	1307.84	32.7583
Gorai.001G259500.1.A	2205	2099.5	10	0.188916
Gorai.001G259500.1.D	2205	2099.5	38	0.71788
Gorai.001G259600.1.A	3399	3293.5	133.168	1.60372
Gorai.001G259600.1.D	3399	3293.5	349.832	4.21294
Gorai.001G259700.1.A	1553	1447.5	2	0.0548018
Gorai.001G259700.1.D	1553	1447.5	2	0.0548018
Gorai.001G259800.1.A	1227	1121.5	15.636	0.55298
Gorai.001G259800.1.D	1227	1121.5	50.0039	1.76843
Gorai.001G259900.1.A	1573	1467.5	20.8	0.562171
Gorai.001G259900.1.D	1573	1467.5	5.2	0.140543
Gorai.001G260000.1.A	941	835.505	0	0
Gorai.001G260000.1.D	941	835.505	0	0
Gorai.001G260100.1.A	380	274.583	0	0
Gorai.001G260100.1.D	380	274.583	0	0
Gorai.001G260200.1.A	1747	1641.5	0	0
Gorai.001G260200.1.D	1747	1641.5	136.669	3.30228
Gorai.001G260300.1.A	1583	1477.5	263.759	7.08048
Gorai.001G260300.1.D	1583	1477.5	57.2413	1.53662
Gorai.001G260400.1.A	5463	5357.5	190.332	1.40908
Gorai.001G260400.1.D	5463	5357.5	223.668	1.65587
Gorai.001G260500.1.A	1244	1138.5	0	0
Gorai.001G260500.1.D	1244	1138.5	0	0
Gorai.001G260600.1.A	1410	1304.5	0	0
Gorai.001G260600.1.D	1410	1304.5	0	0
Gorai.001G260700.1.A	2148	2042.5	114.982	2.23281
Gorai.001G260700.1.D	2148	2042.5	257.018	4.99098
Gorai.001G260800.1.A	235	130.368	0	0
Gorai.001G260800.1.D	235	130.368	0	0
Gorai.001G260900.1.A	2060	1954.5	18.6667	0.378804
Gorai.001G260900.1.D	2060	1954.5	13.3333	0.270575
Gorai.001G261000.1.A	729	623.505	0	0
Gorai.001G261000.1.D	729	623.505	0	0
Gorai.001G261100.1.A	2060	1954.5	684.823	13.8972
Gorai.001G261100.1.D	2060	1954.5	2875.18	58.3462
Gorai.001G261200.1.A	1611	1505.5	4	0.105381
Gorai.001G261200.1.D	1611	1505.5	1	0.0263453
Gorai.001G261300.1.A	1816	1710.5	196.315	4.55212
Gorai.001G261300.1.D	1816	1710.5	258.685	5.99836
Gorai.001G261400.1.A	1708	1602.5	1562.83	38.6811
Gorai.001G261400.1.D	1708	1602.5	2114.17	52.3268
Gorai.001G261500.1.A	1306	1200.5	565.562	18.6853
Gorai.001G261500.1.D	1306	1200.5	608.438	20.1019
Gorai.001G261600.1.A	1416	1310.5	4	0.121062
Gorai.001G261600.1.D	1416	1310.5	0	0
Gorai.001G261700.1.A	2623	2517.5	44.5753	0.702277
Gorai.001G261700.1.D	2623	2517.5	0	0
Gorai.001G261800.1.A	1650	1544.5	19.2047	0.493177
Gorai.001G261800.1.D	1650	1544.5	2.1786	0.0559465
Gorai.001G261900.1.A	1098	992.505	0	0
Gorai.001G261900.1.D	1098	992.505	0	0
Gorai.001G262000.1.A	1056	950.505	0	0
Gorai.001G262000.1.D	1056	950.505	0	0
Gorai.001G262100.1.A	1533	1427.5	253.79	7.0515
Gorai.001G262100.1.D	1533	1427.5	113.21	3.14552
Gorai.001G262200.1.A	2770	2664.5	33.8462	0.503823
Gorai.001G262200.1.D	2770	2664.5	21.1538	0.314889
Gorai.001G262300.1.A	2235	2129.5	63.7582	1.18752
Gorai.001G262300.1.D	2235	2129.5	81.1671	1.51177
Gorai.001G262400.1.A	1508	1402.5	1	0.0282801
Gorai.001G262400.1.D	1508	1402.5	2.07472	0.0586733
Gorai.001G262500.1.A	2186	2080.5	66.8199	1.27386
Gorai.001G262500.1.D	2186	2080.5	96.1801	1.83359
Gorai.001G262600.1.A	968	862.505	9	0.413872
Gorai.001G262600.1.D	968	862.505	8	0.367886
Gorai.001G262700.1.A	4041	3935.5	33.7253	0.339891
Gorai.001G262700.1.D	4041	3935.5	152.275	1.53466
Gorai.001G262800.1.A	1004	898.505	262.691	11.596
Gorai.001G262800.1.D	1004	898.505	253.309	11.1819
Gorai.001G262900.1.A	465	359.551	20	2.20625
Gorai.001G262900.1.D	465	359.551	0	0
Gorai.001G263000.1.A	1152	1046.5	11.4545	0.434132
Gorai.001G263000.1.D	1152	1046.5	2.54545	0.0964737
Gorai.001G263100.1.A	806	700.505	63.4783	3.59417
Gorai.001G263100.1.D	806	700.505	82.5217	4.67242
Gorai.001G263200.1.A	774	668.505	0	0
Gorai.001G263200.1.D	774	668.505	2	0.118662
Gorai.001G263300.1.A	1437	1331.5	1349.98	40.2134
Gorai.001G263300.1.D	1437	1331.5	43.2417	1.28809
Gorai.001G263400.1.A	1632	1526.5	2	0.0519657
Gorai.001G263400.1.D	1632	1526.5	1	0.0259828
Gorai.001G263500.1.A	2623	2517.5	460.451	7.25434
Gorai.001G263500.1.D	2623	2517.5	311.549	4.90841
Gorai.001G263600.1.A	1864	1758.5	15.7857	0.356046
Gorai.001G263600.1.D	1864	1758.5	1.21429	0.0273881
Gorai.001G263700.1.A	1818	1712.5	18	0.416894
Gorai.001G263700.1.D	1818	1712.5	0	0
Gorai.001G263800.1.A	786	680.505	2	0.116569
Gorai.001G263800.1.D	786	680.505	0	0
Gorai.001G263900.1.A	1534	1428.5	26.4561	0.734564
Gorai.001G263900.1.D	1534	1428.5	31.5439	0.875826
Gorai.001G264000.1.A	2948	2842.5	15.3214	0.213788
Gorai.001G264000.1.D	2948	2842.5	17.6786	0.246678
Gorai.001G264100.1.A	1842	1736.5	3	0.068522
Gorai.001G264100.1.D	1842	1736.5	0	0
Gorai.001G264200.1.A	1147	1041.5	34.3421	1.30783
Gorai.001G264200.1.D	1147	1041.5	52.6579	2.00534
Gorai.001G264300.1.A	1821	1715.5	396.9	9.17643
Gorai.001G264300.1.D	1821	1715.5	986.1	22.7989
Gorai.001G264400.1.A	3249	3143.5	161.762	2.04102
Gorai.001G264400.1.D	3249	3143.5	182.238	2.29938
Gorai.001G264500.1.A	523	417.551	0	0
Gorai.001G264500.1.D	523	417.551	5	0.474947
Gorai.001G264600.1.A	1818	1712.5	1.5	0.0347412
Gorai.001G264600.1.D	1818	1712.5	1.5	0.0347412
Gorai.001G264700.1.A	2232	2126.5	286.292	5.33983
Gorai.001G264700.1.D	2232	2126.5	406.446	7.58092
Gorai.001G264800.1.A	895	789.505	1647.91	82.7875
Gorai.001G264800.1.D	895	789.505	2728.09	137.053
Gorai.001G264900.1.A	20663	20557.5	192.433	0.371274
Gorai.001G264900.1.D	20663	20557.5	560.567	1.08154
Gorai.001G265000.1.A	1818	1712.5	275.084	6.37116
Gorai.001G265000.1.D	1818	1712.5	153.916	3.56482
Gorai.001G265100.1.A	456	350.551	2	0.226289
Gorai.001G265100.1.D	456	350.551	0	0
Gorai.001G265200.1.A	1485	1379.5	322.424	9.27021
Gorai.001G265200.1.D	1485	1379.5	277.576	7.98074
Gorai.001G265300.1.A	486	380.551	0	0
Gorai.001G265300.1.D	486	380.551	51	5.31547
Gorai.001G265400.1.A	816	710.505	18.6923	1.04347
Gorai.001G265400.1.D	816	710.505	8.30769	0.463765
Gorai.001G265500.1.A	1451	1345.5	7	0.206347
Gorai.001G265500.1.D	1451	1345.5	26	0.766431
Gorai.001G265600.1.A	1454	1348.5	93.7943	2.75873
Gorai.001G265600.1.D	1454	1348.5	11.1002	0.326485
Gorai.001G265700.1.A	1609	1503.5	31.7479	0.83752
Gorai.001G265700.1.D	1609	1503.5	1.14136	0.0301095
Gorai.001G265800.1.A	1568	1462.5	4.21627	0.114345
Gorai.001G265800.1.D	1568	1462.5	0	0
Gorai.001G265900.1.A	2073	1967.5	0	0
Gorai.001G265900.1.D	2073	1967.5	0	0
Gorai.001G266000.1.A	905	799.505	0	0
Gorai.001G266000.1.D	905	799.505	0	0
Gorai.001G266100.1.A	1966	1860.5	99.8889	2.12947
Gorai.001G266100.1.D	1966	1860.5	86.1111	1.83575
Gorai.001G266200.1.A	384	278.583	15.5	2.20679
Gorai.001G266200.1.D	384	278.583	15.5	2.20679
Gorai.001G266300.1.A	1579	1473.5	0	0
Gorai.001G266300.1.D	1579	1473.5	5	0.134587
Gorai.001G266400.1.A	1210	1104.5	62.4	2.24079
Gorai.001G266400.1.D	1210	1104.5	69.6	2.49935
Gorai.001G266500.1.A	793	687.505	0	0
Gorai.001G266500.1.D	793	687.505	0	0
Gorai.001G266600.1.A	1606	1500.5	756.498	19.9966
Gorai.001G266600.1.D	1606	1500.5	166.502	4.40116
Gorai.001G266700.1.A	893	787.505	56	2.82046
Gorai.001G266700.1.D	893	787.505	0	0
Gorai.001G266800.1.A	1736	1630.5	29.2041	0.710406
Gorai.001G266800.1.D	1736	1630.5	23.7959	0.578849
Gorai.001G266900.1.A	1210	1104.5	86.9625	3.12284
Gorai.001G266900.1.D	1210	1104.5	111.603	4.00768
Gorai.001G267000.1.A	1286	1180.5	104.508	3.5113
Gorai.001G267000.1.D	1286	1180.5	100.926	3.39095
Gorai.001G267100.1.A	1327	1221.5	1718.42	55.7979
Gorai.001G267100.1.D	1327	1221.5	1771.58	57.5243
Gorai.001G267200.1.A	1216	1110.5	106.831	3.81557
Gorai.001G267200.1.D	1216	1110.5	84.1695	3.00621
Gorai.001G267300.1.A	1582	1476.5	0	0
Gorai.001G267300.1.D	1582	1476.5	0	0
Gorai.001G267400.1.A	993	887.505	25.3333	1.13216
Gorai.001G267400.1.D	993	887.505	14.6667	0.655459
Gorai.001G267500.1.A	1586	1480.5	2286.42	61.2535
Gorai.001G267500.1.D	1586	1480.5	1042.55	27.93
Gorai.001G267600.1.A	2296	2190.5	53.2778	0.964688
Gorai.001G267600.1.D	2296	2190.5	63.7567	1.15443
Gorai.001G267700.1.A	1818	1712.5	0	0
Gorai.001G267700.1.D	1818	1712.5	0	0
Gorai.001G267800.1.A	1289	1183.5	4439.65	148.786
Gorai.001G267800.1.D	1289	1183.5	4262.11	142.837
Gorai.001G267900.1.A	1013	907.505	20.3571	0.889719
Gorai.001G267900.1.D	1013	907.505	36.6429	1.60149
Gorai.001G268000.1.A	883	777.505	12	0.612157
Gorai.001G268000.1.D	883	777.505	0	0
Gorai.001G268100.1.A	2233	2127.5	442.977	8.2584
Gorai.001G268100.1.D	2233	2127.5	557.023	10.3845
Gorai.001G268200.1.A	2948	2842.5	810.919	11.3152
Gorai.001G268200.1.D	2948	2842.5	161.081	2.24764
Gorai.001G268300.1.A	1876	1770.5	4074.3	91.2728
Gorai.001G268300.1.D	1876	1770.5	2933.7	65.7208
Gorai.001G268400.1.A	2755	2649.5	118.938	1.7805
Gorai.001G268400.1.D	2755	2649.5	137.062	2.05181
Gorai.001G268500.1.A	1494	1388.5	2592.97	74.0686
Gorai.001G268500.1.D	1494	1388.5	2594.03	74.0992
Gorai.001G268600.1.A	1571	1465.5	48	1.29909
Gorai.001G268600.1.D	1571	1465.5	6	0.162386
Gorai.001G268700.1.A	1368	1262.5	1	0.0314161
Gorai.001G268700.1.D	1368	1262.5	0	0
Gorai.001G268800.1.A	2840	2734.5	109.099	1.58244
Gorai.001G268800.1.D	2840	2734.5	119.901	1.73912
Gorai.001G268900.1.A	1434	1328.5	0	0
Gorai.001G268900.1.D	1434	1328.5	0	0
Gorai.001G269000.1.A	2067	1961.5	127.368	2.57547
Gorai.001G269000.1.D	2067	1961.5	37.6316	0.760936
Gorai.001G269100.1.A	2730	2624.5	3	0.0453376
Gorai.001G269100.1.D	2730	2624.5	4	0.0604502
Gorai.001G269200.1.A	3347	3241.5	13.0263	0.15939
Gorai.001G269200.1.D	3347	3241.5	31.9737	0.391229
Gorai.001G269300.1.A	3856	3750.5	481.826	5.09549
Gorai.001G269300.1.D	3856	3750.5	1262.79	13.3544
Gorai.001G269400.1.A	1574	1468.5	745.545	20.1365
Gorai.001G269400.1.D	1574	1468.5	541.84	14.6346
Gorai.001G269500.1.A	420	314.583	2	0.252162
Gorai.001G269500.1.D	420	314.583	7	0.882567
Gorai.001G269600.1.A	1215	1109.5	371.858	13.2933
Gorai.001G269600.1.D	1215	1109.5	646.552	23.1132
Gorai.001G269700.1.A	1290	1184.5	69.8307	2.33827
Gorai.001G269700.1.D	1290	1184.5	264.137	8.84457
Gorai.001G269800.1.A	243	138.135	0	0
Gorai.001G269800.1.D	243	138.135	0	0
Gorai.001G269900.1.A	1152	1046.5	423.057	16.034
Gorai.001G269900.1.D	1152	1046.5	62.9427	2.38555
Gorai.001G270000.1.A	867	761.505	20.3902	1.06203
Gorai.001G270000.1.D	867	761.505	23.6098	1.22971
Gorai.001G270100.1.A	1972	1866.5	111.428	2.36783
Gorai.001G270100.1.D	1972	1866.5	327.572	6.96085
Gorai.001G270200.1.A	2728	2622.5	5.45455	0.0824949
Gorai.001G270200.1.D	2728	2622.5	6.54545	0.0989939
Gorai.001G270300.1.A	1303	1197.5	0	0
Gorai.001G270300.1.D	1303	1197.5	0	0
Gorai.001G270400.1.A	798	692.505	0	0
Gorai.001G270400.1.D	798	692.505	0	0
Gorai.001G270500.1.A	1737	1631.5	108.419	2.63574
Gorai.001G270500.1.D	1737	1631.5	259.581	6.31058
Gorai.001G270600.1.A	1804	1698.5	4	0.0934067
Gorai.001G270600.1.D	1804	1698.5	8	0.186813
Gorai.001G270700.1.A	2225	2119.5	233.387	4.36744
Gorai.001G270700.1.D	2225	2119.5	204.613	3.82899
Gorai.001G270800.1.A	1575	1469.5	240.896	6.50195
Gorai.001G270800.1.D	1575	1469.5	1463.1	39.4902
Gorai.001G270900.1.A	1705	1599.5	76.4366	1.8954
Gorai.001G270900.1.D	1705	1599.5	4.56338	0.113158
Gorai.001G271000.1.A	975	869.505	0	0
Gorai.001G271000.1.D	975	869.505	1	0.0456156
Gorai.001G271100.1.A	1547	1441.5	10.7559	0.295949
Gorai.001G271100.1.D	1547	1441.5	12.1192	0.333459
Gorai.001G271200.1.A	1011	905.505	296.98	13.0083
Gorai.001G271200.1.D	1011	905.505	224.02	9.81252
Gorai.001G271300.1.A	1555	1449.5	756.302	20.6948
Gorai.001G271300.1.D	1555	1449.5	629.179	17.2163
Gorai.001G271400.1.A	867	761.505	0	0
Gorai.001G271400.1.D	867	761.505	0	0
Gorai.001G271500.1.A	870	764.505	1	0.0518806
Gorai.001G271500.1.D	870	764.505	3	0.155642
Gorai.001G271600.1.A	722	616.505	916.348	58.9534
Gorai.001G271600.1.D	722	616.505	1012.33	65.1285
Gorai.001G271700.1.A	1237	1131.5	330.277	11.5773
Gorai.001G271700.1.D	1237	1131.5	353.723	12.3991
Gorai.001G271800.1.A	1350	1244.5	17.9444	0.571898
Gorai.001G271800.1.D	1350	1244.5	1.05556	0.033641
Gorai.001G271900.1.A	1390	1284.5	2	0.061756
Gorai.001G271900.1.D	1390	1284.5	0	0
Gorai.001G272000.1.A	2448	2342.5	304.144	5.14972
Gorai.001G272000.1.D	2448	2342.5	1541.86	26.1065
Gorai.001G272100.1.A	1159	1053.5	41.8	1.57371
Gorai.001G272100.1.D	1159	1053.5	224.2	8.44081
Gorai.001G272200.1.A	881	775.505	6.60996	0.338064
Gorai.001G272200.1.D	881	775.505	6.60996	0.338064
Gorai.001G272300.1.A	1111	1005.5	0	0
Gorai.001G272300.1.D	1111	1005.5	6	0.236675
Gorai.001G272400.1.A	1854	1748.5	197.811	4.48713
Gorai.001G272400.1.D	1854	1748.5	60.252	1.36675
Gorai.001G272500.1.A	466	360.551	0	0
Gorai.001G272500.1.D	466	360.551	0	0
Gorai.001G272600.1.A	887	781.505	6.11111	0.310151
Gorai.001G272600.1.D	887	781.505	48.8889	2.48121
Gorai.001G272700.1.A	1150	1044.5	230.82	8.76493
Gorai.001G272700.1.D	1150	1044.5	176.479	6.70142
Gorai.001G272800.1.A	1235	1129.5	15.3317	0.538378
Gorai.001G272800.1.D	1235	1129.5	17.3693	0.609928
Gorai.001G272900.1.A	601	495.551	1	0.080038
Gorai.001G272900.1.D	601	495.551	0	0
Gorai.001G273000.1.A	1097	991.505	94.3439	3.77402
Gorai.001G273000.1.D	1097	991.505	66.6561	2.66643
Gorai.001G273100.1.A	1061	955.505	0	0
Gorai.001G273100.1.D	1061	955.505	0	0
Gorai.001G273200.1.A	1176	1070.5	0	0
Gorai.001G273200.1.D	1176	1070.5	36	1.33383
Gorai.001G273300.1.A	1838	1732.5	27.6	0.631858
Gorai.001G273300.1.D	1838	1732.5	18.4	0.421239
Gorai.001G273400.1.A	1171	1065.5	1	0.0372246
Gorai.001G273400.1.D	1171	1065.5	1	0.0372246
Gorai.001G273500.1.A	1250	1144.5	2.33333	0.0808619
Gorai.001G273500.1.D	1250	1144.5	4.66667	0.161724
Gorai.001G273600.1.A	959	853.505	134.667	6.25805
Gorai.001G273600.1.D	959	853.505	168.333	7.82256
Gorai.001G273700.1.A	2640	2534.5	252.243	3.9474
Gorai.001G273700.1.D	2640	2534.5	259.757	4.06498
Gorai.001G273800.1.A	1314	1208.5	5	0.164099
Gorai.001G273800.1.D	1314	1208.5	7	0.229739
Gorai.001G273900.1.A	1148	1042.5	65.907	2.50748
Gorai.001G273900.1.D	1148	1042.5	152.093	5.7865
Gorai.001G274000.1.A	1691	1585.5	6	0.150096
Gorai.001G274000.1.D	1691	1585.5	1	0.025016
Gorai.001G274100.1.A	1594	1488.5	258.93	6.89949
Gorai.001G274100.1.D	1594	1488.5	232.07	6.18378
Gorai.001G274200.1.A	444	338.583	0.5	0.0585719
Gorai.001G274200.1.D	444	338.583	0.5	0.0585719
Gorai.001G274300.1.A	1905	1799.5	56	1.2343
Gorai.001G274300.1.D	1905	1799.5	0	0
Gorai.001G274400.1.A	1348	1242.5	9.50545	0.303431
Gorai.001G274400.1.D	1348	1242.5	6.33697	0.202287
Gorai.001G274500.1.A	1526	1420.5	5	0.139609
Gorai.001G274500.1.D	1526	1420.5	0	0
Gorai.001G274600.1.A	2119	2013.5	170.464	3.35787
Gorai.001G274600.1.D	2119	2013.5	9.53642	0.187853
Gorai.001G274700.1.A	2004	1898.5	74.1379	1.54887
Gorai.001G274700.1.D	2004	1898.5	140.862	2.94284
Gorai.001G274800.1.A	879	773.505	1.5	0.0769154
Gorai.001G274800.1.D	879	773.505	1.5	0.0769154
Gorai.001G274900.1.A	290	184.705	1	0.214737
Gorai.001G274900.1.D	290	184.705	55	11.8105
Gorai.001G275000.1.A	1370	1264.5	7	0.219565
Gorai.001G275000.1.D	1370	1264.5	0	0
Gorai.001G275100.1.A	880	774.505	1	0.0512107
Gorai.001G275100.1.D	880	774.505	1	0.0512107
Gorai.001G275200.1.A	1839	1733.5	748.173	17.1184
Gorai.001G275200.1.D	1839	1733.5	818.827	18.7349
Gorai.001G275300.1.A	2473	2367.5	0	0
Gorai.001G275300.1.D	2473	2367.5	1	0.0167531
Gorai.001G275400.1.A	2736	2630.5	685.844	10.3412
Gorai.001G275400.1.D	2736	2630.5	973.156	14.6733
Gorai.001G275500.1.A	1519	1413.5	7.2	0.202032
Gorai.001G275500.1.D	1519	1413.5	16.8	0.471408
Gorai.001G275600.1.A	1499	1393.5	17.1351	0.487712
Gorai.001G275600.1.D	1499	1393.5	11.2257	0.319514
Gorai.001G275700.1.A	2397	2291.5	194.438	3.36546
Gorai.001G275700.1.D	2397	2291.5	171.562	2.96952
Gorai.001G275800.1.A	860	754.505	382.874	20.127
Gorai.001G275800.1.D	860	754.505	377.126	19.8248
Gorai.001G275900.1.A	2457	2351.5	12.1765	0.205381
Gorai.001G275900.1.D	2457	2351.5	10.8235	0.182561
Gorai.001G276000.1.A	813	707.505	0	0
Gorai.001G276000.1.D	813	707.505	0	0
Gorai.001G276100.1.A	1792	1686.5	56.0792	1.31886
Gorai.001G276100.1.D	1792	1686.5	61.9208	1.45624
Gorai.001G276200.1.A	886	780.505	82.0997	4.17207
Gorai.001G276200.1.D	886	780.505	377.9	19.2038
Gorai.001G276300.1.A	1192	1086.5	213.515	7.7944
Gorai.001G276300.1.D	1192	1086.5	177.485	6.47909
Gorai.001G276400.1.A	1824	1718.5	1.33333	0.0307732
Gorai.001G276400.1.D	1824	1718.5	2.66667	0.0615464
Gorai.001G276500.1.A	1719	1613.5	97.2323	2.39015
Gorai.001G276500.1.D	1719	1613.5	83.764	2.05907
Gorai.001G276600.1.A	375	269.583	0	0
Gorai.001G276600.1.D	375	269.583	0	0
Gorai.001G276700.1.A	2703	2597.5	6.42847e+06	98160.3
Gorai.001G276700.1.D	2703	2597.5	5.3534e+06	81744.5
Gorai.001G276800.1.A	375	269.583	0	0
Gorai.001G276800.1.D	375	269.583	0	0
Gorai.002G000100.1.A	1097	991.505	1.69563	0.0678299
Gorai.002G000100.1.D	1097	991.505	1.69563	0.0678299
Gorai.002G000200.1.A	635	529.505	0	0
Gorai.002G000200.1.D	635	529.505	9.89484	0.74118
Gorai.002G000300.1.A	240	135.211	2.07181	0.607747
Gorai.002G000300.1.D	240	135.211	6.21542	1.82324
Gorai.002G000400.1.A	837	731.505	61.4407	3.33138
Gorai.002G000400.1.D	837	731.505	61.4407	3.33138
Gorai.002G000500.1.A	747	641.505	0	0
Gorai.002G000500.1.D	747	641.505	0	0
Gorai.002G000600.1.A	578	472.551	53.9379	4.5272
Gorai.002G000600.1.D	578	472.551	53.9379	4.5272
Gorai.002G000700.1.A	1500	1394.5	14.3119	0.407062
Gorai.002G000700.1.D	1500	1394.5	315.237	8.96608
Gorai.002G000800.1.A	1704	1598.5	17.6236	0.437285
Gorai.002G000800.1.D	1704	1598.5	204.076	5.06363
Gorai.002G000900.1.A	1166	1060.5	31.7647	1.188
Gorai.002G000900.1.D	1166	1060.5	34.5472	1.29207
Gorai.002G001000.1.A	1136	1030.5	196.554	7.56515
Gorai.002G001000.1.D	1136	1030.5	126.446	4.86675
Gorai.002G001100.1.A	1363	1257.5	1487.2	46.9076
Gorai.002G001100.1.D	1363	1257.5	3766.8	118.809
Gorai.002G001200.1.A	1765	1659.5	260.752	6.2321
Gorai.002G001200.1.D	1765	1659.5	154.248	3.68659
Gorai.002G001300.1.A	1567	1461.5	234.264	6.35755
Gorai.002G001300.1.D	1567	1461.5	221.736	6.01757
Gorai.002G001400.1.A	1675	1569.5	27.6	0.697479
Gorai.002G001400.1.D	1675	1569.5	41.4	1.04622
Gorai.002G001500.1.A	1759	1653.5	539.139	12.9324
Gorai.002G001500.1.D	1759	1653.5	251.861	6.04143
Gorai.002G001600.1.A	685	579.505	880.696	60.2773
Gorai.002G001600.1.D	685	579.505	675.304	46.2197
Gorai.002G001700.1.A	2350	2244.5	74.4474	1.31557
Gorai.002G001700.1.D	2350	2244.5	48.5526	0.85798
Gorai.002G001800.1.A	666	560.505	1	0.0707629
Gorai.002G001800.1.D	666	560.505	0	0
Gorai.002G001900.1.A	955	849.505	0	0
Gorai.002G001900.1.D	955	849.505	0	0
Gorai.002G002000.1.A	1241	1135.5	6.75	0.235776
Gorai.002G002000.1.D	1241	1135.5	2.25	0.078592
Gorai.002G002100.1.A	2158	2052.5	0	0
Gorai.002G002100.1.D	2158	2052.5	65	1.25607
Gorai.002G002200.1.A	3418	3312.5	329.184	3.94155
Gorai.002G002200.1.D	3418	3312.5	249.816	2.99122
Gorai.002G002300.1.A	2149	2043.5	383.895	7.45112
Gorai.002G002300.1.D	2149	2043.5	555.105	10.7742
Gorai.002G002400.1.A	773	667.505	25.1803	1.49621
Gorai.002G002400.1.D	773	667.505	38.8197	2.30665
Gorai.002G002500.1.A	1231	1125.5	23273.6	820.164
Gorai.002G002500.1.D	1231	1125.5	39837.4	1403.88
Gorai.002G002600.1.A	760	654.505	0	0
Gorai.002G002600.1.D	760	654.505	0	0
Gorai.002G002700.1.A	744	638.505	0	0
Gorai.002G002700.1.D	744	638.505	4	0.248474
Gorai.002G002800.1.A	1088	982.505	0.5	0.0201846
Gorai.002G002800.1.D	1088	982.505	0.5	0.0201846
Gorai.002G002900.1.A	1665	1559.5	494.762	12.5833
Gorai.002G002900.1.D	1665	1559.5	366.238	9.31454
Gorai.002G003000.1.A	1489	1383.5	150.574	4.31671
Gorai.002G003000.1.D	1489	1383.5	130.426	3.73912
Gorai.002G003100.1.A	270	164.849	2	0.481202
Gorai.002G003100.1.D	270	164.849	0	0
Gorai.002G003200.1.A	6373	6267.5	101.463	0.642092
Gorai.002G003200.1.D	6373	6267.5	191.537	1.21211
Gorai.002G003300.1.A	1945	1839.5	18.9833	0.409314
Gorai.002G003300.1.D	1945	1839.5	48.0167	1.03532
Gorai.002G003400.1.A	1227	1121.5	517.632	18.3065
Gorai.002G003400.1.D	1227	1121.5	606.368	21.4447
Gorai.002G003500.1.A	904	798.505	962.839	47.8257
Gorai.002G003500.1.D	904	798.505	184.161	9.14754
Gorai.002G003600.1.A	1929	1823.5	0	0
Gorai.002G003600.1.D	1929	1823.5	1	0.0217509
Gorai.002G003700.1.A	1861	1755.5	233.298	5.27101
Gorai.002G003700.1.D	1861	1755.5	42.7019	0.964784
Gorai.002G003800.1.A	894	788.505	203.124	10.2174
Gorai.002G003800.1.D	894	788.505	44.8762	2.25734
Gorai.002G003900.1.A	1757	1651.5	2470.47	59.3315
Gorai.002G003900.1.D	1757	1651.5	3280.53	78.786
Gorai.002G004000.1.A	629	523.505	3	0.227293
Gorai.002G004000.1.D	629	523.505	0	0
Gorai.002G004100.1.A	531	425.551	0	0
Gorai.002G004100.1.D	531	425.551	74	6.89707
Gorai.002G004200.1.A	1342	1236.5	86.5306	2.77561
Gorai.002G004200.1.D	1342	1236.5	19.4694	0.624513
Gorai.002G004300.1.A	1486	1380.5	36.0542	1.03586
Gorai.002G004300.1.D	1486	1380.5	134.946	3.87709
Gorai.002G004400.1.A	1886	1780.5	305.902	6.81434
Gorai.002G004400.1.D	1886	1780.5	1280.1	28.5158
Gorai.002G004500.1.A	1266	1160.5	0	0
Gorai.002G004500.1.D	1266	1160.5	0	0
Gorai.002G004600.1.A	3784	3678.5	634.714	6.84371
Gorai.002G004600.1.D	3784	3678.5	773.286	8.33785
Gorai.002G004700.1.A	964	858.505	0	0
Gorai.002G004700.1.D	964	858.505	0	0
Gorai.002G004800.1.A	2977	2871.5	298.011	4.1163
Gorai.002G004800.1.D	2977	2871.5	349.989	4.83426
Gorai.002G004900.1.A	1879	1773.5	184.809	4.13309
Gorai.002G004900.1.D	1879	1773.5	118.191	2.64325
Gorai.002G005000.1.A	854	748.505	134.931	7.14994
Gorai.002G005000.1.D	854	748.505	166.069	8.79992
Gorai.002G005100.1.A	291	185.705	0	0
Gorai.002G005100.1.D	291	185.705	0	0
Gorai.002G005200.1.A	2413	2307.5	157.719	2.71098
Gorai.002G005200.1.D	2413	2307.5	171.335	2.94502
Gorai.002G005300.1.A	783	677.505	1403.02	82.1365
Gorai.002G005300.1.D	783	677.505	888.982	52.0434
Gorai.002G005400.1.A	541	435.551	25	2.27659
Gorai.002G005400.1.D	541	435.551	0	0
Gorai.002G005500.1.A	1641	1535.5	0	0
Gorai.002G005500.1.D	1641	1535.5	19	0.490781
Gorai.002G005600.1.A	1515	1409.5	0	0
Gorai.002G005600.1.D	1515	1409.5	0.5	0.0140698
Gorai.002G005700.1.A	1515	1409.5	0	0
Gorai.002G005700.1.D	1515	1409.5	0.5	0.0140698
Gorai.002G005800.1.A	679	573.505	0	0
Gorai.002G005800.1.D	679	573.505	0	0
Gorai.002G005900.1.A	2276	2170.5	9.36242	0.171085
Gorai.002G005900.1.D	2276	2170.5	145.638	2.66132
Gorai.002G006000.1.A	2315	2209.5	335.618	6.0247
Gorai.002G006000.1.D	2315	2209.5	483.382	8.67721
Gorai.002G006100.1.A	1209	1103.5	1	0.0359427
Gorai.002G006100.1.D	1209	1103.5	3	0.107828
Gorai.002G006200.1.A	2508	2402.5	2456.02	40.5465
Gorai.002G006200.1.D	2508	2402.5	3884.3	64.1258
Gorai.002G006300.1.A	1242	1136.5	0	0
Gorai.002G006300.1.D	1242	1136.5	0	0
Gorai.002G006400.1.A	506	400.551	0	0
Gorai.002G006400.1.D	506	400.551	0	0
Gorai.002G006500.1.A	1641	1535.5	415.955	10.7443
Gorai.002G006500.1.D	1641	1535.5	374.045	9.66179
Gorai.002G006600.1.A	615	509.505	0	0
Gorai.002G006600.1.D	615	509.505	4	0.311384
Gorai.002G006700.1.A	1453	1347.5	31.2766	0.920607
Gorai.002G006700.1.D	1453	1347.5	66.7234	1.96396
Gorai.002G006800.1.A	1417	1311.5	9.45255	0.285867
Gorai.002G006800.1.D	1417	1311.5	1285.55	38.8779
Gorai.002G006900.1.A	1981	1875.5	5	0.105739
Gorai.002G006900.1.D	1981	1875.5	41	0.867063
Gorai.002G007000.1.A	2857	2751.5	77.8551	1.12228
Gorai.002G007000.1.D	2857	2751.5	80.1449	1.15529
Gorai.002G007100.1.A	1857	1751.5	799.368	18.1017
Gorai.002G007100.1.D	1857	1751.5	562.632	12.7408
Gorai.002G007200.1.A	971	865.505	162.442	7.44412
Gorai.002G007200.1.D	971	865.505	175.558	8.0452
Gorai.002G007300.1.A	984	878.505	0	0
Gorai.002G007300.1.D	984	878.505	0	0
Gorai.002G007400.1.A	1041	935.505	2.4	0.101754
Gorai.002G007400.1.D	1041	935.505	3.6	0.152631
Gorai.002G007500.1.A	1749	1643.5	263.932	6.36951
Gorai.002G007500.1.D	1749	1643.5	430.068	10.3789
Gorai.002G007600.1.A	1589	1483.5	2	0.0534719
Gorai.002G007600.1.D	1589	1483.5	2	0.0534719
Gorai.002G007700.1.A	2353	2247.5	107.118	1.89037
Gorai.002G007700.1.D	2353	2247.5	1290.88	22.7809
Gorai.002G007800.1.A	2545	2439.5	0	0
Gorai.002G007800.1.D	2545	2439.5	63	1.02429
Gorai.002G007900.1.A	1383	1277.5	0	0
Gorai.002G007900.1.D	1383	1277.5	0	0
Gorai.002G008000.1.A	864	758.505	182.5	9.5431
Gorai.002G008000.1.D	864	758.505	182.5	9.5431
Gorai.002G008100.1.A	2263	2157.5	1304.06	23.9735
Gorai.002G008100.1.D	2263	2157.5	2086.94	38.3657
Gorai.002G008200.1.A	1940	1834.5	5	0.108103
Gorai.002G008200.1.D	1940	1834.5	33	0.713477
Gorai.002G008300.1.A	1296	1190.5	43.7414	1.45729
Gorai.002G008300.1.D	1296	1190.5	15.2586	0.508357
Gorai.002G008400.1.A	1002	896.505	1560.75	69.0502
Gorai.002G008400.1.D	1002	896.505	1294.25	57.26
Gorai.002G008500.1.A	1653	1547.5	0	0
Gorai.002G008500.1.D	1653	1547.5	0	0
Gorai.002G008600.1.A	1641	1535.5	26.6516	0.688426
Gorai.002G008600.1.D	1641	1535.5	37.9273	0.979683
Gorai.002G008700.1.A	2370	2264.5	92.393	1.61827
Gorai.002G008700.1.D	2370	2264.5	969.607	16.9827
Gorai.002G008800.1.A	1417	1311.5	339.327	10.262
Gorai.002G008800.1.D	1417	1311.5	475.673	14.3855
Gorai.002G008900.1.A	1255	1149.5	71.1037	2.45339
Gorai.002G008900.1.D	1255	1149.5	200.896	6.9318
Gorai.002G009000.1.A	1025	919.505	0	0
Gorai.002G009000.1.D	1025	919.505	12	0.517621
Gorai.002G009100.1.A	1895	1789.5	56.9643	1.26257
Gorai.002G009100.1.D	1895	1789.5	1.03571	0.0229558
Gorai.002G009200.1.A	2147	2041.5	759.561	14.757
Gorai.002G009200.1.D	2147	2041.5	1531.44	29.7532
Gorai.002G009300.1.A	1262	1156.5	10	0.342955
Gorai.002G009300.1.D	1262	1156.5	12	0.411546
Gorai.002G009400.1.A	1008	902.505	25.0213	1.09963
Gorai.002G009400.1.D	1008	902.505	23.9787	1.05381
Gorai.002G009500.1.A	1706	1600.5	44.8511	1.11148
Gorai.002G009500.1.D	1706	1600.5	17.1489	0.424977
Gorai.002G009600.1.A	845	739.505	18	0.96542
Gorai.002G009600.1.D	845	739.505	8	0.429076
Gorai.002G009700.1.A	1751	1645.5	201.45	4.85571
Gorai.002G009700.1.D	1751	1645.5	145.55	3.50831
Gorai.002G009800.1.A	619	513.505	44.3529	3.42581
Gorai.002G009800.1.D	619	513.505	13.6471	1.05409
Gorai.002G009900.1.A	1202	1096.5	78.8619	2.8526
Gorai.002G009900.1.D	1202	1096.5	104.138	3.7669
Gorai.002G010000.1.A	1756	1650.5	87.8621	2.1114
Gorai.002G010000.1.D	1756	1650.5	185.138	4.44901
Gorai.002G010100.1.A	927	821.505	545.025	26.3143
Gorai.002G010100.1.D	927	821.505	385.975	18.6352
Gorai.002G010200.1.A	1727	1621.5	951.792	23.2814
Gorai.002G010200.1.D	1727	1621.5	763.208	18.6685
Gorai.002G010300.1.A	2047	1941.5	422.099	8.62304
Gorai.002G010300.1.D	2047	1941.5	693.631	14.1702
Gorai.002G010400.1.A	753	647.505	11.8069	0.723233
Gorai.002G010400.1.D	753	647.505	0	0
Gorai.002G010500.1.A	321	215.63	7.24998	1.33356
Gorai.002G010500.1.D	321	215.63	7.24998	1.33356
Gorai.002G010600.1.A	2407	2301.5	0	0
Gorai.002G010600.1.D	2407	2301.5	3.74576	0.0645525
Gorai.002G010700.1.A	414	308.583	0	0
Gorai.002G010700.1.D	414	308.583	0	0
Gorai.002G010800.1.A	870	764.505	0	0
Gorai.002G010800.1.D	870	764.505	0	0
Gorai.002G010900.1.A	1596	1490.5	994.266	26.4578
Gorai.002G010900.1.D	1596	1490.5	1171.73	31.1803
Gorai.002G011000.1.A	1727	1621.5	17.75	0.434175
Gorai.002G011000.1.D	1727	1621.5	53.25	1.30253
Gorai.002G011100.1.A	863	757.505	0	0
Gorai.002G011100.1.D	863	757.505	0	0
Gorai.002G011200.1.A	7932	7826.5	521.622	2.64346
Gorai.002G011200.1.D	7932	7826.5	564.378	2.86014
Gorai.002G011300.1.A	1674	1568.5	31.5038	0.796639
Gorai.002G011300.1.D	1674	1568.5	1264.5	31.9754
Gorai.002G011400.1.A	1932	1826.5	0	0
Gorai.002G011400.1.D	1932	1826.5	4	0.0868609
Gorai.002G011500.1.A	1825	1719.5	0	0
Gorai.002G011500.1.D	1825	1719.5	24	0.553596
Gorai.002G011600.1.A	1461	1355.5	1	0.0292606
Gorai.002G011600.1.D	1461	1355.5	8	0.234085
Gorai.002G011700.1.A	1877	1771.5	0	0
Gorai.002G011700.1.D	1877	1771.5	7	0.156726
Gorai.002G011800.1.A	2537	2431.5	2035.12	33.197
Gorai.002G011800.1.D	2537	2431.5	2039.88	33.2748
Gorai.002G011900.1.A	2088	1982.5	453.624	9.07541
Gorai.002G011900.1.D	2088	1982.5	315.376	6.30957
Gorai.002G012000.1.A	2054	1948.5	88.3319	1.79805
Gorai.002G012000.1.D	2054	1948.5	164.668	3.35191
Gorai.002G012100.1.A	1482	1376.5	17.8286	0.513717
Gorai.002G012100.1.D	1482	1376.5	21.1714	0.610039
Gorai.002G012200.1.A	867	761.505	165.528	8.62151
Gorai.002G012200.1.D	867	761.505	189.472	9.86865
Gorai.002G012300.1.A	1102	996.505	272.36	10.8405
Gorai.002G012300.1.D	1102	996.505	232.64	9.25957
Gorai.002G012400.1.A	2943	2837.5	149.053	2.08348
Gorai.002G012400.1.D	2943	2837.5	181.947	2.54328
Gorai.002G012500.1.A	1495	1389.5	2345.72	66.9577
Gorai.002G012500.1.D	1495	1389.5	2235.28	63.8054
Gorai.002G012600.1.A	1452	1346.5	3	0.0883687
Gorai.002G012600.1.D	1452	1346.5	0	0
Gorai.002G012700.1.A	1156	1050.5	13.3333	0.503414
Gorai.002G012700.1.D	1156	1050.5	26.6667	1.00683
Gorai.002G012800.1.A	2937	2831.5	1430.45	20.0374
Gorai.002G012800.1.D	2937	2831.5	1810.55	25.3616
Gorai.002G012900.1.A	1104	998.505	0	0
Gorai.002G012900.1.D	1104	998.505	0	0
Gorai.002G013000.1.A	1370	1264.5	3	0.0940992
Gorai.002G013000.1.D	1370	1264.5	1	0.0313664
Gorai.002G013100.1.A	290	184.705	0	0
Gorai.002G013100.1.D	290	184.705	0	0
Gorai.002G013200.1.A	411	305.583	0	0
Gorai.002G013200.1.D	411	305.583	0	0
Gorai.002G013300.1.A	1878	1772.5	1591.67	35.6165
Gorai.002G013300.1.D	1878	1772.5	1759.33	39.3681
Gorai.002G013400.1.A	1752	1646.5	0	0
Gorai.002G013400.1.D	1752	1646.5	0	0
Gorai.002G013500.1.A	787	681.505	0	0
Gorai.002G013500.1.D	787	681.505	0	0
Gorai.002G013600.1.A	2142	2036.5	17	0.331092
Gorai.002G013600.1.D	2142	2036.5	0	0
Gorai.002G013700.1.A	528	422.551	0	0
Gorai.002G013700.1.D	528	422.551	0	0
Gorai.002G013800.1.A	455	349.551	0	0
Gorai.002G013800.1.D	455	349.551	0	0
Gorai.002G013900.1.A	548	442.551	0	0
Gorai.002G013900.1.D	548	442.551	0	0
Gorai.002G014000.1.A	599	493.551	0	0
Gorai.002G014000.1.D	599	493.551	0	0
Gorai.002G014100.1.A	556	450.551	2	0.176064
Gorai.002G014100.1.D	556	450.551	0	0
Gorai.002G014200.1.A	539	433.551	2	0.182968
Gorai.002G014200.1.D	539	433.551	0	0
Gorai.002G014300.1.A	436	330.583	0	0
Gorai.002G014300.1.D	436	330.583	0	0
Gorai.002G014400.1.A	2845	2739.5	731.903	10.5966
Gorai.002G014400.1.D	2845	2739.5	53.0968	0.768743
Gorai.002G014500.1.A	1537	1431.5	15.6445	0.433466
Gorai.002G014500.1.D	1537	1431.5	251.355	6.96435
Gorai.002G014600.1.A	1976	1870.5	2912.61	61.7602
Gorai.002G014600.1.D	1976	1870.5	787.388	16.6961
Gorai.002G014700.1.A	2152	2046.5	687.09	13.3164
Gorai.002G014700.1.D	2152	2046.5	817.91	15.8518
Gorai.002G014800.1.A	2064	1958.5	544.121	11.0194
Gorai.002G014800.1.D	2064	1958.5	531.879	10.7714
Gorai.002G014900.1.A	3382	3276.5	376.071	4.55244
Gorai.002G014900.1.D	3382	3276.5	514.929	6.23334
Gorai.002G015000.1.A	1628	1522.5	211.526	5.51048
Gorai.002G015000.1.D	1628	1522.5	276.059	7.19164
Gorai.002G015100.1.A	1683	1577.5	218.513	5.49404
Gorai.002G015100.1.D	1683	1577.5	509.487	12.8099
Gorai.002G015200.1.A	2896	2790.5	339.294	4.82257
Gorai.002G015200.1.D	2896	2790.5	72.7059	1.03341
Gorai.002G015300.1.A	1921	1815.5	43	0.939412
Gorai.002G015300.1.D	1921	1815.5	51	1.11419
Gorai.002G015400.1.A	1641	1535.5	317.778	8.20838
Gorai.002G015400.1.D	1641	1535.5	298.222	7.70325
Gorai.002G015500.1.A	1716	1610.5	756.959	18.6421
Gorai.002G015500.1.D	1716	1610.5	909.041	22.3876
Gorai.002G015600.1.A	1782	1676.5	8.27273	0.195717
Gorai.002G015600.1.D	1782	1676.5	4.72727	0.111838
Gorai.002G015700.1.A	1523	1417.5	0	0
Gorai.002G015700.1.D	1523	1417.5	1	0.0279808
Gorai.002G015800.1.A	2456	2350.5	1144.13	19.3063
Gorai.002G015800.1.D	2456	2350.5	1016.87	17.1589
Gorai.002G015900.1.A	1390	1284.5	2	0.061756
Gorai.002G015900.1.D	1390	1284.5	0	0
Gorai.002G016000.1.A	4779	4673.5	465.901	3.95399
Gorai.002G016000.1.D	4779	4673.5	362.099	3.07305
Gorai.002G016100.1.A	1752	1646.5	422.326	10.1735
Gorai.002G016100.1.D	1752	1646.5	711.674	17.1436
Gorai.002G016200.1.A	1383	1277.5	25	0.77618
Gorai.002G016200.1.D	1383	1277.5	10	0.310472
Gorai.002G016300.1.A	2169	2063.5	145.433	2.79539
Gorai.002G016300.1.D	2169	2063.5	208.567	4.0089
Gorai.002G016400.1.A	2829	2723.5	111.772	1.62776
Gorai.002G016400.1.D	2829	2723.5	71.2275	1.0373
Gorai.002G016500.1.A	1100	994.505	1223.95	48.8136
Gorai.002G016500.1.D	1100	994.505	695.052	27.7202
Gorai.002G016600.1.A	2445	2339.5	28.35	0.480634
Gorai.002G016600.1.D	2445	2339.5	34.65	0.587441
Gorai.002G016700.1.A	1328	1222.5	18	0.583992
Gorai.002G016700.1.D	1328	1222.5	8	0.259552
Gorai.002G016800.1.A	699	593.505	0	0
Gorai.002G016800.1.D	699	593.505	0	0
Gorai.002G016900.1.A	1610	1504.5	0	0
Gorai.002G016900.1.D	1610	1504.5	2	0.0527256
Gorai.002G017000.1.A	939	833.505	148.399	7.06168
Gorai.002G017000.1.D	939	833.505	338.601	16.1126
Gorai.002G017100.1.A	3508	3402.5	791.399	9.22532
Gorai.002G017100.1.D	3508	3402.5	1027.6	11.9787
Gorai.002G017200.1.A	2017	1911.5	257.923	5.35179
Gorai.002G017200.1.D	2017	1911.5	328.077	6.80747
Gorai.002G017300.1.A	776	670.505	0	0
Gorai.002G017300.1.D	776	670.505	19	1.12392
Gorai.002G017400.1.A	1081	975.505	35.2897	1.43484
Gorai.002G017400.1.D	1081	975.505	82.7103	3.36291
Gorai.002G017500.1.A	2021	1915.5	1	0.0207063
Gorai.002G017500.1.D	2021	1915.5	0	0
Gorai.002G017600.1.A	1063	957.505	0	0
Gorai.002G017600.1.D	1063	957.505	0	0
Gorai.002G017700.1.A	2220	2114.5	101.848	1.91041
Gorai.002G017700.1.D	2220	2114.5	107.152	2.00991
Gorai.002G017800.1.A	708	602.505	0	0
Gorai.002G017800.1.D	708	602.505	0	0
Gorai.002G017900.1.A	503	397.551	0	0
Gorai.002G017900.1.D	503	397.551	0	0
Gorai.002G018000.1.A	2122	2016.5	10.7692	0.211822
Gorai.002G018000.1.D	2122	2016.5	3.23077	0.0635465
Gorai.002G018100.1.A	1073	967.505	76.4821	3.13539
Gorai.002G018100.1.D	1073	967.505	538.518	22.0766
Gorai.002G018200.1.A	2186	2080.5	64.6071	1.23168
Gorai.002G018200.1.D	2186	2080.5	538.393	10.264
Gorai.002G018300.1.A	853	747.505	1	0.0530605
Gorai.002G018300.1.D	853	747.505	2	0.106121
Gorai.002G018400.1.A	1236	1130.5	0	0
Gorai.002G018400.1.D	1236	1130.5	0	0
Gorai.002G018500.1.A	1905	1799.5	0	0
Gorai.002G018500.1.D	1905	1799.5	1.3553	0.0298722
Gorai.002G018600.1.A	2541	2435.5	0	0
Gorai.002G018600.1.D	2541	2435.5	1.18087	0.0192308
Gorai.002G018700.1.A	2521	2415.5	13.0647	0.214524
Gorai.002G018700.1.D	2521	2415.5	13.4817	0.221371
Gorai.002G018800.1.A	1165	1059.5	0	0
Gorai.002G018800.1.D	1165	1059.5	22	0.823578
Gorai.002G018900.1.A	2612	2506.5	12.4405	0.196858
Gorai.002G018900.1.D	2612	2506.5	3.37788	0.0534516
Gorai.002G019000.1.A	2334	2228.5	0	0
Gorai.002G019000.1.D	2334	2228.5	8.5765	0.152645
Gorai.002G019100.1.A	333	227.63	7.31004	1.27372
Gorai.002G019100.1.D	333	227.63	0	0
Gorai.002G019200.1.A	2796	2690.5	5.15188	0.075948
Gorai.002G019200.1.D	2796	2690.5	7.91415	0.116669
Gorai.002G019300.1.A	603	497.551	0	0
Gorai.002G019300.1.D	603	497.551	0	0
Gorai.002G019400.1.A	486	380.551	0.5	0.0521125
Gorai.002G019400.1.D	486	380.551	0.5	0.0521125
Gorai.002G019500.1.A	2733	2627.5	12.9369	0.195286
Gorai.002G019500.1.D	2733	2627.5	15.2097	0.229595
Gorai.002G019600.1.A	1700	1594.5	90	2.23873
Gorai.002G019600.1.D	1700	1594.5	90	2.23873
Gorai.002G019700.1.A	771	665.505	0	0
Gorai.002G019700.1.D	771	665.505	0	0
Gorai.002G019800.1.A	1209	1103.5	612.555	22.0169
Gorai.002G019800.1.D	1209	1103.5	195.445	7.02484
Gorai.002G019900.1.A	2824	2718.5	24.4777	0.357129
Gorai.002G019900.1.D	2824	2718.5	2.85514	0.0416565
Gorai.002G020000.1.A	392	286.583	0	0
Gorai.002G020000.1.D	392	286.583	0	0
Gorai.002G020100.1.A	1401	1295.5	0	0
Gorai.002G020100.1.D	1401	1295.5	0	0
Gorai.002G020200.1.A	3223	3117.5	3863.38	49.1525
Gorai.002G020200.1.D	3223	3117.5	4350.61	55.3513
Gorai.002G020300.1.A	1808	1702.5	4	0.0931873
Gorai.002G020300.1.D	1808	1702.5	1	0.0232968
Gorai.002G020400.1.A	574	468.551	10.2857	0.870687
Gorai.002G020400.1.D	574	468.551	25.7143	2.17672
Gorai.002G020500.1.A	1879	1773.5	66.2601	1.48185
Gorai.002G020500.1.D	1879	1773.5	108.051	2.41648
Gorai.002G020600.1.A	2203	2097.5	146.834	2.77657
Gorai.002G020600.1.D	2203	2097.5	831.855	15.73
Gorai.002G020700.1.A	2296	2190.5	0	0
Gorai.002G020700.1.D	2296	2190.5	3	0.0543203
Gorai.002G020800.1.A	3478	3372.5	5	0.0588034
Gorai.002G020800.1.D	3478	3372.5	0	0
Gorai.002G020900.1.A	1677	1571.5	18.5294	0.467661
Gorai.002G020900.1.D	1677	1571.5	16.4706	0.415698
Gorai.002G021000.1.A	4089	3983.5	850.207	8.46534
Gorai.002G021000.1.D	4089	3983.5	1203.79	11.9859
Gorai.002G021100.1.A	1341	1235.5	81.8972	2.62912
Gorai.002G021100.1.D	1341	1235.5	177.103	5.68546
Gorai.002G021200.1.A	1279	1173.5	606.308	20.4924
Gorai.002G021200.1.D	1279	1173.5	37.6923	1.27395
Gorai.002G021300.1.A	1355	1249.5	2017.94	64.0554
Gorai.002G021300.1.D	1355	1249.5	0	0
Gorai.002G021400.1.A	1334	1228.5	87	2.80884
Gorai.002G021400.1.D	1334	1228.5	31	1.00085
Gorai.002G021500.1.A	3626	3520.5	289.514	3.26174
Gorai.002G021500.1.D	3626	3520.5	89.4861	1.00817
Gorai.002G021600.1.A	1669	1563.5	136.273	3.45698
Gorai.002G021600.1.D	1669	1563.5	171.727	4.35636
Gorai.002G021700.1.A	3277	3171.5	1036.1	12.9575
Gorai.002G021700.1.D	3277	3171.5	674.901	8.44034
Gorai.002G021800.1.A	1247	1141.5	0	0
Gorai.002G021800.1.D	1247	1141.5	4	0.138985
Gorai.002G021900.1.A	1360	1254.5	63	1.99183
Gorai.002G021900.1.D	1360	1254.5	0	0
Gorai.002G022000.1.A	741	635.505	1	0.0624117
Gorai.002G022000.1.D	741	635.505	3	0.187235
Gorai.002G022100.1.A	783	677.505	0.5	0.0292713
Gorai.002G022100.1.D	783	677.505	0.5	0.0292713
Gorai.002G022200.1.A	213	108.896	0	0
Gorai.002G022200.1.D	213	108.896	20	7.28452
Gorai.002G022300.1.A	2096	1990.5	81.7864	1.62968
Gorai.002G022300.1.D	2096	1990.5	134.214	2.67435
Gorai.002G022400.1.A	1027	921.505	1.06452	0.0458184
Gorai.002G022400.1.D	1027	921.505	31.9355	1.37455
Gorai.002G022500.1.A	1698	1592.5	1179.35	29.3729
Gorai.002G022500.1.D	1698	1592.5	546.651	13.6149
Gorai.002G022600.1.A	1314	1208.5	0	0
Gorai.002G022600.1.D	1314	1208.5	0	0
Gorai.002G022700.1.A	2118	2012.5	245.304	4.83451
Gorai.002G022700.1.D	2118	2012.5	125.921	2.48169
Gorai.002G022800.1.A	1975	1869.5	208.942	4.43286
Gorai.002G022800.1.D	1975	1869.5	246.833	5.23674
Gorai.002G022900.1.A	1949	1843.5	47.9531	1.03171
Gorai.002G022900.1.D	1949	1843.5	510.047	10.9736
Gorai.002G023000.1.A	1187	1081.5	260.71	9.56122
Gorai.002G023000.1.D	1187	1081.5	382.29	14.0201
Gorai.002G023100.1.A	1869	1763.5	70.098	1.57657
Gorai.002G023100.1.D	1869	1763.5	39.902	0.897434
Gorai.002G023200.1.A	2553	2447.5	242.867	3.93577
Gorai.002G023200.1.D	2553	2447.5	375.133	6.0792
Gorai.002G023300.1.A	1056	950.505	8.47059	0.353463
Gorai.002G023300.1.D	1056	950.505	9.52941	0.397646
Gorai.002G023400.1.A	2384	2278.5	142.962	2.4886
Gorai.002G023400.1.D	2384	2278.5	192.038	3.34289
Gorai.002G023500.1.A	2838	2732.5	34.0594	0.49438
Gorai.002G023500.1.D	2838	2732.5	55.8637	0.810875
Gorai.002G023600.1.A	2101	1995.5	401.188	7.97407
Gorai.002G023600.1.D	2101	1995.5	241.812	4.80629
Gorai.002G023700.1.A	1692	1586.5	268.756	6.71895
Gorai.002G023700.1.D	1692	1586.5	279.244	6.98116
Gorai.002G023800.1.A	2398	2292.5	0	0
Gorai.002G023800.1.D	2398	2292.5	6	0.103807
Gorai.002G023900.1.A	2627	2521.5	173.878	2.73507
Gorai.002G023900.1.D	2627	2521.5	126.122	1.98389
Gorai.002G024000.1.A	2837	2731.5	728.714	10.5813
Gorai.002G024000.1.D	2837	2731.5	855.286	12.4192
Gorai.002G024100.1.A	1682	1576.5	28	0.704446
Gorai.002G024100.1.D	1682	1576.5	24	0.603811
Gorai.002G024200.1.A	855	749.505	102.658	5.43257
Gorai.002G024200.1.D	855	749.505	130.342	6.89753
Gorai.002G024300.1.A	480	374.551	1.13208	0.119881
Gorai.002G024300.1.D	480	374.551	58.8679	6.23379
Gorai.002G024400.1.A	1895	1789.5	491.857	10.9016
Gorai.002G024400.1.D	1895	1789.5	576.143	12.7697
Gorai.002G024500.1.A	844	738.505	0	0
Gorai.002G024500.1.D	844	738.505	0	0
Gorai.002G024600.1.A	1368	1262.5	973.743	30.5912
Gorai.002G024600.1.D	1368	1262.5	1142.26	35.8852
Gorai.002G024700.1.A	1709	1603.5	379.239	9.38054
Gorai.002G024700.1.D	1709	1603.5	491.761	12.1638
Gorai.002G024800.1.A	1629	1523.5	43.7273	1.1384
Gorai.002G024800.1.D	1629	1523.5	104.273	2.71464
Gorai.002G024900.1.A	3673	3567.5	265.655	2.95351
Gorai.002G024900.1.D	3673	3567.5	294.646	3.27582
Gorai.002G025000.1.A	876	770.505	90.7826	4.67318
Gorai.002G025000.1.D	876	770.505	25.2174	1.2981
Gorai.002G025100.1.A	687	581.505	1	0.0682074
Gorai.002G025100.1.D	687	581.505	5	0.341037
Gorai.002G025200.1.A	720	614.505	8769.47	566.022
Gorai.002G025200.1.D	720	614.505	2914.53	188.117
Gorai.002G025300.1.A	1026	920.505	9	0.387794
Gorai.002G025300.1.D	1026	920.505	0	0
Gorai.002G025400.1.A	1342	1236.5	1	0.0320767
Gorai.002G025400.1.D	1342	1236.5	41	1.31514
Gorai.002G025500.1.A	1620	1514.5	6	0.157132
Gorai.002G025500.1.D	1620	1514.5	0	0
Gorai.002G025600.1.A	3929	3823.5	35.3433	0.366632
Gorai.002G025600.1.D	3929	3823.5	38.6567	0.401004
Gorai.002G025700.1.A	539	433.551	524.057	47.9428
Gorai.002G025700.1.D	539	433.551	1125.87	102.999
Gorai.002G025800.1.A	3105	2999.5	9.9	0.130909
Gorai.002G025800.1.D	3105	2999.5	12.1	0.16
Gorai.002G025900.1.A	3256	3150.5	0	0
Gorai.002G025900.1.D	3256	3150.5	0	0
Gorai.002G026000.1.A	1458	1352.5	0	0
Gorai.002G026000.1.D	1458	1352.5	0	0
Gorai.002G026100.1.A	2980	2874.5	3	0.0413945
Gorai.002G026100.1.D	2980	2874.5	6	0.0827891
Gorai.002G026200.1.A	493	387.551	0	0
Gorai.002G026200.1.D	493	387.551	1	0.102342
Gorai.002G026300.1.A	1215	1109.5	234.433	8.38058
Gorai.002G026300.1.D	1215	1109.5	213.567	7.63467
Gorai.002G026400.1.A	1032	926.505	31.2	1.33565
Gorai.002G026400.1.D	1032	926.505	124.8	5.34259
Gorai.002G026500.1.A	2226	2120.5	44.5974	0.834171
Gorai.002G026500.1.D	2226	2120.5	662.403	12.3899
Gorai.002G026600.1.A	1035	929.505	2	0.0853421
Gorai.002G026600.1.D	1035	929.505	18	0.768079
Gorai.002G026700.1.A	1470	1364.5	0	0
Gorai.002G026700.1.D	1470	1364.5	78	2.26728
Gorai.002G026800.1.A	1907	1801.5	712.446	15.6856
Gorai.002G026800.1.D	1907	1801.5	452.554	9.96368
Gorai.002G026900.1.A	2510	2404.5	311.375	5.13621
Gorai.002G026900.1.D	2510	2404.5	324.625	5.35478
Gorai.002G027000.1.A	2407	2301.5	566.715	9.76647
Gorai.002G027000.1.D	2407	2301.5	517.285	8.91463
Gorai.002G027100.1.A	1778	1672.5	48.16	1.1421
Gorai.002G027100.1.D	1778	1672.5	35.84	0.849935
Gorai.002G027200.1.A	1457	1351.5	8.41692	0.247013
Gorai.002G027200.1.D	1457	1351.5	8.41692	0.247013
Gorai.002G027300.1.A	1725	1619.5	48.0063	1.17571
Gorai.002G027300.1.D	1725	1619.5	26.9304	0.659546
Gorai.002G027400.1.A	796	690.505	10.8	0.620358
Gorai.002G027400.1.D	796	690.505	7.2	0.413572
Gorai.002G027500.1.A	1155	1049.5	2	0.0755841
Gorai.002G027500.1.D	1155	1049.5	19	0.718049
Gorai.002G027600.1.A	1263	1157.5	3.80422	0.130355
Gorai.002G027600.1.D	1263	1157.5	53.2591	1.82497
Gorai.002G027700.1.A	3276	3170.5	74.1047	0.927048
Gorai.002G027700.1.D	3276	3170.5	38.3756	0.480078
Gorai.002G027800.1.A	2970	2864.5	624.991	8.65384
Gorai.002G027800.1.D	2970	2864.5	366.009	5.06789
Gorai.002G027900.1.A	238	133.223	0	0
Gorai.002G027900.1.D	238	133.223	0	0
Gorai.002G028000.1.A	1684	1578.5	209.547	5.26527
Gorai.002G028000.1.D	1684	1578.5	140.453	3.52915
Gorai.002G028100.1.A	502	396.551	0	0
Gorai.002G028100.1.D	502	396.551	2	0.200039
Gorai.002G028200.1.A	1333	1227.5	424.345	13.7114
Gorai.002G028200.1.D	1333	1227.5	645.655	20.8623
Gorai.002G028300.1.A	962	856.505	1900.25	87.9967
Gorai.002G028300.1.D	962	856.505	3238.75	149.98
Gorai.002G028400.1.A	1864	1758.5	66.0879	1.49061
Gorai.002G028400.1.D	1864	1758.5	176.912	3.99024
Gorai.002G028500.1.A	1953	1847.5	19.3078	0.414507
Gorai.002G028500.1.D	1953	1847.5	619.052	13.29
Gorai.002G028600.1.A	1773	1667.5	132.111	3.14237
Gorai.002G028600.1.D	1773	1667.5	31.8889	0.758503
Gorai.002G028700.1.A	1442	1336.5	648.36	19.2411
Gorai.002G028700.1.D	1442	1336.5	49.6401	1.47315
Gorai.002G028800.1.A	3712	3606.5	71.9549	0.791332
Gorai.002G028800.1.D	3712	3606.5	73.0451	0.803322
Gorai.002G028900.1.A	2080	1974.5	84.1752	1.69087
Gorai.002G028900.1.D	2080	1974.5	62.0479	1.24639
Gorai.002G029000.1.A	2105	1999.5	81.0248	1.60724
Gorai.002G029000.1.D	2105	1999.5	54.752	1.08608
Gorai.002G029100.1.A	1110	1004.5	24.6429	0.973025
Gorai.002G029100.1.D	1110	1004.5	20.3571	0.803803
Gorai.002G029200.1.A	2933	2827.5	367.71	5.15807
Gorai.002G029200.1.D	2933	2827.5	325.282	4.56291
Gorai.002G029300.1.A	878	772.505	11	0.564776
Gorai.002G029300.1.D	878	772.505	24	1.23224
Gorai.002G029400.1.A	913	807.505	0	0
Gorai.002G029400.1.D	913	807.505	0	0
Gorai.002G029500.1.A	428	322.583	1	0.122954
Gorai.002G029500.1.D	428	322.583	0	0
Gorai.002G029600.1.A	400	294.583	0	0
Gorai.002G029600.1.D	400	294.583	0	0
Gorai.002G029700.1.A	454	348.551	0	0
Gorai.002G029700.1.D	454	348.551	0	0
Gorai.002G029800.1.A	2521	2415.5	1535.37	25.211
Gorai.002G029800.1.D	2521	2415.5	895.632	14.7064
Gorai.002G029900.1.A	373	267.583	6	0.88936
Gorai.002G029900.1.D	373	267.583	0	0
Gorai.002G030000.1.A	828	722.505	76.5586	4.2028
Gorai.002G030000.1.D	828	722.505	374.441	20.5555
Gorai.002G030100.1.A	1773	1667.5	19.9286	0.474017
Gorai.002G030100.1.D	1773	1667.5	11.0714	0.263343
Gorai.002G030200.1.A	2439	2333.5	1501.55	25.5222
Gorai.002G030200.1.D	2439	2333.5	2699.83	45.8895
Gorai.002G030300.1.A	857	751.505	321.161	16.9502
Gorai.002G030300.1.D	857	751.505	274.839	14.5055
Gorai.002G030400.1.A	1246	1140.5	0	0
Gorai.002G030400.1.D	1246	1140.5	0	0
Gorai.002G030500.1.A	968	862.505	1	0.0459858
Gorai.002G030500.1.D	968	862.505	0	0
Gorai.002G030600.1.A	1268	1162.5	8.74383	0.298326
Gorai.002G030600.1.D	1268	1162.5	8.74383	0.298326
Gorai.002G030700.1.A	588	482.551	11.2562	0.925193
Gorai.002G030700.1.D	588	482.551	11.2562	0.925193
Gorai.002G030800.1.A	1043	937.505	302.329	12.7906
Gorai.002G030800.1.D	1043	937.505	318.671	13.482
Gorai.002G030900.1.A	1754	1648.5	41.8889	1.00784
Gorai.002G030900.1.D	1754	1648.5	16.1111	0.387633
Gorai.002G031000.1.A	1414	1308.5	18.6207	0.564424
Gorai.002G031000.1.D	1414	1308.5	41.3793	1.25428
Gorai.002G031100.1.A	1053	947.505	31.2	1.30605
Gorai.002G031100.1.D	1053	947.505	22.8	0.954418
Gorai.002G031200.1.A	531	425.551	0	0
Gorai.002G031200.1.D	531	425.551	0	0
Gorai.002G031300.1.A	1315	1209.5	1003.08	32.8936
Gorai.002G031300.1.D	1315	1209.5	755.925	24.7888
Gorai.002G031400.1.A	2603	2497.5	33.4853	0.531781
Gorai.002G031400.1.D	2603	2497.5	35.5147	0.56401
Gorai.002G031500.1.A	1134	1028.5	0	0
Gorai.002G031500.1.D	1134	1028.5	0	0
Gorai.002G031600.1.A	1767	1661.5	9	0.214845
Gorai.002G031600.1.D	1767	1661.5	6	0.14323
Gorai.002G031700.1.A	1386	1280.5	17.3864	0.538533
Gorai.002G031700.1.D	1386	1280.5	27.6136	0.855317
Gorai.002G031800.1.A	2728	2622.5	186.492	2.82051
Gorai.002G031800.1.D	2728	2622.5	129.508	1.95869
Gorai.002G031900.1.A	2527	2421.5	962.353	15.7628
Gorai.002G031900.1.D	2527	2421.5	493.647	8.08568
Gorai.002G032000.1.A	2007	1901.5	392.645	8.19007
Gorai.002G032000.1.D	2007	1901.5	502.355	10.4785
Gorai.002G032100.1.A	1691	1585.5	296.887	7.42693
Gorai.002G032100.1.D	1691	1585.5	131.113	3.27991
Gorai.002G032200.1.A	848	742.505	3	0.160253
Gorai.002G032200.1.D	848	742.505	6	0.320507
Gorai.002G032300.1.A	1917	1811.5	65.0349	1.42394
Gorai.002G032300.1.D	1917	1811.5	53.9651	1.18157
Gorai.002G032400.1.A	2440	2334.5	69.9248	1.18801
Gorai.002G032400.1.D	2440	2334.5	80.0752	1.36047
Gorai.002G032500.1.A	3897	3791.5	112.069	1.17235
Gorai.002G032500.1.D	3897	3791.5	17.931	0.187577
Gorai.002G032600.1.A	1308	1202.5	0	0
Gorai.002G032600.1.D	1308	1202.5	1	0.0329836
Gorai.002G032700.1.A	2924	2818.5	123.612	1.73951
Gorai.002G032700.1.D	2924	2818.5	44.7357	0.629536
Gorai.002G032800.1.A	2024	1918.5	168.863	3.49104
Gorai.002G032800.1.D	2024	1918.5	542.138	11.2081
Gorai.002G032900.1.A	1194	1088.5	9.92172	0.361528
Gorai.002G032900.1.D	1194	1088.5	49.7092	1.8113
Gorai.002G033000.1.A	2032	1926.5	29.9189	0.615971
Gorai.002G033000.1.D	2032	1926.5	49.4502	1.01808
Gorai.002G033100.1.A	1363	1257.5	11.875	0.374549
Gorai.002G033100.1.D	1363	1257.5	7.125	0.22473
Gorai.002G033200.1.A	2311	2205.5	121.25	2.18051
Gorai.002G033200.1.D	2311	2205.5	73.75	1.32629
Gorai.002G033300.1.A	2856	2750.5	23.9787	0.345779
Gorai.002G033300.1.D	2856	2750.5	25.0213	0.360813
Gorai.002G033400.1.A	2526	2420.5	6	0.0983174
Gorai.002G033400.1.D	2526	2420.5	6	0.0983174
Gorai.002G033500.1.A	1662	1556.5	0	0
Gorai.002G033500.1.D	1662	1556.5	0	0
Gorai.002G033600.1.A	450	344.583	0	0
Gorai.002G033600.1.D	450	344.583	0	0
Gorai.002G033700.1.A	1212	1106.5	0	0
Gorai.002G033700.1.D	1212	1106.5	0	0
Gorai.002G033800.1.A	1779	1673.5	0	0
Gorai.002G033800.1.D	1779	1673.5	0	0
Gorai.002G033900.1.A	450	344.583	0	0
Gorai.002G033900.1.D	450	344.583	0	0
Gorai.002G034000.1.A	1041	935.505	0	0
Gorai.002G034000.1.D	1041	935.505	0	0
Gorai.002G034100.1.A	2496	2390.5	9	0.149327
Gorai.002G034100.1.D	2496	2390.5	0	0
Gorai.002G034200.1.A	2450	2344.5	0	0
Gorai.002G034200.1.D	2450	2344.5	0	0
Gorai.002G034300.1.A	2472	2366.5	1.5	0.0251402
Gorai.002G034300.1.D	2472	2366.5	1.5	0.0251402
Gorai.002G034400.1.A	1635	1529.5	0	0
Gorai.002G034400.1.D	1635	1529.5	0	0
Gorai.002G034500.1.A	2466	2360.5	0	0
Gorai.002G034500.1.D	2466	2360.5	0	0
Gorai.002G034600.1.A	1533	1427.5	0	0
Gorai.002G034600.1.D	1533	1427.5	0	0
Gorai.002G034700.1.A	2379	2273.5	0	0
Gorai.002G034700.1.D	2379	2273.5	0	0
Gorai.002G034800.1.A	483	377.551	0	0
Gorai.002G034800.1.D	483	377.551	0	0
Gorai.002G034900.1.A	2463	2357.5	0	0
Gorai.002G034900.1.D	2463	2357.5	0	0
Gorai.002G035000.1.A	1343	1237.5	0	0
Gorai.002G035000.1.D	1343	1237.5	0	0
Gorai.002G035100.1.A	2238	2132.5	0	0
Gorai.002G035100.1.D	2238	2132.5	0	0
Gorai.002G035200.1.A	2100	1994.5	0	0
Gorai.002G035200.1.D	2100	1994.5	0	0
Gorai.002G035300.1.A	2541	2435.5	0	0
Gorai.002G035300.1.D	2541	2435.5	0	0
Gorai.002G035400.1.A	324	218.63	0	0
Gorai.002G035400.1.D	324	218.63	0	0
Gorai.002G035500.1.A	2668	2562.5	188.998	2.92534
Gorai.002G035500.1.D	2668	2562.5	87.8394	1.35959
Gorai.002G035600.1.A	2913	2807.5	0	0
Gorai.002G035600.1.D	2913	2807.5	0	0
Gorai.002G035700.1.A	1369	1263.5	60.3034	1.893
Gorai.002G035700.1.D	1369	1263.5	53.8594	1.69071
Gorai.002G035800.1.A	644	538.505	94.7048	6.97537
Gorai.002G035800.1.D	644	538.505	18.2952	1.34751
Gorai.002G035900.1.A	447	341.583	40.2095	4.66893
Gorai.002G035900.1.D	447	341.583	2.12069	0.246244
Gorai.002G036000.1.A	1198	1092.5	693.606	25.1811
Gorai.002G036000.1.D	1198	1092.5	559.394	20.3086
Gorai.002G036100.1.A	920	814.505	471.037	22.9375
Gorai.002G036100.1.D	920	814.505	322.963	15.727
Gorai.002G036200.1.A	1840	1734.5	1358.69	31.0693
Gorai.002G036200.1.D	1840	1734.5	1001.31	22.8969
Gorai.002G036300.1.A	2453	2347.5	121.725	2.05664
Gorai.002G036300.1.D	2453	2347.5	306.275	5.17476
Gorai.002G036400.1.A	2224	2118.5	106.922	2.00181
Gorai.002G036400.1.D	2224	2118.5	85.0778	1.59284
Gorai.002G036500.1.A	1397	1291.5	433.752	13.3208
Gorai.002G036500.1.D	1397	1291.5	196.248	6.0269
Gorai.002G036600.1.A	3022	2916.5	3990.63	54.2705
Gorai.002G036600.1.D	3022	2916.5	4361.65	59.3161
Gorai.002G036700.1.A	1265	1159.5	0	0
Gorai.002G036700.1.D	1265	1159.5	0	0
Gorai.002G036800.1.A	2986	2880.5	56.3107	0.775367
Gorai.002G036800.1.D	2986	2880.5	59.6893	0.821889
Gorai.002G036900.1.A	1318	1212.5	1	0.0327116
Gorai.002G036900.1.D	1318	1212.5	0	0
Gorai.002G037000.1.A	1192	1086.5	0	0
Gorai.002G037000.1.D	1192	1086.5	0	0
Gorai.002G037100.1.A	1098	992.505	0	0
Gorai.002G037100.1.D	1098	992.505	0	0
Gorai.002G037200.1.A	2021	1915.5	24	0.49695
Gorai.002G037200.1.D	2021	1915.5	18	0.372713
Gorai.002G037300.1.A	1074	968.505	0	0
Gorai.002G037300.1.D	1074	968.505	0	0
Gorai.002G037400.1.A	1449	1343.5	4	0.118088
Gorai.002G037400.1.D	1449	1343.5	0	0
Gorai.002G037500.1.A	1001	895.505	55828.1	2472.69
Gorai.002G037500.1.D	1001	895.505	19717.9	873.327
Gorai.002G037600.1.A	1857	1751.5	785.784	17.7941
Gorai.002G037600.1.D	1857	1751.5	1537.22	34.8104
Gorai.002G037700.1.A	783	677.505	0	0
Gorai.002G037700.1.D	783	677.505	0	0
Gorai.002G037800.1.A	1651	1545.5	2614.6	67.0997
Gorai.002G037800.1.D	1651	1545.5	2946.38	75.6142
Gorai.002G037900.1.A	1859	1753.5	0	0
Gorai.002G037900.1.D	1859	1753.5	1	0.0226192
Gorai.002G038000.1.A	1950	1844.5	2	0.0430066
Gorai.002G038000.1.D	1950	1844.5	0	0
Gorai.002G038100.1.A	1970	1864.5	34.5806	0.735622
Gorai.002G038100.1.D	1970	1864.5	32.4194	0.689645
Gorai.002G038200.1.A	1203	1097.5	0	0
Gorai.002G038200.1.D	1203	1097.5	19.5372	0.70606
Gorai.002G038300.1.A	2739	2633.5	1339.51	20.1742
Gorai.002G038300.1.D	2739	2633.5	1075.49	16.1979
Gorai.002G038400.1.A	1549	1443.5	453.033	12.4479
Gorai.002G038400.1.D	1549	1443.5	378.967	10.4128
Gorai.002G038500.1.A	1188	1082.5	0	0
Gorai.002G038500.1.D	1188	1082.5	0	0
Gorai.002G038600.1.A	569	463.551	0	0
Gorai.002G038600.1.D	569	463.551	0	0
Gorai.002G038700.1.A	2218	2112.5	68.5882	1.28777
Gorai.002G038700.1.D	2218	2112.5	37.4118	0.702418
Gorai.002G038800.1.A	1570	1464.5	24.5368	0.664527
Gorai.002G038800.1.D	1570	1464.5	86.4632	2.34167
Gorai.002G038900.1.A	1320	1214.5	0	0
Gorai.002G038900.1.D	1320	1214.5	0	0
Gorai.002G039000.1.A	1329	1223.5	0	0
Gorai.002G039000.1.D	1329	1223.5	5	0.162087
Gorai.002G039100.1.A	870	764.505	0	0
Gorai.002G039100.1.D	870	764.505	0	0
Gorai.002G039200.1.A	1116	1010.5	11.9167	0.467737
Gorai.002G039200.1.D	1116	1010.5	1.08333	0.0425215
Gorai.002G039300.1.A	3803	3697.5	72.2273	0.774778
Gorai.002G039300.1.D	3803	3697.5	87.182	0.935197
Gorai.002G039400.1.A	378	272.583	0	0
Gorai.002G039400.1.D	378	272.583	19	2.76465
Gorai.002G039500.1.A	1177	1071.5	1.5923	0.0589409
Gorai.002G039500.1.D	1177	1071.5	51.188	1.89478
Gorai.002G039600.1.A	828	722.505	1.45485	0.079866
Gorai.002G039600.1.D	828	722.505	3.13587	0.172148
Gorai.002G039700.1.A	1213	1107.5	18.9583	0.678953
Gorai.002G039700.1.D	1213	1107.5	51.0417	1.82795
Gorai.002G039800.1.A	618	512.505	0	0
Gorai.002G039800.1.D	618	512.505	0	0
Gorai.002G039900.1.A	1823	1717.5	3.41399	0.0788404
Gorai.002G039900.1.D	1823	1717.5	70.8058	1.63514
Gorai.002G040000.1.A	882	776.505	1.5	0.0766182
Gorai.002G040000.1.D	882	776.505	1.5	0.0766182
Gorai.002G040100.1.A	741	635.505	0	0
Gorai.002G040100.1.D	741	635.505	0	0
Gorai.002G040200.1.A	1634	1528.5	15.9145	0.412964
Gorai.002G040200.1.D	1634	1528.5	15.9145	0.412964
Gorai.002G040300.1.A	2292	2186.5	0	0
Gorai.002G040300.1.D	2292	2186.5	0	0
Gorai.002G040400.1.A	862	756.505	0	0
Gorai.002G040400.1.D	862	756.505	0	0
Gorai.002G040500.1.A	631	525.505	1.22222	0.0922483
Gorai.002G040500.1.D	631	525.505	9.77778	0.737987
Gorai.002G040600.1.A	803	697.505	1	0.0568641
Gorai.002G040600.1.D	803	697.505	0	0
Gorai.002G040700.1.A	791	685.505	9	0.520735
Gorai.002G040700.1.D	791	685.505	1	0.0578595
Gorai.002G040800.1.A	737	631.505	3	0.188421
Gorai.002G040800.1.D	737	631.505	3	0.188421
Gorai.002G040900.1.A	857	751.505	9.23077	0.487182
Gorai.002G040900.1.D	857	751.505	10.7692	0.568379
Gorai.002G041000.1.A	1593	1487.5	0	0
Gorai.002G041000.1.D	1593	1487.5	0	0
Gorai.002G041100.1.A	1725	1619.5	0	0
Gorai.002G041100.1.D	1725	1619.5	2	0.0489816
Gorai.002G041200.1.A	1339	1233.5	0.5	0.0160773
Gorai.002G041200.1.D	1339	1233.5	0.5	0.0160773
Gorai.002G041300.1.A	1000	894.505	89.8319	3.98321
Gorai.002G041300.1.D	1000	894.505	89.8319	3.98321
Gorai.002G041400.1.A	1974	1868.5	0	0
Gorai.002G041400.1.D	1974	1868.5	0	0
Gorai.002G041500.1.A	1992	1886.5	0	0
Gorai.002G041500.1.D	1992	1886.5	0	0
Gorai.002G041600.1.A	1068	962.505	0	0
Gorai.002G041600.1.D	1068	962.505	0	0
Gorai.002G041700.1.A	1017	911.505	0	0
Gorai.002G041700.1.D	1017	911.505	0	0
Gorai.002G041800.1.A	1728	1622.5	0	0
Gorai.002G041800.1.D	1728	1622.5	0	0
Gorai.002G041900.1.A	361	255.607	0	0
Gorai.002G041900.1.D	361	255.607	0	0
Gorai.002G042000.1.A	1527	1421.5	0	0
Gorai.002G042000.1.D	1527	1421.5	0	0
Gorai.002G042100.1.A	1299	1193.5	0	0
Gorai.002G042100.1.D	1299	1193.5	0	0
Gorai.002G042200.1.A	1981	1875.5	0	0
Gorai.002G042200.1.D	1981	1875.5	12.0207	0.254212
Gorai.002G042300.1.A	2403	2297.5	1	0.0172635
Gorai.002G042300.1.D	2403	2297.5	1	0.0172635
Gorai.002G042400.1.A	801	695.505	1.5	0.0855414
Gorai.002G042400.1.D	801	695.505	1.5	0.0855414
Gorai.002G042500.1.A	849	743.505	1.5	0.0800189
Gorai.002G042500.1.D	849	743.505	1.5	0.0800189
Gorai.002G042600.1.A	1141	1035.5	0	0
Gorai.002G042600.1.D	1141	1035.5	2	0.076606
Gorai.002G042700.1.A	2129	2023.5	0	0
Gorai.002G042700.1.D	2129	2023.5	0	0
Gorai.002G042800.1.A	2869	2763.5	397.197	5.70074
Gorai.002G042800.1.D	2869	2763.5	307.803	4.41771
Gorai.002G042900.1.A	969	863.505	4.12112	0.189293
Gorai.002G042900.1.D	969	863.505	189.979	8.7262
Gorai.002G043000.1.A	2387	2281.5	253.362	4.40459
Gorai.002G043000.1.D	2387	2281.5	235.638	4.09645
Gorai.002G043100.1.A	1270	1164.5	805.84	27.4468
Gorai.002G043100.1.D	1270	1164.5	1605.59	54.6862
Gorai.002G043200.1.A	2128	2022.5	246.61	4.83622
Gorai.002G043200.1.D	2128	2022.5	413.473	8.10853
Gorai.002G043300.1.A	627	521.505	2.92651	0.222575
Gorai.002G043300.1.D	627	521.505	0	0
Gorai.002G043400.1.A	1879	1773.5	33.14	0.741148
Gorai.002G043400.1.D	1879	1773.5	23.1817	0.518439
Gorai.002G043500.1.A	513	407.551	1.77512	0.172755
Gorai.002G043500.1.D	513	407.551	37.5774	3.65703
Gorai.002G043600.1.A	2054	1948.5	1.10694	0.0225324
Gorai.002G043600.1.D	2054	1948.5	1.20999	0.0246301
Gorai.002G043700.1.A	674	568.505	27.439	1.91434
Gorai.002G043700.1.D	674	568.505	17.561	1.22518
Gorai.002G043800.1.A	484	378.551	0	0
Gorai.002G043800.1.D	484	378.551	0	0
Gorai.002G043900.1.A	418	312.583	0	0
Gorai.002G043900.1.D	418	312.583	6	0.761326
Gorai.002G044000.1.A	435	329.583	0	0
Gorai.002G044000.1.D	435	329.583	0	0
Gorai.002G044100.1.A	393	287.583	0	0
Gorai.002G044100.1.D	393	287.583	0	0
Gorai.002G044200.1.A	430	324.583	0	0
Gorai.002G044200.1.D	430	324.583	0	0
Gorai.002G044300.1.A	794	688.505	12	0.691288
Gorai.002G044300.1.D	794	688.505	4	0.230429
Gorai.002G044400.1.A	1445	1339.5	0	0
Gorai.002G044400.1.D	1445	1339.5	0	0
Gorai.002G044500.1.A	2946	2840.5	1.46434	0.0204471
Gorai.002G044500.1.D	2946	2840.5	5.85736	0.0817884
Gorai.002G044600.1.A	4200	4094.5	0	0
Gorai.002G044600.1.D	4200	4094.5	0	0
Gorai.002G044700.1.A	1704	1598.5	1	0.0248125
Gorai.002G044700.1.D	1704	1598.5	1	0.0248125
Gorai.002G044800.1.A	4081	3975.5	15.9011	0.158643
Gorai.002G044800.1.D	4081	3975.5	8.70769	0.0868751
Gorai.002G044900.1.A	3304	3198.5	17.3832	0.215559
Gorai.002G044900.1.D	3304	3198.5	54.1973	0.672072
Gorai.002G045000.1.A	2921	2815.5	36.8882	0.519657
Gorai.002G045000.1.D	2921	2815.5	68.2096	0.960891
Gorai.002G045100.1.A	2123	2017.5	33	0.64876
Gorai.002G045100.1.D	2123	2017.5	0	0
Gorai.002G045200.1.A	659	553.505	0	0
Gorai.002G045200.1.D	659	553.505	0	0
Gorai.002G045300.1.A	2548	2442.5	51.7661	0.840611
Gorai.002G045300.1.D	2548	2442.5	79.2339	1.28665
Gorai.002G045400.1.A	1895	1789.5	23.375	0.518088
Gorai.002G045400.1.D	1895	1789.5	27.625	0.612286
Gorai.002G045500.1.A	1228	1122.5	3.09677	0.109422
Gorai.002G045500.1.D	1228	1122.5	28.9032	1.02128
Gorai.002G045600.1.A	138	43.222	0	0
Gorai.002G045600.1.D	138	43.222	3	2.75297
Gorai.002G045700.1.A	1339	1233.5	0	0
Gorai.002G045700.1.D	1339	1233.5	0	0
Gorai.002G045800.1.A	1622	1516.5	3	0.0784625
Gorai.002G045800.1.D	1622	1516.5	21	0.549238
Gorai.002G045900.1.A	1191	1085.5	10	0.365387
Gorai.002G045900.1.D	1191	1085.5	5	0.182694
Gorai.002G046000.1.A	1519	1413.5	208.661	5.85501
Gorai.002G046000.1.D	1519	1413.5	100.339	2.81553
Gorai.002G046100.1.A	1116	1010.5	0	0
Gorai.002G046100.1.D	1116	1010.5	0	0
Gorai.002G046200.1.A	2560	2454.5	1732.66	27.9985
Gorai.002G046200.1.D	2560	2454.5	1340.34	21.6588
Gorai.002G046300.1.A	1132	1026.5	203.232	7.85264
Gorai.002G046300.1.D	1132	1026.5	153.768	5.94142
Gorai.002G046400.1.A	3779	3673.5	415.587	4.4871
Gorai.002G046400.1.D	3779	3673.5	1029.41	11.1146
Gorai.002G046500.1.A	4422	4316.5	1	0.00918867
Gorai.002G046500.1.D	4422	4316.5	0	0
Gorai.002G046600.1.A	5705	5599.5	14.3912	0.101937
Gorai.002G046600.1.D	5705	5599.5	0	0
Gorai.002G046700.1.A	3665	3559.5	0	0
Gorai.002G046700.1.D	3665	3559.5	0	0
Gorai.002G046800.1.A	763	657.505	0	0
Gorai.002G046800.1.D	763	657.505	0	0
Gorai.002G046900.1.A	2239	2133.5	2	0.037181
Gorai.002G046900.1.D	2239	2133.5	0	0
Gorai.002G047000.1.A	1513	1407.5	2.8	0.0789029
Gorai.002G047000.1.D	1513	1407.5	4.2	0.118354
Gorai.002G047100.1.A	594	488.551	2	0.16237
Gorai.002G047100.1.D	594	488.551	0	0
Gorai.002G047200.1.A	2186	2080.5	16.6071	0.3166
Gorai.002G047200.1.D	2186	2080.5	45.3929	0.865374
Gorai.002G047300.1.A	2953	2847.5	4	0.0557161
Gorai.002G047300.1.D	2953	2847.5	0	0
Gorai.002G047400.1.A	687	581.505	0	0
Gorai.002G047400.1.D	687	581.505	0	0
Gorai.002G047500.1.A	1982	1876.5	0	0
Gorai.002G047500.1.D	1982	1876.5	0	0
Gorai.002G047600.1.A	611	505.551	4.5	0.353047
Gorai.002G047600.1.D	611	505.551	4.5	0.353047
Gorai.002G047700.1.A	729	623.505	0	0
Gorai.002G047700.1.D	729	623.505	0	0
Gorai.002G047800.1.A	1929	1823.5	0	0
Gorai.002G047800.1.D	1929	1823.5	0	0
Gorai.002G047900.1.A	2165	2059.5	1	0.0192585
Gorai.002G047900.1.D	2165	2059.5	0	0
Gorai.002G048000.1.A	1811	1705.5	82.1748	1.91104
Gorai.002G048000.1.D	1811	1705.5	142.513	3.31425
Gorai.002G048100.1.A	1822	1716.5	45.3127	1.04703
Gorai.002G048100.1.D	1822	1716.5	0	0
Gorai.002G048200.1.A	1256	1150.5	0	0
Gorai.002G048200.1.D	1256	1150.5	0	0
Gorai.002G048300.1.A	2606	2500.5	0	0
Gorai.002G048300.1.D	2606	2500.5	15	0.23793
Gorai.002G048400.1.A	629	523.505	0	0
Gorai.002G048400.1.D	629	523.505	0	0
Gorai.002G048500.1.A	524	418.551	9.07308	0.859787
Gorai.002G048500.1.D	524	418.551	9.07308	0.859787
Gorai.002G048600.1.A	2642	2536.5	0	0
Gorai.002G048600.1.D	2642	2536.5	46	0.719295
Gorai.002G048700.1.A	349	243.63	16	2.6048
Gorai.002G048700.1.D	349	243.63	2	0.3256
Gorai.002G048800.1.A	3175	3069.5	0	0
Gorai.002G048800.1.D	3175	3069.5	0	0
Gorai.002G048900.1.A	3637	3531.5	1.33333	0.0149749
Gorai.002G048900.1.D	3637	3531.5	2.66667	0.0299498
Gorai.002G049000.1.A	3724	3618.5	56.5714	0.620087
Gorai.002G049000.1.D	3724	3618.5	119.429	1.30907
Gorai.002G049100.1.A	2901	2795.5	3	0.0425643
Gorai.002G049100.1.D	2901	2795.5	0	0
Gorai.002G049200.1.A	627	521.505	0	0
Gorai.002G049200.1.D	627	521.505	0	0
Gorai.002G049300.1.A	939	833.505	0	0
Gorai.002G049300.1.D	939	833.505	0	0
Gorai.002G049400.1.A	2457	2351.5	0	0
Gorai.002G049400.1.D	2457	2351.5	0	0
Gorai.002G049500.1.A	1149	1043.5	0	0
Gorai.002G049500.1.D	1149	1043.5	0	0
Gorai.002G049600.1.A	288	182.738	0	0
Gorai.002G049600.1.D	288	182.738	0	0
Gorai.002G049700.1.A	420	314.583	0	0
Gorai.002G049700.1.D	420	314.583	0	0
Gorai.002G049800.1.A	441	335.583	0	0
Gorai.002G049800.1.D	441	335.583	0	0
Gorai.002G049900.1.A	294	188.687	0	0
Gorai.002G049900.1.D	294	188.687	0	0
Gorai.002G050000.1.A	439	333.583	0	0
Gorai.002G050000.1.D	439	333.583	0	0
Gorai.002G050100.1.A	338	232.63	0	0
Gorai.002G050100.1.D	338	232.63	0	0
Gorai.002G050200.1.A	1995	1889.5	24	0.503788
Gorai.002G050200.1.D	1995	1889.5	61	1.28046
Gorai.002G050300.1.A	2076	1970.5	2522.96	50.7829
Gorai.002G050300.1.D	2076	1970.5	1221.04	24.5775
Gorai.002G050400.1.A	759	653.505	0	0
Gorai.002G050400.1.D	759	653.505	0	0
Gorai.002G050500.1.A	850	744.505	6	0.319646
Gorai.002G050500.1.D	850	744.505	0	0
Gorai.002G050600.1.A	564	458.551	0	0
Gorai.002G050600.1.D	564	458.551	0	0
Gorai.002G050700.1.A	564	458.551	0	0
Gorai.002G050700.1.D	564	458.551	0	0
Gorai.002G050800.1.A	489	383.551	0	0
Gorai.002G050800.1.D	489	383.551	0	0
Gorai.002G050900.1.A	654	548.505	65.9727	4.77056
Gorai.002G050900.1.D	654	548.505	57.0273	4.1237
Gorai.002G051000.1.A	1967	1861.5	8	0.170455
Gorai.002G051000.1.D	1967	1861.5	29	0.617901
Gorai.002G051100.1.A	2352	2246.5	0	0
Gorai.002G051100.1.D	2352	2246.5	0	0
Gorai.002G051200.1.A	1531	1425.5	520.943	14.4946
Gorai.002G051200.1.D	1531	1425.5	168.966	4.70126
Gorai.002G051300.1.A	3180	3074.5	4.49129	0.0579403
Gorai.002G051300.1.D	3180	3074.5	0	0
Gorai.002G051400.1.A	261	155.894	0	0
Gorai.002G051400.1.D	261	155.894	0	0
Gorai.002G051500.1.A	1158	1052.5	0	0
Gorai.002G051500.1.D	1158	1052.5	0	0
Gorai.002G051600.1.A	1140	1034.5	3.04591	0.11678
Gorai.002G051600.1.D	1140	1034.5	3.04591	0.11678
Gorai.002G051700.1.A	3336	3230.5	12.2782	0.150747
Gorai.002G051700.1.D	3336	3230.5	1.1162	0.0137043
Gorai.002G051800.1.A	555	449.551	0	0
Gorai.002G051800.1.D	555	449.551	0	0
Gorai.002G051900.1.A	2375	2269.5	0	0
Gorai.002G051900.1.D	2375	2269.5	0	0
Gorai.002G052000.1.A	1014	908.505	11.1143	0.485221
Gorai.002G052000.1.D	1014	908.505	0	0
Gorai.002G052100.1.A	2633	2527.5	123.072	1.93131
Gorai.002G052100.1.D	2633	2527.5	165.928	2.60383
Gorai.002G052200.1.A	2380	2274.5	48.7146	0.849488
Gorai.002G052200.1.D	2380	2274.5	434.277	7.57295
Gorai.002G052300.1.A	2038	1932.5	1.00817	0.0206919
Gorai.002G052300.1.D	2038	1932.5	0	0
Gorai.002G052400.1.A	2037	1931.5	212.108	4.35558
Gorai.002G052400.1.D	2037	1931.5	188.892	3.87885
Gorai.002G052500.1.A	2465	2359.5	398.101	6.69203
Gorai.002G052500.1.D	2465	2359.5	111.899	1.881
Gorai.002G052600.1.A	2462	2356.5	1	0.0168313
Gorai.002G052600.1.D	2462	2356.5	0	0
Gorai.002G052700.1.A	354	248.63	0	0
Gorai.002G052700.1.D	354	248.63	0	0
Gorai.002G052800.1.A	2907	2801.5	0	0
Gorai.002G052800.1.D	2907	2801.5	0	0
Gorai.002G052900.1.A	2775	2669.5	0	0
Gorai.002G052900.1.D	2775	2669.5	0	0
Gorai.002G053000.1.A	1812	1706.5	0	0
Gorai.002G053000.1.D	1812	1706.5	36.2113	0.84163
Gorai.002G053100.1.A	909	803.505	2.85714	0.141036
Gorai.002G053100.1.D	909	803.505	7.14286	0.352589
Gorai.002G053200.1.A	2060	1954.5	320.968	6.51344
Gorai.002G053200.1.D	2060	1954.5	263.032	5.33773
Gorai.002G053300.1.A	2321	2215.5	179.846	3.21968
Gorai.002G053300.1.D	2321	2215.5	110.674	1.98134
Gorai.002G053400.1.A	2606	2500.5	68.0556	1.0795
Gorai.002G053400.1.D	2606	2500.5	29.9444	0.474978
Gorai.002G053500.1.A	1122	1016.5	1	0.0390189
Gorai.002G053500.1.D	1122	1016.5	1	0.0390189
Gorai.002G053600.1.A	707	601.505	9	0.593456
Gorai.002G053600.1.D	707	601.505	0	0
Gorai.002G053700.1.A	899	793.505	111.781	5.58731
Gorai.002G053700.1.D	899	793.505	143.219	7.15874
Gorai.002G053800.1.A	1980	1874.5	128.571	2.72046
Gorai.002G053800.1.D	1980	1874.5	78.4286	1.65948
Gorai.002G053900.1.A	1071	965.505	29	1.19132
Gorai.002G053900.1.D	1071	965.505	0	0
Gorai.002G054000.1.A	1793	1687.5	28.6588	0.673594
Gorai.002G054000.1.D	1793	1687.5	580.341	13.6403
Gorai.002G054100.1.A	879	773.505	34.2	1.75367
Gorai.002G054100.1.D	879	773.505	22.8	1.16911
Gorai.002G054200.1.A	1096	990.505	0	0
Gorai.002G054200.1.D	1096	990.505	0	0
Gorai.002G054300.1.A	1681	1575.5	967.331	24.3523
Gorai.002G054300.1.D	1681	1575.5	591.669	14.8951
Gorai.002G054400.1.A	1199	1093.5	2383.22	86.4425
Gorai.002G054400.1.D	1199	1093.5	3021.78	109.604
Gorai.002G054500.1.A	2428	2322.5	199.702	3.41044
Gorai.002G054500.1.D	2428	2322.5	289.298	4.94053
Gorai.002G054600.1.A	1411	1305.5	138.808	4.21716
Gorai.002G054600.1.D	1411	1305.5	100.192	3.04397
Gorai.002G054700.1.A	1772	1666.5	253.007	6.02158
Gorai.002G054700.1.D	1772	1666.5	299.993	7.13987
Gorai.002G054800.1.A	1489	1383.5	0	0
Gorai.002G054800.1.D	1489	1383.5	0	0
Gorai.002G054900.1.A	1428	1322.5	0	0
Gorai.002G054900.1.D	1428	1322.5	0	0
Gorai.002G055000.1.A	801	695.505	0	0
Gorai.002G055000.1.D	801	695.505	0	0
Gorai.002G055100.1.A	574	468.551	80.2074	6.78957
Gorai.002G055100.1.D	574	468.551	0.00143379	0.00012137
Gorai.002G055200.1.A	1429	1323.5	84.7515	2.53984
Gorai.002G055200.1.D	1429	1323.5	99.2485	2.97429
Gorai.002G055300.1.A	798	692.505	8.98582	0.51466
Gorai.002G055300.1.D	798	692.505	0	0
Gorai.002G055400.1.A	1342	1236.5	1.5	0.048115
Gorai.002G055400.1.D	1342	1236.5	1.5	0.048115
Gorai.002G055500.1.A	910	804.505	202.764	9.99646
Gorai.002G055500.1.D	910	804.505	228.236	11.2523
Gorai.002G055600.1.A	393	287.583	0	0
Gorai.002G055600.1.D	393	287.583	0	0
Gorai.002G055700.1.A	2033	1927.5	1309.31	26.942
Gorai.002G055700.1.D	2033	1927.5	1452.69	29.8926
Gorai.002G055800.1.A	581	475.551	0	0
Gorai.002G055800.1.D	581	475.551	0	0
Gorai.002G055900.1.A	1424	1318.5	6.375	0.191771
Gorai.002G055900.1.D	1424	1318.5	10.625	0.319619
Gorai.002G056000.1.A	1602	1496.5	1882.1	49.8827
Gorai.002G056000.1.D	1602	1496.5	1413.9	37.4735
Gorai.002G056100.1.A	1581	1475.5	0	0
Gorai.002G056100.1.D	1581	1475.5	0	0
Gorai.002G056200.1.A	2437	2331.5	993.484	16.9009
Gorai.002G056200.1.D	2437	2331.5	1735.52	29.5241
Gorai.002G056300.1.A	1086	980.505	0	0
Gorai.002G056300.1.D	1086	980.505	0	0
Gorai.002G056400.1.A	1610	1504.5	1036.76	27.3318
Gorai.002G056400.1.D	1610	1504.5	980.245	25.842
Gorai.002G056500.1.A	846	740.505	396.255	21.2242
Gorai.002G056500.1.D	846	740.505	179.745	9.62749
Gorai.002G056600.1.A	2883	2777.5	48.8108	0.697021
Gorai.002G056600.1.D	2883	2777.5	37.1892	0.531064
Gorai.002G056700.1.A	645	539.505	2.54879	0.18738
Gorai.002G056700.1.D	645	539.505	2.54879	0.18738
Gorai.002G056800.1.A	810	704.505	0	0
Gorai.002G056800.1.D	810	704.505	0	0
Gorai.002G056900.1.A	1068	962.505	0	0
Gorai.002G056900.1.D	1068	962.505	0	0
Gorai.002G057000.1.A	839	733.505	0	0
Gorai.002G057000.1.D	839	733.505	4.23802	0.229163
Gorai.002G057100.1.A	1323	1217.5	0	0
Gorai.002G057100.1.D	1323	1217.5	0	0
Gorai.002G057200.1.A	1310	1204.5	2783.19	91.6471
Gorai.002G057200.1.D	1310	1204.5	755.814	24.8881
Gorai.002G057300.1.A	2518	2412.5	61.5545	1.01199
Gorai.002G057300.1.D	2518	2412.5	160.445	2.63781
Gorai.002G057400.1.A	3385	3279.5	28.1143	0.340019
Gorai.002G057400.1.D	3385	3279.5	12.8857	0.155842
Gorai.002G057500.1.A	2608	2502.5	54.3529	0.861456
Gorai.002G057500.1.D	2608	2502.5	50.6471	0.80272
Gorai.002G057600.1.A	736	630.505	0	0
Gorai.002G057600.1.D	736	630.505	24.8255	1.56169
Gorai.002G057700.1.A	1266	1160.5	1	0.0341773
Gorai.002G057700.1.D	1266	1160.5	2	0.0683546
Gorai.002G057800.1.A	4601	4495.5	48.0459	0.4239
Gorai.002G057800.1.D	4601	4495.5	170.954	1.50829
Gorai.002G057900.1.A	2132	2026.5	193.316	3.78361
Gorai.002G057900.1.D	2132	2026.5	227.684	4.45625
Gorai.002G058000.1.A	1690	1584.5	132.195	3.30907
Gorai.002G058000.1.D	1690	1584.5	101.805	2.54836
Gorai.002G058100.1.A	1095	989.505	0	0
Gorai.002G058100.1.D	1095	989.505	0	0
Gorai.002G058200.1.A	2771	2665.5	98.45	1.46494
Gorai.002G058200.1.D	2771	2665.5	55.0848	0.819667
Gorai.002G058300.1.A	1841	1735.5	84.2014	1.92433
Gorai.002G058300.1.D	1841	1735.5	69.7986	1.59516
Gorai.002G058400.1.A	2191	2085.5	19.5278	0.371387
Gorai.002G058400.1.D	2191	2085.5	54.4722	1.03597
Gorai.002G058500.1.A	2928	2822.5	466.163	6.5507
Gorai.002G058500.1.D	2928	2822.5	736.837	10.3543
Gorai.002G058600.1.A	331	225.63	0	0
Gorai.002G058600.1.D	331	225.63	0	0
Gorai.002G058700.1.A	2189	2083.5	900.93	17.1507
Gorai.002G058700.1.D	2189	2083.5	1117.07	21.2653
Gorai.002G058800.1.A	396	290.583	7	0.95546
Gorai.002G058800.1.D	396	290.583	7	0.95546
Gorai.002G058900.1.A	2685	2579.5	37.512	0.576791
Gorai.002G058900.1.D	2685	2579.5	86.5372	1.33061
Gorai.002G059000.1.A	1497	1391.5	0	0
Gorai.002G059000.1.D	1497	1391.5	0	0
Gorai.002G059100.1.A	2143	2037.5	22.7719	0.443288
Gorai.002G059100.1.D	2143	2037.5	36.2281	0.705231
Gorai.002G059200.1.A	1033	927.505	37.4744	1.60252
Gorai.002G059200.1.D	1033	927.505	41.5256	1.77576
Gorai.002G059300.1.A	846	740.505	0	0
Gorai.002G059300.1.D	846	740.505	0	0
Gorai.002G059400.1.A	1754	1648.5	29.8103	0.717235
Gorai.002G059400.1.D	1754	1648.5	103.19	2.48274
Gorai.002G059500.1.A	977	871.505	306.939	13.9691
Gorai.002G059500.1.D	977	871.505	108.061	4.91795
Gorai.002G059600.1.A	2735	2629.5	708.07	10.6804
Gorai.002G059600.1.D	2735	2629.5	590.93	8.91347
Gorai.002G059700.1.A	2077	1971.5	2.5	0.0502953
Gorai.002G059700.1.D	2077	1971.5	2.5	0.0502953
Gorai.002G059800.1.A	686	580.505	0	0
Gorai.002G059800.1.D	686	580.505	0	0
Gorai.002G059900.1.A	2724	2618.5	27.1963	0.411947
Gorai.002G059900.1.D	2724	2618.5	313.804	4.75324
Gorai.002G060000.1.A	803	697.505	385.268	21.9079
Gorai.002G060000.1.D	803	697.505	589.016	33.4938
Gorai.002G060100.1.A	3944	3838.5	571.148	5.90163
Gorai.002G060100.1.D	3944	3838.5	201.852	2.08572
Gorai.002G060200.1.A	379	273.583	7.64802	1.10878
Gorai.002G060200.1.D	379	273.583	7.64802	1.10878
Gorai.002G060300.1.A	3059	2953.5	0	0
Gorai.002G060300.1.D	3059	2953.5	0	0
Gorai.002G060400.1.A	3796	3690.5	1.5	0.0161209
Gorai.002G060400.1.D	3796	3690.5	1.5	0.0161209
Gorai.002G060500.1.A	3582	3476.5	0	0
Gorai.002G060500.1.D	3582	3476.5	0	0
Gorai.002G060600.1.A	2361	2255.5	0	0
Gorai.002G060600.1.D	2361	2255.5	0	0
Gorai.002G060700.1.A	1656	1550.5	6.47392	0.165607
Gorai.002G060700.1.D	1656	1550.5	2	0.0511613
Gorai.002G060800.1.A	2780	2674.5	1.16667	0.0173017
Gorai.002G060800.1.D	2780	2674.5	5.83333	0.0865084
Gorai.002G060900.1.A	2865	2759.5	176.668	2.53929
Gorai.002G060900.1.D	2865	2759.5	602.332	8.65744
Gorai.002G061000.1.A	1181	1075.5	59.0476	2.17758
Gorai.002G061000.1.D	1181	1075.5	33.9524	1.25211
Gorai.002G061100.1.A	1721	1615.5	0	0
Gorai.002G061100.1.D	1721	1615.5	1	0.0245514
Gorai.002G061200.1.A	303	197.687	0	0
Gorai.002G061200.1.D	303	197.687	0	0
Gorai.002G061300.1.A	1682	1576.5	19.7308	0.496402
Gorai.002G061300.1.D	1682	1576.5	37.2692	0.937649
Gorai.002G061400.1.A	3645	3539.5	726.424	8.14016
Gorai.002G061400.1.D	3645	3539.5	165.814	1.85808
Gorai.002G061500.1.A	531	425.551	0	0
Gorai.002G061500.1.D	531	425.551	0	0
Gorai.002G061600.1.A	993	887.505	0	0
Gorai.002G061600.1.D	993	887.505	0	0
Gorai.002G061700.1.A	779	673.505	377.801	22.2489
Gorai.002G061700.1.D	779	673.505	101.295	5.96527
Gorai.002G061800.1.A	2901	2795.5	197.892	2.80771
Gorai.002G061800.1.D	2901	2795.5	240.108	3.40669
Gorai.002G061900.1.A	378	272.583	0	0
Gorai.002G061900.1.D	378	272.583	0	0
Gorai.002G062000.1.A	1587	1481.5	119.671	3.20385
Gorai.002G062000.1.D	1587	1481.5	72.3288	1.93639
Gorai.002G062100.1.A	1792	1686.5	2276.34	53.5345
Gorai.002G062100.1.D	1792	1686.5	1179.34	27.7356
Gorai.002G062200.1.A	1875	1769.5	592.74	13.2861
Gorai.002G062200.1.D	1875	1769.5	20316.4	455.386
Gorai.002G062300.1.A	439	333.583	101.319	12.0468
Gorai.002G062300.1.D	439	333.583	0	0
Gorai.002G062400.1.A	1801	1695.5	36.8065	0.861014
Gorai.002G062400.1.D	1801	1695.5	151.075	3.53409
Gorai.002G062500.1.A	1971	1865.5	2391.32	50.8425
Gorai.002G062500.1.D	1971	1865.5	1619.68	34.4364
Gorai.002G062600.1.A	1690	1584.5	1501.75	37.5915
Gorai.002G062600.1.D	1690	1584.5	750.249	18.7801
Gorai.002G062700.1.A	568	462.551	5	0.428741
Gorai.002G062700.1.D	568	462.551	0	0
Gorai.002G062800.1.A	294	188.687	1	0.210205
Gorai.002G062800.1.D	294	188.687	0	0
Gorai.002G062900.1.A	1679	1573.5	5.5	0.138637
Gorai.002G062900.1.D	1679	1573.5	5.5	0.138637
Gorai.002G063000.1.A	1743	1637.5	153.697	3.72278
Gorai.002G063000.1.D	1743	1637.5	287.303	6.95893
Gorai.002G063100.1.A	2665	2559.5	95.6383	1.48204
Gorai.002G063100.1.D	2665	2559.5	194.362	3.01189
Gorai.002G063200.1.A	1508	1402.5	70	1.97961
Gorai.002G063200.1.D	1508	1402.5	6	0.16968
Gorai.002G063300.1.A	1691	1585.5	4525.97	113.221
Gorai.002G063300.1.D	1691	1585.5	4227.03	105.743
Gorai.002G063400.1.A	1899	1793.5	1000.51	22.1261
Gorai.002G063400.1.D	1899	1793.5	497.365	10.9991
Gorai.002G063500.1.A	2672	2566.5	100.579	1.55435
Gorai.002G063500.1.D	2672	2566.5	46.4211	0.717394
Gorai.002G063600.1.A	591	485.551	0	0
Gorai.002G063600.1.D	591	485.551	0	0
Gorai.002G063700.1.A	398	292.583	0	0
Gorai.002G063700.1.D	398	292.583	0	0
Gorai.002G063800.1.A	384	278.583	1	0.142374
Gorai.002G063800.1.D	384	278.583	0	0
Gorai.002G063900.1.A	978	872.505	0	0
Gorai.002G063900.1.D	978	872.505	0	0
Gorai.002G064000.1.A	378	272.583	0	0
Gorai.002G064000.1.D	378	272.583	0	0
Gorai.002G064100.1.A	1365	1259.5	0	0
Gorai.002G064100.1.D	1365	1259.5	0	0
Gorai.002G064200.1.A	360	254.63	31	4.82877
Gorai.002G064200.1.D	360	254.63	0	0
Gorai.002G064300.1.A	2415	2309.5	0	0
Gorai.002G064300.1.D	2415	2309.5	4	0.0686951
Gorai.002G064400.1.A	2515	2409.5	42.2222	0.695021
Gorai.002G064400.1.D	2515	2409.5	14.7778	0.243258
Gorai.002G064500.1.A	3272	3166.5	25.53	0.319783
Gorai.002G064500.1.D	3272	3166.5	85.47	1.07058
Gorai.002G064600.1.A	1399	1293.5	3130.76	95.9991
Gorai.002G064600.1.D	1399	1293.5	6275.24	192.419
Gorai.002G064700.1.A	1906	1800.5	93.2482	2.05415
Gorai.002G064700.1.D	1906	1800.5	79.7518	1.75684
Gorai.002G064800.1.A	2285	2179.5	0	0
Gorai.002G064800.1.D	2285	2179.5	5	0.0909907
Gorai.002G064900.1.A	2563	2457.5	55.3404	0.893168
Gorai.002G064900.1.D	2563	2457.5	46.6596	0.753063
Gorai.002G065000.1.A	1771	1665.5	218.245	5.19736
Gorai.002G065000.1.D	1771	1665.5	624.755	14.8782
Gorai.002G065100.1.A	1274	1168.5	285.95	9.7061
Gorai.002G065100.1.D	1274	1168.5	316.05	10.7278
Gorai.002G065200.1.A	1403	1297.5	0	0
Gorai.002G065200.1.D	1403	1297.5	119	3.63767
Gorai.002G065300.1.A	1417	1311.5	0	0
Gorai.002G065300.1.D	1417	1311.5	119.708	3.62026
Gorai.002G065400.1.A	1775	1669.5	2.03079	0.0482462
Gorai.002G065400.1.D	1775	1669.5	2.10684	0.0500529
Gorai.002G065500.1.A	1595	1489.5	20.3995	0.543205
Gorai.002G065500.1.D	1595	1489.5	12.7544	0.339626
Gorai.002G065600.1.A	1951	1845.5	329.791	7.08776
Gorai.002G065600.1.D	1951	1845.5	315.209	6.77435
Gorai.002G065700.1.A	989	883.505	18.3529	0.823914
Gorai.002G065700.1.D	989	883.505	7.64706	0.343297
Gorai.002G065800.1.A	889	783.505	0	0
Gorai.002G065800.1.D	889	783.505	12	0.60747
Gorai.002G065900.1.A	568	462.551	3.85714	0.330743
Gorai.002G065900.1.D	568	462.551	23.1429	1.98446
Gorai.002G066000.1.A	795	689.505	17.2742	0.993678
Gorai.002G066000.1.D	795	689.505	45.7258	2.63032
Gorai.002G066100.1.A	1567	1461.5	15.9876	0.433878
Gorai.002G066100.1.D	1567	1461.5	182.012	4.93953
Gorai.002G066200.1.A	2424	2318.5	27.0423	0.462615
Gorai.002G066200.1.D	2424	2318.5	292.958	5.01166
Gorai.002G066300.1.A	4113	4007.5	430.477	4.2605
Gorai.002G066300.1.D	4113	4007.5	365.523	3.61764
Gorai.002G066400.1.A	2304	2198.5	36.3404	0.655613
Gorai.002G066400.1.D	2304	2198.5	24.6596	0.44488
Gorai.002G066500.1.A	1349	1243.5	2	0.0637922
Gorai.002G066500.1.D	1349	1243.5	0	0
Gorai.002G066600.1.A	1503	1397.5	0	0
Gorai.002G066600.1.D	1503	1397.5	0	0
Gorai.002G066700.1.A	1464	1358.5	334.933	9.77872
Gorai.002G066700.1.D	1464	1358.5	657.067	19.1837
Gorai.002G066800.1.A	6468	6362.5	342.692	2.13629
Gorai.002G066800.1.D	6468	6362.5	251.308	1.56662
Gorai.002G066900.1.A	1444	1338.5	22	0.65191
Gorai.002G066900.1.D	1444	1338.5	10	0.296323
Gorai.002G067000.1.A	1364	1258.5	126.237	3.97847
Gorai.002G067000.1.D	1364	1258.5	37.7632	1.19014
Gorai.002G067100.1.A	534	428.551	0	0
Gorai.002G067100.1.D	534	428.551	0	0
Gorai.002G067200.1.A	1461	1355.5	0	0
Gorai.002G067200.1.D	1461	1355.5	0	0
Gorai.002G067300.1.A	1629	1523.5	0	0
Gorai.002G067300.1.D	1629	1523.5	0	0
Gorai.002G067400.1.A	474	368.551	0	0
Gorai.002G067400.1.D	474	368.551	0	0
Gorai.002G067500.1.A	464	358.551	0.5	0.05531
Gorai.002G067500.1.D	464	358.551	0.5	0.05531
Gorai.002G067600.1.A	1078	972.505	55	2.24314
Gorai.002G067600.1.D	1078	972.505	137	5.58745
Gorai.002G067700.1.A	763	657.505	151.473	9.13738
Gorai.002G067700.1.D	763	657.505	120.527	7.2706
Gorai.002G067800.1.A	2215	2109.5	98.4476	1.85101
Gorai.002G067800.1.D	2215	2109.5	158.552	2.98111
Gorai.002G067900.1.A	2581	2475.5	299.509	4.79878
Gorai.002G067900.1.D	2581	2475.5	270.491	4.33385
Gorai.002G068000.1.A	2041	1935.5	12.1429	0.248835
Gorai.002G068000.1.D	2041	1935.5	4.85714	0.099534
Gorai.002G068100.1.A	696	590.505	0	0
Gorai.002G068100.1.D	696	590.505	1	0.0671679
Gorai.002G068200.1.A	1637	1531.5	0	0
Gorai.002G068200.1.D	1637	1531.5	5	0.12949
Gorai.002G068300.1.A	1344	1238.5	0	0
Gorai.002G068300.1.D	1344	1238.5	0	0
Gorai.002G068400.1.A	887	781.505	0	0
Gorai.002G068400.1.D	887	781.505	10	0.50752
Gorai.002G068500.1.A	4045	3939.5	52.5283	0.528855
Gorai.002G068500.1.D	4045	3939.5	63.4717	0.639033
Gorai.002G068600.1.A	1491	1385.5	57	1.63174
Gorai.002G068600.1.D	1491	1385.5	156	4.46582
Gorai.002G068700.1.A	599	493.551	58.4986	4.70108
Gorai.002G068700.1.D	599	493.551	293.501	23.5865
Gorai.002G068800.1.A	1880	1774.5	22.42	0.501122
Gorai.002G068800.1.D	1880	1774.5	36.58	0.81762
Gorai.002G068900.1.A	1392	1286.5	0	0
Gorai.002G068900.1.D	1392	1286.5	0	0
Gorai.002G069000.1.A	1395	1289.5	0	0
Gorai.002G069000.1.D	1395	1289.5	0	0
Gorai.002G069100.1.A	2360	2254.5	1	0.0175928
Gorai.002G069100.1.D	2360	2254.5	0	0
Gorai.002G069200.1.A	2959	2853.5	0	0
Gorai.002G069200.1.D	2959	2853.5	2	0.0277995
Gorai.002G069300.1.A	1888	1782.5	223.53	4.97382
Gorai.002G069300.1.D	1888	1782.5	140.47	3.12563
Gorai.002G069400.1.A	1533	1427.5	408.715	11.3561
Gorai.002G069400.1.D	1533	1427.5	147.285	4.09228
Gorai.002G069500.1.A	2727	2621.5	1	0.0151298
Gorai.002G069500.1.D	2727	2621.5	1	0.0151298
Gorai.002G069600.1.A	2454	2348.5	32	0.540435
Gorai.002G069600.1.D	2454	2348.5	0	0
Gorai.002G069700.1.A	2114	2008.5	337.801	6.67072
Gorai.002G069700.1.D	2114	2008.5	137.199	2.70934
Gorai.002G069800.1.A	1552	1446.5	100.98	2.76886
Gorai.002G069800.1.D	1552	1446.5	1.02	0.0279682
Gorai.002G069900.1.A	2562	2456.5	81.2787	1.31233
Gorai.002G069900.1.D	2562	2456.5	66.7213	1.07729
Gorai.002G070000.1.A	728	622.505	0	0
Gorai.002G070000.1.D	728	622.505	0	0
Gorai.002G070100.1.A	1069	963.505	0	0
Gorai.002G070100.1.D	1069	963.505	577	23.7524
Gorai.002G070200.1.A	2524	2418.5	343.683	5.63632
Gorai.002G070200.1.D	2524	2418.5	327.317	5.36793
Gorai.002G070300.1.A	2868	2762.5	0	0
Gorai.002G070300.1.D	2868	2762.5	0	0
Gorai.002G070400.1.A	2865	2759.5	0	0
Gorai.002G070400.1.D	2865	2759.5	0	0
Gorai.002G070500.1.A	3370	3264.5	0	0
Gorai.002G070500.1.D	3370	3264.5	80	0.971981
Gorai.002G070600.1.A	2992	2886.5	24.5593	0.337465
Gorai.002G070600.1.D	2992	2886.5	38.4407	0.528206
Gorai.002G070700.1.A	883	777.505	0	0
Gorai.002G070700.1.D	883	777.505	0	0
Gorai.002G070800.1.A	567	461.551	0	0
Gorai.002G070800.1.D	567	461.551	0	0
Gorai.002G070900.1.A	567	461.551	0	0
Gorai.002G070900.1.D	567	461.551	0	0
Gorai.002G071000.1.A	2386	2280.5	138.794	2.41394
Gorai.002G071000.1.D	2386	2280.5	67.2057	1.16885
Gorai.002G071100.1.A	423	317.583	20	2.4978
Gorai.002G071100.1.D	423	317.583	0	0
Gorai.002G071200.1.A	591	485.551	1	0.0816864
Gorai.002G071200.1.D	591	485.551	1	0.0816864
Gorai.002G071300.1.A	3763	3657.5	49.3714	0.535397
Gorai.002G071300.1.D	3763	3657.5	4.62857	0.0501934
Gorai.002G071400.1.A	539	433.551	11	1.00632
Gorai.002G071400.1.D	539	433.551	0	0
Gorai.002G071500.1.A	1215	1109.5	24.8889	0.889736
Gorai.002G071500.1.D	1215	1109.5	31.1111	1.11217
Gorai.002G071600.1.A	871	765.505	0	0
Gorai.002G071600.1.D	871	765.505	0	0
Gorai.002G071700.1.A	2103	1997.5	53.4722	1.06176
Gorai.002G071700.1.D	2103	1997.5	23.5278	0.467173
Gorai.002G071800.1.A	2646	2540.5	27.4286	0.428221
Gorai.002G071800.1.D	2646	2540.5	20.5714	0.321166
Gorai.002G071900.1.A	2075	1969.5	2	0.0402771
Gorai.002G071900.1.D	2075	1969.5	0	0
Gorai.002G072000.1.A	1884	1778.5	0	0
Gorai.002G072000.1.D	1884	1778.5	0	0
Gorai.002G072100.1.A	623	517.505	0	0
Gorai.002G072100.1.D	623	517.505	0	0
Gorai.002G072200.1.A	2992	2886.5	258.384	3.55041
Gorai.002G072200.1.D	2992	2886.5	104.828	1.44042
Gorai.002G072300.1.A	2869	2763.5	6.52917	0.0937094
Gorai.002G072300.1.D	2869	2763.5	106.259	1.52507
Gorai.002G072400.1.A	486	380.551	11.6667	1.21596
Gorai.002G072400.1.D	486	380.551	2.33333	0.243192
Gorai.002G072500.1.A	2463	2357.5	15.1667	0.255166
Gorai.002G072500.1.D	2463	2357.5	26.8333	0.451447
Gorai.002G072600.1.A	1754	1648.5	149.233	3.59054
Gorai.002G072600.1.D	1754	1648.5	25.7669	0.61995
Gorai.002G072700.1.A	1283	1177.5	1248.73	42.0619
Gorai.002G072700.1.D	1283	1177.5	1085.27	36.5563
Gorai.002G072800.1.A	2208	2102.5	614.649	11.5951
Gorai.002G072800.1.D	2208	2102.5	541.351	10.2124
Gorai.002G072900.1.A	562	456.551	0	0
Gorai.002G072900.1.D	562	456.551	0	0
Gorai.002G073000.1.A	812	706.505	0	0
Gorai.002G073000.1.D	812	706.505	0	0
Gorai.002G073100.1.A	2606	2500.5	282.929	4.48781
Gorai.002G073100.1.D	2606	2500.5	305.071	4.83903
Gorai.002G073200.1.A	730	624.505	40.6154	2.57953
Gorai.002G073200.1.D	730	624.505	39.3846	2.50136
Gorai.002G073300.1.A	1216	1110.5	8287.15	295.985
Gorai.002G073300.1.D	1216	1110.5	7451.85	266.151
Gorai.002G073400.1.A	4241	4135.5	16936.7	162.437
Gorai.002G073400.1.D	4241	4135.5	20681.3	198.351
Gorai.002G073500.1.A	585	479.551	0	0
Gorai.002G073500.1.D	585	479.551	0	0
Gorai.002G073600.1.A	2315	2209.5	13	0.233364
Gorai.002G073600.1.D	2315	2209.5	0	0
Gorai.002G073700.1.A	1377	1271.5	2.66667	0.0831832
Gorai.002G073700.1.D	1377	1271.5	1.33333	0.0415916
Gorai.002G073800.1.A	1847	1741.5	2104.88	47.9389
Gorai.002G073800.1.D	1847	1741.5	1265.12	28.8132
Gorai.002G073900.1.A	747	641.505	116	7.17205
Gorai.002G073900.1.D	747	641.505	65	4.01882
Gorai.002G074000.1.A	4238	4132.5	3039.69	29.1744
Gorai.002G074000.1.D	4238	4132.5	2828.31	27.1455
Gorai.002G074100.1.A	1242	1136.5	3	0.104697
Gorai.002G074100.1.D	1242	1136.5	0	0
Gorai.002G074200.1.A	2673	2567.5	28.0615	0.433496
Gorai.002G074200.1.D	2673	2567.5	47.9385	0.740556
Gorai.002G074300.1.A	1984	1878.5	220.723	4.66038
Gorai.002G074300.1.D	1984	1878.5	349.277	7.37466
Gorai.002G074400.1.A	1936	1830.5	411.904	8.92503
Gorai.002G074400.1.D	1936	1830.5	50.0964	1.08548
Gorai.002G074500.1.A	612	506.551	131.215	10.2741
Gorai.002G074500.1.D	612	506.551	439.785	34.4352
Gorai.002G074600.1.A	411	305.583	0	0
Gorai.002G074600.1.D	411	305.583	0	0
Gorai.002G074700.1.A	2924	2818.5	913.698	12.8579
Gorai.002G074700.1.D	2924	2818.5	708.302	9.96746
Gorai.002G074800.1.A	1205	1099.5	4.8	0.173153
Gorai.002G074800.1.D	1205	1099.5	1.2	0.0432882
Gorai.002G074900.1.A	1044	938.505	0	0
Gorai.002G074900.1.D	1044	938.505	0	0
Gorai.002G075000.1.A	771	665.505	0	0
Gorai.002G075000.1.D	771	665.505	0	0
Gorai.002G075100.1.A	602	496.551	0	0
Gorai.002G075100.1.D	602	496.551	51	4.07372
Gorai.002G075200.1.A	408	302.583	0	0
Gorai.002G075200.1.D	408	302.583	0	0
Gorai.002G075300.1.A	246	141.071	18	5.06081
Gorai.002G075300.1.D	246	141.071	0	0
Gorai.002G075400.1.A	894	788.505	3	0.150904
Gorai.002G075400.1.D	894	788.505	0	0
Gorai.002G075500.1.A	757	651.505	2	0.121758
Gorai.002G075500.1.D	757	651.505	33	2.00901
Gorai.002G075600.1.A	1868	1762.5	20	0.450075
Gorai.002G075600.1.D	1868	1762.5	20	0.450075
Gorai.002G075700.1.A	1246	1140.5	26.5	0.921581
Gorai.002G075700.1.D	1246	1140.5	26.5	0.921581
Gorai.002G075800.1.A	1252	1146.5	16	0.553515
Gorai.002G075800.1.D	1252	1146.5	0	0
Gorai.002G075900.1.A	1281	1175.5	14.4706	0.488255
Gorai.002G075900.1.D	1281	1175.5	26.5294	0.895134
Gorai.002G076000.1.A	300	194.687	69.2101	14.0999
Gorai.002G076000.1.D	300	194.687	148.738	30.3018
Gorai.002G076100.1.A	696	590.505	45.4475	3.05261
Gorai.002G076100.1.D	696	590.505	13.5186	0.908013
Gorai.002G076200.1.A	1386	1280.5	8.05214	0.249411
Gorai.002G076200.1.D	1386	1280.5	2	0.0619489
Gorai.002G076300.1.A	4352	4246.5	113.259	1.05785
Gorai.002G076300.1.D	4352	4246.5	237.741	2.22054
Gorai.002G076400.1.A	1188	1082.5	2	0.0732799
Gorai.002G076400.1.D	1188	1082.5	27	0.989279
Gorai.002G076500.1.A	2464	2358.5	0	0
Gorai.002G076500.1.D	2464	2358.5	0	0
Gorai.002G076600.1.A	2639	2533.5	8.61538	0.134877
Gorai.002G076600.1.D	2639	2533.5	19.3846	0.303473
Gorai.002G076700.1.A	572	466.551	0	0
Gorai.002G076700.1.D	572	466.551	0	0
Gorai.002G076800.1.A	1898	1792.5	693.382	15.3425
Gorai.002G076800.1.D	1898	1792.5	726.618	16.078
Gorai.002G076900.1.A	1388	1282.5	5.35714	0.165676
Gorai.002G076900.1.D	1388	1282.5	9.64286	0.298217
Gorai.002G077000.1.A	1001	895.505	21.8974	0.969863
Gorai.002G077000.1.D	1001	895.505	100.103	4.43366
Gorai.002G077100.1.A	2382	2276.5	159.383	2.77689
Gorai.002G077100.1.D	2382	2276.5	281.617	4.90654
Gorai.002G077200.1.A	1235	1129.5	2	0.0702307
Gorai.002G077200.1.D	1235	1129.5	0	0
Gorai.002G077300.1.A	1261	1155.5	4	0.137301
Gorai.002G077300.1.D	1261	1155.5	0	0
Gorai.002G077400.1.A	2051	1945.5	23.9474	0.488214
Gorai.002G077400.1.D	2051	1945.5	41.0526	0.836939
Gorai.002G077500.1.A	1123	1017.5	0	0
Gorai.002G077500.1.D	1123	1017.5	1	0.0389806
Gorai.002G077600.1.A	1507	1401.5	144.265	4.08274
Gorai.002G077600.1.D	1507	1401.5	683.735	19.3499
Gorai.002G077700.1.A	1143	1037.5	31.7381	1.21332
Gorai.002G077700.1.D	1143	1037.5	11.2619	0.430533
Gorai.002G077800.1.A	345	239.63	1	0.165517
Gorai.002G077800.1.D	345	239.63	0	0
Gorai.002G077900.1.A	2178	2072.5	0	0
Gorai.002G077900.1.D	2178	2072.5	0	0
Gorai.002G078000.1.A	2538	2432.5	0	0
Gorai.002G078000.1.D	2538	2432.5	86	1.40226
Gorai.002G078100.1.A	1612	1506.5	4.92542	0.129676
Gorai.002G078100.1.D	1612	1506.5	0	0
Gorai.002G078200.1.A	2830	2724.5	36.6406	0.533409
Gorai.002G078200.1.D	2830	2724.5	30.3594	0.441967
Gorai.002G078300.1.A	408	302.583	0	0
Gorai.002G078300.1.D	408	302.583	0	0
Gorai.002G078400.1.A	2286	2180.5	4	0.0727592
Gorai.002G078400.1.D	2286	2180.5	0	0
Gorai.002G078500.1.A	1665	1559.5	6.5	0.165315
Gorai.002G078500.1.D	1665	1559.5	6.5	0.165315
Gorai.002G078600.1.A	2450	2344.5	0	0
Gorai.002G078600.1.D	2450	2344.5	0	0
Gorai.002G078700.1.A	944	838.505	19	0.898738
Gorai.002G078700.1.D	944	838.505	3	0.141906
Gorai.002G078800.1.A	1683	1577.5	6.4	0.160914
Gorai.002G078800.1.D	1683	1577.5	1.6	0.0402285
Gorai.002G078900.1.A	2712	2606.5	9	0.136952
Gorai.002G078900.1.D	2712	2606.5	9	0.136952
Gorai.002G079000.1.A	3893	3787.5	29.4	0.307878
Gorai.002G079000.1.D	3893	3787.5	26.6	0.278557
Gorai.002G079100.1.A	1152	1046.5	11242.5	426.097
Gorai.002G079100.1.D	1152	1046.5	1431.46	54.2527
Gorai.002G079200.1.A	2307	2201.5	10.7027	0.192823
Gorai.002G079200.1.D	2307	2201.5	33.2973	0.599894
Gorai.002G079300.1.A	1485	1379.5	128.412	3.69205
Gorai.002G079300.1.D	1485	1379.5	52.5878	1.51198
Gorai.002G079400.1.A	432	326.583	2	0.242896
Gorai.002G079400.1.D	432	326.583	0	0
Gorai.002G079500.1.A	2294	2188.5	1.25	0.0226541
Gorai.002G079500.1.D	2294	2188.5	3.75	0.0679624
Gorai.002G079600.1.A	2340	2234.5	5.57477	0.0989533
Gorai.002G079600.1.D	2340	2234.5	40.446	0.717925
Gorai.002G079700.1.A	2888	2782.5	5.83333	0.0831507
Gorai.002G079700.1.D	2888	2782.5	1.16667	0.0166301
Gorai.002G079800.1.A	612	506.551	0	0
Gorai.002G079800.1.D	612	506.551	0	0
Gorai.002G079900.1.A	653	547.505	1	0.0724431
Gorai.002G079900.1.D	653	547.505	7	0.507102
Gorai.002G080000.1.A	1670	1564.5	78.8083	1.99793
Gorai.002G080000.1.D	1670	1564.5	116.192	2.94566
Gorai.002G080100.1.A	832	726.505	5.6	0.305728
Gorai.002G080100.1.D	832	726.505	1.4	0.0764319
Gorai.002G080200.1.A	2345	2239.5	30.8571	0.546498
Gorai.002G080200.1.D	2345	2239.5	1.14286	0.0202407
Gorai.002G080300.1.A	2083	1977.5	0	0
Gorai.002G080300.1.D	2083	1977.5	0	0
Gorai.002G080400.1.A	1251	1145.5	0	0
Gorai.002G080400.1.D	1251	1145.5	0	0
Gorai.002G080500.1.A	1886	1780.5	8	0.17821
Gorai.002G080500.1.D	1886	1780.5	0	0
Gorai.002G080600.1.A	2428	2322.5	53.4247	0.912368
Gorai.002G080600.1.D	2428	2322.5	21.5753	0.368456
Gorai.002G080700.1.A	1850	1744.5	878.999	19.9849
Gorai.002G080700.1.D	1850	1744.5	1364	31.0118
Gorai.002G080800.1.A	1197	1091.5	95.625	3.47481
Gorai.002G080800.1.D	1197	1091.5	74.375	2.70263
Gorai.002G080900.1.A	772	666.505	238.069	14.1672
Gorai.002G080900.1.D	772	666.505	278.063	16.5472
Gorai.002G081000.1.A	974	868.505	745.495	34.0453
Gorai.002G081000.1.D	974	868.505	689.505	31.4884
Gorai.002G081100.1.A	823	717.505	6	0.331674
Gorai.002G081100.1.D	823	717.505	16	0.884464
Gorai.002G081200.1.A	414	308.583	2	0.257065
Gorai.002G081200.1.D	414	308.583	1	0.128532
Gorai.002G081300.1.A	1564	1458.5	85.0055	2.31166
Gorai.002G081300.1.D	1564	1458.5	105.995	2.88244
Gorai.002G081400.1.A	1945	1839.5	374.377	8.07221
Gorai.002G081400.1.D	1945	1839.5	681.623	14.697
Gorai.002G081500.1.A	468	362.551	0	0
Gorai.002G081500.1.D	468	362.551	0	0
Gorai.002G081600.1.A	1018	912.505	0	0
Gorai.002G081600.1.D	1018	912.505	0	0
Gorai.002G081700.1.A	2918	2812.5	172.395	2.43118
Gorai.002G081700.1.D	2918	2812.5	246.605	3.47771
Gorai.002G081800.1.A	639	533.505	0	0
Gorai.002G081800.1.D	639	533.505	0	0
Gorai.002G081900.1.A	1360	1254.5	808.358	25.5574
Gorai.002G081900.1.D	1360	1254.5	531.642	16.8086
Gorai.002G082000.1.A	1671	1565.5	0	0
Gorai.002G082000.1.D	1671	1565.5	13	0.329362
Gorai.002G082100.1.A	2251	2145.5	1405.78	25.988
Gorai.002G082100.1.D	2251	2145.5	269.219	4.97693
Gorai.002G082200.1.A	3684	3578.5	147.23	1.63185
Gorai.002G082200.1.D	3684	3578.5	211.77	2.34718
Gorai.002G082300.1.A	4204	4098.5	480.288	4.64795
Gorai.002G082300.1.D	4204	4098.5	303.712	2.93914
Gorai.002G082400.1.A	1611	1505.5	9	0.237108
Gorai.002G082400.1.D	1611	1505.5	0	0
Gorai.002G082500.1.A	1173	1067.5	0	0
Gorai.002G082500.1.D	1173	1067.5	0	0
Gorai.002G082600.1.A	3091	2985.5	57.3034	0.761285
Gorai.002G082600.1.D	3091	2985.5	44.6966	0.593802
Gorai.002G082700.1.A	1323	1217.5	4	0.130309
Gorai.002G082700.1.D	1323	1217.5	8	0.260618
Gorai.002G082800.1.A	993	887.505	0	0
Gorai.002G082800.1.D	993	887.505	0	0
Gorai.002G082900.1.A	474	368.551	0	0
Gorai.002G082900.1.D	474	368.551	0	0
Gorai.002G083000.1.A	1858	1752.5	170.11	3.84995
Gorai.002G083000.1.D	1858	1752.5	2929.07	66.2911
Gorai.002G083100.1.A	1664	1558.5	2726.28	69.3821
Gorai.002G083100.1.D	1664	1558.5	3761.72	95.7333
Gorai.002G083200.1.A	592	486.551	0	0
Gorai.002G083200.1.D	592	486.551	22	1.79341
Gorai.002G083300.1.A	1099	993.505	908.014	36.25
Gorai.002G083300.1.D	1099	993.505	482.986	19.2819
Gorai.002G083400.1.A	718	612.505	4	0.259021
Gorai.002G083400.1.D	718	612.505	1	0.0647553
Gorai.002G083500.1.A	1456	1350.5	300.234	8.81756
Gorai.002G083500.1.D	1456	1350.5	165.766	4.86838
Gorai.002G083600.1.A	1014	908.505	104.554	4.56456
Gorai.002G083600.1.D	1014	908.505	32.546	1.42087
Gorai.002G083700.1.A	1530	1424.5	94.068	2.61917
Gorai.002G083700.1.D	1530	1424.5	606.932	16.899
Gorai.002G083800.1.A	2272	2166.5	0	0
Gorai.002G083800.1.D	2272	2166.5	2	0.0366147
Gorai.002G083900.1.A	2055	1949.5	0	0
Gorai.002G083900.1.D	2055	1949.5	103	2.09555
Gorai.002G084000.1.A	630	524.505	0	0
Gorai.002G084000.1.D	630	524.505	0	0
Gorai.002G084100.1.A	630	524.505	0	0
Gorai.002G084100.1.D	630	524.505	0	0
Gorai.002G084200.1.A	1615	1509.5	234.856	6.17096
Gorai.002G084200.1.D	1615	1509.5	338.144	8.88489
Gorai.002G084300.1.A	716	610.505	0	0
Gorai.002G084300.1.D	716	610.505	0	0
Gorai.002G084400.1.A	681	575.505	0	0
Gorai.002G084400.1.D	681	575.505	0	0
Gorai.002G084500.1.A	2221	2115.5	0	0
Gorai.002G084500.1.D	2221	2115.5	0	0
Gorai.002G084600.1.A	543	437.551	0	0
Gorai.002G084600.1.D	543	437.551	0	0
Gorai.002G084700.1.A	1092	986.505	0	0
Gorai.002G084700.1.D	1092	986.505	0	0
Gorai.002G084800.1.A	2061	1955.5	46.252	0.938115
Gorai.002G084800.1.D	2061	1955.5	220.748	4.47737
Gorai.002G084900.1.A	1266	1160.5	0	0
Gorai.002G084900.1.D	1266	1160.5	0	0
Gorai.002G085000.1.A	852	746.505	2	0.106263
Gorai.002G085000.1.D	852	746.505	0	0
Gorai.002G085100.1.A	1362	1256.5	0	0
Gorai.002G085100.1.D	1362	1256.5	0	0
Gorai.002G085200.1.A	2009	1903.5	270.648	5.63943
Gorai.002G085200.1.D	2009	1903.5	636.352	13.2595
Gorai.002G085300.1.A	1422	1316.5	54.6783	1.64732
Gorai.002G085300.1.D	1422	1316.5	76.3217	2.29938
Gorai.002G085400.1.A	1645	1539.5	33.9345	0.874269
Gorai.002G085400.1.D	1645	1539.5	33.0168	0.850628
Gorai.002G085500.1.A	1255	1149.5	27.2488	0.940204
Gorai.002G085500.1.D	1255	1149.5	145.8	5.03073
Gorai.002G085600.1.A	1387	1281.5	97.2254	3.00915
Gorai.002G085600.1.D	1387	1281.5	79.7746	2.46905
Gorai.002G085700.1.A	790	684.505	16	0.927104
Gorai.002G085700.1.D	790	684.505	9	0.521496
Gorai.002G085800.1.A	621	515.505	0	0
Gorai.002G085800.1.D	621	515.505	0	0
Gorai.002G085900.1.A	273	167.834	0	0
Gorai.002G085900.1.D	273	167.834	0	0
Gorai.002G086000.1.A	1314	1208.5	4	0.131279
Gorai.002G086000.1.D	1314	1208.5	1	0.0328198
Gorai.002G086100.1.A	1302	1196.5	12	0.397788
Gorai.002G086100.1.D	1302	1196.5	3	0.099447
Gorai.002G086200.1.A	879	773.505	0	0
Gorai.002G086200.1.D	879	773.505	0	0
Gorai.002G086300.1.A	1251	1145.5	0	0
Gorai.002G086300.1.D	1251	1145.5	0	0
Gorai.002G086400.1.A	366	260.583	0	0
Gorai.002G086400.1.D	366	260.583	0	0
Gorai.002G086500.1.A	1277	1171.5	3	0.101569
Gorai.002G086500.1.D	1277	1171.5	0	0
Gorai.002G086600.1.A	1465	1359.5	38.0517	1.11014
Gorai.002G086600.1.D	1465	1359.5	60.1373	1.75448
Gorai.002G086700.1.A	1567	1461.5	5.50748	0.149464
Gorai.002G086700.1.D	1567	1461.5	6.30357	0.171069
Gorai.002G086800.1.A	3706	3600.5	171.524	1.8895
Gorai.002G086800.1.D	3706	3600.5	150.576	1.65874
Gorai.002G086900.1.A	4240	4134.5	139.183	1.33521
Gorai.002G086900.1.D	4240	4134.5	183.717	1.76242
Gorai.002G087000.1.A	471	365.551	0	0
Gorai.002G087000.1.D	471	365.551	0	0
Gorai.002G087100.1.A	528	422.551	0	0
Gorai.002G087100.1.D	528	422.551	0	0
Gorai.002G087200.1.A	1708	1602.5	0	0
Gorai.002G087200.1.D	1708	1602.5	2	0.0495012
Gorai.002G087300.1.A	1955	1849.5	14.2857	0.30636
Gorai.002G087300.1.D	1955	1849.5	35.7143	0.765899
Gorai.002G087400.1.A	2457	2351.5	0	0
Gorai.002G087400.1.D	2457	2351.5	5	0.0843352
Gorai.002G087500.1.A	1025	919.505	274.449	11.8384
Gorai.002G087500.1.D	1025	919.505	487.551	21.0306
Gorai.002G087600.1.A	988	882.505	132.581	5.95868
Gorai.002G087600.1.D	988	882.505	176.419	7.92889
Gorai.002G087700.1.A	936	830.505	2	0.0955153
Gorai.002G087700.1.D	936	830.505	0	0
Gorai.002G087800.1.A	2523	2417.5	136.025	2.23169
Gorai.002G087800.1.D	2523	2417.5	226.53	3.71658
Gorai.002G087900.1.A	2273	2167.5	2.97695	0.0544749
Gorai.002G087900.1.D	2273	2167.5	2.46826	0.0451665
Gorai.002G088000.1.A	955	849.505	239.472	11.1808
Gorai.002G088000.1.D	955	849.505	461.528	21.5485
Gorai.002G088100.1.A	1811	1705.5	3802.38	88.4275
Gorai.002G088100.1.D	1811	1705.5	1752.87	40.7644
Gorai.002G088200.1.A	900	794.505	6	0.29953
Gorai.002G088200.1.D	900	794.505	0	0
Gorai.002G088300.1.A	342	236.63	0	0
Gorai.002G088300.1.D	342	236.63	0	0
Gorai.002G088400.1.A	2843	2737.5	60.1493	0.871486
Gorai.002G088400.1.D	2843	2737.5	249.851	3.62002
Gorai.002G088500.1.A	1165	1059.5	492.665	18.4431
Gorai.002G088500.1.D	1165	1059.5	1152.34	43.1381
Gorai.002G088600.1.A	652	546.505	0	0
Gorai.002G088600.1.D	652	546.505	30	2.17727
Gorai.002G088700.1.A	1022	916.505	442.548	19.1518
Gorai.002G088700.1.D	1022	916.505	179.452	7.76603
Gorai.002G088800.1.A	2461	2355.5	768.913	12.9473
Gorai.002G088800.1.D	2461	2355.5	1371.09	23.0869
Gorai.002G088900.1.A	1074	968.505	344.316	14.1007
Gorai.002G088900.1.D	1074	968.505	1572.68	64.4058
Gorai.002G089000.1.A	1717	1611.5	157.369	3.87322
Gorai.002G089000.1.D	1717	1611.5	254.631	6.26708
Gorai.002G089100.1.A	5165	5059.5	2423.19	18.9961
Gorai.002G089100.1.D	5165	5059.5	1954.81	15.3244
Gorai.002G089200.1.A	1087	981.505	75.8393	3.06469
Gorai.002G089200.1.D	1087	981.505	61.1607	2.47153
Gorai.002G089300.1.A	1535	1429.5	73.3966	2.03646
Gorai.002G089300.1.D	1535	1429.5	55.6034	1.54277
Gorai.002G089400.1.A	717	611.505	0	0
Gorai.002G089400.1.D	717	611.505	10	0.648612
Gorai.002G089500.1.A	1350	1244.5	31.6296	1.00805
Gorai.002G089500.1.D	1350	1244.5	29.3704	0.936047
Gorai.002G089600.1.A	891	785.505	35	1.76728
Gorai.002G089600.1.D	891	785.505	0	0
Gorai.002G089700.1.A	2072	1966.5	323.865	6.53211
Gorai.002G089700.1.D	2072	1966.5	197.135	3.97607
Gorai.002G089800.1.A	465	359.551	0	0
Gorai.002G089800.1.D	465	359.551	0	0
Gorai.002G089900.1.A	1605	1499.5	0	0
Gorai.002G089900.1.D	1605	1499.5	0	0
Gorai.002G090000.1.A	674	568.505	1	0.0697671
Gorai.002G090000.1.D	674	568.505	0	0
Gorai.002G090100.1.A	2510	2404.5	19.6154	0.323561
Gorai.002G090100.1.D	2510	2404.5	10.3846	0.171297
Gorai.002G090200.1.A	1470	1364.5	117.992	3.42976
Gorai.002G090200.1.D	1470	1364.5	148.008	4.30224
Gorai.002G090300.1.A	2773	2667.5	141.284	2.10075
Gorai.002G090300.1.D	2773	2667.5	62.2152	0.925073
Gorai.002G090400.1.A	1284	1178.5	4.22479	0.142186
Gorai.002G090400.1.D	1284	1178.5	4.27562	0.143897
Gorai.002G090500.1.A	991	885.505	10.4819	0.4695
Gorai.002G090500.1.D	991	885.505	76.5181	3.42735
Gorai.002G090600.1.A	633	527.505	0	0
Gorai.002G090600.1.D	633	527.505	0	0
Gorai.002G090700.1.A	1026	920.505	0	0
Gorai.002G090700.1.D	1026	920.505	0	0
Gorai.002G090800.1.A	234	129.404	0	0
Gorai.002G090800.1.D	234	129.404	0	0
Gorai.002G090900.1.A	599	493.551	4	0.321449
Gorai.002G090900.1.D	599	493.551	0	0
Gorai.002G091000.1.A	1425	1319.5	0	0
Gorai.002G091000.1.D	1425	1319.5	1	0.030059
Gorai.002G091100.1.A	2058	1952.5	3529.48	71.6975
Gorai.002G091100.1.D	2058	1952.5	7604.52	154.477
Gorai.002G091200.1.A	270	164.849	0	0
Gorai.002G091200.1.D	270	164.849	2	0.481202
Gorai.002G091300.1.A	1939	1833.5	0.5	0.0108162
Gorai.002G091300.1.D	1939	1833.5	0.5	0.0108162
Gorai.002G091400.1.A	3248	3142.5	186.034	2.34802
Gorai.002G091400.1.D	3248	3142.5	126.263	1.59362
Gorai.002G091500.1.A	594	488.551	0	0
Gorai.002G091500.1.D	594	488.551	0	0
Gorai.002G091600.1.A	734	628.505	89.6636	5.65838
Gorai.002G091600.1.D	734	628.505	27.3364	1.72512
Gorai.002G091700.1.A	438	332.583	0	0
Gorai.002G091700.1.D	438	332.583	0	0
Gorai.002G091800.1.A	426	320.583	0	0
Gorai.002G091800.1.D	426	320.583	0	0
Gorai.002G091900.1.A	1060	954.505	3.91315	0.162605
Gorai.002G091900.1.D	1060	954.505	3.91315	0.162605
Gorai.002G092000.1.A	1679	1573.5	34.4444	0.868233
Gorai.002G092000.1.D	1679	1573.5	385.556	9.7186
Gorai.002G092100.1.A	936	830.505	1.10204	0.0526309
Gorai.002G092100.1.D	936	830.505	52.898	2.52628
Gorai.002G092200.1.A	3322	3216.5	2698.3	33.2729
Gorai.002G092200.1.D	3322	3216.5	3458.7	42.6495
Gorai.002G092300.1.A	594	488.551	10.463	0.849434
Gorai.002G092300.1.D	594	488.551	102.537	8.32445
Gorai.002G092400.1.A	2102	1996.5	0	0
Gorai.002G092400.1.D	2102	1996.5	1	0.0198662
Gorai.002G092500.1.A	648	542.505	79.8421	5.83732
Gorai.002G092500.1.D	648	542.505	84.1579	6.15285
Gorai.002G092600.1.A	1562	1456.5	1.13988	0.0310408
Gorai.002G092600.1.D	1562	1456.5	764.86	20.8284
Gorai.002G092700.1.A	607	501.551	3	0.237242
Gorai.002G092700.1.D	607	501.551	0	0
Gorai.002G092800.1.A	656	550.505	12	0.86458
Gorai.002G092800.1.D	656	550.505	1	0.0720483
Gorai.002G092900.1.A	2072	1966.5	1509.52	30.4459
Gorai.002G092900.1.D	2072	1966.5	380.481	7.67403
Gorai.002G093000.1.A	1755	1649.5	645.652	15.5249
Gorai.002G093000.1.D	1755	1649.5	179.348	4.31248
Gorai.002G093100.1.A	858	752.505	0.668713	0.0352465
Gorai.002G093100.1.D	858	752.505	0.668713	0.0352465
Gorai.002G093200.1.A	2053	1947.5	382.253	7.78498
Gorai.002G093200.1.D	2053	1947.5	352.135	7.17159
Gorai.002G093300.1.A	2154	2048.5	0	0
Gorai.002G093300.1.D	2154	2048.5	2	0.0387238
Gorai.002G093400.1.A	1059	953.505	146.176	6.0805
Gorai.002G093400.1.D	1059	953.505	28.8235	1.19897
Gorai.002G093500.1.A	1354	1248.5	139.87	4.44344
Gorai.002G093500.1.D	1354	1248.5	161.13	5.11884
Gorai.002G093600.1.A	2374	2268.5	52.7325	0.921985
Gorai.002G093600.1.D	2374	2268.5	60.3567	1.05529
Gorai.002G093700.1.A	2072	1966.5	241.849	4.87791
Gorai.002G093700.1.D	2072	1966.5	166.062	3.34935
Gorai.002G093800.1.A	2286	2180.5	1934.6	35.19
Gorai.002G093800.1.D	2286	2180.5	2147.86	39.0692
Gorai.002G093900.1.A	1721	1615.5	177.636	4.36121
Gorai.002G093900.1.D	1721	1615.5	159.364	3.91262
Gorai.002G094000.1.A	552	446.551	0	0
Gorai.002G094000.1.D	552	446.551	0	0
Gorai.002G094100.1.A	1494	1388.5	0	0
Gorai.002G094100.1.D	1494	1388.5	2	0.0571304
Gorai.002G094200.1.A	2270	2164.5	97.19	1.78093
Gorai.002G094200.1.D	2270	2164.5	167.738	3.07367
Gorai.002G094300.1.A	1854	1748.5	363.008	8.23445
Gorai.002G094300.1.D	1854	1748.5	822.064	18.6476
Gorai.002G094400.1.A	1146	1040.5	0	0
Gorai.002G094400.1.D	1146	1040.5	0	0
Gorai.002G094500.1.A	4573	4467.5	263.061	2.33548
Gorai.002G094500.1.D	4573	4467.5	260.939	2.31664
Gorai.002G094600.1.A	2987	2881.5	480.785	6.61784
Gorai.002G094600.1.D	2987	2881.5	369.215	5.08212
Gorai.002G094700.1.A	853	747.505	0	0
Gorai.002G094700.1.D	853	747.505	22	1.16733
Gorai.002G094800.1.A	2211	2105.5	0	0
Gorai.002G094800.1.D	2211	2105.5	0	0
Gorai.002G094900.1.A	2828	2722.5	3811.09	55.5221
Gorai.002G094900.1.D	2828	2722.5	6999.56	101.973
Gorai.002G095000.1.A	1213	1107.5	4.21053	0.150791
Gorai.002G095000.1.D	1213	1107.5	15.7895	0.565467
Gorai.002G095100.1.A	1226	1120.5	8.4	0.297338
Gorai.002G095100.1.D	1226	1120.5	12.6	0.446007
Gorai.002G095200.1.A	2007	1901.5	81.4852	1.69968
Gorai.002G095200.1.D	2007	1901.5	202.515	4.2242
Gorai.002G095300.1.A	1051	945.505	509.581	21.3764
Gorai.002G095300.1.D	1051	945.505	691.419	29.0043
Gorai.002G095400.1.A	1501	1395.5	52.7846	1.50024
Gorai.002G095400.1.D	1501	1395.5	20.2154	0.57456
Gorai.002G095500.1.A	1020	914.505	4	0.173484
Gorai.002G095500.1.D	1020	914.505	2	0.0867419
Gorai.002G095600.1.A	1181	1075.5	472.035	17.4079
Gorai.002G095600.1.D	1181	1075.5	170.965	6.30492
Gorai.002G095700.1.A	1751	1645.5	325.968	7.85707
Gorai.002G095700.1.D	1751	1645.5	296.032	7.1355
Gorai.002G095800.1.A	4570	4464.5	73.0152	0.648671
Gorai.002G095800.1.D	4570	4464.5	5.98485	0.0531698
Gorai.002G095900.1.A	2350	2244.5	3820.18	67.507
Gorai.002G095900.1.D	2350	2244.5	4361.82	77.0782
Gorai.002G096000.1.A	1752	1646.5	0	0
Gorai.002G096000.1.D	1752	1646.5	20	0.481784
Gorai.002G096100.1.A	1226	1120.5	1042.25	36.893
Gorai.002G096100.1.D	1226	1120.5	2272.75	80.4493
Gorai.002G096200.1.A	2103	1997.5	99.3548	1.97281
Gorai.002G096200.1.D	2103	1997.5	220.645	4.38118
Gorai.002G096300.1.A	3149	3043.5	218.507	2.84759
Gorai.002G096300.1.D	3149	3043.5	101.493	1.32265
Gorai.002G096400.1.A	2144	2038.5	80.6842	1.56986
Gorai.002G096400.1.D	2144	2038.5	66.3158	1.2903
Gorai.002G096500.1.A	990	884.505	21.5	0.964103
Gorai.002G096500.1.D	990	884.505	21.5	0.964103
Gorai.002G096600.1.A	2321	2215.5	507.728	9.08957
Gorai.002G096600.1.D	2321	2215.5	328.272	5.87687
Gorai.002G096700.1.A	3042	2936.5	83	1.12107
Gorai.002G096700.1.D	3042	2936.5	10.0079	0.135176
Gorai.002G096800.1.A	427	321.583	1	0.123337
Gorai.002G096800.1.D	427	321.583	3	0.37001
Gorai.002G096900.1.A	273	167.834	4.2	0.992553
Gorai.002G096900.1.D	273	167.834	9.8	2.31596
Gorai.002G097000.1.A	2001	1895.5	28.9315	0.605383
Gorai.002G097000.1.D	2001	1895.5	258.069	5.40002
Gorai.002G097100.1.A	1890	1784.5	0	0
Gorai.002G097100.1.D	1890	1784.5	0	0
Gorai.002G097200.1.A	1657	1551.5	51.9442	1.32791
Gorai.002G097200.1.D	1657	1551.5	195.056	4.98644
Gorai.002G097300.1.A	1753	1647.5	0	0
Gorai.002G097300.1.D	1753	1647.5	4	0.0962982
Gorai.002G097400.1.A	2054	1948.5	2	0.0407112
Gorai.002G097400.1.D	2054	1948.5	0	0
Gorai.002G097500.1.A	1889	1783.5	0	0
Gorai.002G097500.1.D	1889	1783.5	0	0
Gorai.002G097600.1.A	865	759.505	0	0
Gorai.002G097600.1.D	865	759.505	12.1179	0.632821
Gorai.002G097700.1.A	753	647.505	0	0
Gorai.002G097700.1.D	753	647.505	0	0
Gorai.002G097800.1.A	1158	1052.5	0	0
Gorai.002G097800.1.D	1158	1052.5	0	0
Gorai.002G097900.1.A	1921	1815.5	0	0
Gorai.002G097900.1.D	1921	1815.5	0	0
Gorai.002G098000.1.A	819	713.505	0	0
Gorai.002G098000.1.D	819	713.505	0	0
Gorai.002G098100.1.A	1571	1465.5	0	0
Gorai.002G098100.1.D	1571	1465.5	0	0
Gorai.002G098200.1.A	1026	920.505	9.47173	0.40812
Gorai.002G098200.1.D	1026	920.505	9.47173	0.40812
Gorai.002G098300.1.A	698	592.505	0	0
Gorai.002G098300.1.D	698	592.505	0	0
Gorai.002G098400.1.A	1698	1592.5	265.294	6.60742
Gorai.002G098400.1.D	1698	1592.5	240.706	5.99502
Gorai.002G098500.1.A	1100	994.505	22.2353	0.88679
Gorai.002G098500.1.D	1100	994.505	31.7647	1.26684
Gorai.002G098600.1.A	1080	974.505	0	0
Gorai.002G098600.1.D	1080	974.505	0	0
Gorai.002G098700.1.A	3521	3415.5	775.639	9.0072
Gorai.002G098700.1.D	3521	3415.5	397.361	4.6144
Gorai.002G098800.1.A	1382	1276.5	185.07	5.75041
Gorai.002G098800.1.D	1382	1276.5	363.93	11.3079
Gorai.002G098900.1.A	1331	1225.5	1596.25	51.6618
Gorai.002G098900.1.D	1331	1225.5	274.754	8.89229
Gorai.002G099000.1.A	1849	1743.5	89.1	2.02693
Gorai.002G099000.1.D	1849	1743.5	119.9	2.7276
Gorai.002G099100.1.A	1153	1047.5	0	0
Gorai.002G099100.1.D	1153	1047.5	0	0
Gorai.002G099200.1.A	1432	1326.5	0	0
Gorai.002G099200.1.D	1432	1326.5	5	0.149502
Gorai.002G099300.1.A	1676	1570.5	343.715	8.68049
Gorai.002G099300.1.D	1676	1570.5	409.285	10.3365
Gorai.002G099400.1.A	1740	1634.5	6.73684	0.163476
Gorai.002G099400.1.D	1740	1634.5	57.2632	1.38955
Gorai.002G099500.1.A	529	423.551	76.8492	7.19644
Gorai.002G099500.1.D	529	423.551	104.151	9.75308
Gorai.002G099600.1.A	1303	1197.5	0	0
Gorai.002G099600.1.D	1303	1197.5	2	0.0662426
Gorai.002G099700.1.A	1326	1220.5	0	0
Gorai.002G099700.1.D	1326	1220.5	0	0
Gorai.002G099800.1.A	578	472.551	0	0
Gorai.002G099800.1.D	578	472.551	0	0
Gorai.002G099900.1.A	1399	1293.5	60.8302	1.86525
Gorai.002G099900.1.D	1399	1293.5	249.17	7.64033
Gorai.002G100000.1.A	1062	956.505	18	0.746398
Gorai.002G100000.1.D	1062	956.505	16	0.663465
Gorai.002G100100.1.A	1667	1561.5	1332.5	33.8462
Gorai.002G100100.1.D	1667	1561.5	2075.5	52.7186
Gorai.002G100200.1.A	484	378.551	4.61957	0.484019
Gorai.002G100200.1.D	484	378.551	4.61957	0.484019
Gorai.002G100300.1.A	937	831.505	0	0
Gorai.002G100300.1.D	937	831.505	3	0.143101
Gorai.002G100400.1.A	1221	1115.5	667.354	23.7285
Gorai.002G100400.1.D	1221	1115.5	59.6455	2.12076
Gorai.002G100500.1.A	6339	6233.5	7.77778	0.0494889
Gorai.002G100500.1.D	6339	6233.5	2.22222	0.0141397
Gorai.002G100600.1.A	2157	2051.5	1	0.0193336
Gorai.002G100600.1.D	2157	2051.5	1	0.0193336
Gorai.002G100700.1.A	2349	2243.5	95.1367	1.68192
Gorai.002G100700.1.D	2349	2243.5	78.8633	1.39423
Gorai.002G100800.1.A	2274	2168.5	35.0943	0.641891
Gorai.002G100800.1.D	2274	2168.5	24.9057	0.455536
Gorai.002G100900.1.A	12014	11908.5	1565.05	5.21263
Gorai.002G100900.1.D	12014	11908.5	2583.95	8.60619
Gorai.002G101000.1.A	4142	4036.5	4.25806	0.04184
Gorai.002G101000.1.D	4142	4036.5	28.7419	0.28242
Gorai.002G101100.1.A	655	549.505	2370.12	171.074
Gorai.002G101100.1.D	655	549.505	890.245	64.2574
Gorai.002G101200.1.A	1133	1027.5	811.213	31.3138
Gorai.002G101200.1.D	1133	1027.5	1113.79	42.9936
Gorai.002G101300.1.A	426	320.583	0	0
Gorai.002G101300.1.D	426	320.583	0	0
Gorai.002G101400.1.A	2383	2277.5	1	0.0174151
Gorai.002G101400.1.D	2383	2277.5	0	0
Gorai.002G101500.1.A	786	680.505	16.5	0.961696
Gorai.002G101500.1.D	786	680.505	5.5	0.320565
Gorai.002G101600.1.A	2584	2478.5	0	0
Gorai.002G101600.1.D	2584	2478.5	0	0
Gorai.002G101700.1.A	3073	2967.5	371.3	4.96271
Gorai.002G101700.1.D	3073	2967.5	326.7	4.36659
Gorai.002G101800.1.A	1726	1620.5	70.5	1.72553
Gorai.002G101800.1.D	1726	1620.5	145.5	3.56121
Gorai.002G101900.1.A	1597	1491.5	62.1928	1.65387
Gorai.002G101900.1.D	1597	1491.5	26.8072	0.712873
Gorai.002G102000.1.A	2634	2528.5	1186.76	18.6158
Gorai.002G102000.1.D	2634	2528.5	517.244	8.11366
Gorai.002G102100.1.A	1507	1401.5	53.6522	1.51837
Gorai.002G102100.1.D	1507	1401.5	131.007	3.70755
Gorai.002G102200.1.A	2151	2045.5	166.028	3.21932
Gorai.002G102200.1.D	2151	2045.5	304.972	5.91351
Gorai.002G102300.1.A	2879	2773.5	13.2889	0.19004
Gorai.002G102300.1.D	2879	2773.5	78.7111	1.12562
Gorai.002G102400.1.A	1550	1444.5	0	0
Gorai.002G102400.1.D	1550	1444.5	0	0
Gorai.002G102500.1.A	2708	2602.5	1337.78	20.3881
Gorai.002G102500.1.D	2708	2602.5	427.225	6.51103
Gorai.002G102600.1.A	1422	1316.5	324.114	9.76472
Gorai.002G102600.1.D	1422	1316.5	361.886	10.9027
Gorai.002G102700.1.A	1480	1374.5	159.264	4.59576
Gorai.002G102700.1.D	1480	1374.5	58.7358	1.69489
Gorai.002G102800.1.A	570	464.551	0	0
Gorai.002G102800.1.D	570	464.551	0	0
Gorai.002G102900.1.A	1456	1350.5	401.446	11.7901
Gorai.002G102900.1.D	1456	1350.5	578.554	16.9915
Gorai.002G103000.1.A	2522	2416.5	1535.79	25.2075
Gorai.002G103000.1.D	2522	2416.5	3054.24	50.1304
Gorai.002G103100.1.A	956	850.505	0	0
Gorai.002G103100.1.D	956	850.505	9	0.419711
Gorai.002G103200.1.A	1254	1148.5	173.053	5.97627
Gorai.002G103200.1.D	1254	1148.5	100.947	3.48616
Gorai.002G103300.1.A	3627	3521.5	8.88889	0.100116
Gorai.002G103300.1.D	3627	3521.5	11.1111	0.125145
Gorai.002G103400.1.A	4768	4662.5	768.889	6.54078
Gorai.002G103400.1.D	4768	4662.5	923.111	7.85271
Gorai.002G103500.1.A	3948	3842.5	50.4337	0.520585
Gorai.002G103500.1.D	3948	3842.5	40.5663	0.418731
Gorai.002G103600.1.A	2065	1959.5	150.547	3.04728
Gorai.002G103600.1.D	2065	1959.5	180.657	3.65673
Gorai.002G103700.1.A	1740	1634.5	41.1486	0.998514
Gorai.002G103700.1.D	1740	1634.5	45.8514	1.11263
Gorai.002G103800.1.A	2832	2726.5	166.19	2.41759
Gorai.002G103800.1.D	2832	2726.5	234.81	3.41582
Gorai.002G103900.1.A	1498	1392.5	131	3.73129
Gorai.002G103900.1.D	1498	1392.5	0	0
Gorai.002G104000.1.A	1310	1204.5	0	0
Gorai.002G104000.1.D	1310	1204.5	0	0
Gorai.002G104100.1.A	1680	1574.5	0	0
Gorai.002G104100.1.D	1680	1574.5	0	0
Gorai.002G104200.1.A	2889	2783.5	0	0
Gorai.002G104200.1.D	2889	2783.5	0	0
Gorai.002G104300.1.A	3775	3669.5	246.214	2.66128
Gorai.002G104300.1.D	3775	3669.5	266.164	2.87691
Gorai.002G104400.1.A	2562	2456.5	0	0
Gorai.002G104400.1.D	2562	2456.5	18	0.29063
Gorai.002G104500.1.A	1091	985.505	0	0
Gorai.002G104500.1.D	1091	985.505	0	0
Gorai.002G104600.1.A	1128	1022.5	0	0
Gorai.002G104600.1.D	1128	1022.5	0	0
Gorai.002G104700.1.A	925	819.505	1.5	0.072598
Gorai.002G104700.1.D	925	819.505	1.5	0.072598
Gorai.002G104800.1.A	1829	1723.5	102.036	2.34816
Gorai.002G104800.1.D	1829	1723.5	80.9636	1.86321
Gorai.002G104900.1.A	837	731.505	0	0
Gorai.002G104900.1.D	837	731.505	0	0
Gorai.002G105000.1.A	985	879.505	1	0.0450969
Gorai.002G105000.1.D	985	879.505	0	0
Gorai.002G105100.1.A	811	705.505	0	0
Gorai.002G105100.1.D	811	705.505	0	0
Gorai.002G105200.1.A	2627	2521.5	7.2	0.113255
Gorai.002G105200.1.D	2627	2521.5	4.8	0.0755034
Gorai.002G105300.1.A	1205	1099.5	1.3	0.0468955
Gorai.002G105300.1.D	1205	1099.5	11.7	0.42206
Gorai.002G105400.1.A	648	542.505	1.31948	0.0964681
Gorai.002G105400.1.D	648	542.505	0	0
Gorai.002G105500.1.A	345	239.63	0	0
Gorai.002G105500.1.D	345	239.63	0	0
Gorai.002G105600.1.A	800	694.505	0	0
Gorai.002G105600.1.D	800	694.505	0	0
Gorai.002G105700.1.A	2460	2354.5	24.6914	0.41594
Gorai.002G105700.1.D	2460	2354.5	75.3086	1.26862
Gorai.002G105800.1.A	3352	3246.5	3.375	0.0412328
Gorai.002G105800.1.D	3352	3246.5	5.625	0.0687213
Gorai.002G105900.1.A	3197	3091.5	47.0089	0.603108
Gorai.002G105900.1.D	3197	3091.5	87.9911	1.1289
Gorai.002G106000.1.A	1404	1298.5	10.5	0.320723
Gorai.002G106000.1.D	1404	1298.5	38.5	1.17599
Gorai.002G106100.1.A	1069	963.505	42.2581	1.73957
Gorai.002G106100.1.D	1069	963.505	481.742	19.831
Gorai.002G106200.1.A	357	251.63	0	0
Gorai.002G106200.1.D	357	251.63	0	0
Gorai.002G106300.1.A	1327	1221.5	26	0.844235
Gorai.002G106300.1.D	1327	1221.5	0	0
Gorai.002G106400.1.A	237	132.247	0	0
Gorai.002G106400.1.D	237	132.247	0	0
Gorai.002G106500.1.A	1905	1799.5	0	0
Gorai.002G106500.1.D	1905	1799.5	0	0
Gorai.002G106600.1.A	456	350.551	3	0.339433
Gorai.002G106600.1.D	456	350.551	0	0
Gorai.002G106700.1.A	1491	1385.5	3.82426	0.109477
Gorai.002G106700.1.D	1491	1385.5	3.82426	0.109477
Gorai.002G106800.1.A	667	561.505	73	5.15649
Gorai.002G106800.1.D	667	561.505	0	0
Gorai.002G106900.1.A	2849	2743.5	795.503	11.5006
Gorai.002G106900.1.D	2849	2743.5	968.497	14.0016
Gorai.002G107000.1.A	925	819.505	184	8.90536
Gorai.002G107000.1.D	925	819.505	0	0
Gorai.002G107100.1.A	2241	2135.5	0	0
Gorai.002G107100.1.D	2241	2135.5	0	0
Gorai.002G107200.1.A	1671	1565.5	9705.87	245.904
Gorai.002G107200.1.D	1671	1565.5	16315.1	413.353
Gorai.002G107300.1.A	2135	2029.5	411.755	8.04699
Gorai.002G107300.1.D	2135	2029.5	465.245	9.09237
Gorai.002G107400.1.A	2057	1951.5	3	0.0609729
Gorai.002G107400.1.D	2057	1951.5	0	0
Gorai.002G107500.1.A	732	626.505	0	0
Gorai.002G107500.1.D	732	626.505	0	0
Gorai.002G107600.1.A	576	470.551	0	0
Gorai.002G107600.1.D	576	470.551	0	0
Gorai.002G107700.1.A	793	687.505	0	0
Gorai.002G107700.1.D	793	687.505	0	0
Gorai.002G107800.1.A	707	601.505	14	0.923154
Gorai.002G107800.1.D	707	601.505	7	0.461577
Gorai.002G107900.1.A	1212	1106.5	0.5	0.0179226
Gorai.002G107900.1.D	1212	1106.5	0.5	0.0179226
Gorai.002G108000.1.A	1022	916.505	1	0.0432763
Gorai.002G108000.1.D	1022	916.505	2	0.0865526
Gorai.002G108100.1.A	680	574.505	0	0
Gorai.002G108100.1.D	680	574.505	0	0
Gorai.002G108200.1.A	1674	1568.5	25	0.632178
Gorai.002G108200.1.D	1674	1568.5	1	0.0252871
Gorai.002G108300.1.A	1828	1722.5	1	0.0230263
Gorai.002G108300.1.D	1828	1722.5	0	0
Gorai.002G108400.1.A	1059	953.505	540.647	22.4893
Gorai.002G108400.1.D	1059	953.505	833.353	34.665
Gorai.002G108500.1.A	989	883.505	36.3628	1.63243
Gorai.002G108500.1.D	989	883.505	36.3628	1.63243
Gorai.002G108600.1.A	2317	2211.5	161.008	2.88766
Gorai.002G108600.1.D	2317	2211.5	317.992	5.70312
Gorai.002G108700.1.A	1922	1816.5	752	16.4197
Gorai.002G108700.1.D	1922	1816.5	752	16.4197
Gorai.002G108800.1.A	1062	956.505	6	0.248799
Gorai.002G108800.1.D	1062	956.505	0	0
Gorai.002G108900.1.A	1853	1747.5	4.2963	0.0975126
Gorai.002G108900.1.D	1853	1747.5	24.7037	0.560698
Gorai.002G109000.1.A	964	858.505	0	0
Gorai.002G109000.1.D	964	858.505	0	0
Gorai.002G109100.1.A	1508	1402.5	1	0.0282801
Gorai.002G109100.1.D	1508	1402.5	0	0
Gorai.002G109200.1.A	549	443.551	179.748	16.0733
Gorai.002G109200.1.D	549	443.551	130.252	11.6473
Gorai.002G109300.1.A	699	593.505	0	0
Gorai.002G109300.1.D	699	593.505	0	0
Gorai.002G109400.1.A	1161	1055.5	3	0.112732
Gorai.002G109400.1.D	1161	1055.5	27.9155	1.04899
Gorai.002G109500.1.A	3304	3198.5	48.987	0.607462
Gorai.002G109500.1.D	3304	3198.5	115.013	1.42621
Gorai.002G109600.1.A	2309	2203.5	45.6716	0.822087
Gorai.002G109600.1.D	2309	2203.5	158.328	2.8499
Gorai.002G109700.1.A	2054	1948.5	41.9104	0.853111
Gorai.002G109700.1.D	2054	1948.5	30.0896	0.61249
Gorai.002G109800.1.A	2005	1899.5	20.5683	0.429481
Gorai.002G109800.1.D	2005	1899.5	59.5162	1.24274
Gorai.002G109900.1.A	1479	1373.5	48.0422	1.38732
Gorai.002G109900.1.D	1479	1373.5	48.0422	1.38732
Gorai.002G110000.1.A	4510	4404.5	440.458	3.96637
Gorai.002G110000.1.D	4510	4404.5	413.542	3.72398
Gorai.002G110100.1.A	1639	1533.5	3	0.0775927
Gorai.002G110100.1.D	1639	1533.5	0	0
Gorai.002G110200.1.A	1365	1259.5	60.6389	1.90957
Gorai.002G110200.1.D	1365	1259.5	50.3611	1.58592
Gorai.002G110300.1.A	426	320.583	0	0
Gorai.002G110300.1.D	426	320.583	0	0
Gorai.002G110400.1.A	1413	1307.5	0	0
Gorai.002G110400.1.D	1413	1307.5	0	0
Gorai.002G110500.1.A	2206	2100.5	1077.91	20.3537
Gorai.002G110500.1.D	2206	2100.5	1714.09	32.3665
Gorai.002G110600.1.A	2808	2702.5	15.5	0.227484
Gorai.002G110600.1.D	2808	2702.5	15.5	0.227484
Gorai.002G110700.1.A	1458	1352.5	2	0.0586511
Gorai.002G110700.1.D	1458	1352.5	4	0.117302
Gorai.002G110800.1.A	2555	2449.5	4588.14	74.2922
Gorai.002G110800.1.D	2555	2449.5	3157.85	51.1326
Gorai.002G110900.1.A	6919	6813.5	909.24	5.29289
Gorai.002G110900.1.D	6919	6813.5	643.76	3.74747
Gorai.002G111000.1.A	1758	1652.5	127.418	3.05825
Gorai.002G111000.1.D	1758	1652.5	164.582	3.95025
Gorai.002G111100.1.A	2002	1896.5	242.937	5.08072
Gorai.002G111100.1.D	2002	1896.5	138.063	2.8874
Gorai.002G111200.1.A	891	785.505	0	0
Gorai.002G111200.1.D	891	785.505	0	0
Gorai.002G111300.1.A	648	542.505	0	0
Gorai.002G111300.1.D	648	542.505	18.643	1.363
Gorai.002G111400.1.A	1318	1212.5	654.039	21.3946
Gorai.002G111400.1.D	1318	1212.5	369.961	12.102
Gorai.002G111500.1.A	2045	1939.5	705.416	14.4258
Gorai.002G111500.1.D	2045	1939.5	826.584	16.9037
Gorai.002G111600.1.A	4452	4346.5	455.172	4.15356
Gorai.002G111600.1.D	4452	4346.5	402.828	3.6759
Gorai.002G111700.1.A	2290	2184.5	111.864	2.03107
Gorai.002G111700.1.D	2290	2184.5	86.1356	1.56392
Gorai.002G111800.1.A	1555	1449.5	0	0
Gorai.002G111800.1.D	1555	1449.5	1	0.0273631
Gorai.002G111900.1.A	355	249.63	0	0
Gorai.002G111900.1.D	355	249.63	0	0
Gorai.002G112000.1.A	720	614.505	6.94737	0.448415
Gorai.002G112000.1.D	720	614.505	125.053	8.07147
Gorai.002G112100.1.A	1929	1823.5	63.1568	1.37372
Gorai.002G112100.1.D	1929	1823.5	207.843	4.52079
Gorai.002G112200.1.A	4525	4419.5	851.742	7.64397
Gorai.002G112200.1.D	4525	4419.5	1003.26	9.00376
Gorai.002G112300.1.A	1502	1396.5	25.3	0.71856
Gorai.002G112300.1.D	1502	1396.5	18.7	0.53111
Gorai.002G112400.1.A	2017	1911.5	364.962	7.57282
Gorai.002G112400.1.D	2017	1911.5	476.038	9.87759
Gorai.002G112500.1.A	2441	2335.5	351.633	5.97164
Gorai.002G112500.1.D	2441	2335.5	562.367	9.55046
Gorai.002G112600.1.A	791	685.505	0	0
Gorai.002G112600.1.D	791	685.505	2	0.115719
Gorai.002G112700.1.A	1759	1653.5	497.557	11.935
Gorai.002G112700.1.D	1759	1653.5	393.443	9.43759
Gorai.002G112800.1.A	1895	1789.5	163.601	3.6261
Gorai.002G112800.1.D	1895	1789.5	406.399	9.0075
Gorai.002G112900.1.A	909	803.505	3	0.148087
Gorai.002G112900.1.D	909	803.505	0	0
Gorai.002G113000.1.A	198	94.5106	0	0
Gorai.002G113000.1.D	198	94.5106	0	0
Gorai.002G113100.1.A	344	238.63	1	0.166211
Gorai.002G113100.1.D	344	238.63	1	0.166211
Gorai.002G113200.1.A	1067	961.505	282.578	11.6566
Gorai.002G113200.1.D	1067	961.505	278.422	11.4852
Gorai.002G113300.1.A	1529	1423.5	0	0
Gorai.002G113300.1.D	1529	1423.5	1	0.0278629
Gorai.002G113400.1.A	3076	2970.5	5573.07	74.4131
Gorai.002G113400.1.D	3076	2970.5	3053.93	40.7769
Gorai.002G113500.1.A	570	464.551	413.921	35.3402
Gorai.002G113500.1.D	570	464.551	228.079	19.4732
Gorai.002G113600.1.A	2254	2148.5	53.5	0.987648
Gorai.002G113600.1.D	2254	2148.5	374.5	6.91354
Gorai.002G113700.1.A	1050	944.505	62	2.60359
Gorai.002G113700.1.D	1050	944.505	13	0.545914
Gorai.002G113800.1.A	1714	1608.5	0	0
Gorai.002G113800.1.D	1714	1608.5	0	0
Gorai.002G113900.1.A	1091	985.505	843.805	33.9601
Gorai.002G113900.1.D	1091	985.505	1142.19	45.9691
Gorai.002G114000.1.A	1846	1740.5	0	0
Gorai.002G114000.1.D	1846	1740.5	1	0.0227882
Gorai.002G114100.1.A	3114	3008.5	253.158	3.33754
Gorai.002G114100.1.D	3114	3008.5	249.842	3.29382
Gorai.002G114200.1.A	2307	2201.5	5.57692	0.100475
Gorai.002G114200.1.D	2307	2201.5	23.4231	0.421997
Gorai.002G114300.1.A	1680	1574.5	258.919	6.52236
Gorai.002G114300.1.D	1680	1574.5	222.081	5.59438
Gorai.002G114400.1.A	1027	921.505	453.204	19.5066
Gorai.002G114400.1.D	1027	921.505	567.796	24.4388
Gorai.002G114500.1.A	2560	2454.5	476.245	7.69576
Gorai.002G114500.1.D	2560	2454.5	629.755	10.1764
Gorai.002G114600.1.A	3146	3040.5	650.658	8.48774
Gorai.002G114600.1.D	3146	3040.5	682.342	8.90105
Gorai.002G114700.1.A	1165	1059.5	51.9697	1.9455
Gorai.002G114700.1.D	1165	1059.5	158.03	5.91592
Gorai.002G114800.1.A	4255	4149.5	2244.75	21.4564
Gorai.002G114800.1.D	4255	4149.5	1799.25	17.1981
Gorai.002G114900.1.A	2398	2292.5	87.0588	1.50622
Gorai.002G114900.1.D	2398	2292.5	60.9412	1.05435
Gorai.002G115000.1.A	948	842.505	0	0
Gorai.002G115000.1.D	948	842.505	0	0
Gorai.002G115100.1.A	1148	1042.5	4815.96	183.227
Gorai.002G115100.1.D	1148	1042.5	4392.81	167.128
Gorai.002G115200.1.A	1033	927.505	0	0
Gorai.002G115200.1.D	1033	927.505	0	0
Gorai.002G115300.1.A	1289	1183.5	3	0.100539
Gorai.002G115300.1.D	1289	1183.5	3	0.100539
Gorai.002G115400.1.A	1156	1050.5	0	0
Gorai.002G115400.1.D	1156	1050.5	0	0
Gorai.002G115500.1.A	1728	1622.5	0	0
Gorai.002G115500.1.D	1728	1622.5	4	0.097782
Gorai.002G115600.1.A	2578	2472.5	226.409	3.63196
Gorai.002G115600.1.D	2578	2472.5	445.591	7.148
Gorai.002G115700.1.A	4504	4398.5	246.138	2.21951
Gorai.002G115700.1.D	4504	4398.5	295.862	2.6679
Gorai.002G115800.1.A	3860	3754.5	59.5086	0.628655
Gorai.002G115800.1.D	3860	3754.5	57.4914	0.607344
Gorai.002G115900.1.A	2027	1921.5	4760.79	98.2704
Gorai.002G115900.1.D	2027	1921.5	5696.21	117.579
Gorai.002G116000.1.A	1288	1182.5	258.801	8.68057
Gorai.002G116000.1.D	1288	1182.5	394.392	13.2285
Gorai.002G116100.1.A	1748	1642.5	1.18389	0.0285885
Gorai.002G116100.1.D	1748	1642.5	37.4435	0.904179
Gorai.002G116200.1.A	1254	1148.5	15.5509	0.537041
Gorai.002G116200.1.D	1254	1148.5	15.0915	0.521177
Gorai.002G116300.1.A	655	549.505	0	0
Gorai.002G116300.1.D	655	549.505	0	0
Gorai.002G116400.1.A	426	320.583	0	0
Gorai.002G116400.1.D	426	320.583	0	0
Gorai.002G116500.1.A	2366	2260.5	1.25424	0.022007
Gorai.002G116500.1.D	2366	2260.5	6	0.105276
Gorai.002G116600.1.A	2399	2293.5	115.898	2.0043
Gorai.002G116600.1.D	2399	2293.5	129.102	2.23263
Gorai.002G116700.1.A	1902	1796.5	33.3617	0.736554
Gorai.002G116700.1.D	1902	1796.5	15.6383	0.34526
Gorai.002G116800.1.A	791	685.505	447.957	25.9186
Gorai.002G116800.1.D	791	685.505	350.043	20.2533
Gorai.002G116900.1.A	1201	1095.5	146.401	5.30048
Gorai.002G116900.1.D	1201	1095.5	553.07	20.024
Gorai.002G117000.1.A	1862	1756.5	313.757	7.08482
Gorai.002G117000.1.D	1862	1756.5	317.243	7.16354
Gorai.002G117100.1.A	2822	2716.5	56.7327	0.828339
Gorai.002G117100.1.D	2822	2716.5	135.944	1.98489
Gorai.002G117200.1.A	2767	2661.5	265.955	3.96338
Gorai.002G117200.1.D	2767	2661.5	266.883	3.97721
Gorai.002G117300.1.A	927	821.505	0	0
Gorai.002G117300.1.D	927	821.505	3.05359	0.14743
Gorai.002G117400.1.A	2871	2765.5	240.979	3.45613
Gorai.002G117400.1.D	2871	2765.5	215.183	3.08616
Gorai.002G117500.1.A	438	332.583	0	0
Gorai.002G117500.1.D	438	332.583	0	0
Gorai.002G117600.1.A	402	296.583	66	8.82638
Gorai.002G117600.1.D	402	296.583	0	0
Gorai.002G117700.1.A	582	476.551	0	0
Gorai.002G117700.1.D	582	476.551	0	0
Gorai.002G117800.1.A	1368	1262.5	0	0
Gorai.002G117800.1.D	1368	1262.5	0	0
Gorai.002G117900.1.A	1296	1190.5	0	0
Gorai.002G117900.1.D	1296	1190.5	0	0
Gorai.002G118000.1.A	3531	3425.5	154.118	1.78449
Gorai.002G118000.1.D	3531	3425.5	112.074	1.29767
Gorai.002G118100.1.A	3077	2971.5	148.368	1.98039
Gorai.002G118100.1.D	3077	2971.5	139.44	1.86121
Gorai.002G118200.1.A	2524	2418.5	558.733	9.16309
Gorai.002G118200.1.D	2524	2418.5	297.267	4.87512
Gorai.002G118300.1.A	982	876.505	7.58333	0.343155
Gorai.002G118300.1.D	982	876.505	5.41667	0.245111
Gorai.002G118400.1.A	2108	2002.5	11.8462	0.234633
Gorai.002G118400.1.D	2108	2002.5	16.1538	0.319954
Gorai.002G118500.1.A	1676	1570.5	3.21429	0.0811765
Gorai.002G118500.1.D	1676	1570.5	11.7857	0.297647
Gorai.002G118600.1.A	282	176.772	27	6.0581
Gorai.002G118600.1.D	282	176.772	23	5.1606
Gorai.002G118700.1.A	1069	963.505	13.7222	0.564879
Gorai.002G118700.1.D	1069	963.505	233.278	9.60295
Gorai.002G118800.1.A	2630	2524.5	440.385	6.91897
Gorai.002G118800.1.D	2630	2524.5	429.615	6.74976
Gorai.002G118900.1.A	1015	909.505	3	0.130828
Gorai.002G118900.1.D	1015	909.505	0	0
Gorai.002G119000.1.A	651	545.505	4	0.290835
Gorai.002G119000.1.D	651	545.505	0	0
Gorai.002G119100.1.A	1211	1105.5	0	0
Gorai.002G119100.1.D	1211	1105.5	0	0
Gorai.002G119200.1.A	737	631.505	0	0
Gorai.002G119200.1.D	737	631.505	0	0
Gorai.002G119300.1.A	760	654.505	1134.71	68.7631
Gorai.002G119300.1.D	760	654.505	1517.29	91.9479
Gorai.002G119400.1.A	342	236.63	20.5	3.43612
Gorai.002G119400.1.D	342	236.63	20.5	3.43612
Gorai.002G119500.1.A	2077	1971.5	47	0.945551
Gorai.002G119500.1.D	2077	1971.5	2	0.0402362
Gorai.002G119600.1.A	1106	1000.5	7847.08	311.081
Gorai.002G119600.1.D	1106	1000.5	2021.92	80.1547
Gorai.002G119700.1.A	2002	1896.5	319.315	6.67805
Gorai.002G119700.1.D	2002	1896.5	954.685	19.966
Gorai.002G119800.1.A	504	398.551	1.00784	0.100298
Gorai.002G119800.1.D	504	398.551	1.00784	0.100298
Gorai.002G119900.1.A	2373	2267.5	59.0196	1.03236
Gorai.002G119900.1.D	2373	2267.5	360.98	6.31423
Gorai.002G120000.1.A	2327	2221.5	23.3333	0.416595
Gorai.002G120000.1.D	2327	2221.5	11.6667	0.208298
Gorai.002G120100.1.A	2881	2775.5	1477.24	21.1103
Gorai.002G120100.1.D	2881	2775.5	41.7595	0.596757
Gorai.002G120200.1.A	2566	2460.5	7	0.112839
Gorai.002G120200.1.D	2566	2460.5	0	0
Gorai.002G120300.1.A	2145	2039.5	29.8611	0.580719
Gorai.002G120300.1.D	2145	2039.5	13.1389	0.255516
Gorai.002G120400.1.A	986	880.505	510.959	23.0165
Gorai.002G120400.1.D	986	880.505	158.041	7.11906
Gorai.002G120500.1.A	446	340.583	2.5	0.29114
Gorai.002G120500.1.D	446	340.583	2.5	0.29114
Gorai.002G120600.1.A	1269	1163.5	0	0
Gorai.002G120600.1.D	1269	1163.5	0	0
Gorai.002G120700.1.A	1253	1147.5	272.986	9.43564
Gorai.002G120700.1.D	1253	1147.5	258.972	8.95125
Gorai.002G120800.1.A	3449	3343.5	57.3434	0.680247
Gorai.002G120800.1.D	3449	3343.5	28.698	0.340436
Gorai.002G120900.1.A	1918	1812.5	24.0952	0.527275
Gorai.002G120900.1.D	1918	1812.5	44.9048	0.982648
Gorai.002G121000.1.A	807	701.505	0	0
Gorai.002G121000.1.D	807	701.505	0	0
Gorai.002G121100.1.A	2065	1959.5	238.672	4.83104
Gorai.002G121100.1.D	2065	1959.5	106.328	2.15222
Gorai.002G121200.1.A	1646	1540.5	4	0.102987
Gorai.002G121200.1.D	1646	1540.5	1	0.0257467
Gorai.002G121300.1.A	346	240.63	0	0
Gorai.002G121300.1.D	346	240.63	0	0
Gorai.002G121400.1.A	852	746.505	37.4333	1.98889
Gorai.002G121400.1.D	852	746.505	1.09231	0.0580363
Gorai.002G121500.1.A	1846	1740.5	10323.2	235.248
Gorai.002G121500.1.D	1846	1740.5	12820.2	292.148
Gorai.002G121600.1.A	1322	1216.5	1065.51	34.74
Gorai.002G121600.1.D	1322	1216.5	863.486	28.1531
Gorai.002G121700.1.A	1543	1437.5	140.72	3.88267
Gorai.002G121700.1.D	1543	1437.5	77.2804	2.13228
Gorai.002G121800.1.A	1128	1022.5	0	0
Gorai.002G121800.1.D	1128	1022.5	0	0
Gorai.002G121900.1.A	2352	2246.5	281.447	4.96906
Gorai.002G121900.1.D	2352	2246.5	125.553	2.21668
Gorai.002G122000.1.A	509	403.551	0	0
Gorai.002G122000.1.D	509	403.551	0	0
Gorai.002G122100.1.A	343	237.63	0.5	0.0834552
Gorai.002G122100.1.D	343	237.63	0.5	0.0834552
Gorai.002G122200.1.A	1027	921.505	0	0
Gorai.002G122200.1.D	1027	921.505	0	0
Gorai.002G122300.1.A	1614	1508.5	7	0.18405
Gorai.002G122300.1.D	1614	1508.5	18	0.473272
Gorai.002G122400.1.A	1612	1506.5	175.373	4.61717
Gorai.002G122400.1.D	1612	1506.5	84.6275	2.22805
Gorai.002G122500.1.A	2508	2402.5	25	0.412725
Gorai.002G122500.1.D	2508	2402.5	14	0.231126
Gorai.002G122600.1.A	2611	2505.5	146.493	2.31902
Gorai.002G122600.1.D	2611	2505.5	163.053	2.58119
Gorai.002G122700.1.A	1182	1076.5	0	0
Gorai.002G122700.1.D	1182	1076.5	0	0
Gorai.002G122800.1.A	2857	2751.5	504.177	7.26771
Gorai.002G122800.1.D	2857	2751.5	544.863	7.8542
Gorai.002G122900.1.A	912	806.505	0	0
Gorai.002G122900.1.D	912	806.505	0	0
Gorai.002G123000.1.A	1418	1312.5	115.664	3.49528
Gorai.002G123000.1.D	1418	1312.5	8.33613	0.251912
Gorai.002G123100.1.A	1503	1397.5	25.9459	0.736379
Gorai.002G123100.1.D	1503	1397.5	34.0541	0.966497
Gorai.002G123200.1.A	819	713.505	9	0.5003
Gorai.002G123200.1.D	819	713.505	4	0.222356
Gorai.002G123300.1.A	1831	1725.5	335.909	7.7213
Gorai.002G123300.1.D	1831	1725.5	403.091	9.26556
Gorai.002G123400.1.A	1794	1688.5	1564.73	36.7555
Gorai.002G123400.1.D	1794	1688.5	1168.27	27.4426
Gorai.002G123500.1.A	1794	1688.5	2	0.04698
Gorai.002G123500.1.D	1794	1688.5	0	0
Gorai.002G123600.1.A	1666	1560.5	173.84	4.41844
Gorai.002G123600.1.D	1666	1560.5	43.1602	1.09699
Gorai.002G123700.1.A	1957	1851.5	0	0
Gorai.002G123700.1.D	1957	1851.5	0	0
Gorai.002G123800.1.A	1524	1418.5	0	0
Gorai.002G123800.1.D	1524	1418.5	1	0.0279611
Gorai.002G123900.1.A	1066	960.505	0	0
Gorai.002G123900.1.D	1066	960.505	70.1501	2.89677
Gorai.002G124000.1.A	1241	1135.5	4.07897	0.142478
Gorai.002G124000.1.D	1241	1135.5	1028.92	35.94
Gorai.002G124100.1.A	3532	3426.5	26.3245	0.304715
Gorai.002G124100.1.D	3532	3426.5	132.675	1.53576
Gorai.002G124200.1.A	189	85.9892	2.23707	1.03186
Gorai.002G124200.1.D	189	85.9892	2.23707	1.03186
Gorai.002G124300.1.A	453	347.551	0	0
Gorai.002G124300.1.D	453	347.551	0	0
Gorai.002G124400.1.A	4069	3963.5	43.6071	0.436378
Gorai.002G124400.1.D	4069	3963.5	30.3929	0.304142
Gorai.002G124500.1.A	1790	1684.5	864.337	20.3515
Gorai.002G124500.1.D	1790	1684.5	570.663	13.4367
Gorai.002G124600.1.A	2111	2005.5	327.683	6.4806
Gorai.002G124600.1.D	2111	2005.5	243.317	4.81209
Gorai.002G124700.1.A	2025	1919.5	226.923	4.68894
Gorai.002G124700.1.D	2025	1919.5	363.077	7.5023
Gorai.002G124800.1.A	3287	3181.5	5235.54	65.27
Gorai.002G124800.1.D	3287	3181.5	4730.46	58.9733
Gorai.002G124900.1.A	2054	1948.5	428.909	8.73069
Gorai.002G124900.1.D	2054	1948.5	245.091	4.98897
Gorai.002G125000.1.A	1933	1827.5	220.5	4.78558
Gorai.002G125000.1.D	1933	1827.5	67.5	1.46497
Gorai.002G125100.1.A	3589	3483.5	455.214	5.18303
Gorai.002G125100.1.D	3589	3483.5	883.936	10.0644
Gorai.002G125200.1.A	850	744.505	0	0
Gorai.002G125200.1.D	850	744.505	0	0
Gorai.002G125300.1.A	3229	3123.5	88.0455	1.11802
Gorai.002G125300.1.D	3229	3123.5	60.9545	0.774014
Gorai.002G125400.1.A	369	263.583	0	0
Gorai.002G125400.1.D	369	263.583	2.01604	0.303365
Gorai.002G125500.1.A	1736	1630.5	4	0.0973022
Gorai.002G125500.1.D	1736	1630.5	12	0.291907
Gorai.002G125600.1.A	1545	1439.5	1	0.0275532
Gorai.002G125600.1.D	1545	1439.5	5	0.137766
Gorai.002G125700.1.A	3052	2946.5	1201.12	16.1683
Gorai.002G125700.1.D	3052	2946.5	3034.88	40.8526
Gorai.002G125800.1.A	1064	958.505	429.448	17.7705
Gorai.002G125800.1.D	1064	958.505	221.552	9.16784
Gorai.002G125900.1.A	1614	1508.5	585.615	15.3975
Gorai.002G125900.1.D	1614	1508.5	76.3846	2.00837
Gorai.002G126000.1.A	1288	1182.5	551.599	18.5014
Gorai.002G126000.1.D	1288	1182.5	662.401	22.2179
Gorai.002G126100.1.A	1259	1153.5	39.8095	1.36884
Gorai.002G126100.1.D	1259	1153.5	26.1905	0.900552
Gorai.002G126200.1.A	1142	1036.5	218.03	8.34313
Gorai.002G126200.1.D	1142	1036.5	533.97	20.4329
Gorai.002G126300.1.A	1955	1849.5	0	0
Gorai.002G126300.1.D	1955	1849.5	0	0
Gorai.002G126400.1.A	1212	1106.5	101.31	3.63148
Gorai.002G126400.1.D	1212	1106.5	108.84	3.90141
Gorai.002G126500.1.A	564	458.551	42.6534	3.68936
Gorai.002G126500.1.D	564	458.551	2499.49	216.196
Gorai.002G126600.1.A	1070	964.505	1	0.0411226
Gorai.002G126600.1.D	1070	964.505	3	0.123368
Gorai.002G126700.1.A	1383	1277.5	704.62	21.8765
Gorai.002G126700.1.D	1383	1277.5	451.38	14.0141
Gorai.002G126800.1.A	1510	1404.5	1158.49	32.7156
Gorai.002G126800.1.D	1510	1404.5	1270.51	35.8788
Gorai.002G126900.1.A	390	284.583	0	0
Gorai.002G126900.1.D	390	284.583	0	0
Gorai.002G127000.1.A	1333	1227.5	46352.6	1497.74
Gorai.002G127000.1.D	1333	1227.5	66426.4	2146.36
Gorai.002G127100.1.A	1496	1390.5	863.249	24.6234
Gorai.002G127100.1.D	1496	1390.5	616.751	17.5923
Gorai.002G127200.1.A	2680	2574.5	5.2381	0.0806983
Gorai.002G127200.1.D	2680	2574.5	16.7619	0.258235
Gorai.002G127300.1.A	713	607.505	0	0
Gorai.002G127300.1.D	713	607.505	0	0
Gorai.002G127400.1.A	628	522.505	0	0
Gorai.002G127400.1.D	628	522.505	0	0
Gorai.002G127500.1.A	1946	1840.5	6	0.1293
Gorai.002G127500.1.D	1946	1840.5	3	0.0646501
Gorai.002G127600.1.A	705	599.505	0	0
Gorai.002G127600.1.D	705	599.505	0	0
Gorai.002G127700.1.A	3843	3737.5	125.425	1.33102
Gorai.002G127700.1.D	3843	3737.5	167.575	1.77833
Gorai.002G127800.1.A	1112	1006.5	165.67	6.52851
Gorai.002G127800.1.D	1112	1006.5	129.33	5.09645
Gorai.002G127900.1.A	1073	967.505	108.943	4.46614
Gorai.002G127900.1.D	1073	967.505	143.057	5.86463
Gorai.002G128000.1.A	2502	2396.5	314.693	5.20827
Gorai.002G128000.1.D	2502	2396.5	398.307	6.59211
Gorai.002G128100.1.A	681	575.505	3.42658	0.236155
Gorai.002G128100.1.D	681	575.505	0	0
Gorai.002G128200.1.A	2999	2893.5	0	0
Gorai.002G128200.1.D	2999	2893.5	1	0.0137076
Gorai.002G128300.1.A	612	506.551	0	0
Gorai.002G128300.1.D	612	506.551	0	0
Gorai.002G128400.1.A	2419	2313.5	3960.75	67.9035
Gorai.002G128400.1.D	2419	2313.5	2548.25	43.6874
Gorai.002G128500.1.A	5729	5623.5	277	1.9537
Gorai.002G128500.1.D	5729	5623.5	277	1.9537
Gorai.002G128600.1.A	6014	5908.5	173.689	1.16595
Gorai.002G128600.1.D	6014	5908.5	216.311	1.45207
Gorai.002G128700.1.A	1435	1329.5	0	0
Gorai.002G128700.1.D	1435	1329.5	0	0
Gorai.002G128800.1.A	2571	2465.5	6.15385	0.0989978
Gorai.002G128800.1.D	2571	2465.5	33.8462	0.544488
Gorai.002G128900.1.A	1559	1453.5	105.173	2.86994
Gorai.002G128900.1.D	1559	1453.5	136.827	3.73371
Gorai.002G129000.1.A	1035	929.505	298.683	12.7451
Gorai.002G129000.1.D	1035	929.505	575.317	24.5494
Gorai.002G129100.1.A	2370	2264.5	915.734	16.0391
Gorai.002G129100.1.D	2370	2264.5	1172.27	20.5323
Gorai.002G129200.1.A	1795	1689.5	0	0
Gorai.002G129200.1.D	1795	1689.5	9	0.211285
Gorai.002G129300.1.A	2355	2249.5	331.397	5.84315
Gorai.002G129300.1.D	2355	2249.5	327.603	5.77624
Gorai.002G129400.1.A	2566	2460.5	1.42857	0.0230283
Gorai.002G129400.1.D	2566	2460.5	8.57143	0.13817
Gorai.002G129500.1.A	1485	1379.5	150.573	4.3292
Gorai.002G129500.1.D	1485	1379.5	352.427	10.1328
Gorai.002G129600.1.A	1723	1617.5	115.385	2.82935
Gorai.002G129600.1.D	1723	1617.5	184.615	4.52697
Gorai.002G129700.1.A	1186	1080.5	392.594	14.4113
Gorai.002G129700.1.D	1186	1080.5	475.192	17.4432
Gorai.002G129800.1.A	1834	1728.5	141.116	3.23811
Gorai.002G129800.1.D	1834	1728.5	6.88372	0.157957
Gorai.002G129900.1.A	1263	1157.5	9	0.308393
Gorai.002G129900.1.D	1263	1157.5	0	0
Gorai.002G130000.1.A	2149	2043.5	27.5569	0.534859
Gorai.002G130000.1.D	2149	2043.5	149.443	2.90058
Gorai.002G130100.1.A	666	560.505	0	0
Gorai.002G130100.1.D	666	560.505	0	0
Gorai.002G130200.1.A	1792	1686.5	0	0
Gorai.002G130200.1.D	1792	1686.5	0	0
Gorai.002G130300.1.A	1538	1432.5	74.3607	2.05888
Gorai.002G130300.1.D	1538	1432.5	69.6393	1.92816
Gorai.002G130400.1.A	222	117.654	0	0
Gorai.002G130400.1.D	222	117.654	0	0
Gorai.002G130500.1.A	1842	1736.5	2	0.0456814
Gorai.002G130500.1.D	1842	1736.5	0	0
Gorai.002G130600.1.A	2332	2226.5	256.219	4.56428
Gorai.002G130600.1.D	2332	2226.5	584.781	10.4173
Gorai.002G130700.1.A	3290	3184.5	158.112	1.96928
Gorai.002G130700.1.D	3290	3184.5	420.888	5.24216
Gorai.002G130800.1.A	991	885.505	409.993	18.3641
Gorai.002G130800.1.D	991	885.505	1.00735	0.0451207
Gorai.002G130900.1.A	1393	1287.5	0	0
Gorai.002G130900.1.D	1393	1287.5	0	0
Gorai.002G131000.1.A	3113	3007.5	0	0
Gorai.002G131000.1.D	3113	3007.5	0	0
Gorai.002G131100.1.A	4044	3938.5	85.4384	0.860412
Gorai.002G131100.1.D	4044	3938.5	68.5616	0.690454
Gorai.002G131200.1.A	1661	1555.5	255.63	6.51816
Gorai.002G131200.1.D	1661	1555.5	184.37	4.70115
Gorai.002G131300.1.A	1002	896.505	0	0
Gorai.002G131300.1.D	1002	896.505	0	0
Gorai.002G131400.1.A	861	755.505	0	0
Gorai.002G131400.1.D	861	755.505	0	0
Gorai.002G131500.1.A	1815	1709.5	169.637	3.93583
Gorai.002G131500.1.D	1815	1709.5	161.363	3.74384
Gorai.002G131600.1.A	1156	1050.5	4.8	0.181229
Gorai.002G131600.1.D	1156	1050.5	25.2	0.951453
Gorai.002G131700.1.A	973	867.505	5	0.228604
Gorai.002G131700.1.D	973	867.505	0	0
Gorai.002G131800.1.A	986	880.505	2.5	0.112614
Gorai.002G131800.1.D	986	880.505	2.5	0.112614
Gorai.002G131900.1.A	963	857.505	74.5655	3.44895
Gorai.002G131900.1.D	963	857.505	129.434	5.98685
Gorai.002G132000.1.A	3018	2912.5	20.9434	0.28521
Gorai.002G132000.1.D	3018	2912.5	90.0566	1.2264
Gorai.002G132100.1.A	1091	985.505	2	0.0804927
Gorai.002G132100.1.D	1091	985.505	6	0.241478
Gorai.002G132200.1.A	2091	1985.5	3	0.0599288
Gorai.002G132200.1.D	2091	1985.5	4	0.079905
Gorai.002G132300.1.A	1602	1496.5	27.6471	0.73275
Gorai.002G132300.1.D	1602	1496.5	66.3529	1.7586
Gorai.002G132400.1.A	733	627.505	1787.25	112.968
Gorai.002G132400.1.D	733	627.505	298.746	18.883
Gorai.002G132500.1.A	878	772.505	1	0.0513433
Gorai.002G132500.1.D	878	772.505	0	0
Gorai.002G132600.1.A	1374	1268.5	0	0
Gorai.002G132600.1.D	1374	1268.5	3	0.0938024
Gorai.002G132700.1.A	3308	3202.5	42.4659	0.525939
Gorai.002G132700.1.D	3308	3202.5	58.5341	0.724943
Gorai.002G132800.1.A	1818	1712.5	574.97	13.3167
Gorai.002G132800.1.D	1818	1712.5	320.03	7.41215
Gorai.002G132900.1.A	2362	2256.5	993.752	17.4673
Gorai.002G132900.1.D	2362	2256.5	1036.25	18.2143
Gorai.002G133000.1.A	3460	3354.5	0	0
Gorai.002G133000.1.D	3460	3354.5	214	2.53029
Gorai.002G133100.1.A	824	718.505	5.56797	0.307364
Gorai.002G133100.1.D	824	718.505	14.2722	0.787853
Gorai.002G133200.1.A	1161	1055.5	2398.65	90.1345
Gorai.002G133200.1.D	1161	1055.5	1128.35	42.4004
Gorai.002G133300.1.A	245	140.071	0	0
Gorai.002G133300.1.D	245	140.071	0	0
Gorai.002G133400.1.A	851	745.505	1	0.0532028
Gorai.002G133400.1.D	851	745.505	0	0
Gorai.002G133500.1.A	1421	1315.5	20.2105	0.609355
Gorai.002G133500.1.D	1421	1315.5	3.78947	0.114254
Gorai.002G133600.1.A	1183	1077.5	103.014	3.79194
Gorai.002G133600.1.D	1183	1077.5	103.014	3.79194
Gorai.002G133700.1.A	2095	1989.5	348.275	6.94323
Gorai.002G133700.1.D	2095	1989.5	634.725	12.6539
Gorai.002G133800.1.A	2131	2025.5	1668.55	32.6732
Gorai.002G133800.1.D	2131	2025.5	2918.45	57.1483
Gorai.002G133900.1.A	1994	1888.5	40.6486	0.853715
Gorai.002G133900.1.D	1994	1888.5	6.35135	0.133393
Gorai.002G134000.1.A	1655	1549.5	0	0
Gorai.002G134000.1.D	1655	1549.5	1	0.0255972
Gorai.002G134100.1.A	426	320.583	0.519104	0.0642242
Gorai.002G134100.1.D	426	320.583	0.519104	0.0642242
Gorai.002G134200.1.A	873	767.505	0	0
Gorai.002G134200.1.D	873	767.505	13.7128	0.708648
Gorai.002G134300.1.A	456	350.551	0	0
Gorai.002G134300.1.D	456	350.551	0	0
Gorai.002G134400.1.A	2610	2504.5	15.8824	0.251523
Gorai.002G134400.1.D	2610	2504.5	56.1176	0.888715
Gorai.002G134500.1.A	4509	4403.5	3577.73	32.2251
Gorai.002G134500.1.D	4509	4403.5	4094.12	36.8763
Gorai.002G134600.1.A	387	281.583	0	0
Gorai.002G134600.1.D	387	281.583	0	0
Gorai.002G134700.1.A	549	443.551	13	1.16248
Gorai.002G134700.1.D	549	443.551	13	1.16248
Gorai.002G134800.1.A	1208	1102.5	0	0
Gorai.002G134800.1.D	1208	1102.5	0	0
Gorai.002G134900.1.A	2702	2596.5	1126.7	17.2109
Gorai.002G134900.1.D	2702	2596.5	888.3	13.5692
Gorai.002G135000.1.A	1243	1137.5	18	0.627631
Gorai.002G135000.1.D	1243	1137.5	14	0.488157
Gorai.002G135100.1.A	1089	983.505	0	0
Gorai.002G135100.1.D	1089	983.505	0	0
Gorai.002G135200.1.A	1864	1758.5	0	0
Gorai.002G135200.1.D	1864	1758.5	4	0.0902197
Gorai.002G135300.1.A	780	674.505	0	0
Gorai.002G135300.1.D	780	674.505	0	0
Gorai.002G135400.1.A	756	650.505	22	1.3414
Gorai.002G135400.1.D	756	650.505	0	0
Gorai.002G135500.1.A	3156	3050.5	366.642	4.76712
Gorai.002G135500.1.D	3156	3050.5	448.358	5.82959
Gorai.002G135600.1.A	576	470.551	24.1022	2.03159
Gorai.002G135600.1.D	576	470.551	303.898	25.6157
Gorai.002G135700.1.A	1137	1031.5	51.527	1.98129
Gorai.002G135700.1.D	1137	1031.5	71.473	2.74825
Gorai.002G135800.1.A	2365	2259.5	100.309	1.7608
Gorai.002G135800.1.D	2365	2259.5	58.6913	1.03026
Gorai.002G135900.1.A	851	745.505	0	0
Gorai.002G135900.1.D	851	745.505	4	0.212811
Gorai.002G136000.1.A	836	730.505	0	0
Gorai.002G136000.1.D	836	730.505	1	0.0542953
Gorai.002G136100.1.A	378	272.583	0	0
Gorai.002G136100.1.D	378	272.583	0	0
Gorai.002G136200.1.A	435	329.583	0	0
Gorai.002G136200.1.D	435	329.583	0	0
Gorai.002G136300.1.A	2307	2201.5	23.2941	0.419674
Gorai.002G136300.1.D	2307	2201.5	108.706	1.95848
Gorai.002G136400.1.A	1897	1791.5	649.374	14.3768
Gorai.002G136400.1.D	1897	1791.5	14.6256	0.323802
Gorai.002G136500.1.A	480	374.551	9	0.953051
Gorai.002G136500.1.D	480	374.551	1	0.105895
Gorai.002G136600.1.A	968	862.505	10	0.459858
Gorai.002G136600.1.D	968	862.505	0	0
Gorai.002G136700.1.A	2043	1937.5	116.015	2.37495
Gorai.002G136700.1.D	2043	1937.5	147.503	3.01956
Gorai.002G136800.1.A	2047	1941.5	23.5505	0.481112
Gorai.002G136800.1.D	2047	1941.5	2	0.0408579
Gorai.002G136900.1.A	1320	1214.5	0	0
Gorai.002G136900.1.D	1320	1214.5	0	0
Gorai.002G137000.1.A	2862	2756.5	548.955	7.89883
Gorai.002G137000.1.D	2862	2756.5	369.045	5.31014
Gorai.002G137100.1.A	1328	1222.5	9	0.291996
Gorai.002G137100.1.D	1328	1222.5	29	0.940876
Gorai.002G137200.1.A	720	614.505	11	0.70999
Gorai.002G137200.1.D	720	614.505	41	2.64633
Gorai.002G137300.1.A	1328	1222.5	31	1.00576
Gorai.002G137300.1.D	1328	1222.5	7	0.227108
Gorai.002G137400.1.A	1874	1768.5	34.3871	0.771213
Gorai.002G137400.1.D	1874	1768.5	47.6129	1.06783
Gorai.002G137500.1.A	3436	3330.5	240.452	2.86355
Gorai.002G137500.1.D	3436	3330.5	338.548	4.03176
Gorai.002G137600.1.A	1830	1724.5	61.2574	1.4089
Gorai.002G137600.1.D	1830	1724.5	176.743	4.06501
Gorai.002G137700.1.A	4649	4543.5	279.858	2.44304
Gorai.002G137700.1.D	4649	4543.5	214.142	1.86937
Gorai.002G137800.1.A	2373	2267.5	123.74	2.16444
Gorai.002G137800.1.D	2373	2267.5	141.26	2.47091
Gorai.002G137900.1.A	1153	1047.5	5.37975	0.2037
Gorai.002G137900.1.D	1153	1047.5	79.6203	3.01476
Gorai.002G138000.1.A	2214	2108.5	296.833	5.58371
Gorai.002G138000.1.D	2214	2108.5	41.1667	0.774383
Gorai.002G138100.1.A	942	836.505	100.207	4.75134
Gorai.002G138100.1.D	942	836.505	97.7927	4.63685
Gorai.002G138200.1.A	2374	2268.5	429.791	7.51455
Gorai.002G138200.1.D	2374	2268.5	126.209	2.20665
Gorai.002G138300.1.A	1231	1125.5	8	0.281921
Gorai.002G138300.1.D	1231	1125.5	1	0.0352401
Gorai.002G138400.1.A	485	379.551	113.934	11.906
Gorai.002G138400.1.D	485	379.551	8.06612	0.842905
Gorai.002G138500.1.A	276	170.788	4.5	1.04506
Gorai.002G138500.1.D	276	170.788	4.5	1.04506
Gorai.002G138600.1.A	1152	1046.5	21	0.795908
Gorai.002G138600.1.D	1152	1046.5	11	0.416904
Gorai.002G138700.1.A	907	801.505	23.7188	1.17374
Gorai.002G138700.1.D	907	801.505	9.28125	0.459288
Gorai.002G138800.1.A	1555	1449.5	1645.41	45.0235
Gorai.002G138800.1.D	1555	1449.5	57.5894	1.57582
Gorai.002G138900.1.A	2647	2541.5	164.53	2.56768
Gorai.002G138900.1.D	2647	2541.5	91.5757	1.42914
Gorai.002G139000.1.A	2645	2539.5	197.192	3.07982
Gorai.002G139000.1.D	2645	2539.5	174.808	2.73022
Gorai.002G139100.1.A	2903	2797.5	14.4828	0.205336
Gorai.002G139100.1.D	2903	2797.5	15.5172	0.220003
Gorai.002G139200.1.A	1362	1256.5	74.9123	2.36469
Gorai.002G139200.1.D	1362	1256.5	47.0877	1.48638
Gorai.002G139300.1.A	2079	1973.5	248.857	5.00146
Gorai.002G139300.1.D	2079	1973.5	287.143	5.77092
Gorai.002G139400.1.A	1361	1255.5	93.1374	2.94233
Gorai.002G139400.1.D	1361	1255.5	53.8626	1.70159
Gorai.002G139500.1.A	884	778.505	33.4314	1.70325
Gorai.002G139500.1.D	884	778.505	21.5686	1.09887
Gorai.002G139600.1.A	246	141.071	0	0
Gorai.002G139600.1.D	246	141.071	4	1.12462
Gorai.002G139700.1.A	1197	1091.5	0	0
Gorai.002G139700.1.D	1197	1091.5	0	0
Gorai.002G139800.1.A	416	310.583	88.5818	11.3123
Gorai.002G139800.1.D	416	310.583	23.4182	2.99061
Gorai.002G139900.1.A	1888	1782.5	7	0.155759
Gorai.002G139900.1.D	1888	1782.5	3	0.0667537
Gorai.002G140000.1.A	844	738.505	1.69821	0.091206
Gorai.002G140000.1.D	844	738.505	1.69821	0.091206
Gorai.002G140100.1.A	1161	1055.5	1.5	0.0563658
Gorai.002G140100.1.D	1161	1055.5	1.5	0.0563658
Gorai.002G140200.1.A	1197	1091.5	0	0
Gorai.002G140200.1.D	1197	1091.5	72.3026	2.62732
Gorai.002G140300.1.A	369	263.583	0.5	0.075238
Gorai.002G140300.1.D	369	263.583	0.5	0.075238
Gorai.002G140400.1.A	1637	1531.5	383.397	9.92924
Gorai.002G140400.1.D	1637	1531.5	430.603	11.1518
Gorai.002G140500.1.A	1479	1373.5	73.898	2.13396
Gorai.002G140500.1.D	1479	1373.5	130.102	3.75698
Gorai.002G140600.1.A	1851	1745.5	348.806	7.92589
Gorai.002G140600.1.D	1851	1745.5	562.194	12.7747
Gorai.002G140700.1.A	4823	4717.5	307.688	2.58692
Gorai.002G140700.1.D	4823	4717.5	239.312	2.01205
Gorai.002G140800.1.A	1011	905.505	0	0
Gorai.002G140800.1.D	1011	905.505	6	0.262812
Gorai.002G140900.1.A	3769	3663.5	491.193	5.3179
Gorai.002G140900.1.D	3769	3663.5	462.807	5.01058
Gorai.002G141000.1.A	1333	1227.5	250.741	8.10189
Gorai.002G141000.1.D	1333	1227.5	547.259	17.683
Gorai.002G141100.1.A	489	383.551	5.33333	0.551519
Gorai.002G141100.1.D	489	383.551	2.66667	0.275759
Gorai.002G141200.1.A	2389	2283.5	47	0.816358
Gorai.002G141200.1.D	2389	2283.5	0	0
Gorai.002G141300.1.A	426	320.583	1777.07	219.861
Gorai.002G141300.1.D	426	320.583	1490.93	184.46
Gorai.002G141400.1.A	1424	1318.5	4	0.120327
Gorai.002G141400.1.D	1424	1318.5	19	0.571553
Gorai.002G141500.1.A	1403	1297.5	353.96	10.8201
Gorai.002G141500.1.D	1403	1297.5	296.04	9.04953
Gorai.002G141600.1.A	1341	1235.5	0.5	0.0160513
Gorai.002G141600.1.D	1341	1235.5	0.5	0.0160513
Gorai.002G141700.1.A	1254	1148.5	15.2169	0.525506
Gorai.002G141700.1.D	1254	1148.5	12.3335	0.42593
Gorai.002G141800.1.A	2135	2029.5	64.7761	1.26593
Gorai.002G141800.1.D	2135	2029.5	5.22388	0.102091
Gorai.002G141900.1.A	3512	3406.5	27.4655	0.319789
Gorai.002G141900.1.D	3512	3406.5	31.5345	0.367165
Gorai.002G142000.1.A	3128	3022.5	1039.37	13.6392
Gorai.002G142000.1.D	3128	3022.5	408.631	5.36228
Gorai.002G142100.1.A	1663	1557.5	139.871	3.56192
Gorai.002G142100.1.D	1663	1557.5	137.129	3.49208
Gorai.002G142200.1.A	1077	971.505	1	0.0408263
Gorai.002G142200.1.D	1077	971.505	1	0.0408263
Gorai.002G142300.1.A	451	345.583	0	0
Gorai.002G142300.1.D	451	345.583	0	0
Gorai.002G142400.1.A	3433	3327.5	243.925	2.90751
Gorai.002G142400.1.D	3433	3327.5	12.0755	0.143936
Gorai.002G142500.1.A	3609	3503.5	294.39	3.33277
Gorai.002G142500.1.D	3609	3503.5	300.61	3.40318
Gorai.002G142600.1.A	579	473.551	0	0
Gorai.002G142600.1.D	579	473.551	0	0
Gorai.002G142700.1.A	952	846.505	0	0
Gorai.002G142700.1.D	952	846.505	0	0
Gorai.002G142800.1.A	1785	1679.5	508.914	12.0184
Gorai.002G142800.1.D	1785	1679.5	439.086	10.3694
Gorai.002G142900.1.A	465	359.551	0	0
Gorai.002G142900.1.D	465	359.551	10	1.10312
Gorai.002G143000.1.A	4911	4805.5	80.5783	0.665065
Gorai.002G143000.1.D	4911	4805.5	183.422	1.5139
Gorai.002G143100.1.A	645	539.505	2	0.147035
Gorai.002G143100.1.D	645	539.505	0	0
Gorai.002G143200.1.A	1879	1773.5	211.4	4.72778
Gorai.002G143200.1.D	1879	1773.5	82.6	1.84728
Gorai.002G143300.1.A	3360	3254.5	190.877	2.32624
Gorai.002G143300.1.D	3360	3254.5	289.123	3.52357
Gorai.002G143400.1.A	974	868.505	1584.83	72.3761
Gorai.002G143400.1.D	974	868.505	1675.17	76.5019
Gorai.002G143500.1.A	1260	1154.5	51.0798	1.75484
Gorai.002G143500.1.D	1260	1154.5	129.92	4.4634
Gorai.002G143600.1.A	1327	1221.5	0	0
Gorai.002G143600.1.D	1327	1221.5	46.7725	1.51873
Gorai.002G143700.1.A	1026	920.505	12.0208	0.517955
Gorai.002G143700.1.D	1026	920.505	0	0
Gorai.002G143800.1.A	291	185.705	0	0
Gorai.002G143800.1.D	291	185.705	0	0
Gorai.002G143900.1.A	3181	3075.5	521.82	6.72961
Gorai.002G143900.1.D	3181	3075.5	193.18	2.49132
Gorai.002G144000.1.A	691	585.505	92.3711	6.25736
Gorai.002G144000.1.D	691	585.505	35.6289	2.41355
Gorai.002G144100.1.A	1222	1116.5	0	0
Gorai.002G144100.1.D	1222	1116.5	0	0
Gorai.002G144200.1.A	438	332.583	0	0
Gorai.002G144200.1.D	438	332.583	0	0
Gorai.002G144300.1.A	988	882.505	0	0
Gorai.002G144300.1.D	988	882.505	0	0
Gorai.002G144400.1.A	447	341.583	419.363	48.6944
Gorai.002G144400.1.D	447	341.583	430.637	50.0034
Gorai.002G144500.1.A	1938	1832.5	165.833	3.58932
Gorai.002G144500.1.D	1938	1832.5	232.167	5.02504
Gorai.002G144600.1.A	291	185.705	3.75015	0.80096
Gorai.002G144600.1.D	291	185.705	3.75015	0.80096
Gorai.002G144700.1.A	1646	1540.5	295.481	7.60768
Gorai.002G144700.1.D	1646	1540.5	283.519	7.29967
Gorai.002G144800.1.A	2202	2096.5	515.502	9.75258
Gorai.002G144800.1.D	2202	2096.5	435.288	8.23504
Gorai.002G144900.1.A	3332	3226.5	180.153	2.21459
Gorai.002G144900.1.D	3332	3226.5	345.558	4.24789
Gorai.002G145000.1.A	2730	2624.5	1142.09	17.26
Gorai.002G145000.1.D	2730	2624.5	866.905	13.1011
Gorai.002G145100.1.A	6473	6367.5	590.42	3.6777
Gorai.002G145100.1.D	6473	6367.5	345.58	2.15261
Gorai.002G145200.1.A	357	251.63	0	0
Gorai.002G145200.1.D	357	251.63	6	0.945744
Gorai.002G145300.1.A	393	287.583	0	0
Gorai.002G145300.1.D	393	287.583	8	1.10335
Gorai.002G145400.1.A	793	687.505	19.2969	1.11326
Gorai.002G145400.1.D	793	687.505	45.7031	2.63667
Gorai.002G145500.1.A	2234	2128.5	311.437	5.80337
Gorai.002G145500.1.D	2234	2128.5	379.563	7.07285
Gorai.002G145600.1.A	2962	2856.5	176.421	2.44963
Gorai.002G145600.1.D	2962	2856.5	184.579	2.5629
Gorai.002G145700.1.A	249	144.019	2926	805.824
Gorai.002G145700.1.D	249	144.019	0	0
Gorai.002G145800.1.A	1401	1295.5	106.883	3.27233
Gorai.002G145800.1.D	1401	1295.5	2.1165	0.0647985
Gorai.002G145900.1.A	739	633.505	14.8654	0.930704
Gorai.002G145900.1.D	739	633.505	10.6139	0.664522
Gorai.002G146000.1.A	2176	2070.5	2.03175	0.0389205
Gorai.002G146000.1.D	2176	2070.5	61.9683	1.18707
Gorai.002G146100.1.A	2937	2831.5	51.505	0.721467
Gorai.002G146100.1.D	2937	2831.5	50.495	0.707321
Gorai.002G146200.1.A	1514	1408.5	216.603	6.09946
Gorai.002G146200.1.D	1514	1408.5	681.397	19.1879
Gorai.002G146300.1.A	1626	1520.5	167.578	4.37132
Gorai.002G146300.1.D	1626	1520.5	297.422	7.75838
Gorai.002G146400.1.A	6284	6178.5	486.981	3.12618
Gorai.002G146400.1.D	6284	6178.5	406.019	2.60644
Gorai.002G146500.1.A	882	776.505	0	0
Gorai.002G146500.1.D	882	776.505	0	0
Gorai.002G146600.1.A	944	838.505	18.4673	0.873538
Gorai.002G146600.1.D	944	838.505	18.4673	0.873538
Gorai.002G146700.1.A	446	340.583	5	0.58228
Gorai.002G146700.1.D	446	340.583	0	0
Gorai.002G146800.1.A	679	573.505	8.85802	0.612611
Gorai.002G146800.1.D	679	573.505	19.1514	1.32449
Gorai.002G146900.1.A	759	653.505	0	0
Gorai.002G146900.1.D	759	653.505	0	0
Gorai.002G147000.1.A	1899	1793.5	6.85714	0.151644
Gorai.002G147000.1.D	1899	1793.5	9.14286	0.202192
Gorai.002G147100.1.A	3306	3200.5	37.7091	0.467318
Gorai.002G147100.1.D	3306	3200.5	145.291	1.80055
Gorai.002G147200.1.A	480	374.551	0	0
Gorai.002G147200.1.D	480	374.551	68.5655	7.26071
Gorai.002G147300.1.A	3451	3345.5	423.811	5.02453
Gorai.002G147300.1.D	3451	3345.5	640.944	7.59877
Gorai.002G147400.1.A	645	539.505	9.54872	0.701996
Gorai.002G147400.1.D	645	539.505	9.54872	0.701996
Gorai.002G147500.1.A	3203	3097.5	50.1627	0.642323
Gorai.002G147500.1.D	3203	3097.5	7.99558	0.102382
Gorai.002G147600.1.A	1032	926.505	4018.15	172.014
Gorai.002G147600.1.D	1032	926.505	3153.85	135.014
Gorai.002G147700.1.A	246	141.071	0	0
Gorai.002G147700.1.D	246	141.071	0	0
Gorai.002G147800.1.A	2967	2861.5	271.501	3.76324
Gorai.002G147800.1.D	2967	2861.5	1495.5	20.7289
Gorai.002G147900.1.A	2385	2279.5	24	0.417595
Gorai.002G147900.1.D	2385	2279.5	0	0
Gorai.002G148000.1.A	2893	2787.5	118.06	1.67985
Gorai.002G148000.1.D	2893	2787.5	21.9403	0.312185
Gorai.002G148100.1.A	4528	4422.5	219.064	1.96466
Gorai.002G148100.1.D	4528	4422.5	232.309	2.08345
Gorai.002G148200.1.A	1907	1801.5	0	0
Gorai.002G148200.1.D	1907	1801.5	0	0
Gorai.002G148300.1.A	862	756.505	777.295	40.753
Gorai.002G148300.1.D	862	756.505	1814.7	95.1435
Gorai.002G148400.1.A	2211	2105.5	45.807	0.8629
Gorai.002G148400.1.D	2211	2105.5	327.193	6.16357
Gorai.002G148500.1.A	945	839.505	0	0
Gorai.002G148500.1.D	945	839.505	1	0.0472456
Gorai.002G148600.1.A	1373	1267.5	165.877	5.19064
Gorai.002G148600.1.D	1373	1267.5	780.123	24.4117
Gorai.002G148700.1.A	441	335.583	0	0
Gorai.002G148700.1.D	441	335.583	0	0
Gorai.002G148800.1.A	270	164.849	0	0
Gorai.002G148800.1.D	270	164.849	0	0
Gorai.002G148900.1.A	3028	2922.5	259.63	3.52358
Gorai.002G148900.1.D	3028	2922.5	18.37	0.24931
Gorai.002G149000.1.A	422	316.583	8.36514	1.04802
Gorai.002G149000.1.D	422	316.583	8.36514	1.04802
Gorai.002G149100.1.A	403	297.583	26	3.46537
Gorai.002G149100.1.D	403	297.583	0	0
Gorai.002G149200.1.A	519	413.551	85	8.15219
Gorai.002G149200.1.D	519	413.551	93.0514	8.92438
Gorai.002G149300.1.A	3282	3176.5	685.487	8.55922
Gorai.002G149300.1.D	3282	3176.5	1050.51	13.1171
Gorai.002G149400.1.A	1064	958.505	10426.1	431.432
Gorai.002G149400.1.D	1064	958.505	4114.9	170.275
Gorai.002G149500.1.A	764	658.505	4.62218	0.278402
Gorai.002G149500.1.D	764	658.505	4.62218	0.278402
Gorai.002G149600.1.A	3656	3550.5	158.245	1.76777
Gorai.002G149600.1.D	3656	3550.5	513.755	5.73919
Gorai.002G149700.1.A	1065	959.505	38.5965	1.59546
Gorai.002G149700.1.D	1065	959.505	137.404	5.67983
Gorai.002G149800.1.A	2200	2094.5	595.296	11.2729
Gorai.002G149800.1.D	2200	2094.5	872.704	16.5261
Gorai.002G149900.1.A	3277	3171.5	168.723	2.11005
Gorai.002G149900.1.D	3277	3171.5	176.277	2.20453
Gorai.002G150000.1.A	1558	1452.5	106.387	2.90508
Gorai.002G150000.1.D	1558	1452.5	48.8641	1.33431
Gorai.002G150100.1.A	1559	1453.5	7.14286	0.194913
Gorai.002G150100.1.D	1559	1453.5	2.85714	0.0779651
Gorai.002G150200.1.A	237	132.247	0	0
Gorai.002G150200.1.D	237	132.247	0	0
Gorai.002G150300.1.A	4249	4143.5	1061.16	10.1578
Gorai.002G150300.1.D	4249	4143.5	347.839	3.32963
Gorai.002G150400.1.A	935	829.505	9	0.430337
Gorai.002G150400.1.D	935	829.505	77	3.68177
Gorai.002G150500.1.A	840	734.505	8.38319	0.452689
Gorai.002G150500.1.D	840	734.505	15.5971	0.842239
Gorai.002G150600.1.A	3441	3335.5	109.94	1.30731
Gorai.002G150600.1.D	3441	3335.5	230.06	2.73567
Gorai.002G150700.1.A	1531	1425.5	163.778	4.55692
Gorai.002G150700.1.D	1531	1425.5	37.2222	1.03566
Gorai.002G150800.1.A	1118	1012.5	0	0
Gorai.002G150800.1.D	1118	1012.5	1	0.0391731
Gorai.002G150900.1.A	353	247.63	1.25225	0.200574
Gorai.002G150900.1.D	353	247.63	1.25225	0.200574
Gorai.002G151000.1.A	1661	1555.5	51.4394	1.31162
Gorai.002G151000.1.D	1661	1555.5	96.5803	2.46265
Gorai.002G151100.1.A	714	608.505	0	0
Gorai.002G151100.1.D	714	608.505	0	0
Gorai.002G151200.1.A	730	624.505	15.0833	0.957957
Gorai.002G151200.1.D	730	624.505	15.0833	0.957957
Gorai.002G151300.1.A	899	793.505	0	0
Gorai.002G151300.1.D	899	793.505	0	0
Gorai.002G151400.1.A	4493	4387.5	16.7143	0.151097
Gorai.002G151400.1.D	4493	4387.5	9.28571	0.0839426
Gorai.002G151500.1.A	598	492.551	0	0
Gorai.002G151500.1.D	598	492.551	0	0
Gorai.002G151600.1.A	2867	2761.5	44.0749	0.633039
Gorai.002G151600.1.D	2867	2761.5	56.3903	0.809922
Gorai.002G151700.1.A	2542	2436.5	24.8158	0.403967
Gorai.002G151700.1.D	2542	2436.5	16.1842	0.263457
Gorai.002G151800.1.A	1986	1880.5	3.375	0.0711843
Gorai.002G151800.1.D	1986	1880.5	14.625	0.308465
Gorai.002G151900.1.A	411	305.583	18.1039	2.34979
Gorai.002G151900.1.D	411	305.583	0	0
Gorai.002G152000.1.A	333	227.63	20.2721	3.53227
Gorai.002G152000.1.D	333	227.63	0	0
Gorai.002G152100.1.A	759	653.505	672	40.7855
Gorai.002G152100.1.D	759	653.505	0	0
Gorai.002G152200.1.A	357	251.63	23.0175	3.62811
Gorai.002G152200.1.D	357	251.63	0	0
Gorai.002G152300.1.A	2830	2724.5	352.864	5.13694
Gorai.002G152300.1.D	2830	2724.5	436.136	6.3492
Gorai.002G152400.1.A	2920	2814.5	603.978	8.51145
Gorai.002G152400.1.D	2920	2814.5	419.022	5.905
Gorai.002G152500.1.A	692	586.505	90.2396	6.10254
Gorai.002G152500.1.D	692	586.505	0	0
Gorai.002G152600.1.A	1008	902.505	0	0
Gorai.002G152600.1.D	1008	902.505	0	0
Gorai.002G152700.1.A	998	892.505	103	4.57732
Gorai.002G152700.1.D	998	892.505	2	0.0888801
Gorai.002G152800.1.A	834	728.505	292.484	15.9241
Gorai.002G152800.1.D	834	728.505	362.516	19.7369
Gorai.002G152900.1.A	587	481.551	3616.04	297.835
Gorai.002G152900.1.D	587	481.551	304.955	25.1176
Gorai.002G153000.1.A	262	156.894	13.125	3.31802
Gorai.002G153000.1.D	262	156.894	7.875	1.99081
Gorai.002G153100.1.A	570	464.551	0	0
Gorai.002G153100.1.D	570	464.551	1	0.085379
Gorai.002G153200.1.A	1476	1370.5	386.964	11.1989
Gorai.002G153200.1.D	1476	1370.5	104.036	3.01085
Gorai.002G153300.1.A	1294	1188.5	0	0
Gorai.002G153300.1.D	1294	1188.5	1	0.0333721
Gorai.002G153400.1.A	941	835.505	336.393	15.9692
Gorai.002G153400.1.D	941	835.505	27.6067	1.31054
Gorai.002G153500.1.A	2088	1982.5	118.479	2.37035
Gorai.002G153500.1.D	2088	1982.5	9.52066	0.190475
Gorai.002G153600.1.A	2125	2019.5	213.228	4.18777
Gorai.002G153600.1.D	2125	2019.5	46.7725	0.918609
Gorai.002G153700.1.A	531	425.551	0	0
Gorai.002G153700.1.D	531	425.551	0	0
Gorai.002G153800.1.A	2701	2595.5	54.6596	0.835275
Gorai.002G153800.1.D	2701	2595.5	312.34	4.773
Gorai.002G153900.1.A	2843	2737.5	0	0
Gorai.002G153900.1.D	2843	2737.5	0	0
Gorai.002G154000.1.A	427	321.583	0	0
Gorai.002G154000.1.D	427	321.583	0	0
Gorai.002G154100.1.A	1966	1860.5	68.3148	1.45636
Gorai.002G154100.1.D	1966	1860.5	458.685	9.77842
Gorai.002G154200.1.A	2212	2106.5	14.84	0.279419
Gorai.002G154200.1.D	2212	2106.5	38.16	0.718507
Gorai.002G154300.1.A	1247	1141.5	2478.07	86.1035
Gorai.002G154300.1.D	1247	1141.5	2305.93	80.1223
Gorai.002G154400.1.A	764	658.505	3136.29	188.904
Gorai.002G154400.1.D	764	658.505	4951.71	298.251
Gorai.002G154500.1.A	600	494.551	7.59043	0.608751
Gorai.002G154500.1.D	600	494.551	7.59043	0.608751
Gorai.002G154600.1.A	2167	2061.5	571.265	10.991
Gorai.002G154600.1.D	2167	2061.5	823.735	15.8485
Gorai.002G154700.1.A	466	360.551	2	0.220013
Gorai.002G154700.1.D	466	360.551	0	0
Gorai.002G154800.1.A	998	892.505	14.5779	0.647843
Gorai.002G154800.1.D	998	892.505	14.5779	0.647843
Gorai.002G154900.1.A	1077	971.505	9	0.367437
Gorai.002G154900.1.D	1077	971.505	7	0.285784
Gorai.002G155000.1.A	917	811.505	22.0859	1.07946
Gorai.002G155000.1.D	917	811.505	22.0859	1.07946
Gorai.002G155100.1.A	1438	1332.5	98.4304	2.92985
Gorai.002G155100.1.D	1438	1332.5	63.5696	1.89219
Gorai.002G155200.1.A	2980	2874.5	1117.38	15.4178
Gorai.002G155200.1.D	2980	2874.5	1671.62	23.0654
Gorai.002G155300.1.A	597	491.551	0	0
Gorai.002G155300.1.D	597	491.551	0	0
Gorai.002G155400.1.A	1736	1630.5	20.4344	0.497078
Gorai.002G155400.1.D	1736	1630.5	26.6054	0.64719
Gorai.002G155500.1.A	4608	4502.5	815.222	7.18136
Gorai.002G155500.1.D	4608	4502.5	671.644	5.91656
Gorai.002G155600.1.A	1478	1372.5	3	0.0866947
Gorai.002G155600.1.D	1478	1372.5	43	1.24262
Gorai.002G155700.1.A	1107	1001.5	0	0
Gorai.002G155700.1.D	1107	1001.5	0	0
Gorai.002G155800.1.A	1754	1648.5	47.25	1.13683
Gorai.002G155800.1.D	1754	1648.5	15.75	0.378944
Gorai.002G155900.1.A	2040	1934.5	33.5	0.686847
Gorai.002G155900.1.D	2040	1934.5	33.5	0.686847
Gorai.002G156000.1.A	1086	980.505	0	0
Gorai.002G156000.1.D	1086	980.505	0	0
Gorai.002G156100.1.A	753	647.505	0	0
Gorai.002G156100.1.D	753	647.505	0	0
Gorai.002G156200.1.A	1813	1707.5	9.77778	0.227124
Gorai.002G156200.1.D	1813	1707.5	1.22222	0.0283905
Gorai.002G156300.1.A	1365	1259.5	48.026	1.51238
Gorai.002G156300.1.D	1365	1259.5	37.974	1.19584
Gorai.002G156400.1.A	882	776.505	0	0
Gorai.002G156400.1.D	882	776.505	1	0.0510788
Gorai.002G156500.1.A	1152	1046.5	0	0
Gorai.002G156500.1.D	1152	1046.5	10	0.379004
Gorai.002G156600.1.A	1301	1195.5	1	0.0331767
Gorai.002G156600.1.D	1301	1195.5	1	0.0331767
Gorai.002G156700.1.A	1586	1480.5	19	0.509013
Gorai.002G156700.1.D	1586	1480.5	15	0.401852
Gorai.002G156800.1.A	2052	1946.5	333.701	6.79965
Gorai.002G156800.1.D	2052	1946.5	288.299	5.87453
Gorai.002G156900.1.A	1059	953.505	773.795	32.1876
Gorai.002G156900.1.D	1059	953.505	917.205	38.153
Gorai.002G157000.1.A	1294	1188.5	31.8421	1.06264
Gorai.002G157000.1.D	1294	1188.5	23.1579	0.772828
Gorai.002G157100.1.A	1161	1055.5	0	0
Gorai.002G157100.1.D	1161	1055.5	3.17737	0.119397
Gorai.002G157200.1.A	1825	1719.5	74.2713	1.71318
Gorai.002G157200.1.D	1825	1719.5	68.7287	1.58533
Gorai.002G157300.1.A	1054	948.505	8.72727	0.364942
Gorai.002G157300.1.D	1054	948.505	3.27273	0.136853
Gorai.002G157400.1.A	501	395.551	0	0
Gorai.002G157400.1.D	501	395.551	0	0
Gorai.002G157500.1.A	270	164.849	0	0
Gorai.002G157500.1.D	270	164.849	0	0
Gorai.002G157600.1.A	924	818.505	0	0
Gorai.002G157600.1.D	924	818.505	7	0.339205
Gorai.002G157700.1.A	813	707.505	0	0
Gorai.002G157700.1.D	813	707.505	0	0
Gorai.002G157800.1.A	652	546.505	0	0
Gorai.002G157800.1.D	652	546.505	0	0
Gorai.002G157900.1.A	856	750.505	0	0
Gorai.002G157900.1.D	856	750.505	0	0
Gorai.002G158000.1.A	457	351.551	0	0
Gorai.002G158000.1.D	457	351.551	0	0
Gorai.002G158100.1.A	1003	897.505	927.238	40.9769
Gorai.002G158100.1.D	1003	897.505	315.762	13.9543
Gorai.002G158200.1.A	2038	1932.5	56.5714	1.16108
Gorai.002G158200.1.D	2038	1932.5	51.4286	1.05553
Gorai.002G158300.1.A	995	889.505	173.69	7.74481
Gorai.002G158300.1.D	995	889.505	191.31	8.53051
Gorai.002G158400.1.A	1215	1109.5	67.2093	2.40262
Gorai.002G158400.1.D	1215	1109.5	102.791	3.6746
Gorai.002G158500.1.A	1113	1007.5	567.095	22.3251
Gorai.002G158500.1.D	1113	1007.5	263.905	10.3893
Gorai.002G158600.1.A	1481	1375.5	777.892	22.4307
Gorai.002G158600.1.D	1481	1375.5	606.108	17.4772
Gorai.002G158700.1.A	2337	2231.5	207.059	3.68028
Gorai.002G158700.1.D	2337	2231.5	112.941	2.00743
Gorai.002G158800.1.A	1321	1215.5	432.018	14.0971
Gorai.002G158800.1.D	1321	1215.5	514.982	16.8043
Gorai.002G158900.1.A	2024	1918.5	332.651	6.87719
Gorai.002G158900.1.D	2024	1918.5	70.3491	1.45439
Gorai.002G159000.1.A	1071	965.505	1	0.04108
Gorai.002G159000.1.D	1071	965.505	0	0
Gorai.002G159100.1.A	1870	1764.5	120	2.69739
Gorai.002G159100.1.D	1870	1764.5	11	0.247261
Gorai.002G159200.1.A	1543	1437.5	10.3532	0.285661
Gorai.002G159200.1.D	1543	1437.5	10.3532	0.285661
Gorai.002G159300.1.A	465	359.551	0	0
Gorai.002G159300.1.D	465	359.551	0	0
Gorai.002G159400.1.A	555	449.551	0.5	0.0441139
Gorai.002G159400.1.D	555	449.551	0.5	0.0441139
Gorai.002G159500.1.A	706	600.505	0	0
Gorai.002G159500.1.D	706	600.505	1	0.0660494
Gorai.002G159600.1.A	2236	2130.5	118.085	2.19835
Gorai.002G159600.1.D	2236	2130.5	66.9149	1.24573
Gorai.002G159700.1.A	1079	973.505	28.0385	1.14235
Gorai.002G159700.1.D	1079	973.505	25.9615	1.05774
Gorai.002G159800.1.A	408	302.583	0	0
Gorai.002G159800.1.D	408	302.583	0	0
Gorai.002G159900.1.A	3240	3134.5	127.989	1.61953
Gorai.002G159900.1.D	3240	3134.5	171.011	2.16391
Gorai.002G160000.1.A	1610	1504.5	24.011	0.632997
Gorai.002G160000.1.D	1610	1504.5	70.989	1.87147
Gorai.002G160100.1.A	447	341.583	39	4.52849
Gorai.002G160100.1.D	447	341.583	0	0
Gorai.002G160200.1.A	605	499.551	0	0
Gorai.002G160200.1.D	605	499.551	0	0
Gorai.002G160300.1.A	1951	1845.5	6.47059	0.139064
Gorai.002G160300.1.D	1951	1845.5	15.5294	0.333753
Gorai.002G160400.1.A	708	602.505	0	0
Gorai.002G160400.1.D	708	602.505	0	0
Gorai.002G160500.1.A	1482	1376.5	0	0
Gorai.002G160500.1.D	1482	1376.5	0	0
Gorai.002G160600.1.A	693	587.505	0	0
Gorai.002G160600.1.D	693	587.505	0	0
Gorai.002G160700.1.A	1330	1224.5	0	0
Gorai.002G160700.1.D	1330	1224.5	0	0
Gorai.002G160800.1.A	2448	2342.5	5	0.0846593
Gorai.002G160800.1.D	2448	2342.5	4	0.0677274
Gorai.002G160900.1.A	1217	1111.5	2.4	0.0856416
Gorai.002G160900.1.D	1217	1111.5	3.6	0.128462
Gorai.002G161000.1.A	1073	967.505	11.3438	0.465038
Gorai.002G161000.1.D	1073	967.505	21.6562	0.8878
Gorai.002G161100.1.A	1165	1059.5	35.5	1.32896
Gorai.002G161100.1.D	1165	1059.5	35.5	1.32896
Gorai.002G161200.1.A	3750	3644.5	30	0.326488
Gorai.002G161200.1.D	3750	3644.5	30	0.326488
Gorai.002G161300.1.A	1063	957.505	317.08	13.1345
Gorai.002G161300.1.D	1063	957.505	375.92	15.5718
Gorai.002G161400.1.A	2172	2066.5	87.318	1.67592
Gorai.002G161400.1.D	2172	2066.5	4069.68	78.1104
Gorai.002G161500.1.A	2060	1954.5	386.662	7.84656
Gorai.002G161500.1.D	2060	1954.5	75.3381	1.52884
Gorai.002G161600.1.A	1011	905.505	0	0
Gorai.002G161600.1.D	1011	905.505	4	0.175208
Gorai.002G161700.1.A	912	806.505	0	0
Gorai.002G161700.1.D	912	806.505	0	0
Gorai.002G161800.1.A	1142	1036.5	42.1296	1.61213
Gorai.002G161800.1.D	1142	1036.5	48.8704	1.87008
Gorai.002G161900.1.A	1995	1889.5	128.759	2.70281
Gorai.002G161900.1.D	1995	1889.5	165.241	3.4686
Gorai.002G162000.1.A	671	565.505	1	0.0701373
Gorai.002G162000.1.D	671	565.505	1	0.0701373
Gorai.002G162100.1.A	2915	2809.5	2881.58	40.6805
Gorai.002G162100.1.D	2915	2809.5	203.419	2.87176
Gorai.002G162200.1.A	570	464.551	0	0
Gorai.002G162200.1.D	570	464.551	0	0
Gorai.002G162300.1.A	3246	3140.5	25	0.315737
Gorai.002G162300.1.D	3246	3140.5	0	0
Gorai.002G162400.1.A	1976	1870.5	1076.41	22.8247
Gorai.002G162400.1.D	1976	1870.5	989.588	20.9836
Gorai.002G162500.1.A	443	337.583	17	1.99735
Gorai.002G162500.1.D	443	337.583	17	1.99735
Gorai.002G162600.1.A	3323	3217.5	633.205	7.80567
Gorai.002G162600.1.D	3323	3217.5	546.795	6.74047
Gorai.002G162700.1.A	2054	1948.5	0	0
Gorai.002G162700.1.D	2054	1948.5	3	0.0610667
Gorai.002G162800.1.A	5840	5734.5	1051.5	7.27271
Gorai.002G162800.1.D	5840	5734.5	1318.5	9.11949
Gorai.002G162900.1.A	207	103.083	6.20817	2.38871
Gorai.002G162900.1.D	207	103.083	0	0
Gorai.002G163000.1.A	1945	1839.5	379	8.1719
Gorai.002G163000.1.D	1945	1839.5	379	8.1719
Gorai.002G163100.1.A	3584	3478.5	592.888	6.76029
Gorai.002G163100.1.D	3584	3478.5	337.112	3.84385
Gorai.002G163200.1.A	1344	1238.5	5438.65	174.172
Gorai.002G163200.1.D	1344	1238.5	2022.35	64.7654
Gorai.002G163300.1.A	919	813.505	9.52922	0.464603
Gorai.002G163300.1.D	919	813.505	8.47689	0.413296
Gorai.002G163400.1.A	1467	1361.5	8.88889	0.258948
Gorai.002G163400.1.D	1467	1361.5	1.11111	0.0323686
Gorai.002G163500.1.A	2274	2168.5	488.023	8.92616
Gorai.002G163500.1.D	2274	2168.5	645.977	11.8152
Gorai.002G163600.1.A	2888	2782.5	304.161	4.33564
Gorai.002G163600.1.D	2888	2782.5	302.839	4.31679
Gorai.002G163700.1.A	1222	1116.5	12.9412	0.459725
Gorai.002G163700.1.D	1222	1116.5	7.05882	0.250759
Gorai.002G163800.1.A	875	769.505	55.3687	2.8539
Gorai.002G163800.1.D	875	769.505	131.631	6.78473
Gorai.002G163900.1.A	2415	2309.5	104.077	1.78739
Gorai.002G163900.1.D	2415	2309.5	100.923	1.73323
Gorai.002G164000.1.A	2223	2117.5	3296.01	61.7375
Gorai.002G164000.1.D	2223	2117.5	1769.99	33.1537
Gorai.002G164100.1.A	4736	4630.5	1285.81	11.0137
Gorai.002G164100.1.D	4736	4630.5	1277.19	10.9399
Gorai.002G164200.1.A	2545	2439.5	133.388	2.1687
Gorai.002G164200.1.D	2545	2439.5	134.612	2.1886
Gorai.002G164300.1.A	969	863.505	183.463	8.42692
Gorai.002G164300.1.D	969	863.505	20.5369	0.943312
Gorai.002G164400.1.A	3278	3172.5	1544.47	19.3091
Gorai.002G164400.1.D	3278	3172.5	2186.38	27.3343
Gorai.002G164500.1.A	288	182.738	2	0.434096
Gorai.002G164500.1.D	288	182.738	4	0.868191
Gorai.002G164600.1.A	1295	1189.5	0	0
Gorai.002G164600.1.D	1295	1189.5	0	0
Gorai.002G164700.1.A	3089	2983.5	42.5769	0.566021
Gorai.002G164700.1.D	3089	2983.5	119.423	1.58762
Gorai.002G164800.1.A	1030	924.505	0	0
Gorai.002G164800.1.D	1030	924.505	0	0
Gorai.002G164900.1.A	1943	1837.5	5.38168	0.116165
Gorai.002G164900.1.D	1943	1837.5	135.618	2.92735
Gorai.002G165000.1.A	1072	966.505	10.9091	0.447682
Gorai.002G165000.1.D	1072	966.505	1.09091	0.0447682
Gorai.002G165100.1.A	1832	1726.5	366.823	8.42702
Gorai.002G165100.1.D	1832	1726.5	202.177	4.6446
Gorai.002G165200.1.A	996	890.505	0	0
Gorai.002G165200.1.D	996	890.505	0	0
Gorai.002G165300.1.A	504	398.551	0	0
Gorai.002G165300.1.D	504	398.551	0	0
Gorai.002G165400.1.A	1755	1649.5	2	0.0480907
Gorai.002G165400.1.D	1755	1649.5	2	0.0480907
Gorai.002G165500.1.A	1509	1403.5	139.245	3.93505
Gorai.002G165500.1.D	1509	1403.5	139.245	3.93505
Gorai.002G165600.1.A	668	562.505	1286.73	90.7291
Gorai.002G165600.1.D	668	562.505	331.269	23.3582
Gorai.002G165700.1.A	1914	1808.5	0	0
Gorai.002G165700.1.D	1914	1808.5	55	1.20622
Gorai.002G165800.1.A	1653	1547.5	7.291	0.18687
Gorai.002G165800.1.D	1653	1547.5	5.10463e-06	1.30833e-07
Gorai.002G165900.1.A	516	410.551	1.153	0.11139
Gorai.002G165900.1.D	516	410.551	0	0
Gorai.002G166000.1.A	3759	3653.5	54.9576	0.596627
Gorai.002G166000.1.D	3759	3653.5	0	0
Gorai.002G166100.1.A	312	206.649	1.02773	0.197256
Gorai.002G166100.1.D	312	206.649	0	0
Gorai.002G166200.1.A	363	257.583	30	4.61943
Gorai.002G166200.1.D	363	257.583	0	0
Gorai.002G166300.1.A	4099	3993.5	586.743	5.82746
Gorai.002G166300.1.D	4099	3993.5	545.257	5.41541
Gorai.002G166400.1.A	499	393.551	6	0.604693
Gorai.002G166400.1.D	499	393.551	1	0.100782
Gorai.002G166500.1.A	6527	6421.5	85.8947	0.530536
Gorai.002G166500.1.D	6527	6421.5	50.1053	0.309479
Gorai.002G166600.1.A	2253	2147.5	1	0.0184693
Gorai.002G166600.1.D	2253	2147.5	0	0
Gorai.002G166700.1.A	1576	1470.5	241.683	6.51875
Gorai.002G166700.1.D	1576	1470.5	3181.32	85.8075
Gorai.002G166800.1.A	2392	2286.5	190.032	3.2964
Gorai.002G166800.1.D	2392	2286.5	392.968	6.81663
Gorai.002G166900.1.A	694	588.505	0	0
Gorai.002G166900.1.D	694	588.505	0	0
Gorai.002G167000.1.A	1175	1069.5	79.8053	2.95961
Gorai.002G167000.1.D	1175	1069.5	80.6567	2.99118
Gorai.002G167100.1.A	1755	1649.5	94.5627	2.2738
Gorai.002G167100.1.D	1755	1649.5	83.5813	2.00974
Gorai.002G167200.1.A	2141	2035.5	4.8	0.0935307
Gorai.002G167200.1.D	2141	2035.5	1.2	0.0233827
Gorai.002G167300.1.A	2236	2130.5	971.835	18.0923
Gorai.002G167300.1.D	2236	2130.5	984.165	18.3219
Gorai.002G167400.1.A	1250	1144.5	25.9091	0.897883
Gorai.002G167400.1.D	1250	1144.5	94.0909	3.26073
Gorai.002G167500.1.A	2061	1955.5	336.555	6.82625
Gorai.002G167500.1.D	2061	1955.5	238.445	4.83631
Gorai.002G167600.1.A	687	581.505	0	0
Gorai.002G167600.1.D	687	581.505	0	0
Gorai.002G167700.1.A	3149	3043.5	148.55	1.9359
Gorai.002G167700.1.D	3149	3043.5	129.45	1.687
Gorai.002G167800.1.A	431	325.583	0	0
Gorai.002G167800.1.D	431	325.583	0	0
Gorai.002G167900.1.A	2961	2855.5	669.725	9.30247
Gorai.002G167900.1.D	2961	2855.5	732.275	10.1713
Gorai.002G168000.1.A	249	144.019	0	0
Gorai.002G168000.1.D	249	144.019	0	0
Gorai.002G168100.1.A	2006	1900.5	48.2439	1.00684
Gorai.002G168100.1.D	2006	1900.5	89.7561	1.87318
Gorai.002G168200.1.A	1526	1420.5	391.026	10.9181
Gorai.002G168200.1.D	1526	1420.5	192.974	5.38816
Gorai.002G168300.1.A	2659	2553.5	0	0
Gorai.002G168300.1.D	2659	2553.5	0	0
Gorai.002G168400.1.A	969	863.505	0	0
Gorai.002G168400.1.D	969	863.505	0	0
Gorai.002G168500.1.A	736	630.505	0	0
Gorai.002G168500.1.D	736	630.505	4	0.251627
Gorai.002G168600.1.A	7506	7400.5	16.1796	0.0867146
Gorai.002G168600.1.D	7506	7400.5	53.4403	0.286413
Gorai.002G168700.1.A	354	248.63	0.960629	0.153245
Gorai.002G168700.1.D	354	248.63	0.960629	0.153245
Gorai.002G168800.1.A	555	449.551	0	0
Gorai.002G168800.1.D	555	449.551	0	0
Gorai.002G168900.1.A	498	392.551	3	0.303117
Gorai.002G168900.1.D	498	392.551	3	0.303117
Gorai.002G169000.1.A	1349	1243.5	0	0
Gorai.002G169000.1.D	1349	1243.5	2	0.0637922
Gorai.002G169100.1.A	2571	2465.5	78.4809	1.26253
Gorai.002G169100.1.D	2571	2465.5	70.5191	1.13445
Gorai.002G169200.1.A	2723	2617.5	61.4118	0.93057
Gorai.002G169200.1.D	2723	2617.5	64.5882	0.978703
Gorai.002G169300.1.A	1991	1885.5	0	0
Gorai.002G169300.1.D	1991	1885.5	0	0
Gorai.002G169400.1.A	429	323.583	0	0
Gorai.002G169400.1.D	429	323.583	0	0
Gorai.002G169500.1.A	674	568.505	2.57143	0.179401
Gorai.002G169500.1.D	674	568.505	6.42857	0.448503
Gorai.002G169600.1.A	237	132.247	3	0.899744
Gorai.002G169600.1.D	237	132.247	0	0
Gorai.002G169700.1.A	1241	1135.5	18.8571	0.658676
Gorai.002G169700.1.D	1241	1135.5	3.14286	0.109779
Gorai.002G169800.1.A	2105	1999.5	881.986	17.4954
Gorai.002G169800.1.D	2105	1999.5	903.736	17.9269
Gorai.002G169900.1.A	1830	1724.5	6.28571	0.144569
Gorai.002G169900.1.D	1830	1724.5	4.71429	0.108427
Gorai.002G170000.1.A	528	422.551	0	0
Gorai.002G170000.1.D	528	422.551	0	0
Gorai.002G170100.1.A	845	739.505	1	0.0536345
Gorai.002G170100.1.D	845	739.505	0	0
Gorai.002G170200.1.A	1364	1258.5	16	0.504255
Gorai.002G170200.1.D	1364	1258.5	16	0.504255
Gorai.002G170300.1.A	1267	1161.5	0	0
Gorai.002G170300.1.D	1267	1161.5	0	0
Gorai.002G170400.1.A	2669	2563.5	63.358	0.980284
Gorai.002G170400.1.D	2669	2563.5	125.642	1.94395
Gorai.002G170500.1.A	2144	2038.5	4933.13	95.9832
Gorai.002G170500.1.D	2144	2038.5	6574.69	127.923
Gorai.002G170600.1.A	1380	1274.5	6.5	0.202282
Gorai.002G170600.1.D	1380	1274.5	19.5	0.606845
Gorai.002G170700.1.A	1505	1399.5	0	0
Gorai.002G170700.1.D	1505	1399.5	0	0
Gorai.002G170800.1.A	1030	924.505	24.3987	1.04675
Gorai.002G170800.1.D	1030	924.505	0	0
Gorai.002G170900.1.A	531	425.551	0	0
Gorai.002G170900.1.D	531	425.551	0	0
Gorai.002G171000.1.A	3510	3404.5	8.3125	0.0968417
Gorai.002G171000.1.D	3510	3404.5	10.6875	0.124511
Gorai.002G171100.1.A	2065	1959.5	10.8529	0.219678
Gorai.002G171100.1.D	2065	1959.5	30.1471	0.610216
Gorai.002G171200.1.A	1421	1315.5	300.292	9.0539
Gorai.002G171200.1.D	1421	1315.5	199.708	6.02128
Gorai.002G171300.1.A	1173	1067.5	0	0
Gorai.002G171300.1.D	1173	1067.5	0	0
Gorai.002G171400.1.A	816	710.505	4.01285	0.224012
Gorai.002G171400.1.D	816	710.505	69.336	3.87059
Gorai.002G171500.1.A	760	654.505	2.33344	0.141406
Gorai.002G171500.1.D	760	654.505	2.30772e-08	1.39847e-09
Gorai.002G171600.1.A	795	689.505	0	0
Gorai.002G171600.1.D	795	689.505	0.749182	0.0430958
Gorai.002G171700.1.A	2359	2253.5	2580.28	45.4144
Gorai.002G171700.1.D	2359	2253.5	2421.71	42.6234
Gorai.002G171800.1.A	2414	2308.5	694.048	11.9246
Gorai.002G171800.1.D	2414	2308.5	1005.95	17.2835
Gorai.002G171900.1.A	2926	2820.5	32.6087	0.458555
Gorai.002G171900.1.D	2926	2820.5	17.3913	0.244563
Gorai.002G172000.1.A	1482	1376.5	27.382	0.788992
Gorai.002G172000.1.D	1482	1376.5	70.8112	2.04037
Gorai.002G172100.1.A	689	583.505	1.05456	0.071682
Gorai.002G172100.1.D	689	583.505	1.05456	0.071682
Gorai.002G172200.1.A	1791	1685.5	1468.79	34.5633
Gorai.002G172200.1.D	1791	1685.5	1026.21	24.1485
Gorai.002G172300.1.A	2862	2756.5	657.424	9.45957
Gorai.002G172300.1.D	2862	2756.5	506.576	7.28905
Gorai.002G172400.1.A	1159	1053.5	106.602	4.01339
Gorai.002G172400.1.D	1159	1053.5	32.3985	1.21976
Gorai.002G172500.1.A	1238	1132.5	195.881	6.86022
Gorai.002G172500.1.D	1238	1132.5	77.1186	2.70087
Gorai.002G172600.1.A	1310	1204.5	0	0
Gorai.002G172600.1.D	1310	1204.5	0	0
Gorai.002G172700.1.A	1943	1837.5	0	0
Gorai.002G172700.1.D	1943	1837.5	13	0.280608
Gorai.002G172800.1.A	1212	1106.5	10.3664	0.371588
Gorai.002G172800.1.D	1212	1106.5	10.3664	0.371588
Gorai.002G172900.1.A	312	206.649	0	0
Gorai.002G172900.1.D	312	206.649	0	0
Gorai.002G173000.1.A	1125	1019.5	0	0
Gorai.002G173000.1.D	1125	1019.5	21.0577	0.819232
Gorai.002G173100.1.A	1133	1027.5	16.0551	0.619748
Gorai.002G173100.1.D	1133	1027.5	380.945	14.7049
Gorai.002G173200.1.A	1211	1105.5	32.6154	1.17016
Gorai.002G173200.1.D	1211	1105.5	391.385	14.042
Gorai.002G173300.1.A	1612	1506.5	6927.88	182.396
Gorai.002G173300.1.D	1612	1506.5	1941.12	51.1055
Gorai.002G173400.1.A	1735	1629.5	329.551	8.02144
Gorai.002G173400.1.D	1735	1629.5	155.449	3.7837
Gorai.002G173500.1.A	963	857.505	3438.68	159.052
Gorai.002G173500.1.D	963	857.505	4764.32	220.369
Gorai.002G173600.1.A	1786	1680.5	0	0
Gorai.002G173600.1.D	1786	1680.5	0	0
Gorai.002G173700.1.A	1703	1597.5	24.7845	0.615351
Gorai.002G173700.1.D	1703	1597.5	100.216	2.48816
Gorai.002G173800.1.A	629	523.505	2	0.151529
Gorai.002G173800.1.D	629	523.505	2	0.151529
Gorai.002G173900.1.A	619	513.505	0	0
Gorai.002G173900.1.D	619	513.505	0	0
Gorai.002G174000.1.A	714	608.505	137.514	8.9633
Gorai.002G174000.1.D	714	608.505	623.486	40.6394
Gorai.002G174100.1.A	2090	1984.5	12	0.239836
Gorai.002G174100.1.D	2090	1984.5	5	0.0999316
Gorai.002G174200.1.A	3250	3144.5	2.25	0.0283802
Gorai.002G174200.1.D	3250	3144.5	60.75	0.766265
Gorai.002G174300.1.A	273	167.834	0	0
Gorai.002G174300.1.D	273	167.834	0	0
Gorai.002G174400.1.A	954	848.505	2.66667	0.124652
Gorai.002G174400.1.D	954	848.505	1.33333	0.062326
Gorai.002G174500.1.A	912	806.505	0	0
Gorai.002G174500.1.D	912	806.505	8	0.393431
Gorai.002G174600.1.A	967	861.505	0	0
Gorai.002G174600.1.D	967	861.505	487	22.4211
Gorai.002G174700.1.A	1094	988.505	946.794	37.9893
Gorai.002G174700.1.D	1094	988.505	8.20623	0.329268
Gorai.002G174800.1.A	685	579.505	0	0
Gorai.002G174800.1.D	685	579.505	145	9.92421
Gorai.002G174900.1.A	516	410.551	0.5	0.0483045
Gorai.002G174900.1.D	516	410.551	0.5	0.0483045
Gorai.002G175000.1.A	360	254.63	0	0
Gorai.002G175000.1.D	360	254.63	13.0167	2.02757
Gorai.002G175100.1.A	1210	1104.5	1	0.0359102
Gorai.002G175100.1.D	1210	1104.5	1	0.0359102
Gorai.002G175200.1.A	1065	959.505	0	0
Gorai.002G175200.1.D	1065	959.505	18	0.744064
Gorai.002G175300.1.A	909	803.505	0	0
Gorai.002G175300.1.D	909	803.505	0	0
Gorai.002G175400.1.A	555	449.551	0	0
Gorai.002G175400.1.D	555	449.551	0	0
Gorai.002G175500.1.A	564	458.551	0.953044	0.0824346
Gorai.002G175500.1.D	564	458.551	0.953044	0.0824346
Gorai.002G175600.1.A	498	392.551	0	0
Gorai.002G175600.1.D	498	392.551	11	1.11143
Gorai.002G175700.1.A	2078	1972.5	1.08333	0.0217836
Gorai.002G175700.1.D	2078	1972.5	24.9167	0.501022
Gorai.002G175800.1.A	520	414.551	0	0
Gorai.002G175800.1.D	520	414.551	0	0
Gorai.002G175900.1.A	1190	1084.5	6	0.219434
Gorai.002G175900.1.D	1190	1084.5	14	0.512014
Gorai.002G176000.1.A	1468	1362.5	0	0
Gorai.002G176000.1.D	1468	1362.5	0	0
Gorai.002G176100.1.A	2088	1982.5	2	0.040013
Gorai.002G176100.1.D	2088	1982.5	0	0
Gorai.002G176200.1.A	2532	2426.5	81.4528	1.3314
Gorai.002G176200.1.D	2532	2426.5	4732.92	77.363
Gorai.002G176300.1.A	1891	1785.5	80.3221	1.78426
Gorai.002G176300.1.D	1891	1785.5	95.6779	2.12537
Gorai.002G176400.1.A	615	509.505	0	0
Gorai.002G176400.1.D	615	509.505	0	0
Gorai.002G176500.1.A	3909	3803.5	7021.75	73.2228
Gorai.002G176500.1.D	3909	3803.5	5598.25	58.3786
Gorai.002G176600.1.A	1008	902.505	24.0615	1.05745
Gorai.002G176600.1.D	1008	902.505	43.9385	1.93099
Gorai.002G176700.1.A	3039	2933.5	34.1928	0.462309
Gorai.002G176700.1.D	3039	2933.5	309.807	4.1888
Gorai.002G176800.1.A	912	806.505	0	0
Gorai.002G176800.1.D	912	806.505	0	0
Gorai.002G176900.1.A	2450	2344.5	936.036	15.8353
Gorai.002G176900.1.D	2450	2344.5	1353.96	22.9056
Gorai.002G177000.1.A	2673	2567.5	1511.4	23.3481
Gorai.002G177000.1.D	2673	2567.5	1412.6	21.822
Gorai.002G177100.1.A	414	308.583	585.947	75.3133
Gorai.002G177100.1.D	414	308.583	307.053	39.4662
Gorai.002G177200.1.A	153	54.6492	173.114	125.642
Gorai.002G177200.1.D	153	54.6492	75.8857	55.0758
Gorai.002G177300.1.A	2418	2312.5	0	0
Gorai.002G177300.1.D	2418	2312.5	0	0
Gorai.002G177400.1.A	246	141.071	0	0
Gorai.002G177400.1.D	246	141.071	0	0
Gorai.002G177500.1.A	403	297.583	0	0
Gorai.002G177500.1.D	403	297.583	0	0
Gorai.002G177600.1.A	1038	932.505	6493.46	276.191
Gorai.002G177600.1.D	1038	932.505	4490.54	191
Gorai.002G177700.1.A	1034	928.505	0	0
Gorai.002G177700.1.D	1034	928.505	34.8833	1.49011
Gorai.002G177800.1.A	342	236.63	0	0
Gorai.002G177800.1.D	342	236.63	0	0
Gorai.002G177900.1.A	426	320.583	0	0
Gorai.002G177900.1.D	426	320.583	0	0
Gorai.002G178000.1.A	895	789.505	0	0
Gorai.002G178000.1.D	895	789.505	0	0
Gorai.002G178100.1.A	1346	1240.5	3	0.0959197
Gorai.002G178100.1.D	1346	1240.5	3	0.0959197
Gorai.002G178200.1.A	2594	2488.5	299.739	4.77738
Gorai.002G178200.1.D	2594	2488.5	82.9065	1.3214
Gorai.002G178300.1.A	1558	1452.5	180.327	4.92411
Gorai.002G178300.1.D	1558	1452.5	284.673	7.77345
Gorai.002G178400.1.A	1559	1453.5	2	0.0545756
Gorai.002G178400.1.D	1559	1453.5	0	0
Gorai.002G178500.1.A	1681	1575.5	196.401	4.94434
Gorai.002G178500.1.D	1681	1575.5	152.599	3.84165
Gorai.002G178600.1.A	2379	2273.5	299.92	5.23232
Gorai.002G178600.1.D	2379	2273.5	350.08	6.10741
Gorai.002G178700.1.A	2516	2410.5	39.0673	0.642821
Gorai.002G178700.1.D	2516	2410.5	202.933	3.3391
Gorai.002G178800.1.A	1117	1011.5	10.5556	0.413903
Gorai.002G178800.1.D	1117	1011.5	8.44444	0.331122
Gorai.002G178900.1.A	930	824.505	0	0
Gorai.002G178900.1.D	930	824.505	1	0.0481052
Gorai.002G179000.1.A	2719	2613.5	979.724	14.8684
Gorai.002G179000.1.D	2719	2613.5	833.276	12.6459
Gorai.002G179100.1.A	120	31.5087	0	0
Gorai.002G179100.1.D	120	31.5087	0	0
Gorai.002G179200.1.A	462	356.551	33	3.67094
Gorai.002G179200.1.D	462	356.551	33	3.67094
Gorai.002G179300.1.A	1281	1175.5	1090.99	36.8114
Gorai.002G179300.1.D	1281	1175.5	367.007	12.3833
Gorai.002G179400.1.A	586	480.551	0	0
Gorai.002G179400.1.D	586	480.551	0	0
Gorai.002G179500.1.A	424	318.583	18	2.24096
Gorai.002G179500.1.D	424	318.583	18	2.24096
Gorai.002G179600.1.A	480	374.551	0	0
Gorai.002G179600.1.D	480	374.551	0	0
Gorai.002G179700.1.A	1284	1178.5	396.591	13.3474
Gorai.002G179700.1.D	1284	1178.5	182.409	6.13902
Gorai.002G179800.1.A	632	526.505	145	10.9232
Gorai.002G179800.1.D	632	526.505	0	0
Gorai.002G179900.1.A	1601	1495.5	196.192	5.2033
Gorai.002G179900.1.D	1601	1495.5	101.808	2.70009
Gorai.002G180000.1.A	6068	5962.5	407.239	2.70898
Gorai.002G180000.1.D	6068	5962.5	725.761	4.82781
Gorai.002G180100.1.A	747	641.505	0	0
Gorai.002G180100.1.D	747	641.505	0	0
Gorai.002G180200.1.A	2517	2411.5	206.118	3.3901
Gorai.002G180200.1.D	2517	2411.5	85.8824	1.41254
Gorai.002G180300.1.A	1179	1073.5	29	1.07147
Gorai.002G180300.1.D	1179	1073.5	0	0
Gorai.002G180400.1.A	2456	2350.5	43.0667	0.726717
Gorai.002G180400.1.D	2456	2350.5	13.9333	0.235114
Gorai.002G180500.1.A	2736	2630.5	123.484	1.86189
Gorai.002G180500.1.D	2736	2630.5	138.516	2.08856
Gorai.002G180600.1.A	1251	1145.5	15.3003	0.52977
Gorai.002G180600.1.D	1251	1145.5	0.196844	0.00681571
Gorai.002G180700.1.A	2760	2654.5	117	1.74818
Gorai.002G180700.1.D	2760	2654.5	99	1.47923
Gorai.002G180800.1.A	613	507.551	1	0.0781457
Gorai.002G180800.1.D	613	507.551	1	0.0781457
Gorai.002G180900.1.A	393	287.583	0	0
Gorai.002G180900.1.D	393	287.583	0	0
Gorai.002G181000.1.A	730	624.505	2	0.127022
Gorai.002G181000.1.D	730	624.505	0	0
Gorai.002G181100.1.A	783	677.505	49.3333	2.88811
Gorai.002G181100.1.D	783	677.505	6.66667	0.390285
Gorai.002G181200.1.A	1516	1410.5	5.71429	0.160684
Gorai.002G181200.1.D	1516	1410.5	4.28571	0.120513
Gorai.002G181300.1.A	1988	1882.5	145.045	3.05599
Gorai.002G181300.1.D	1988	1882.5	303.955	6.4041
Gorai.002G181400.1.A	636	530.505	1.64474	0.122968
Gorai.002G181400.1.D	636	530.505	1.64474	0.122968
Gorai.002G181500.1.A	333	227.63	0	0
Gorai.002G181500.1.D	333	227.63	0	0
Gorai.002G181600.1.A	883	777.505	19	0.969249
Gorai.002G181600.1.D	883	777.505	14	0.714184
Gorai.002G181700.1.A	1877	1771.5	12.1579	0.272208
Gorai.002G181700.1.D	1877	1771.5	8.84211	0.19797
Gorai.002G181800.1.A	342	236.63	0	0
Gorai.002G181800.1.D	342	236.63	0	0
Gorai.002G181900.1.A	1298	1192.5	35.2174	1.17134
Gorai.002G181900.1.D	1298	1192.5	18.7826	0.624713
Gorai.002G182000.1.A	1105	999.505	2343.21	92.9845
Gorai.002G182000.1.D	1105	999.505	2105.52	83.5525
Gorai.002G182100.1.A	1182	1076.5	62.7249	2.31105
Gorai.002G182100.1.D	1182	1076.5	8.55339	0.315143
Gorai.002G182200.1.A	4158	4052.5	338.636	3.31432
Gorai.002G182200.1.D	4158	4052.5	280.364	2.744
Gorai.002G182300.1.A	690	584.505	833.627	56.5677
Gorai.002G182300.1.D	690	584.505	601.373	40.8076
Gorai.002G182400.1.A	348	242.63	0	0
Gorai.002G182400.1.D	348	242.63	0	0
Gorai.002G182500.1.A	768	662.505	0	0
Gorai.002G182500.1.D	768	662.505	0	0
Gorai.002G182600.1.A	1830	1724.5	279.893	6.43744
Gorai.002G182600.1.D	1830	1724.5	294.107	6.76434
Gorai.002G182700.1.A	2632	2526.5	91.2597	1.43266
Gorai.002G182700.1.D	2632	2526.5	185.74	2.91589
Gorai.002G182800.1.A	473	367.551	5.62762	0.607284
Gorai.002G182800.1.D	473	367.551	5.62762	0.607284
Gorai.002G182900.1.A	3134	3028.5	225.408	2.95206
Gorai.002G182900.1.D	3134	3028.5	200.592	2.62706
Gorai.002G183000.1.A	1010	904.505	9.14286	0.400918
Gorai.002G183000.1.D	1010	904.505	38.8571	1.7039
Gorai.002G183100.1.A	1109	1003.5	44.6022	1.76287
Gorai.002G183100.1.D	1109	1003.5	77.3978	3.05911
Gorai.002G183200.1.A	876	770.505	0	0
Gorai.002G183200.1.D	876	770.505	0	0
Gorai.002G183300.1.A	1021	915.505	61.6222	2.6697
Gorai.002G183300.1.D	1021	915.505	79.3778	3.43893
Gorai.002G183400.1.A	1029	923.505	43.3333	1.86109
Gorai.002G183400.1.D	1029	923.505	47.6667	2.0472
Gorai.002G183500.1.A	1257	1151.5	1.94444	0.0669753
Gorai.002G183500.1.D	1257	1151.5	33.0556	1.13858
Gorai.002G183600.1.A	1804	1698.5	473.574	11.0588
Gorai.002G183600.1.D	1804	1698.5	62.4257	1.45775
Gorai.002G183700.1.A	1318	1212.5	530.462	17.3523
Gorai.002G183700.1.D	1318	1212.5	848.538	27.757
Gorai.002G183800.1.A	474	368.551	0	0
Gorai.002G183800.1.D	474	368.551	0	0
Gorai.002G183900.1.A	2185	2079.5	286.655	5.46745
Gorai.002G183900.1.D	2185	2079.5	202.345	3.85938
Gorai.002G184000.1.A	1592	1486.5	0	0
Gorai.002G184000.1.D	1592	1486.5	0	0
Gorai.002G184100.1.A	2061	1955.5	325.985	6.61186
Gorai.002G184100.1.D	2061	1955.5	378.015	7.66717
Gorai.002G184200.1.A	671	565.505	2	0.140275
Gorai.002G184200.1.D	671	565.505	2	0.140275
Gorai.002G184300.1.A	2271	2165.5	35	0.641053
Gorai.002G184300.1.D	2271	2165.5	0	0
Gorai.002G184400.1.A	3650	3544.5	270.318	3.02485
Gorai.002G184400.1.D	3650	3544.5	201.682	2.25682
Gorai.002G184500.1.A	1223	1117.5	55.6364	1.97467
Gorai.002G184500.1.D	1223	1117.5	16.3636	0.580785
Gorai.002G184600.1.A	1580	1474.5	0	0
Gorai.002G184600.1.D	1580	1474.5	3	0.0806975
Gorai.002G184700.1.A	2961	2855.5	7.29412	0.101315
Gorai.002G184700.1.D	2961	2855.5	54.7059	0.759864
Gorai.002G184800.1.A	1968	1862.5	2	0.042591
Gorai.002G184800.1.D	1968	1862.5	1	0.0212955
Gorai.002G184900.1.A	652	546.505	0	0
Gorai.002G184900.1.D	652	546.505	0	0
Gorai.002G185000.1.A	711	605.505	24.7273	1.61973
Gorai.002G185000.1.D	711	605.505	9.27273	0.6074
Gorai.002G185100.1.A	1413	1307.5	74.9032	2.27218
Gorai.002G185100.1.D	1413	1307.5	54.0968	1.64102
Gorai.002G185200.1.A	876	770.505	4238.39	218.178
Gorai.002G185200.1.D	876	770.505	4555.57	234.505
Gorai.002G185300.1.A	3362	3256.5	291.219	3.54693
Gorai.002G185300.1.D	3362	3256.5	406.781	4.95444
Gorai.002G185400.1.A	843	737.505	2.77445	0.149209
Gorai.002G185400.1.D	843	737.505	0	0
Gorai.002G185500.1.A	2325	2219.5	18.5818	0.33206
Gorai.002G185500.1.D	2325	2219.5	54.4182	0.972463
Gorai.002G185600.1.A	658	552.505	2.30742	0.165644
Gorai.002G185600.1.D	658	552.505	42.3579	3.04077
Gorai.002G185700.1.A	1448	1342.5	623.448	18.4191
Gorai.002G185700.1.D	1448	1342.5	655.552	19.3676
Gorai.002G185800.1.A	1784	1678.5	0	0
Gorai.002G185800.1.D	1784	1678.5	0	0
Gorai.002G185900.1.A	872	766.505	0	0
Gorai.002G185900.1.D	872	766.505	0	0
Gorai.002G186000.1.A	1461	1355.5	92.5156	2.70707
Gorai.002G186000.1.D	1461	1355.5	907.484	26.5536
Gorai.002G186100.1.A	1127	1021.5	25.9	1.00564
Gorai.002G186100.1.D	1127	1021.5	11.1	0.43099
Gorai.002G186200.1.A	4673	4567.5	1037.18	9.00657
Gorai.002G186200.1.D	4673	4567.5	1674.81	14.5436
Gorai.002G186300.1.A	616	510.505	0	0
Gorai.002G186300.1.D	616	510.505	0	0
Gorai.002G186400.1.A	1924	1818.5	2.66667	0.058162
Gorai.002G186400.1.D	1924	1818.5	1.33333	0.029081
Gorai.002G186500.1.A	2926	2820.5	188.446	2.65
Gorai.002G186500.1.D	2926	2820.5	177.554	2.49682
Gorai.002G186600.1.A	1587	1481.5	571.973	15.3129
Gorai.002G186600.1.D	1587	1481.5	582.027	15.5821
Gorai.002G186700.1.A	654	548.505	5.53771	0.400438
Gorai.002G186700.1.D	654	548.505	5.53771	0.400438
Gorai.002G186800.1.A	1333	1227.5	2756.2	89.0579
Gorai.002G186800.1.D	1333	1227.5	2289.8	73.9877
Gorai.002G186900.1.A	2826	2720.5	97.4204	1.42032
Gorai.002G186900.1.D	2826	2720.5	208.58	3.04094
Gorai.002G187000.1.A	1860	1754.5	81.7021	1.84699
Gorai.002G187000.1.D	1860	1754.5	62.2979	1.40833
Gorai.002G187100.1.A	780	674.505	2.5	0.147008
Gorai.002G187100.1.D	780	674.505	2.5	0.147008
Gorai.002G187200.1.A	1287	1181.5	56.16	1.88528
Gorai.002G187200.1.D	1287	1181.5	24.84	0.833875
Gorai.002G187300.1.A	261	155.894	0	0
Gorai.002G187300.1.D	261	155.894	0	0
Gorai.002G187400.1.A	1876	1770.5	2.66667	0.0597388
Gorai.002G187400.1.D	1876	1770.5	1.33333	0.0298694
Gorai.002G187500.1.A	1807	1701.5	0	0
Gorai.002G187500.1.D	1807	1701.5	0	0
Gorai.002G187600.1.A	1487	1381.5	8.46651	0.243073
Gorai.002G187600.1.D	1487	1381.5	8.46651	0.243073
Gorai.002G187700.1.A	3720	3614.5	46.3158	0.508236
Gorai.002G187700.1.D	3720	3614.5	19.6842	0.216
Gorai.002G187800.1.A	2048	1942.5	151.804	3.09959
Gorai.002G187800.1.D	2048	1942.5	186.196	3.80184
Gorai.002G187900.1.A	480	374.551	39	4.12989
Gorai.002G187900.1.D	480	374.551	0	0
Gorai.002G188000.1.A	1593	1487.5	0	0
Gorai.002G188000.1.D	1593	1487.5	42	1.11989
Gorai.002G188100.1.A	2290	2184.5	693.681	12.5948
Gorai.002G188100.1.D	2290	2184.5	440.319	7.99465
Gorai.002G188200.1.A	294	188.687	0	0
Gorai.002G188200.1.D	294	188.687	0	0
Gorai.002G188300.1.A	2312	2206.5	145.217	2.61035
Gorai.002G188300.1.D	2312	2206.5	181.783	3.26763
Gorai.002G188400.1.A	2592	2486.5	31.2289	0.498141
Gorai.002G188400.1.D	2592	2486.5	64.7711	1.03318
Gorai.002G188500.1.A	906	800.505	0	0
Gorai.002G188500.1.D	906	800.505	0	0
Gorai.002G188600.1.A	2118	2012.5	37.3333	0.735775
Gorai.002G188600.1.D	2118	2012.5	18.6667	0.367887
Gorai.002G188700.1.A	1058	952.505	0	0
Gorai.002G188700.1.D	1058	952.505	0	0
Gorai.002G188800.1.A	1698	1592.5	0	0
Gorai.002G188800.1.D	1698	1592.5	6	0.149436
Gorai.002G188900.1.A	3873	3767.5	0	0
Gorai.002G188900.1.D	3873	3767.5	0	0
Gorai.002G189000.1.A	1221	1115.5	190.146	6.76083
Gorai.002G189000.1.D	1221	1115.5	3.01819	0.107315
Gorai.002G189100.1.A	717	611.505	51.744	3.35618
Gorai.002G189100.1.D	717	611.505	740.256	48.0139
Gorai.002G189200.1.A	414	308.583	0	0
Gorai.002G189200.1.D	414	308.583	0	0
Gorai.002G189300.1.A	962	856.505	123.47	5.71762
Gorai.002G189300.1.D	962	856.505	0	0
Gorai.002G189400.1.A	1776	1670.5	13.3333	0.316575
Gorai.002G189400.1.D	1776	1670.5	1.66667	0.0395718
Gorai.002G189500.1.A	485	379.551	1	0.1045
Gorai.002G189500.1.D	485	379.551	9	0.940496
Gorai.002G189600.1.A	590	484.551	1	0.081855
Gorai.002G189600.1.D	590	484.551	1	0.081855
Gorai.002G189700.1.A	2032	1926.5	2509.02	51.6557
Gorai.002G189700.1.D	2032	1926.5	2627.98	54.105
Gorai.002G189800.1.A	1934	1828.5	122.814	2.66401
Gorai.002G189800.1.D	1934	1828.5	46.1863	1.00185
Gorai.002G189900.1.A	1513	1407.5	0	0
Gorai.002G189900.1.D	1513	1407.5	0	0
Gorai.002G190000.1.A	1181	1075.5	7.2	0.265525
Gorai.002G190000.1.D	1181	1075.5	1.8	0.0663812
Gorai.002G190100.1.A	6150	6044.5	65.3892	0.429072
Gorai.002G190100.1.D	6150	6044.5	116.611	0.765179
Gorai.002G190200.1.A	3033	2927.5	1	0.0135484
Gorai.002G190200.1.D	3033	2927.5	11	0.149032
Gorai.002G190300.1.A	402	296.583	0	0
Gorai.002G190300.1.D	402	296.583	7	0.936131
Gorai.002G190400.1.A	3247	3141.5	3.5	0.0441891
Gorai.002G190400.1.D	3247	3141.5	31.5	0.397702
Gorai.002G190500.1.A	1729	1623.5	129.389	3.16104
Gorai.002G190500.1.D	1729	1623.5	271.611	6.63557
Gorai.002G190600.1.A	1395	1289.5	118.071	3.63167
Gorai.002G190600.1.D	1395	1289.5	84.9286	2.61226
Gorai.002G190700.1.A	1194	1088.5	2.30769	0.0840877
Gorai.002G190700.1.D	1194	1088.5	12.6923	0.462482
Gorai.002G190800.1.A	3395	3289.5	60.5429	0.729991
Gorai.002G190800.1.D	3395	3289.5	102.457	1.23537
Gorai.002G190900.1.A	487	381.551	0	0
Gorai.002G190900.1.D	487	381.551	67	6.96477
Gorai.002G191000.1.A	1882	1776.5	4	0.0893056
Gorai.002G191000.1.D	1882	1776.5	3	0.0669792
Gorai.002G191100.1.A	747	641.505	26	1.60753
Gorai.002G191100.1.D	747	641.505	41	2.53495
Gorai.002G191200.1.A	1991	1885.5	0	0
Gorai.002G191200.1.D	1991	1885.5	7	0.14725
Gorai.002G191300.1.A	1174	1068.5	45.9535	1.7058
Gorai.002G191300.1.D	1174	1068.5	58.0465	2.15469
Gorai.002G191400.1.A	1030	924.505	3982.72	170.866
Gorai.002G191400.1.D	1030	924.505	1548.28	66.4241
Gorai.002G191500.1.A	1095	989.505	300.533	12.0465
Gorai.002G191500.1.D	1095	989.505	330.467	13.2463
Gorai.002G191600.1.A	569	463.551	0.5	0.0427816
Gorai.002G191600.1.D	569	463.551	0.5	0.0427816
Gorai.002G191700.1.A	2407	2301.5	184.176	3.174
Gorai.002G191700.1.D	2407	2301.5	476.824	8.21734
Gorai.002G191800.1.A	3039	2933.5	621.428	8.40212
Gorai.002G191800.1.D	3039	2933.5	696.572	9.41812
Gorai.002G191900.1.A	940	834.505	893.684	42.4757
Gorai.002G191900.1.D	940	834.505	521.316	24.7775
Gorai.002G192000.1.A	360	254.63	0	0
Gorai.002G192000.1.D	360	254.63	0	0
Gorai.002G192100.1.A	273	167.834	0	0
Gorai.002G192100.1.D	273	167.834	0	0
Gorai.002G192200.1.A	490	384.551	0	0
Gorai.002G192200.1.D	490	384.551	0	0
Gorai.002G192300.1.A	921	815.505	0	0
Gorai.002G192300.1.D	921	815.505	95.27	4.63356
Gorai.002G192400.1.A	1776	1670.5	1889.43	44.861
Gorai.002G192400.1.D	1776	1670.5	3157.57	74.9704
Gorai.002G192500.1.A	1165	1059.5	0	0
Gorai.002G192500.1.D	1165	1059.5	0	0
Gorai.002G192600.1.A	1876	1770.5	817.152	18.3059
Gorai.002G192600.1.D	1876	1770.5	827.837	18.5452
Gorai.002G192700.1.A	6196	6090.5	79.1579	0.515497
Gorai.002G192700.1.D	6196	6090.5	108.842	0.708808
Gorai.002G192800.1.A	1116	1010.5	12	0.471008
Gorai.002G192800.1.D	1116	1010.5	10	0.392506
Gorai.002G192900.1.A	1360	1254.5	1825.84	57.7265
Gorai.002G192900.1.D	1360	1254.5	1089.16	34.4354
Gorai.002G193000.1.A	1475	1369.5	301.403	8.72909
Gorai.002G193000.1.D	1475	1369.5	13.5971	0.393793
Gorai.002G193100.1.A	2364	2258.5	7.93027	0.139268
Gorai.002G193100.1.D	2364	2258.5	5.28685	0.0928454
Gorai.002G193200.1.A	1575	1469.5	2	0.0539814
Gorai.002G193200.1.D	1575	1469.5	7	0.188935
Gorai.002G193300.1.A	255	149.978	0	0
Gorai.002G193300.1.D	255	149.978	0	0
Gorai.002G193400.1.A	1191	1085.5	4.36364	0.159442
Gorai.002G193400.1.D	1191	1085.5	7.63636	0.279023
Gorai.002G193500.1.A	1957	1851.5	3097.78	66.3606
Gorai.002G193500.1.D	1957	1851.5	6349.22	136.013
Gorai.002G193600.1.A	911	805.505	3862.54	190.191
Gorai.002G193600.1.D	911	805.505	2657.46	130.853
Gorai.002G193700.1.A	1365	1259.5	34.6047	1.08973
Gorai.002G193700.1.D	1365	1259.5	13.3953	0.421832
Gorai.002G193800.1.A	1446	1340.5	62.8689	1.86017
Gorai.002G193800.1.D	1446	1340.5	2.13115	0.0630565
Gorai.002G193900.1.A	1425	1319.5	0	0
Gorai.002G193900.1.D	1425	1319.5	1	0.030059
Gorai.002G194000.1.A	1873	1767.5	0	0
Gorai.002G194000.1.D	1873	1767.5	0	0
Gorai.002G194100.1.A	267	161.849	0	0
Gorai.002G194100.1.D	267	161.849	5	1.2253
Gorai.002G194200.1.A	255	149.978	0	0
Gorai.002G194200.1.D	255	149.978	6	1.58675
Gorai.002G194300.1.A	804	698.505	0	0
Gorai.002G194300.1.D	804	698.505	0	0
Gorai.002G194400.1.A	827	721.505	0	0
Gorai.002G194400.1.D	827	721.505	0	0
Gorai.002G194500.1.A	872	766.505	6	0.310471
Gorai.002G194500.1.D	872	766.505	0	0
Gorai.002G194600.1.A	417	311.583	2.16869	0.276063
Gorai.002G194600.1.D	417	311.583	2.16869	0.276063
Gorai.002G194700.1.A	562	456.551	5	0.434375
Gorai.002G194700.1.D	562	456.551	5	0.434375
Gorai.002G194800.1.A	522	416.551	0	0
Gorai.002G194800.1.D	522	416.551	0	0
Gorai.002G194900.1.A	489	383.551	0	0
Gorai.002G194900.1.D	489	383.551	0	0
Gorai.002G195000.1.A	1409	1303.5	1993.52	60.6587
Gorai.002G195000.1.D	1409	1303.5	1083.48	32.968
Gorai.002G195100.1.A	3544	3438.5	824.977	9.51606
Gorai.002G195100.1.D	3544	3438.5	2894.02	33.3824
Gorai.002G195200.1.A	2205	2099.5	12	0.226699
Gorai.002G195200.1.D	2205	2099.5	4	0.0755663
Gorai.002G195300.1.A	1323	1217.5	0	0
Gorai.002G195300.1.D	1323	1217.5	0	0
Gorai.002G195400.1.A	1829	1723.5	6.06977	0.139683
Gorai.002G195400.1.D	1829	1723.5	80.9302	1.86244
Gorai.002G195500.1.A	2020	1914.5	0	0
Gorai.002G195500.1.D	2020	1914.5	2	0.0414342
Gorai.002G195600.1.A	1836	1730.5	6.76538	0.155062
Gorai.002G195600.1.D	1836	1730.5	10.1481	0.232593
Gorai.002G195700.1.A	2211	2105.5	8	0.150702
Gorai.002G195700.1.D	2211	2105.5	2	0.0376755
Gorai.002G195800.1.A	2195	2089.5	1125.28	21.36
Gorai.002G195800.1.D	2195	2089.5	1080.72	20.5143
Gorai.002G195900.1.A	963	857.505	25.875	1.19682
Gorai.002G195900.1.D	963	857.505	10.125	0.468321
Gorai.002G196000.1.A	321	215.63	2.5	0.459849
Gorai.002G196000.1.D	321	215.63	2.5	0.459849
Gorai.002G196100.1.A	449	343.583	103.788	11.9812
Gorai.002G196100.1.D	449	343.583	0	0
Gorai.002G196200.1.A	2051	1945.5	0	0
Gorai.002G196200.1.D	2051	1945.5	0	0
Gorai.002G196300.1.A	2500	2394.5	82.3305	1.36373
Gorai.002G196300.1.D	2500	2394.5	269.639	4.46634
Gorai.002G196400.1.A	1188	1082.5	0	0
Gorai.002G196400.1.D	1188	1082.5	0	0
Gorai.002G196500.1.A	288	182.738	0	0
Gorai.002G196500.1.D	288	182.738	0	0
Gorai.002G196600.1.A	694	588.505	0	0
Gorai.002G196600.1.D	694	588.505	0	0
Gorai.002G196700.1.A	1531	1425.5	594.18	16.5323
Gorai.002G196700.1.D	1531	1425.5	48.8204	1.35837
Gorai.002G196800.1.A	1330	1224.5	7	0.226737
Gorai.002G196800.1.D	1330	1224.5	3	0.097173
Gorai.002G196900.1.A	6466	6360.5	2013.07	12.5532
Gorai.002G196900.1.D	6466	6360.5	1887.64	11.771
Gorai.002G197000.1.A	447	341.583	1.06898	0.124125
Gorai.002G197000.1.D	447	341.583	0	0
Gorai.002G197100.1.A	2524	2418.5	37.0167	0.607065
Gorai.002G197100.1.D	2524	2418.5	0	0
Gorai.002G197200.1.A	2831	2725.5	207.983	3.02668
Gorai.002G197200.1.D	2831	2725.5	0	0
Gorai.002G197300.1.A	422	316.583	10	1.25284
Gorai.002G197300.1.D	422	316.583	0	0
Gorai.002G197400.1.A	1842	1736.5	166.562	3.8044
Gorai.002G197400.1.D	1842	1736.5	93.4375	2.13418
Gorai.002G197500.1.A	1336	1230.5	2003.17	64.5682
Gorai.002G197500.1.D	1336	1230.5	4044.83	130.377
Gorai.002G197600.1.A	946	840.505	0	0
Gorai.002G197600.1.D	946	840.505	10	0.471894
Gorai.002G197700.1.A	2943	2837.5	552.727	7.72608
Gorai.002G197700.1.D	2943	2837.5	207.273	2.89728
Gorai.002G197800.1.A	1547	1441.5	11.0714	0.30463
Gorai.002G197800.1.D	1547	1441.5	19.9286	0.548334
Gorai.002G197900.1.A	1503	1397.5	0	0
Gorai.002G197900.1.D	1503	1397.5	0	0
Gorai.002G198000.1.A	1036	930.505	1415.4	60.3317
Gorai.002G198000.1.D	1036	930.505	397.599	16.9477
Gorai.002G198100.1.A	156	56.9452	0	0
Gorai.002G198100.1.D	156	56.9452	0	0
Gorai.002G198200.1.A	1724	1618.5	6.36364	0.155947
Gorai.002G198200.1.D	1724	1618.5	7.63636	0.187136
Gorai.002G198300.1.A	1343	1237.5	168.134	5.38881
Gorai.002G198300.1.D	1343	1237.5	297.866	9.54684
Gorai.002G198400.1.A	1875	1769.5	116.605	2.61366
Gorai.002G198400.1.D	1875	1769.5	205.395	4.60388
Gorai.002G198500.1.A	548	442.551	3	0.26887
Gorai.002G198500.1.D	548	442.551	0	0
Gorai.002G198600.1.A	1720	1614.5	27.4737	0.674936
Gorai.002G198600.1.D	1720	1614.5	1.52632	0.0374964
Gorai.002G198700.1.A	983	877.505	1664.32	75.2267
Gorai.002G198700.1.D	983	877.505	1163.68	52.598
Gorai.002G198800.1.A	858	752.505	9	0.474371
Gorai.002G198800.1.D	858	752.505	2	0.105416
Gorai.002G198900.1.A	1303	1197.5	4382.63	145.159
Gorai.002G198900.1.D	1303	1197.5	25792.4	854.277
Gorai.002G199000.1.A	1901	1795.5	261.908	5.78558
Gorai.002G199000.1.D	1901	1795.5	42.0923	0.929825
Gorai.002G199100.1.A	1143	1037.5	348.461	13.3214
Gorai.002G199100.1.D	1143	1037.5	128.539	4.91394
Gorai.002G199200.1.A	1933	1827.5	1202.04	26.0882
Gorai.002G199200.1.D	1933	1827.5	1212.96	26.3254
Gorai.002G199300.1.A	1221	1115.5	0	0
Gorai.002G199300.1.D	1221	1115.5	0	0
Gorai.002G199400.1.A	1402	1296.5	0	0
Gorai.002G199400.1.D	1402	1296.5	0	0
Gorai.002G199500.1.A	990	884.505	0	0
Gorai.002G199500.1.D	990	884.505	0	0
Gorai.002G199600.1.A	546	440.551	0	0
Gorai.002G199600.1.D	546	440.551	0	0
Gorai.002G199700.1.A	2200	2094.5	256.663	4.86034
Gorai.002G199700.1.D	2200	2094.5	137.337	2.60071
Gorai.002G199800.1.A	2771	2665.5	7.8	0.116065
Gorai.002G199800.1.D	2771	2665.5	18.2	0.270818
Gorai.002G199900.1.A	1169	1063.5	49.8873	1.86053
Gorai.002G199900.1.D	1169	1063.5	27.1127	1.01116
Gorai.002G200000.1.A	2295	2189.5	5	0.0905751
Gorai.002G200000.1.D	2295	2189.5	1	0.018115
Gorai.002G200100.1.A	1476	1370.5	371.876	10.7622
Gorai.002G200100.1.D	1476	1370.5	198.603	5.74764
Gorai.002G200200.1.A	1914	1808.5	213.462	4.6815
Gorai.002G200200.1.D	1914	1808.5	119.538	2.62164
Gorai.002G200300.1.A	138	43.222	91	83.5068
Gorai.002G200300.1.D	138	43.222	0	0
Gorai.002G200400.1.A	456	350.551	12	1.35773
Gorai.002G200400.1.D	456	350.551	0	0
Gorai.002G200500.1.A	3502	3396.5	1533.95	17.9128
Gorai.002G200500.1.D	3502	3396.5	1562.89	18.2508
Gorai.002G200600.1.A	766	660.505	29.75	1.78647
Gorai.002G200600.1.D	766	660.505	4.25	0.25521
Gorai.002G200700.1.A	2412	2306.5	11.3143	0.194562
Gorai.002G200700.1.D	2412	2306.5	24.6857	0.424499
Gorai.002G200800.1.A	378	272.583	0	0
Gorai.002G200800.1.D	378	272.583	0	0
Gorai.002G200900.1.A	2098	1992.5	110.23	2.19424
Gorai.002G200900.1.D	2098	1992.5	53.7705	1.07036
Gorai.002G201000.1.A	1259	1153.5	129	4.43563
Gorai.002G201000.1.D	1259	1153.5	20	0.687695
Gorai.002G201100.1.A	3000	2894.5	4	0.0548114
Gorai.002G201100.1.D	3000	2894.5	2	0.0274057
Gorai.002G201200.1.A	2477	2371.5	155.522	2.60107
Gorai.002G201200.1.D	2477	2371.5	136.478	2.28257
Gorai.002G201300.1.A	1460	1354.5	292.47	8.56417
Gorai.002G201300.1.D	1460	1354.5	398.53	11.6699
Gorai.002G201400.1.A	1239	1133.5	0	0
Gorai.002G201400.1.D	1239	1133.5	0	0
Gorai.002G201500.1.A	795	689.505	0	0
Gorai.002G201500.1.D	795	689.505	0	0
Gorai.002G201600.1.A	5237	5131.5	313.721	2.42485
Gorai.002G201600.1.D	5237	5131.5	189.279	1.46299
Gorai.002G201700.1.A	1395	1289.5	49	1.50716
Gorai.002G201700.1.D	1395	1289.5	48	1.4764
Gorai.002G201800.1.A	1206	1100.5	9	0.324366
Gorai.002G201800.1.D	1206	1100.5	5	0.180203
Gorai.002G201900.1.A	267	161.849	0	0
Gorai.002G201900.1.D	267	161.849	3073	753.071
Gorai.002G202000.1.A	2949	2843.5	632.611	8.82404
Gorai.002G202000.1.D	2949	2843.5	498.389	6.95184
Gorai.002G202100.1.A	1661	1555.5	15.8003	0.402884
Gorai.002G202100.1.D	1661	1555.5	2511.2	64.0317
Gorai.002G202200.1.A	1095	989.505	0	0
Gorai.002G202200.1.D	1095	989.505	2	0.0801673
Gorai.002G202300.1.A	2221	2115.5	2.35897	0.0442277
Gorai.002G202300.1.D	2221	2115.5	43.641	0.818212
Gorai.002G202400.1.A	1564	1458.5	55.2	1.50112
Gorai.002G202400.1.D	1564	1458.5	52.8	1.43586
Gorai.002G202500.1.A	1886	1780.5	13.0776	0.291319
Gorai.002G202500.1.D	1886	1780.5	520.922	11.6042
Gorai.002G202600.1.A	1926	1820.5	0	0
Gorai.002G202600.1.D	1926	1820.5	0	0
Gorai.002G202700.1.A	1257	1151.5	0	0
Gorai.002G202700.1.D	1257	1151.5	14	0.482222
Gorai.002G202800.1.A	468	362.551	0	0
Gorai.002G202800.1.D	468	362.551	0	0
Gorai.002G202900.1.A	444	338.583	0	0
Gorai.002G202900.1.D	444	338.583	0	0
Gorai.002G203000.1.A	453	347.551	0	0
Gorai.002G203000.1.D	453	347.551	0	0
Gorai.002G203100.1.A	609	503.551	0	0
Gorai.002G203100.1.D	609	503.551	0	0
Gorai.002G203200.1.A	1242	1136.5	86.413	3.01573
Gorai.002G203200.1.D	1242	1136.5	72.587	2.53322
Gorai.002G203300.1.A	270	164.849	0	0
Gorai.002G203300.1.D	270	164.849	0	0
Gorai.002G203400.1.A	1425	1319.5	0	0
Gorai.002G203400.1.D	1425	1319.5	0	0
Gorai.002G203500.1.A	1419	1313.5	0	0
Gorai.002G203500.1.D	1419	1313.5	4	0.120785
Gorai.002G203600.1.A	1379	1273.5	19.7917	0.616406
Gorai.002G203600.1.D	1379	1273.5	5.20833	0.162212
Gorai.002G203700.1.A	1311	1205.5	89.4564	2.94325
Gorai.002G203700.1.D	1311	1205.5	1	0.0329015
Gorai.002G203800.1.A	300	194.687	0	0
Gorai.002G203800.1.D	300	194.687	0	0
Gorai.002G203900.1.A	558	452.551	0	0
Gorai.002G203900.1.D	558	452.551	0	0
Gorai.002G204000.1.A	693	587.505	0	0
Gorai.002G204000.1.D	693	587.505	0	0
Gorai.002G204100.1.A	867	761.505	0	0
Gorai.002G204100.1.D	867	761.505	0	0
Gorai.002G204200.1.A	879	773.505	0	0
Gorai.002G204200.1.D	879	773.505	0	0
Gorai.002G204300.1.A	585	479.551	0	0
Gorai.002G204300.1.D	585	479.551	0	0
Gorai.002G204400.1.A	867	761.505	0	0
Gorai.002G204400.1.D	867	761.505	0	0
Gorai.002G204500.1.A	792	686.505	0	0
Gorai.002G204500.1.D	792	686.505	0	0
Gorai.002G204600.1.A	435	329.583	0	0
Gorai.002G204600.1.D	435	329.583	0	0
Gorai.002G204700.1.A	891	785.505	0	0
Gorai.002G204700.1.D	891	785.505	0	0
Gorai.002G204800.1.A	1198	1092.5	0	0
Gorai.002G204800.1.D	1198	1092.5	0	0
Gorai.002G204900.1.A	846	740.505	0	0
Gorai.002G204900.1.D	846	740.505	0	0
Gorai.002G205000.1.A	750	644.505	0	0
Gorai.002G205000.1.D	750	644.505	0	0
Gorai.002G205100.1.A	2191	2085.5	444.476	8.45322
Gorai.002G205100.1.D	2191	2085.5	632.524	12.0296
Gorai.002G205200.1.A	572	466.551	0	0
Gorai.002G205200.1.D	572	466.551	17	1.44522
Gorai.002G205300.1.A	772	666.505	0	0
Gorai.002G205300.1.D	772	666.505	0	0
Gorai.002G205400.1.A	3575	3469.5	74.6724	0.853646
Gorai.002G205400.1.D	3575	3469.5	47.3276	0.541043
Gorai.002G205500.1.A	2509	2403.5	102.329	1.68865
Gorai.002G205500.1.D	2509	2403.5	155.671	2.5689
Gorai.002G205600.1.A	1720	1614.5	8.4	0.20636
Gorai.002G205600.1.D	1720	1614.5	33.6	0.825439
Gorai.002G205700.1.A	1922	1816.5	0	0
Gorai.002G205700.1.D	1922	1816.5	0	0
Gorai.002G205800.1.A	1951	1845.5	14.9273	0.320812
Gorai.002G205800.1.D	1951	1845.5	250.997	5.39433
Gorai.002G205900.1.A	1721	1615.5	278.06	6.82676
Gorai.002G205900.1.D	1721	1615.5	135.94	3.33753
Gorai.002G206000.1.A	2239	2133.5	92.0068	1.71045
Gorai.002G206000.1.D	2239	2133.5	94.0217	1.74791
Gorai.002G206100.1.A	1503	1397.5	8.21739	0.23322
Gorai.002G206100.1.D	1503	1397.5	18.7826	0.533074
Gorai.002G206200.1.A	2540	2434.5	333.945	5.44064
Gorai.002G206200.1.D	2540	2434.5	81.0547	1.32054
Gorai.002G206300.1.A	696	590.505	8	0.537343
Gorai.002G206300.1.D	696	590.505	0	0
Gorai.002G206400.1.A	2430	2324.5	594.456	10.1432
Gorai.002G206400.1.D	2430	2324.5	529.544	9.03559
Gorai.002G206500.1.A	1550	1444.5	18.3273	0.503227
Gorai.002G206500.1.D	1550	1444.5	93.6727	2.57205
Gorai.002G206600.1.A	1272	1166.5	0	0
Gorai.002G206600.1.D	1272	1166.5	0	0
Gorai.002G206700.1.A	3473	3367.5	135.923	1.60092
Gorai.002G206700.1.D	3473	3367.5	92.0769	1.08449
Gorai.002G206800.1.A	4361	4255.5	158.24	1.47486
Gorai.002G206800.1.D	4361	4255.5	98.7598	0.92048
Gorai.002G206900.1.A	1286	1180.5	68.9706	2.31729
Gorai.002G206900.1.D	1286	1180.5	1.02941	0.0345865
Gorai.002G207000.1.A	1799	1693.5	194.087	4.54564
Gorai.002G207000.1.D	1799	1693.5	308.913	7.23494
Gorai.002G207100.1.A	2139	2033.5	119.369	2.32827
Gorai.002G207100.1.D	2139	2033.5	145.631	2.84048
Gorai.002G207200.1.A	1487	1381.5	37.3936	1.07357
Gorai.002G207200.1.D	1487	1381.5	57.6064	1.65388
Gorai.002G207300.1.A	1629	1523.5	1384.45	36.0428
Gorai.002G207300.1.D	1629	1523.5	2283.56	59.4502
Gorai.002G207400.1.A	462	356.551	0	0
Gorai.002G207400.1.D	462	356.551	0	0
Gorai.002G207500.1.A	1126	1020.5	0	0
Gorai.002G207500.1.D	1126	1020.5	6	0.233196
Gorai.002G207600.1.A	1440	1334.5	0	0
Gorai.002G207600.1.D	1440	1334.5	0	0
Gorai.002G207700.1.A	3292	3186.5	345.561	4.30126
Gorai.002G207700.1.D	3292	3186.5	310.439	3.86408
Gorai.002G207800.1.A	2095	1989.5	0	0
Gorai.002G207800.1.D	2095	1989.5	1	0.0199361
Gorai.002G207900.1.A	5925	5819.5	5.38462	0.0366989
Gorai.002G207900.1.D	5925	5819.5	8.61538	0.0587183
Gorai.002G208000.1.A	2242	2136.5	73.1273	1.35757
Gorai.002G208000.1.D	2242	2136.5	201.873	3.74765
Gorai.002G208100.1.A	1677	1571.5	0	0
Gorai.002G208100.1.D	1677	1571.5	0	0
Gorai.002G208200.1.A	2707	2601.5	1	0.0152462
Gorai.002G208200.1.D	2707	2601.5	0	0
Gorai.002G208300.1.A	970	864.505	284.882	13.0702
Gorai.002G208300.1.D	970	864.505	269.118	12.347
Gorai.002G208400.1.A	1294	1188.5	119.949	4.00297
Gorai.002G208400.1.D	1294	1188.5	292.051	9.74635
Gorai.002G208500.1.A	1181	1075.5	25.8205	0.95222
Gorai.002G208500.1.D	1181	1075.5	80.1795	2.95689
Gorai.002G208600.1.A	2273	2167.5	1688.91	30.9052
Gorai.002G208600.1.D	2273	2167.5	1899.68	34.7621
Gorai.002G208700.1.A	1683	1577.5	32.1829	0.80917
Gorai.002G208700.1.D	1683	1577.5	58.8171	1.47883
Gorai.002G208800.1.A	1617	1511.5	13	0.341129
Gorai.002G208800.1.D	1617	1511.5	0	0
Gorai.002G208900.1.A	666	560.505	0	0
Gorai.002G208900.1.D	666	560.505	0	0
Gorai.002G209000.1.A	2539	2433.5	80.5	1.31204
Gorai.002G209000.1.D	2539	2433.5	241.5	3.93613
Gorai.002G209100.1.A	919	813.505	26.122	1.27359
Gorai.002G209100.1.D	919	813.505	24.878	1.21295
Gorai.002G209200.1.A	951	845.505	1	0.0469104
Gorai.002G209200.1.D	951	845.505	0	0
Gorai.002G209300.1.A	1045	939.505	50.4842	2.13129
Gorai.002G209300.1.D	1045	939.505	58.5158	2.47035
Gorai.002G209400.1.A	964	858.505	1	0.0462
Gorai.002G209400.1.D	964	858.505	1	0.0462
Gorai.002G209500.1.A	3243	3137.5	58.4452	0.738838
Gorai.002G209500.1.D	3243	3137.5	102.555	1.29645
Gorai.002G209600.1.A	1335	1229.5	4.08889	0.131905
Gorai.002G209600.1.D	1335	1229.5	41.9111	1.35202
Gorai.002G209700.1.A	273	167.834	0	0
Gorai.002G209700.1.D	273	167.834	0	0
Gorai.002G209800.1.A	636	530.505	0	0
Gorai.002G209800.1.D	636	530.505	0	0
Gorai.002G209900.1.A	1537	1431.5	91.875	2.5456
Gorai.002G209900.1.D	1537	1431.5	83.125	2.30316
Gorai.002G210000.1.A	1463	1357.5	0	0
Gorai.002G210000.1.D	1463	1357.5	12.0491	0.352045
Gorai.002G210100.1.A	807	701.505	0.5	0.0282699
Gorai.002G210100.1.D	807	701.505	0.5	0.0282699
Gorai.002G210200.1.A	1318	1212.5	1	0.0327116
Gorai.002G210200.1.D	1318	1212.5	4	0.130846
Gorai.002G210300.1.A	267	161.849	0	0
Gorai.002G210300.1.D	267	161.849	0	0
Gorai.002G210400.1.A	114	28.4159	0	0
Gorai.002G210400.1.D	114	28.4159	0	0
Gorai.002G210500.1.A	303	197.687	0	0
Gorai.002G210500.1.D	303	197.687	0	0
Gorai.002G210600.1.A	975	869.505	2.4	0.109477
Gorai.002G210600.1.D	975	869.505	9.6	0.437909
Gorai.002G210700.1.A	935	829.505	6	0.286891
Gorai.002G210700.1.D	935	829.505	0	0
Gorai.002G210800.1.A	729	623.505	2	0.127226
Gorai.002G210800.1.D	729	623.505	0	0
Gorai.002G210900.1.A	2271	2165.5	10.7143	0.196241
Gorai.002G210900.1.D	2271	2165.5	4.28571	0.0784963
Gorai.002G211000.1.A	784	678.505	5.07042	0.296399
Gorai.002G211000.1.D	784	678.505	66.9296	3.91246
Gorai.002G211100.1.A	1892	1786.5	161.289	3.58084
Gorai.002G211100.1.D	1892	1786.5	236.711	5.25533
Gorai.002G211200.1.A	2078	1972.5	321.085	6.45634
Gorai.002G211200.1.D	2078	1972.5	418.915	8.42351
Gorai.002G211300.1.A	1187	1081.5	0	0
Gorai.002G211300.1.D	1187	1081.5	2	0.0733477
Gorai.002G211400.1.A	2385	2279.5	253.493	4.41073
Gorai.002G211400.1.D	2385	2279.5	147.507	2.56659
Gorai.002G211500.1.A	1122	1016.5	0	0
Gorai.002G211500.1.D	1122	1016.5	0	0
Gorai.002G211600.1.A	1975	1869.5	4130.78	87.6376
Gorai.002G211600.1.D	1975	1869.5	2372.22	50.3284
Gorai.002G211700.1.A	1526	1420.5	0	0
Gorai.002G211700.1.D	1526	1420.5	1	0.0279217
Gorai.002G211800.1.A	1785	1679.5	620.452	14.6525
Gorai.002G211800.1.D	1785	1679.5	536.548	12.671
Gorai.002G211900.1.A	3883	3777.5	297.435	3.123
Gorai.002G211900.1.D	3883	3777.5	55.5648	0.583418
Gorai.002G212000.1.A	1364	1258.5	536.336	16.9031
Gorai.002G212000.1.D	1364	1258.5	4.66379	0.146984
Gorai.002G212100.1.A	849	743.505	2	0.106692
Gorai.002G212100.1.D	849	743.505	6	0.320076
Gorai.002G212200.1.A	507	401.551	0	0
Gorai.002G212200.1.D	507	401.551	0.820555	0.0810497
Gorai.002G212300.1.A	2024	1918.5	4.98891	0.10314
Gorai.002G212300.1.D	2024	1918.5	15.1905	0.314047
Gorai.002G212400.1.A	1179	1073.5	290.694	10.7403
Gorai.002G212400.1.D	1179	1073.5	169.306	6.25536
Gorai.002G212500.1.A	1266	1160.5	23.75	0.811711
Gorai.002G212500.1.D	1266	1160.5	52.25	1.78577
Gorai.002G212600.1.A	1506	1400.5	740.528	20.9721
Gorai.002G212600.1.D	1506	1400.5	101.472	2.87373
Gorai.002G212700.1.A	806	700.505	7	0.396344
Gorai.002G212700.1.D	806	700.505	1	0.0566205
Gorai.002G212800.1.A	384	278.583	0	0
Gorai.002G212800.1.D	384	278.583	0	0
Gorai.002G212900.1.A	611	505.551	0	0
Gorai.002G212900.1.D	611	505.551	0	0
Gorai.002G213000.1.A	2605	2499.5	0	0
Gorai.002G213000.1.D	2605	2499.5	3	0.047605
Gorai.002G213100.1.A	2986	2880.5	0	0
Gorai.002G213100.1.D	2986	2880.5	35	0.48193
Gorai.002G213200.1.A	1038	932.505	32.8421	1.3969
Gorai.002G213200.1.D	1038	932.505	71.1579	3.02661
Gorai.002G213300.1.A	1364	1258.5	0	0
Gorai.002G213300.1.D	1364	1258.5	0	0
Gorai.002G213400.1.A	2242	2136.5	49.2636	0.914549
Gorai.002G213400.1.D	2242	2136.5	105.736	1.96293
Gorai.002G213500.1.A	1673	1567.5	0	0
Gorai.002G213500.1.D	1673	1567.5	0	0
Gorai.002G213600.1.A	2383	2277.5	99.8679	1.73921
Gorai.002G213600.1.D	2383	2277.5	34.1321	0.594413
Gorai.002G213700.1.A	2286	2180.5	0	0
Gorai.002G213700.1.D	2286	2180.5	0	0
Gorai.002G213800.1.A	1670	1564.5	86.7713	2.1998
Gorai.002G213800.1.D	1670	1564.5	138.229	3.50434
Gorai.002G213900.1.A	2288	2182.5	77.6218	1.41063
Gorai.002G213900.1.D	2288	2182.5	133.378	2.4239
Gorai.002G214000.1.A	656	550.505	1	0.0720483
Gorai.002G214000.1.D	656	550.505	2	0.144097
Gorai.002G214100.1.A	1194	1088.5	155.938	5.68206
Gorai.002G214100.1.D	1194	1088.5	72.0622	2.6258
Gorai.002G214200.1.A	2448	2342.5	1104.88	18.7077
Gorai.002G214200.1.D	2448	2342.5	745.12	12.6163
Gorai.002G214300.1.A	2883	2777.5	8.65306	0.123566
Gorai.002G214300.1.D	2883	2777.5	44.3469	0.633277
Gorai.002G214400.1.A	225	120.599	5.57692	1.83416
Gorai.002G214400.1.D	225	120.599	23.4231	7.70346
Gorai.002G214500.1.A	11351	11245.5	157.08	0.554021
Gorai.002G214500.1.D	11351	11245.5	217.92	0.768606
Gorai.002G214600.1.A	375	269.583	0	0
Gorai.002G214600.1.D	375	269.583	0	0
Gorai.002G214700.1.A	1755	1649.5	415.605	9.99338
Gorai.002G214700.1.D	1755	1649.5	280.395	6.7422
Gorai.002G214800.1.A	1038	932.505	15.3333	0.652185
Gorai.002G214800.1.D	1038	932.505	7.66667	0.326092
Gorai.002G214900.1.A	529	423.551	8.4476	0.791065
Gorai.002G214900.1.D	529	423.551	8.4476	0.791065
Gorai.002G215000.1.A	2568	2462.5	530.896	8.551
Gorai.002G215000.1.D	2568	2462.5	1637.1	26.3684
Gorai.002G215100.1.A	1912	1806.5	338.471	7.43135
Gorai.002G215100.1.D	1912	1806.5	499.529	10.9675
Gorai.002G215200.1.A	444	338.583	0	0
Gorai.002G215200.1.D	444	338.583	0	0
Gorai.002G215300.1.A	1606	1500.5	5.48752	0.145052
Gorai.002G215300.1.D	1606	1500.5	5.48752	0.145052
Gorai.002G215400.1.A	2031	1925.5	0	0
Gorai.002G215400.1.D	2031	1925.5	0	0
Gorai.002G215500.1.A	396	290.583	6	0.818966
Gorai.002G215500.1.D	396	290.583	0	0
Gorai.002G215600.1.A	2031	1925.5	2	0.0411974
Gorai.002G215600.1.D	2031	1925.5	0	0
Gorai.002G215700.1.A	855	749.505	0	0
Gorai.002G215700.1.D	855	749.505	1	0.0529189
Gorai.002G215800.1.A	1079	973.505	80.2353	3.26898
Gorai.002G215800.1.D	1079	973.505	105.765	4.30911
Gorai.002G215900.1.A	1337	1231.5	6.4186	0.206723
Gorai.002G215900.1.D	1337	1231.5	39.5814	1.27479
Gorai.002G216000.1.A	5089	4983.5	186.739	1.48623
Gorai.002G216000.1.D	5089	4983.5	252.261	2.00771
Gorai.002G216100.1.A	1918	1812.5	2291.89	50.1533
Gorai.002G216100.1.D	1918	1812.5	2564.11	56.1103
Gorai.002G216200.1.A	2327	2221.5	173.585	3.09921
Gorai.002G216200.1.D	2327	2221.5	132.415	2.36414
Gorai.002G216300.1.A	2093	1987.5	17.5385	0.35
Gorai.002G216300.1.D	2093	1987.5	39.4615	0.7875
Gorai.002G216400.1.A	423	317.583	0	0
Gorai.002G216400.1.D	423	317.583	0	0
Gorai.002G216500.1.A	3062	2956.5	2	0.026831
Gorai.002G216500.1.D	3062	2956.5	12	0.160986
Gorai.002G216600.1.A	1135	1029.5	67.16	2.58742
Gorai.002G216600.1.D	1135	1029.5	5.84	0.224993
Gorai.002G216700.1.A	3521	3415.5	122.04	1.4172
Gorai.002G216700.1.D	3521	3415.5	147.96	1.7182
Gorai.002G216800.1.A	2153	2047.5	196.323	3.80304
Gorai.002G216800.1.D	2153	2047.5	213.677	4.13922
Gorai.002G216900.1.A	1789	1683.5	66.0367	1.55581
Gorai.002G216900.1.D	1789	1683.5	51.9633	1.22424
Gorai.002G217000.1.A	3723	3617.5	25.5385	0.280008
Gorai.002G217000.1.D	3723	3617.5	57.4615	0.630018
Gorai.002G217100.1.A	504	398.551	4	0.398071
Gorai.002G217100.1.D	504	398.551	4	0.398071
Gorai.002G217200.1.A	1245	1139.5	17.1285	0.596194
Gorai.002G217200.1.D	1245	1139.5	47.2498	1.64463
Gorai.002G217300.1.A	2454	2348.5	20.2179	0.341453
Gorai.002G217300.1.D	2454	2348.5	62.7821	1.0603
Gorai.002G217400.1.A	2723	2617.5	38.75	0.587177
Gorai.002G217400.1.D	2723	2617.5	85.25	1.29179
Gorai.002G217500.1.A	1034	928.505	3.48952	0.149062
Gorai.002G217500.1.D	1034	928.505	3.48952	0.149062
Gorai.002G217600.1.A	2010	1904.5	1.16667	0.0242968
Gorai.002G217600.1.D	2010	1904.5	5.83333	0.121484
Gorai.002G217700.1.A	773	667.505	0.5	0.0297099
Gorai.002G217700.1.D	773	667.505	0.5	0.0297099
Gorai.002G217800.1.A	1046	940.505	4	0.168688
Gorai.002G217800.1.D	1046	940.505	1	0.042172
Gorai.002G217900.1.A	573	467.551	0	0
Gorai.002G217900.1.D	573	467.551	0	0
Gorai.002G218000.1.A	2053	1947.5	75.7647	1.54303
Gorai.002G218000.1.D	2053	1947.5	108.235	2.20432
Gorai.002G218100.1.A	2051	1945.5	1751.43	35.7063
Gorai.002G218100.1.D	2051	1945.5	1539.99	31.3958
Gorai.002G218200.1.A	1905	1799.5	71.726	1.58092
Gorai.002G218200.1.D	1905	1799.5	5.27397	0.116244
Gorai.002G218300.1.A	1734	1628.5	38.3119	0.933104
Gorai.002G218300.1.D	1734	1628.5	77.6881	1.89213
Gorai.002G218400.1.A	1637	1531.5	6.85714	0.177586
Gorai.002G218400.1.D	1637	1531.5	1.14286	0.0295977
Gorai.002G218500.1.A	1850	1744.5	12860.1	292.386
Gorai.002G218500.1.D	1850	1744.5	22265.9	506.237
Gorai.002G218600.1.A	1247	1141.5	0	0
Gorai.002G218600.1.D	1247	1141.5	0	0
Gorai.002G218700.1.A	2279	2173.5	38.7692	0.707476
Gorai.002G218700.1.D	2279	2173.5	45.2308	0.825388
Gorai.002G218800.1.A	1387	1281.5	102.415	3.16978
Gorai.002G218800.1.D	1387	1281.5	15.5849	0.482357
Gorai.002G218900.1.A	1884	1778.5	26.3456	0.587541
Gorai.002G218900.1.D	1884	1778.5	82.438	1.83847
Gorai.002G219000.1.A	1357	1251.5	0.5	0.0158461
Gorai.002G219000.1.D	1357	1251.5	0.5	0.0158461
Gorai.002G219100.1.A	2740	2634.5	2	0.0301104
Gorai.002G219100.1.D	2740	2634.5	3	0.0451655
Gorai.002G219200.1.A	2789	2683.5	93.8022	1.38642
Gorai.002G219200.1.D	2789	2683.5	3.1978	0.0472644
Gorai.002G219300.1.A	1605	1499.5	212.745	5.62726
Gorai.002G219300.1.D	1605	1499.5	97.2549	2.57246
Gorai.002G219400.1.A	7811	7705.5	2903.58	14.9457
Gorai.002G219400.1.D	7811	7705.5	4069.42	20.9468
Gorai.002G219500.1.A	1885	1779.5	0	0
Gorai.002G219500.1.D	1885	1779.5	0	0
Gorai.002G219600.1.A	2086	1980.5	2323.76	46.5372
Gorai.002G219600.1.D	2086	1980.5	5.2396	0.104932
Gorai.002G219700.1.A	3036	2930.5	69.9802	0.947148
Gorai.002G219700.1.D	3036	2930.5	44.0198	0.595786
Gorai.002G219800.1.A	1691	1585.5	18.9231	0.473379
Gorai.002G219800.1.D	1691	1585.5	22.0769	0.552276
Gorai.002G219900.1.A	1267	1161.5	59.0625	2.01686
Gorai.002G219900.1.D	1267	1161.5	45.9375	1.56867
Gorai.002G220000.1.A	1518	1412.5	59.8926	1.68178
Gorai.002G220000.1.D	1518	1412.5	94.4461	2.65203
Gorai.002G220100.1.A	2238	2132.5	3718.79	69.1665
Gorai.002G220100.1.D	2238	2132.5	1603.21	29.8186
Gorai.002G220200.1.A	797	691.505	3	0.172072
Gorai.002G220200.1.D	797	691.505	1	0.0573574
Gorai.002G220300.1.A	5323	5217.5	523.139	3.97685
Gorai.002G220300.1.D	5323	5217.5	484.861	3.68586
Gorai.002G220400.1.A	922	816.505	112.332	5.45669
Gorai.002G220400.1.D	922	816.505	123.668	6.00737
Gorai.002G220500.1.A	1449	1343.5	3.10697	0.0917241
Gorai.002G220500.1.D	1449	1343.5	3.10697	0.0917241
Gorai.002G220600.1.A	875	769.505	0	0
Gorai.002G220600.1.D	875	769.505	0	0
Gorai.002G220700.1.A	3184	3078.5	25.1992	0.324662
Gorai.002G220700.1.D	3184	3078.5	287.801	3.70798
Gorai.002G220800.1.A	1557	1451.5	2	0.0546508
Gorai.002G220800.1.D	1557	1451.5	2	0.0546508
Gorai.002G220900.1.A	969	863.505	0	0
Gorai.002G220900.1.D	969	863.505	0	0
Gorai.002G221000.1.A	1591	1485.5	903.699	24.1287
Gorai.002G221000.1.D	1591	1485.5	867.301	23.1569
Gorai.002G221100.1.A	651	545.505	0	0
Gorai.002G221100.1.D	651	545.505	1	0.0727087
Gorai.002G221200.1.A	818	712.505	0	0
Gorai.002G221200.1.D	818	712.505	0	0
Gorai.002G221300.1.A	1927	1821.5	37.9535	0.82643
Gorai.002G221300.1.D	1927	1821.5	13.0465	0.284085
Gorai.002G221400.1.A	1274	1168.5	0	0
Gorai.002G221400.1.D	1274	1168.5	0	0
Gorai.002G221500.1.A	1443	1337.5	174.227	5.16659
Gorai.002G221500.1.D	1443	1337.5	196.773	5.83521
Gorai.002G221600.1.A	1396	1290.5	3	0.0922033
Gorai.002G221600.1.D	1396	1290.5	0	0
Gorai.002G221700.1.A	2186	2080.5	202.479	3.86009
Gorai.002G221700.1.D	2186	2080.5	176.521	3.3652
Gorai.002G221800.1.A	924	818.505	9.18519	0.445094
Gorai.002G221800.1.D	924	818.505	21.8148	1.0571
Gorai.002G221900.1.A	4634	4528.5	24.583	0.21531
Gorai.002G221900.1.D	4634	4528.5	65.1983	0.57104
Gorai.002G222000.1.A	1335	1229.5	5.83333	0.188179
Gorai.002G222000.1.D	1335	1229.5	8.16667	0.263451
Gorai.002G222100.1.A	1026	920.505	84.3768	3.63565
Gorai.002G222100.1.D	1026	920.505	57.6232	2.48288
Gorai.002G222200.1.A	1146	1040.5	0	0
Gorai.002G222200.1.D	1146	1040.5	28	1.06733
Gorai.002G222300.1.A	986	880.505	190.511	8.58172
Gorai.002G222300.1.D	986	880.505	288.489	12.9952
Gorai.002G222400.1.A	2025	1919.5	1009.53	20.86
Gorai.002G222400.1.D	2025	1919.5	1227.47	25.3634
Gorai.002G222500.1.A	2091	1985.5	195.022	3.8958
Gorai.002G222500.1.D	2091	1985.5	306.978	6.13228
Gorai.002G222600.1.A	2030	1924.5	95.2281	1.9626
Gorai.002G222600.1.D	2030	1924.5	553.772	11.4129
Gorai.002G222700.1.A	2144	2038.5	440.213	8.56516
Gorai.002G222700.1.D	2144	2038.5	213.74	4.15871
Gorai.002G222800.1.A	1490	1384.5	7.72438	0.221286
Gorai.002G222800.1.D	1490	1384.5	3.32319	0.0952018
Gorai.002G222900.1.A	1655	1549.5	2059.66	52.7216
Gorai.002G222900.1.D	1655	1549.5	4780.34	122.363
Gorai.002G223000.1.A	525	419.551	0	0
Gorai.002G223000.1.D	525	419.551	25	2.36341
Gorai.002G223100.1.A	759	653.505	0	0
Gorai.002G223100.1.D	759	653.505	0	0
Gorai.002G223200.1.A	2223	2117.5	175.405	3.2855
Gorai.002G223200.1.D	2223	2117.5	79.5954	1.4909
Gorai.002G223300.1.A	657	551.505	1	0.0719177
Gorai.002G223300.1.D	657	551.505	0	0
Gorai.002G223400.1.A	717	611.505	0	0
Gorai.002G223400.1.D	717	611.505	0	0
Gorai.002G223500.1.A	692	586.505	1	0.067626
Gorai.002G223500.1.D	692	586.505	0	0
Gorai.002G223600.1.A	1571	1465.5	4.66667	0.1263
Gorai.002G223600.1.D	1571	1465.5	23.3333	0.631502
Gorai.002G223700.1.A	609	503.551	0	0
Gorai.002G223700.1.D	609	503.551	0	0
Gorai.002G223800.1.A	2391	2285.5	250.798	4.35238
Gorai.002G223800.1.D	2391	2285.5	58.2021	1.01005
Gorai.002G223900.1.A	1388	1282.5	0	0
Gorai.002G223900.1.D	1388	1282.5	0	0
Gorai.002G224000.1.A	1938	1832.5	0	0
Gorai.002G224000.1.D	1938	1832.5	0	0
Gorai.002G224100.1.A	2341	2235.5	11.3636	0.201617
Gorai.002G224100.1.D	2341	2235.5	13.6364	0.24194
Gorai.002G224200.1.A	1745	1639.5	154.007	3.72575
Gorai.002G224200.1.D	1745	1639.5	127.993	3.0964
Gorai.002G224300.1.A	815	709.505	5	0.279511
Gorai.002G224300.1.D	815	709.505	10	0.559023
Gorai.002G224400.1.A	807	701.505	0	0
Gorai.002G224400.1.D	807	701.505	0	0
Gorai.002G224500.1.A	649	543.505	6	0.437858
Gorai.002G224500.1.D	649	543.505	9	0.656786
Gorai.002G224600.1.A	545	439.551	0	0
Gorai.002G224600.1.D	545	439.551	0	0
Gorai.002G224700.1.A	932	826.505	0	0
Gorai.002G224700.1.D	932	826.505	4	0.191955
Gorai.002G224800.1.A	743	637.505	1.375	0.0855469
Gorai.002G224800.1.D	743	637.505	9.625	0.598828
Gorai.002G224900.1.A	1481	1375.5	336.381	9.69961
Gorai.002G224900.1.D	1481	1375.5	298.103	8.59586
Gorai.002G225000.1.A	1126	1020.5	36.5011	1.41865
Gorai.002G225000.1.D	1126	1020.5	57.7716	2.24535
Gorai.002G225100.1.A	939	833.505	2963.53	141.022
Gorai.002G225100.1.D	939	833.505	4082.27	194.258
Gorai.002G225200.1.A	1350	1244.5	582.568	18.5667
Gorai.002G225200.1.D	1350	1244.5	774.432	24.6815
Gorai.002G225300.1.A	1740	1634.5	11	0.266926
Gorai.002G225300.1.D	1740	1634.5	11	0.266926
Gorai.002G225400.1.A	1562	1456.5	0.5	0.0136158
Gorai.002G225400.1.D	1562	1456.5	0.5	0.0136158
Gorai.002G225500.1.A	462	356.551	0	0
Gorai.002G225500.1.D	462	356.551	1	0.11124
Gorai.002G225600.1.A	991	885.505	0	0
Gorai.002G225600.1.D	991	885.505	0	0
Gorai.002G225700.1.A	1655	1549.5	48.3636	1.23797
Gorai.002G225700.1.D	1655	1549.5	27.6364	0.707413
Gorai.002G225800.1.A	3164	3058.5	951.205	12.3353
Gorai.002G225800.1.D	3164	3058.5	2065.79	26.7894
Gorai.002G225900.1.A	2436	2330.5	604.758	10.2924
Gorai.002G225900.1.D	2436	2330.5	353.242	6.01183
Gorai.002G226000.1.A	3574	3468.5	6.6	0.0754721
Gorai.002G226000.1.D	3574	3468.5	4.4	0.0503147
Gorai.002G226100.1.A	1430	1324.5	27.9153	0.835936
Gorai.002G226100.1.D	1430	1324.5	33.0847	0.990739
Gorai.002G226200.1.A	1013	907.505	45.7143	1.99797
Gorai.002G226200.1.D	1013	907.505	66.2857	2.89705
Gorai.002G226300.1.A	1213	1107.5	53.8598	1.92888
Gorai.002G226300.1.D	1213	1107.5	59.1402	2.11798
Gorai.002G226400.1.A	1173	1067.5	0	0
Gorai.002G226400.1.D	1173	1067.5	0	0
Gorai.002G226500.1.A	2300	2194.5	0	0
Gorai.002G226500.1.D	2300	2194.5	0	0
Gorai.002G226600.1.A	5681	5575.5	631.869	4.49498
Gorai.002G226600.1.D	5681	5575.5	791.131	5.62794
Gorai.002G226700.1.A	2303	2197.5	4.8	0.0866356
Gorai.002G226700.1.D	2303	2197.5	1.2	0.0216589
Gorai.002G226800.1.A	441	335.583	0	0
Gorai.002G226800.1.D	441	335.583	0	0
Gorai.002G226900.1.A	716	610.505	10.2479	0.665782
Gorai.002G226900.1.D	716	610.505	10.2479	0.665782
Gorai.002G227000.1.A	1853	1747.5	792.052	17.9771
Gorai.002G227000.1.D	1853	1747.5	683.948	15.5235
Gorai.002G227100.1.A	652	546.505	3	0.217727
Gorai.002G227100.1.D	652	546.505	6	0.435454
Gorai.002G227200.1.A	672	566.505	250.107	17.5109
Gorai.002G227200.1.D	672	566.505	213.893	14.9754
Gorai.002G227300.1.A	324	218.63	3	0.544247
Gorai.002G227300.1.D	324	218.63	2	0.362831
Gorai.002G227400.1.A	726	620.505	0	0
Gorai.002G227400.1.D	726	620.505	0	0
Gorai.002G227500.1.A	1995	1889.5	21	0.440815
Gorai.002G227500.1.D	1995	1889.5	3	0.0629736
Gorai.002G227600.1.A	1154	1048.5	1118.34	42.3047
Gorai.002G227600.1.D	1154	1048.5	2553.66	96.6001
Gorai.002G227700.1.A	387	281.583	0	0
Gorai.002G227700.1.D	387	281.583	0	0
Gorai.002G227800.1.A	2116	2010.5	45	0.887753
Gorai.002G227800.1.D	2116	2010.5	48	0.946937
Gorai.002G227900.1.A	1383	1277.5	202.538	6.28824
Gorai.002G227900.1.D	1383	1277.5	53.4618	1.65984
Gorai.002G228000.1.A	1459	1353.5	1193.57	34.9763
Gorai.002G228000.1.D	1459	1353.5	6241.43	182.898
Gorai.002G228100.1.A	2400	2294.5	550.533	9.51654
Gorai.002G228100.1.D	2400	2294.5	528.467	9.13512
Gorai.002G228200.1.A	1973	1867.5	5	0.106192
Gorai.002G228200.1.D	1973	1867.5	0	0
Gorai.002G228300.1.A	585	479.551	0	0
Gorai.002G228300.1.D	585	479.551	0	0
Gorai.002G228400.1.A	1168	1062.5	2998.52	111.934
Gorai.002G228400.1.D	1168	1062.5	2614.22	97.5879
Gorai.002G228500.1.A	1882	1776.5	536.942	11.988
Gorai.002G228500.1.D	1882	1776.5	136.058	3.03768
Gorai.002G228600.1.A	1662	1556.5	5	0.12741
Gorai.002G228600.1.D	1662	1556.5	0	0
Gorai.002G228700.1.A	1807	1701.5	0	0
Gorai.002G228700.1.D	1807	1701.5	0	0
Gorai.002G228800.1.A	1788	1682.5	0	0
Gorai.002G228800.1.D	1788	1682.5	1	0.0235737
Gorai.002G228900.1.A	2032	1926.5	0	0
Gorai.002G228900.1.D	2032	1926.5	30	0.617641
Gorai.002G229000.1.A	2510	2404.5	31.1773	0.514278
Gorai.002G229000.1.D	2510	2404.5	125.823	2.07548
Gorai.002G229100.1.A	1695	1589.5	293.793	7.33102
Gorai.002G229100.1.D	1695	1589.5	216.207	5.39501
Gorai.002G229200.1.A	1240	1134.5	2186.02	76.4244
Gorai.002G229200.1.D	1240	1134.5	1437.98	50.2727
Gorai.002G229300.1.A	1484	1378.5	82.0986	2.36218
Gorai.002G229300.1.D	1484	1378.5	4.90141	0.141025
Gorai.002G229400.1.A	2529	2423.5	83.0662	1.35946
Gorai.002G229400.1.D	2529	2423.5	214.934	3.51759
Gorai.002G229500.1.A	531	425.551	0	0
Gorai.002G229500.1.D	531	425.551	695	64.7765
Gorai.002G229600.1.A	534	428.551	0	0
Gorai.002G229600.1.D	534	428.551	0	0
Gorai.002G229700.1.A	342	236.63	0	0
Gorai.002G229700.1.D	342	236.63	0	0
Gorai.002G229800.1.A	2220	2114.5	62.7633	1.17729
Gorai.002G229800.1.D	2220	2114.5	161.237	3.02441
Gorai.002G229900.1.A	1671	1565.5	452.501	11.4644
Gorai.002G229900.1.D	1671	1565.5	435.499	11.0336
Gorai.002G230000.1.A	1860	1754.5	747.524	16.8988
Gorai.002G230000.1.D	1860	1754.5	604.336	13.6618
Gorai.002G230100.1.A	565	459.551	172.044	14.8488
Gorai.002G230100.1.D	565	459.551	360.956	31.1534
Gorai.002G230200.1.A	3894	3788.5	179.279	1.87692
Gorai.002G230200.1.D	3894	3788.5	159.721	1.67217
Gorai.002G230300.1.A	1700	1594.5	0	0
Gorai.002G230300.1.D	1700	1594.5	33	0.820867
Gorai.002G230400.1.A	798	692.505	1	0.0572746
Gorai.002G230400.1.D	798	692.505	2	0.114549
Gorai.002G230500.1.A	3906	3800.5	60.1031	0.62725
Gorai.002G230500.1.D	3906	3800.5	45.8969	0.478991
Gorai.002G230600.1.A	722	616.505	671.346	43.1912
Gorai.002G230600.1.D	722	616.505	501.654	32.274
Gorai.002G230700.1.A	3714	3608.5	3214.65	35.3339
Gorai.002G230700.1.D	3714	3608.5	1991.65	21.8912
Gorai.002G230800.1.A	1876	1770.5	297.944	6.67455
Gorai.002G230800.1.D	1876	1770.5	320.056	7.16992
Gorai.002G230900.1.A	1696	1590.5	0	0
Gorai.002G230900.1.D	1696	1590.5	2	0.0498747
Gorai.002G231000.1.A	1432	1326.5	45.5422	1.36173
Gorai.002G231000.1.D	1432	1326.5	80.4578	2.40572
Gorai.002G231100.1.A	2487	2381.5	476.074	7.9288
Gorai.002G231100.1.D	2487	2381.5	413.926	6.89376
Gorai.002G231200.1.A	1391	1285.5	496.313	15.3132
Gorai.002G231200.1.D	1391	1285.5	869.687	26.8333
Gorai.002G231300.1.A	2131	2025.5	2678.01	52.4402
Gorai.002G231300.1.D	2131	2025.5	1416.99	27.7471
Gorai.002G231400.1.A	2182	2076.5	45.5349	0.869754
Gorai.002G231400.1.D	2182	2076.5	132.465	2.53019
Gorai.002G231500.1.A	2050	1944.5	7.17949	0.146443
Gorai.002G231500.1.D	2050	1944.5	32.8205	0.669455
Gorai.002G231600.1.A	1342	1236.5	0	0
Gorai.002G231600.1.D	1342	1236.5	0	0
Gorai.002G231700.1.A	1053	947.505	90.5752	3.79151
Gorai.002G231700.1.D	1053	947.505	78.4248	3.2829
Gorai.002G231800.1.A	921	815.505	2136.04	103.889
Gorai.002G231800.1.D	921	815.505	2266.96	110.256
Gorai.002G231900.1.A	3001	2895.5	286.942	3.93057
Gorai.002G231900.1.D	3001	2895.5	310.656	4.25541
Gorai.002G232000.1.A	666	560.505	0.5	0.0353815
Gorai.002G232000.1.D	666	560.505	0.5	0.0353815
Gorai.002G232100.1.A	2097	1991.5	6.54052	0.130261
Gorai.002G232100.1.D	2097	1991.5	6.54052	0.130261
Gorai.002G232200.1.A	2609	2503.5	260.333	4.12444
Gorai.002G232200.1.D	2609	2503.5	222.667	3.52771
Gorai.002G232300.1.A	1968	1862.5	1964.58	41.8366
Gorai.002G232300.1.D	1968	1862.5	2132.04	45.4028
Gorai.002G232400.1.A	441	335.583	0	0
Gorai.002G232400.1.D	441	335.583	0	0
Gorai.002G232500.1.A	1863	1757.5	0	0
Gorai.002G232500.1.D	1863	1757.5	0	0
Gorai.002G232600.1.A	663	557.505	0	0
Gorai.002G232600.1.D	663	557.505	0	0
Gorai.002G232700.1.A	4079	3973.5	709.209	7.07922
Gorai.002G232700.1.D	4079	3973.5	684.791	6.83548
Gorai.002G232800.1.A	1959	1853.5	0	0
Gorai.002G232800.1.D	1959	1853.5	0	0
Gorai.002G232900.1.A	1302	1196.5	33.6593	1.11577
Gorai.002G232900.1.D	1302	1196.5	108.341	3.59139
Gorai.002G233000.1.A	779	673.505	0	0
Gorai.002G233000.1.D	779	673.505	0	0
Gorai.002G233100.1.A	1233	1127.5	16.8	0.590984
Gorai.002G233100.1.D	1233	1127.5	1.2	0.0422132
Gorai.002G233200.1.A	2812	2706.5	294.202	4.31144
Gorai.002G233200.1.D	2812	2706.5	347.798	5.09686
Gorai.002G233300.1.A	2360	2254.5	195.27	3.43534
Gorai.002G233300.1.D	2360	2254.5	229.73	4.04158
Gorai.002G233400.1.A	529	423.551	0	0
Gorai.002G233400.1.D	529	423.551	0	0
Gorai.002G233500.1.A	2837	2731.5	4	0.0580822
Gorai.002G233500.1.D	2837	2731.5	4	0.0580822
Gorai.002G233600.1.A	795	689.505	5.26316	0.302757
Gorai.002G233600.1.D	795	689.505	14.7368	0.847719
Gorai.002G233700.1.A	1874	1768.5	13115.5	294.147
Gorai.002G233700.1.D	1874	1768.5	7757.47	173.98
Gorai.002G233800.1.A	819	713.505	553.269	30.7556
Gorai.002G233800.1.D	819	713.505	742.731	41.2876
Gorai.002G233900.1.A	1601	1495.5	71.3628	1.89265
Gorai.002G233900.1.D	1601	1495.5	180.637	4.79076
Gorai.002G234000.1.A	2146	2040.5	168.275	3.27091
Gorai.002G234000.1.D	2146	2040.5	357.725	6.95338
Gorai.002G234100.1.A	2577	2471.5	77.23	1.2394
Gorai.002G234100.1.D	2577	2471.5	157.77	2.53191
Gorai.002G234200.1.A	1180	1074.5	2256.07	83.278
Gorai.002G234200.1.D	1180	1074.5	1903.93	70.2792
Gorai.002G234300.1.A	819	713.505	2	0.111178
Gorai.002G234300.1.D	819	713.505	0	0
Gorai.002G234400.1.A	1673	1567.5	638.002	16.1435
Gorai.002G234400.1.D	1673	1567.5	401.998	10.1718
Gorai.002G234500.1.A	2086	1980.5	3	0.0600801
Gorai.002G234500.1.D	2086	1980.5	0	0
Gorai.002G234600.1.A	1957	1851.5	0	0
Gorai.002G234600.1.D	1957	1851.5	0	0
Gorai.002G234700.1.A	1288	1182.5	0	0
Gorai.002G234700.1.D	1288	1182.5	0	0
Gorai.002G234800.1.A	1568	1462.5	16	0.433918
Gorai.002G234800.1.D	1568	1462.5	0	0
Gorai.002G234900.1.A	2911	2805.5	368.768	5.21348
Gorai.002G234900.1.D	2911	2805.5	152.232	2.15218
Gorai.002G235000.1.A	649	543.505	0	0
Gorai.002G235000.1.D	649	543.505	0	0
Gorai.002G235100.1.A	3003	2897.5	745.149	10.2001
Gorai.002G235100.1.D	3003	2897.5	685.851	9.38837
Gorai.002G235200.1.A	1322	1216.5	747.306	24.3652
Gorai.002G235200.1.D	1322	1216.5	1111.69	36.2457
Gorai.002G235300.1.A	3493	3387.5	57.1636	0.669306
Gorai.002G235300.1.D	3493	3387.5	73.8364	0.864521
Gorai.002G235400.1.A	1924	1818.5	191.165	4.16945
Gorai.002G235400.1.D	1924	1818.5	248.835	5.42728
Gorai.002G235500.1.A	1795	1689.5	95.0711	2.2319
Gorai.002G235500.1.D	1795	1689.5	140.929	3.30846
Gorai.002G235600.1.A	1317	1211.5	14.9655	0.48995
Gorai.002G235600.1.D	1317	1211.5	16.0345	0.524946
Gorai.002G235700.1.A	630	524.505	0	0
Gorai.002G235700.1.D	630	524.505	0	0
Gorai.002G235800.1.A	1690	1584.5	1601.66	40.0923
Gorai.002G235800.1.D	1690	1584.5	7918.34	198.21
Gorai.002G235900.1.A	1396	1290.5	16	0.491751
Gorai.002G235900.1.D	1396	1290.5	0	0
Gorai.002G236000.1.A	1407	1301.5	30.5455	0.930863
Gorai.002G236000.1.D	1407	1301.5	5.45455	0.166226
Gorai.002G236100.1.A	969	863.505	0	0
Gorai.002G236100.1.D	969	863.505	0	0
Gorai.002G236200.1.A	522	416.551	21	1.99957
Gorai.002G236200.1.D	522	416.551	74	7.04609
Gorai.002G236300.1.A	1076	970.505	4.6	0.187994
Gorai.002G236300.1.D	1076	970.505	18.4	0.751978
Gorai.002G236400.1.A	1307	1201.5	8.1194	0.26803
Gorai.002G236400.1.D	1307	1201.5	59.8806	1.97672
Gorai.002G236500.1.A	879	773.505	2.22222	0.113949
Gorai.002G236500.1.D	879	773.505	7.77778	0.398821
Gorai.002G236600.1.A	1181	1075.5	6461.85	238.303
Gorai.002G236600.1.D	1181	1075.5	4654.15	171.638
Gorai.002G236700.1.A	1842	1736.5	1261.27	28.8082
Gorai.002G236700.1.D	1842	1736.5	261.733	5.97817
Gorai.002G236800.1.A	1693	1587.5	0	0
Gorai.002G236800.1.D	1693	1587.5	0	0
Gorai.002G236900.1.A	843	737.505	0	0
Gorai.002G236900.1.D	843	737.505	0	0
Gorai.002G237000.1.A	1194	1088.5	2	0.072876
Gorai.002G237000.1.D	1194	1088.5	1	0.036438
Gorai.002G237100.1.A	994	888.505	72.1224	3.21955
Gorai.002G237100.1.D	994	888.505	51.8776	2.31582
Gorai.002G237200.1.A	1005	899.505	6	0.264565
Gorai.002G237200.1.D	1005	899.505	0	0
Gorai.002G237300.1.A	1262	1156.5	2.83584	0.0972568
Gorai.002G237300.1.D	1262	1156.5	7.08961	0.243142
Gorai.002G237400.1.A	1165	1059.5	5.07454	0.189967
Gorai.002G237400.1.D	1165	1059.5	0	0
Gorai.002G237500.1.A	1153	1047.5	2	0.0757284
Gorai.002G237500.1.D	1153	1047.5	1	0.0378642
Gorai.002G237600.1.A	1106	1000.5	2	0.0792859
Gorai.002G237600.1.D	1106	1000.5	1	0.0396429
Gorai.002G237700.1.A	1935	1829.5	117.562	2.54871
Gorai.002G237700.1.D	1935	1829.5	34.4375	0.746591
Gorai.002G237800.1.A	1932	1826.5	8.55556	0.185786
Gorai.002G237800.1.D	1932	1826.5	2.44444	0.0530816
Gorai.002G237900.1.A	1321	1215.5	0	0
Gorai.002G237900.1.D	1321	1215.5	0	0
Gorai.002G238000.1.A	1263	1157.5	0	0
Gorai.002G238000.1.D	1263	1157.5	0	0
Gorai.002G238100.1.A	1131	1025.5	88.3706	3.41787
Gorai.002G238100.1.D	1131	1025.5	273.629	10.583
Gorai.002G238200.1.A	3871	3765.5	267.562	2.81829
Gorai.002G238200.1.D	3871	3765.5	250.438	2.63792
Gorai.002G238300.1.A	1093	987.505	1	0.0401648
Gorai.002G238300.1.D	1093	987.505	0	0
Gorai.002G238400.1.A	675	569.505	0	0
Gorai.002G238400.1.D	675	569.505	0	0
Gorai.002G238500.1.A	2637	2531.5	0	0
Gorai.002G238500.1.D	2637	2531.5	0	0
Gorai.002G238600.1.A	1855	1749.5	2.05405	0.0465674
Gorai.002G238600.1.D	1855	1749.5	35.9459	0.814929
Gorai.002G238700.1.A	1959	1853.5	16.5714	0.35461
Gorai.002G238700.1.D	1959	1853.5	12.4286	0.265958
Gorai.002G238800.1.A	3753	3647.5	93.4715	1.01641
Gorai.002G238800.1.D	3753	3647.5	126.528	1.37587
Gorai.002G238900.1.A	1281	1175.5	45	1.51835
Gorai.002G238900.1.D	1281	1175.5	68.0571	2.29633
Gorai.002G239000.1.A	2015	1909.5	2551.98	53.0079
Gorai.002G239000.1.D	2015	1909.5	2119.02	44.0149
Gorai.002G239100.1.A	1044	938.505	22	0.929761
Gorai.002G239100.1.D	1044	938.505	17	0.718451
Gorai.002G239200.1.A	1835	1729.5	157.949	3.62227
Gorai.002G239200.1.D	1835	1729.5	149.051	3.4182
Gorai.002G239300.1.A	1248	1142.5	12	0.416589
Gorai.002G239300.1.D	1248	1142.5	1	0.0347158
Gorai.002G239400.1.A	1684	1578.5	272.431	6.84534
Gorai.002G239400.1.D	1684	1578.5	183.569	4.61253
Gorai.002G239500.1.A	440	334.583	25	2.96361
Gorai.002G239500.1.D	440	334.583	0	0
Gorai.002G239600.1.A	1715	1609.5	196.381	4.8394
Gorai.002G239600.1.D	1715	1609.5	81.2686	2.0027
Gorai.002G239700.1.A	1354	1248.5	52	1.65195
Gorai.002G239700.1.D	1354	1248.5	78	2.47793
Gorai.002G239800.1.A	751	645.505	0	0
Gorai.002G239800.1.D	751	645.505	1	0.0614449
Gorai.002G239900.1.A	989	883.505	51.6582	2.31908
Gorai.002G239900.1.D	989	883.505	0	0
Gorai.002G240000.1.A	593	487.551	491.181	39.9582
Gorai.002G240000.1.D	593	487.551	414.16	33.6925
Gorai.002G240100.1.A	1672	1566.5	304.269	7.7039
Gorai.002G240100.1.D	1672	1566.5	242.731	6.14581
Gorai.002G240200.1.A	1304	1198.5	0	0
Gorai.002G240200.1.D	1304	1198.5	10	0.330937
Gorai.002G240300.1.A	2088	1982.5	10.4545	0.209159
Gorai.002G240300.1.D	2088	1982.5	12.5455	0.25099
Gorai.002G240400.1.A	2333	2227.5	56.0567	0.998145
Gorai.002G240400.1.D	2333	2227.5	24.1132	0.429359
Gorai.002G240500.1.A	1903	1797.5	1.16667	0.0257431
Gorai.002G240500.1.D	1903	1797.5	5.83333	0.128716
Gorai.002G240600.1.A	291	185.705	8	1.70865
Gorai.002G240600.1.D	291	185.705	0	0
Gorai.002G240700.1.A	762	656.505	430.272	25.995
Gorai.002G240700.1.D	762	656.505	306.728	18.5311
Gorai.002G240800.1.A	681	575.505	0	0
Gorai.002G240800.1.D	681	575.505	2	0.137837
Gorai.002G240900.1.A	1041	935.505	185.665	7.8717
Gorai.002G240900.1.D	1041	935.505	578.335	24.5199
Gorai.002G241000.1.A	1433	1327.5	1	0.0298778
Gorai.002G241000.1.D	1433	1327.5	0	0
Gorai.002G241100.1.A	1735	1629.5	0	0
Gorai.002G241100.1.D	1735	1629.5	0	0
Gorai.002G241200.1.A	761	655.505	342.038	20.6958
Gorai.002G241200.1.D	761	655.505	646.962	39.1461
Gorai.002G241300.1.A	1779	1673.5	4081.18	96.726
Gorai.002G241300.1.D	1779	1673.5	2667.48	63.2206
Gorai.002G241400.1.A	3116	3010.5	603.199	7.94705
Gorai.002G241400.1.D	3116	3010.5	484.568	6.38411
Gorai.002G241500.1.A	1186	1080.5	325.732	11.9569
Gorai.002G241500.1.D	1186	1080.5	681.268	25.0079
Gorai.002G241600.1.A	2076	1970.5	3.3	0.0664234
Gorai.002G241600.1.D	2076	1970.5	7.7	0.154988
Gorai.002G241700.1.A	609	503.551	0	0
Gorai.002G241700.1.D	609	503.551	0	0
Gorai.002G241800.1.A	534	428.551	0	0
Gorai.002G241800.1.D	534	428.551	0	0
Gorai.002G241900.1.A	2014	1908.5	20	0.415644
Gorai.002G241900.1.D	2014	1908.5	1	0.0207822
Gorai.002G242000.1.A	2113	2007.5	29.8077	0.588921
Gorai.002G242000.1.D	2113	2007.5	1.19231	0.0235568
Gorai.002G242100.1.A	1497	1391.5	3.42139	0.097522
Gorai.002G242100.1.D	1497	1391.5	5168.58	147.323
Gorai.002G242200.1.A	1242	1136.5	1757.24	61.3261
Gorai.002G242200.1.D	1242	1136.5	2060.76	71.9185
Gorai.002G242300.1.A	273	167.834	0	0
Gorai.002G242300.1.D	273	167.834	0	0
Gorai.002G242400.1.A	801	695.505	157.868	9.00284
Gorai.002G242400.1.D	801	695.505	69.1318	3.94242
Gorai.002G242500.1.A	797	691.505	1.16667	0.066917
Gorai.002G242500.1.D	797	691.505	5.83333	0.334585
Gorai.002G242600.1.A	2385	2279.5	199.283	3.46748
Gorai.002G242600.1.D	2385	2279.5	239.717	4.17103
Gorai.002G242700.1.A	1504	1398.5	423.677	12.0159
Gorai.002G242700.1.D	1504	1398.5	9.32297	0.264408
Gorai.002G242800.1.A	1593	1487.5	359.92	9.59695
Gorai.002G242800.1.D	1593	1487.5	295.611	7.88219
Gorai.002G242900.1.A	663	557.505	0	0
Gorai.002G242900.1.D	663	557.505	0	0
Gorai.002G243000.1.A	1273	1167.5	13.3986	0.455184
Gorai.002G243000.1.D	1273	1167.5	169.07	5.74372
Gorai.002G243100.1.A	2017	1911.5	12703.6	263.595
Gorai.002G243100.1.D	2017	1911.5	7458.39	154.759
Gorai.002G243200.1.A	1032	926.505	466.189	19.9572
Gorai.002G243200.1.D	1032	926.505	435.811	18.6567
Gorai.002G243300.1.A	2648	2542.5	130.257	2.032
Gorai.002G243300.1.D	2648	2542.5	98.7431	1.54039
Gorai.002G243400.1.A	2554	2448.5	10.8824	0.176282
Gorai.002G243400.1.D	2554	2448.5	63.1176	1.02243
Gorai.002G243500.1.A	2906	2800.5	116.438	1.64908
Gorai.002G243500.1.D	2906	2800.5	90.5625	1.28262
Gorai.002G243600.1.A	2447	2341.5	166.17	2.81477
Gorai.002G243600.1.D	2447	2341.5	255.83	4.33353
Gorai.002G243700.1.A	1953	1847.5	2499.78	53.6663
Gorai.002G243700.1.D	1953	1847.5	2195.57	47.1352
Gorai.002G243800.1.A	2276	2170.5	1659.73	30.3293
Gorai.002G243800.1.D	2276	2170.5	2171.92	39.6888
Gorai.002G243900.1.A	1752	1646.5	1	0.0240892
Gorai.002G243900.1.D	1752	1646.5	0	0
Gorai.002G244000.1.A	597	491.551	0	0
Gorai.002G244000.1.D	597	491.551	0	0
Gorai.002G244100.1.A	1965	1859.5	0	0
Gorai.002G244100.1.D	1965	1859.5	0	0
Gorai.002G244200.1.A	1171	1065.5	5	0.186123
Gorai.002G244200.1.D	1171	1065.5	0	0
Gorai.002G244300.1.A	984	878.505	2005.29	90.5352
Gorai.002G244300.1.D	984	878.505	2349.8	106.089
Gorai.002G244400.1.A	2443	2337.5	34.5529	0.586297
Gorai.002G244400.1.D	2443	2337.5	54.4471	0.923861
Gorai.002G244500.1.A	1123	1017.5	5	0.194903
Gorai.002G244500.1.D	1123	1017.5	0	0
Gorai.002G244600.1.A	2139	2033.5	1	0.0195047
Gorai.002G244600.1.D	2139	2033.5	6	0.117028
Gorai.002G244700.1.A	2658	2552.5	74.2769	1.15418
Gorai.002G244700.1.D	2658	2552.5	61.7231	0.959104
Gorai.002G244800.1.A	1895	1789.5	177.749	3.93966
Gorai.002G244800.1.D	1895	1789.5	291.251	6.45535
Gorai.002G244900.1.A	1877	1771.5	0	0
Gorai.002G244900.1.D	1877	1771.5	2	0.0447788
Gorai.002G245000.1.A	3900	3794.5	313.122	3.27298
Gorai.002G245000.1.D	3900	3794.5	202.012	2.11157
Gorai.002G245100.1.A	1880	1774.5	26.0105	0.581376
Gorai.002G245100.1.D	1880	1774.5	28.0981	0.628037
Gorai.002G245200.1.A	945	839.505	0	0
Gorai.002G245200.1.D	945	839.505	774	36.5681
Gorai.002G245300.1.A	2200	2094.5	160.398	3.03741
Gorai.002G245300.1.D	2200	2094.5	89.6018	1.69676
Gorai.002G245400.1.A	3579	3473.5	161.521	1.84436
Gorai.002G245400.1.D	3579	3473.5	188.129	2.14819
Gorai.002G245500.1.A	3680	3574.5	371.202	4.11889
Gorai.002G245500.1.D	3680	3574.5	275.147	3.05305
Gorai.002G245600.1.A	3203	3097.5	86.6512	1.10955
Gorai.002G245600.1.D	3203	3097.5	97.3488	1.24653
Gorai.002G245700.1.A	952	846.505	328.667	15.3997
Gorai.002G245700.1.D	952	846.505	314.333	14.7281
Gorai.002G245800.1.A	870	764.505	0	0
Gorai.002G245800.1.D	870	764.505	0	0
Gorai.002G245900.1.A	1175	1069.5	17533.1	650.222
Gorai.002G245900.1.D	1175	1069.5	180.87	6.70764
Gorai.002G246000.1.A	1331	1225.5	274.281	8.877
Gorai.002G246000.1.D	1331	1225.5	9.71863	0.314539
Gorai.002G246100.1.A	947	841.505	0	0
Gorai.002G246100.1.D	947	841.505	0	0
Gorai.002G246200.1.A	1856	1750.5	0	0
Gorai.002G246200.1.D	1856	1750.5	4	0.090632
Gorai.002G246300.1.A	2968	2862.5	60.6804	0.840789
Gorai.002G246300.1.D	2968	2862.5	48.3196	0.669517
Gorai.002G246400.1.A	1711	1605.5	47.6733	1.17774
Gorai.002G246400.1.D	1711	1605.5	59.3267	1.46563
Gorai.002G246500.1.A	1112	1006.5	18.4167	0.725738
Gorai.002G246500.1.D	1112	1006.5	20.5833	0.811119
Gorai.002G246600.1.A	2740	2634.5	107.235	1.61444
Gorai.002G246600.1.D	2740	2634.5	64.7654	0.975055
Gorai.002G246700.1.A	1019	913.505	0	0
Gorai.002G246700.1.D	1019	913.505	2	0.0868369
Gorai.002G246800.1.A	4665	4559.5	103.597	0.901183
Gorai.002G246800.1.D	4665	4559.5	164.403	1.43014
Gorai.002G246900.1.A	1027	921.505	713.298	30.7014
Gorai.002G246900.1.D	1027	921.505	620.702	26.7159
Gorai.002G247000.1.A	1822	1716.5	129.142	2.98405
Gorai.002G247000.1.D	1822	1716.5	104.858	2.42294
Gorai.002G247100.1.A	1122	1016.5	0	0
Gorai.002G247100.1.D	1122	1016.5	0	0
Gorai.002G247200.1.A	1172	1066.5	0	0
Gorai.002G247200.1.D	1172	1066.5	1	0.0371897
Gorai.002G247300.1.A	619	513.505	0	0
Gorai.002G247300.1.D	619	513.505	0	0
Gorai.002G247400.1.A	3302	3196.5	4.01569	0.0498276
Gorai.002G247400.1.D	3302	3196.5	6.53757	0.0811197
Gorai.002G247500.1.A	1779	1673.5	0	0
Gorai.002G247500.1.D	1779	1673.5	0	0
Gorai.002G247600.1.A	825	719.505	0	0
Gorai.002G247600.1.D	825	719.505	14.5258	0.800739
Gorai.002G247700.1.A	2091	1985.5	70.0547	1.39943
Gorai.002G247700.1.D	2091	1985.5	76.9453	1.53708
Gorai.002G247800.1.A	2108	2002.5	379.461	7.51586
Gorai.002G247800.1.D	2108	2002.5	298.539	5.91306
Gorai.002G247900.1.A	279	173.788	1.5	0.34234
Gorai.002G247900.1.D	279	173.788	1.5	0.34234
Gorai.002G248000.1.A	2506	2400.5	1087.21	17.9637
Gorai.002G248000.1.D	2506	2400.5	895.79	14.8009
Gorai.002G248100.1.A	1905	1799.5	19.6154	0.432343
Gorai.002G248100.1.D	1905	1799.5	14.3846	0.317052
Gorai.002G248200.1.A	2108	2002.5	17	0.336713
Gorai.002G248200.1.D	2108	2002.5	0	0
Gorai.002G248300.1.A	922	816.505	2	0.097153
Gorai.002G248300.1.D	922	816.505	0	0
Gorai.002G248400.1.A	1260	1154.5	97.5238	3.35042
Gorai.002G248400.1.D	1260	1154.5	30.4762	1.04701
Gorai.002G248500.1.A	1975	1869.5	94.0831	1.99604
Gorai.002G248500.1.D	1975	1869.5	314.917	6.6812
Gorai.002G248600.1.A	1870	1764.5	57.4018	1.29029
Gorai.002G248600.1.D	1870	1764.5	184.999	4.15845
Gorai.002G248700.1.A	2376	2270.5	251.141	4.38712
Gorai.002G248700.1.D	2376	2270.5	362.459	6.33171
Gorai.002G248800.1.A	1381	1275.5	930.849	28.9456
Gorai.002G248800.1.D	1381	1275.5	891.151	27.7111
Gorai.002G248900.1.A	2703	2597.5	1.06667	0.0162876
Gorai.002G248900.1.D	2703	2597.5	14.9333	0.228027
Gorai.002G249000.1.A	520	414.551	0	0
Gorai.002G249000.1.D	520	414.551	0	0
Gorai.002G249100.1.A	3908	3802.5	125.278	1.30674
Gorai.002G249100.1.D	3908	3802.5	39.7222	0.414332
Gorai.002G249200.1.A	2527	2421.5	619.531	10.1476
Gorai.002G249200.1.D	2527	2421.5	562.469	9.21294
Gorai.002G249300.1.A	1108	1002.5	2201.2	87.088
Gorai.002G249300.1.D	1108	1002.5	2092.8	82.7991
Gorai.002G249400.1.A	1331	1225.5	4325.76	140.001
Gorai.002G249400.1.D	1331	1225.5	4994.24	161.636
Gorai.002G249500.1.A	630	524.505	205.298	15.5246
Gorai.002G249500.1.D	630	524.505	483.702	36.5775
Gorai.002G249600.1.A	1907	1801.5	13480.7	296.798
Gorai.002G249600.1.D	1907	1801.5	20995	462.238
Gorai.002G249700.1.A	1849	1743.5	396.799	9.02677
Gorai.002G249700.1.D	1849	1743.5	2947.2	67.0458
Gorai.002G249800.1.A	901	795.505	261.83	13.0545
Gorai.002G249800.1.D	901	795.505	149.17	7.43745
Gorai.002G249900.1.A	1654	1548.5	42.3962	1.08592
Gorai.002G249900.1.D	1654	1548.5	64.6038	1.65474
Gorai.002G250000.1.A	537	431.551	74.2405	6.82328
Gorai.002G250000.1.D	537	431.551	10.7595	0.988882
Gorai.002G250100.1.A	2164	2058.5	38.8878	0.749283
Gorai.002G250100.1.D	2164	2058.5	64.1122	1.2353
Gorai.002G250200.1.A	815	709.505	2415.9	135.054
Gorai.002G250200.1.D	815	709.505	2557.1	142.948
Gorai.002G250300.1.A	2782	2676.5	42.4286	0.628746
Gorai.002G250300.1.D	2782	2676.5	56.5714	0.838328
Gorai.002G250400.1.A	2869	2763.5	96.997	1.39214
Gorai.002G250400.1.D	2869	2763.5	243.003	3.48768
Gorai.002G250500.1.A	1426	1320.5	3.6	0.10813
Gorai.002G250500.1.D	1426	1320.5	2.4	0.0720869
Gorai.002G250600.1.A	1224	1118.5	895.013	31.7378
Gorai.002G250600.1.D	1224	1118.5	611.987	21.7015
Gorai.002G250700.1.A	279	173.788	0	0
Gorai.002G250700.1.D	279	173.788	0	0
Gorai.002G250800.1.A	1035	929.505	0	0
Gorai.002G250800.1.D	1035	929.505	0	0
Gorai.002G250900.1.A	1515	1409.5	0	0
Gorai.002G250900.1.D	1515	1409.5	0	0
Gorai.002G251000.1.A	504	398.551	0	0
Gorai.002G251000.1.D	504	398.551	0	0
Gorai.002G251100.1.A	1058	952.505	0	0
Gorai.002G251100.1.D	1058	952.505	0	0
Gorai.002G251200.1.A	1526	1420.5	0	0
Gorai.002G251200.1.D	1526	1420.5	0	0
Gorai.002G251300.1.A	912	806.505	0	0
Gorai.002G251300.1.D	912	806.505	0	0
Gorai.002G251400.1.A	789	683.505	0	0
Gorai.002G251400.1.D	789	683.505	0	0
Gorai.002G251500.1.A	2104	1998.5	109.272	2.16864
Gorai.002G251500.1.D	2104	1998.5	57.7284	1.1457
Gorai.002G251600.1.A	1694	1588.5	1225.68	30.6038
Gorai.002G251600.1.D	1694	1588.5	979.542	24.4579
Gorai.002G251700.1.A	1667	1561.5	248.872	6.32146
Gorai.002G251700.1.D	1667	1561.5	303.128	7.6996
Gorai.002G251800.1.A	1963	1857.5	271.111	5.78898
Gorai.002G251800.1.D	1963	1857.5	338.889	7.23623
Gorai.002G251900.1.A	2974	2868.5	14.3846	0.198897
Gorai.002G251900.1.D	2974	2868.5	2.61538	0.036163
Gorai.002G252000.1.A	595	489.551	12	0.972228
Gorai.002G252000.1.D	595	489.551	2	0.162038
Gorai.002G252100.1.A	1782	1676.5	45.8966	1.08583
Gorai.002G252100.1.D	1782	1676.5	75.1034	1.77681
Gorai.002G252200.1.A	1442	1336.5	679.813	20.1745
Gorai.002G252200.1.D	1442	1336.5	709.187	21.0463
Gorai.002G252300.1.A	738	632.505	47.5937	2.98449
Gorai.002G252300.1.D	738	632.505	1266.41	79.4135
Gorai.002G252400.1.A	823	717.505	7	0.386953
Gorai.002G252400.1.D	823	717.505	22	1.21614
Gorai.002G252500.1.A	1146	1040.5	74.0809	2.82389
Gorai.002G252500.1.D	1146	1040.5	103.919	3.96129
Gorai.002G252600.1.A	2132	2026.5	20	0.391442
Gorai.002G252600.1.D	2132	2026.5	20	0.391442
Gorai.002G252700.1.A	1539	1433.5	0	0
Gorai.002G252700.1.D	1539	1433.5	0	0
Gorai.002G252800.1.A	1374	1268.5	0	0
Gorai.002G252800.1.D	1374	1268.5	0	0
Gorai.002G252900.1.A	3796	3690.5	3040.74	32.6797
Gorai.002G252900.1.D	3796	3690.5	2632.26	28.2897
Gorai.002G253000.1.A	499	393.551	1	0.100782
Gorai.002G253000.1.D	499	393.551	0	0
Gorai.002G253100.1.A	828	722.505	0	0
Gorai.002G253100.1.D	828	722.505	0	0
Gorai.002G253200.1.A	2023	1917.5	12	0.248216
Gorai.002G253200.1.D	2023	1917.5	0	0
Gorai.002G253300.1.A	1839	1733.5	3045.99	69.6928
Gorai.002G253300.1.D	1839	1733.5	3397.01	77.7243
Gorai.002G253400.1.A	882	776.505	1.08333	0.0553354
Gorai.002G253400.1.D	882	776.505	11.9167	0.608689
Gorai.002G253500.1.A	3121	3015.5	1057.55	13.91
Gorai.002G253500.1.D	3121	3015.5	846.45	11.1334
Gorai.002G253600.1.A	2253	2147.5	7	0.129285
Gorai.002G253600.1.D	2253	2147.5	1	0.0184693
Gorai.002G253700.1.A	584	478.551	52.9123	4.38544
Gorai.002G253700.1.D	584	478.551	5.08772	0.421677
Gorai.002G253800.1.A	1319	1213.5	1580.56	51.6599
Gorai.002G253800.1.D	1319	1213.5	1220.44	39.8897
Gorai.002G253900.1.A	1005	899.505	679.646	29.9685
Gorai.002G253900.1.D	1005	899.505	1103.35	48.6515
Gorai.002G254000.1.A	1829	1723.5	273.888	6.30296
Gorai.002G254000.1.D	1829	1723.5	285.112	6.56128
Gorai.002G254100.1.A	919	813.505	353.4	17.2302
Gorai.002G254100.1.D	919	813.505	235.6	11.4868
Gorai.002G254200.1.A	876	770.505	38.8085	1.99773
Gorai.002G254200.1.D	876	770.505	9.19149	0.473146
Gorai.002G254300.1.A	300	194.687	0	0
Gorai.002G254300.1.D	300	194.687	0	0
Gorai.002G254400.1.A	3301	3195.5	227.234	2.82045
Gorai.002G254400.1.D	3301	3195.5	217.766	2.70293
Gorai.002G254500.1.A	649	543.505	0	0
Gorai.002G254500.1.D	649	543.505	0	0
Gorai.002G254600.1.A	535	429.551	11	1.01569
Gorai.002G254600.1.D	535	429.551	0	0
Gorai.002G254700.1.A	1137	1031.5	7703.33	296.205
Gorai.002G254700.1.D	1137	1031.5	10073.7	387.348
Gorai.002G254800.1.A	2230	2124.5	4057.76	75.7553
Gorai.002G254800.1.D	2230	2124.5	6251.24	116.706
Gorai.002G254900.1.A	4546	4440.5	0	0
Gorai.002G254900.1.D	4546	4440.5	0	0
Gorai.002G255000.1.A	2053	1947.5	2346.28	47.7845
Gorai.002G255000.1.D	2053	1947.5	2708.72	55.1658
Gorai.002G255100.1.A	2727	2621.5	41.875	0.633562
Gorai.002G255100.1.D	2727	2621.5	25.125	0.380137
Gorai.002G255200.1.A	1134	1028.5	60.5664	2.33566
Gorai.002G255200.1.D	1134	1028.5	55.4336	2.13773
Gorai.002G255300.1.A	1004	898.505	0	0
Gorai.002G255300.1.D	1004	898.505	63	2.78103
Gorai.002G255400.1.A	849	743.505	0	0
Gorai.002G255400.1.D	849	743.505	0	0
Gorai.002G255500.1.A	1342	1236.5	563.87	18.0871
Gorai.002G255500.1.D	1342	1236.5	615.13	19.7313
Gorai.002G255600.1.A	517	411.551	0	0
Gorai.002G255600.1.D	517	411.551	0	0
Gorai.002G255700.1.A	1609	1503.5	4	0.105521
Gorai.002G255700.1.D	1609	1503.5	3	0.079141
Gorai.002G255800.1.A	2359	2253.5	7	0.123204
Gorai.002G255800.1.D	2359	2253.5	15	0.264008
Gorai.002G255900.1.A	719	613.505	0	0
Gorai.002G255900.1.D	719	613.505	0	0
Gorai.002G256000.1.A	1710	1604.5	0	0
Gorai.002G256000.1.D	1710	1604.5	0	0
Gorai.002G256100.1.A	1725	1619.5	112	2.74297
Gorai.002G256100.1.D	1725	1619.5	105	2.57153
Gorai.002G256200.1.A	2178	2072.5	0	0
Gorai.002G256200.1.D	2178	2072.5	0	0
Gorai.002G256300.1.A	285	179.772	0	0
Gorai.002G256300.1.D	285	179.772	6	1.32378
Gorai.002G256400.1.A	2079	1973.5	0	0
Gorai.002G256400.1.D	2079	1973.5	0	0
Gorai.002G256500.1.A	616	510.505	0	0
Gorai.002G256500.1.D	616	510.505	0	0
Gorai.002G256600.1.A	1398	1292.5	0	0
Gorai.002G256600.1.D	1398	1292.5	0	0
Gorai.002G256700.1.A	2394	2288.5	1.88411	0.0326542
Gorai.002G256700.1.D	2394	2288.5	1.88411	0.0326542
Gorai.002G256800.1.A	937	831.505	1	0.0477002
Gorai.002G256800.1.D	937	831.505	0	0
Gorai.002G256900.1.A	572	466.551	0.615892	0.0523588
Gorai.002G256900.1.D	572	466.551	0.615892	0.0523588
Gorai.002G257000.1.A	1015	909.505	187	8.15496
Gorai.002G257000.1.D	1015	909.505	204	8.89632
Gorai.002G257100.1.A	2184	2078.5	199.98	3.8161
Gorai.002G257100.1.D	2184	2078.5	1.0203	0.0194699
Gorai.002G257200.1.A	2915	2809.5	378.118	5.33804
Gorai.002G257200.1.D	2915	2809.5	522.882	7.38175
Gorai.002G257300.1.A	1254	1148.5	127.899	4.41692
Gorai.002G257300.1.D	1254	1148.5	234.101	8.08454
Gorai.002G257400.1.A	1417	1311.5	13.3587	0.403997
Gorai.002G257400.1.D	1417	1311.5	23.8872	0.722404
Gorai.002G257500.1.A	1786	1680.5	208.759	4.92709
Gorai.002G257500.1.D	1786	1680.5	81.2411	1.91744
Gorai.002G257600.1.A	6733	6627.5	431.816	2.58424
Gorai.002G257600.1.D	6733	6627.5	614.184	3.67565
Gorai.002G257700.1.A	652	546.505	73483	5333.08
Gorai.002G257700.1.D	652	546.505	28271	2051.79
Gorai.002G257800.1.A	1630	1524.5	14.8235	0.385663
Gorai.002G257800.1.D	1630	1524.5	13.1765	0.342811
Gorai.002G257900.1.A	1654	1548.5	1313.48	33.643
Gorai.002G257900.1.D	1654	1548.5	910.524	23.3219
Gorai.002G258000.1.A	1069	963.505	104.914	4.31883
Gorai.002G258000.1.D	1069	963.505	3.08571	0.127024
Gorai.002G258100.1.A	2785	2679.5	1.00253	0.0148399
Gorai.002G258100.1.D	2785	2679.5	0	0
Gorai.002G258200.1.A	459	353.551	0	0
Gorai.002G258200.1.D	459	353.551	0	0
Gorai.002G258300.1.A	2110	2004.5	76	1.5038
Gorai.002G258300.1.D	2110	2004.5	49	0.969558
Gorai.002G258400.1.A	2100	1994.5	68.7872	1.36791
Gorai.002G258400.1.D	2100	1994.5	37.2128	0.740017
Gorai.002G258500.1.A	2303	2197.5	3045.7	54.9721
Gorai.002G258500.1.D	2303	2197.5	2082.3	37.5836
Gorai.002G258600.1.A	1060	954.505	2.28571	0.0949793
Gorai.002G258600.1.D	1060	954.505	13.7143	0.569876
Gorai.002G258700.1.A	1890	1784.5	10.6662	0.23707
Gorai.002G258700.1.D	1890	1784.5	12.1108	0.269178
Gorai.002G258800.1.A	1950	1844.5	74.9928	1.61259
Gorai.002G258800.1.D	1950	1844.5	94.2302	2.02626
Gorai.002G258900.1.A	2096	1990.5	4	0.0797043
Gorai.002G258900.1.D	2096	1990.5	0	0
Gorai.002G259000.1.A	423	317.583	0	0
Gorai.002G259000.1.D	423	317.583	0	0
Gorai.002G259100.1.A	1371	1265.5	24.7037	0.774254
Gorai.002G259100.1.D	1371	1265.5	33.2963	1.04356
Gorai.002G259200.1.A	2303	2197.5	7	0.126344
Gorai.002G259200.1.D	2303	2197.5	5	0.0902454
Gorai.002G259300.1.A	913	807.505	27	1.32618
Gorai.002G259300.1.D	913	807.505	27	1.32618
Gorai.002G259400.1.A	3225	3119.5	1	0.0127145
Gorai.002G259400.1.D	3225	3119.5	1	0.0127145
Gorai.002G259500.1.A	3122	3016.5	0	0
Gorai.002G259500.1.D	3122	3016.5	0	0
Gorai.002G259600.1.A	820	714.505	4	0.222044
Gorai.002G259600.1.D	820	714.505	1	0.0555111
Gorai.002G259700.1.A	1952	1846.5	2	0.04296
Gorai.002G259700.1.D	1952	1846.5	1	0.02148
Gorai.002G259800.1.A	888	782.505	422.796	21.4303
Gorai.002G259800.1.D	888	782.505	520.204	26.3677
Gorai.002G259900.1.A	558	452.551	0	0
Gorai.002G259900.1.D	558	452.551	0	0
Gorai.002G260000.1.A	1121	1015.5	8	0.312459
Gorai.002G260000.1.D	1121	1015.5	8	0.312459
Gorai.002G260100.1.A	1041	935.505	0	0
Gorai.002G260100.1.D	1041	935.505	0	0
Gorai.002G260200.1.A	3047	2941.5	0.5	0.00674195
Gorai.002G260200.1.D	3047	2941.5	0.5	0.00674195
Gorai.002G260300.1.A	1954	1848.5	0	0
Gorai.002G260300.1.D	1954	1848.5	16.5911	0.355991
Gorai.002G260400.1.A	2824	2718.5	914.159	13.3376
Gorai.002G260400.1.D	2824	2718.5	1108.84	16.178
Gorai.002G260500.1.A	921	815.505	0	0
Gorai.002G260500.1.D	921	815.505	0	0
Gorai.002G260600.1.A	1341	1235.5	301.548	9.68049
Gorai.002G260600.1.D	1341	1235.5	477.452	15.3274
Gorai.002G260700.1.A	568	462.551	1.5	0.128622
Gorai.002G260700.1.D	568	462.551	4.5	0.385867
Gorai.002G260800.1.A	1146	1040.5	62	2.36337
Gorai.002G260800.1.D	1146	1040.5	62	2.36337
Gorai.002G260900.1.A	2905	2799.5	141.678	2.00727
Gorai.002G260900.1.D	2905	2799.5	125.687	1.78071
Gorai.002G261000.1.A	1691	1585.5	13.2115	0.330499
Gorai.002G261000.1.D	1691	1585.5	9.42376	0.235744
Gorai.002G261100.1.A	1298	1192.5	0	0
Gorai.002G261100.1.D	1298	1192.5	5	0.166301
Gorai.002G261200.1.A	2461	2355.5	37.125	0.625126
Gorai.002G261200.1.D	2461	2355.5	16.875	0.284148
Gorai.002G261300.1.A	1215	1109.5	12.6923	0.453729
Gorai.002G261300.1.D	1215	1109.5	17.3077	0.618721
Gorai.002G261400.1.A	1215	1109.5	0	0
Gorai.002G261400.1.D	1215	1109.5	0	0
Gorai.002G261500.1.A	2127	2021.5	367.228	7.20521
Gorai.002G261500.1.D	2127	2021.5	2.77154	0.0543789
Gorai.002G261600.1.A	1885	1779.5	155.742	3.47128
Gorai.002G261600.1.D	1885	1779.5	1159.26	25.8384
Gorai.002G261700.1.A	2090	1984.5	55.3571	1.10639
Gorai.002G261700.1.D	2090	1984.5	161.643	3.23065
Gorai.002G261800.1.A	926	820.505	1.09804	0.0530789
Gorai.002G261800.1.D	926	820.505	54.902	2.65394
Gorai.002G261900.1.A	1182	1076.5	19.1234	0.704585
Gorai.002G261900.1.D	1182	1076.5	135.877	5.00626
Gorai.002G262000.1.A	1526	1420.5	1833.3	51.1888
Gorai.002G262000.1.D	1526	1420.5	1624.7	45.3646
Gorai.002G262100.1.A	2583	2477.5	17.9444	0.287277
Gorai.002G262100.1.D	2583	2477.5	20.0556	0.321074
Gorai.002G262200.1.A	753	647.505	88.1757	5.40121
Gorai.002G262200.1.D	753	647.505	61.8243	3.78705
Gorai.002G262300.1.A	3578	3472.5	1.2	0.0137064
Gorai.002G262300.1.D	3578	3472.5	4.8	0.0548256
Gorai.002G262400.1.A	2678	2572.5	0	0
Gorai.002G262400.1.D	2678	2572.5	0	0
Gorai.002G262500.1.A	3905	3799.5	558.554	5.83074
Gorai.002G262500.1.D	3905	3799.5	202.446	2.11332
Gorai.002G262600.1.A	1159	1053.5	6424.89	241.888
Gorai.002G262600.1.D	1159	1053.5	2169.11	81.6639
Gorai.002G262700.1.A	1667	1561.5	938.591	23.8406
Gorai.002G262700.1.D	1667	1561.5	806.409	20.4832
Gorai.002G262800.1.A	1744	1638.5	3	0.0726204
Gorai.002G262800.1.D	1744	1638.5	0	0
Gorai.002G262900.1.A	950	844.505	0	0
Gorai.002G262900.1.D	950	844.505	0	0
Gorai.002G263000.1.A	2803	2697.5	1343.28	19.7511
Gorai.002G263000.1.D	2803	2697.5	326.717	4.8039
Gorai.002G263100.1.A	1569	1463.5	1.16151	0.0314784
Gorai.002G263100.1.D	1569	1463.5	30.3661	0.822963
Gorai.002G263200.1.A	1662	1556.5	582.083	14.8327
Gorai.002G263200.1.D	1662	1556.5	683.917	17.4276
Gorai.002G263300.1.A	4839	4733.5	247.995	2.078
Gorai.002G263300.1.D	4839	4733.5	215.005	1.80157
Gorai.002G263400.1.A	1703	1597.5	406.226	10.0858
Gorai.002G263400.1.D	1703	1597.5	238.774	5.9283
Gorai.002G263500.1.A	1959	1853.5	923.551	19.763
Gorai.002G263500.1.D	1959	1853.5	1542.45	33.0067
Gorai.002G263600.1.A	1890	1784.5	57.4169	1.27617
Gorai.002G263600.1.D	1890	1784.5	1259.58	27.9959
Gorai.002G263700.1.A	1549	1443.5	14.4888	0.398106
Gorai.002G263700.1.D	1549	1443.5	25.634	0.704341
Gorai.002G263800.1.A	923	817.505	101.391	4.91921
Gorai.002G263800.1.D	923	817.505	110.609	5.36641
Gorai.002G263900.1.A	1230	1124.5	32	1.12869
Gorai.002G263900.1.D	1230	1124.5	35	1.2345
Gorai.002G264000.1.A	201	97.3325	0	0
Gorai.002G264000.1.D	201	97.3325	0	0
Gorai.002G264100.1.A	1046	940.505	38	1.60254
Gorai.002G264100.1.D	1046	940.505	35	1.47602
Gorai.002G264200.1.A	2074	1968.5	28	0.564165
Gorai.002G264200.1.D	2074	1968.5	7	0.141041
Gorai.002G264300.1.A	3979	3873.5	305.969	3.13298
Gorai.002G264300.1.D	3979	3873.5	331.031	3.38961
Gorai.002G264400.1.A	3035	2929.5	10	0.135391
Gorai.002G264400.1.D	3035	2929.5	0	0
Gorai.002G264500.1.A	3174	3068.5	0	0
Gorai.002G264500.1.D	3174	3068.5	7	0.0904807
Gorai.002G264600.1.A	2052	1946.5	0	0
Gorai.002G264600.1.D	2052	1946.5	0	0
Gorai.002G264700.1.A	2506	2400.5	17.7778	0.293738
Gorai.002G264700.1.D	2506	2400.5	12.2222	0.201945
Gorai.002G264800.1.A	778	672.505	5.71429	0.337017
Gorai.002G264800.1.D	778	672.505	2.28571	0.134807
Gorai.002G264900.1.A	769	663.505	0	0
Gorai.002G264900.1.D	769	663.505	1	0.0597779
Gorai.002G265000.1.A	903	797.505	564.723	28.0858
Gorai.002G265000.1.D	903	797.505	443.277	22.0459
Gorai.002G265100.1.A	1161	1055.5	201.62	7.57633
Gorai.002G265100.1.D	1161	1055.5	123.38	4.63626
Gorai.002G265200.1.A	1826	1720.5	20	0.461062
Gorai.002G265200.1.D	1826	1720.5	0	0
Gorai.002G265300.1.A	905	799.505	0	0
Gorai.002G265300.1.D	905	799.505	1	0.0496094
Gorai.002G265400.1.A	1292	1186.5	0	0
Gorai.002G265400.1.D	1292	1186.5	2	0.0668568
Gorai.002G265500.1.A	3931	3825.5	468.571	4.85816
Gorai.002G265500.1.D	3931	3825.5	569.429	5.90386
Gorai.002G265600.1.A	920	814.505	2	0.0973916
Gorai.002G265600.1.D	920	814.505	1	0.0486958
Gorai.002G265700.1.A	582	476.551	10.9762	0.91354
Gorai.002G265700.1.D	582	476.551	13.5632	1.12885
Gorai.002G265800.1.A	707	601.505	1	0.0659395
Gorai.002G265800.1.D	707	601.505	0	0
Gorai.002G265900.1.A	2032	1926.5	40.9756	0.843607
Gorai.002G265900.1.D	2032	1926.5	43.0244	0.885788
Gorai.002G266000.1.A	1289	1183.5	1369.82	45.9071
Gorai.002G266000.1.D	1289	1183.5	1168.57	39.1624
Gorai.002G266100.1.A	1657	1551.5	51	1.30377
Gorai.002G266100.1.D	1657	1551.5	5	0.127821
Gorai.002G266200.1.A	1627	1521.5	1	0.0260682
Gorai.002G266200.1.D	1627	1521.5	7	0.182478
Gorai.002G266300.1.A	1992	1886.5	3.23077	0.0679255
Gorai.002G266300.1.D	1992	1886.5	10.7692	0.226418
Gorai.002G266400.1.A	1467	1361.5	255.004	7.42871
Gorai.002G266400.1.D	1467	1361.5	581.996	16.9545
Gorai.002G266500.1.A	1739	1633.5	4670.57	113.406
Gorai.002G266500.1.D	1739	1633.5	6895.43	167.427
Gorai.002G266600.1.A	1040	934.505	1605.22	68.1301
Gorai.002G266600.1.D	1040	934.505	1233.78	52.3648
Gorai.002G266700.1.A	2515	2409.5	11.1765	0.183976
Gorai.002G266700.1.D	2515	2409.5	83.8235	1.37982
Gorai.002G266800.1.A	1556	1450.5	281	7.68373
Gorai.002G266800.1.D	1556	1450.5	281	7.68373
Gorai.002G266900.1.A	2085	1979.5	10.25	0.205377
Gorai.002G266900.1.D	2085	1979.5	30.75	0.616132
Gorai.002G267000.1.A	5067	4961.5	673.5	5.38405
Gorai.002G267000.1.D	5067	4961.5	673.5	5.38405
Gorai.002G267100.1.A	1602	1496.5	3	0.0795112
Gorai.002G267100.1.D	1602	1496.5	3	0.0795112
Gorai.002G267200.1.A	937	831.505	7.5	0.357752
Gorai.002G267200.1.D	937	831.505	7.5	0.357752
Gorai.002G267300.1.A	787	681.505	0	0
Gorai.002G267300.1.D	787	681.505	0	0
Gorai.002G267400.1.A	2480	2374.5	44	0.734961
Gorai.002G267400.1.D	2480	2374.5	44	0.734961
Gorai.002G267500.1.A	851	745.505	3.68831	0.196229
Gorai.002G267500.1.D	851	745.505	280.312	14.9134
Gorai.002G267600.1.A	1643	1537.5	601	15.504
Gorai.002G267600.1.D	1643	1537.5	601	15.504
Gorai.002G267700.1.A	4149	4043.5	1526.28	14.9714
Gorai.002G267700.1.D	4149	4043.5	1687.72	16.5549
Gorai.002G267800.1.A	1789	1683.5	9	0.212038
Gorai.002G267800.1.D	1789	1683.5	0	0
Gorai.002G267900.1.A	1581	1475.5	329.492	8.85704
Gorai.002G267900.1.D	1581	1475.5	102.508	2.75552
Gorai.002G268000.1.A	291	185.705	0	0
Gorai.002G268000.1.D	291	185.705	144	30.7556
Gorai.002G268100.1.A	3093	2987.5	431.581	5.72979
Gorai.002G268100.1.D	3093	2987.5	599.419	7.95805
Gorai.002G268200.1.A	2180	2074.5	2261.39	43.236
Gorai.002G268200.1.D	2180	2074.5	3261.61	62.3596
Gorai.002G268300.1.A	2095	1989.5	298.467	5.95026
Gorai.002G268300.1.D	2095	1989.5	356.154	7.10032
Gorai.002G268400.1.A	2235	2129.5	9613.12	179.049
Gorai.002G268400.1.D	2235	2129.5	10683.9	198.992
Gorai.002G268500.1.A	444	338.583	8.5	0.995723
Gorai.002G268500.1.D	444	338.583	8.5	0.995723
Gorai.002G268600.1.A	1577	1471.5	121.667	3.2794
Gorai.002G268600.1.D	1577	1471.5	12961.3	349.36
Gorai.002G268700.1.A	900	794.505	21.6129	1.07895
Gorai.002G268700.1.D	900	794.505	30.5044	1.52283
Gorai.002G268800.1.A	828	722.505	5.55707	0.305064
Gorai.002G268800.1.D	828	722.505	5.55707	0.305064
Gorai.002G268900.1.A	1850	1744.5	37.7441	0.858148
Gorai.002G268900.1.D	1850	1744.5	25.7707	0.585921
Gorai.003G000100.1.A	734	628.505	7.18763	0.453589
Gorai.003G000100.1.D	734	628.505	2.39588	0.151196
Gorai.003G000200.1.A	558	452.551	0	0
Gorai.003G000200.1.D	558	452.551	2.19221	0.192132
Gorai.003G000300.1.A	1073	967.505	7.86521	0.322435
Gorai.003G000300.1.D	1073	967.505	218.253	8.94732
Gorai.003G000400.1.A	1314	1208.5	155.615	5.10725
Gorai.003G000400.1.D	1314	1208.5	101.385	3.32745
Gorai.003G000500.1.A	213	108.896	2	0.728452
Gorai.003G000500.1.D	213	108.896	1	0.364226
Gorai.003G000600.1.A	818	712.505	178.563	9.94006
Gorai.003G000600.1.D	818	712.505	63.6683	3.54422
Gorai.003G000700.1.A	942	836.505	46.7513	2.21672
Gorai.003G000700.1.D	942	836.505	6.76638	0.320829
Gorai.003G000800.1.A	2190	2084.5	124.612	2.37106
Gorai.003G000800.1.D	2190	2084.5	382.388	7.27589
Gorai.003G000900.1.A	1943	1837.5	8.90909	0.192305
Gorai.003G000900.1.D	1943	1837.5	5.09091	0.109888
Gorai.003G001000.1.A	4473	4367.5	545.574	4.95457
Gorai.003G001000.1.D	4473	4367.5	793.426	7.20539
Gorai.003G001100.1.A	1866	1760.5	291.393	6.56489
Gorai.003G001100.1.D	1866	1760.5	114.607	2.58201
Gorai.003G001200.1.A	1699	1593.5	6	0.149342
Gorai.003G001200.1.D	1699	1593.5	1	0.0248904
Gorai.003G001300.1.A	4030	3924.5	21.9908	0.22225
Gorai.003G001300.1.D	4030	3924.5	119.009	1.20276
Gorai.003G001400.1.A	3404	3298.5	1344.78	16.1703
Gorai.003G001400.1.D	3404	3298.5	315.224	3.79042
Gorai.003G001500.1.A	2015	1909.5	66.2473	1.37604
Gorai.003G001500.1.D	2015	1909.5	34.7527	0.721859
Gorai.003G001600.1.A	1275	1169.5	5	0.169572
Gorai.003G001600.1.D	1275	1169.5	4	0.135657
Gorai.003G001700.1.A	924	818.505	68.7867	3.33325
Gorai.003G001700.1.D	924	818.505	85.2133	4.12925
Gorai.003G001800.1.A	2017	1911.5	2018.9	41.8914
Gorai.003G001800.1.D	2017	1911.5	1669.1	34.6331
Gorai.003G001900.1.A	1886	1780.5	239.04	5.3249
Gorai.003G001900.1.D	1886	1780.5	260.96	5.81321
Gorai.003G002000.1.A	3939	3833.5	186.152	1.926
Gorai.003G002000.1.D	3939	3833.5	157.848	1.63316
Gorai.003G002100.1.A	1487	1381.5	129	3.70358
Gorai.003G002100.1.D	1487	1381.5	138	3.96197
Gorai.003G002200.1.A	1179	1073.5	262.416	9.69551
Gorai.003G002200.1.D	1179	1073.5	270.584	9.99732
Gorai.003G002300.1.A	3467	3361.5	189.654	2.23776
Gorai.003G002300.1.D	3467	3361.5	256.346	3.02467
Gorai.003G002400.1.A	3702	3596.5	518.892	5.72244
Gorai.003G002400.1.D	3702	3596.5	24.1078	0.265866
Gorai.003G002500.1.A	1474	1368.5	23.3731	0.677416
Gorai.003G002500.1.D	1474	1368.5	63.6269	1.84408
Gorai.003G002600.1.A	2304	2198.5	24.5333	0.442603
Gorai.003G002600.1.D	2304	2198.5	55.4667	1.00067
Gorai.003G002700.1.A	2443	2337.5	259.003	4.39479
Gorai.003G002700.1.D	2443	2337.5	556.997	9.45116
Gorai.003G002800.1.A	1831	1725.5	8.4	0.193085
Gorai.003G002800.1.D	1831	1725.5	3.6	0.0827506
Gorai.003G002900.1.A	2097	1991.5	790.558	15.7448
Gorai.003G002900.1.D	2097	1991.5	1262.44	25.1429
Gorai.003G003000.1.A	1817	1711.5	8.75	0.202775
Gorai.003G003000.1.D	1817	1711.5	16.25	0.376583
Gorai.003G003100.1.A	1730	1624.5	35.4286	0.865003
Gorai.003G003100.1.D	1730	1624.5	88.5714	2.16251
Gorai.003G003200.1.A	1230	1124.5	3.6	0.126977
Gorai.003G003200.1.D	1230	1124.5	2.4	0.0846515
Gorai.003G003300.1.A	2042	1936.5	69.7771	1.42915
Gorai.003G003300.1.D	2042	1936.5	281.223	5.75993
Gorai.003G003400.1.A	1533	1427.5	171.58	4.76732
Gorai.003G003400.1.D	1533	1427.5	201.42	5.59642
Gorai.003G003500.1.A	1480	1374.5	1	0.0288562
Gorai.003G003500.1.D	1480	1374.5	67	1.93336
Gorai.003G003600.1.A	1392	1286.5	0	0
Gorai.003G003600.1.D	1392	1286.5	0	0
Gorai.003G003700.1.A	1717	1611.5	0	0
Gorai.003G003700.1.D	1717	1611.5	0	0
Gorai.003G003800.1.A	225	120.599	0	0
Gorai.003G003800.1.D	225	120.599	0	0
Gorai.003G003900.1.A	1153	1047.5	1	0.0378642
Gorai.003G003900.1.D	1153	1047.5	1	0.0378642
Gorai.003G004000.1.A	1801	1695.5	112.667	2.63561
Gorai.003G004000.1.D	1801	1695.5	134.333	3.14246
Gorai.003G004100.1.A	885	779.505	0	0
Gorai.003G004100.1.D	885	779.505	0	0
Gorai.003G004200.1.A	954	848.505	0	0
Gorai.003G004200.1.D	954	848.505	1	0.0467445
Gorai.003G004300.1.A	1333	1227.5	0	0
Gorai.003G004300.1.D	1333	1227.5	0	0
Gorai.003G004400.1.A	1450	1344.5	228.149	6.7304
Gorai.003G004400.1.D	1450	1344.5	268.851	7.93112
Gorai.003G004500.1.A	1431	1325.5	21	0.628381
Gorai.003G004500.1.D	1431	1325.5	0	0
Gorai.003G004600.1.A	1719	1613.5	89.855	2.2088
Gorai.003G004600.1.D	1719	1613.5	208.145	5.11659
Gorai.003G004700.1.A	1128	1022.5	11.5385	0.447577
Gorai.003G004700.1.D	1128	1022.5	3.46154	0.134273
Gorai.003G004800.1.A	1152	1046.5	99.375	3.76635
Gorai.003G004800.1.D	1152	1046.5	59.625	2.25981
Gorai.003G004900.1.A	1760	1654.5	64.9688	1.55748
Gorai.003G004900.1.D	1760	1654.5	133.031	3.18912
Gorai.003G005000.1.A	1244	1138.5	0	0
Gorai.003G005000.1.D	1244	1138.5	2.51612	0.0876558
Gorai.003G005100.1.A	2530	2424.5	114.619	1.87507
Gorai.003G005100.1.D	2530	2424.5	80.6678	1.31966
Gorai.003G005200.1.A	1221	1115.5	101.485	3.60841
Gorai.003G005200.1.D	1221	1115.5	121.515	4.32059
Gorai.003G005300.1.A	1502	1396.5	29.3617	0.833919
Gorai.003G005300.1.D	1502	1396.5	30.6383	0.870176
Gorai.003G005400.1.A	1146	1040.5	350.57	13.3634
Gorai.003G005400.1.D	1146	1040.5	392.43	14.959
Gorai.003G005500.1.A	3083	2977.5	395.948	5.27437
Gorai.003G005500.1.D	3083	2977.5	304.052	4.05023
Gorai.003G005600.1.A	720	614.505	38.9048	2.51109
Gorai.003G005600.1.D	720	614.505	4.09524	0.264325
Gorai.003G005700.1.A	6032	5926.5	764.992	5.11969
Gorai.003G005700.1.D	6032	5926.5	1081.45	7.23754
Gorai.003G005800.1.A	948	842.505	356.497	16.7829
Gorai.003G005800.1.D	948	842.505	97.5034	4.59021
Gorai.003G005900.1.A	2628	2522.5	2244.21	35.2872
Gorai.003G005900.1.D	2628	2522.5	400.04	6.29008
Gorai.003G006000.1.A	4107	4001.5	30.6783	0.304083
Gorai.003G006000.1.D	4107	4001.5	156.067	1.54694
Gorai.003G006100.1.A	1319	1213.5	204.189	6.67383
Gorai.003G006100.1.D	1319	1213.5	210.811	6.89028
Gorai.003G006200.1.A	1236	1130.5	0	0
Gorai.003G006200.1.D	1236	1130.5	2	0.0701686
Gorai.003G006300.1.A	3102	2996.5	437.377	5.7893
Gorai.003G006300.1.D	3102	2996.5	656.623	8.69132
Gorai.003G006400.1.A	2115	2009.5	49.7246	0.981448
Gorai.003G006400.1.D	2115	2009.5	23.2754	0.459401
Gorai.003G006500.1.A	1905	1799.5	355.919	7.84482
Gorai.003G006500.1.D	1905	1799.5	145.081	3.19774
Gorai.003G006600.1.A	1232	1126.5	10390	365.821
Gorai.003G006600.1.D	1232	1126.5	260.974	9.18859
Gorai.003G006700.1.A	1047	941.505	105.143	4.42937
Gorai.003G006700.1.D	1047	941.505	170.857	7.19773
Gorai.003G006800.1.A	2127	2021.5	404.08	7.92825
Gorai.003G006800.1.D	2127	2021.5	42.9204	0.842119
Gorai.003G006900.1.A	2576	2470.5	1321.27	21.2124
Gorai.003G006900.1.D	2576	2470.5	1591.73	25.5546
Gorai.003G007000.1.A	1261	1155.5	0	0
Gorai.003G007000.1.D	1261	1155.5	0	0
Gorai.003G007100.1.A	432	326.583	386.724	46.9669
Gorai.003G007100.1.D	432	326.583	486.276	59.0574
Gorai.003G007200.1.A	1991	1885.5	92.5175	1.94617
Gorai.003G007200.1.D	1991	1885.5	54.4825	1.14608
Gorai.003G007300.1.A	1106	1000.5	5587.35	221.499
Gorai.003G007300.1.D	1106	1000.5	5376.65	213.146
Gorai.003G007400.1.A	2364	2258.5	281.194	4.93821
Gorai.003G007400.1.D	2364	2258.5	400.806	7.03879
Gorai.003G007500.1.A	1637	1531.5	18	0.466164
Gorai.003G007500.1.D	1637	1531.5	21	0.543858
Gorai.003G007600.1.A	1314	1208.5	121.073	3.97361
Gorai.003G007600.1.D	1314	1208.5	12.746	0.418321
Gorai.003G007700.1.A	517	411.551	4.18076	0.402917
Gorai.003G007700.1.D	517	411.551	0	0
Gorai.003G007800.1.A	889	783.505	3	0.151867
Gorai.003G007800.1.D	889	783.505	9	0.455602
Gorai.003G007900.1.A	1697	1591.5	176.971	4.41042
Gorai.003G007900.1.D	1697	1591.5	165.029	4.11279
Gorai.003G008000.1.A	1368	1262.5	11.25	0.353431
Gorai.003G008000.1.D	1368	1262.5	13.75	0.431971
Gorai.003G008100.1.A	2672	2566.5	11	0.169995
Gorai.003G008100.1.D	2672	2566.5	9	0.139087
Gorai.003G008200.1.A	974	868.505	10.7692	0.49181
Gorai.003G008200.1.D	974	868.505	24.2308	1.10657
Gorai.003G008300.1.A	1102	996.505	587.819	23.3964
Gorai.003G008300.1.D	1102	996.505	745.181	29.6597
Gorai.003G008400.1.A	3985	3879.5	35.0382	0.35822
Gorai.003G008400.1.D	3985	3879.5	99.9618	1.02198
Gorai.003G008500.1.A	2167	2061.5	530.674	10.2101
Gorai.003G008500.1.D	2167	2061.5	388.326	7.47131
Gorai.003G008600.1.A	3189	3083.5	88.2075	1.13461
Gorai.003G008600.1.D	3189	3083.5	98.7925	1.27076
Gorai.003G008700.1.A	1762	1656.5	948.614	22.7134
Gorai.003G008700.1.D	1762	1656.5	1821.39	43.6108
Gorai.003G008800.1.A	1260	1154.5	63.3382	2.17598
Gorai.003G008800.1.D	1260	1154.5	9.66176	0.331929
Gorai.003G008900.1.A	1751	1645.5	132.5	3.19376
Gorai.003G008900.1.D	1751	1645.5	79.5	1.91625
Gorai.003G009000.1.A	1653	1547.5	1	0.0256303
Gorai.003G009000.1.D	1653	1547.5	1	0.0256303
Gorai.003G009100.1.A	1436	1330.5	18.72	0.558052
Gorai.003G009100.1.D	1436	1330.5	53.28	1.5883
Gorai.003G009200.1.A	1343	1237.5	2	0.0641015
Gorai.003G009200.1.D	1343	1237.5	0	0
Gorai.003G009300.1.A	306	200.687	4.22222	0.834461
Gorai.003G009300.1.D	306	200.687	14.7778	2.92061
Gorai.003G009400.1.A	1216	1110.5	37.3924	1.33551
Gorai.003G009400.1.D	1216	1110.5	14.4654	0.51665
Gorai.003G009500.1.A	2166	2060.5	340.179	6.54815
Gorai.003G009500.1.D	2166	2060.5	356.963	6.87124
Gorai.003G009600.1.A	1873	1767.5	33	0.740523
Gorai.003G009600.1.D	1873	1767.5	28	0.628322
Gorai.003G009700.1.A	11798	11692.5	765.264	2.59591
Gorai.003G009700.1.D	11798	11692.5	344.736	1.1694
Gorai.003G009800.1.A	855	749.505	119.7	6.33439
Gorai.003G009800.1.D	855	749.505	69.3	3.66728
Gorai.003G009900.1.A	643	537.505	1757.82	129.711
Gorai.003G009900.1.D	643	537.505	3054.18	225.37
Gorai.003G010000.1.A	1772	1666.5	103.119	2.45425
Gorai.003G010000.1.D	1772	1666.5	37.8806	0.901561
Gorai.003G010100.1.A	1305	1199.5	5	0.16533
Gorai.003G010100.1.D	1305	1199.5	20	0.661322
Gorai.003G010200.1.A	2059	1953.5	2	0.040607
Gorai.003G010200.1.D	2059	1953.5	14	0.284249
Gorai.003G010300.1.A	1717	1611.5	757.991	18.6559
Gorai.003G010300.1.D	1717	1611.5	584.508	14.3861
Gorai.003G010400.1.A	1392	1286.5	13.0422	0.402091
Gorai.003G010400.1.D	1392	1286.5	1	0.03083
Gorai.003G010500.1.A	1287	1181.5	3246.79	108.994
Gorai.003G010500.1.D	1287	1181.5	1898.21	63.7225
Gorai.003G010600.1.A	935	829.505	88.4632	4.22988
Gorai.003G010600.1.D	935	829.505	102.537	4.90282
Gorai.003G010700.1.A	1204	1098.5	1.75	0.063186
Gorai.003G010700.1.D	1204	1098.5	5.25	0.189558
Gorai.003G010800.1.A	1464	1358.5	0	0
Gorai.003G010800.1.D	1464	1358.5	0	0
Gorai.003G010900.1.A	958	852.505	2332.83	108.535
Gorai.003G010900.1.D	958	852.505	1755.17	81.6598
Gorai.003G011000.1.A	3045	2939.5	8	0.107945
Gorai.003G011000.1.D	3045	2939.5	5	0.0674653
Gorai.003G011100.1.A	1035	929.505	1	0.0426711
Gorai.003G011100.1.D	1035	929.505	0	0
Gorai.003G011200.1.A	986	880.505	141.207	6.36076
Gorai.003G011200.1.D	986	880.505	103.793	4.67543
Gorai.003G011300.1.A	1663	1557.5	456.797	11.6327
Gorai.003G011300.1.D	1663	1557.5	364.203	9.27468
Gorai.003G011400.1.A	4420	4314.5	447.788	4.11648
Gorai.003G011400.1.D	4420	4314.5	214.212	1.96924
Gorai.003G011500.1.A	1270	1164.5	31.4245	1.07032
Gorai.003G011500.1.D	1270	1164.5	13.4676	0.458707
Gorai.003G011600.1.A	1756	1650.5	5116.22	122.947
Gorai.003G011600.1.D	1756	1650.5	1246.78	29.9611
Gorai.003G011700.1.A	1117	1011.5	43.4783	1.70486
Gorai.003G011700.1.D	1117	1011.5	31.5217	1.23602
Gorai.003G011800.1.A	1606	1500.5	0	0
Gorai.003G011800.1.D	1606	1500.5	4	0.105732
Gorai.003G011900.1.A	3427	3321.5	629.759	7.52011
Gorai.003G011900.1.D	3427	3321.5	183.241	2.18813
Gorai.003G012000.1.A	1562	1456.5	7	0.190621
Gorai.003G012000.1.D	1562	1456.5	3	0.0816948
Gorai.003G012100.1.A	2144	2038.5	153.461	2.98588
Gorai.003G012100.1.D	2144	2038.5	135.539	2.63716
Gorai.003G012200.1.A	1099	993.505	374.266	14.9416
Gorai.003G012200.1.D	1099	993.505	282.734	11.2874
Gorai.003G012300.1.A	2730	2624.5	1	0.0151125
Gorai.003G012300.1.D	2730	2624.5	0	0
Gorai.003G012400.1.A	1080	974.505	9.3246	0.379517
Gorai.003G012400.1.D	1080	974.505	9.3246	0.379517
Gorai.003G012500.1.A	1642	1536.5	144.881	3.73991
Gorai.003G012500.1.D	1642	1536.5	191.119	4.9335
Gorai.003G012600.1.A	1914	1808.5	219.667	4.8176
Gorai.003G012600.1.D	1914	1808.5	286.333	6.27966
Gorai.003G012700.1.A	2585	2479.5	250.212	4.00248
Gorai.003G012700.1.D	2585	2479.5	200.788	3.21186
Gorai.003G012800.1.A	1569	1463.5	26.75	0.724961
Gorai.003G012800.1.D	1569	1463.5	80.25	2.17488
Gorai.003G012900.1.A	1486	1380.5	1	0.0287308
Gorai.003G012900.1.D	1486	1380.5	2	0.0574615
Gorai.003G013000.1.A	2028	1922.5	0	0
Gorai.003G013000.1.D	2028	1922.5	0	0
Gorai.003G013100.1.A	1840	1734.5	6.35294	0.145273
Gorai.003G013100.1.D	1840	1734.5	11.6471	0.266333
Gorai.003G013200.1.A	1885	1779.5	381.371	8.50029
Gorai.003G013200.1.D	1885	1779.5	54.6288	1.21761
Gorai.003G013300.1.A	1929	1823.5	209.453	4.55581
Gorai.003G013300.1.D	1929	1823.5	161.547	3.51379
Gorai.003G013400.1.A	5203	5097.5	1785.62	13.8936
Gorai.003G013400.1.D	5203	5097.5	2950.38	22.9565
Gorai.003G013500.1.A	1610	1504.5	1754.87	46.2634
Gorai.003G013500.1.D	1610	1504.5	620.127	16.3483
Gorai.003G013600.1.A	1198	1092.5	240.545	8.73291
Gorai.003G013600.1.D	1198	1092.5	165.455	6.00676
Gorai.003G013700.1.A	2295	2189.5	1.33333	0.0241534
Gorai.003G013700.1.D	2295	2189.5	2.66667	0.0483067
Gorai.003G013800.1.A	2509	2403.5	34	0.561072
Gorai.003G013800.1.D	2509	2403.5	10	0.165021
Gorai.003G013900.1.A	1044	938.505	83.9755	3.54896
Gorai.003G013900.1.D	1044	938.505	424.024	17.9201
Gorai.003G014000.1.A	2732	2626.5	175.36	2.64812
Gorai.003G014000.1.D	2732	2626.5	201.339	3.04043
Gorai.003G014100.1.A	1254	1148.5	1	0.0345344
Gorai.003G014100.1.D	1254	1148.5	0	0
Gorai.003G014200.1.A	1407	1301.5	48	1.46278
Gorai.003G014200.1.D	1407	1301.5	37	1.12756
Gorai.003G014300.1.A	1349	1243.5	0	0
Gorai.003G014300.1.D	1349	1243.5	0	0
Gorai.003G014400.1.A	939	833.505	69.3171	3.2985
Gorai.003G014400.1.D	939	833.505	46.6829	2.22144
Gorai.003G014500.1.A	963	857.505	13.5	0.624428
Gorai.003G014500.1.D	963	857.505	13.5	0.624428
Gorai.003G014600.1.A	755	649.505	0	0
Gorai.003G014600.1.D	755	649.505	0	0
Gorai.003G014700.1.A	1781	1675.5	44.6809	1.0577
Gorai.003G014700.1.D	1781	1675.5	5.31915	0.125916
Gorai.003G014800.1.A	2080	1974.5	180.016	3.61607
Gorai.003G014800.1.D	2080	1974.5	123.984	2.49054
Gorai.003G014900.1.A	1014	908.505	48.2051	2.10451
Gorai.003G014900.1.D	1014	908.505	45.7949	1.99928
Gorai.003G015000.1.A	807	701.505	11.6754	0.660127
Gorai.003G015000.1.D	807	701.505	230.325	13.0225
Gorai.003G015100.1.A	3275	3169.5	0	0
Gorai.003G015100.1.D	3275	3169.5	3	0.0375418
Gorai.003G015200.1.A	1094	988.505	483.537	19.4015
Gorai.003G015200.1.D	1094	988.505	258.463	10.3706
Gorai.003G015300.1.A	1206	1100.5	809.692	29.1818
Gorai.003G015300.1.D	1206	1100.5	1770.31	63.8031
Gorai.003G015400.1.A	2501	2395.5	519.24	8.59718
Gorai.003G015400.1.D	2501	2395.5	332.76	5.50959
Gorai.003G015500.1.A	2536	2430.5	0	0
Gorai.003G015500.1.D	2536	2430.5	459	7.49033
Gorai.003G015600.1.A	1790	1684.5	0	0
Gorai.003G015600.1.D	1790	1684.5	0	0
Gorai.003G015700.1.A	811	705.505	1	0.0562192
Gorai.003G015700.1.D	811	705.505	3	0.168658
Gorai.003G015800.1.A	2182	2076.5	956.184	18.2639
Gorai.003G015800.1.D	2182	2076.5	630.816	12.0491
Gorai.003G015900.1.A	1027	921.505	68.25	2.93758
Gorai.003G015900.1.D	1027	921.505	372.75	16.0437
Gorai.003G016000.1.A	436	330.583	3	0.359936
Gorai.003G016000.1.D	436	330.583	1	0.119979
Gorai.003G016100.1.A	1288	1182.5	1	0.0335415
Gorai.003G016100.1.D	1288	1182.5	3	0.100624
Gorai.003G016200.1.A	2819	2713.5	372.161	5.43983
Gorai.003G016200.1.D	2819	2713.5	344.249	5.03184
Gorai.003G016300.1.A	2671	2565.5	110.346	1.70597
Gorai.003G016300.1.D	2671	2565.5	173.244	2.67837
Gorai.003G016400.1.A	1697	1591.5	455.886	11.3614
Gorai.003G016400.1.D	1697	1591.5	240.114	5.98405
Gorai.003G016500.1.A	2238	2132.5	20.9189	0.389076
Gorai.003G016500.1.D	2238	2132.5	22.0811	0.410691
Gorai.003G016600.1.A	1072	966.505	12.4667	0.511601
Gorai.003G016600.1.D	1072	966.505	4.53333	0.186037
Gorai.003G016700.1.A	1272	1166.5	273.034	9.28358
Gorai.003G016700.1.D	1272	1166.5	522.966	17.7816
Gorai.003G016800.1.A	1437	1331.5	6	0.178728
Gorai.003G016800.1.D	1437	1331.5	2	0.0595761
Gorai.003G016900.1.A	1826	1720.5	9.86053	0.227316
Gorai.003G016900.1.D	1826	1720.5	116.947	2.69599
Gorai.003G017000.1.A	1266	1160.5	5	0.170887
Gorai.003G017000.1.D	1266	1160.5	1	0.0341773
Gorai.003G017100.1.A	1598	1492.5	0	0
Gorai.003G017100.1.D	1598	1492.5	4.19248	0.111414
Gorai.003G017200.1.A	1599	1493.5	0	0
Gorai.003G017200.1.D	1599	1493.5	0	0
Gorai.003G017300.1.A	1491	1385.5	0	0
Gorai.003G017300.1.D	1491	1385.5	0	0
Gorai.003G017400.1.A	948	842.505	4	0.18831
Gorai.003G017400.1.D	948	842.505	0	0
Gorai.003G017500.1.A	420	314.583	0	0
Gorai.003G017500.1.D	420	314.583	0	0
Gorai.003G017600.1.A	1369	1263.5	207.327	6.50825
Gorai.003G017600.1.D	1369	1263.5	168.673	5.29485
Gorai.003G017700.1.A	1219	1113.5	0	0
Gorai.003G017700.1.D	1219	1113.5	52	1.85224
Gorai.003G017800.1.A	1189	1083.5	375.977	13.7631
Gorai.003G017800.1.D	1189	1083.5	174.023	6.37033
Gorai.003G017900.1.A	1717	1611.5	0	0
Gorai.003G017900.1.D	1717	1611.5	4	0.0984495
Gorai.003G018000.1.A	1533	1427.5	30	0.833544
Gorai.003G018000.1.D	1533	1427.5	6	0.166709
Gorai.003G018100.1.A	2758	2652.5	75.4426	1.12809
Gorai.003G018100.1.D	2758	2652.5	2.55738	0.0382405
Gorai.003G018200.1.A	2704	2598.5	183.748	2.80469
Gorai.003G018200.1.D	2704	2598.5	234.252	3.57556
Gorai.003G018300.1.A	574	468.551	15.6643	1.32599
Gorai.003G018300.1.D	574	468.551	0	0
Gorai.003G018400.1.A	733	627.505	0	0
Gorai.003G018400.1.D	733	627.505	0	0
Gorai.003G018500.1.A	1161	1055.5	0	0
Gorai.003G018500.1.D	1161	1055.5	0	0
Gorai.003G018600.1.A	864	758.505	0	0
Gorai.003G018600.1.D	864	758.505	0	0
Gorai.003G018700.1.A	5445	5339.5	234.299	1.74042
Gorai.003G018700.1.D	5445	5339.5	196.098	1.45666
Gorai.003G018800.1.A	5155	5049.5	27.675	0.217382
Gorai.003G018800.1.D	5155	5049.5	23.4754	0.184395
Gorai.003G018900.1.A	2438	2332.5	5	0.0850222
Gorai.003G018900.1.D	2438	2332.5	6	0.102027
Gorai.003G019000.1.A	651	545.505	599.771	43.6086
Gorai.003G019000.1.D	651	545.505	384.229	27.9368
Gorai.003G019100.1.A	856	750.505	3	0.158545
Gorai.003G019100.1.D	856	750.505	1	0.0528484
Gorai.003G019200.1.A	2674	2568.5	120.106	1.85468
Gorai.003G019200.1.D	2674	2568.5	111.894	1.72787
Gorai.003G019300.1.A	1869	1763.5	529.793	11.9156
Gorai.003G019300.1.D	1869	1763.5	472.207	10.6204
Gorai.003G019400.1.A	735	629.505	31.5082	1.98522
Gorai.003G019400.1.D	735	629.505	30.4918	1.92118
Gorai.003G019500.1.A	2478	2372.5	59.4898	0.994536
Gorai.003G019500.1.D	2478	2372.5	46.5102	0.777546
Gorai.003G019600.1.A	1089	983.505	225.554	9.09618
Gorai.003G019600.1.D	1089	983.505	275.446	11.1082
Gorai.003G019700.1.A	1700	1594.5	513.606	12.7758
Gorai.003G019700.1.D	1700	1594.5	3.39387	0.0844218
Gorai.003G019800.1.A	3050	2944.5	994.812	13.4003
Gorai.003G019800.1.D	3050	2944.5	694.188	9.35082
Gorai.003G019900.1.A	1983	1877.5	10.9091	0.230458
Gorai.003G019900.1.D	1983	1877.5	25.0909	0.530054
Gorai.003G020000.1.A	2215	2109.5	0	0
Gorai.003G020000.1.D	2215	2109.5	0	0
Gorai.003G020100.1.A	749	643.505	0	0
Gorai.003G020100.1.D	749	643.505	1	0.0616358
Gorai.003G020200.1.A	576	470.551	0	0
Gorai.003G020200.1.D	576	470.551	1	0.0842904
Gorai.003G020300.1.A	429	323.583	0	0
Gorai.003G020300.1.D	429	323.583	1	0.122574
Gorai.003G020400.1.A	1330	1224.5	1.09524	0.0354759
Gorai.003G020400.1.D	1330	1224.5	21.9048	0.709517
Gorai.003G020500.1.A	606	500.551	0	0
Gorai.003G020500.1.D	606	500.551	0	0
Gorai.003G020600.1.A	1314	1208.5	0	0
Gorai.003G020600.1.D	1314	1208.5	0	0
Gorai.003G020700.1.A	1541	1435.5	0	0
Gorai.003G020700.1.D	1541	1435.5	0	0
Gorai.003G020800.1.A	939	833.505	0	0
Gorai.003G020800.1.D	939	833.505	0	0
Gorai.003G020900.1.A	3290	3184.5	321.767	4.0076
Gorai.003G020900.1.D	3290	3184.5	471.233	5.8692
Gorai.003G021000.1.A	1335	1229.5	1	0.0322593
Gorai.003G021000.1.D	1335	1229.5	0	0
Gorai.003G021100.1.A	774	668.505	0	0
Gorai.003G021100.1.D	774	668.505	0	0
Gorai.003G021200.1.A	939	833.505	0	0
Gorai.003G021200.1.D	939	833.505	0	0
Gorai.003G021300.1.A	1652	1546.5	6	0.153881
Gorai.003G021300.1.D	1652	1546.5	1	0.0256468
Gorai.003G021400.1.A	1767	1661.5	0	0
Gorai.003G021400.1.D	1767	1661.5	5	0.119358
Gorai.003G021500.1.A	619	513.505	0	0
Gorai.003G021500.1.D	619	513.505	0	0
Gorai.003G021600.1.A	303	197.687	0	0
Gorai.003G021600.1.D	303	197.687	0	0
Gorai.003G021700.1.A	1411	1305.5	0	0
Gorai.003G021700.1.D	1411	1305.5	0	0
Gorai.003G021800.1.A	443	337.583	0	0
Gorai.003G021800.1.D	443	337.583	0	0
Gorai.003G021900.1.A	492	386.551	0	0
Gorai.003G021900.1.D	492	386.551	0	0
Gorai.003G022000.1.A	285	179.772	0	0
Gorai.003G022000.1.D	285	179.772	0	0
Gorai.003G022100.1.A	425	319.583	0	0
Gorai.003G022100.1.D	425	319.583	0	0
Gorai.003G022200.1.A	285	179.772	0	0
Gorai.003G022200.1.D	285	179.772	0	0
Gorai.003G022300.1.A	285	179.772	0	0
Gorai.003G022300.1.D	285	179.772	0	0
Gorai.003G022400.1.A	288	182.738	0	0
Gorai.003G022400.1.D	288	182.738	0	0
Gorai.003G022500.1.A	306	200.687	0	0
Gorai.003G022500.1.D	306	200.687	0	0
Gorai.003G022600.1.A	651	545.505	0	0
Gorai.003G022600.1.D	651	545.505	0	0
Gorai.003G022700.1.A	654	548.505	0	0
Gorai.003G022700.1.D	654	548.505	0	0
Gorai.003G022800.1.A	1898	1792.5	604.038	13.3656
Gorai.003G022800.1.D	1898	1792.5	74.9616	1.65868
Gorai.003G022900.1.A	2650	2544.5	74.2308	1.15709
Gorai.003G022900.1.D	2650	2544.5	118.769	1.85134
Gorai.003G023000.1.A	411	305.583	0	0
Gorai.003G023000.1.D	411	305.583	0	0
Gorai.003G023100.1.A	555	449.551	0	0
Gorai.003G023100.1.D	555	449.551	0	0
Gorai.003G023200.1.A	567	461.551	0	0
Gorai.003G023200.1.D	567	461.551	0	0
Gorai.003G023300.1.A	708	602.505	0	0
Gorai.003G023300.1.D	708	602.505	0	0
Gorai.003G023400.1.A	1356	1250.5	2.36436	0.0749918
Gorai.003G023400.1.D	1356	1250.5	2.36436	0.0749918
Gorai.003G023500.1.A	2148	2042.5	238.282	4.62714
Gorai.003G023500.1.D	2148	2042.5	78.7181	1.52861
Gorai.003G023600.1.A	957	851.505	0	0
Gorai.003G023600.1.D	957	851.505	0	0
Gorai.003G023700.1.A	639	533.505	10.3439	0.769005
Gorai.003G023700.1.D	639	533.505	10.3439	0.769005
Gorai.003G023800.1.A	486	380.551	0	0
Gorai.003G023800.1.D	486	380.551	0	0
Gorai.003G023900.1.A	680	574.505	0	0
Gorai.003G023900.1.D	680	574.505	0	0
Gorai.003G024000.1.A	1136	1030.5	0	0
Gorai.003G024000.1.D	1136	1030.5	0	0
Gorai.003G024100.1.A	1085	979.505	0	0
Gorai.003G024100.1.D	1085	979.505	0	0
Gorai.003G024200.1.A	1275	1169.5	0	0
Gorai.003G024200.1.D	1275	1169.5	0	0
Gorai.003G024300.1.A	593	487.551	0	0
Gorai.003G024300.1.D	593	487.551	0	0
Gorai.003G024400.1.A	1337	1231.5	0	0
Gorai.003G024400.1.D	1337	1231.5	0	0
Gorai.003G024500.1.A	1446	1340.5	20	0.591761
Gorai.003G024500.1.D	1446	1340.5	0	0
Gorai.003G024600.1.A	799	693.505	32.4706	1.85706
Gorai.003G024600.1.D	799	693.505	36.5294	2.08919
Gorai.003G024700.1.A	2055	1949.5	0.5	0.0101726
Gorai.003G024700.1.D	2055	1949.5	0.5	0.0101726
Gorai.003G024800.1.A	1452	1346.5	0	0
Gorai.003G024800.1.D	1452	1346.5	0	0
Gorai.003G024900.1.A	1740	1634.5	0	0
Gorai.003G024900.1.D	1740	1634.5	0	0
Gorai.003G025000.1.A	2112	2006.5	0	0
Gorai.003G025000.1.D	2112	2006.5	1	0.0197672
Gorai.003G025100.1.A	2012	1906.5	66.5263	1.38401
Gorai.003G025100.1.D	2012	1906.5	170.474	3.54654
Gorai.003G025200.1.A	1618	1512.5	55.7825	1.4628
Gorai.003G025200.1.D	1618	1512.5	365.217	9.57723
Gorai.003G025300.1.A	684	578.505	0	0
Gorai.003G025300.1.D	684	578.505	0	0
Gorai.003G025400.1.A	1473	1367.5	19.8444	0.575566
Gorai.003G025400.1.D	1473	1367.5	27.1556	0.787616
Gorai.003G025500.1.A	1945	1839.5	11.0453	0.238155
Gorai.003G025500.1.D	1945	1839.5	12.2725	0.264617
Gorai.003G025600.1.A	2064	1958.5	113.018	2.2888
Gorai.003G025600.1.D	2064	1958.5	174.664	3.53724
Gorai.003G025700.1.A	3372	3266.5	19.125	0.232222
Gorai.003G025700.1.D	3372	3266.5	48.875	0.593456
Gorai.003G025800.1.A	1953	1847.5	2	0.0429368
Gorai.003G025800.1.D	1953	1847.5	0	0
Gorai.003G025900.1.A	2088	1982.5	625.43	12.5127
Gorai.003G025900.1.D	2088	1982.5	1027.57	20.5581
Gorai.003G026000.1.A	1646	1540.5	2091.54	53.8504
Gorai.003G026000.1.D	1646	1540.5	1857.46	47.8234
Gorai.003G026100.1.A	1421	1315.5	209.549	6.31799
Gorai.003G026100.1.D	1421	1315.5	756.451	22.8073
Gorai.003G026200.1.A	4090	3984.5	1855.64	18.4716
Gorai.003G026200.1.D	4090	3984.5	1101.33	10.963
Gorai.003G026300.1.A	2465	2359.5	167.811	2.82089
Gorai.003G026300.1.D	2465	2359.5	179.189	3.01213
Gorai.003G026400.1.A	987	881.505	4	0.179978
Gorai.003G026400.1.D	987	881.505	0	0
Gorai.003G026500.1.A	1722	1616.5	123.451	3.02902
Gorai.003G026500.1.D	1722	1616.5	85.5492	2.09906
Gorai.003G026600.1.A	1314	1208.5	4	0.131279
Gorai.003G026600.1.D	1314	1208.5	32	1.05024
Gorai.003G026700.1.A	2957	2851.5	0	0
Gorai.003G026700.1.D	2957	2851.5	20	0.27819
Gorai.003G026800.1.A	2371	2265.5	2641.01	46.237
Gorai.003G026800.1.D	2371	2265.5	3365.99	58.9295
Gorai.003G026900.1.A	1248	1142.5	629.408	21.8504
Gorai.003G026900.1.D	1248	1142.5	537.592	18.6629
Gorai.003G027000.1.A	2280	2174.5	394.861	7.20227
Gorai.003G027000.1.D	2280	2174.5	440.139	8.02813
Gorai.003G027100.1.A	1494	1388.5	3	0.0856957
Gorai.003G027100.1.D	1494	1388.5	0	0
Gorai.003G027200.1.A	1758	1652.5	20.4615	0.491112
Gorai.003G027200.1.D	1758	1652.5	21.5385	0.51696
Gorai.003G027300.1.A	2657	2551.5	52.0357	0.808891
Gorai.003G027300.1.D	2657	2551.5	9.96429	0.154894
Gorai.003G027400.1.A	2253	2147.5	72.7129	1.34296
Gorai.003G027400.1.D	2253	2147.5	71.2871	1.31662
Gorai.003G027500.1.A	1545	1439.5	0	0
Gorai.003G027500.1.D	1545	1439.5	0	0
Gorai.003G027600.1.A	2623	2517.5	290.2	4.57206
Gorai.003G027600.1.D	2623	2517.5	388.8	6.1255
Gorai.003G027700.1.A	1578	1472.5	24.2778	0.653939
Gorai.003G027700.1.D	1578	1472.5	32.7222	0.881396
Gorai.003G027800.1.A	1994	1888.5	678.456	14.2491
Gorai.003G027800.1.D	1994	1888.5	745.544	15.6581
Gorai.003G027900.1.A	1884	1778.5	0	0
Gorai.003G027900.1.D	1884	1778.5	30	0.669039
Gorai.003G028000.1.A	1451	1345.5	5	0.147391
Gorai.003G028000.1.D	1451	1345.5	11	0.324259
Gorai.003G028100.1.A	2151	2045.5	9	0.174513
Gorai.003G028100.1.D	2151	2045.5	0	0
Gorai.003G028200.1.A	2111	2005.5	57.3065	1.13335
Gorai.003G028200.1.D	2111	2005.5	129.694	2.56495
Gorai.003G028300.1.A	809	703.505	3	0.169137
Gorai.003G028300.1.D	809	703.505	2	0.112758
Gorai.003G028400.1.A	2852	2746.5	30.7143	0.443552
Gorai.003G028400.1.D	2852	2746.5	12.2857	0.177421
Gorai.003G028500.1.A	1256	1150.5	29.4942	1.01679
Gorai.003G028500.1.D	1256	1150.5	424.506	14.6346
Gorai.003G028600.1.A	960	854.505	2	0.0928326
Gorai.003G028600.1.D	960	854.505	1	0.0464163
Gorai.003G028700.1.A	2596	2490.5	86.6992	1.38074
Gorai.003G028700.1.D	2596	2490.5	37.3008	0.59404
Gorai.003G028800.1.A	685	579.505	1080.31	73.9397
Gorai.003G028800.1.D	685	579.505	842.686	57.6759
Gorai.003G028900.1.A	1343	1237.5	0	0
Gorai.003G028900.1.D	1343	1237.5	0	0
Gorai.003G029000.1.A	1371	1265.5	64.9596	2.03594
Gorai.003G029000.1.D	1371	1265.5	44.0404	1.3803
Gorai.003G029100.1.A	1746	1640.5	72.6336	1.75608
Gorai.003G029100.1.D	1746	1640.5	100.366	2.42659
Gorai.003G029200.1.A	1627	1521.5	462.976	12.069
Gorai.003G029200.1.D	1627	1521.5	716.744	18.6843
Gorai.003G029300.1.A	1844	1738.5	212.798	4.85487
Gorai.003G029300.1.D	1844	1738.5	343.482	7.83633
Gorai.003G029400.1.A	1691	1585.5	0	0
Gorai.003G029400.1.D	1691	1585.5	0	0
Gorai.003G029500.1.A	2849	2743.5	249.163	3.60216
Gorai.003G029500.1.D	2849	2743.5	452.837	6.54667
Gorai.003G029600.1.A	450	344.583	38.6575	4.44964
Gorai.003G029600.1.D	450	344.583	44.3425	5.104
Gorai.003G029700.1.A	1715	1609.5	599.123	14.7642
Gorai.003G029700.1.D	1715	1609.5	63.8771	1.57412
Gorai.003G029800.1.A	1601	1495.5	0	0
Gorai.003G029800.1.D	1601	1495.5	0	0
Gorai.003G029900.1.A	3650	3544.5	795.478	8.90139
Gorai.003G029900.1.D	3650	3544.5	1012.52	11.3301
Gorai.003G030000.1.A	826	720.505	817.908	45.0249
Gorai.003G030000.1.D	826	720.505	1110.09	61.1093
Gorai.003G030100.1.A	1357	1251.5	58.0435	1.83953
Gorai.003G030100.1.D	1357	1251.5	30.9565	0.98108
Gorai.003G030200.1.A	366	260.583	1	0.152208
Gorai.003G030200.1.D	366	260.583	0	0
Gorai.003G030300.1.A	823	717.505	31.4634	1.73927
Gorai.003G030300.1.D	823	717.505	11.5366	0.637731
Gorai.003G030400.1.A	2265	2159.5	776.645	14.2644
Gorai.003G030400.1.D	2265	2159.5	95.3554	1.75136
Gorai.003G030500.1.A	2164	2058.5	1827.32	35.2086
Gorai.003G030500.1.D	2164	2058.5	2815.68	54.252
Gorai.003G030600.1.A	575	469.551	9	0.760229
Gorai.003G030600.1.D	575	469.551	0	0
Gorai.003G030700.1.A	1066	960.505	1502.83	62.0575
Gorai.003G030700.1.D	1066	960.505	220.174	9.09182
Gorai.003G030800.1.A	1278	1172.5	425.178	14.3827
Gorai.003G030800.1.D	1278	1172.5	370.822	12.544
Gorai.003G030900.1.A	2312	2206.5	121.255	2.17962
Gorai.003G030900.1.D	2312	2206.5	79.7446	1.43345
Gorai.003G031000.1.A	2049	1943.5	1137.11	23.206
Gorai.003G031000.1.D	2049	1943.5	849.894	17.3446
Gorai.003G031100.1.A	1101	995.505	1867.22	74.394
Gorai.003G031100.1.D	1101	995.505	1774.78	70.7107
Gorai.003G031200.1.A	1104	998.505	2	0.0794447
Gorai.003G031200.1.D	1104	998.505	1	0.0397223
Gorai.003G031300.1.A	1161	1055.5	0	0
Gorai.003G031300.1.D	1161	1055.5	0	0
Gorai.003G031400.1.A	1938	1832.5	1.29412	0.02801
Gorai.003G031400.1.D	1938	1832.5	20.7059	0.44816
Gorai.003G031500.1.A	780	674.505	0	0
Gorai.003G031500.1.D	780	674.505	0	0
Gorai.003G031600.1.A	637	531.505	0	0
Gorai.003G031600.1.D	637	531.505	4	0.298496
Gorai.003G031700.1.A	1832	1726.5	1476.66	33.9232
Gorai.003G031700.1.D	1832	1726.5	1416.34	32.5376
Gorai.003G031800.1.A	1669	1563.5	0	0
Gorai.003G031800.1.D	1669	1563.5	0	0
Gorai.003G031900.1.A	930	824.505	1	0.0481052
Gorai.003G031900.1.D	930	824.505	3	0.144316
Gorai.003G032000.1.A	600	494.551	2	0.1604
Gorai.003G032000.1.D	600	494.551	1	0.0801998
Gorai.003G032100.1.A	1106	1000.5	28.6875	1.13726
Gorai.003G032100.1.D	1106	1000.5	5.3125	0.210603
Gorai.003G032200.1.A	462	356.551	3	0.333721
Gorai.003G032200.1.D	462	356.551	0	0
Gorai.003G032300.1.A	2525	2419.5	5.33333	0.0874293
Gorai.003G032300.1.D	2525	2419.5	2.66667	0.0437147
Gorai.003G032400.1.A	1373	1267.5	48.9315	1.53117
Gorai.003G032400.1.D	1373	1267.5	27.0685	0.847031
Gorai.003G032500.1.A	1891	1785.5	1246.68	27.6935
Gorai.003G032500.1.D	1891	1785.5	768.325	17.0675
Gorai.003G032600.1.A	2612	2506.5	49.9735	0.790781
Gorai.003G032600.1.D	2612	2506.5	104.026	1.64612
Gorai.003G032700.1.A	1380	1274.5	9.05263	0.28172
Gorai.003G032700.1.D	1380	1274.5	33.9474	1.05645
Gorai.003G032800.1.A	1475	1369.5	1189.94	34.4626
Gorai.003G032800.1.D	1475	1369.5	844.433	24.4561
Gorai.003G032900.1.A	1485	1379.5	817.194	23.4956
Gorai.003G032900.1.D	1485	1379.5	338.431	9.73042
Gorai.003G033000.1.A	1392	1286.5	0	0
Gorai.003G033000.1.D	1392	1286.5	0	0
Gorai.003G033100.1.A	3582	3476.5	536.449	6.12026
Gorai.003G033100.1.D	3582	3476.5	513.551	5.85903
Gorai.003G033200.1.A	435	329.583	1	0.120343
Gorai.003G033200.1.D	435	329.583	1	0.120343
Gorai.003G033300.1.A	1837	1731.5	617.806	14.1519
Gorai.003G033300.1.D	1837	1731.5	313.194	7.17421
Gorai.003G033400.1.A	1110	1004.5	5.45455	0.215373
Gorai.003G033400.1.D	1110	1004.5	14.5455	0.574328
Gorai.003G033500.1.A	2002	1896.5	0	0
Gorai.003G033500.1.D	2002	1896.5	70	1.46396
Gorai.003G033600.1.A	1368	1262.5	22.0968	0.694194
Gorai.003G033600.1.D	1368	1262.5	1347.9	42.3458
Gorai.003G033700.1.A	2096	1990.5	7.62222	0.151881
Gorai.003G033700.1.D	2096	1990.5	41.3778	0.824497
Gorai.003G033800.1.A	410	304.583	0	0
Gorai.003G033800.1.D	410	304.583	0	0
Gorai.003G033900.1.A	2938	2832.5	869.097	12.1698
Gorai.003G033900.1.D	2938	2832.5	1122.9	15.7238
Gorai.003G034000.1.A	790	684.505	1691.58	98.017
Gorai.003G034000.1.D	790	684.505	2041.42	118.288
Gorai.003G034100.1.A	1089	983.505	16.2857	0.656773
Gorai.003G034100.1.D	1089	983.505	2.71429	0.109462
Gorai.003G034200.1.A	3464	3358.5	114.789	1.35562
Gorai.003G034200.1.D	3464	3358.5	71.2114	0.840986
Gorai.003G034300.1.A	1777	1671.5	1036.32	24.5908
Gorai.003G034300.1.D	1777	1671.5	845.675	20.0669
Gorai.003G034400.1.A	3483	3377.5	243.484	2.8593
Gorai.003G034400.1.D	3483	3377.5	134.242	1.57644
Gorai.003G034500.1.A	3603	3497.5	139.349	1.58027
Gorai.003G034500.1.D	3603	3497.5	165.924	1.88164
Gorai.003G034600.1.A	1480	1374.5	0	0
Gorai.003G034600.1.D	1480	1374.5	0	0
Gorai.003G034700.1.A	1267	1161.5	4	0.136592
Gorai.003G034700.1.D	1267	1161.5	1	0.0341479
Gorai.003G034800.1.A	2144	2038.5	38.9973	0.758766
Gorai.003G034800.1.D	2144	2038.5	742.003	14.4371
Gorai.003G034900.1.A	2779	2673.5	145.579	2.15975
Gorai.003G034900.1.D	2779	2673.5	119.421	1.77167
Gorai.003G035000.1.A	2330	2224.5	1142.15	20.3646
Gorai.003G035000.1.D	2330	2224.5	886.848	15.8125
Gorai.003G035100.1.A	671	565.505	0	0
Gorai.003G035100.1.D	671	565.505	0	0
Gorai.003G035200.1.A	2499	2393.5	374.131	6.19975
Gorai.003G035200.1.D	2499	2393.5	605.869	10.0399
Gorai.003G035300.1.A	1432	1326.5	12.8571	0.384433
Gorai.003G035300.1.D	1432	1326.5	14.1429	0.422876
Gorai.003G035400.1.A	413	307.583	0	0
Gorai.003G035400.1.D	413	307.583	0	0
Gorai.003G035500.1.A	1757	1651.5	997.169	23.9483
Gorai.003G035500.1.D	1757	1651.5	839.831	20.1696
Gorai.003G035600.1.A	2513	2407.5	74.2807	1.22375
Gorai.003G035600.1.D	2513	2407.5	71.7193	1.18155
Gorai.003G035700.1.A	1751	1645.5	305.22	7.35696
Gorai.003G035700.1.D	1751	1645.5	479.78	11.5645
Gorai.003G035800.1.A	1860	1754.5	14.5833	0.329676
Gorai.003G035800.1.D	1860	1754.5	10.4167	0.235483
Gorai.003G035900.1.A	1600	1494.5	38	1.00849
Gorai.003G035900.1.D	1600	1494.5	19	0.504245
Gorai.003G036000.1.A	889	783.505	0	0
Gorai.003G036000.1.D	889	783.505	1	0.0506225
Gorai.003G036100.1.A	690	584.505	198.805	13.4904
Gorai.003G036100.1.D	690	584.505	77.1954	5.23828
Gorai.003G036200.1.A	3094	2988.5	179.845	2.38687
Gorai.003G036200.1.D	3094	2988.5	1045.16	13.8711
Gorai.003G036300.1.A	2207	2101.5	0	0
Gorai.003G036300.1.D	2207	2101.5	21	0.396345
Gorai.003G036400.1.A	2040	1934.5	0.998957	0.0204815
Gorai.003G036400.1.D	2040	1934.5	0	0
Gorai.003G036500.1.A	1417	1311.5	3.6	0.108872
Gorai.003G036500.1.D	1417	1311.5	5.4	0.163309
Gorai.003G036600.1.A	2058	1952.5	0.000521616	1.0596e-05
Gorai.003G036600.1.D	2058	1952.5	0.000521616	1.0596e-05
Gorai.003G036700.1.A	1449	1343.5	0	0
Gorai.003G036700.1.D	1449	1343.5	2	0.059044
Gorai.003G036800.1.A	903	797.505	11.6923	0.581503
Gorai.003G036800.1.D	903	797.505	7.30769	0.363439
Gorai.003G036900.1.A	1876	1770.5	730.512	16.365
Gorai.003G036900.1.D	1876	1770.5	505.488	11.324
Gorai.003G037000.1.A	1933	1827.5	1.16667	0.0253206
Gorai.003G037000.1.D	1933	1827.5	5.83333	0.126603
Gorai.003G037100.1.A	1956	1850.5	25.7778	0.55251
Gorai.003G037100.1.D	1956	1850.5	32.2222	0.690638
Gorai.003G037200.1.A	2950	2844.5	4	0.0557748
Gorai.003G037200.1.D	2950	2844.5	9	0.125493
Gorai.003G037300.1.A	770	664.505	260.586	15.5538
Gorai.003G037300.1.D	770	664.505	225.414	13.4545
Gorai.003G037400.1.A	2240	2134.5	116	2.15549
Gorai.003G037400.1.D	2240	2134.5	101	1.87676
Gorai.003G037500.1.A	681	575.505	2	0.137837
Gorai.003G037500.1.D	681	575.505	0	0
Gorai.003G037600.1.A	2673	2567.5	0	0
Gorai.003G037600.1.D	2673	2567.5	0	0
Gorai.003G037700.1.A	1449	1343.5	53.2895	1.57321
Gorai.003G037700.1.D	1449	1343.5	27.7105	0.81807
Gorai.003G037800.1.A	1749	1643.5	0	0
Gorai.003G037800.1.D	1749	1643.5	0	0
Gorai.003G037900.1.A	2667	2561.5	295.412	4.57423
Gorai.003G037900.1.D	2667	2561.5	169.588	2.62594
Gorai.003G038000.1.A	2670	2564.5	1143.9	17.6917
Gorai.003G038000.1.D	2670	2564.5	1972.1	30.5007
Gorai.003G038100.1.A	2739	2633.5	71.3725	1.07493
Gorai.003G038100.1.D	2739	2633.5	32.6275	0.491399
Gorai.003G038200.1.A	945	839.505	71.3846	3.37261
Gorai.003G038200.1.D	945	839.505	44.6154	2.10788
Gorai.003G038300.1.A	1480	1374.5	10	0.288562
Gorai.003G038300.1.D	1480	1374.5	4	0.115425
Gorai.003G038400.1.A	816	710.505	0	0
Gorai.003G038400.1.D	816	710.505	0	0
Gorai.003G038500.1.A	641	535.505	1	0.0740665
Gorai.003G038500.1.D	641	535.505	1	0.0740665
Gorai.003G038600.1.A	1253	1147.5	99.7453	3.44765
Gorai.003G038600.1.D	1253	1147.5	118.255	4.08742
Gorai.003G038700.1.A	2074	1968.5	2277.15	45.8818
Gorai.003G038700.1.D	2074	1968.5	2941.85	59.2746
Gorai.003G038800.1.A	2759	2653.5	2068.58	30.9199
Gorai.003G038800.1.D	2759	2653.5	2774.42	41.4703
Gorai.003G038900.1.A	4231	4125.5	5.88235	0.0565534
Gorai.003G038900.1.D	4231	4125.5	14.1176	0.135728
Gorai.003G039000.1.A	2507	2401.5	98.8148	1.63201
Gorai.003G039000.1.D	2507	2401.5	75.1852	1.24175
Gorai.003G039100.1.A	1446	1340.5	7.5	0.22191
Gorai.003G039100.1.D	1446	1340.5	2.5	0.0739702
Gorai.003G039200.1.A	1971	1865.5	514.207	10.9327
Gorai.003G039200.1.D	1971	1865.5	221.793	4.7156
Gorai.003G039300.1.A	1897	1791.5	212.704	4.70915
Gorai.003G039300.1.D	1897	1791.5	204.742	4.53287
Gorai.003G039400.1.A	405	299.583	0	0
Gorai.003G039400.1.D	405	299.583	0	0
Gorai.003G039500.1.A	921	815.505	0	0
Gorai.003G039500.1.D	921	815.505	0	0
Gorai.003G039600.1.A	481	375.551	0	0
Gorai.003G039600.1.D	481	375.551	0	0
Gorai.003G039700.1.A	240	135.211	0	0
Gorai.003G039700.1.D	240	135.211	0	0
Gorai.003G039800.1.A	680	574.505	2	0.138077
Gorai.003G039800.1.D	680	574.505	0	0
Gorai.003G039900.1.A	2487	2381.5	307.12	5.11495
Gorai.003G039900.1.D	2487	2381.5	17.8803	0.297788
Gorai.003G040000.1.A	2061	1955.5	514.084	10.427
Gorai.003G040000.1.D	2061	1955.5	314.916	6.38735
Gorai.003G040100.1.A	1510	1404.5	0	0
Gorai.003G040100.1.D	1510	1404.5	12	0.338878
Gorai.003G040200.1.A	1040	934.505	25.2083	1.06991
Gorai.003G040200.1.D	1040	934.505	95.7917	4.06566
Gorai.003G040300.1.A	1330	1224.5	97.2959	3.15151
Gorai.003G040300.1.D	1330	1224.5	91.7041	2.97039
Gorai.003G040400.1.A	1073	967.505	42.3846	1.73756
Gorai.003G040400.1.D	1073	967.505	44.6154	1.82901
Gorai.003G040500.1.A	917	811.505	78.9494	3.85871
Gorai.003G040500.1.D	917	811.505	2.05063	0.100226
Gorai.003G040600.1.A	1755	1649.5	107.599	2.58725
Gorai.003G040600.1.D	1755	1649.5	191.401	4.60232
Gorai.003G040700.1.A	1690	1584.5	229.976	5.75671
Gorai.003G040700.1.D	1690	1584.5	240.024	6.00822
Gorai.003G040800.1.A	1120	1014.5	305.9	11.9594
Gorai.003G040800.1.D	1120	1014.5	660.1	25.8072
Gorai.003G040900.1.A	1151	1045.5	479.957	18.208
Gorai.003G040900.1.D	1151	1045.5	316.043	11.9896
Gorai.003G041000.1.A	3051	2945.5	231.215	3.11344
Gorai.003G041000.1.D	3051	2945.5	254.785	3.43083
Gorai.003G041100.1.A	1165	1059.5	2102.98	78.7258
Gorai.003G041100.1.D	1165	1059.5	1653.48	61.8985
Gorai.003G041200.1.A	2994	2888.5	7.63636	0.104857
Gorai.003G041200.1.D	2994	2888.5	13.3636	0.1835
Gorai.003G041300.1.A	1237	1131.5	3748.98	131.414
Gorai.003G041300.1.D	1237	1131.5	5379.02	188.552
Gorai.003G041400.1.A	831	725.505	0	0
Gorai.003G041400.1.D	831	725.505	1	0.0546695
Gorai.003G041500.1.A	2055	1949.5	275.983	5.61491
Gorai.003G041500.1.D	2055	1949.5	581.017	11.8209
Gorai.003G041600.1.A	5480	5374.5	13.7421	0.101414
Gorai.003G041600.1.D	5480	5374.5	2.28516	0.0168641
Gorai.003G041700.1.A	942	836.505	76.4335	3.6241
Gorai.003G041700.1.D	942	836.505	49.5393	2.34891
Gorai.003G041800.1.A	1192	1086.5	0	0
Gorai.003G041800.1.D	1192	1086.5	0	0
Gorai.003G041900.1.A	2265	2159.5	106.535	1.9567
Gorai.003G041900.1.D	2265	2159.5	58.4646	1.0738
Gorai.003G042000.1.A	1005	899.505	0	0
Gorai.003G042000.1.D	1005	899.505	0	0
Gorai.003G042100.1.A	1379	1273.5	0	0
Gorai.003G042100.1.D	1379	1273.5	0	0
Gorai.003G042200.1.A	999	893.505	0	0
Gorai.003G042200.1.D	999	893.505	0	0
Gorai.003G042300.1.A	1197	1091.5	1	0.0363379
Gorai.003G042300.1.D	1197	1091.5	0	0
Gorai.003G042400.1.A	981	875.505	0	0
Gorai.003G042400.1.D	981	875.505	0	0
Gorai.003G042500.1.A	1682	1576.5	981.186	24.6855
Gorai.003G042500.1.D	1682	1576.5	627.814	15.795
Gorai.003G042600.1.A	706	600.505	7	0.462345
Gorai.003G042600.1.D	706	600.505	7	0.462345
Gorai.003G042700.1.A	867	761.505	6.31579	0.328958
Gorai.003G042700.1.D	867	761.505	33.6842	1.75444
Gorai.003G042800.1.A	2322	2216.5	586.205	10.4898
Gorai.003G042800.1.D	2322	2216.5	480.795	8.60353
Gorai.003G042900.1.A	609	503.551	0	0
Gorai.003G042900.1.D	609	503.551	0	0
Gorai.003G043000.1.A	1485	1379.5	0	0
Gorai.003G043000.1.D	1485	1379.5	95	2.7314
Gorai.003G043100.1.A	1195	1089.5	11.2303	0.408834
Gorai.003G043100.1.D	1195	1089.5	11.2303	0.408834
Gorai.003G043200.1.A	379	273.583	4.83283	0.700643
Gorai.003G043200.1.D	379	273.583	4.83283	0.700643
Gorai.003G043300.1.A	3283	3177.5	156.29	1.95088
Gorai.003G043300.1.D	3283	3177.5	166.71	2.08094
Gorai.003G043400.1.A	3409	3303.5	67.3824	0.809014
Gorai.003G043400.1.D	3409	3303.5	90.6176	1.08798
Gorai.003G043500.1.A	1515	1409.5	1	0.0281396
Gorai.003G043500.1.D	1515	1409.5	0	0
Gorai.003G043600.1.A	2173	2067.5	38.1429	0.731731
Gorai.003G043600.1.D	2173	2067.5	50.8571	0.975642
Gorai.003G043700.1.A	1326	1220.5	90.6022	2.94431
Gorai.003G043700.1.D	1326	1220.5	292.398	9.5021
Gorai.003G043800.1.A	480	374.551	1	0.105895
Gorai.003G043800.1.D	480	374.551	0	0
Gorai.003G043900.1.A	775	669.505	0	0
Gorai.003G043900.1.D	775	669.505	1	0.0592422
Gorai.003G044000.1.A	1792	1686.5	75.1515	1.7674
Gorai.003G044000.1.D	1792	1686.5	172.848	4.06502
Gorai.003G044100.1.A	408	302.583	0	0
Gorai.003G044100.1.D	408	302.583	0	0
Gorai.003G044200.1.A	1722	1616.5	0	0
Gorai.003G044200.1.D	1722	1616.5	0	0
Gorai.003G044300.1.A	1500	1394.5	0	0
Gorai.003G044300.1.D	1500	1394.5	2	0.0568846
Gorai.003G044400.1.A	973	867.505	785.546	35.9157
Gorai.003G044400.1.D	973	867.505	444.454	20.3207
Gorai.003G044500.1.A	1050	944.505	76.8467	3.22705
Gorai.003G044500.1.D	1050	944.505	252.153	10.5888
Gorai.003G044600.1.A	1057	951.505	33	1.37559
Gorai.003G044600.1.D	1057	951.505	4	0.166738
Gorai.003G044700.1.A	2010	1904.5	1271.77	26.4857
Gorai.003G044700.1.D	2010	1904.5	8972.23	186.854
Gorai.003G044800.1.A	923	817.505	0	0
Gorai.003G044800.1.D	923	817.505	0	0
Gorai.003G044900.1.A	1626	1520.5	0	0
Gorai.003G044900.1.D	1626	1520.5	2	0.0521708
Gorai.003G045000.1.A	1056	950.505	21.2619	0.887223
Gorai.003G045000.1.D	1056	950.505	25.7381	1.07401
Gorai.003G045100.1.A	1889	1783.5	1.125	0.0250186
Gorai.003G045100.1.D	1889	1783.5	43.875	0.975726
Gorai.003G045200.1.A	423	317.583	0	0
Gorai.003G045200.1.D	423	317.583	0	0
Gorai.003G045300.1.A	980	874.505	19.4444	0.881898
Gorai.003G045300.1.D	980	874.505	155.556	7.05518
Gorai.003G045400.1.A	753	647.505	51.1351	3.13229
Gorai.003G045400.1.D	753	647.505	36.8649	2.25816
Gorai.003G045500.1.A	3071	2965.5	786.8	10.5233
Gorai.003G045500.1.D	3071	2965.5	618.2	8.26828
Gorai.003G045600.1.A	843	737.505	13	0.699139
Gorai.003G045600.1.D	843	737.505	6	0.32268
Gorai.003G045700.1.A	441	335.583	0	0
Gorai.003G045700.1.D	441	335.583	0	0
Gorai.003G045800.1.A	894	788.505	1248.05	62.779
Gorai.003G045800.1.D	894	788.505	86.9456	4.37349
Gorai.003G045900.1.A	661	555.505	2	0.1428
Gorai.003G045900.1.D	661	555.505	15	1.071
Gorai.003G046000.1.A	1046	940.505	34.4444	1.45259
Gorai.003G046000.1.D	1046	940.505	27.5556	1.16207
Gorai.003G046100.1.A	1760	1654.5	0	0
Gorai.003G046100.1.D	1760	1654.5	0	0
Gorai.003G046200.1.A	1870	1764.5	0	0
Gorai.003G046200.1.D	1870	1764.5	0	0
Gorai.003G046300.1.A	3142	3036.5	89.9186	1.17452
Gorai.003G046300.1.D	3142	3036.5	119.081	1.55545
Gorai.003G046400.1.A	3744	3638.5	417.119	4.54697
Gorai.003G046400.1.D	3744	3638.5	947.881	10.3327
Gorai.003G046500.1.A	2201	2095.5	87.1444	1.64944
Gorai.003G046500.1.D	2201	2095.5	106.856	2.02252
Gorai.003G046600.1.A	681	575.505	57.661	3.97391
Gorai.003G046600.1.D	681	575.505	5.33898	0.367955
Gorai.003G046700.1.A	1403	1297.5	483.354	14.7755
Gorai.003G046700.1.D	1403	1297.5	410.646	12.5529
Gorai.003G046800.1.A	964	858.505	0	0
Gorai.003G046800.1.D	964	858.505	0	0
Gorai.003G046900.1.A	1007	901.505	1.07692	0.0473807
Gorai.003G046900.1.D	1007	901.505	40.9231	1.80047
Gorai.003G047000.1.A	1329	1223.5	1905.73	61.7791
Gorai.003G047000.1.D	1329	1223.5	274.267	8.89105
Gorai.003G047100.1.A	2440	2334.5	175.106	2.97503
Gorai.003G047100.1.D	2440	2334.5	279.894	4.75536
Gorai.003G047200.1.A	1401	1295.5	11.5385	0.353259
Gorai.003G047200.1.D	1401	1295.5	3.46154	0.105978
Gorai.003G047300.1.A	2015	1909.5	3	0.062314
Gorai.003G047300.1.D	2015	1909.5	1	0.0207713
Gorai.003G047400.1.A	1068	962.505	0	0
Gorai.003G047400.1.D	1068	962.505	0	0
Gorai.003G047500.1.A	796	690.505	213.676	12.2736
Gorai.003G047500.1.D	796	690.505	494.324	28.3942
Gorai.003G047600.1.A	2625	2519.5	153.065	2.4096
Gorai.003G047600.1.D	2625	2519.5	113.935	1.79361
Gorai.003G047700.1.A	946	840.505	0	0
Gorai.003G047700.1.D	946	840.505	1	0.0471894
Gorai.003G047800.1.A	900	794.505	2.85714	0.142633
Gorai.003G047800.1.D	900	794.505	17.1429	0.855799
Gorai.003G047900.1.A	1507	1401.5	0	0
Gorai.003G047900.1.D	1507	1401.5	0	0
Gorai.003G048000.1.A	2356	2250.5	9.63007	0.169721
Gorai.003G048000.1.D	2356	2250.5	21.0234	0.370517
Gorai.003G048100.1.A	990	884.505	29.9062	1.34106
Gorai.003G048100.1.D	990	884.505	3.09375	0.13873
Gorai.003G048200.1.A	4233	4127.5	518.715	4.98456
Gorai.003G048200.1.D	4233	4127.5	731.285	7.02722
Gorai.003G048300.1.A	1677	1571.5	1251.18	31.5783
Gorai.003G048300.1.D	1677	1571.5	640.821	16.1736
Gorai.003G048400.1.A	1238	1132.5	152.522	5.34166
Gorai.003G048400.1.D	1238	1132.5	98.4785	3.44894
Gorai.003G048500.1.A	1094	988.505	247.063	9.91319
Gorai.003G048500.1.D	1094	988.505	162.922	6.53709
Gorai.003G048600.1.A	594	488.551	0	0
Gorai.003G048600.1.D	594	488.551	0	0
Gorai.003G048700.1.A	973	867.505	15.125	0.691526
Gorai.003G048700.1.D	973	867.505	6.875	0.31433
Gorai.003G048800.1.A	1633	1527.5	1	0.0259658
Gorai.003G048800.1.D	1633	1527.5	0	0
Gorai.003G048900.1.A	3168	3062.5	40.8333	0.528838
Gorai.003G048900.1.D	3168	3062.5	15.1667	0.196426
Gorai.003G049000.1.A	2425	2319.5	259.429	4.43616
Gorai.003G049000.1.D	2425	2319.5	284.571	4.8661
Gorai.003G049100.1.A	423	317.583	1	0.12489
Gorai.003G049100.1.D	423	317.583	0	0
Gorai.003G049200.1.A	411	305.583	3	0.389383
Gorai.003G049200.1.D	411	305.583	0	0
Gorai.003G049300.1.A	4153	4047.5	305.8	2.99664
Gorai.003G049300.1.D	4153	4047.5	420.2	4.11769
Gorai.003G049400.1.A	1698	1592.5	23.4419	0.583843
Gorai.003G049400.1.D	1698	1592.5	24.5581	0.611645
Gorai.003G049500.1.A	468	362.551	0	0
Gorai.003G049500.1.D	468	362.551	0	0
Gorai.003G049600.1.A	1578	1472.5	162.758	4.384
Gorai.003G049600.1.D	1578	1472.5	6414.24	172.772
Gorai.003G049700.1.A	1258	1152.5	1	0.0344146
Gorai.003G049700.1.D	1258	1152.5	0	0
Gorai.003G049800.1.A	990	884.505	0	0
Gorai.003G049800.1.D	990	884.505	0	0
Gorai.003G049900.1.A	1189	1083.5	267.678	9.79866
Gorai.003G049900.1.D	1189	1083.5	62.322	2.28137
Gorai.003G050000.1.A	363	257.583	0	0
Gorai.003G050000.1.D	363	257.583	0	0
Gorai.003G050100.1.A	737	631.505	140.894	8.84912
Gorai.003G050100.1.D	737	631.505	276.106	17.3414
Gorai.003G050200.1.A	1918	1812.5	162.237	3.55023
Gorai.003G050200.1.D	1918	1812.5	290.763	6.36275
Gorai.003G050300.1.A	1340	1234.5	111.368	3.57809
Gorai.003G050300.1.D	1340	1234.5	219.78	7.06124
Gorai.003G050400.1.A	2100	1994.5	99.6254	1.98116
Gorai.003G050400.1.D	2100	1994.5	1.24532	0.0247645
Gorai.003G050500.1.A	631	525.505	5.09053	0.384212
Gorai.003G050500.1.D	631	525.505	5.09053	0.384212
Gorai.003G050600.1.A	2370	2264.5	0	0
Gorai.003G050600.1.D	2370	2264.5	6	0.10509
Gorai.003G050700.1.A	1231	1125.5	26.7297	0.941959
Gorai.003G050700.1.D	1231	1125.5	16.2703	0.573367
Gorai.003G050800.1.A	4826	4720.5	59.8734	0.503072
Gorai.003G050800.1.D	4826	4720.5	26.1266	0.219523
Gorai.003G050900.1.A	696	590.505	0	0
Gorai.003G050900.1.D	696	590.505	0	0
Gorai.003G051000.1.A	1338	1232.5	349.524	11.2479
Gorai.003G051000.1.D	1338	1232.5	308.476	9.92701
Gorai.003G051100.1.A	573	467.551	11	0.933143
Gorai.003G051100.1.D	573	467.551	4	0.339325
Gorai.003G051200.1.A	1099	993.505	2	0.0798445
Gorai.003G051200.1.D	1099	993.505	0	0
Gorai.003G051300.1.A	1187	1081.5	8.4462	0.309755
Gorai.003G051300.1.D	1187	1081.5	8.4462	0.309755
Gorai.003G051400.1.A	1064	958.505	229.133	9.48152
Gorai.003G051400.1.D	1064	958.505	187.867	7.77395
Gorai.003G051500.1.A	3354	3248.5	229.295	2.79961
Gorai.003G051500.1.D	3354	3248.5	242.705	2.96333
Gorai.003G051600.1.A	985	879.505	307.601	13.8718
Gorai.003G051600.1.D	985	879.505	566.399	25.5429
Gorai.003G051700.1.A	1224	1118.5	0	0
Gorai.003G051700.1.D	1224	1118.5	0	0
Gorai.003G051800.1.A	1660	1554.5	18.3696	0.468697
Gorai.003G051800.1.D	1660	1554.5	46.6304	1.18977
Gorai.003G051900.1.A	4231	4125.5	550.439	5.29196
Gorai.003G051900.1.D	4231	4125.5	704.561	6.77371
Gorai.003G052000.1.A	1485	1379.5	325.911	9.37045
Gorai.003G052000.1.D	1485	1379.5	424.089	12.1932
Gorai.003G052100.1.A	2655	2549.5	467.476	7.27257
Gorai.003G052100.1.D	2655	2549.5	633.524	9.85581
Gorai.003G052200.1.A	4451	4345.5	558.57	5.09826
Gorai.003G052200.1.D	4451	4345.5	175.43	1.60121
Gorai.003G052300.1.A	417	311.583	102.411	13.0364
Gorai.003G052300.1.D	417	311.583	19.3444	2.46244
Gorai.003G052400.1.A	1220	1114.5	0	0
Gorai.003G052400.1.D	1220	1114.5	0	0
Gorai.003G052500.1.A	1446	1340.5	0	0
Gorai.003G052500.1.D	1446	1340.5	0	0
Gorai.003G052600.1.A	1427	1321.5	16	0.480216
Gorai.003G052600.1.D	1427	1321.5	83	2.49112
Gorai.003G052700.1.A	2130	2024.5	0	0
Gorai.003G052700.1.D	2130	2024.5	71	1.39099
Gorai.003G052800.1.A	1381	1275.5	51.0826	1.58846
Gorai.003G052800.1.D	1381	1275.5	5.2174	0.16224
Gorai.003G052900.1.A	1792	1686.5	1375.75	32.3547
Gorai.003G052900.1.D	1792	1686.5	1239.25	29.1445
Gorai.003G053000.1.A	1577	1471.5	305.561	8.23609
Gorai.003G053000.1.D	1577	1471.5	303.439	8.1789
Gorai.003G053100.1.A	1456	1350.5	1365.62	40.1069
Gorai.003G053100.1.D	1456	1350.5	1219.38	35.8119
Gorai.003G053200.1.A	1398	1292.5	617.156	18.9386
Gorai.003G053200.1.D	1398	1292.5	175.844	5.39611
Gorai.003G053300.1.A	2504	2398.5	148.34	2.45303
Gorai.003G053300.1.D	2504	2398.5	126.66	2.09451
Gorai.003G053400.1.A	1057	951.505	39.6595	1.65318
Gorai.003G053400.1.D	1057	951.505	39.6595	1.65318
Gorai.003G053500.1.A	1187	1081.5	0	0
Gorai.003G053500.1.D	1187	1081.5	5	0.183369
Gorai.003G053600.1.A	699	593.505	0	0
Gorai.003G053600.1.D	699	593.505	0	0
Gorai.003G053700.1.A	339	233.63	0.280892	0.0476866
Gorai.003G053700.1.D	339	233.63	0.280892	0.0476866
Gorai.003G053800.1.A	645	539.505	19.9483	1.46654
Gorai.003G053800.1.D	645	539.505	0	0
Gorai.003G053900.1.A	1222	1116.5	531.99	18.8985
Gorai.003G053900.1.D	1222	1116.5	1.01452	0.0360399
Gorai.003G054000.1.A	1597	1491.5	109.615	2.91495
Gorai.003G054000.1.D	1597	1491.5	80.3846	2.13763
Gorai.003G054100.1.A	1280	1174.5	0	0
Gorai.003G054100.1.D	1280	1174.5	0	0
Gorai.003G054200.1.A	920	814.505	0	0
Gorai.003G054200.1.D	920	814.505	186.679	9.09046
Gorai.003G054300.1.A	1543	1437.5	5.50505	0.151893
Gorai.003G054300.1.D	1543	1437.5	212.495	5.86306
Gorai.003G054400.1.A	1453	1347.5	13.6247	0.401035
Gorai.003G054400.1.D	1453	1347.5	170.697	5.02435
Gorai.003G054500.1.A	702	596.505	0	0
Gorai.003G054500.1.D	702	596.505	39.7323	2.64189
Gorai.003G054600.1.A	399	293.583	0.661237	0.0893327
Gorai.003G054600.1.D	399	293.583	0.661237	0.0893327
Gorai.003G054700.1.A	537	431.551	0.5	0.0459539
Gorai.003G054700.1.D	537	431.551	0.5	0.0459539
Gorai.003G054800.1.A	1280	1174.5	0	0
Gorai.003G054800.1.D	1280	1174.5	1	0.0337699
Gorai.003G054900.1.A	781	675.505	0	0
Gorai.003G054900.1.D	781	675.505	1.01302	0.0594806
Gorai.003G055000.1.A	1612	1506.5	4.24317	0.111713
Gorai.003G055000.1.D	1612	1506.5	344.744	9.07634
Gorai.003G055100.1.A	987	881.505	0	0
Gorai.003G055100.1.D	987	881.505	0	0
Gorai.003G055200.1.A	801	695.505	2	0.114055
Gorai.003G055200.1.D	801	695.505	0	0
Gorai.003G055300.1.A	3129	3023.5	0	0
Gorai.003G055300.1.D	3129	3023.5	0	0
Gorai.003G055400.1.A	189	85.9892	4.5	2.07565
Gorai.003G055400.1.D	189	85.9892	4.5	2.07565
Gorai.003G055500.1.A	574	468.551	0	0
Gorai.003G055500.1.D	574	468.551	0	0
Gorai.003G055600.1.A	1343	1237.5	3572.75	114.509
Gorai.003G055600.1.D	1343	1237.5	4742.25	151.993
Gorai.003G055700.1.A	1573	1467.5	181.834	4.91452
Gorai.003G055700.1.D	1573	1467.5	192.166	5.19375
Gorai.003G055800.1.A	3248	3142.5	1320.67	16.6687
Gorai.003G055800.1.D	3248	3142.5	660.333	8.33436
Gorai.003G055900.1.A	528	422.551	1	0.0938654
Gorai.003G055900.1.D	528	422.551	1	0.0938654
Gorai.003G056000.1.A	2391	2285.5	0	0
Gorai.003G056000.1.D	2391	2285.5	1	0.0173541
Gorai.003G056100.1.A	922	816.505	0	0
Gorai.003G056100.1.D	922	816.505	0	0
Gorai.003G056200.1.A	333	227.63	0	0
Gorai.003G056200.1.D	333	227.63	0	0
Gorai.003G056300.1.A	1392	1286.5	219.727	6.77419
Gorai.003G056300.1.D	1392	1286.5	1259.55	38.8318
Gorai.003G056400.1.A	2005	1899.5	69.1765	1.44445
Gorai.003G056400.1.D	2005	1899.5	98.8235	2.0635
Gorai.003G056500.1.A	1323	1217.5	17	0.553813
Gorai.003G056500.1.D	1323	1217.5	2	0.0651545
Gorai.003G056600.1.A	757	651.505	0	0
Gorai.003G056600.1.D	757	651.505	5.92835	0.360912
Gorai.003G056700.1.A	235	130.368	0.5	0.152119
Gorai.003G056700.1.D	235	130.368	0.5	0.152119
Gorai.003G056800.1.A	746	640.505	12	0.743094
Gorai.003G056800.1.D	746	640.505	3	0.185774
Gorai.003G056900.1.A	1014	908.505	19.102	0.833945
Gorai.003G056900.1.D	1014	908.505	32.898	1.43624
Gorai.003G057000.1.A	1932	1826.5	0	0
Gorai.003G057000.1.D	1932	1826.5	0	0
Gorai.003G057100.1.A	387	281.583	0	0
Gorai.003G057100.1.D	387	281.583	0	0
Gorai.003G057200.1.A	772	666.505	365	21.7207
Gorai.003G057200.1.D	772	666.505	0	0
Gorai.003G057300.1.A	405	299.583	0	0
Gorai.003G057300.1.D	405	299.583	0	0
Gorai.003G057400.1.A	4594	4488.5	492.382	4.35096
Gorai.003G057400.1.D	4594	4488.5	473.39	4.18314
Gorai.003G057500.1.A	2032	1926.5	204.073	4.20147
Gorai.003G057500.1.D	2032	1926.5	444.161	9.14441
Gorai.003G057600.1.A	2001	1895.5	394.973	8.2647
Gorai.003G057600.1.D	2001	1895.5	606.027	12.681
Gorai.003G057700.1.A	1838	1732.5	21.4468	0.490991
Gorai.003G057700.1.D	1838	1732.5	26.5532	0.607893
Gorai.003G057800.1.A	255	149.978	19	5.02471
Gorai.003G057800.1.D	255	149.978	0	0
Gorai.003G057900.1.A	2594	2488.5	5.5	0.0876615
Gorai.003G057900.1.D	2594	2488.5	49.5	0.788954
Gorai.003G058000.1.A	1498	1392.5	458.388	13.0563
Gorai.003G058000.1.D	1498	1392.5	107.612	3.06514
Gorai.003G058100.1.A	1376	1270.5	21.1673	0.660807
Gorai.003G058100.1.D	1376	1270.5	231.833	7.23741
Gorai.003G058200.1.A	348	242.63	0	0
Gorai.003G058200.1.D	348	242.63	0	0
Gorai.003G058300.1.A	2310	2204.5	99	1.78119
Gorai.003G058300.1.D	2310	2204.5	99	1.78119
Gorai.003G058400.1.A	1753	1647.5	56.9231	1.3704
Gorai.003G058400.1.D	1753	1647.5	128.077	3.08339
Gorai.003G058500.1.A	1805	1699.5	100.997	2.35706
Gorai.003G058500.1.D	1805	1699.5	90.9555	2.12272
Gorai.003G058600.1.A	1983	1877.5	67.6992	1.43017
Gorai.003G058600.1.D	1983	1877.5	259.301	5.47782
Gorai.003G058700.1.A	2578	2472.5	1549.74	24.8603
Gorai.003G058700.1.D	2578	2472.5	1190.79	19.1022
Gorai.003G058800.1.A	391	285.583	201.926	28.0444
Gorai.003G058800.1.D	391	285.583	74.0735	10.2876
Gorai.003G058900.1.A	420	314.583	0	0
Gorai.003G058900.1.D	420	314.583	0	0
Gorai.003G059000.1.A	701	595.505	0	0
Gorai.003G059000.1.D	701	595.505	14.4849	0.964753
Gorai.003G059100.1.A	1959	1853.5	18.8214	0.402758
Gorai.003G059100.1.D	1959	1853.5	12.1786	0.260608
Gorai.003G059200.1.A	1722	1616.5	846.887	20.7794
Gorai.003G059200.1.D	1722	1616.5	1197.11	29.3726
Gorai.003G059300.1.A	1649	1543.5	112.209	2.88341
Gorai.003G059300.1.D	1649	1543.5	80.7907	2.07605
Gorai.003G059400.1.A	1141	1035.5	2.63572	0.100956
Gorai.003G059400.1.D	1141	1035.5	4.03052	0.154381
Gorai.003G059500.1.A	3096	2990.5	632.737	8.39196
Gorai.003G059500.1.D	3096	2990.5	108.263	1.43589
Gorai.003G059600.1.A	2011	1905.5	306.375	6.37718
Gorai.003G059600.1.D	2011	1905.5	235.204	4.89575
Gorai.003G059700.1.A	2441	2335.5	5.11375	0.0868448
Gorai.003G059700.1.D	2441	2335.5	46.3068	0.786411
Gorai.003G059800.1.A	613	507.551	0	0
Gorai.003G059800.1.D	613	507.551	0	0
Gorai.003G059900.1.A	1264	1158.5	1207.81	41.351
Gorai.003G059900.1.D	1264	1158.5	841.19	28.7992
Gorai.003G060000.1.A	2785	2679.5	279.212	4.133
Gorai.003G060000.1.D	2785	2679.5	371.006	5.49175
Gorai.003G060100.1.A	552	446.551	0	0
Gorai.003G060100.1.D	552	446.551	0	0
Gorai.003G060200.1.A	1540	1434.5	286.383	7.91826
Gorai.003G060200.1.D	1540	1434.5	372.617	10.3026
Gorai.003G060300.1.A	1213	1107.5	0.5	0.0179064
Gorai.003G060300.1.D	1213	1107.5	0.5	0.0179064
Gorai.003G060400.1.A	564	458.551	0	0
Gorai.003G060400.1.D	564	458.551	0	0
Gorai.003G060500.1.A	1059	953.505	0	0
Gorai.003G060500.1.D	1059	953.505	0	0
Gorai.003G060600.1.A	504	398.551	0	0
Gorai.003G060600.1.D	504	398.551	0	0
Gorai.003G060700.1.A	795	689.505	8.4	0.4832
Gorai.003G060700.1.D	795	689.505	3.6	0.207086
Gorai.003G060800.1.A	537	431.551	0	0
Gorai.003G060800.1.D	537	431.551	0	0
Gorai.003G060900.1.A	2080	1974.5	0	0
Gorai.003G060900.1.D	2080	1974.5	173	3.47514
Gorai.003G061000.1.A	1716	1610.5	2.36364	0.0582108
Gorai.003G061000.1.D	1716	1610.5	10.6364	0.261949
Gorai.003G061100.1.A	1257	1151.5	0	0
Gorai.003G061100.1.D	1257	1151.5	0	0
Gorai.003G061200.1.A	844	738.505	815.616	43.8044
Gorai.003G061200.1.D	844	738.505	350.384	18.8181
Gorai.003G061300.1.A	486	380.551	0	0
Gorai.003G061300.1.D	486	380.551	0	0
Gorai.003G061400.1.A	715	609.505	57.6377	3.75072
Gorai.003G061400.1.D	715	609.505	57.6377	3.75072
Gorai.003G061500.1.A	1402	1296.5	0	0
Gorai.003G061500.1.D	1402	1296.5	0	0
Gorai.003G061600.1.A	2947	2841.5	1003.27	14.0041
Gorai.003G061600.1.D	2947	2841.5	1751.73	24.4514
Gorai.003G061700.1.A	3234	3128.5	48.6713	0.617051
Gorai.003G061700.1.D	3234	3128.5	241.329	3.05955
Gorai.003G061800.1.A	2588	2482.5	686.249	10.9642
Gorai.003G061800.1.D	2588	2482.5	478.751	7.649
Gorai.003G061900.1.A	479	373.551	2.34303	0.248778
Gorai.003G061900.1.D	479	373.551	2.34303	0.248778
Gorai.003G062000.1.A	1446	1340.5	5	0.14794
Gorai.003G062000.1.D	1446	1340.5	0	0
Gorai.003G062100.1.A	4729	4623.5	0	0
Gorai.003G062100.1.D	4729	4623.5	25	0.214464
Gorai.003G062200.1.A	1422	1316.5	2	0.0602549
Gorai.003G062200.1.D	1422	1316.5	6	0.180765
Gorai.003G062300.1.A	2440	2334.5	401.622	6.8235
Gorai.003G062300.1.D	2440	2334.5	642.378	10.9139
Gorai.003G062400.1.A	1625	1519.5	16.2857	0.425099
Gorai.003G062400.1.D	1625	1519.5	2.71429	0.0708498
Gorai.003G062500.1.A	2045	1939.5	0	0
Gorai.003G062500.1.D	2045	1939.5	0	0
Gorai.003G062600.1.A	987	881.505	8.84211	0.397847
Gorai.003G062600.1.D	987	881.505	12.1579	0.54704
Gorai.003G062700.1.A	2925	2819.5	33.4314	0.470291
Gorai.003G062700.1.D	2925	2819.5	21.5686	0.303413
Gorai.003G062800.1.A	997	891.505	7	0.311429
Gorai.003G062800.1.D	997	891.505	9	0.400409
Gorai.003G062900.1.A	1240	1134.5	0	0
Gorai.003G062900.1.D	1240	1134.5	0	0
Gorai.003G063000.1.A	699	593.505	5	0.334142
Gorai.003G063000.1.D	699	593.505	11	0.735112
Gorai.003G063100.1.A	1515	1409.5	29.2846	0.824058
Gorai.003G063100.1.D	1515	1409.5	252.715	7.11132
Gorai.003G063200.1.A	691	585.505	3.74201	0.253489
Gorai.003G063200.1.D	691	585.505	3.74201	0.253489
Gorai.003G063300.1.A	1056	950.505	10.6875	0.445971
Gorai.003G063300.1.D	1056	950.505	8.3125	0.346866
Gorai.003G063400.1.A	3023	2917.5	193.748	2.63396
Gorai.003G063400.1.D	3023	2917.5	401.252	5.45495
Gorai.003G063500.1.A	681	575.505	5.6	0.385944
Gorai.003G063500.1.D	681	575.505	1.4	0.096486
Gorai.003G063600.1.A	1506	1400.5	32	0.906255
Gorai.003G063600.1.D	1506	1400.5	32	0.906255
Gorai.003G063700.1.A	526	420.551	0	0
Gorai.003G063700.1.D	526	420.551	0	0
Gorai.003G063800.1.A	2993	2887.5	561.779	7.71663
Gorai.003G063800.1.D	2993	2887.5	728.195	10.0025
Gorai.003G063900.1.A	1137	1031.5	6.03383	0.23201
Gorai.003G063900.1.D	1137	1031.5	6.03383	0.23201
Gorai.003G064000.1.A	1215	1109.5	81.6	2.91706
Gorai.003G064000.1.D	1215	1109.5	3.4	0.121544
Gorai.003G064100.1.A	2448	2342.5	8.62016	0.145955
Gorai.003G064100.1.D	2448	2342.5	130.38	2.20757
Gorai.003G064200.1.A	1193	1087.5	1	0.0364715
Gorai.003G064200.1.D	1193	1087.5	16	0.583544
Gorai.003G064300.1.A	1059	953.505	0	0
Gorai.003G064300.1.D	1059	953.505	55	2.28784
Gorai.003G064400.1.A	2148	2042.5	32.3077	0.627376
Gorai.003G064400.1.D	2148	2042.5	117.692	2.28544
Gorai.003G064500.1.A	2293	2187.5	263	4.76861
Gorai.003G064500.1.D	2293	2187.5	0	0
Gorai.003G064600.1.A	2671	2565.5	576.019	8.90531
Gorai.003G064600.1.D	2671	2565.5	637.981	9.86325
Gorai.003G064700.1.A	2536	2430.5	35.0407	0.571823
Gorai.003G064700.1.D	2536	2430.5	206.959	3.37733
Gorai.003G064800.1.A	4408	4302.5	13	0.119841
Gorai.003G064800.1.D	4408	4302.5	5	0.0460928
Gorai.003G064900.1.A	1393	1287.5	165.735	5.10566
Gorai.003G064900.1.D	1393	1287.5	25.2646	0.778301
Gorai.003G065000.1.A	2166	2060.5	41	0.789215
Gorai.003G065000.1.D	2166	2060.5	0	0
Gorai.003G065100.1.A	948	842.505	132	6.21422
Gorai.003G065100.1.D	948	842.505	0	0
Gorai.003G065200.1.A	1877	1771.5	0	0
Gorai.003G065200.1.D	1877	1771.5	15	0.335841
Gorai.003G065300.1.A	2267	2161.5	236.719	4.34373
Gorai.003G065300.1.D	2267	2161.5	220.281	4.04208
Gorai.003G065400.1.A	2215	2109.5	0	0
Gorai.003G065400.1.D	2215	2109.5	5	0.0940101
Gorai.003G065500.1.A	264	158.879	0	0
Gorai.003G065500.1.D	264	158.879	0	0
Gorai.003G065600.1.A	863	757.505	0	0
Gorai.003G065600.1.D	863	757.505	22	1.15192
Gorai.003G065700.1.A	1668	1562.5	6.85714	0.174063
Gorai.003G065700.1.D	1668	1562.5	33.1429	0.841305
Gorai.003G065800.1.A	1101	995.505	0	0
Gorai.003G065800.1.D	1101	995.505	1	0.039842
Gorai.003G065900.1.A	1231	1125.5	2.5	0.0881003
Gorai.003G065900.1.D	1231	1125.5	2.5	0.0881003
Gorai.003G066000.1.A	2264	2158.5	56.9746	1.04692
Gorai.003G066000.1.D	2264	2158.5	192.025	3.5285
Gorai.003G066100.1.A	961	855.505	282.542	13.0992
Gorai.003G066100.1.D	961	855.505	0	0
Gorai.003G066200.1.A	685	579.505	7.07216	0.484039
Gorai.003G066200.1.D	685	579.505	90.9278	6.22336
Gorai.003G066300.1.A	1989	1883.5	474.14	9.98446
Gorai.003G066300.1.D	1989	1883.5	305.86	6.44082
Gorai.003G066400.1.A	2036	1930.5	64.5192	1.32557
Gorai.003G066400.1.D	2036	1930.5	118.481	2.43423
Gorai.003G066500.1.A	2278	2172.5	238.904	4.36161
Gorai.003G066500.1.D	2278	2172.5	12.0964	0.220841
Gorai.003G066600.1.A	2141	2035.5	3	0.0584567
Gorai.003G066600.1.D	2141	2035.5	0	0
Gorai.003G066700.1.A	893	787.505	13.619	0.685928
Gorai.003G066700.1.D	893	787.505	12.381	0.623571
Gorai.003G066800.1.A	1700	1594.5	4.58587	0.114072
Gorai.003G066800.1.D	1700	1594.5	2672.41	66.4757
Gorai.003G066900.1.A	1835	1729.5	2.11765	0.0485643
Gorai.003G066900.1.D	1835	1729.5	15.8824	0.364232
Gorai.003G067000.1.A	621	515.505	1.58256	0.121762
Gorai.003G067000.1.D	621	515.505	1.58256	0.121762
Gorai.003G067100.1.A	1362	1256.5	0.5	0.015783
Gorai.003G067100.1.D	1362	1256.5	0.5	0.015783
Gorai.003G067200.1.A	1075	969.505	0	0
Gorai.003G067200.1.D	1075	969.505	0	0
Gorai.003G067300.1.A	1702	1596.5	72.9429	1.81216
Gorai.003G067300.1.D	1702	1596.5	75.0571	1.86469
Gorai.003G067400.1.A	279	173.788	7.14765	1.63128
Gorai.003G067400.1.D	279	173.788	0	0
Gorai.003G067500.1.A	541	435.551	0	0
Gorai.003G067500.1.D	541	435.551	0	0
Gorai.003G067600.1.A	515	409.551	0	0
Gorai.003G067600.1.D	515	409.551	0	0
Gorai.003G067700.1.A	1036	930.505	17.9167	0.763701
Gorai.003G067700.1.D	1036	930.505	25.0833	1.06918
Gorai.003G067800.1.A	2135	2029.5	1941.11	37.9354
Gorai.003G067800.1.D	2135	2029.5	2376.82	46.4506
Gorai.003G067900.1.A	1813	1707.5	11	0.255515
Gorai.003G067900.1.D	1813	1707.5	9	0.209057
Gorai.003G068000.1.A	4021	3915.5	267.058	2.70522
Gorai.003G068000.1.D	4021	3915.5	245.942	2.49132
Gorai.003G068100.1.A	1069	963.505	28	1.15263
Gorai.003G068100.1.D	1069	963.505	0	0
Gorai.003G068200.1.A	1203	1097.5	17.55	0.634243
Gorai.003G068200.1.D	1203	1097.5	9.45	0.341515
Gorai.003G068300.1.A	2267	2161.5	463.259	8.50067
Gorai.003G068300.1.D	2267	2161.5	1064.74	19.5377
Gorai.003G068400.1.A	1760	1654.5	457.209	10.9605
Gorai.003G068400.1.D	1760	1654.5	248.791	5.9642
Gorai.003G068500.1.A	859	753.505	0	0
Gorai.003G068500.1.D	859	753.505	0	0
Gorai.003G068600.1.A	1332	1226.5	8	0.258706
Gorai.003G068600.1.D	1332	1226.5	0	0
Gorai.003G068700.1.A	892	786.505	0	0
Gorai.003G068700.1.D	892	786.505	0	0
Gorai.003G068800.1.A	833	727.505	0.5	0.0272596
Gorai.003G068800.1.D	833	727.505	0.5	0.0272596
Gorai.003G068900.1.A	591	485.551	1	0.0816864
Gorai.003G068900.1.D	591	485.551	0	0
Gorai.003G069000.1.A	858	752.505	0	0
Gorai.003G069000.1.D	858	752.505	0	0
Gorai.003G069100.1.A	1799	1693.5	0	0
Gorai.003G069100.1.D	1799	1693.5	2	0.0468413
Gorai.003G069200.1.A	1927	1821.5	89.0286	1.93858
Gorai.003G069200.1.D	1927	1821.5	214.971	4.68096
Gorai.003G069300.1.A	1532	1426.5	40.0835	1.11449
Gorai.003G069300.1.D	1532	1426.5	5.7485	0.159833
Gorai.003G069400.1.A	2217	2111.5	325.49	6.11407
Gorai.003G069400.1.D	2217	2111.5	343.51	6.45256
Gorai.003G069500.1.A	1044	938.505	498.532	21.0689
Gorai.003G069500.1.D	1044	938.505	8.46764	0.357858
Gorai.003G069600.1.A	2393	2287.5	29.2058	0.506399
Gorai.003G069600.1.D	2393	2287.5	79.273	1.37451
Gorai.003G069700.1.A	1924	1818.5	435.551	9.49969
Gorai.003G069700.1.D	1924	1818.5	396.449	8.64685
Gorai.003G069800.1.A	2140	2034.5	11895.2	231.898
Gorai.003G069800.1.D	2140	2034.5	16650	324.594
Gorai.003G069900.1.A	1285	1179.5	0	0
Gorai.003G069900.1.D	1285	1179.5	22	0.739789
Gorai.003G070000.1.A	721	615.505	0	0
Gorai.003G070000.1.D	721	615.505	0	0
Gorai.003G070100.1.A	1031	925.505	5.41667	0.232134
Gorai.003G070100.1.D	1031	925.505	7.58333	0.324987
Gorai.003G070200.1.A	96	22.278	0	0
Gorai.003G070200.1.D	96	22.278	0	0
Gorai.003G070300.1.A	2306	2200.5	59	1.06344
Gorai.003G070300.1.D	2306	2200.5	59	1.06344
Gorai.003G070400.1.A	1083	977.505	0	0
Gorai.003G070400.1.D	1083	977.505	0	0
Gorai.003G070500.1.A	6571	6465.5	645.783	3.96159
Gorai.003G070500.1.D	6571	6465.5	454.217	2.78641
Gorai.003G070600.1.A	1772	1666.5	0	0
Gorai.003G070600.1.D	1772	1666.5	37	0.880603
Gorai.003G070700.1.A	891	785.505	0	0
Gorai.003G070700.1.D	891	785.505	0	0
Gorai.003G070800.1.A	415	309.583	79	10.1213
Gorai.003G070800.1.D	415	309.583	0	0
Gorai.003G070900.1.A	1168	1062.5	0	0
Gorai.003G070900.1.D	1168	1062.5	0	0
Gorai.003G071000.1.A	1880	1774.5	344.277	7.69512
Gorai.003G071000.1.D	1880	1774.5	258.723	5.78286
Gorai.003G071100.1.A	2661	2555.5	53.76	0.834387
Gorai.003G071100.1.D	2661	2555.5	30.24	0.469343
Gorai.003G071200.1.A	2453	2347.5	599.297	10.1256
Gorai.003G071200.1.D	2453	2347.5	353.703	5.97609
Gorai.003G071300.1.A	576	470.551	22	1.85439
Gorai.003G071300.1.D	576	470.551	0	0
Gorai.003G071400.1.A	1850	1744.5	70.1984	1.59603
Gorai.003G071400.1.D	1850	1744.5	74.8016	1.70068
Gorai.003G071500.1.A	1248	1142.5	154.537	5.36486
Gorai.003G071500.1.D	1248	1142.5	133.463	4.63329
Gorai.003G071600.1.A	752	646.505	0	0
Gorai.003G071600.1.D	752	646.505	31	1.90184
Gorai.003G071700.1.A	348	242.63	22	3.59636
Gorai.003G071700.1.D	348	242.63	0	0
Gorai.003G071800.1.A	2164	2058.5	85.2395	1.64238
Gorai.003G071800.1.D	2164	2058.5	109.76	2.11485
Gorai.003G071900.1.A	2669	2563.5	890.475	13.7776
Gorai.003G071900.1.D	2669	2563.5	1265.52	19.5804
Gorai.003G072000.1.A	1233	1127.5	3.04742	0.107201
Gorai.003G072000.1.D	1233	1127.5	3.04742	0.107201
Gorai.003G072100.1.A	853	747.505	18	0.955088
Gorai.003G072100.1.D	853	747.505	15	0.795907
Gorai.003G072200.1.A	673	567.505	0	0
Gorai.003G072200.1.D	673	567.505	40.4121	2.82441
Gorai.003G072300.1.A	3405	3299.5	374.557	4.50251
Gorai.003G072300.1.D	3405	3299.5	329.443	3.96019
Gorai.003G072400.1.A	1415	1309.5	343.9	10.4162
Gorai.003G072400.1.D	1415	1309.5	18.1	0.548222
Gorai.003G072500.1.A	581	475.551	2	0.166808
Gorai.003G072500.1.D	581	475.551	0	0
Gorai.003G072600.1.A	815	709.505	15.6922	0.877228
Gorai.003G072600.1.D	815	709.505	15.6922	0.877228
Gorai.003G072700.1.A	3106	3000.5	28.0851	0.37125
Gorai.003G072700.1.D	3106	3000.5	26.9149	0.355781
Gorai.003G072800.1.A	812	706.505	904.861	50.7986
Gorai.003G072800.1.D	812	706.505	2151.84	120.804
Gorai.003G072900.1.A	3573	3467.5	433.958	4.96381
Gorai.003G072900.1.D	3573	3467.5	341.042	3.901
Gorai.003G073000.1.A	806	700.505	2	0.113241
Gorai.003G073000.1.D	806	700.505	1	0.0566205
Gorai.003G073100.1.A	2688	2582.5	0	0
Gorai.003G073100.1.D	2688	2582.5	0	0
Gorai.003G073200.1.A	1404	1298.5	97.8045	2.98745
Gorai.003G073200.1.D	1404	1298.5	49.4281	1.50978
Gorai.003G073300.1.A	2865	2759.5	160.302	2.30405
Gorai.003G073300.1.D	2865	2759.5	134.698	1.93604
Gorai.003G073400.1.A	945	839.505	2	0.0944913
Gorai.003G073400.1.D	945	839.505	0	0
Gorai.003G073500.1.A	294	188.687	0	0
Gorai.003G073500.1.D	294	188.687	0	0
Gorai.003G073600.1.A	1197	1091.5	5	0.181689
Gorai.003G073600.1.D	1197	1091.5	5	0.181689
Gorai.003G073700.1.A	1595	1489.5	565.32	15.0535
Gorai.003G073700.1.D	1595	1489.5	507.68	13.5186
Gorai.003G073800.1.A	1574	1468.5	57.3571	1.54916
Gorai.003G073800.1.D	1574	1468.5	15.6429	0.422499
Gorai.003G073900.1.A	368	262.583	0	0
Gorai.003G073900.1.D	368	262.583	0	0
Gorai.003G074000.1.A	870	764.505	5.73658	0.297617
Gorai.003G074000.1.D	870	764.505	2.29463	0.119047
Gorai.003G074100.1.A	2594	2488.5	2.22222	0.0354188
Gorai.003G074100.1.D	2594	2488.5	7.77778	0.123966
Gorai.003G074200.1.A	852	746.505	74.8087	3.9747
Gorai.003G074200.1.D	852	746.505	110.191	5.85463
Gorai.003G074300.1.A	3218	3112.5	501.098	6.38554
Gorai.003G074300.1.D	3218	3112.5	220.902	2.81497
Gorai.003G074400.1.A	1383	1277.5	101.931	3.16466
Gorai.003G074400.1.D	1383	1277.5	43.0693	1.33718
Gorai.003G074500.1.A	590	484.551	2.38895	0.195547
Gorai.003G074500.1.D	590	484.551	2.38895	0.195547
Gorai.003G074600.1.A	2495	2389.5	7982.37	132.498
Gorai.003G074600.1.D	2495	2389.5	8028.15	133.258
Gorai.003G074700.1.A	1734	1628.5	6.93553	0.168918
Gorai.003G074700.1.D	1734	1628.5	3.28114	0.0799137
Gorai.003G074800.1.A	2082	1976.5	43.4404	0.871729
Gorai.003G074800.1.D	2082	1976.5	169.343	3.39824
Gorai.003G074900.1.A	1732	1626.5	1	0.0243854
Gorai.003G074900.1.D	1732	1626.5	1	0.0243854
Gorai.003G075000.1.A	1587	1481.5	469.911	12.5805
Gorai.003G075000.1.D	1587	1481.5	1569.37	42.0153
Gorai.003G075100.1.A	1316	1210.5	3.27273	0.107233
Gorai.003G075100.1.D	1316	1210.5	44.7273	1.46552
Gorai.003G075200.1.A	2247	2141.5	489	9.0568
Gorai.003G075200.1.D	2247	2141.5	0	0
Gorai.003G075300.1.A	3152	3046.5	69.971	0.910964
Gorai.003G075300.1.D	3152	3046.5	72.029	0.937757
Gorai.003G075400.1.A	1929	1823.5	966.121	21.014
Gorai.003G075400.1.D	1929	1823.5	1023.88	22.2703
Gorai.003G075500.1.A	1044	938.505	40.9231	1.72948
Gorai.003G075500.1.D	1044	938.505	1.07692	0.0455128
Gorai.003G075600.1.A	1839	1733.5	261.501	5.9832
Gorai.003G075600.1.D	1839	1733.5	126.499	2.89431
Gorai.003G075700.1.A	261	155.894	33.0625	8.41186
Gorai.003G075700.1.D	261	155.894	12.9375	3.2916
Gorai.003G075800.1.A	2098	1992.5	579.481	11.5352
Gorai.003G075800.1.D	2098	1992.5	516.519	10.2819
Gorai.003G075900.1.A	1967	1861.5	2	0.0426139
Gorai.003G075900.1.D	1967	1861.5	5	0.106535
Gorai.003G076000.1.A	3358	3252.5	4.54545	0.0554299
Gorai.003G076000.1.D	3358	3252.5	20.4545	0.249435
Gorai.003G076100.1.A	881	775.505	12.0396	0.615762
Gorai.003G076100.1.D	881	775.505	1.0033	0.0513135
Gorai.003G076200.1.A	360	254.63	2	0.311534
Gorai.003G076200.1.D	360	254.63	1	0.155767
Gorai.003G076300.1.A	765	659.505	8.11677	0.488146
Gorai.003G076300.1.D	765	659.505	11.9564	0.719065
Gorai.003G076400.1.A	1452	1346.5	38.104	1.1224
Gorai.003G076400.1.D	1452	1346.5	34.9287	1.02887
Gorai.003G076500.1.A	1383	1277.5	275.332	8.54828
Gorai.003G076500.1.D	1383	1277.5	199.668	6.19914
Gorai.003G076600.1.A	655	549.505	0	0
Gorai.003G076600.1.D	655	549.505	0	0
Gorai.003G076700.1.A	2617	2511.5	19.5	0.307954
Gorai.003G076700.1.D	2617	2511.5	19.5	0.307954
Gorai.003G076800.1.A	1924	1818.5	503.522	10.9822
Gorai.003G076800.1.D	1924	1818.5	328.478	7.16435
Gorai.003G076900.1.A	1504	1398.5	252.288	7.15514
Gorai.003G076900.1.D	1504	1398.5	100.712	2.85628
Gorai.003G077000.1.A	2010	1904.5	0	0
Gorai.003G077000.1.D	2010	1904.5	1	0.0208259
Gorai.003G077100.1.A	976	870.505	54.9219	2.50241
Gorai.003G077100.1.D	976	870.505	54.9219	2.50241
Gorai.003G077200.1.A	1319	1213.5	0	0
Gorai.003G077200.1.D	1319	1213.5	0	0
Gorai.003G077300.1.A	1781	1675.5	2	0.0473445
Gorai.003G077300.1.D	1781	1675.5	6	0.142033
Gorai.003G077400.1.A	736	630.505	3	0.18872
Gorai.003G077400.1.D	736	630.505	1	0.0629067
Gorai.003G077500.1.A	1861	1755.5	101.146	2.28525
Gorai.003G077500.1.D	1861	1755.5	217.854	4.92207
Gorai.003G077600.1.A	1511	1405.5	6.48148	0.182906
Gorai.003G077600.1.D	1511	1405.5	28.5185	0.804784
Gorai.003G077700.1.A	1637	1531.5	1023.21	26.4991
Gorai.003G077700.1.D	1637	1531.5	1828.79	47.3621
Gorai.003G077800.1.A	1731	1625.5	0	0
Gorai.003G077800.1.D	1731	1625.5	0	0
Gorai.003G077900.1.A	678	572.505	3.33333	0.230932
Gorai.003G077900.1.D	678	572.505	6.66667	0.461865
Gorai.003G078000.1.A	3527	3421.5	87.3964	1.01312
Gorai.003G078000.1.D	3527	3421.5	123.604	1.43284
Gorai.003G078100.1.A	548	442.551	0	0
Gorai.003G078100.1.D	548	442.551	0	0
Gorai.003G078200.1.A	513	407.551	33.5323	3.26336
Gorai.003G078200.1.D	513	407.551	29.4677	2.8678
Gorai.003G078300.1.A	954	848.505	112.038	5.23717
Gorai.003G078300.1.D	954	848.505	354.962	16.5925
Gorai.003G078400.1.A	1499	1393.5	47	1.33775
Gorai.003G078400.1.D	1499	1393.5	47	1.33775
Gorai.003G078500.1.A	2294	2188.5	6	0.10874
Gorai.003G078500.1.D	2294	2188.5	9	0.16311
Gorai.003G078600.1.A	2329	2223.5	159.543	2.84593
Gorai.003G078600.1.D	2329	2223.5	213.457	3.80766
Gorai.003G078700.1.A	1808	1702.5	75.6522	1.76245
Gorai.003G078700.1.D	1808	1702.5	11.3478	0.264368
Gorai.003G078800.1.A	1072	966.505	2	0.082075
Gorai.003G078800.1.D	1072	966.505	0	0
Gorai.003G078900.1.A	924	818.505	0	0
Gorai.003G078900.1.D	924	818.505	0	0
Gorai.003G079000.1.A	282	176.772	0	0
Gorai.003G079000.1.D	282	176.772	0	0
Gorai.003G079100.1.A	758	652.505	4	0.243143
Gorai.003G079100.1.D	758	652.505	24	1.45886
Gorai.003G079200.1.A	1034	928.505	7	0.299019
Gorai.003G079200.1.D	1034	928.505	0	0
Gorai.003G079300.1.A	1388	1282.5	233	7.20579
Gorai.003G079300.1.D	1388	1282.5	0	0
Gorai.003G079400.1.A	569	463.551	0	0
Gorai.003G079400.1.D	569	463.551	0	0
Gorai.003G079500.1.A	1065	959.505	0	0
Gorai.003G079500.1.D	1065	959.505	0	0
Gorai.003G079600.1.A	1062	956.505	0	0
Gorai.003G079600.1.D	1062	956.505	0	0
Gorai.003G079700.1.A	1017	911.505	0	0
Gorai.003G079700.1.D	1017	911.505	0	0
Gorai.003G079800.1.A	1356	1250.5	0	0
Gorai.003G079800.1.D	1356	1250.5	0	0
Gorai.003G079900.1.A	897	791.505	0	0
Gorai.003G079900.1.D	897	791.505	0	0
Gorai.003G080000.1.A	1110	1004.5	0	0
Gorai.003G080000.1.D	1110	1004.5	0	0
Gorai.003G080100.1.A	795	689.505	0	0
Gorai.003G080100.1.D	795	689.505	0	0
Gorai.003G080200.1.A	273	167.834	0	0
Gorai.003G080200.1.D	273	167.834	0	0
Gorai.003G080300.1.A	1823	1717.5	135.216	3.1226
Gorai.003G080300.1.D	1823	1717.5	89.7837	2.07341
Gorai.003G080400.1.A	1596	1490.5	0	0
Gorai.003G080400.1.D	1596	1490.5	0	0
Gorai.003G080500.1.A	2564	2458.5	1911.36	30.8359
Gorai.003G080500.1.D	2564	2458.5	2757.64	44.4889
Gorai.003G080600.1.A	2530	2424.5	313.506	5.1287
Gorai.003G080600.1.D	2530	2424.5	354.494	5.79924
Gorai.003G080700.1.A	951	845.505	0	0
Gorai.003G080700.1.D	951	845.505	0	0
Gorai.003G080800.1.A	2970	2864.5	958.414	13.2705
Gorai.003G080800.1.D	2970	2864.5	45.5858	0.631197
Gorai.003G080900.1.A	1980	1874.5	47.9073	1.01368
Gorai.003G080900.1.D	1980	1874.5	2117.09	44.7959
Gorai.003G081000.1.A	886	780.505	0	0
Gorai.003G081000.1.D	886	780.505	0	0
Gorai.003G081100.1.A	504	398.551	0	0
Gorai.003G081100.1.D	504	398.551	0	0
Gorai.003G081200.1.A	430	324.583	18.967	2.31771
Gorai.003G081200.1.D	430	324.583	0	0
Gorai.003G081300.1.A	703	597.505	24	1.59314
Gorai.003G081300.1.D	703	597.505	0	0
Gorai.003G081400.1.A	1992	1886.5	19.3904	0.407675
Gorai.003G081400.1.D	1992	1886.5	129.61	2.72499
Gorai.003G081500.1.A	1976	1870.5	3475.23	73.6901
Gorai.003G081500.1.D	1976	1870.5	3226.77	68.4218
Gorai.003G081600.1.A	2592	2486.5	15.5833	0.248574
Gorai.003G081600.1.D	2592	2486.5	1.41667	0.0225977
Gorai.003G081700.1.A	3036	2930.5	692.176	9.36827
Gorai.003G081700.1.D	3036	2930.5	988.824	13.3832
Gorai.003G081800.1.A	2022	1916.5	5.77778	0.119574
Gorai.003G081800.1.D	2022	1916.5	7.22222	0.149467
Gorai.003G081900.1.A	688	582.505	2	0.136181
Gorai.003G081900.1.D	688	582.505	0	0
Gorai.003G082000.1.A	2046	1940.5	116.23	2.37568
Gorai.003G082000.1.D	2046	1940.5	72.7701	1.48738
Gorai.003G082100.1.A	621	515.505	0	0
Gorai.003G082100.1.D	621	515.505	0	0
Gorai.003G082200.1.A	1365	1259.5	5.14286	0.161953
Gorai.003G082200.1.D	1365	1259.5	3.85714	0.121465
Gorai.003G082300.1.A	755	649.505	0.5	0.0305332
Gorai.003G082300.1.D	755	649.505	0.5	0.0305332
Gorai.003G082400.1.A	1065	959.505	3	0.124011
Gorai.003G082400.1.D	1065	959.505	0	0
Gorai.003G082500.1.A	961	855.505	1055.37	48.9293
Gorai.003G082500.1.D	961	855.505	2909.31	134.882
Gorai.003G082600.1.A	2473	2367.5	76.2274	1.27704
Gorai.003G082600.1.D	2473	2367.5	2345.77	39.2989
Gorai.003G082700.1.A	4678	4572.5	1	0.00867423
Gorai.003G082700.1.D	4678	4572.5	0	0
Gorai.003G082800.1.A	928	822.505	1.5	0.0723332
Gorai.003G082800.1.D	928	822.505	4.5	0.217
Gorai.003G082900.1.A	2898	2792.5	0	0
Gorai.003G082900.1.D	2898	2792.5	3	0.0426101
Gorai.003G083000.1.A	327	221.63	0	0
Gorai.003G083000.1.D	327	221.63	0	0
Gorai.003G083100.1.A	2674	2568.5	0	0
Gorai.003G083100.1.D	2674	2568.5	13	0.200746
Gorai.003G083200.1.A	1419	1313.5	0	0
Gorai.003G083200.1.D	1419	1313.5	0	0
Gorai.003G083300.1.A	3110	3004.5	154.304	2.037
Gorai.003G083300.1.D	3110	3004.5	118.696	1.56692
Gorai.003G083400.1.A	1639	1533.5	7.63522	0.197479
Gorai.003G083400.1.D	1639	1533.5	22.9057	0.592438
Gorai.003G083500.1.A	746	640.505	0	0
Gorai.003G083500.1.D	746	640.505	11	0.68117
Gorai.003G083600.1.A	995	889.505	2768.98	123.469
Gorai.003G083600.1.D	995	889.505	31.0222	1.38328
Gorai.003G083700.1.A	3443	3337.5	825.885	9.81482
Gorai.003G083700.1.D	3443	3337.5	429.115	5.09961
Gorai.003G083800.1.A	1179	1073.5	2	0.0738943
Gorai.003G083800.1.D	1179	1073.5	0	0
Gorai.003G083900.1.A	1911	1805.5	1	0.0219678
Gorai.003G083900.1.D	1911	1805.5	2	0.0439356
Gorai.003G084000.1.A	2260	2154.5	40.7692	0.750533
Gorai.003G084000.1.D	2260	2154.5	65.2308	1.20085
Gorai.003G084100.1.A	2762	2656.5	1090.99	16.289
Gorai.003G084100.1.D	2762	2656.5	576.014	8.60018
Gorai.003G084200.1.A	1564	1458.5	42.1231	1.14551
Gorai.003G084200.1.D	1564	1458.5	31.8769	0.866869
Gorai.003G084300.1.A	3576	3470.5	11.2527	0.128602
Gorai.003G084300.1.D	3576	3470.5	13.7934	0.157638
Gorai.003G084400.1.A	2400	2294.5	2917.22	50.4273
Gorai.003G084400.1.D	2400	2294.5	3324.73	57.4715
Gorai.003G084500.1.A	612	506.551	0	0
Gorai.003G084500.1.D	612	506.551	0	0
Gorai.003G084600.1.A	303	197.687	0	0
Gorai.003G084600.1.D	303	197.687	0	0
Gorai.003G084700.1.A	1932	1826.5	33.1852	0.720623
Gorai.003G084700.1.D	1932	1826.5	158.815	3.4487
Gorai.003G084800.1.A	1630	1524.5	0	0
Gorai.003G084800.1.D	1630	1524.5	2	0.0520339
Gorai.003G084900.1.A	1152	1046.5	0	0
Gorai.003G084900.1.D	1152	1046.5	3	0.113701
Gorai.003G085000.1.A	1110	1004.5	7510.9	296.568
Gorai.003G085000.1.D	1110	1004.5	4010.1	158.339
Gorai.003G085100.1.A	3641	3535.5	1210.27	13.5774
Gorai.003G085100.1.D	3641	3535.5	1233.73	13.8406
Gorai.003G085200.1.A	892	786.505	31	1.56331
Gorai.003G085200.1.D	892	786.505	0	0
Gorai.003G085300.1.A	1602	1496.5	423.077	11.2131
Gorai.003G085300.1.D	1602	1496.5	401.923	10.6525
Gorai.003G085400.1.A	5207	5101.5	505.274	3.92838
Gorai.003G085400.1.D	5207	5101.5	669.726	5.20696
Gorai.003G085500.1.A	1110	1004.5	39	1.53992
Gorai.003G085500.1.D	1110	1004.5	0	0
Gorai.003G085600.1.A	1720	1614.5	469.824	11.542
Gorai.003G085600.1.D	1720	1614.5	286.176	7.03038
Gorai.003G085700.1.A	758	652.505	59.1222	3.59379
Gorai.003G085700.1.D	758	652.505	126.939	7.71607
Gorai.003G085800.1.A	1104	998.505	141.195	5.60859
Gorai.003G085800.1.D	1104	998.505	462.805	18.3837
Gorai.003G085900.1.A	2229	2123.5	106.438	1.98806
Gorai.003G085900.1.D	2229	2123.5	401.562	7.5004
Gorai.003G086000.1.A	2627	2521.5	975.467	15.344
Gorai.003G086000.1.D	2627	2521.5	652.495	10.2637
Gorai.003G086100.1.A	1680	1574.5	518.946	13.0726
Gorai.003G086100.1.D	1680	1574.5	557.054	14.0326
Gorai.003G086200.1.A	1487	1381.5	1518.08	43.5841
Gorai.003G086200.1.D	1487	1381.5	1318.39	37.8508
Gorai.003G086300.1.A	1710	1604.5	15.3611	0.379723
Gorai.003G086300.1.D	1710	1604.5	537.639	13.2903
Gorai.003G086400.1.A	1929	1823.5	214.058	4.65597
Gorai.003G086400.1.D	1929	1823.5	97.9417	2.13033
Gorai.003G086500.1.A	1634	1528.5	1082.97	28.1019
Gorai.003G086500.1.D	1634	1528.5	1174.03	30.4646
Gorai.003G086600.1.A	410	304.583	0	0
Gorai.003G086600.1.D	410	304.583	28	3.64617
Gorai.003G086700.1.A	2557	2451.5	158.243	2.56022
Gorai.003G086700.1.D	2557	2451.5	114.757	1.85665
Gorai.003G086800.1.A	1264	1158.5	677.469	23.1941
Gorai.003G086800.1.D	1264	1158.5	901.531	30.8651
Gorai.003G086900.1.A	816	710.505	6	0.334942
Gorai.003G086900.1.D	816	710.505	1	0.0558236
Gorai.003G087000.1.A	1771	1665.5	622.58	14.8263
Gorai.003G087000.1.D	1771	1665.5	65.42	1.55794
Gorai.003G087100.1.A	2168	2062.5	483.231	9.29276
Gorai.003G087100.1.D	2168	2062.5	912.769	17.553
Gorai.003G087200.1.A	1140	1034.5	0	0
Gorai.003G087200.1.D	1140	1034.5	0	0
Gorai.003G087300.1.A	2951	2845.5	7.4375	0.10367
Gorai.003G087300.1.D	2951	2845.5	9.5625	0.13329
Gorai.003G087400.1.A	1051	945.505	76.9947	3.22985
Gorai.003G087400.1.D	1051	945.505	116.005	4.8663
Gorai.003G087500.1.A	3030	2924.5	119.873	1.62575
Gorai.003G087500.1.D	3030	2924.5	3.12712	0.0424108
Gorai.003G087600.1.A	318	212.63	33.8062	6.30603
Gorai.003G087600.1.D	318	212.63	0	0
Gorai.003G087700.1.A	1175	1069.5	0.968185	0.0359055
Gorai.003G087700.1.D	1175	1069.5	0.968185	0.0359055
Gorai.003G087800.1.A	204	100.177	0	0
Gorai.003G087800.1.D	204	100.177	0	0
Gorai.003G087900.1.A	2202	2096.5	326.837	6.1833
Gorai.003G087900.1.D	2202	2096.5	333.163	6.30298
Gorai.003G088000.1.A	1574	1468.5	399.007	10.7768
Gorai.003G088000.1.D	1574	1468.5	101.993	2.75474
Gorai.003G088100.1.A	2040	1934.5	2380.93	48.8159
Gorai.003G088100.1.D	2040	1934.5	44.0714	0.90359
Gorai.003G088200.1.A	1753	1647.5	254.182	6.11931
Gorai.003G088200.1.D	1753	1647.5	93.8182	2.25863
Gorai.003G088300.1.A	1411	1305.5	124.8	3.79159
Gorai.003G088300.1.D	1411	1305.5	43.2	1.31247
Gorai.003G088400.1.A	1562	1456.5	81.2817	2.21343
Gorai.003G088400.1.D	1562	1456.5	117.718	3.20566
Gorai.003G088500.1.A	1012	906.505	0	0
Gorai.003G088500.1.D	1012	906.505	0	0
Gorai.003G088600.1.A	2789	2683.5	193.382	2.85825
Gorai.003G088600.1.D	2789	2683.5	230.618	3.40859
Gorai.003G088700.1.A	657	551.505	754.124	54.2348
Gorai.003G088700.1.D	657	551.505	10.1887	0.732747
Gorai.003G088800.1.A	1022	916.505	53.2787	2.30571
Gorai.003G088800.1.D	1022	916.505	11.7213	0.507255
Gorai.003G088900.1.A	1454	1348.5	205.092	6.03227
Gorai.003G088900.1.D	1454	1348.5	40.0475	1.1779
Gorai.003G089000.1.A	2575	2469.5	36.2963	0.582958
Gorai.003G089000.1.D	2575	2469.5	19.7037	0.316463
Gorai.003G089100.1.A	848	742.505	1	0.0534178
Gorai.003G089100.1.D	848	742.505	0	0
Gorai.003G089200.1.A	1511	1405.5	42.1184	1.18857
Gorai.003G089200.1.D	1511	1405.5	54.8816	1.54874
Gorai.003G089300.1.A	5653	5547.5	210.629	1.50593
Gorai.003G089300.1.D	5653	5547.5	177.371	1.26815
Gorai.003G089400.1.A	2701	2595.5	0	0
Gorai.003G089400.1.D	2701	2595.5	0	0
Gorai.003G089500.1.A	1294	1188.5	4.2	0.140163
Gorai.003G089500.1.D	1294	1188.5	2.8	0.093442
Gorai.003G089600.1.A	2272	2166.5	0	0
Gorai.003G089600.1.D	2272	2166.5	5	0.0915367
Gorai.003G089700.1.A	4399	4293.5	163.682	1.51208
Gorai.003G089700.1.D	4399	4293.5	113.318	1.04682
Gorai.003G089800.1.A	2907	2801.5	49.5	0.700808
Gorai.003G089800.1.D	2907	2801.5	85.5	1.21049
Gorai.003G089900.1.A	838	732.505	0	0
Gorai.003G089900.1.D	838	732.505	22	1.19123
Gorai.003G090000.1.A	1044	938.505	7509.14	317.35
Gorai.003G090000.1.D	1044	938.505	33.5471	1.41776
Gorai.003G090100.1.A	987	881.505	0	0
Gorai.003G090100.1.D	987	881.505	0	0
Gorai.003G090200.1.A	1182	1076.5	0	0
Gorai.003G090200.1.D	1182	1076.5	0	0
Gorai.003G090300.1.A	1101	995.505	5.21006	0.207579
Gorai.003G090300.1.D	1101	995.505	5.21006	0.207579
Gorai.003G090400.1.A	1385	1279.5	0	0
Gorai.003G090400.1.D	1385	1279.5	0	0
Gorai.003G090500.1.A	2164	2058.5	1.10017	0.0211978
Gorai.003G090500.1.D	2164	2058.5	9.9015	0.190781
Gorai.003G090600.1.A	2172	2066.5	273.423	5.24787
Gorai.003G090600.1.D	2172	2066.5	114.577	2.19911
Gorai.003G090700.1.A	1296	1190.5	383.587	12.7796
Gorai.003G090700.1.D	1296	1190.5	98.413	3.27873
Gorai.003G090800.1.A	426	320.583	0	0
Gorai.003G090800.1.D	426	320.583	0	0
Gorai.003G090900.1.A	1530	1424.5	9	0.25059
Gorai.003G090900.1.D	1530	1424.5	14	0.389806
Gorai.003G091000.1.A	582	476.551	0	0
Gorai.003G091000.1.D	582	476.551	0	0
Gorai.003G091100.1.A	2063	1957.5	37	0.749694
Gorai.003G091100.1.D	2063	1957.5	37	0.749694
Gorai.003G091200.1.A	3265	3159.5	5446.8	68.3766
Gorai.003G091200.1.D	3265	3159.5	5448.9	68.403
Gorai.003G091300.1.A	1542	1436.5	1.39933	0.0386367
Gorai.003G091300.1.D	1542	1436.5	0	0
Gorai.003G091400.1.A	489	383.551	0	0
Gorai.003G091400.1.D	489	383.551	0	0
Gorai.003G091500.1.A	1893	1787.5	276.893	6.14397
Gorai.003G091500.1.D	1893	1787.5	94.1073	2.08815
Gorai.003G091600.1.A	1635	1529.5	35.4566	0.919458
Gorai.003G091600.1.D	1635	1529.5	35.4566	0.919458
Gorai.003G091700.1.A	857	751.505	0	0
Gorai.003G091700.1.D	857	751.505	1	0.052778
Gorai.003G091800.1.A	1126	1020.5	0	0
Gorai.003G091800.1.D	1126	1020.5	0	0
Gorai.003G091900.1.A	801	695.505	54.5196	3.10912
Gorai.003G091900.1.D	801	695.505	54.5196	3.10912
Gorai.003G092000.1.A	774	668.505	0	0
Gorai.003G092000.1.D	774	668.505	0	0
Gorai.003G092100.1.A	244	139.11	6.14873	1.75313
Gorai.003G092100.1.D	244	139.11	6.14873	1.75313
Gorai.003G092200.1.A	540	434.551	1.1313	0.103257
Gorai.003G092200.1.D	540	434.551	1.1313	0.103257
Gorai.003G092300.1.A	1271	1165.5	41.0987	1.39862
Gorai.003G092300.1.D	1271	1165.5	41.0987	1.39862
Gorai.003G092400.1.A	3886	3780.5	34.8029	0.365133
Gorai.003G092400.1.D	3886	3780.5	114.197	1.19809
Gorai.003G092500.1.A	941	835.505	37.7419	1.79168
Gorai.003G092500.1.D	941	835.505	15.9622	0.757754
Gorai.003G092600.1.A	3981	3875.5	172.547	1.76589
Gorai.003G092600.1.D	3981	3875.5	397.453	4.06764
Gorai.003G092700.1.A	1156	1050.5	16.1111	0.608292
Gorai.003G092700.1.D	1156	1050.5	12.8889	0.486634
Gorai.003G092800.1.A	504	398.551	9.07671	0.903294
Gorai.003G092800.1.D	504	398.551	0	0
Gorai.003G092900.1.A	2612	2506.5	872.11	13.8003
Gorai.003G092900.1.D	2612	2506.5	624.89	9.88826
Gorai.003G093000.1.A	394	288.583	24.7385	3.40007
Gorai.003G093000.1.D	394	288.583	24.7385	3.40007
Gorai.003G093100.1.A	1523	1417.5	88.1235	2.46577
Gorai.003G093100.1.D	1523	1417.5	83.8765	2.34693
Gorai.003G093200.1.A	1929	1823.5	702.085	15.271
Gorai.003G093200.1.D	1929	1823.5	517.915	11.2651
Gorai.003G093300.1.A	583	477.551	0	0
Gorai.003G093300.1.D	583	477.551	0	0
Gorai.003G093400.1.A	1102	996.505	6.25	0.248763
Gorai.003G093400.1.D	1102	996.505	3.75	0.149258
Gorai.003G093500.1.A	3536	3430.5	44.4272	0.51366
Gorai.003G093500.1.D	3536	3430.5	59.5728	0.688771
Gorai.003G093600.1.A	3025	2919.5	736.343	10.0036
Gorai.003G093600.1.D	3025	2919.5	387.657	5.26651
Gorai.003G093700.1.A	531	425.551	0.558257	0.0520316
Gorai.003G093700.1.D	531	425.551	0.558257	0.0520316
Gorai.003G093800.1.A	684	578.505	0	0
Gorai.003G093800.1.D	684	578.505	0	0
Gorai.003G093900.1.A	1735	1629.5	131.793	3.20792
Gorai.003G093900.1.D	1735	1629.5	110.207	2.68248
Gorai.003G094000.1.A	1616	1510.5	103.837	2.72656
Gorai.003G094000.1.D	1616	1510.5	225.163	5.91234
Gorai.003G094100.1.A	484	378.551	0	0
Gorai.003G094100.1.D	484	378.551	0	0
Gorai.003G094200.1.A	597	491.551	14.0327	1.13229
Gorai.003G094200.1.D	597	491.551	14.0327	1.13229
Gorai.003G094300.1.A	3235	3129.5	4177.76	52.9484
Gorai.003G094300.1.D	3235	3129.5	2970.24	37.6445
Gorai.003G094400.1.A	2050	1944.5	4	0.0815898
Gorai.003G094400.1.D	2050	1944.5	0	0
Gorai.003G094500.1.A	1621	1515.5	63.3007	1.65667
Gorai.003G094500.1.D	1621	1515.5	82.6993	2.16436
Gorai.003G094600.1.A	1975	1869.5	19.5429	0.414616
Gorai.003G094600.1.D	1975	1869.5	151.457	3.21328
Gorai.003G094700.1.A	560	454.551	0	0
Gorai.003G094700.1.D	560	454.551	0	0
Gorai.003G094800.1.A	1395	1289.5	0	0
Gorai.003G094800.1.D	1395	1289.5	0	0
Gorai.003G094900.1.A	1357	1251.5	27.5743	0.873889
Gorai.003G094900.1.D	1357	1251.5	36.8084	1.16654
Gorai.003G095000.1.A	2562	2456.5	1216.99	19.6496
Gorai.003G095000.1.D	2562	2456.5	614.014	9.91393
Gorai.003G095100.1.A	1635	1529.5	119.05	3.08718
Gorai.003G095100.1.D	1635	1529.5	393.337	10.2
Gorai.003G095200.1.A	962	856.505	1.14175	0.0528721
Gorai.003G095200.1.D	962	856.505	1.14175	0.0528721
Gorai.003G095300.1.A	273	167.834	1.84124	0.435127
Gorai.003G095300.1.D	273	167.834	1.84124	0.435127
Gorai.003G095400.1.A	865	759.505	0	0
Gorai.003G095400.1.D	865	759.505	0	0
Gorai.003G095500.1.A	332	226.63	0	0
Gorai.003G095500.1.D	332	226.63	0	0
Gorai.003G095600.1.A	915	809.505	243.47	11.9292
Gorai.003G095600.1.D	915	809.505	6.00588	0.294268
Gorai.003G095700.1.A	1499	1393.5	72.7377	2.07031
Gorai.003G095700.1.D	1499	1393.5	80.2623	2.28448
Gorai.003G095800.1.A	839	733.505	819.64	44.3206
Gorai.003G095800.1.D	839	733.505	606.36	32.7878
Gorai.003G095900.1.A	2122	2016.5	56.8	1.11721
Gorai.003G095900.1.D	2122	2016.5	85.2	1.67581
Gorai.003G096000.1.A	558	452.551	0	0
Gorai.003G096000.1.D	558	452.551	7	0.613501
Gorai.003G096100.1.A	2618	2512.5	4.53333	0.0715642
Gorai.003G096100.1.D	2618	2512.5	12.4667	0.196801
Gorai.003G096200.1.A	456	350.551	0	0
Gorai.003G096200.1.D	456	350.551	0	0
Gorai.003G096300.1.A	1343	1237.5	665.801	21.3394
Gorai.003G096300.1.D	1343	1237.5	315.074	10.0983
Gorai.003G096400.1.A	201	97.3325	0	0
Gorai.003G096400.1.D	201	97.3325	0	0
Gorai.003G096500.1.A	1281	1175.5	329.943	11.1327
Gorai.003G096500.1.D	1281	1175.5	707.182	23.8612
Gorai.003G096600.1.A	1692	1586.5	0	0
Gorai.003G096600.1.D	1692	1586.5	1	0.0250002
Gorai.003G096700.1.A	1321	1215.5	0	0
Gorai.003G096700.1.D	1321	1215.5	0	0
Gorai.003G096800.1.A	905	799.505	0	0
Gorai.003G096800.1.D	905	799.505	346.661	17.1977
Gorai.003G096900.1.A	1673	1567.5	190.525	4.82089
Gorai.003G096900.1.D	1673	1567.5	256.475	6.48966
Gorai.003G097000.1.A	2141	2035.5	2290.03	44.6225
Gorai.003G097000.1.D	2141	2035.5	2702.97	52.6688
Gorai.003G097100.1.A	2688	2582.5	20	0.307166
Gorai.003G097100.1.D	2688	2582.5	25	0.383958
Gorai.003G097200.1.A	1133	1027.5	440.551	17.0058
Gorai.003G097200.1.D	1133	1027.5	411.449	15.8824
Gorai.003G097300.1.A	609	503.551	0	0
Gorai.003G097300.1.D	609	503.551	0	0
Gorai.003G097400.1.A	2050	1944.5	521.148	10.6301
Gorai.003G097400.1.D	2050	1944.5	1199.85	24.4739
Gorai.003G097500.1.A	1089	983.505	21.7965	0.879013
Gorai.003G097500.1.D	1089	983.505	18.1638	0.732511
Gorai.003G097600.1.A	2264	2158.5	176.669	3.24633
Gorai.003G097600.1.D	2264	2158.5	100.331	1.8436
Gorai.003G097700.1.A	521	415.551	1	0.0954465
Gorai.003G097700.1.D	521	415.551	0	0
Gorai.003G097800.1.A	871	765.505	0	0
Gorai.003G097800.1.D	871	765.505	2	0.103626
Gorai.003G097900.1.A	1030	924.505	0	0
Gorai.003G097900.1.D	1030	924.505	0	0
Gorai.003G098000.1.A	1401	1295.5	0	0
Gorai.003G098000.1.D	1401	1295.5	12.8313	0.392841
Gorai.003G098100.1.A	2497	2391.5	383.038	6.35265
Gorai.003G098100.1.D	2497	2391.5	688.962	11.4264
Gorai.003G098200.1.A	2791	2685.5	11	0.162462
Gorai.003G098200.1.D	2791	2685.5	22	0.324924
Gorai.003G098300.1.A	2680	2574.5	276.661	4.26226
Gorai.003G098300.1.D	2680	2574.5	262.045	4.03708
Gorai.003G098400.1.A	1983	1877.5	1398.28	29.5393
Gorai.003G098400.1.D	1983	1877.5	1788.72	37.7872
Gorai.003G098500.1.A	813	707.505	0	0
Gorai.003G098500.1.D	813	707.505	0	0
Gorai.003G098600.1.A	3069	2963.5	10.9091	0.146005
Gorai.003G098600.1.D	3069	2963.5	1.09091	0.0146005
Gorai.003G098700.1.A	1048	942.505	3191.34	134.299
Gorai.003G098700.1.D	1048	942.505	3890.66	163.729
Gorai.003G098800.1.A	1974	1868.5	22.6301	0.480372
Gorai.003G098800.1.D	1974	1868.5	213.37	4.52922
Gorai.003G098900.1.A	1207	1101.5	924.39	33.2854
Gorai.003G098900.1.D	1207	1101.5	2053.61	73.9463
Gorai.003G099000.1.A	306	200.687	0	0
Gorai.003G099000.1.D	306	200.687	0	0
Gorai.003G099100.1.A	1629	1523.5	1.12195	0.0292089
Gorai.003G099100.1.D	1629	1523.5	44.878	1.16836
Gorai.003G099200.1.A	1535	1429.5	5412.59	150.177
Gorai.003G099200.1.D	1535	1429.5	5942.41	164.878
Gorai.003G099300.1.A	3965	3859.5	341.046	3.50482
Gorai.003G099300.1.D	3965	3859.5	298.954	3.07226
Gorai.003G099400.1.A	3423	3317.5	0	0
Gorai.003G099400.1.D	3423	3317.5	7	0.0836896
Gorai.003G099500.1.A	1597	1491.5	0	0
Gorai.003G099500.1.D	1597	1491.5	6	0.159555
Gorai.003G099600.1.A	423	317.583	41.8173	5.22256
Gorai.003G099600.1.D	423	317.583	0	0
Gorai.003G099700.1.A	780	674.505	0	0
Gorai.003G099700.1.D	780	674.505	0	0
Gorai.003G099800.1.A	819	713.505	9.5	0.528095
Gorai.003G099800.1.D	819	713.505	9.5	0.528095
Gorai.003G099900.1.A	1363	1257.5	18.1972	0.573957
Gorai.003G099900.1.D	1363	1257.5	18.1972	0.573957
Gorai.003G100000.1.A	969	863.505	5.05225	0.232062
Gorai.003G100000.1.D	969	863.505	5.05225	0.232062
Gorai.003G100100.1.A	739	633.505	100	6.26088
Gorai.003G100100.1.D	739	633.505	0	0
Gorai.003G100200.1.A	4200	4094.5	38.958	0.377381
Gorai.003G100200.1.D	4200	4094.5	83.042	0.804417
Gorai.003G100300.1.A	1036	930.505	105	4.47565
Gorai.003G100300.1.D	1036	930.505	83	3.53789
Gorai.003G100400.1.A	2161	2055.5	131.596	2.53926
Gorai.003G100400.1.D	2161	2055.5	60.4045	1.16556
Gorai.003G100500.1.A	1923	1817.5	150.703	3.28875
Gorai.003G100500.1.D	1923	1817.5	121.297	2.64704
Gorai.003G100600.1.A	694	588.505	247.846	16.7039
Gorai.003G100600.1.D	694	588.505	332.154	22.3859
Gorai.003G100700.1.A	6087	5981.5	215.882	1.4315
Gorai.003G100700.1.D	6087	5981.5	206.118	1.36676
Gorai.003G100800.1.A	1553	1447.5	86.6176	2.3734
Gorai.003G100800.1.D	1553	1447.5	305.382	8.36776
Gorai.003G100900.1.A	2795	2689.5	77.175	1.13812
Gorai.003G100900.1.D	2795	2689.5	69.825	1.02973
Gorai.003G101000.1.A	1309	1203.5	725.29	23.9028
Gorai.003G101000.1.D	1309	1203.5	18.7101	0.616612
Gorai.003G101100.1.A	2477	2371.5	849.338	14.205
Gorai.003G101100.1.D	2477	2371.5	100.662	1.68356
Gorai.003G101200.1.A	1643	1537.5	957.969	24.7127
Gorai.003G101200.1.D	1643	1537.5	1473.03	37.9997
Gorai.003G101300.1.A	1223	1117.5	381.237	13.531
Gorai.003G101300.1.D	1223	1117.5	526.763	18.6961
Gorai.003G101400.1.A	1149	1043.5	0	0
Gorai.003G101400.1.D	1149	1043.5	0	0
Gorai.003G101500.1.A	2409	2303.5	21.7647	0.374756
Gorai.003G101500.1.D	2409	2303.5	15.2353	0.262329
Gorai.003G101600.1.A	588	482.551	239.327	19.6713
Gorai.003G101600.1.D	588	482.551	493.673	40.5771
Gorai.003G101700.1.A	1927	1821.5	0	0
Gorai.003G101700.1.D	1927	1821.5	144	3.13557
Gorai.003G101800.1.A	1066	960.505	636.556	26.2858
Gorai.003G101800.1.D	1066	960.505	668.34	27.5983
Gorai.003G101900.1.A	5362	5256.5	93.6578	0.706694
Gorai.003G101900.1.D	5362	5256.5	323.342	2.43978
Gorai.003G102000.1.A	560	454.551	63.3898	5.53122
Gorai.003G102000.1.D	560	454.551	1237.61	107.991
Gorai.003G102100.1.A	1127	1021.5	0	0
Gorai.003G102100.1.D	1127	1021.5	42	1.63077
Gorai.003G102200.1.A	743	637.505	0	0
Gorai.003G102200.1.D	743	637.505	0	0
Gorai.003G102300.1.A	2510	2404.5	31.7949	0.524465
Gorai.003G102300.1.D	2510	2404.5	88.2051	1.45497
Gorai.003G102400.1.A	558	452.551	0	0
Gorai.003G102400.1.D	558	452.551	0	0
Gorai.003G102500.1.A	2527	2421.5	4	0.0655178
Gorai.003G102500.1.D	2527	2421.5	0	0
Gorai.003G102600.1.A	213	108.896	0	0
Gorai.003G102600.1.D	213	108.896	0	0
Gorai.003G102700.1.A	1753	1647.5	412.571	9.93247
Gorai.003G102700.1.D	1753	1647.5	2475.43	59.5948
Gorai.003G102800.1.A	2374	2268.5	40.28	0.704263
Gorai.003G102800.1.D	2374	2268.5	12.72	0.222399
Gorai.003G102900.1.A	1468	1362.5	42.0426	1.22387
Gorai.003G102900.1.D	1468	1362.5	61.9574	1.8036
Gorai.003G103000.1.A	1187	1081.5	50.5909	1.85536
Gorai.003G103000.1.D	1187	1081.5	2.40909	0.0883506
Gorai.003G103100.1.A	1308	1202.5	572.203	18.8733
Gorai.003G103100.1.D	1308	1202.5	842.797	27.7985
Gorai.003G103200.1.A	1497	1391.5	34.8553	0.993504
Gorai.003G103200.1.D	1497	1391.5	291.145	8.29868
Gorai.003G103300.1.A	2890	2784.5	233.863	3.33118
Gorai.003G103300.1.D	2890	2784.5	257.249	3.6643
Gorai.003G103400.1.A	2351	2245.5	36.5217	0.645093
Gorai.003G103400.1.D	2351	2245.5	35.4783	0.626662
Gorai.003G103500.1.A	1569	1463.5	44.4889	1.20571
Gorai.003G103500.1.D	1569	1463.5	46.5111	1.26051
Gorai.003G103600.1.A	999	893.505	0	0
Gorai.003G103600.1.D	999	893.505	0	0
Gorai.003G103700.1.A	183	80.4906	1	0.492765
Gorai.003G103700.1.D	183	80.4906	16	7.88423
Gorai.003G103800.1.A	655	549.505	0	0
Gorai.003G103800.1.D	655	549.505	0	0
Gorai.003G103900.1.A	3476	3370.5	93.8086	1.10391
Gorai.003G103900.1.D	3476	3370.5	73.1914	0.861291
Gorai.003G104000.1.A	1162	1056.5	7.36842	0.276623
Gorai.003G104000.1.D	1162	1056.5	212.632	7.98254
Gorai.003G104100.1.A	198	94.5106	0	0
Gorai.003G104100.1.D	198	94.5106	15.5086	6.50846
Gorai.003G104200.1.A	1425	1319.5	478.786	14.3918
Gorai.003G104200.1.D	1425	1319.5	449.214	13.5029
Gorai.003G104300.1.A	453	347.551	0	0
Gorai.003G104300.1.D	453	347.551	0	0
Gorai.003G104400.1.A	624	518.505	0	0
Gorai.003G104400.1.D	624	518.505	2	0.15299
Gorai.003G104500.1.A	873	767.505	8.16644	0.422024
Gorai.003G104500.1.D	873	767.505	5.85792	0.302724
Gorai.003G104600.1.A	1147	1041.5	0	0
Gorai.003G104600.1.D	1147	1041.5	1	0.0380823
Gorai.003G104700.1.A	1674	1568.5	471.48	11.9224
Gorai.003G104700.1.D	1674	1568.5	427.52	10.8107
Gorai.003G104800.1.A	329	223.63	1	0.17736
Gorai.003G104800.1.D	329	223.63	0	0
Gorai.003G104900.1.A	917	811.505	108.867	5.32097
Gorai.003G104900.1.D	917	811.505	58.1329	2.84129
Gorai.003G105000.1.A	534	428.551	3	0.277654
Gorai.003G105000.1.D	534	428.551	6	0.555307
Gorai.003G105100.1.A	1940	1834.5	1213.03	26.2264
Gorai.003G105100.1.D	1940	1834.5	1978.97	42.7863
Gorai.003G105200.1.A	1165	1059.5	564.322	21.1256
Gorai.003G105200.1.D	1165	1059.5	308.678	11.5555
Gorai.003G105300.1.A	2561	2455.5	419.084	6.76933
Gorai.003G105300.1.D	2561	2455.5	242.916	3.92374
Gorai.003G105400.1.A	994	888.505	151.402	6.7586
Gorai.003G105400.1.D	994	888.505	298.598	13.3295
Gorai.003G105500.1.A	735	629.505	0	0
Gorai.003G105500.1.D	735	629.505	0	0
Gorai.003G105600.1.A	516	410.551	0	0
Gorai.003G105600.1.D	516	410.551	0	0
Gorai.003G105700.1.A	703	597.505	5	0.331905
Gorai.003G105700.1.D	703	597.505	11	0.730191
Gorai.003G105800.1.A	957	851.505	9	0.419218
Gorai.003G105800.1.D	957	851.505	8	0.372639
Gorai.003G105900.1.A	1954	1848.5	79.5092	1.70601
Gorai.003G105900.1.D	1954	1848.5	136.491	2.92865
Gorai.003G106000.1.A	1026	920.505	5	0.215441
Gorai.003G106000.1.D	1026	920.505	2	0.0861765
Gorai.003G106100.1.A	4125	4019.5	145.073	1.43153
Gorai.003G106100.1.D	4125	4019.5	105.927	1.04524
Gorai.003G106200.1.A	524	418.551	0	0
Gorai.003G106200.1.D	524	418.551	2.27789	0.215858
Gorai.003G106300.1.A	3893	3787.5	286.963	3.0051
Gorai.003G106300.1.D	3893	3787.5	200.037	2.09479
Gorai.003G106400.1.A	2779	2673.5	351.819	5.21944
Gorai.003G106400.1.D	2779	2673.5	342.181	5.07644
Gorai.003G106500.1.A	1082	976.505	28.7077	1.16603
Gorai.003G106500.1.D	1082	976.505	29.2024	1.18612
Gorai.003G106600.1.A	2362	2256.5	312.36	5.4904
Gorai.003G106600.1.D	2362	2256.5	314.64	5.53048
Gorai.003G106700.1.A	1579	1473.5	125.843	3.38736
Gorai.003G106700.1.D	1579	1473.5	5.15748	0.138826
Gorai.003G106800.1.A	615	509.505	0	0
Gorai.003G106800.1.D	615	509.505	0	0
Gorai.003G106900.1.A	1587	1481.5	4	0.107088
Gorai.003G106900.1.D	1587	1481.5	0	0
Gorai.003G107000.1.A	705	599.505	0	0
Gorai.003G107000.1.D	705	599.505	0	0
Gorai.003G107100.1.A	1679	1573.5	111.058	2.7994
Gorai.003G107100.1.D	1679	1573.5	383.942	9.67794
Gorai.003G107200.1.A	1992	1886.5	173.741	3.65283
Gorai.003G107200.1.D	1992	1886.5	572.259	12.0315
Gorai.003G107300.1.A	1809	1703.5	395.485	9.20813
Gorai.003G107300.1.D	1809	1703.5	245.515	5.71636
Gorai.003G107400.1.A	1948	1842.5	0	0
Gorai.003G107400.1.D	1948	1842.5	94	2.0235
Gorai.003G107500.1.A	2611	2505.5	3.46154	0.0547973
Gorai.003G107500.1.D	2611	2505.5	11.5385	0.182658
Gorai.003G107600.1.A	1065	959.505	0	0
Gorai.003G107600.1.D	1065	959.505	51.4903	2.12845
Gorai.003G107700.1.A	909	803.505	5.66667	0.27972
Gorai.003G107700.1.D	909	803.505	11.3333	0.559441
Gorai.003G107800.1.A	1327	1221.5	348.603	11.3193
Gorai.003G107800.1.D	1327	1221.5	275.397	8.94228
Gorai.003G107900.1.A	2417	2311.5	0	0
Gorai.003G107900.1.D	2417	2311.5	5	0.0857946
Gorai.003G108000.1.A	2372	2266.5	19.1567	0.335235
Gorai.003G108000.1.D	2372	2266.5	131.843	2.30721
Gorai.003G108100.1.A	1095	989.505	46	1.84385
Gorai.003G108100.1.D	1095	989.505	0	0
Gorai.003G108200.1.A	1492	1386.5	343.675	9.83132
Gorai.003G108200.1.D	1492	1386.5	307.325	8.79147
Gorai.003G108300.1.A	1703	1597.5	8179.23	203.074
Gorai.003G108300.1.D	1703	1597.5	902.773	22.4141
Gorai.003G108400.1.A	2568	2462.5	120.389	1.93907
Gorai.003G108400.1.D	2568	2462.5	131.611	2.11983
Gorai.003G108500.1.A	1893	1787.5	7.22105	0.160228
Gorai.003G108500.1.D	1893	1787.5	90.7789	2.01429
Gorai.003G108600.1.A	2489	2383.5	326.435	5.43207
Gorai.003G108600.1.D	2489	2383.5	249.565	4.15291
Gorai.003G108700.1.A	1213	1107.5	4537.99	162.518
Gorai.003G108700.1.D	1213	1107.5	8662.01	310.212
Gorai.003G108800.1.A	3006	2900.5	865.125	11.8301
Gorai.003G108800.1.D	3006	2900.5	191.336	2.61642
Gorai.003G108900.1.A	1037	931.505	0	0
Gorai.003G108900.1.D	1037	931.505	0	0
Gorai.003G109000.1.A	6490	6384.5	2819.58	17.5163
Gorai.003G109000.1.D	6490	6384.5	6992.42	43.4395
Gorai.003G109100.1.A	1622	1516.5	12	0.31385
Gorai.003G109100.1.D	1622	1516.5	30	0.784625
Gorai.003G109200.1.A	1608	1502.5	15.6818	0.413967
Gorai.003G109200.1.D	1608	1502.5	7.31818	0.193184
Gorai.003G109300.1.A	1752	1646.5	904.346	21.785
Gorai.003G109300.1.D	1752	1646.5	659.654	15.8905
Gorai.003G109400.1.A	3609	3503.5	189.683	2.14739
Gorai.003G109400.1.D	3609	3503.5	123.897	1.40263
Gorai.003G109500.1.A	494	388.551	24.648	2.51604
Gorai.003G109500.1.D	494	388.551	0	0
Gorai.003G109600.1.A	1480	1374.5	2	0.0577123
Gorai.003G109600.1.D	1480	1374.5	0	0
Gorai.003G109700.1.A	1353	1247.5	13.4483	0.427572
Gorai.003G109700.1.D	1353	1247.5	16.5517	0.526243
Gorai.003G109800.1.A	1824	1718.5	22.509	0.519506
Gorai.003G109800.1.D	1824	1718.5	240.491	5.55051
Gorai.003G109900.1.A	2271	2165.5	184.443	3.37822
Gorai.003G109900.1.D	2271	2165.5	98.5572	1.80515
Gorai.003G110000.1.A	381	275.583	0	0
Gorai.003G110000.1.D	381	275.583	0	0
Gorai.003G110100.1.A	1918	1812.5	323.019	7.0686
Gorai.003G110100.1.D	1918	1812.5	291.981	6.38941
Gorai.003G110200.1.A	1158	1052.5	139.71	5.26488
Gorai.003G110200.1.D	1158	1052.5	101.29	3.81704
Gorai.003G110300.1.A	1275	1169.5	0	0
Gorai.003G110300.1.D	1275	1169.5	0	0
Gorai.003G110400.1.A	694	588.505	0	0
Gorai.003G110400.1.D	694	588.505	5.18543	0.349478
Gorai.003G110500.1.A	1336	1230.5	0	0
Gorai.003G110500.1.D	1336	1230.5	0	0
Gorai.003G110600.1.A	1313	1207.5	434.592	14.275
Gorai.003G110600.1.D	1313	1207.5	261.408	8.58649
Gorai.003G110700.1.A	646	540.505	0	0
Gorai.003G110700.1.D	646	540.505	0	0
Gorai.003G110800.1.A	1889	1783.5	928.754	20.6544
Gorai.003G110800.1.D	1889	1783.5	1791.25	39.8351
Gorai.003G110900.1.A	823	717.505	11.5559	0.638797
Gorai.003G110900.1.D	823	717.505	0	0
Gorai.003G111000.1.A	2122	2016.5	209.077	4.11237
Gorai.003G111000.1.D	2122	2016.5	92.9231	1.82772
Gorai.003G111100.1.A	782	676.505	5.06584	0.297006
Gorai.003G111100.1.D	782	676.505	5.06584	0.297006
Gorai.003G111200.1.A	1011	905.505	0	0
Gorai.003G111200.1.D	1011	905.505	1.00157	0.0438706
Gorai.003G111300.1.A	1463	1357.5	128.857	3.76489
Gorai.003G111300.1.D	1463	1357.5	157.143	4.59133
Gorai.003G111400.1.A	717	611.505	5	0.324306
Gorai.003G111400.1.D	717	611.505	6	0.389167
Gorai.003G111500.1.A	555	449.551	0	0
Gorai.003G111500.1.D	555	449.551	0	0
Gorai.003G111600.1.A	3200	3094.5	32	0.410151
Gorai.003G111600.1.D	3200	3094.5	18	0.23071
Gorai.003G111700.1.A	1588	1482.5	267.68	7.16152
Gorai.003G111700.1.D	1588	1482.5	379.32	10.1483
Gorai.003G111800.1.A	704	598.505	0	0
Gorai.003G111800.1.D	704	598.505	0	0
Gorai.003G111900.1.A	1069	963.505	5	0.205826
Gorai.003G111900.1.D	1069	963.505	0	0
Gorai.003G112000.1.A	2442	2336.5	251.003	4.26087
Gorai.003G112000.1.D	2442	2336.5	110.997	1.8842
Gorai.003G112100.1.A	3057	2951.5	1	0.0134382
Gorai.003G112100.1.D	3057	2951.5	0	0
Gorai.003G112200.1.A	1415	1309.5	8	0.242308
Gorai.003G112200.1.D	1415	1309.5	0	0
Gorai.003G112300.1.A	1521	1415.5	139.034	3.8958
Gorai.003G112300.1.D	1521	1415.5	148.966	4.17407
Gorai.003G112400.1.A	1770	1664.5	27	0.643374
Gorai.003G112400.1.D	1770	1664.5	0	0
Gorai.003G112500.1.A	468	362.551	0	0
Gorai.003G112500.1.D	468	362.551	0	0
Gorai.003G112600.1.A	933	827.505	0	0
Gorai.003G112600.1.D	933	827.505	40.6119	1.94656
Gorai.003G112700.1.A	858	752.505	0	0
Gorai.003G112700.1.D	858	752.505	0	0
Gorai.003G112800.1.A	2047	1941.5	204.494	4.17761
Gorai.003G112800.1.D	2047	1941.5	987.506	20.1737
Gorai.003G112900.1.A	1833	1727.5	25.4545	0.584428
Gorai.003G112900.1.D	1833	1727.5	58.5455	1.34418
Gorai.003G113000.1.A	2175	2069.5	0	0
Gorai.003G113000.1.D	2175	2069.5	12	0.229985
Gorai.003G113100.1.A	1892	1786.5	288.294	6.40053
Gorai.003G113100.1.D	1892	1786.5	202.706	4.50037
Gorai.003G113200.1.A	1158	1052.5	0	0
Gorai.003G113200.1.D	1158	1052.5	0	0
Gorai.003G113300.1.A	1202	1096.5	1300.27	47.0336
Gorai.003G113300.1.D	1202	1096.5	2267.73	82.0286
Gorai.003G113400.1.A	4182	4076.5	52.3402	0.509251
Gorai.003G113400.1.D	4182	4076.5	244.66	2.38045
Gorai.003G113500.1.A	1989	1883.5	2	0.0421161
Gorai.003G113500.1.D	1989	1883.5	4	0.0842322
Gorai.003G113600.1.A	171	69.7331	23.4043	13.3119
Gorai.003G113600.1.D	171	69.7331	26.5957	15.1272
Gorai.003G113700.1.A	2500	2394.5	1	0.0165642
Gorai.003G113700.1.D	2500	2394.5	0	0
Gorai.003G113800.1.A	1875	1769.5	1792.07	40.1687
Gorai.003G113800.1.D	1875	1769.5	2190.93	49.1091
Gorai.003G113900.1.A	1529	1423.5	7	0.19504
Gorai.003G113900.1.D	1529	1423.5	0	0
Gorai.003G114000.1.A	2205	2099.5	46.9388	0.886747
Gorai.003G114000.1.D	2205	2099.5	3.06122	0.0578313
Gorai.003G114100.1.A	1852	1746.5	1.07051	0.0243112
Gorai.003G114100.1.D	1852	1746.5	165.929	3.76824
Gorai.003G114200.1.A	4710	4604.5	40.2023	0.3463
Gorai.003G114200.1.D	4710	4604.5	37.7658	0.325312
Gorai.003G114300.1.A	1955	1849.5	1.0319	0.0221292
Gorai.003G114300.1.D	1955	1849.5	0	0
Gorai.003G114400.1.A	1622	1516.5	0	0
Gorai.003G114400.1.D	1622	1516.5	0	0
Gorai.003G114500.1.A	1357	1251.5	47.3878	1.50182
Gorai.003G114500.1.D	1357	1251.5	6.61224	0.209557
Gorai.003G114600.1.A	839	733.505	0	0
Gorai.003G114600.1.D	839	733.505	0	0
Gorai.003G114700.1.A	775	669.505	0	0
Gorai.003G114700.1.D	775	669.505	0	0
Gorai.003G114800.1.A	1390	1284.5	11	0.339658
Gorai.003G114800.1.D	1390	1284.5	0	0
Gorai.003G114900.1.A	1726	1620.5	0	0
Gorai.003G114900.1.D	1726	1620.5	0	0
Gorai.003G115000.1.A	2000	1894.5	560.066	11.7254
Gorai.003G115000.1.D	2000	1894.5	654.934	13.7116
Gorai.003G115100.1.A	1928	1822.5	31	0.674649
Gorai.003G115100.1.D	1928	1822.5	5	0.108814
Gorai.003G115200.1.A	966	860.505	0	0
Gorai.003G115200.1.D	966	860.505	0	0
Gorai.003G115300.1.A	639	533.505	0	0
Gorai.003G115300.1.D	639	533.505	0	0
Gorai.003G115400.1.A	1333	1227.5	10	0.323118
Gorai.003G115400.1.D	1333	1227.5	2	0.0646237
Gorai.003G115500.1.A	795	689.505	14	0.805333
Gorai.003G115500.1.D	795	689.505	22	1.26552
Gorai.003G115600.1.A	1374	1268.5	6.46875	0.202261
Gorai.003G115600.1.D	1374	1268.5	62.5312	1.95519
Gorai.003G115700.1.A	702	596.505	0	0
Gorai.003G115700.1.D	702	596.505	0	0
Gorai.003G115800.1.A	3113	3007.5	2279.35	30.06
Gorai.003G115800.1.D	3113	3007.5	2790.65	36.8031
Gorai.003G115900.1.A	313	207.649	0	0
Gorai.003G115900.1.D	313	207.649	0	0
Gorai.003G116000.1.A	3119	3013.5	178.422	2.34834
Gorai.003G116000.1.D	3119	3013.5	474.578	6.24627
Gorai.003G116100.1.A	402	296.583	0	0
Gorai.003G116100.1.D	402	296.583	0	0
Gorai.003G116200.1.A	3382	3276.5	1300.75	15.7459
Gorai.003G116200.1.D	3382	3276.5	1396.25	16.902
Gorai.003G116300.1.A	2312	2206.5	13.1613	0.23658
Gorai.003G116300.1.D	2312	2206.5	20.8387	0.374585
Gorai.003G116400.1.A	3639	3533.5	132.516	1.48746
Gorai.003G116400.1.D	3639	3533.5	124.484	1.39731
Gorai.003G116500.1.A	2832	2726.5	0	0
Gorai.003G116500.1.D	2832	2726.5	60	0.87283
Gorai.003G116600.1.A	4698	4592.5	10.0596	0.0868795
Gorai.003G116600.1.D	4698	4592.5	720.94	6.22637
Gorai.003G116700.1.A	1778	1672.5	153.503	3.64027
Gorai.003G116700.1.D	1778	1672.5	161.497	3.82986
Gorai.003G116800.1.A	638	532.505	17.2308	1.28341
Gorai.003G116800.1.D	638	532.505	14.7692	1.10007
Gorai.003G116900.1.A	2082	1976.5	124.059	2.48951
Gorai.003G116900.1.D	2082	1976.5	23.9412	0.480433
Gorai.003G117000.1.A	1130	1024.5	812.558	31.4576
Gorai.003G117000.1.D	1130	1024.5	775.442	30.0206
Gorai.003G117100.1.A	1535	1429.5	123.223	3.41893
Gorai.003G117100.1.D	1535	1429.5	136.777	3.79501
Gorai.003G117200.1.A	514	408.551	0	0
Gorai.003G117200.1.D	514	408.551	0	0
Gorai.003G117300.1.A	1330	1224.5	0	0
Gorai.003G117300.1.D	1330	1224.5	22.391	0.725268
Gorai.003G117400.1.A	1188	1082.5	0	0
Gorai.003G117400.1.D	1188	1082.5	0	0
Gorai.003G117500.1.A	2241	2135.5	189.075	3.51171
Gorai.003G117500.1.D	2241	2135.5	265.925	4.93905
Gorai.003G117600.1.A	1027	921.505	1	0.0430415
Gorai.003G117600.1.D	1027	921.505	0	0
Gorai.003G117700.1.A	3323	3217.5	54.9135	0.676932
Gorai.003G117700.1.D	3323	3217.5	13.1315	0.161875
Gorai.003G117800.1.A	1357	1251.5	3	0.0950766
Gorai.003G117800.1.D	1357	1251.5	1	0.0316922
Gorai.003G117900.1.A	3299	3193.5	0	0
Gorai.003G117900.1.D	3299	3193.5	66	0.819712
Gorai.003G118000.1.A	2228	2122.5	179.228	3.3492
Gorai.003G118000.1.D	2228	2122.5	251.772	4.70483
Gorai.003G118100.1.A	645	539.505	3	0.220552
Gorai.003G118100.1.D	645	539.505	0	0
Gorai.003G118200.1.A	1515	1409.5	10.6154	0.298713
Gorai.003G118200.1.D	1515	1409.5	58.3846	1.64292
Gorai.003G118300.1.A	2641	2535.5	53.2759	0.833395
Gorai.003G118300.1.D	2641	2535.5	49.7241	0.777835
Gorai.003G118400.1.A	2444	2338.5	62.0702	1.05276
Gorai.003G118400.1.D	2444	2338.5	59.9298	1.01646
Gorai.003G118500.1.A	1593	1487.5	87.253	2.32652
Gorai.003G118500.1.D	1593	1487.5	14.747	0.393215
Gorai.003G118600.1.A	1057	951.505	400.678	16.702
Gorai.003G118600.1.D	1057	951.505	739.322	30.8182
Gorai.003G118700.1.A	1445	1339.5	0	0
Gorai.003G118700.1.D	1445	1339.5	1	0.0296102
Gorai.003G118800.1.A	1182	1076.5	673.917	24.8299
Gorai.003G118800.1.D	1182	1076.5	839.083	30.9153
Gorai.003G118900.1.A	864	758.505	62.1882	3.25188
Gorai.003G118900.1.D	864	758.505	152.219	7.95968
Gorai.003G119000.1.A	1903	1797.5	73.1764	1.61468
Gorai.003G119000.1.D	1903	1797.5	471.824	10.4111
Gorai.003G119100.1.A	2110	2004.5	520.691	10.3029
Gorai.003G119100.1.D	2110	2004.5	2724.31	53.9056
Gorai.003G119200.1.A	1315	1209.5	396.741	13.0102
Gorai.003G119200.1.D	1315	1209.5	1342.26	44.0162
Gorai.003G119300.1.A	1637	1531.5	51.6914	1.3387
Gorai.003G119300.1.D	1637	1531.5	199.717	5.17228
Gorai.003G119400.1.A	1229	1123.5	359.887	12.705
Gorai.003G119400.1.D	1229	1123.5	300.113	10.5949
Gorai.003G119500.1.A	2376	2270.5	9.94737	0.173768
Gorai.003G119500.1.D	2376	2270.5	11.0526	0.193076
Gorai.003G119600.1.A	3482	3376.5	48.1395	0.565483
Gorai.003G119600.1.D	3482	3376.5	43.8605	0.515218
Gorai.003G119700.1.A	225	120.599	1.5	0.493325
Gorai.003G119700.1.D	225	120.599	1.5	0.493325
Gorai.003G119800.1.A	712	606.505	0	0
Gorai.003G119800.1.D	712	606.505	0	0
Gorai.003G119900.1.A	1822	1716.5	45.3333	1.04751
Gorai.003G119900.1.D	1822	1716.5	110.667	2.55715
Gorai.003G120000.1.A	1075	969.505	3.39175	0.138758
Gorai.003G120000.1.D	1075	969.505	3.91938	0.160344
Gorai.003G120100.1.A	2023	1917.5	171.409	3.54553
Gorai.003G120100.1.D	2023	1917.5	180.591	3.73547
Gorai.003G120200.1.A	327	221.63	17	3.04232
Gorai.003G120200.1.D	327	221.63	0	0
Gorai.003G120300.1.A	213	108.896	3	1.09268
Gorai.003G120300.1.D	213	108.896	1	0.364226
Gorai.003G120400.1.A	2351	2245.5	400.772	7.07893
Gorai.003G120400.1.D	2351	2245.5	341.228	6.02721
Gorai.003G120500.1.A	942	836.505	389.798	18.4823
Gorai.003G120500.1.D	942	836.505	218.202	10.3461
Gorai.003G120600.1.A	2172	2066.5	226.121	4.33999
Gorai.003G120600.1.D	2172	2066.5	444.879	8.53868
Gorai.003G120700.1.A	2216	2110.5	26.6173	0.500221
Gorai.003G120700.1.D	2216	2110.5	71.3827	1.3415
Gorai.003G120800.1.A	1533	1427.5	0	0
Gorai.003G120800.1.D	1533	1427.5	2	0.0555696
Gorai.003G120900.1.A	2779	2673.5	639.6	9.48883
Gorai.003G120900.1.D	2779	2673.5	331.634	4.91997
Gorai.003G121000.1.A	1263	1157.5	68.0058	2.33028
Gorai.003G121000.1.D	1263	1157.5	40.6775	1.39385
Gorai.003G121100.1.A	2240	2134.5	215.65	4.00717
Gorai.003G121100.1.D	2240	2134.5	11.35	0.210903
Gorai.003G121200.1.A	1183	1077.5	37.5054	1.38057
Gorai.003G121200.1.D	1183	1077.5	71.4946	2.63172
Gorai.003G121300.1.A	381	275.583	19.0449	2.74101
Gorai.003G121300.1.D	381	275.583	19.0449	2.74101
Gorai.003G121400.1.A	2984	2878.5	159.907	2.20336
Gorai.003G121400.1.D	2984	2878.5	63.0927	0.869355
Gorai.003G121500.1.A	1327	1221.5	25.7455	0.835969
Gorai.003G121500.1.D	1327	1221.5	33.2545	1.07979
Gorai.003G121600.1.A	789	683.505	0	0
Gorai.003G121600.1.D	789	683.505	0	0
Gorai.003G121700.1.A	1458	1352.5	15.2174	0.446258
Gorai.003G121700.1.D	1458	1352.5	34.7826	1.02002
Gorai.003G121800.1.A	550	444.551	4	0.356881
Gorai.003G121800.1.D	550	444.551	1	0.0892202
Gorai.003G121900.1.A	1104	998.505	0	0
Gorai.003G121900.1.D	1104	998.505	2	0.0794447
Gorai.003G122000.1.A	3615	3509.5	53.3721	0.603189
Gorai.003G122000.1.D	3615	3509.5	36.6279	0.413953
Gorai.003G122100.1.A	2046	1940.5	3	0.0613185
Gorai.003G122100.1.D	2046	1940.5	4	0.081758
Gorai.003G122200.1.A	844	738.505	0	0
Gorai.003G122200.1.D	844	738.505	22	1.18156
Gorai.003G122300.1.A	1124	1018.5	0	0
Gorai.003G122300.1.D	1124	1018.5	0	0
Gorai.003G122400.1.A	780	674.505	0	0
Gorai.003G122400.1.D	780	674.505	0	0
Gorai.003G122500.1.A	909	803.505	115.813	5.7168
Gorai.003G122500.1.D	909	803.505	127.187	6.27827
Gorai.003G122600.1.A	1910	1804.5	5.83333	0.128216
Gorai.003G122600.1.D	1910	1804.5	8.16667	0.179503
Gorai.003G122700.1.A	2997	2891.5	24.4404	0.33525
Gorai.003G122700.1.D	2997	2891.5	86.5596	1.18734
Gorai.003G122800.1.A	793	687.505	1	0.0576912
Gorai.003G122800.1.D	793	687.505	3	0.173073
Gorai.003G122900.1.A	1167	1061.5	29.3333	1.09604
Gorai.003G122900.1.D	1167	1061.5	36.6667	1.37004
Gorai.003G123000.1.A	1880	1774.5	31.413	0.70213
Gorai.003G123000.1.D	1880	1774.5	138.587	3.09763
Gorai.003G123100.1.A	783	677.505	2	0.117085
Gorai.003G123100.1.D	783	677.505	0	0
Gorai.003G123200.1.A	1317	1211.5	255.904	8.37794
Gorai.003G123200.1.D	1317	1211.5	14.3968	0.471331
Gorai.003G123300.1.A	1416	1310.5	148.752	4.50204
Gorai.003G123300.1.D	1416	1310.5	269.947	8.17005
Gorai.003G123400.1.A	1605	1499.5	11.3793	0.300991
Gorai.003G123400.1.D	1605	1499.5	54.6207	1.44476
Gorai.003G123500.1.A	2033	1927.5	0	0
Gorai.003G123500.1.D	2033	1927.5	15	0.30866
Gorai.003G123600.1.A	2226	2120.5	479.454	8.96794
Gorai.003G123600.1.D	2226	2120.5	628.546	11.7566
Gorai.003G123700.1.A	2243	2137.5	666.763	12.3723
Gorai.003G123700.1.D	2243	2137.5	239.237	4.43922
Gorai.003G123800.1.A	2035	1929.5	72	1.48003
Gorai.003G123800.1.D	2035	1929.5	72	1.48003
Gorai.003G123900.1.A	1536	1430.5	0	0
Gorai.003G123900.1.D	1536	1430.5	0	0
Gorai.003G124000.1.A	810	704.505	0	0
Gorai.003G124000.1.D	810	704.505	3	0.168897
Gorai.003G124100.1.A	706	600.505	18.9358	1.2507
Gorai.003G124100.1.D	706	600.505	110.064	7.26967
Gorai.003G124200.1.A	363	257.583	0	0
Gorai.003G124200.1.D	363	257.583	0	0
Gorai.003G124300.1.A	2731	2625.5	370.377	5.59521
Gorai.003G124300.1.D	2731	2625.5	42.6228	0.643893
Gorai.003G124400.1.A	2481	2375.5	158.785	2.65117
Gorai.003G124400.1.D	2481	2375.5	177.215	2.9589
Gorai.003G124500.1.A	4819	4713.5	15.8261	0.133172
Gorai.003G124500.1.D	4819	4713.5	10.1739	0.0856109
Gorai.003G124600.1.A	2081	1975.5	39	0.783017
Gorai.003G124600.1.D	2081	1975.5	39	0.783017
Gorai.003G124700.1.A	2538	2432.5	190.75	3.11026
Gorai.003G124700.1.D	2538	2432.5	378.25	6.16751
Gorai.003G124800.1.A	1051	945.505	646.607	27.1245
Gorai.003G124800.1.D	1051	945.505	628.393	26.3604
Gorai.003G124900.1.A	2124	2018.5	398.716	7.83463
Gorai.003G124900.1.D	2124	2018.5	565.284	11.1076
Gorai.003G125000.1.A	1625	1519.5	500.526	13.065
Gorai.003G125000.1.D	1625	1519.5	235.474	6.14648
Gorai.003G125100.1.A	4482	4376.5	81.5052	0.738657
Gorai.003G125100.1.D	4482	4376.5	132.171	1.19782
Gorai.003G125200.1.A	907	801.505	500.707	24.7778
Gorai.003G125200.1.D	907	801.505	8.29328	0.410398
Gorai.003G125300.1.A	1282	1176.5	200.019	6.74316
Gorai.003G125300.1.D	1282	1176.5	176.981	5.96646
Gorai.003G125400.1.A	2848	2742.5	1057.18	15.2892
Gorai.003G125400.1.D	2848	2742.5	1768.82	25.5812
Gorai.003G125500.1.A	1958	1852.5	0	0
Gorai.003G125500.1.D	1958	1852.5	1278	27.3625
Gorai.003G125600.1.A	1904	1798.5	37.1304	0.818848
Gorai.003G125600.1.D	1904	1798.5	23.8696	0.526402
Gorai.003G125700.1.A	4337	4231.5	148.35	1.39052
Gorai.003G125700.1.D	4337	4231.5	311.65	2.92117
Gorai.003G125800.1.A	629	523.505	0	0
Gorai.003G125800.1.D	629	523.505	0	0
Gorai.003G125900.1.A	4468	4362.5	109.019	0.991181
Gorai.003G125900.1.D	4468	4362.5	53.9805	0.490779
Gorai.003G126000.1.A	2514	2408.5	54.3529	0.895077
Gorai.003G126000.1.D	2514	2408.5	71.6471	1.17987
Gorai.003G126100.1.A	285	179.772	0	0
Gorai.003G126100.1.D	285	179.772	0	0
Gorai.003G126200.1.A	343	237.63	4.73624	0.790528
Gorai.003G126200.1.D	343	237.63	27.4288	4.57816
Gorai.003G126300.1.A	1810	1704.5	1239.03	28.8317
Gorai.003G126300.1.D	1810	1704.5	889.979	20.7094
Gorai.003G126400.1.A	1103	997.505	91.8146	3.65075
Gorai.003G126400.1.D	1103	997.505	167.632	6.6654
Gorai.003G126500.1.A	1092	986.505	123.818	4.97817
Gorai.003G126500.1.D	1092	986.505	168.648	6.78059
Gorai.003G126600.1.A	2187	2081.5	20.452	0.389712
Gorai.003G126600.1.D	2187	2081.5	1.08184	0.0206143
Gorai.003G126700.1.A	4361	4255.5	66.9565	0.624061
Gorai.003G126700.1.D	4361	4255.5	153.043	1.42642
Gorai.003G126800.1.A	1363	1257.5	0	0
Gorai.003G126800.1.D	1363	1257.5	0	0
Gorai.003G126900.1.A	1056	950.505	3859.62	161.055
Gorai.003G126900.1.D	1056	950.505	2563.38	106.966
Gorai.003G127000.1.A	808	702.505	0	0
Gorai.003G127000.1.D	808	702.505	2	0.112919
Gorai.003G127100.1.A	561	455.551	0	0
Gorai.003G127100.1.D	561	455.551	0	0
Gorai.003G127200.1.A	1781	1675.5	219.817	5.20356
Gorai.003G127200.1.D	1781	1675.5	49.1828	1.16427
Gorai.003G127300.1.A	1087	981.505	2854.83	115.365
Gorai.003G127300.1.D	1087	981.505	19.235	0.777294
Gorai.003G127400.1.A	1222	1116.5	1947.71	69.1909
Gorai.003G127400.1.D	1222	1116.5	1125.22	39.9725
Gorai.003G127500.1.A	780	674.505	2	0.117606
Gorai.003G127500.1.D	780	674.505	0	0
Gorai.003G127600.1.A	943	837.505	3	0.142075
Gorai.003G127600.1.D	943	837.505	0	0
Gorai.003G127700.1.A	1287	1181.5	0	0
Gorai.003G127700.1.D	1287	1181.5	0	0
Gorai.003G127800.1.A	1449	1343.5	0	0
Gorai.003G127800.1.D	1449	1343.5	0	0
Gorai.003G127900.1.A	615	509.505	47.7037	3.71355
Gorai.003G127900.1.D	615	509.505	36.2963	2.82552
Gorai.003G128000.1.A	480	374.551	0	0
Gorai.003G128000.1.D	480	374.551	2.00079	0.211873
Gorai.003G128100.1.A	1432	1326.5	85.1373	2.54564
Gorai.003G128100.1.D	1432	1326.5	153.863	4.60055
Gorai.003G128200.1.A	1770	1664.5	143.782	3.42614
Gorai.003G128200.1.D	1770	1664.5	307.218	7.3206
Gorai.003G128300.1.A	1382	1276.5	5.90909	0.183604
Gorai.003G128300.1.D	1382	1276.5	20.0909	0.624255
Gorai.003G128400.1.A	3516	3410.5	1040.59	12.1016
Gorai.003G128400.1.D	3516	3410.5	476.413	5.54051
Gorai.003G128500.1.A	2378	2272.5	88.0851	1.53738
Gorai.003G128500.1.D	2378	2272.5	118.915	2.07547
Gorai.003G128600.1.A	1954	1848.5	616.262	13.223
Gorai.003G128600.1.D	1954	1848.5	508.304	10.9066
Gorai.003G128700.1.A	1229	1123.5	161.69	5.70811
Gorai.003G128700.1.D	1229	1123.5	287.31	10.1429
Gorai.003G128800.1.A	1437	1331.5	1105.04	32.917
Gorai.003G128800.1.D	1437	1331.5	1553.96	46.2895
Gorai.003G128900.1.A	1639	1533.5	34.0139	0.879744
Gorai.003G128900.1.D	1639	1533.5	44.9861	1.16353
Gorai.003G129000.1.A	2235	2129.5	22.3407	0.416104
Gorai.003G129000.1.D	2235	2129.5	940.659	17.5202
Gorai.003G129100.1.A	1624	1518.5	19.68	0.514036
Gorai.003G129100.1.D	1624	1518.5	62.32	1.62778
Gorai.003G129200.1.A	4741	4635.5	828.728	7.09088
Gorai.003G129200.1.D	4741	4635.5	696.272	5.95754
Gorai.003G129300.1.A	2084	1978.5	268.682	5.38625
Gorai.003G129300.1.D	2084	1978.5	175.318	3.51458
Gorai.003G129400.1.A	1524	1418.5	52.4602	1.46684
Gorai.003G129400.1.D	1524	1418.5	61.5398	1.72072
Gorai.003G129500.1.A	1386	1280.5	0	0
Gorai.003G129500.1.D	1386	1280.5	0	0
Gorai.003G129600.1.A	921	815.505	0	0
Gorai.003G129600.1.D	921	815.505	0	0
Gorai.003G129700.1.A	2073	1967.5	0	0
Gorai.003G129700.1.D	2073	1967.5	0	0
Gorai.003G129800.1.A	2137	2031.5	0	0
Gorai.003G129800.1.D	2137	2031.5	0	0
Gorai.003G129900.1.A	2035	1929.5	1.33333	0.027408
Gorai.003G129900.1.D	2035	1929.5	2.66667	0.0548161
Gorai.003G130000.1.A	2723	2617.5	20.4596	0.310023
Gorai.003G130000.1.D	2723	2617.5	41.8407	0.63401
Gorai.003G130100.1.A	1650	1544.5	70.6344	1.81389
Gorai.003G130100.1.D	1650	1544.5	455.325	11.6928
Gorai.003G130200.1.A	1419	1313.5	104.523	3.15622
Gorai.003G130200.1.D	1419	1313.5	49.2166	1.48616
Gorai.003G130300.1.A	1179	1073.5	30.0625	1.11072
Gorai.003G130300.1.D	1179	1073.5	6.9375	0.256321
Gorai.003G130400.1.A	2387	2281.5	119.385	2.07545
Gorai.003G130400.1.D	2387	2281.5	74.6154	1.29716
Gorai.003G130500.1.A	2912	2806.5	26.9811	0.381311
Gorai.003G130500.1.D	2912	2806.5	28.0189	0.395977
Gorai.003G130600.1.A	2944	2838.5	28.7763	0.402097
Gorai.003G130600.1.D	2944	2838.5	52.2237	0.729731
Gorai.003G130700.1.A	2800	2694.5	114.691	1.68824
Gorai.003G130700.1.D	2800	2694.5	192.309	2.83078
Gorai.003G130800.1.A	1223	1117.5	74.4407	2.64208
Gorai.003G130800.1.D	1223	1117.5	108.559	3.85303
Gorai.003G130900.1.A	1251	1145.5	0	0
Gorai.003G130900.1.D	1251	1145.5	0	0
Gorai.003G131000.1.A	1573	1467.5	1002.78	27.1026
Gorai.003G131000.1.D	1573	1467.5	290.219	7.84389
Gorai.003G131100.1.A	1962	1856.5	93.1356	1.98978
Gorai.003G131100.1.D	1962	1856.5	71.792	1.53379
Gorai.003G131200.1.A	1626	1520.5	3243.91	84.6187
Gorai.003G131200.1.D	1626	1520.5	2072.9	54.0723
Gorai.003G131300.1.A	906	800.505	27	1.33778
Gorai.003G131300.1.D	906	800.505	9	0.445927
Gorai.003G131400.1.A	771	665.505	119.559	7.12551
Gorai.003G131400.1.D	771	665.505	4.29292	0.25585
Gorai.003G131500.1.A	1334	1228.5	1578.91	50.976
Gorai.003G131500.1.D	1334	1228.5	1166.34	37.6559
Gorai.003G131600.1.A	2045	1939.5	254.55	5.20555
Gorai.003G131600.1.D	2045	1939.5	391.45	8.00517
Gorai.003G131700.1.A	1491	1385.5	1540.13	44.0895
Gorai.003G131700.1.D	1491	1385.5	1046.06	29.9455
Gorai.003G131800.1.A	2099	1993.5	4	0.0795843
Gorai.003G131800.1.D	2099	1993.5	18	0.35813
Gorai.003G131900.1.A	788	682.505	79.3333	4.61036
Gorai.003G131900.1.D	788	682.505	56.6667	3.29312
Gorai.003G132000.1.A	2065	1959.5	287.409	5.81752
Gorai.003G132000.1.D	2065	1959.5	205.591	4.16144
Gorai.003G132100.1.A	1606	1500.5	0	0
Gorai.003G132100.1.D	1606	1500.5	251	6.6347
Gorai.003G132200.1.A	2726	2620.5	72.9717	1.10447
Gorai.003G132200.1.D	2726	2620.5	46.0283	0.696666
Gorai.003G132300.1.A	1473	1367.5	891.518	25.8575
Gorai.003G132300.1.D	1473	1367.5	437.482	12.6887
Gorai.003G132400.1.A	1782	1676.5	42.8496	1.01374
Gorai.003G132400.1.D	1782	1676.5	226.15	5.35029
Gorai.003G132500.1.A	1281	1175.5	0.5	0.0168706
Gorai.003G132500.1.D	1281	1175.5	0.5	0.0168706
Gorai.003G132600.1.A	1457	1351.5	3.1	0.0909765
Gorai.003G132600.1.D	1457	1351.5	27.9	0.818788
Gorai.003G132700.1.A	2117	2011.5	2004.07	39.5163
Gorai.003G132700.1.D	2117	2011.5	708.93	13.9787
Gorai.003G132800.1.A	991	885.505	3	0.134374
Gorai.003G132800.1.D	991	885.505	16	0.716661
Gorai.003G132900.1.A	748	642.505	0	0
Gorai.003G132900.1.D	748	642.505	0	0
Gorai.003G133000.1.A	2449	2343.5	81.418	1.37797
Gorai.003G133000.1.D	2449	2343.5	47.582	0.805307
Gorai.003G133100.1.A	2708	2602.5	398.963	6.08031
Gorai.003G133100.1.D	2708	2602.5	281.037	4.28309
Gorai.003G133200.1.A	1396	1290.5	13.5385	0.416097
Gorai.003G133200.1.D	1396	1290.5	30.4615	0.936218
Gorai.003G133300.1.A	4267	4161.5	225.969	2.15369
Gorai.003G133300.1.D	4267	4161.5	81.4514	0.776306
Gorai.003G133400.1.A	1977	1871.5	46.6596	0.98886
Gorai.003G133400.1.D	1977	1871.5	4.34043	0.091987
Gorai.003G133500.1.A	1215	1109.5	93.9416	3.35826
Gorai.003G133500.1.D	1215	1109.5	236.058	8.43869
Gorai.003G133600.1.A	912	806.505	9.33333	0.459002
Gorai.003G133600.1.D	912	806.505	4.66667	0.229501
Gorai.003G133700.1.A	870	764.505	0	0
Gorai.003G133700.1.D	870	764.505	0	0
Gorai.003G133800.1.A	567	461.551	0	0
Gorai.003G133800.1.D	567	461.551	0	0
Gorai.003G133900.1.A	865	759.505	5	0.261111
Gorai.003G133900.1.D	865	759.505	80	4.17777
Gorai.003G134000.1.A	1613	1507.5	123.562	3.25095
Gorai.003G134000.1.D	1613	1507.5	122.438	3.22139
Gorai.003G134100.1.A	948	842.505	0	0
Gorai.003G134100.1.D	948	842.505	0	0
Gorai.003G134200.1.A	645	539.505	1	0.0735173
Gorai.003G134200.1.D	645	539.505	1	0.0735173
Gorai.003G134300.1.A	753	647.505	52.0563	3.18871
Gorai.003G134300.1.D	753	647.505	35.9437	2.20173
Gorai.003G134400.1.A	1466	1360.5	3161.9	92.1793
Gorai.003G134400.1.D	1466	1360.5	5964.38	173.88
Gorai.003G134500.1.A	1933	1827.5	1197.55	25.9908
Gorai.003G134500.1.D	1933	1827.5	1116.45	24.2307
Gorai.003G134600.1.A	1794	1688.5	2570.71	60.3858
Gorai.003G134600.1.D	1794	1688.5	12181.3	286.138
Gorai.003G134700.1.A	171	69.7331	947.886	539.14
Gorai.003G134700.1.D	171	69.7331	1836.11	1044.35
Gorai.003G134800.1.A	393	287.583	2.54114	0.350469
Gorai.003G134800.1.D	393	287.583	2.54114	0.350469
Gorai.003G134900.1.A	717	611.505	35	2.27014
Gorai.003G134900.1.D	717	611.505	35	2.27014
Gorai.003G135000.1.A	1615	1509.5	301.944	7.93372
Gorai.003G135000.1.D	1615	1509.5	356.056	9.35554
Gorai.003G135100.1.A	1849	1743.5	383.98	8.73516
Gorai.003G135100.1.D	1849	1743.5	302.02	6.87064
Gorai.003G135200.1.A	2000	1894.5	343.986	7.20162
Gorai.003G135200.1.D	2000	1894.5	337.014	7.05564
Gorai.003G135300.1.A	816	710.505	2	0.111647
Gorai.003G135300.1.D	816	710.505	2	0.111647
Gorai.003G135400.1.A	1124	1018.5	173.532	6.75776
Gorai.003G135400.1.D	1124	1018.5	219.468	8.54658
Gorai.003G135500.1.A	3452	3346.5	61.4129	0.727869
Gorai.003G135500.1.D	3452	3346.5	105.587	1.25142
Gorai.003G135600.1.A	1024	918.505	2362.62	102.023
Gorai.003G135600.1.D	1024	918.505	3076.38	132.845
Gorai.003G135700.1.A	921	815.505	0	0
Gorai.003G135700.1.D	921	815.505	0	0
Gorai.003G135800.1.A	921	815.505	0	0
Gorai.003G135800.1.D	921	815.505	0	0
Gorai.003G135900.1.A	685	579.505	0	0
Gorai.003G135900.1.D	685	579.505	0	0
Gorai.003G136000.1.A	2041	1935.5	1362.95	27.93
Gorai.003G136000.1.D	2041	1935.5	1654.05	33.8952
Gorai.003G136100.1.A	831	725.505	528.682	28.9028
Gorai.003G136100.1.D	831	725.505	1449.32	79.2334
Gorai.003G136200.1.A	474	368.551	4	0.430474
Gorai.003G136200.1.D	474	368.551	0	0
Gorai.003G136300.1.A	1344	1238.5	18.72	0.599505
Gorai.003G136300.1.D	1344	1238.5	7.28	0.233141
Gorai.003G136400.1.A	1248	1142.5	9.33333	0.324014
Gorai.003G136400.1.D	1248	1142.5	4.66667	0.162007
Gorai.003G136500.1.A	1653	1547.5	381.345	9.77397
Gorai.003G136500.1.D	1653	1547.5	183.941	4.71445
Gorai.003G136600.1.A	1429	1323.5	27.8187	0.833674
Gorai.003G136600.1.D	1429	1323.5	2.89548	0.0867722
Gorai.003G136700.1.A	1182	1076.5	0	0
Gorai.003G136700.1.D	1182	1076.5	0	0
Gorai.003G136800.1.A	930	824.505	1261.4	60.6797
Gorai.003G136800.1.D	930	824.505	1339.6	64.4419
Gorai.003G136900.1.A	1878	1772.5	15.9091	0.355994
Gorai.003G136900.1.D	1878	1772.5	9.09091	0.203425
Gorai.003G137000.1.A	1840	1734.5	177.372	4.05596
Gorai.003G137000.1.D	1840	1734.5	168.628	3.85602
Gorai.003G137100.1.A	1511	1405.5	357.961	10.1016
Gorai.003G137100.1.D	1511	1405.5	283.039	7.98728
Gorai.003G137200.1.A	735	629.505	0	0
Gorai.003G137200.1.D	735	629.505	0	0
Gorai.003G137300.1.A	908	802.505	0	0
Gorai.003G137300.1.D	908	802.505	0	0
Gorai.003G137400.1.A	786	680.505	2.71429	0.158201
Gorai.003G137400.1.D	786	680.505	35.2857	2.05661
Gorai.003G137500.1.A	2132	2026.5	0	0
Gorai.003G137500.1.D	2132	2026.5	0	0
Gorai.003G137600.1.A	1626	1520.5	1	0.0260854
Gorai.003G137600.1.D	1626	1520.5	0	0
Gorai.003G137700.1.A	3301	3195.5	992.02	12.3131
Gorai.003G137700.1.D	3301	3195.5	1763.98	21.8947
Gorai.003G137800.1.A	432	326.583	0	0
Gorai.003G137800.1.D	432	326.583	1	0.121448
Gorai.003G137900.1.A	4046	3940.5	103.704	1.04382
Gorai.003G137900.1.D	4046	3940.5	1.2963	0.0130478
Gorai.003G138000.1.A	1065	959.505	425.843	17.603
Gorai.003G138000.1.D	1065	959.505	497.157	20.5509
Gorai.003G138100.1.A	1152	1046.5	775.066	29.3753
Gorai.003G138100.1.D	1152	1046.5	396.934	15.044
Gorai.003G138200.1.A	1068	962.505	39.8438	1.64188
Gorai.003G138200.1.D	1068	962.505	35.1562	1.44872
Gorai.003G138300.1.A	649	543.505	0	0
Gorai.003G138300.1.D	649	543.505	0	0
Gorai.003G138400.1.A	795	689.505	0	0
Gorai.003G138400.1.D	795	689.505	0	0
Gorai.003G138500.1.A	891	785.505	0	0
Gorai.003G138500.1.D	891	785.505	0	0
Gorai.003G138600.1.A	3873	3767.5	601.647	6.33392
Gorai.003G138600.1.D	3873	3767.5	2581.59	27.1781
Gorai.003G138700.1.A	4513	4407.5	85.0116	0.765015
Gorai.003G138700.1.D	4513	4407.5	105.988	0.953785
Gorai.003G138800.1.A	1230	1124.5	0	0
Gorai.003G138800.1.D	1230	1124.5	0	0
Gorai.003G138900.1.A	917	811.505	0	0
Gorai.003G138900.1.D	917	811.505	0	0
Gorai.003G139000.1.A	2593	2487.5	72.7869	1.16058
Gorai.003G139000.1.D	2593	2487.5	112.213	1.78922
Gorai.003G139100.1.A	4631	4525.5	289.618	2.5383
Gorai.003G139100.1.D	4631	4525.5	140.382	1.23035
Gorai.003G139200.1.A	2261	2155.5	71.8593	1.32227
Gorai.003G139200.1.D	2261	2155.5	416.141	7.65731
Gorai.003G139300.1.A	3363	3257.5	1136.68	13.8401
Gorai.003G139300.1.D	3363	3257.5	244.321	2.97482
Gorai.003G139400.1.A	1787	1681.5	0	0
Gorai.003G139400.1.D	1787	1681.5	0	0
Gorai.003G139500.1.A	321	215.63	0	0
Gorai.003G139500.1.D	321	215.63	0	0
Gorai.003G139600.1.A	1714	1608.5	159.275	3.92745
Gorai.003G139600.1.D	1714	1608.5	189.725	4.67829
Gorai.003G139700.1.A	1257	1151.5	0	0
Gorai.003G139700.1.D	1257	1151.5	0	0
Gorai.003G139800.1.A	2026	1920.5	5	0.103262
Gorai.003G139800.1.D	2026	1920.5	2	0.0413047
Gorai.003G139900.1.A	1603	1497.5	393.052	10.4104
Gorai.003G139900.1.D	1603	1497.5	669.948	17.7443
Gorai.003G140000.1.A	1734	1628.5	404.591	9.85398
Gorai.003G140000.1.D	1734	1628.5	358.409	8.72921
Gorai.003G140100.1.A	3418	3312.5	130.189	1.55884
Gorai.003G140100.1.D	3418	3312.5	289.811	3.47011
Gorai.003G140200.1.A	844	738.505	220.952	11.8667
Gorai.003G140200.1.D	844	738.505	586.048	31.475
Gorai.003G140300.1.A	1297	1191.5	58	1.93071
Gorai.003G140300.1.D	1297	1191.5	91	3.02922
Gorai.003G140400.1.A	1150	1044.5	17.3806	0.659993
Gorai.003G140400.1.D	1150	1044.5	119.619	4.5423
Gorai.003G140500.1.A	1277	1171.5	12959.9	438.776
Gorai.003G140500.1.D	1277	1171.5	2713.1	91.8558
Gorai.003G140600.1.A	3102	2996.5	211.892	2.80468
Gorai.003G140600.1.D	3102	2996.5	1221.11	16.1631
Gorai.003G140700.1.A	1029	923.505	1486.62	63.8478
Gorai.003G140700.1.D	1029	923.505	624.38	26.8161
Gorai.003G140800.1.A	3649	3543.5	2301.92	25.7657
Gorai.003G140800.1.D	3649	3543.5	3409.08	38.1584
Gorai.003G140900.1.A	3842	3736.5	280.155	2.97384
Gorai.003G140900.1.D	3842	3736.5	191.845	2.03643
Gorai.003G141000.1.A	3234	3128.5	183.828	2.33056
Gorai.003G141000.1.D	3234	3128.5	119.172	1.51085
Gorai.003G141100.1.A	1525	1419.5	34.1667	0.954664
Gorai.003G141100.1.D	1525	1419.5	6.83333	0.190933
Gorai.003G141200.1.A	872	766.505	142.535	7.37549
Gorai.003G141200.1.D	872	766.505	93.4653	4.83638
Gorai.003G141300.1.A	2146	2040.5	3758.94	73.0655
Gorai.003G141300.1.D	2146	2040.5	4052.06	78.7632
Gorai.003G141400.1.A	1171	1065.5	168.235	6.26246
Gorai.003G141400.1.D	1171	1065.5	399.765	14.8811
Gorai.003G141500.1.A	594	488.551	2	0.16237
Gorai.003G141500.1.D	594	488.551	1	0.0811848
Gorai.003G141600.1.A	1481	1375.5	61.9362	1.78594
Gorai.003G141600.1.D	1481	1375.5	9.06383	0.261357
Gorai.003G141700.1.A	774	668.505	1631.29	96.786
Gorai.003G141700.1.D	774	668.505	1449.4	85.994
Gorai.003G141800.1.A	1239	1133.5	187.337	6.55518
Gorai.003G141800.1.D	1239	1133.5	143.663	5.02698
Gorai.003G141900.1.A	2382	2276.5	328.963	5.73143
Gorai.003G141900.1.D	2382	2276.5	172.037	2.99736
Gorai.003G142000.1.A	1959	1853.5	1240.19	26.5388
Gorai.003G142000.1.D	1959	1853.5	647.753	13.8612
Gorai.003G142100.1.A	2334	2228.5	28.5043	0.507319
Gorai.003G142100.1.D	2334	2228.5	84.5494	1.50481
Gorai.003G142200.1.A	3256	3150.5	43.4286	0.546739
Gorai.003G142200.1.D	3256	3150.5	70.5714	0.888451
Gorai.003G142300.1.A	552	446.551	0	0
Gorai.003G142300.1.D	552	446.551	1	0.0888206
Gorai.003G142400.1.A	3014	2908.5	534.358	7.28698
Gorai.003G142400.1.D	3014	2908.5	421.642	5.74988
Gorai.003G142500.1.A	2496	2390.5	2666.85	44.248
Gorai.003G142500.1.D	2496	2390.5	880.149	14.6033
Gorai.003G142600.1.A	1632	1526.5	940.063	24.4255
Gorai.003G142600.1.D	1632	1526.5	938.937	24.3963
Gorai.003G142700.1.A	2804	2698.5	519.103	7.62984
Gorai.003G142700.1.D	2804	2698.5	656.897	9.65515
Gorai.003G142800.1.A	2777	2671.5	102.129	1.51628
Gorai.003G142800.1.D	2777	2671.5	149.141	2.21425
Gorai.003G142900.1.A	1796	1690.5	911.299	21.3811
Gorai.003G142900.1.D	1796	1690.5	1503.7	35.2801
Gorai.003G143000.1.A	2257	2151.5	223	4.111
Gorai.003G143000.1.D	2257	2151.5	0	0
Gorai.003G143100.1.A	3152	3046.5	7	0.0911341
Gorai.003G143100.1.D	3152	3046.5	5	0.0650958
Gorai.003G143200.1.A	1206	1100.5	0	0
Gorai.003G143200.1.D	1206	1100.5	13	0.468529
Gorai.003G143300.1.A	2626	2520.5	10.0952	0.15886
Gorai.003G143300.1.D	2626	2520.5	42.9048	0.675154
Gorai.003G143400.1.A	3166	3060.5	4139.18	53.6422
Gorai.003G143400.1.D	3166	3060.5	1968.82	25.5151
Gorai.003G143500.1.A	583	477.551	0	0
Gorai.003G143500.1.D	583	477.551	0	0
Gorai.003G143600.1.A	2618	2512.5	1	0.0157862
Gorai.003G143600.1.D	2618	2512.5	12	0.189435
Gorai.003G143700.1.A	1897	1791.5	33.075	0.732263
Gorai.003G143700.1.D	1897	1791.5	64.925	1.4374
Gorai.003G143800.1.A	2706	2600.5	152.699	2.32897
Gorai.003G143800.1.D	2706	2600.5	204.301	3.116
Gorai.003G143900.1.A	2910	2804.5	1921.74	27.1784
Gorai.003G143900.1.D	2910	2804.5	479.26	6.77798
Gorai.003G144000.1.A	1062	956.505	48.1154	1.99518
Gorai.003G144000.1.D	1062	956.505	90.8846	3.76867
Gorai.003G144100.1.A	1773	1667.5	0	0
Gorai.003G144100.1.D	1773	1667.5	0	0
Gorai.003G144200.1.A	1611	1505.5	0	0
Gorai.003G144200.1.D	1611	1505.5	0	0
Gorai.003G144300.1.A	1914	1808.5	1	0.0219313
Gorai.003G144300.1.D	1914	1808.5	1	0.0219313
Gorai.003G144400.1.A	2986	2880.5	273.009	3.75919
Gorai.003G144400.1.D	2986	2880.5	289.991	3.99301
Gorai.003G144500.1.A	1870	1764.5	2.36364	0.0531304
Gorai.003G144500.1.D	1870	1764.5	36.6364	0.823521
Gorai.003G144600.1.A	2217	2111.5	38.9583	0.731801
Gorai.003G144600.1.D	2217	2111.5	522.042	9.80614
Gorai.003G144700.1.A	916	810.505	84.9573	4.15748
Gorai.003G144700.1.D	916	810.505	270.043	13.2148
Gorai.003G144800.1.A	1442	1336.5	119.949	3.55969
Gorai.003G144800.1.D	1442	1336.5	292.051	8.66708
Gorai.003G144900.1.A	1846	1740.5	576.385	13.1348
Gorai.003G144900.1.D	1846	1740.5	454.527	10.3579
Gorai.003G145000.1.A	1150	1044.5	19	0.721486
Gorai.003G145000.1.D	1150	1044.5	0	0
Gorai.003G145100.1.A	1043	937.505	11.8462	0.501174
Gorai.003G145100.1.D	1043	937.505	0	0
Gorai.003G145200.1.A	1043	937.505	0	0
Gorai.003G145200.1.D	1043	937.505	2.15385	0.0911226
Gorai.003G145300.1.A	549	443.551	15	1.34132
Gorai.003G145300.1.D	549	443.551	0	0
Gorai.003G145400.1.A	1812	1706.5	66.6207	1.54841
Gorai.003G145400.1.D	1812	1706.5	117.379	2.72815
Gorai.003G145500.1.A	1230	1124.5	368.113	12.9839
Gorai.003G145500.1.D	1230	1124.5	505.887	17.8434
Gorai.003G145600.1.A	739	633.505	1540.23	96.4317
Gorai.003G145600.1.D	739	633.505	1875.77	117.44
Gorai.003G145700.1.A	1254	1148.5	0	0
Gorai.003G145700.1.D	1254	1148.5	0	0
Gorai.003G145800.1.A	1944	1838.5	29.1176	0.628169
Gorai.003G145800.1.D	1944	1838.5	25.8824	0.558372
Gorai.003G145900.1.A	1780	1674.5	19.2	0.454778
Gorai.003G145900.1.D	1780	1674.5	10.8	0.255813
Gorai.003G146000.1.A	2944	2838.5	181.976	2.54278
Gorai.003G146000.1.D	2944	2838.5	177.024	2.47359
Gorai.003G146100.1.A	2488	2382.5	128.402	2.13759
Gorai.003G146100.1.D	2488	2382.5	88.5976	1.47494
Gorai.003G146200.1.A	1377	1271.5	22.9778	0.716762
Gorai.003G146200.1.D	1377	1271.5	24.0222	0.749342
Gorai.003G146300.1.A	1560	1454.5	0	0
Gorai.003G146300.1.D	1560	1454.5	89	2.42694
Gorai.003G146400.1.A	1737	1631.5	2	0.0486213
Gorai.003G146400.1.D	1737	1631.5	2	0.0486213
Gorai.003G146500.1.A	1665	1559.5	0	0
Gorai.003G146500.1.D	1665	1559.5	0	0
Gorai.003G146600.1.A	1275	1169.5	0	0
Gorai.003G146600.1.D	1275	1169.5	0	0
Gorai.003G146700.1.A	1966	1860.5	55.1948	1.17666
Gorai.003G146700.1.D	1966	1860.5	114.805	2.44746
Gorai.003G146800.1.A	1707	1601.5	351.229	8.69855
Gorai.003G146800.1.D	1707	1601.5	286.771	7.10219
Gorai.003G146900.1.A	2815	2709.5	275.211	4.02865
Gorai.003G146900.1.D	2815	2709.5	471.789	6.90627
Gorai.003G147000.1.A	1440	1334.5	508.082	15.1008
Gorai.003G147000.1.D	1440	1334.5	711.918	21.159
Gorai.003G147100.1.A	576	470.551	1246.21	105.044
Gorai.003G147100.1.D	576	470.551	86.7896	7.31553
Gorai.003G147200.1.A	1523	1417.5	4.30435	0.120439
Gorai.003G147200.1.D	1523	1417.5	28.6957	0.802928
Gorai.003G147300.1.A	1666	1560.5	0	0
Gorai.003G147300.1.D	1666	1560.5	0	0
Gorai.003G147400.1.A	663	557.505	0	0
Gorai.003G147400.1.D	663	557.505	0	0
Gorai.003G147500.1.A	1422	1316.5	52.2262	1.57344
Gorai.003G147500.1.D	1422	1316.5	54.7738	1.6502
Gorai.003G147600.1.A	1013	907.505	17.693	0.773283
Gorai.003G147600.1.D	1013	907.505	9.41691	0.411571
Gorai.003G147700.1.A	1538	1432.5	64.8323	1.79507
Gorai.003G147700.1.D	1538	1432.5	146.721	4.06238
Gorai.003G147800.1.A	567	461.551	0	0
Gorai.003G147800.1.D	567	461.551	0	0
Gorai.003G147900.1.A	3623	3517.5	196.444	2.21508
Gorai.003G147900.1.D	3623	3517.5	870.556	9.81628
Gorai.003G148000.1.A	1783	1677.5	271.651	6.42291
Gorai.003G148000.1.D	1783	1677.5	126.349	2.9874
Gorai.003G148100.1.A	1466	1360.5	210.109	6.12533
Gorai.003G148100.1.D	1466	1360.5	217.891	6.3522
Gorai.003G148200.1.A	3992	3886.5	2594.22	26.4748
Gorai.003G148200.1.D	3992	3886.5	2715.78	27.7154
Gorai.003G148300.1.A	1950	1844.5	0.5	0.0107517
Gorai.003G148300.1.D	1950	1844.5	0.5	0.0107517
Gorai.003G148400.1.A	2667	2561.5	0	0
Gorai.003G148400.1.D	2667	2561.5	0	0
Gorai.003G148500.1.A	231	126.463	0	0
Gorai.003G148500.1.D	231	126.463	0	0
Gorai.003G148600.1.A	3920	3814.5	2545.56	26.4686
Gorai.003G148600.1.D	3920	3814.5	2701.44	28.0894
Gorai.003G148700.1.A	3232	3126.5	190.984	2.42283
Gorai.003G148700.1.D	3232	3126.5	178.016	2.25832
Gorai.003G148800.1.A	1573	1467.5	209.514	5.66262
Gorai.003G148800.1.D	1573	1467.5	113.486	3.06725
Gorai.003G148900.1.A	2725	2619.5	12	0.181697
Gorai.003G148900.1.D	2725	2619.5	1	0.0151414
Gorai.003G149000.1.A	1119	1013.5	1925.29	75.3452
Gorai.003G149000.1.D	1119	1013.5	2300.71	90.0369
Gorai.003G149100.1.A	2838	2732.5	264.535	3.83979
Gorai.003G149100.1.D	2838	2732.5	101.398	1.47182
Gorai.003G149200.1.A	1535	1429.5	0	0
Gorai.003G149200.1.D	1535	1429.5	1	0.0277459
Gorai.003G149300.1.A	1494	1388.5	50.4848	1.44211
Gorai.003G149300.1.D	1494	1388.5	17.5152	0.500324
Gorai.003G149400.1.A	2827	2721.5	343.672	5.00864
Gorai.003G149400.1.D	2827	2721.5	488.395	7.11782
Gorai.003G149500.1.A	727	621.505	0	0
Gorai.003G149500.1.D	727	621.505	3	0.191453
Gorai.003G149600.1.A	870	764.505	0	0
Gorai.003G149600.1.D	870	764.505	3	0.155642
Gorai.003G149700.1.A	1644	1538.5	8.42857	0.21729
Gorai.003G149700.1.D	1644	1538.5	50.5714	1.30374
Gorai.003G149800.1.A	981	875.505	219.527	9.94522
Gorai.003G149800.1.D	981	875.505	255.473	11.5737
Gorai.003G149900.1.A	204	100.177	110	43.5522
Gorai.003G149900.1.D	204	100.177	149	58.9934
Gorai.003G150000.1.A	1101	995.505	1170.85	46.6489
Gorai.003G150000.1.D	1101	995.505	1528.15	60.8847
Gorai.003G150100.1.A	915	809.505	421.887	20.671
Gorai.003G150100.1.D	915	809.505	223.113	10.9318
Gorai.003G150200.1.A	2029	1923.5	0	0
Gorai.003G150200.1.D	2029	1923.5	0	0
Gorai.003G150300.1.A	2309	2203.5	1972.79	35.5102
Gorai.003G150300.1.D	2309	2203.5	1251.21	22.5216
Gorai.003G150400.1.A	2569	2463.5	1313.73	21.1513
Gorai.003G150400.1.D	2569	2463.5	832.271	13.3997
Gorai.003G150500.1.A	535	429.551	111.585	10.3033
Gorai.003G150500.1.D	535	429.551	0	0
Gorai.003G150600.1.A	597	491.551	13	1.04896
Gorai.003G150600.1.D	597	491.551	0	0
Gorai.003G150700.1.A	2461	2355.5	162.89	2.7428
Gorai.003G150700.1.D	2461	2355.5	152.11	2.56129
Gorai.003G150800.1.A	3087	2981.5	76.7528	1.02104
Gorai.003G150800.1.D	3087	2981.5	121.247	1.61295
Gorai.003G150900.1.A	1363	1257.5	578.697	18.2527
Gorai.003G150900.1.D	1363	1257.5	469.303	14.8023
Gorai.003G151000.1.A	6618	6512.5	338.732	2.06297
Gorai.003G151000.1.D	6618	6512.5	406.268	2.47428
Gorai.003G151100.1.A	1598	1492.5	177.404	4.71445
Gorai.003G151100.1.D	1598	1492.5	206.596	5.49025
Gorai.003G151200.1.A	1788	1682.5	0	0
Gorai.003G151200.1.D	1788	1682.5	1	0.0235737
Gorai.003G151300.1.A	1686	1580.5	190.579	4.7826
Gorai.003G151300.1.D	1686	1580.5	120.421	3.02198
Gorai.003G151400.1.A	2341	2235.5	21.2121	0.376351
Gorai.003G151400.1.D	2341	2235.5	13.7879	0.244628
Gorai.003G151500.1.A	3479	3373.5	1699.07	19.9763
Gorai.003G151500.1.D	3479	3373.5	429.929	5.05476
Gorai.003G151600.1.A	1034	928.505	242.121	10.3427
Gorai.003G151600.1.D	1034	928.505	227.879	9.7343
Gorai.003G151700.1.A	1411	1305.5	4766.1	144.8
Gorai.003G151700.1.D	1411	1305.5	4484.9	136.257
Gorai.003G151800.1.A	1692	1586.5	1	0.0250002
Gorai.003G151800.1.D	1692	1586.5	0	0
Gorai.003G151900.1.A	582	476.551	0	0
Gorai.003G151900.1.D	582	476.551	0	0
Gorai.003G152000.1.A	2246	2140.5	527.444	9.77338
Gorai.003G152000.1.D	2246	2140.5	849.556	15.742
Gorai.003G152100.1.A	1947	1841.5	1002.87	21.6001
Gorai.003G152100.1.D	1947	1841.5	519.132	11.1812
Gorai.003G152200.1.A	2134	2028.5	88.2692	1.72591
Gorai.003G152200.1.D	2134	2028.5	19.7308	0.385792
Gorai.003G152300.1.A	2213	2107.5	10262.7	193.143
Gorai.003G152300.1.D	2213	2107.5	5935.27	111.701
Gorai.003G152400.1.A	1077	971.505	6	0.244958
Gorai.003G152400.1.D	1077	971.505	3	0.122479
Gorai.003G152500.1.A	3596	3490.5	503.893	5.72578
Gorai.003G152500.1.D	3596	3490.5	279.053	3.17091
Gorai.003G152600.1.A	1472	1366.5	213.549	6.19829
Gorai.003G152600.1.D	1472	1366.5	14.4507	0.419433
Gorai.003G152700.1.A	3129	3023.5	98.069	1.28649
Gorai.003G152700.1.D	3129	3023.5	81.931	1.07479
Gorai.003G152800.1.A	518	412.551	9	0.865266
Gorai.003G152800.1.D	518	412.551	0	0
Gorai.003G152900.1.A	621	515.505	6	0.46164
Gorai.003G152900.1.D	621	515.505	0	0
Gorai.003G153000.1.A	3079	2973.5	395.659	5.27761
Gorai.003G153000.1.D	3079	2973.5	377.341	5.03327
Gorai.003G153100.1.A	3156	3050.5	202.71	2.63565
Gorai.003G153100.1.D	3156	3050.5	240.29	3.12428
Gorai.003G153200.1.A	697	591.505	158.029	10.5965
Gorai.003G153200.1.D	697	591.505	154.971	10.3915
Gorai.003G153300.1.A	1049	943.505	95.5485	4.01666
Gorai.003G153300.1.D	1049	943.505	5.82613	0.244918
Gorai.003G153400.1.A	1537	1431.5	95.5294	2.64685
Gorai.003G153400.1.D	1537	1431.5	107.471	2.97771
Gorai.003G153500.1.A	1706	1600.5	44.814	1.11056
Gorai.003G153500.1.D	1706	1600.5	96.186	2.38364
Gorai.003G153600.1.A	309	203.687	35.5	6.91273
Gorai.003G153600.1.D	309	203.687	35.5	6.91273
Gorai.003G153700.1.A	1109	1003.5	24	0.948586
Gorai.003G153700.1.D	1109	1003.5	21	0.830013
Gorai.003G153800.1.A	7670	7564.5	448.101	2.34953
Gorai.003G153800.1.D	7670	7564.5	436.899	2.29079
Gorai.003G153900.1.A	1028	922.505	314.019	13.5012
Gorai.003G153900.1.D	1028	922.505	544.981	23.4314
Gorai.003G154000.1.A	1783	1677.5	63.6	1.50376
Gorai.003G154000.1.D	1783	1677.5	95.4	2.25564
Gorai.003G154100.1.A	2607	2501.5	17.4167	0.276152
Gorai.003G154100.1.D	2607	2501.5	1.58333	0.0251048
Gorai.003G154200.1.A	2430	2324.5	4843.78	82.6492
Gorai.003G154200.1.D	2430	2324.5	3078.22	52.5236
Gorai.003G154300.1.A	1645	1539.5	667.275	17.1913
Gorai.003G154300.1.D	1645	1539.5	702.725	18.1046
Gorai.003G154400.1.A	2073	1967.5	142.164	2.86589
Gorai.003G154400.1.D	2073	1967.5	157.836	3.18181
Gorai.003G154500.1.A	681	575.505	1.5	0.103378
Gorai.003G154500.1.D	681	575.505	1.5	0.103378
Gorai.003G154600.1.A	1301	1195.5	2006	66.5525
Gorai.003G154600.1.D	1301	1195.5	1213	40.2434
Gorai.003G154700.1.A	1384	1278.5	5045.38	156.522
Gorai.003G154700.1.D	1384	1278.5	3677.62	114.091
Gorai.003G154800.1.A	204	100.177	0	0
Gorai.003G154800.1.D	204	100.177	0	0
Gorai.003G154900.1.A	1595	1489.5	202.971	5.40477
Gorai.003G154900.1.D	1595	1489.5	6.02885	0.160538
Gorai.003G155000.1.A	1515	1409.5	147.748	4.15758
Gorai.003G155000.1.D	1515	1409.5	90.2295	2.53902
Gorai.003G155100.1.A	2727	2621.5	245.75	3.71815
Gorai.003G155100.1.D	2727	2621.5	431.988	6.5359
Gorai.003G155200.1.A	619	513.505	0	0
Gorai.003G155200.1.D	619	513.505	0	0
Gorai.003G155300.1.A	1918	1812.5	122.429	2.67911
Gorai.003G155300.1.D	1918	1812.5	157.571	3.44811
Gorai.003G155400.1.A	1460	1354.5	4058.21	118.834
Gorai.003G155400.1.D	1460	1354.5	1953.79	57.2112
Gorai.003G155500.1.A	838	732.505	4670.43	252.89
Gorai.003G155500.1.D	838	732.505	10110.6	547.457
Gorai.003G155600.1.A	2706	2600.5	132.973	2.0281
Gorai.003G155600.1.D	2706	2600.5	204.027	3.11182
Gorai.003G155700.1.A	1665	1559.5	407.391	10.3612
Gorai.003G155700.1.D	1665	1559.5	105.463	2.68224
Gorai.003G155800.1.A	1584	1478.5	30.4549	0.816996
Gorai.003G155800.1.D	1584	1478.5	48.6912	1.30621
Gorai.003G155900.1.A	2608	2502.5	452.481	7.1715
Gorai.003G155900.1.D	2608	2502.5	444.519	7.04532
Gorai.003G156000.1.A	2650	2544.5	367.812	5.73335
Gorai.003G156000.1.D	2650	2544.5	167.188	2.60607
Gorai.003G156100.1.A	2603	2497.5	91.9913	1.46092
Gorai.003G156100.1.D	2603	2497.5	158.009	2.50934
Gorai.003G156200.1.A	1622	1516.5	202.979	5.30874
Gorai.003G156200.1.D	1622	1516.5	228.021	5.96371
Gorai.003G156300.1.A	378	272.583	30	4.36523
Gorai.003G156300.1.D	378	272.583	94	13.6777
Gorai.003G156400.1.A	418	312.583	78.0037	9.8977
Gorai.003G156400.1.D	418	312.583	21.8677	2.77474
Gorai.003G156500.1.A	417	311.583	6	0.763769
Gorai.003G156500.1.D	417	311.583	0	0
Gorai.003G156600.1.A	288	182.738	27.4176	5.95094
Gorai.003G156600.1.D	288	182.738	87.711	19.0375
Gorai.003G156700.1.A	408	302.583	0	0
Gorai.003G156700.1.D	408	302.583	0	0
Gorai.003G156800.1.A	762	656.505	0	0
Gorai.003G156800.1.D	762	656.505	0	0
Gorai.003G156900.1.A	2927	2821.5	73.4791	1.03292
Gorai.003G156900.1.D	2927	2821.5	1781.52	25.0435
Gorai.003G157000.1.A	3336	3230.5	3030.24	37.2042
Gorai.003G157000.1.D	3336	3230.5	3450.76	42.3671
Gorai.003G157100.1.A	1702	1596.5	125.125	3.10855
Gorai.003G157100.1.D	1702	1596.5	155.875	3.87251
Gorai.003G157200.1.A	1601	1495.5	195.428	5.18302
Gorai.003G157200.1.D	1601	1495.5	126.572	3.35688
Gorai.003G157300.1.A	1052	946.505	720.913	30.2096
Gorai.003G157300.1.D	1052	946.505	720.306	30.1842
Gorai.003G157400.1.A	3279	3173.5	1625.44	20.315
Gorai.003G157400.1.D	3279	3173.5	2907.56	36.3391
Gorai.003G157500.1.A	2460	2354.5	228.854	3.85518
Gorai.003G157500.1.D	2460	2354.5	201.146	3.38841
Gorai.003G157600.1.A	2334	2228.5	304.049	5.41147
Gorai.003G157600.1.D	2334	2228.5	334.322	5.95027
Gorai.003G157700.1.A	1757	1651.5	457.744	10.9933
Gorai.003G157700.1.D	1757	1651.5	418.885	10.06
Gorai.003G157800.1.A	1687	1581.5	25	0.626981
Gorai.003G157800.1.D	1687	1581.5	5	0.125396
Gorai.003G157900.1.A	1072	966.505	37.5077	1.53922
Gorai.003G157900.1.D	1072	966.505	280.492	11.5107
Gorai.003G158000.1.A	1328	1222.5	0	0
Gorai.003G158000.1.D	1328	1222.5	9	0.291996
Gorai.003G158100.1.A	1440	1334.5	510.881	15.1839
Gorai.003G158100.1.D	1440	1334.5	360.622	10.7181
Gorai.003G158200.1.A	2084	1978.5	664.636	13.3239
Gorai.003G158200.1.D	2084	1978.5	1576.36	31.6013
Gorai.003G158300.1.A	2383	2277.5	150.505	2.62105
Gorai.003G158300.1.D	2383	2277.5	113.495	1.97653
Gorai.003G158400.1.A	2111	2005.5	193.765	3.83209
Gorai.003G158400.1.D	2111	2005.5	220.235	4.3556
Gorai.003G158500.1.A	825	719.505	117.469	6.47553
Gorai.003G158500.1.D	825	719.505	55.5309	3.06116
Gorai.003G158600.1.A	399	293.583	0	0
Gorai.003G158600.1.D	399	293.583	0	0
Gorai.003G158700.1.A	387	281.583	0	0
Gorai.003G158700.1.D	387	281.583	0	0
Gorai.003G158800.1.A	3968	3862.5	3179.7	32.6514
Gorai.003G158800.1.D	3968	3862.5	526.302	5.40445
Gorai.003G158900.1.A	2927	2821.5	36.3659	0.511208
Gorai.003G158900.1.D	2927	2821.5	176.634	2.48301
Gorai.003G159000.1.A	1413	1307.5	67.9504	2.06126
Gorai.003G159000.1.D	1413	1307.5	75.0496	2.27662
Gorai.003G159100.1.A	1857	1751.5	22648.5	512.876
Gorai.003G159100.1.D	1857	1751.5	42131.5	954.072
Gorai.003G159200.1.A	1627	1521.5	0	0
Gorai.003G159200.1.D	1627	1521.5	13	0.338887
Gorai.003G159300.1.A	1934	1828.5	2614.8	56.7188
Gorai.003G159300.1.D	1934	1828.5	2653.2	57.5519
Gorai.003G159400.1.A	1918	1812.5	2254.65	49.3383
Gorai.003G159400.1.D	1918	1812.5	4251.35	93.0321
Gorai.003G159500.1.A	780	674.505	0	0
Gorai.003G159500.1.D	780	674.505	1	0.0588031
Gorai.003G159600.1.A	2604	2498.5	598.908	9.50747
Gorai.003G159600.1.D	2604	2498.5	2522.45	40.043
Gorai.003G159700.1.A	384	278.583	0	0
Gorai.003G159700.1.D	384	278.583	0	0
Gorai.003G159800.1.A	333	227.63	0	0
Gorai.003G159800.1.D	333	227.63	0	0
Gorai.003G159900.1.A	2028	1922.5	0	0
Gorai.003G159900.1.D	2028	1922.5	0	0
Gorai.003G160000.1.A	3984	3878.5	132.168	1.35159
Gorai.003G160000.1.D	3984	3878.5	40.8323	0.417565
Gorai.003G160100.1.A	225	120.599	0	0
Gorai.003G160100.1.D	225	120.599	0	0
Gorai.003G160200.1.A	726	620.505	0	0
Gorai.003G160200.1.D	726	620.505	0	0
Gorai.003G160300.1.A	449	343.583	76.4222	8.82212
Gorai.003G160300.1.D	449	343.583	104.578	12.0724
Gorai.003G160400.1.A	942	836.505	77.0782	3.65467
Gorai.003G160400.1.D	942	836.505	111.922	5.30678
Gorai.003G160500.1.A	1832	1726.5	0	0
Gorai.003G160500.1.D	1832	1726.5	1	0.022973
Gorai.003G160600.1.A	1940	1834.5	80.8615	1.74827
Gorai.003G160600.1.D	1940	1834.5	63.1385	1.36509
Gorai.003G160700.1.A	573	467.551	4	0.339325
Gorai.003G160700.1.D	573	467.551	20	1.69662
Gorai.003G160800.1.A	604	498.551	0	0
Gorai.003G160800.1.D	604	498.551	1	0.0795564
Gorai.003G160900.1.A	4386	4280.5	118.022	1.09359
Gorai.003G160900.1.D	4386	4280.5	193.978	1.79739
Gorai.003G161000.1.A	1660	1554.5	393.208	10.0326
Gorai.003G161000.1.D	1660	1554.5	572.792	14.6147
Gorai.003G161100.1.A	1819	1713.5	646.176	14.9572
Gorai.003G161100.1.D	1819	1713.5	109.824	2.54213
Gorai.003G161200.1.A	1690	1584.5	448.602	11.2293
Gorai.003G161200.1.D	1690	1584.5	1050.8	26.3033
Gorai.003G161300.1.A	997	891.505	0	0
Gorai.003G161300.1.D	997	891.505	0	0
Gorai.003G161400.1.A	972	866.505	1	0.0457735
Gorai.003G161400.1.D	972	866.505	1	0.0457735
Gorai.003G161500.1.A	1037	931.505	0	0
Gorai.003G161500.1.D	1037	931.505	0	0
Gorai.003G161600.1.A	960	854.505	0	0
Gorai.003G161600.1.D	960	854.505	0	0
Gorai.003G161700.1.A	681	575.505	0	0
Gorai.003G161700.1.D	681	575.505	0	0
Gorai.003G161800.1.A	765	659.505	0	0
Gorai.003G161800.1.D	765	659.505	0	0
Gorai.003G161900.1.A	1071	965.505	0	0
Gorai.003G161900.1.D	1071	965.505	0	0
Gorai.003G162000.1.A	1919	1813.5	130.703	2.85858
Gorai.003G162000.1.D	1919	1813.5	62.2975	1.3625
Gorai.003G162100.1.A	2685	2579.5	3	0.0461286
Gorai.003G162100.1.D	2685	2579.5	0	0
Gorai.003G162200.1.A	1511	1405.5	0	0
Gorai.003G162200.1.D	1511	1405.5	0	0
Gorai.003G162300.1.A	1840	1734.5	0	0
Gorai.003G162300.1.D	1840	1734.5	0	0
Gorai.003G162400.1.A	2910	2804.5	14.88	0.210442
Gorai.003G162400.1.D	2910	2804.5	16.12	0.227978
Gorai.003G162500.1.A	1563	1457.5	0	0
Gorai.003G162500.1.D	1563	1457.5	0	0
Gorai.003G162600.1.A	952	846.505	0	0
Gorai.003G162600.1.D	952	846.505	0	0
Gorai.003G162700.1.A	948	842.505	0	0
Gorai.003G162700.1.D	948	842.505	0	0
Gorai.003G162800.1.A	2104	1998.5	139.646	2.77146
Gorai.003G162800.1.D	2104	1998.5	231.354	4.59152
Gorai.003G162900.1.A	2757	2651.5	431.58	6.45585
Gorai.003G162900.1.D	2757	2651.5	200.42	2.99802
Gorai.003G163000.1.A	1781	1675.5	1.24007	0.0293553
Gorai.003G163000.1.D	1781	1675.5	7.44045	0.176132
Gorai.003G163100.1.A	1119	1013.5	2	0.0782689
Gorai.003G163100.1.D	1119	1013.5	0	0
Gorai.003G163200.1.A	1783	1677.5	730.916	17.2818
Gorai.003G163200.1.D	1783	1677.5	800.084	18.9172
Gorai.003G163300.1.A	1398	1292.5	10946.1	335.901
Gorai.003G163300.1.D	1398	1292.5	11454.9	351.516
Gorai.003G163400.1.A	2683	2577.5	3.56784	0.0549023
Gorai.003G163400.1.D	2683	2577.5	21.407	0.329414
Gorai.003G163500.1.A	1079	973.505	1.68762	0.0687576
Gorai.003G163500.1.D	1079	973.505	0	0
Gorai.003G163600.1.A	293	187.705	5.58871	1.18092
Gorai.003G163600.1.D	293	187.705	5.58871	1.18092
Gorai.003G163700.1.A	2759	2653.5	23.6421	0.353387
Gorai.003G163700.1.D	2759	2653.5	21.383	0.319621
Gorai.003G163800.1.A	1891	1785.5	688.073	15.2847
Gorai.003G163800.1.D	1891	1785.5	495.927	11.0165
Gorai.003G163900.1.A	1543	1437.5	0	0
Gorai.003G163900.1.D	1543	1437.5	0	0
Gorai.003G164000.1.A	1290	1184.5	10	0.334848
Gorai.003G164000.1.D	1290	1184.5	8	0.267879
Gorai.003G164100.1.A	240	135.211	0	0
Gorai.003G164100.1.D	240	135.211	0	0
Gorai.003G164200.1.A	1404	1298.5	18.3055	0.559143
Gorai.003G164200.1.D	1404	1298.5	18.3055	0.559143
Gorai.003G164300.1.A	698	592.505	0	0
Gorai.003G164300.1.D	698	592.505	0	0
Gorai.003G164400.1.A	1416	1310.5	284.859	8.62137
Gorai.003G164400.1.D	1416	1310.5	264.53	8.0061
Gorai.003G164500.1.A	1350	1244.5	0	0
Gorai.003G164500.1.D	1350	1244.5	0	0
Gorai.003G164600.1.A	1176	1070.5	0	0
Gorai.003G164600.1.D	1176	1070.5	0	0
Gorai.003G164700.1.A	2477	2371.5	4	0.0668992
Gorai.003G164700.1.D	2477	2371.5	13	0.217422
Gorai.003G164800.1.A	1533	1427.5	186.959	5.19462
Gorai.003G164800.1.D	1533	1427.5	194.041	5.39139
Gorai.003G164900.1.A	786	680.505	0	0
Gorai.003G164900.1.D	786	680.505	0	0
Gorai.003G165000.1.A	1599	1493.5	0	0
Gorai.003G165000.1.D	1599	1493.5	0	0
Gorai.003G165100.1.A	1787	1681.5	0	0
Gorai.003G165100.1.D	1787	1681.5	0	0
Gorai.003G165200.1.A	213	108.896	0	0
Gorai.003G165200.1.D	213	108.896	0	0
Gorai.003G165300.1.A	960	854.505	0	0
Gorai.003G165300.1.D	960	854.505	0	0
Gorai.003G165400.1.A	1886	1780.5	0	0
Gorai.003G165400.1.D	1886	1780.5	0	0
Gorai.003G165500.1.A	2014	1908.5	125.291	2.60383
Gorai.003G165500.1.D	2014	1908.5	10.7087	0.22255
Gorai.003G165600.1.A	2435	2329.5	43.9394	0.748127
Gorai.003G165600.1.D	2435	2329.5	6.06061	0.10319
Gorai.003G165700.1.A	1200	1094.5	0	0
Gorai.003G165700.1.D	1200	1094.5	0	0
Gorai.003G165800.1.A	1977	1871.5	854.208	18.1033
Gorai.003G165800.1.D	1977	1871.5	863.186	18.2936
Gorai.003G165900.1.A	2486	2380.5	3	0.0499847
Gorai.003G165900.1.D	2486	2380.5	0	0
Gorai.003G166000.1.A	888	782.505	0	0
Gorai.003G166000.1.D	888	782.505	0	0
Gorai.003G166100.1.A	1687	1581.5	426.607	10.699
Gorai.003G166100.1.D	1687	1581.5	0	0
Gorai.003G166200.1.A	2049	1943.5	0	0
Gorai.003G166200.1.D	2049	1943.5	0	0
Gorai.003G166300.1.A	1507	1401.5	229.025	6.48148
Gorai.003G166300.1.D	1507	1401.5	104.855	2.96742
Gorai.003G166400.1.A	1716	1610.5	16.5257	0.40699
Gorai.003G166400.1.D	1716	1610.5	35.5939	0.876593
Gorai.003G166500.1.A	1300	1194.5	0	0
Gorai.003G166500.1.D	1300	1194.5	0	0
Gorai.003G166600.1.A	1461	1355.5	69.9182	2.04585
Gorai.003G166600.1.D	1461	1355.5	39.7811	1.16402
Gorai.003G166700.1.A	1670	1564.5	910.708	23.088
Gorai.003G166700.1.D	1670	1564.5	833.292	21.1254
Gorai.003G166800.1.A	2065	1959.5	2.15	0.0435188
Gorai.003G166800.1.D	2065	1959.5	40.85	0.826857
Gorai.003G166900.1.A	2819	2713.5	8.63333	0.126192
Gorai.003G166900.1.D	2819	2713.5	28.3667	0.414632
Gorai.003G167000.1.A	1381	1275.5	41.2571	1.28293
Gorai.003G167000.1.D	1381	1275.5	72.7429	2.262
Gorai.003G167100.1.A	1591	1485.5	72.2998	1.9304
Gorai.003G167100.1.D	1591	1485.5	372.7	9.95109
Gorai.003G167200.1.A	2070	1964.5	4368.34	88.1958
Gorai.003G167200.1.D	2070	1964.5	5676.66	114.611
Gorai.003G167300.1.A	2656	2550.5	317.478	4.9371
Gorai.003G167300.1.D	2656	2550.5	305.522	4.75118
Gorai.003G167400.1.A	2445	2339.5	4.49383	0.0761864
Gorai.003G167400.1.D	2445	2339.5	86.5062	1.46659
Gorai.003G167500.1.A	4920	4814.5	51.3447	0.422989
Gorai.003G167500.1.D	4920	4814.5	1.08271	0.00891961
Gorai.003G167600.1.A	5114	5008.5	73.0509	0.578498
Gorai.003G167600.1.D	5114	5008.5	57.1621	0.452674
Gorai.003G167700.1.A	1374	1268.5	0	0
Gorai.003G167700.1.D	1374	1268.5	0	0
Gorai.003G167800.1.A	985	879.505	917.144	41.3604
Gorai.003G167800.1.D	985	879.505	2914.86	131.451
Gorai.003G167900.1.A	699	593.505	1	0.0668284
Gorai.003G167900.1.D	699	593.505	0	0
Gorai.003G168000.1.A	948	842.505	456.522	21.4919
Gorai.003G168000.1.D	948	842.505	273.478	12.8746
Gorai.003G168100.1.A	1328	1222.5	7.66667	0.248737
Gorai.003G168100.1.D	1328	1222.5	15.3333	0.497475
Gorai.003G168200.1.A	625	519.505	0	0
Gorai.003G168200.1.D	625	519.505	0	0
Gorai.003G168300.1.A	930	824.505	3	0.144316
Gorai.003G168300.1.D	930	824.505	0	0
Gorai.003G168400.1.A	534	428.551	0	0
Gorai.003G168400.1.D	534	428.551	0	0
Gorai.003G168500.1.A	1240	1134.5	4	0.139842
Gorai.003G168500.1.D	1240	1134.5	0	0
Gorai.003G168600.1.A	862	756.505	21.1765	1.11027
Gorai.003G168600.1.D	862	756.505	2.82353	0.148035
Gorai.003G168700.1.A	1509	1403.5	5.03289	0.142229
Gorai.003G168700.1.D	1509	1403.5	147.967	4.18154
Gorai.003G168800.1.A	1466	1360.5	69.1789	2.01678
Gorai.003G168800.1.D	1466	1360.5	57.8211	1.68567
Gorai.003G168900.1.A	981	875.505	0	0
Gorai.003G168900.1.D	981	875.505	0	0
Gorai.003G169000.1.A	1440	1334.5	3.6	0.106996
Gorai.003G169000.1.D	1440	1334.5	2.4	0.0713306
Gorai.003G169100.1.A	1338	1232.5	0	0
Gorai.003G169100.1.D	1338	1232.5	0	0
Gorai.003G169200.1.A	1233	1127.5	559.672	19.6879
Gorai.003G169200.1.D	1233	1127.5	1680.33	59.11
Gorai.003G169300.1.A	1830	1724.5	250.246	5.75555
Gorai.003G169300.1.D	1830	1724.5	234.754	5.39926
Gorai.003G169400.1.A	930	824.505	5	0.240526
Gorai.003G169400.1.D	930	824.505	11	0.529157
Gorai.003G169500.1.A	1546	1440.5	232.107	6.39084
Gorai.003G169500.1.D	1546	1440.5	311.893	8.58769
Gorai.003G169600.1.A	783	677.505	13	0.761055
Gorai.003G169600.1.D	783	677.505	43	2.51734
Gorai.003G169700.1.A	2218	2112.5	0	0
Gorai.003G169700.1.D	2218	2112.5	3	0.0563259
Gorai.003G169800.1.A	1229	1123.5	49.1765	1.73607
Gorai.003G169800.1.D	1229	1123.5	7.82353	0.276193
Gorai.003G169900.1.A	416	310.583	0	0
Gorai.003G169900.1.D	416	310.583	0	0
Gorai.003G170000.1.A	1847	1741.5	569.826	12.9778
Gorai.003G170000.1.D	1847	1741.5	363.174	8.27133
Gorai.003G170100.1.A	1093	987.505	542.663	21.796
Gorai.003G170100.1.D	1093	987.505	357.337	14.3524
Gorai.003G170200.1.A	2856	2750.5	730.462	10.5334
Gorai.003G170200.1.D	2856	2750.5	604.476	8.71669
Gorai.003G170300.1.A	2173	2067.5	27.2963	0.523651
Gorai.003G170300.1.D	2173	2067.5	39.7037	0.761675
Gorai.003G170400.1.A	2014	1908.5	3	0.0623466
Gorai.003G170400.1.D	2014	1908.5	1	0.0207822
Gorai.003G170500.1.A	1053	947.505	0	0
Gorai.003G170500.1.D	1053	947.505	0	0
Gorai.003G170600.1.A	835	729.505	447.818	24.3477
Gorai.003G170600.1.D	835	729.505	373.182	20.2898
Gorai.003G170700.1.A	2863	2757.5	106.515	1.53208
Gorai.003G170700.1.D	2863	2757.5	78.4848	1.1289
Gorai.003G170800.1.A	322	216.63	3	0.549272
Gorai.003G170800.1.D	322	216.63	1	0.183091
Gorai.003G170900.1.A	1231	1125.5	124.464	4.38612
Gorai.003G170900.1.D	1231	1125.5	103.536	3.64863
Gorai.003G171000.1.A	1607	1501.5	706.116	18.6524
Gorai.003G171000.1.D	1607	1501.5	1514.88	40.0164
Gorai.003G171100.1.A	2455	2349.5	44.3359	0.748452
Gorai.003G171100.1.D	2455	2349.5	87.6641	1.47989
Gorai.003G171200.1.A	1898	1792.5	220.449	4.8779
Gorai.003G171200.1.D	1898	1792.5	204.551	4.52612
Gorai.003G171300.1.A	785	679.505	13	0.758815
Gorai.003G171300.1.D	785	679.505	157	9.16415
Gorai.003G171400.1.A	1434	1328.5	0	0
Gorai.003G171400.1.D	1434	1328.5	0	0
Gorai.003G171500.1.A	609	503.551	20.5714	1.62034
Gorai.003G171500.1.D	609	503.551	6.42857	0.506356
Gorai.003G171600.1.A	1797	1691.5	14.4667	0.339219
Gorai.003G171600.1.D	1797	1691.5	16.5333	0.387679
Gorai.003G171700.1.A	5004	4898.5	428.644	3.47071
Gorai.003G171700.1.D	5004	4898.5	504.356	4.08374
Gorai.003G171800.1.A	1156	1050.5	0	0
Gorai.003G171800.1.D	1156	1050.5	2	0.0755122
Gorai.003G171900.1.A	1664	1558.5	1569.38	39.9396
Gorai.003G171900.1.D	1664	1558.5	350.623	8.92314
Gorai.003G172000.1.A	441	335.583	1	0.118191
Gorai.003G172000.1.D	441	335.583	0	0
Gorai.003G172100.1.A	1321	1215.5	0	0
Gorai.003G172100.1.D	1321	1215.5	0	0
Gorai.003G172200.1.A	1543	1437.5	38.9252	1.07401
Gorai.003G172200.1.D	1543	1437.5	80.0748	2.20938
Gorai.003G172300.1.A	747	641.505	0	0
Gorai.003G172300.1.D	747	641.505	1	0.061828
Gorai.003G172400.1.A	4020	3914.5	0	0
Gorai.003G172400.1.D	4020	3914.5	0	0
Gorai.003G172500.1.A	471	365.551	0	0
Gorai.003G172500.1.D	471	365.551	0	0
Gorai.003G172600.1.A	2900	2794.5	0	0
Gorai.003G172600.1.D	2900	2794.5	0	0
Gorai.003G172700.1.A	3374	3268.5	0	0
Gorai.003G172700.1.D	3374	3268.5	1.81137	0.0219807
Gorai.003G172800.1.A	372	266.583	0	0
Gorai.003G172800.1.D	372	266.583	0	0
Gorai.003G172900.1.A	183	80.4906	0	0
Gorai.003G172900.1.D	183	80.4906	0	0
Gorai.003G173000.1.A	444	338.583	0	0
Gorai.003G173000.1.D	444	338.583	0	0
Gorai.003G173100.1.A	3327	3221.5	0	0
Gorai.003G173100.1.D	3327	3221.5	0	0
Gorai.003G173200.1.A	4033	3927.5	0	0
Gorai.003G173200.1.D	4033	3927.5	3.18863	0.0322013
Gorai.003G173300.1.A	1825	1719.5	2.62144	0.0604674
Gorai.003G173300.1.D	1825	1719.5	2.62144	0.0604674
Gorai.003G173400.1.A	3640	3534.5	0	0
Gorai.003G173400.1.D	3640	3534.5	0	0
Gorai.003G173500.1.A	495	389.551	0	0
Gorai.003G173500.1.D	495	389.551	0	0
Gorai.003G173600.1.A	789	683.505	0	0
Gorai.003G173600.1.D	789	683.505	0	0
Gorai.003G173700.1.A	648	542.505	0	0
Gorai.003G173700.1.D	648	542.505	0	0
Gorai.003G173800.1.A	3757	3651.5	0.5	0.00543104
Gorai.003G173800.1.D	3757	3651.5	0.5	0.00543104
Gorai.003G173900.1.A	2443	2337.5	0	0
Gorai.003G173900.1.D	2443	2337.5	10	0.169681
Gorai.003G174000.1.A	478	372.551	1	0.106463
Gorai.003G174000.1.D	478	372.551	0	0
Gorai.003G174100.1.A	1267	1161.5	0.609787	0.0208229
Gorai.003G174100.1.D	1267	1161.5	0.609787	0.0208229
Gorai.003G174200.1.A	870	764.505	0	0
Gorai.003G174200.1.D	870	764.505	0	0
Gorai.003G174300.1.A	519	413.551	0	0
Gorai.003G174300.1.D	519	413.551	0	0
Gorai.003G174400.1.A	3568	3462.5	0	0
Gorai.003G174400.1.D	3568	3462.5	0	0
Gorai.003G174500.1.A	3973	3867.5	0	0
Gorai.003G174500.1.D	3973	3867.5	0	0
Gorai.003G174600.1.A	1817	1711.5	8.76877	0.20321
Gorai.003G174600.1.D	1817	1711.5	8.76877	0.20321
Gorai.003G174700.1.A	1702	1596.5	27.8182	0.691104
Gorai.003G174700.1.D	1702	1596.5	6.18182	0.153579
Gorai.003G174800.1.A	1848	1742.5	38	0.864957
Gorai.003G174800.1.D	1848	1742.5	0	0
Gorai.003G174900.1.A	1819	1713.5	6	0.138884
Gorai.003G174900.1.D	1819	1713.5	0	0
Gorai.003G175000.1.A	1892	1786.5	110.677	2.45718
Gorai.003G175000.1.D	1892	1786.5	21.3231	0.473403
Gorai.003G175100.1.A	893	787.505	0	0
Gorai.003G175100.1.D	893	787.505	0	0
Gorai.003G175200.1.A	1666	1560.5	20	0.508335
Gorai.003G175200.1.D	1666	1560.5	65	1.65209
Gorai.003G175300.1.A	1262	1156.5	29.2979	1.00479
Gorai.003G175300.1.D	1262	1156.5	21.7021	0.744286
Gorai.003G175400.1.A	3487	3381.5	72.5897	0.851432
Gorai.003G175400.1.D	3487	3381.5	76.4103	0.896245
Gorai.003G175500.1.A	1146	1040.5	20.3017	0.77388
Gorai.003G175500.1.D	1146	1040.5	26.684	1.01717
Gorai.003G175600.1.A	683	577.505	10.5632	0.725481
Gorai.003G175600.1.D	683	577.505	19.451	1.33589
Gorai.003G175700.1.A	951	845.505	1	0.0469104
Gorai.003G175700.1.D	951	845.505	1	0.0469104
Gorai.003G175800.1.A	1472	1366.5	5	0.145126
Gorai.003G175800.1.D	1472	1366.5	0	0
Gorai.003G175900.1.A	1270	1164.5	22	0.749318
Gorai.003G175900.1.D	1270	1164.5	3	0.10218
Gorai.003G176000.1.A	1325	1219.5	260.776	8.48143
Gorai.003G176000.1.D	1325	1219.5	129.224	4.20285
Gorai.003G176100.1.A	1524	1418.5	0	0
Gorai.003G176100.1.D	1524	1418.5	0	0
Gorai.003G176200.1.A	1322	1216.5	84.7368	2.76276
Gorai.003G176200.1.D	1322	1216.5	30.2632	0.986701
Gorai.003G176300.1.A	1870	1764.5	176.468	3.96669
Gorai.003G176300.1.D	1870	1764.5	178.532	4.01308
Gorai.003G176400.1.A	1427	1321.5	0	0
Gorai.003G176400.1.D	1427	1321.5	0	0
Gorai.003G176500.1.A	767	661.505	0	0
Gorai.003G176500.1.D	767	661.505	0	0
Gorai.003G176600.1.A	680	574.505	24.8148	1.71318
Gorai.003G176600.1.D	680	574.505	42.1852	2.9124
Gorai.003G176700.1.A	1668	1562.5	0	0
Gorai.003G176700.1.D	1668	1562.5	4	0.101537
Gorai.003G176800.1.A	1452	1346.5	0	0
Gorai.003G176800.1.D	1452	1346.5	0	0
Gorai.003G176900.1.A	1669	1563.5	0	0
Gorai.003G176900.1.D	1669	1563.5	0	0
Gorai.003G177000.1.A	2287	2181.5	0	0
Gorai.003G177000.1.D	2287	2181.5	0	0
Gorai.003G177100.1.A	1148	1042.5	1	0.0380458
Gorai.003G177100.1.D	1148	1042.5	1	0.0380458
Gorai.003G177200.1.A	779	673.505	16	0.942246
Gorai.003G177200.1.D	779	673.505	9	0.530013
Gorai.003G177300.1.A	1168	1062.5	50.3571	1.87982
Gorai.003G177300.1.D	1168	1062.5	99.6429	3.71963
Gorai.003G177400.1.A	1297	1191.5	254.56	8.47383
Gorai.003G177400.1.D	1297	1191.5	174.44	5.80677
Gorai.003G177500.1.A	2772	2666.5	128.824	1.9162
Gorai.003G177500.1.D	2772	2666.5	92.1759	1.37107
Gorai.003G177600.1.A	820	714.505	435.654	24.1836
Gorai.003G177600.1.D	820	714.505	362.346	20.1143
Gorai.003G177700.1.A	1533	1427.5	0	0
Gorai.003G177700.1.D	1533	1427.5	0	0
Gorai.003G177800.1.A	2533	2427.5	1.32917	0.0217173
Gorai.003G177800.1.D	2533	2427.5	287.961	4.70499
Gorai.003G177900.1.A	2280	2174.5	2.71597	0.0495392
Gorai.003G177900.1.D	2280	2174.5	0	0
Gorai.003G178000.1.A	2452	2346.5	208.994	3.53262
Gorai.003G178000.1.D	2452	2346.5	0	0
Gorai.003G178100.1.A	1408	1302.5	0	0
Gorai.003G178100.1.D	1408	1302.5	0	0
Gorai.003G178200.1.A	834	728.505	0	0
Gorai.003G178200.1.D	834	728.505	0	0
Gorai.003G178300.1.A	1460	1354.5	0	0
Gorai.003G178300.1.D	1460	1354.5	0	0
Gorai.003G178400.1.A	996	890.505	0	0
Gorai.003G178400.1.D	996	890.505	4	0.178159
Gorai.003G178500.1.A	1311	1205.5	0	0
Gorai.003G178500.1.D	1311	1205.5	0	0
Gorai.003G178600.1.A	2466	2360.5	0	0
Gorai.003G178600.1.D	2466	2360.5	0	0
Gorai.003G178700.1.A	1500	1394.5	330.909	9.41182
Gorai.003G178700.1.D	1500	1394.5	111.091	3.15968
Gorai.003G178800.1.A	936	830.505	0	0
Gorai.003G178800.1.D	936	830.505	0	0
Gorai.003G178900.1.A	1593	1487.5	398.86	10.6352
Gorai.003G178900.1.D	1593	1487.5	509.14	13.5757
Gorai.003G179000.1.A	1584	1478.5	79.2233	2.12528
Gorai.003G179000.1.D	1584	1478.5	40.7767	1.09389
Gorai.003G179100.1.A	2234	2128.5	266.598	4.96783
Gorai.003G179100.1.D	2234	2128.5	247.402	4.61014
Gorai.003G179200.1.A	13423	13317.5	572.326	1.70453
Gorai.003G179200.1.D	13423	13317.5	537.674	1.60133
Gorai.003G179300.1.A	1085	979.505	644.376	26.0926
Gorai.003G179300.1.D	1085	979.505	1349.45	54.643
Gorai.003G179400.1.A	1484	1378.5	38.9474	1.12061
Gorai.003G179400.1.D	1484	1378.5	35.0526	1.00855
Gorai.003G179500.1.A	4820	4714.5	1605.95	13.5108
Gorai.003G179500.1.D	4820	4714.5	1384.71	11.6495
Gorai.003G179600.1.A	508	402.551	110	10.8382
Gorai.003G179600.1.D	508	402.551	0	0
Gorai.003G179700.1.A	813	707.505	14	0.784845
Gorai.003G179700.1.D	813	707.505	41	2.29847
Gorai.003G179800.1.A	2025	1919.5	992.619	20.5106
Gorai.003G179800.1.D	2025	1919.5	1066.38	22.0347
Gorai.003G179900.1.A	831	725.505	246.574	13.48
Gorai.003G179900.1.D	831	725.505	167.426	9.15311
Gorai.003G180000.1.A	1738	1632.5	112.617	2.73611
Gorai.003G180000.1.D	1738	1632.5	61.5918	1.49642
Gorai.003G180100.1.A	2008	1902.5	1	0.0208477
Gorai.003G180100.1.D	2008	1902.5	13	0.271021
Gorai.003G180200.1.A	1933	1827.5	0	0
Gorai.003G180200.1.D	1933	1827.5	0	0
Gorai.003G180300.1.A	240	135.211	0	0
Gorai.003G180300.1.D	240	135.211	0	0
Gorai.003G180400.1.A	892	786.505	1	0.0504294
Gorai.003G180400.1.D	892	786.505	0	0
Gorai.003G180500.1.A	1092	986.505	48.6262	1.95504
Gorai.003G180500.1.D	1092	986.505	72.3738	2.90983
Gorai.003G180600.1.A	1504	1398.5	6	0.170166
Gorai.003G180600.1.D	1504	1398.5	9	0.255249
Gorai.003G180700.1.A	2626	2520.5	299.027	4.70553
Gorai.003G180700.1.D	2626	2520.5	218.973	3.44578
Gorai.003G180800.1.A	912	806.505	0	0
Gorai.003G180800.1.D	912	806.505	0	0
Gorai.003G180900.1.A	1455	1349.5	0	0
Gorai.003G180900.1.D	1455	1349.5	0	0
Gorai.003G181000.1.A	2067	1961.5	979.073	19.7975
Gorai.003G181000.1.D	2067	1961.5	1265.93	25.5979
Gorai.003G181100.1.A	621	515.505	0	0
Gorai.003G181100.1.D	621	515.505	1	0.07694
Gorai.003G181200.1.A	804	698.505	0	0
Gorai.003G181200.1.D	804	698.505	0	0
Gorai.003G181300.1.A	956	850.505	0	0
Gorai.003G181300.1.D	956	850.505	0	0
Gorai.003G181400.1.A	1602	1496.5	1411.52	37.4105
Gorai.003G181400.1.D	1602	1496.5	1062.48	28.1597
Gorai.003G181500.1.A	1337	1231.5	7.34211	0.236466
Gorai.003G181500.1.D	1337	1231.5	85.6579	2.75877
Gorai.003G181600.1.A	1065	959.505	1.10938	0.0458581
Gorai.003G181600.1.D	1065	959.505	69.8906	2.88906
Gorai.003G181700.1.A	306	200.687	1.14767	0.22682
Gorai.003G181700.1.D	306	200.687	1.14767	0.22682
Gorai.003G181800.1.A	2048	1942.5	262.993	5.36991
Gorai.003G181800.1.D	2048	1942.5	188.007	3.83882
Gorai.003G181900.1.A	1182	1076.5	59.2609	2.18342
Gorai.003G181900.1.D	1182	1076.5	128.739	4.74329
Gorai.003G182000.1.A	360	254.63	0	0
Gorai.003G182000.1.D	360	254.63	0	0
Gorai.003G182100.1.A	2213	2107.5	222.479	4.18703
Gorai.003G182100.1.D	2213	2107.5	75.5205	1.42129
Gorai.003G182200.1.A	1932	1826.5	1734.45	37.6639
Gorai.003G182200.1.D	1932	1826.5	1544.55	33.5403
Gorai.003G182300.1.A	1958	1852.5	144.215	3.0877
Gorai.003G182300.1.D	1958	1852.5	487.785	10.4437
Gorai.003G182400.1.A	2244	2138.5	8	0.148376
Gorai.003G182400.1.D	2244	2138.5	3	0.0556411
Gorai.003G182500.1.A	369	263.583	367.993	55.3742
Gorai.003G182500.1.D	369	263.583	137.007	20.6162
Gorai.003G182600.1.A	717	611.505	547.074	35.4839
Gorai.003G182600.1.D	717	611.505	150.754	9.77807
Gorai.003G182700.1.A	186	83.2836	988.313	470.674
Gorai.003G182700.1.D	186	83.2836	0	0
Gorai.003G182800.1.A	1487	1381.5	22.9744	0.659595
Gorai.003G182800.1.D	1487	1381.5	106.198	3.04895
Gorai.003G182900.1.A	1050	944.505	14	0.587907
Gorai.003G182900.1.D	1050	944.505	11	0.461927
Gorai.003G183000.1.A	1426	1320.5	668.248	20.0716
Gorai.003G183000.1.D	1426	1320.5	131.752	3.95734
Gorai.003G183100.1.A	1068	962.505	1	0.0412081
Gorai.003G183100.1.D	1068	962.505	0	0
Gorai.003G183200.1.A	1201	1095.5	3	0.108616
Gorai.003G183200.1.D	1201	1095.5	6	0.217231
Gorai.003G183300.1.A	1299	1193.5	11.7097	0.38914
Gorai.003G183300.1.D	1299	1193.5	21.2903	0.707527
Gorai.003G183400.1.A	1820	1714.5	351.513	8.13182
Gorai.003G183400.1.D	1820	1714.5	290.487	6.72005
Gorai.003G183500.1.A	1404	1298.5	3	0.0916353
Gorai.003G183500.1.D	1404	1298.5	0	0
Gorai.003G183600.1.A	1137	1031.5	2.34568	0.090195
Gorai.003G183600.1.D	1137	1031.5	92.6543	3.5627
Gorai.003G183700.1.A	985	879.505	0	0
Gorai.003G183700.1.D	985	879.505	0	0
Gorai.003G183800.1.A	4140	4034.5	1228.69	12.0791
Gorai.003G183800.1.D	4140	4034.5	31.3121	0.307827
Gorai.003G183900.1.A	1796	1690.5	47.3894	1.11186
Gorai.003G183900.1.D	1796	1690.5	71.6106	1.68014
Gorai.003G184000.1.A	1451	1345.5	4	0.117912
Gorai.003G184000.1.D	1451	1345.5	2	0.0589562
Gorai.003G184100.1.A	953	847.505	811.751	37.9897
Gorai.003G184100.1.D	953	847.505	1794.38	83.9764
Gorai.003G184200.1.A	1417	1311.5	56.8889	1.72045
Gorai.003G184200.1.D	1417	1311.5	7.11111	0.215056
Gorai.003G184300.1.A	1262	1156.5	401.167	13.7582
Gorai.003G184300.1.D	1262	1156.5	278.833	9.56273
Gorai.003G184400.1.A	1263	1157.5	66	2.26155
Gorai.003G184400.1.D	1263	1157.5	33	1.13077
Gorai.003G184500.1.A	1003	897.505	16	0.707079
Gorai.003G184500.1.D	1003	897.505	1	0.0441925
Gorai.003G184600.1.A	419	313.583	0	0
Gorai.003G184600.1.D	419	313.583	0	0
Gorai.003G184700.1.A	717	611.505	24	1.55667
Gorai.003G184700.1.D	717	611.505	0	0
Gorai.003G184800.1.A	420	314.583	0	0
Gorai.003G184800.1.D	420	314.583	0	0
Gorai.003G184900.1.A	2774	2668.5	14.1409	0.210182
Gorai.003G184900.1.D	2774	2668.5	10.3203	0.153394
Gorai.003G185000.1.A	2887	2781.5	7.80225	0.111256
Gorai.003G185000.1.D	2887	2781.5	17.7365	0.252914
Gorai.003G185100.1.A	526	420.551	0	0
Gorai.003G185100.1.D	526	420.551	0	0
Gorai.003G185200.1.A	3599	3493.5	81.7239	0.927839
Gorai.003G185200.1.D	3599	3493.5	91.2761	1.03629
Gorai.003G185300.1.A	2358	2252.5	130.619	2.29999
Gorai.003G185300.1.D	2358	2252.5	127.381	2.24297
Gorai.003G185400.1.A	1316	1210.5	722.382	23.6693
Gorai.003G185400.1.D	1316	1210.5	497.618	16.3048
Gorai.003G185500.1.A	2293	2187.5	120.362	2.18236
Gorai.003G185500.1.D	2293	2187.5	30.6377	0.55551
Gorai.003G185600.1.A	1687	1581.5	115.832	2.90498
Gorai.003G185600.1.D	1687	1581.5	165.168	4.14229
Gorai.003G185700.1.A	1941	1835.5	112.7	2.4353
Gorai.003G185700.1.D	1941	1835.5	209.3	4.52271
Gorai.003G185800.1.A	2011	1905.5	741.138	15.4267
Gorai.003G185800.1.D	2011	1905.5	738.862	15.3793
Gorai.003G185900.1.A	2143	2037.5	23	0.447728
Gorai.003G185900.1.D	2143	2037.5	24	0.467194
Gorai.003G186000.1.A	1582	1476.5	112.245	3.01519
Gorai.003G186000.1.D	1582	1476.5	125.755	3.37813
Gorai.003G186100.1.A	1184	1078.5	104.53	3.84417
Gorai.003G186100.1.D	1184	1078.5	131.47	4.83493
Gorai.003G186200.1.A	2290	2184.5	689.465	12.5183
Gorai.003G186200.1.D	2290	2184.5	577.952	10.4936
Gorai.003G186300.1.A	2877	2771.5	9.29032	0.132954
Gorai.003G186300.1.D	2877	2771.5	22.7097	0.324998
Gorai.003G186400.1.A	2036	1930.5	406.966	8.36127
Gorai.003G186400.1.D	2036	1930.5	317.166	6.5163
Gorai.003G186500.1.A	1389	1283.5	3725.56	115.127
Gorai.003G186500.1.D	1389	1283.5	3762.44	116.267
Gorai.003G186600.1.A	1778	1672.5	4.12462	0.097814
Gorai.003G186600.1.D	1778	1672.5	3.71911	0.0881977
Gorai.003G186700.1.A	2774	2668.5	33.6573	0.500261
Gorai.003G186700.1.D	2774	2668.5	26.4989	0.393863
Gorai.003G186800.1.A	1938	1832.5	1	0.0216441
Gorai.003G186800.1.D	1938	1832.5	1	0.0216441
Gorai.003G186900.1.A	3050	2944.5	506.727	6.82569
Gorai.003G186900.1.D	3050	2944.5	562.317	7.57449
Gorai.003G187000.1.A	294	188.687	147.457	30.9962
Gorai.003G187000.1.D	294	188.687	249.543	52.4551
Gorai.003G187100.1.A	1278	1172.5	440.194	14.8907
Gorai.003G187100.1.D	1278	1172.5	2086.81	70.5915
Gorai.003G187200.1.A	1721	1615.5	134.766	3.30871
Gorai.003G187200.1.D	1721	1615.5	547.234	13.4354
Gorai.003G187300.1.A	1460	1354.5	18.8889	0.553109
Gorai.003G187300.1.D	1460	1354.5	1.11111	0.0325358
Gorai.003G187400.1.A	1393	1287.5	7.14286	0.220043
Gorai.003G187400.1.D	1393	1287.5	17.8571	0.550108
Gorai.003G187500.1.A	1308	1202.5	156.509	5.16224
Gorai.003G187500.1.D	1308	1202.5	3.60913	0.119042
Gorai.004G000100.1.A	2418	2312.5	0.362982	0.00622569
Gorai.004G000100.1.D	2418	2312.5	32.0188	0.54917
Gorai.004G000200.1.A	2179	2073.5	17.7646	0.33981
Gorai.004G000200.1.D	2179	2073.5	44.4116	0.849524
Gorai.004G000300.1.A	504	398.551	153.127	15.2389
Gorai.004G000300.1.D	504	398.551	90.3417	8.99061
Gorai.004G000400.1.A	809	703.505	25.7742	1.45313
Gorai.004G000400.1.D	809	703.505	12.6955	0.715758
Gorai.004G000500.1.A	393	287.583	13	1.79294
Gorai.004G000500.1.D	393	287.583	0	0
Gorai.004G000600.1.A	2839	2733.5	34.2451	0.496894
Gorai.004G000600.1.D	2839	2733.5	42.8454	0.621684
Gorai.004G000700.1.A	1340	1234.5	76.9058	2.47088
Gorai.004G000700.1.D	1340	1234.5	320.094	10.2842
Gorai.004G000800.1.A	1650	1544.5	156.552	4.02027
Gorai.004G000800.1.D	1650	1544.5	178.448	4.58254
Gorai.004G000900.1.A	1833	1727.5	1920.04	44.0836
Gorai.004G000900.1.D	1833	1727.5	2224.96	51.0843
Gorai.004G001000.1.A	1483	1377.5	75.8108	2.18285
Gorai.004G001000.1.D	1483	1377.5	26.1892	0.754074
Gorai.004G001100.1.A	2494	2388.5	0	0
Gorai.004G001100.1.D	2494	2388.5	1	0.0166058
Gorai.004G001200.1.A	2111	2005.5	0	0
Gorai.004G001200.1.D	2111	2005.5	1	0.019777
Gorai.004G001300.1.A	1493	1387.5	18	0.514545
Gorai.004G001300.1.D	1493	1387.5	22	0.628888
Gorai.004G001400.1.A	1484	1378.5	0	0
Gorai.004G001400.1.D	1484	1378.5	8	0.23018
Gorai.004G001500.1.A	1336	1230.5	110.576	3.5642
Gorai.004G001500.1.D	1336	1230.5	156.424	5.04203
Gorai.004G001600.1.A	1127	1021.5	181.544	7.049
Gorai.004G001600.1.D	1127	1021.5	201.456	7.82211
Gorai.004G001700.1.A	1332	1226.5	369.424	11.9465
Gorai.004G001700.1.D	1332	1226.5	888.576	28.7349
Gorai.004G001800.1.A	2754	2648.5	342.454	5.12845
Gorai.004G001800.1.D	2754	2648.5	240.279	3.59832
Gorai.004G001900.1.A	3513	3407.5	0	0
Gorai.004G001900.1.D	3513	3407.5	0	0
Gorai.004G002000.1.A	3880	3774.5	237.674	2.49751
Gorai.004G002000.1.D	3880	3774.5	244.186	2.56593
Gorai.004G002100.1.A	2442	2336.5	189.714	3.22046
Gorai.004G002100.1.D	2442	2336.5	154.286	2.61905
Gorai.004G002200.1.A	2012	1906.5	123.486	2.56901
Gorai.004G002200.1.D	2012	1906.5	25.5137	0.530787
Gorai.004G002300.1.A	1981	1875.5	14.8235	0.313486
Gorai.004G002300.1.D	1981	1875.5	3.17647	0.0671756
Gorai.004G002400.1.A	4703	4597.5	355.14	3.06382
Gorai.004G002400.1.D	4703	4597.5	297.86	2.56965
Gorai.004G002500.1.A	4053	3947.5	823.731	8.27652
Gorai.004G002500.1.D	4053	3947.5	888.269	8.92497
Gorai.004G002600.1.A	1188	1082.5	27	0.989279
Gorai.004G002600.1.D	1188	1082.5	27	0.989279
Gorai.004G002700.1.A	962	856.505	130.312	6.03446
Gorai.004G002700.1.D	962	856.505	42.6883	1.97681
Gorai.004G002800.1.A	219	114.772	0	0
Gorai.004G002800.1.D	219	114.772	0	0
Gorai.004G002900.1.A	909	803.505	0	0
Gorai.004G002900.1.D	909	803.505	0	0
Gorai.004G003000.1.A	746	640.505	63.4566	3.92952
Gorai.004G003000.1.D	746	640.505	82.2713	5.09461
Gorai.004G003100.1.A	1057	951.505	4.23529	0.176546
Gorai.004G003100.1.D	1057	951.505	31.7647	1.32409
Gorai.004G003200.1.A	3132	3026.5	267.021	3.49936
Gorai.004G003200.1.D	3132	3026.5	150.979	1.97861
Gorai.004G003300.1.A	2543	2437.5	389.553	6.33878
Gorai.004G003300.1.D	2543	2437.5	308.447	5.01904
Gorai.004G003400.1.A	1206	1100.5	1	0.0360407
Gorai.004G003400.1.D	1206	1100.5	0	0
Gorai.004G003500.1.A	1695	1589.5	69.619	1.73721
Gorai.004G003500.1.D	1695	1589.5	59.381	1.48173
Gorai.004G003600.1.A	1764	1658.5	57.2	1.36793
Gorai.004G003600.1.D	1764	1658.5	111.8	2.67368
Gorai.004G003700.1.A	743	637.505	1734.8	107.932
Gorai.004G003700.1.D	743	637.505	1308.2	81.3906
Gorai.004G003800.1.A	991	885.505	140.541	6.29501
Gorai.004G003800.1.D	991	885.505	375.459	16.8173
Gorai.004G003900.1.A	1243	1137.5	271.265	9.45858
Gorai.004G003900.1.D	1243	1137.5	682.735	23.8059
Gorai.004G004000.1.A	820	714.505	87.6327	4.86459
Gorai.004G004000.1.D	820	714.505	138.367	7.68092
Gorai.004G004100.1.A	866	760.505	34.3617	1.79208
Gorai.004G004100.1.D	866	760.505	60.6383	3.1625
Gorai.004G004200.1.A	466	360.551	0	0
Gorai.004G004200.1.D	466	360.551	0	0
Gorai.004G004300.1.A	1920	1814.5	422	9.22442
Gorai.004G004300.1.D	1920	1814.5	0	0
Gorai.004G004400.1.A	1791	1685.5	3.23077	0.0760258
Gorai.004G004400.1.D	1791	1685.5	66.7692	1.5712
Gorai.004G004500.1.A	505	399.551	3	0.297806
Gorai.004G004500.1.D	505	399.551	0	0
Gorai.004G004600.1.A	1797	1691.5	46.8932	1.09957
Gorai.004G004600.1.D	1797	1691.5	58.1068	1.36251
Gorai.004G004700.1.A	1147	1041.5	4.5	0.171371
Gorai.004G004700.1.D	1147	1041.5	4.5	0.171371
Gorai.004G004800.1.A	1663	1557.5	4	0.101863
Gorai.004G004800.1.D	1663	1557.5	7	0.17826
Gorai.004G004900.1.A	1703	1597.5	1246.44	30.9468
Gorai.004G004900.1.D	1703	1597.5	526.676	13.0763
Gorai.004G005000.1.A	814	708.505	174	9.74073
Gorai.004G005000.1.D	814	708.505	0	0
Gorai.004G005100.1.A	384	278.583	0	0
Gorai.004G005100.1.D	384	278.583	0	0
Gorai.004G005200.1.A	1728	1622.5	2	0.048891
Gorai.004G005200.1.D	1728	1622.5	0	0
Gorai.004G005300.1.A	1398	1292.5	56	1.71847
Gorai.004G005300.1.D	1398	1292.5	112	3.43693
Gorai.004G005400.1.A	4047	3941.5	784.283	7.89215
Gorai.004G005400.1.D	4047	3941.5	531.717	5.35061
Gorai.004G005500.1.A	1398	1292.5	62.2347	1.90979
Gorai.004G005500.1.D	1398	1292.5	44.7653	1.37371
Gorai.004G005600.1.A	501	395.551	136.45	13.6822
Gorai.004G005600.1.D	501	395.551	81.8223	8.20453
Gorai.004G005700.1.A	585	479.551	0	0
Gorai.004G005700.1.D	585	479.551	0	0
Gorai.004G005800.1.A	835	729.505	2	0.108739
Gorai.004G005800.1.D	835	729.505	4	0.217479
Gorai.004G005900.1.A	312	206.649	23	4.41447
Gorai.004G005900.1.D	312	206.649	15	2.879
Gorai.004G006000.1.A	565	459.551	0	0
Gorai.004G006000.1.D	565	459.551	0	0
Gorai.004G006100.1.A	539	433.551	62.9474	5.75867
Gorai.004G006100.1.D	539	433.551	29.0526	2.65785
Gorai.004G006200.1.A	1011	905.505	474.965	20.8044
Gorai.004G006200.1.D	1011	905.505	265.035	11.6091
Gorai.004G006300.1.A	1065	959.505	938.782	38.8063
Gorai.004G006300.1.D	1065	959.505	741.218	30.6396
Gorai.004G006400.1.A	390	284.583	14.3333	1.99767
Gorai.004G006400.1.D	390	284.583	28.6667	3.99533
Gorai.004G006500.1.A	727	621.505	6	0.382906
Gorai.004G006500.1.D	727	621.505	8	0.510541
Gorai.004G006600.1.A	1349	1243.5	9.88235	0.315208
Gorai.004G006600.1.D	1349	1243.5	14.1176	0.450298
Gorai.004G006700.1.A	1933	1827.5	0	0
Gorai.004G006700.1.D	1933	1827.5	0	0
Gorai.004G006800.1.A	2076	1970.5	0	0
Gorai.004G006800.1.D	2076	1970.5	0	0
Gorai.004G006900.1.A	1256	1150.5	86.6441	2.987
Gorai.004G006900.1.D	1256	1150.5	126.356	4.35604
Gorai.004G007000.1.A	1754	1648.5	17	0.409019
Gorai.004G007000.1.D	1754	1648.5	10	0.2406
Gorai.004G007100.1.A	1870	1764.5	0	0
Gorai.004G007100.1.D	1870	1764.5	0	0
Gorai.004G007200.1.A	2637	2531.5	23.9504	0.375249
Gorai.004G007200.1.D	2637	2531.5	102.05	1.59889
Gorai.004G007300.1.A	2001	1895.5	11	0.230172
Gorai.004G007300.1.D	2001	1895.5	0	0
Gorai.004G007400.1.A	2379	2273.5	0	0
Gorai.004G007400.1.D	2379	2273.5	0	0
Gorai.004G007500.1.A	2373	2267.5	0	0
Gorai.004G007500.1.D	2373	2267.5	0	0
Gorai.004G007600.1.A	2295	2189.5	0	0
Gorai.004G007600.1.D	2295	2189.5	0	0
Gorai.004G007700.1.A	2307	2201.5	1	0.0180163
Gorai.004G007700.1.D	2307	2201.5	0	0
Gorai.004G007800.1.A	2370	2264.5	0	0
Gorai.004G007800.1.D	2370	2264.5	0	0
Gorai.004G007900.1.A	3259	3153.5	100.926	1.26939
Gorai.004G007900.1.D	3259	3153.5	103.074	1.2964
Gorai.004G008000.1.A	4282	4176.5	278.104	2.64106
Gorai.004G008000.1.D	4282	4176.5	219.896	2.08828
Gorai.004G008100.1.A	2085	1979.5	50.4173	1.0102
Gorai.004G008100.1.D	2085	1979.5	95.5827	1.91517
Gorai.004G008200.1.A	1627	1521.5	351.41	9.16063
Gorai.004G008200.1.D	1627	1521.5	298.59	7.78372
Gorai.004G008300.1.A	1770	1664.5	14.04	0.334555
Gorai.004G008300.1.D	1770	1664.5	12.96	0.30882
Gorai.004G008400.1.A	635	529.505	0	0
Gorai.004G008400.1.D	635	529.505	0	0
Gorai.004G008500.1.A	1479	1373.5	0	0
Gorai.004G008500.1.D	1479	1373.5	0	0
Gorai.004G008600.1.A	872	766.505	1	0.0517452
Gorai.004G008600.1.D	872	766.505	0	0
Gorai.004G008700.1.A	664	558.505	38.2981	2.71979
Gorai.004G008700.1.D	664	558.505	849.63	60.3376
Gorai.004G008800.1.A	695	589.505	1246.19	83.8458
Gorai.004G008800.1.D	695	589.505	1149.88	77.3662
Gorai.004G008900.1.A	549	443.551	686.797	61.4143
Gorai.004G008900.1.D	549	443.551	860.801	76.9739
Gorai.004G009000.1.A	804	698.505	342.832	19.4669
Gorai.004G009000.1.D	804	698.505	1298.57	73.7363
Gorai.004G009100.1.A	1710	1604.5	5.20833	0.128749
Gorai.004G009100.1.D	1710	1604.5	44.7917	1.10724
Gorai.004G009200.1.A	2080	1974.5	3	0.0602626
Gorai.004G009200.1.D	2080	1974.5	1	0.0200875
Gorai.004G009300.1.A	3367	3261.5	108.944	1.32486
Gorai.004G009300.1.D	3367	3261.5	110.056	1.33838
Gorai.004G009400.1.A	1857	1751.5	349.576	7.91617
Gorai.004G009400.1.D	1857	1751.5	473.692	10.7268
Gorai.004G009500.1.A	1170	1064.5	0	0
Gorai.004G009500.1.D	1170	1064.5	6	0.223557
Gorai.004G009600.1.A	415	309.583	0	0
Gorai.004G009600.1.D	415	309.583	0	0
Gorai.004G009700.1.A	4211	4105.5	185.915	1.79611
Gorai.004G009700.1.D	4211	4105.5	214.085	2.06825
Gorai.004G009800.1.A	2075	1969.5	522.366	10.5197
Gorai.004G009800.1.D	2075	1969.5	581.634	11.7133
Gorai.004G009900.1.A	1400	1294.5	243.838	7.47106
Gorai.004G009900.1.D	1400	1294.5	371.162	11.3722
Gorai.004G010000.1.A	1697	1591.5	119.323	2.97373
Gorai.004G010000.1.D	1697	1591.5	183.677	4.57754
Gorai.004G010100.1.A	2747	2641.5	477.16	7.16469
Gorai.004G010100.1.D	2747	2641.5	700.761	10.5221
Gorai.004G010200.1.A	724	618.505	139	8.91367
Gorai.004G010200.1.D	724	618.505	299	19.174
Gorai.004G010300.1.A	982	876.505	43.3768	1.96286
Gorai.004G010300.1.D	982	876.505	29.6232	1.34049
Gorai.004G010400.1.A	1123	1017.5	76	2.96253
Gorai.004G010400.1.D	1123	1017.5	138	5.37932
Gorai.004G010500.1.A	947	841.505	493.261	23.2491
Gorai.004G010500.1.D	947	841.505	2942.74	138.701
Gorai.004G010600.1.A	1474	1368.5	580.47	16.8236
Gorai.004G010600.1.D	1474	1368.5	218.53	6.33358
Gorai.004G010700.1.A	873	767.505	0	0
Gorai.004G010700.1.D	873	767.505	0	0
Gorai.004G010800.1.A	861	755.505	0	0
Gorai.004G010800.1.D	861	755.505	0	0
Gorai.004G010900.1.A	730	624.505	0	0
Gorai.004G010900.1.D	730	624.505	0	0
Gorai.004G011000.1.A	1035	929.505	0	0
Gorai.004G011000.1.D	1035	929.505	0	0
Gorai.004G011100.1.A	806	700.505	0	0
Gorai.004G011100.1.D	806	700.505	1	0.0566205
Gorai.004G011200.1.A	1644	1538.5	312.686	8.0611
Gorai.004G011200.1.D	1644	1538.5	384.232	9.90557
Gorai.004G011300.1.A	1648	1542.5	131.848	3.39026
Gorai.004G011300.1.D	1648	1542.5	26.1517	0.672448
Gorai.004G011400.1.A	897	791.505	0	0
Gorai.004G011400.1.D	897	791.505	0	0
Gorai.004G011500.1.A	1332	1226.5	24	0.776117
Gorai.004G011500.1.D	1332	1226.5	94	3.03979
Gorai.004G011600.1.A	3938	3832.5	556.711	5.76145
Gorai.004G011600.1.D	3938	3832.5	588.289	6.08826
Gorai.004G011700.1.A	2418	2312.5	960.039	16.4661
Gorai.004G011700.1.D	2418	2312.5	1044.96	17.9227
Gorai.004G011800.1.A	1655	1549.5	355.568	9.10152
Gorai.004G011800.1.D	1655	1549.5	497.377	12.7315
Gorai.004G011900.1.A	989	883.505	1550.77	69.6182
Gorai.004G011900.1.D	989	883.505	2155.23	96.7542
Gorai.004G012000.1.A	955	849.505	4	0.186758
Gorai.004G012000.1.D	955	849.505	7	0.326826
Gorai.004G012100.1.A	806	700.505	2087.78	118.211
Gorai.004G012100.1.D	806	700.505	5127.22	290.306
Gorai.004G012200.1.A	2337	2231.5	358.674	6.3751
Gorai.004G012200.1.D	2337	2231.5	354.326	6.29782
Gorai.004G012300.1.A	375	269.583	16	2.35403
Gorai.004G012300.1.D	375	269.583	3	0.441381
Gorai.004G012400.1.A	1922	1816.5	18.3023	0.399627
Gorai.004G012400.1.D	1922	1816.5	0	0
Gorai.004G012500.1.A	2635	2529.5	28.6904	0.449869
Gorai.004G012500.1.D	2635	2529.5	67.0073	1.05068
Gorai.004G012600.1.A	2636	2530.5	901.411	14.1286
Gorai.004G012600.1.D	2636	2530.5	784.486	12.296
Gorai.004G012700.1.A	1332	1226.5	17.0159	0.550263
Gorai.004G012700.1.D	1332	1226.5	49.9841	1.6164
Gorai.004G012800.1.A	1372	1266.5	90	2.81852
Gorai.004G012800.1.D	1372	1266.5	2	0.0626337
Gorai.004G012900.1.A	2803	2697.5	43.68	0.642252
Gorai.004G012900.1.D	2803	2697.5	86.32	1.26921
Gorai.004G013000.1.A	867	761.505	0	0
Gorai.004G013000.1.D	867	761.505	0	0
Gorai.004G013100.1.A	989	883.505	10.3509	0.464679
Gorai.004G013100.1.D	989	883.505	48.6491	2.18399
Gorai.004G013200.1.A	2307	2201.5	1043.11	18.7929
Gorai.004G013200.1.D	2307	2201.5	899.893	16.2127
Gorai.004G013300.1.A	719	613.505	231.449	14.9631
Gorai.004G013300.1.D	719	613.505	146.551	9.47448
Gorai.004G013400.1.A	2079	1973.5	57.5667	1.15696
Gorai.004G013400.1.D	2079	1973.5	99.4333	1.99838
Gorai.004G013500.1.A	1174	1068.5	210.169	7.80147
Gorai.004G013500.1.D	1174	1068.5	412.831	15.3243
Gorai.004G013600.1.A	1140	1034.5	145.58	5.58154
Gorai.004G013600.1.D	1140	1034.5	105.42	4.04181
Gorai.004G013700.1.A	1928	1822.5	263.518	5.7349
Gorai.004G013700.1.D	1928	1822.5	497.482	10.8266
Gorai.004G013800.1.A	631	525.505	0	0
Gorai.004G013800.1.D	631	525.505	2	0.150952
Gorai.004G013900.1.A	798	692.505	23	1.31732
Gorai.004G013900.1.D	798	692.505	29	1.66096
Gorai.004G014000.1.A	2254	2148.5	346.52	6.39701
Gorai.004G014000.1.D	2254	2148.5	262.48	4.84557
Gorai.004G014100.1.A	1378	1272.5	126.293	3.93644
Gorai.004G014100.1.D	1378	1272.5	90.209	2.81174
Gorai.004G014200.1.A	1128	1022.5	23.2453	0.901684
Gorai.004G014200.1.D	1128	1022.5	32.7547	1.27056
Gorai.004G014300.1.A	1084	978.505	0	0
Gorai.004G014300.1.D	1084	978.505	0	0
Gorai.004G014400.1.A	1581	1475.5	122.538	3.29394
Gorai.004G014400.1.D	1581	1475.5	116.462	3.1306
Gorai.004G014500.1.A	2100	1994.5	9	0.178975
Gorai.004G014500.1.D	2100	1994.5	3	0.0596583
Gorai.004G014600.1.A	4260	4154.5	342.641	3.27118
Gorai.004G014600.1.D	4260	4154.5	321.359	3.06801
Gorai.004G014700.1.A	1742	1636.5	97	2.35093
Gorai.004G014700.1.D	1742	1636.5	50	1.21182
Gorai.004G014800.1.A	1715	1609.5	40.9231	1.00847
Gorai.004G014800.1.D	1715	1609.5	15.0769	0.37154
Gorai.004G014900.1.A	999	893.505	13	0.577074
Gorai.004G014900.1.D	999	893.505	3	0.133171
Gorai.004G015000.1.A	585	479.551	0	0
Gorai.004G015000.1.D	585	479.551	0	0
Gorai.004G015100.1.A	1653	1547.5	0	0
Gorai.004G015100.1.D	1653	1547.5	0	0
Gorai.004G015200.1.A	873	767.505	1	0.0516778
Gorai.004G015200.1.D	873	767.505	0	0
Gorai.004G015300.1.A	1269	1163.5	154.335	5.26115
Gorai.004G015300.1.D	1269	1163.5	93.6652	3.19297
Gorai.004G015400.1.A	694	588.505	0	0
Gorai.004G015400.1.D	694	588.505	0	0
Gorai.004G015500.1.A	831	725.505	0	0
Gorai.004G015500.1.D	831	725.505	0	0
Gorai.004G015600.1.A	2655	2549.5	119.903	1.86535
Gorai.004G015600.1.D	2655	2549.5	57.0968	0.888261
Gorai.004G015700.1.A	466	360.551	0	0
Gorai.004G015700.1.D	466	360.551	1	0.110006
Gorai.004G015800.1.A	1159	1053.5	336.818	12.6807
Gorai.004G015800.1.D	1159	1053.5	404.182	15.2169
Gorai.004G015900.1.A	899	793.505	79.1865	3.9581
Gorai.004G015900.1.D	899	793.505	79.1865	3.9581
Gorai.004G016000.1.A	1266	1160.5	0	0
Gorai.004G016000.1.D	1266	1160.5	0	0
Gorai.004G016100.1.A	2390	2284.5	5128.64	89.042
Gorai.004G016100.1.D	2390	2284.5	3254.36	56.5014
Gorai.004G016200.1.A	1335	1229.5	0.5	0.0161296
Gorai.004G016200.1.D	1335	1229.5	0.5	0.0161296
Gorai.004G016300.1.A	1971	1865.5	1.09225	0.0232227
Gorai.004G016300.1.D	1971	1865.5	89.3836	1.90041
Gorai.004G016400.1.A	2009	1903.5	28.0023	0.583477
Gorai.004G016400.1.D	2009	1903.5	23.5219	0.490121
Gorai.004G016500.1.A	2350	2244.5	2	0.0353423
Gorai.004G016500.1.D	2350	2244.5	14	0.247396
Gorai.004G016600.1.A	2189	2083.5	0	0
Gorai.004G016600.1.D	2189	2083.5	2	0.0380733
Gorai.004G016700.1.A	316	210.63	9.40419	1.77087
Gorai.004G016700.1.D	316	210.63	9.40419	1.77087
Gorai.004G016800.1.A	484	378.551	0	0
Gorai.004G016800.1.D	484	378.551	13.4939	1.41383
Gorai.004G016900.1.A	379	273.583	7	1.01483
Gorai.004G016900.1.D	379	273.583	7	1.01483
Gorai.004G017000.1.A	659	553.505	0	0
Gorai.004G017000.1.D	659	553.505	62.2865	4.46331
Gorai.004G017100.1.A	1156	1050.5	52.3818	1.97773
Gorai.004G017100.1.D	1156	1050.5	81.6182	3.08158
Gorai.004G017200.1.A	1333	1227.5	36.48	1.17874
Gorai.004G017200.1.D	1333	1227.5	39.52	1.27696
Gorai.004G017300.1.A	1383	1277.5	545.495	16.9361
Gorai.004G017300.1.D	1383	1277.5	767.985	23.8438
Gorai.004G017400.1.A	902	796.505	74.4439	3.70703
Gorai.004G017400.1.D	902	796.505	364.556	18.1535
Gorai.004G017500.1.A	2940	2834.5	165.734	2.3191
Gorai.004G017500.1.D	2940	2834.5	134.266	1.87877
Gorai.004G017600.1.A	975	869.505	2	0.0912311
Gorai.004G017600.1.D	975	869.505	0	0
Gorai.004G017700.1.A	1310	1204.5	1092	35.9583
Gorai.004G017700.1.D	1310	1204.5	0	0
Gorai.004G017800.1.A	628	522.505	24.7	1.87496
Gorai.004G017800.1.D	628	522.505	1.3	0.098682
Gorai.004G017900.1.A	693	587.505	311	20.9959
Gorai.004G017900.1.D	693	587.505	125	8.43886
Gorai.004G018000.1.A	2801	2695.5	446.355	6.56788
Gorai.004G018000.1.D	2801	2695.5	863.645	12.7081
Gorai.004G018100.1.A	2733	2627.5	309.038	4.66502
Gorai.004G018100.1.D	2733	2627.5	274.962	4.15063
Gorai.004G018200.1.A	6162	6056.5	3192.19	20.9051
Gorai.004G018200.1.D	6162	6056.5	1695.81	11.1056
Gorai.004G018300.1.A	1376	1270.5	0	0
Gorai.004G018300.1.D	1376	1270.5	141	4.40177
Gorai.004G018400.1.A	1871	1765.5	1069.93	24.0366
Gorai.004G018400.1.D	1871	1765.5	872.068	19.5914
Gorai.004G018500.1.A	2599	2493.5	186.322	2.96374
Gorai.004G018500.1.D	2599	2493.5	147.678	2.34904
Gorai.004G018600.1.A	2281	2175.5	307.782	5.61136
Gorai.004G018600.1.D	2281	2175.5	270.218	4.92651
Gorai.004G018700.1.A	1310	1204.5	3	0.0987865
Gorai.004G018700.1.D	1310	1204.5	3	0.0987865
Gorai.004G018800.1.A	1958	1852.5	1205.01	25.7998
Gorai.004G018800.1.D	1958	1852.5	1011.99	21.6672
Gorai.004G018900.1.A	1452	1346.5	230.365	6.78569
Gorai.004G018900.1.D	1452	1346.5	224.635	6.61689
Gorai.004G019000.1.A	2892	2786.5	211.499	3.01046
Gorai.004G019000.1.D	2892	2786.5	303.501	4.32002
Gorai.004G019100.1.A	1835	1729.5	109.951	2.52151
Gorai.004G019100.1.D	1835	1729.5	130.049	2.98244
Gorai.004G019200.1.A	1440	1334.5	87.3424	2.59591
Gorai.004G019200.1.D	1440	1334.5	83.0292	2.46772
Gorai.004G019300.1.A	1132	1026.5	74	2.85927
Gorai.004G019300.1.D	1132	1026.5	0	0
Gorai.004G019400.1.A	456	350.551	238.452	26.9795
Gorai.004G019400.1.D	456	350.551	17.5484	1.9855
Gorai.004G019500.1.A	1508	1402.5	1119.41	31.657
Gorai.004G019500.1.D	1508	1402.5	635.588	17.9745
Gorai.004G019600.1.A	3238	3132.5	177.596	2.24868
Gorai.004G019600.1.D	3238	3132.5	204.404	2.5881
Gorai.004G019700.1.A	2523	2417.5	47.7568	0.783524
Gorai.004G019700.1.D	2523	2417.5	45.2432	0.742286
Gorai.004G019800.1.A	1553	1447.5	932.013	25.538
Gorai.004G019800.1.D	1553	1447.5	1712.99	46.9374
Gorai.004G019900.1.A	1554	1448.5	4908.33	134.4
Gorai.004G019900.1.D	1554	1448.5	3790.67	103.796
Gorai.004G020000.1.A	1187	1081.5	38.4921	1.41165
Gorai.004G020000.1.D	1187	1081.5	58.5079	2.14571
Gorai.004G020100.1.A	1261	1155.5	428.308	14.7018
Gorai.004G020100.1.D	1261	1155.5	267.692	9.18859
Gorai.004G020200.1.A	2534	2428.5	1131	18.4718
Gorai.004G020200.1.D	2534	2428.5	614.001	10.028
Gorai.004G020300.1.A	1263	1157.5	46.7727	1.60271
Gorai.004G020300.1.D	1263	1157.5	51.2273	1.75535
Gorai.004G020400.1.A	3663	3557.5	162.962	1.81687
Gorai.004G020400.1.D	3663	3557.5	255.005	2.84307
Gorai.004G020500.1.A	325	219.63	0.5	0.0902949
Gorai.004G020500.1.D	325	219.63	0.5	0.0902949
Gorai.004G020600.1.A	2699	2593.5	3919.09	59.9353
Gorai.004G020600.1.D	2699	2593.5	3041.91	46.5205
Gorai.004G020700.1.A	2026	1920.5	166.095	3.43024
Gorai.004G020700.1.D	2026	1920.5	74.9054	1.54697
Gorai.004G020800.1.A	1641	1535.5	0	0
Gorai.004G020800.1.D	1641	1535.5	2	0.0516611
Gorai.004G020900.1.A	1103	997.505	2142.72	85.199
Gorai.004G020900.1.D	1103	997.505	186407	7411.94
Gorai.004G021000.1.A	1899	1793.5	85.8947	1.89954
Gorai.004G021000.1.D	1899	1793.5	322.105	7.12328
Gorai.004G021100.1.A	1134	1028.5	3	0.115691
Gorai.004G021100.1.D	1134	1028.5	0	0
Gorai.004G021200.1.A	1521	1415.5	0	0
Gorai.004G021200.1.D	1521	1415.5	0	0
Gorai.004G021300.1.A	1296	1190.5	0	0
Gorai.004G021300.1.D	1296	1190.5	0	0
Gorai.004G021400.1.A	1261	1155.5	0	0
Gorai.004G021400.1.D	1261	1155.5	0	0
Gorai.004G021500.1.A	1068	962.505	0	0
Gorai.004G021500.1.D	1068	962.505	0	0
Gorai.004G021600.1.A	1193	1087.5	0	0
Gorai.004G021600.1.D	1193	1087.5	0	0
Gorai.004G021700.1.A	1110	1004.5	0	0
Gorai.004G021700.1.D	1110	1004.5	0	0
Gorai.004G021800.1.A	918	812.505	0	0
Gorai.004G021800.1.D	918	812.505	0	0
Gorai.004G021900.1.A	1077	971.505	0	0
Gorai.004G021900.1.D	1077	971.505	0	0
Gorai.004G022000.1.A	1277	1171.5	0	0
Gorai.004G022000.1.D	1277	1171.5	0	0
Gorai.004G022100.1.A	1155	1049.5	0	0
Gorai.004G022100.1.D	1155	1049.5	0	0
Gorai.004G022200.1.A	2413	2307.5	128.676	2.21178
Gorai.004G022200.1.D	2413	2307.5	11.3235	0.194636
Gorai.004G022300.1.A	3167	3061.5	20.7273	0.26853
Gorai.004G022300.1.D	3167	3061.5	3.27273	0.0423994
Gorai.004G022400.1.A	1401	1295.5	0	0
Gorai.004G022400.1.D	1401	1295.5	0	0
Gorai.004G022500.1.A	3018	2912.5	596.638	8.12511
Gorai.004G022500.1.D	3018	2912.5	268.362	3.6546
Gorai.004G022600.1.A	1537	1431.5	0	0
Gorai.004G022600.1.D	1537	1431.5	9	0.249365
Gorai.004G022700.1.A	3422	3316.5	137.277	1.64173
Gorai.004G022700.1.D	3422	3316.5	108.723	1.30025
Gorai.004G022800.1.A	2117	2011.5	8.54487	0.168488
Gorai.004G022800.1.D	2117	2011.5	8.47371	0.167085
Gorai.004G022900.1.A	3090	2984.5	0	0
Gorai.004G022900.1.D	3090	2984.5	5	0.0664481
Gorai.004G023000.1.A	2903	2797.5	196.963	2.79254
Gorai.004G023000.1.D	2903	2797.5	177.96	2.52311
Gorai.004G023100.1.A	1840	1734.5	0	0
Gorai.004G023100.1.D	1840	1734.5	1.07736	0.024636
Gorai.004G023200.1.A	3922	3816.5	1.83333	0.0190529
Gorai.004G023200.1.D	3922	3816.5	9.16667	0.0952644
Gorai.004G023300.1.A	2196	2090.5	0	0
Gorai.004G023300.1.D	2196	2090.5	0	0
Gorai.004G023400.1.A	3223	3117.5	0	0
Gorai.004G023400.1.D	3223	3117.5	0	0
Gorai.004G023500.1.A	487	381.551	0	0
Gorai.004G023500.1.D	487	381.551	0	0
Gorai.004G023600.1.A	607	501.551	0	0
Gorai.004G023600.1.D	607	501.551	13	1.02805
Gorai.004G023700.1.A	425	319.583	0	0
Gorai.004G023700.1.D	425	319.583	0	0
Gorai.004G023800.1.A	2979	2873.5	0	0
Gorai.004G023800.1.D	2979	2873.5	0	0
Gorai.004G023900.1.A	363	257.583	0	0
Gorai.004G023900.1.D	363	257.583	0	0
Gorai.004G024000.1.A	1825	1719.5	381.039	8.78923
Gorai.004G024000.1.D	1825	1719.5	282.961	6.52692
Gorai.004G024100.1.A	1835	1729.5	239.566	5.49399
Gorai.004G024100.1.D	1835	1729.5	66.4342	1.52354
Gorai.004G024200.1.A	3561	3455.5	1178.04	13.5217
Gorai.004G024200.1.D	3561	3455.5	889.963	10.2152
Gorai.004G024300.1.A	1750	1644.5	36.8261	0.888189
Gorai.004G024300.1.D	1750	1644.5	40.1739	0.968933
Gorai.004G024400.1.A	2506	2400.5	0	0
Gorai.004G024400.1.D	2506	2400.5	0	0
Gorai.004G024500.1.A	1435	1329.5	519.075	15.4855
Gorai.004G024500.1.D	1435	1329.5	415.925	12.4082
Gorai.004G024600.1.A	224	119.632	0	0
Gorai.004G024600.1.D	224	119.632	0	0
Gorai.004G024700.1.A	1860	1754.5	3.24324	0.0733179
Gorai.004G024700.1.D	1860	1754.5	56.7568	1.28306
Gorai.004G024800.1.A	4012	3906.5	6962.76	70.6933
Gorai.004G024800.1.D	4012	3906.5	7278.24	73.8963
Gorai.004G024900.1.A	2499	2393.5	112.418	1.86289
Gorai.004G024900.1.D	2499	2393.5	116.582	1.93189
Gorai.004G025000.1.A	2358	2252.5	465.265	8.19256
Gorai.004G025000.1.D	2358	2252.5	399.735	7.03868
Gorai.004G025100.1.A	532	426.551	173.87	16.1673
Gorai.004G025100.1.D	532	426.551	6.47962	0.602508
Gorai.004G025200.1.A	740	634.505	449.746	28.1137
Gorai.004G025200.1.D	740	634.505	1350.97	84.4491
Gorai.004G025300.1.A	3365	3259.5	1090.8	13.2733
Gorai.004G025300.1.D	3365	3259.5	2503.2	30.4599
Gorai.004G025400.1.A	3445	3339.5	64.1007	0.761317
Gorai.004G025400.1.D	3445	3339.5	97.8993	1.16274
Gorai.004G025500.1.A	1903	1797.5	167.519	3.69641
Gorai.004G025500.1.D	1903	1797.5	119.481	2.63641
Gorai.004G025600.1.A	1568	1462.5	132.973	3.60621
Gorai.004G025600.1.D	1568	1462.5	154.027	4.17719
Gorai.004G025700.1.A	3598	3492.5	848.746	9.63886
Gorai.004G025700.1.D	3598	3492.5	812.254	9.22443
Gorai.004G025800.1.A	1290	1184.5	986.347	33.0277
Gorai.004G025800.1.D	1290	1184.5	645.653	21.6196
Gorai.004G025900.1.A	1383	1277.5	228.986	7.10936
Gorai.004G025900.1.D	1383	1277.5	171.014	5.30952
Gorai.004G026000.1.A	493	387.551	14	1.43279
Gorai.004G026000.1.D	493	387.551	19	1.94451
Gorai.004G026100.1.A	443	337.583	0	0
Gorai.004G026100.1.D	443	337.583	0	0
Gorai.004G026200.1.A	418	312.583	0	0
Gorai.004G026200.1.D	418	312.583	0	0
Gorai.004G026300.1.A	545	439.551	0	0
Gorai.004G026300.1.D	545	439.551	0	0
Gorai.004G026400.1.A	572	466.551	0	0
Gorai.004G026400.1.D	572	466.551	0	0
Gorai.004G026500.1.A	511	405.551	0	0
Gorai.004G026500.1.D	511	405.551	0	0
Gorai.004G026600.1.A	1346	1240.5	0	0
Gorai.004G026600.1.D	1346	1240.5	0	0
Gorai.004G026700.1.A	3907	3801.5	1473.23	15.3709
Gorai.004G026700.1.D	3907	3801.5	2154.77	22.4817
Gorai.004G026800.1.A	1180	1074.5	156.825	5.78884
Gorai.004G026800.1.D	1180	1074.5	193.175	7.13063
Gorai.004G026900.1.A	1660	1554.5	1910.14	48.737
Gorai.004G026900.1.D	1660	1554.5	2155.86	55.0063
Gorai.004G027000.1.A	1100	994.505	5	0.199411
Gorai.004G027000.1.D	1100	994.505	20	0.797642
Gorai.004G027100.1.A	519	413.551	17	1.63044
Gorai.004G027100.1.D	519	413.551	0	0
Gorai.004G027200.1.A	947	841.505	31	1.46113
Gorai.004G027200.1.D	947	841.505	47	2.21527
Gorai.004G027300.1.A	3456	3350.5	100.631	1.19126
Gorai.004G027300.1.D	3456	3350.5	181.369	2.14703
Gorai.004G027400.1.A	2694	2588.5	604.853	9.268
Gorai.004G027400.1.D	2694	2588.5	630.147	9.65557
Gorai.004G027500.1.A	1126	1020.5	978.608	38.0346
Gorai.004G027500.1.D	1126	1020.5	1851.39	71.9562
Gorai.004G027600.1.A	2746	2640.5	327.466	4.91885
Gorai.004G027600.1.D	2746	2640.5	715.534	10.748
Gorai.004G027700.1.A	1504	1398.5	63.0795	1.789
Gorai.004G027700.1.D	1504	1398.5	27.9205	0.791851
Gorai.004G027800.1.A	3385	3279.5	11	0.133036
Gorai.004G027800.1.D	3385	3279.5	6	0.0725651
Gorai.004G027900.1.A	3066	2960.5	249.038	3.33645
Gorai.004G027900.1.D	3066	2960.5	152.962	2.04929
Gorai.004G028000.1.A	1851	1745.5	2528.53	57.4555
Gorai.004G028000.1.D	1851	1745.5	2821.47	64.1121
Gorai.004G028100.1.A	1568	1462.5	0	0
Gorai.004G028100.1.D	1568	1462.5	0	0
Gorai.004G028200.1.A	2036	1930.5	889.149	18.2679
Gorai.004G028200.1.D	2036	1930.5	720.49	14.8027
Gorai.004G028300.1.A	3841	3735.5	825.623	8.76632
Gorai.004G028300.1.D	3841	3735.5	607.739	6.45286
Gorai.004G028400.1.A	2388	2282.5	1	0.0173769
Gorai.004G028400.1.D	2388	2282.5	1	0.0173769
Gorai.004G028500.1.A	1248	1142.5	754.738	26.2013
Gorai.004G028500.1.D	1248	1142.5	687.262	23.8588
Gorai.004G028600.1.A	1198	1092.5	159.631	5.79535
Gorai.004G028600.1.D	1198	1092.5	204.369	7.41952
Gorai.004G028700.1.A	779	673.505	8.33333	0.490753
Gorai.004G028700.1.D	779	673.505	1.66667	0.0981506
Gorai.004G028800.1.A	2880	2774.5	704.158	10.0663
Gorai.004G028800.1.D	2880	2774.5	412.416	5.8957
Gorai.004G028900.1.A	2350	2244.5	43.5904	0.770291
Gorai.004G028900.1.D	2350	2244.5	157.41	2.78161
Gorai.004G029000.1.A	1041	935.505	0	0
Gorai.004G029000.1.D	1041	935.505	0	0
Gorai.004G029100.1.A	1064	958.505	0	0
Gorai.004G029100.1.D	1064	958.505	0	0
Gorai.004G029200.1.A	594	488.551	0	0
Gorai.004G029200.1.D	594	488.551	0	0
Gorai.004G029300.1.A	2317	2211.5	350.938	6.29401
Gorai.004G029300.1.D	2317	2211.5	71.0622	1.27449
Gorai.004G029400.1.A	1653	1547.5	309.593	7.93495
Gorai.004G029400.1.D	1653	1547.5	399.407	10.2369
Gorai.004G029500.1.A	417	311.583	0	0
Gorai.004G029500.1.D	417	311.583	0	0
Gorai.004G029600.1.A	3603	3497.5	209.915	2.38052
Gorai.004G029600.1.D	3603	3497.5	6.08451	0.0690005
Gorai.004G029700.1.A	6541	6435.5	113.759	0.701111
Gorai.004G029700.1.D	6541	6435.5	294.241	1.81345
Gorai.004G029800.1.A	1490	1384.5	8.33333	0.238731
Gorai.004G029800.1.D	1490	1384.5	1.66667	0.0477462
Gorai.004G029900.1.A	1284	1178.5	0	0
Gorai.004G029900.1.D	1284	1178.5	0	0
Gorai.004G030000.1.A	363	257.583	0	0
Gorai.004G030000.1.D	363	257.583	0	0
Gorai.004G030100.1.A	354	248.63	0	0
Gorai.004G030100.1.D	354	248.63	0	0
Gorai.004G030200.1.A	1184	1078.5	8.75	0.321789
Gorai.004G030200.1.D	1184	1078.5	6.25	0.229849
Gorai.004G030300.1.A	1413	1307.5	232.141	7.04195
Gorai.004G030300.1.D	1413	1307.5	177.859	5.39533
Gorai.004G030400.1.A	2445	2339.5	0	0
Gorai.004G030400.1.D	2445	2339.5	0	0
Gorai.004G030500.1.A	1377	1271.5	299.409	9.33968
Gorai.004G030500.1.D	1377	1271.5	10.0623	0.313879
Gorai.004G030600.1.A	1221	1115.5	16.6438	0.591788
Gorai.004G030600.1.D	1221	1115.5	47.4316	1.68648
Gorai.004G030700.1.A	1137	1031.5	92.3442	3.55078
Gorai.004G030700.1.D	1137	1031.5	25.8345	0.993375
Gorai.004G030800.1.A	2280	2174.5	0	0
Gorai.004G030800.1.D	2280	2174.5	7	0.12768
Gorai.004G030900.1.A	2338	2232.5	10	0.177661
Gorai.004G030900.1.D	2338	2232.5	0	0
Gorai.004G031000.1.A	2805	2699.5	483.728	7.10726
Gorai.004G031000.1.D	2805	2699.5	675.272	9.92155
Gorai.004G031100.1.A	1217	1111.5	110.982	3.96027
Gorai.004G031100.1.D	1217	1111.5	9.29317	0.331617
Gorai.004G031200.1.A	822	716.505	0	0
Gorai.004G031200.1.D	822	716.505	0	0
Gorai.004G031300.1.A	872	766.505	23	1.19014
Gorai.004G031300.1.D	872	766.505	48	2.48377
Gorai.004G031400.1.A	1940	1834.5	659.859	14.2665
Gorai.004G031400.1.D	1940	1834.5	119.141	2.57589
Gorai.004G031500.1.A	1159	1053.5	3.6	0.135535
Gorai.004G031500.1.D	1159	1053.5	2.4	0.0903566
Gorai.004G031600.1.A	2811	2705.5	2255.43	33.0648
Gorai.004G031600.1.D	2811	2705.5	3260.88	47.8049
Gorai.004G031700.1.A	2140	2034.5	1021.37	19.9118
Gorai.004G031700.1.D	2140	2034.5	987.629	19.254
Gorai.004G031800.1.A	2256	2150.5	16225.1	299.249
Gorai.004G031800.1.D	2256	2150.5	6822.89	125.838
Gorai.004G031900.1.A	932	826.505	0	0
Gorai.004G031900.1.D	932	826.505	0	0
Gorai.004G032000.1.A	669	563.505	93	6.54592
Gorai.004G032000.1.D	669	563.505	12.9088	0.908602
Gorai.004G032100.1.A	723	617.505	0	0
Gorai.004G032100.1.D	723	617.505	0	0
Gorai.004G032200.1.A	1587	1481.5	29.9342	0.801401
Gorai.004G032200.1.D	1587	1481.5	4.12101	0.110328
Gorai.004G032300.1.A	426	320.583	0	0
Gorai.004G032300.1.D	426	320.583	0	0
Gorai.004G032400.1.A	1563	1457.5	110.09	2.99586
Gorai.004G032400.1.D	1563	1457.5	34.9464	0.950993
Gorai.004G032500.1.A	1279	1173.5	410.813	13.885
Gorai.004G032500.1.D	1279	1173.5	392.187	13.2554
Gorai.004G032600.1.A	2032	1926.5	89.2742	1.83798
Gorai.004G032600.1.D	2032	1926.5	45.7258	0.941404
Gorai.004G032700.1.A	3149	3043.5	27.5974	0.359649
Gorai.004G032700.1.D	3149	3043.5	57.4026	0.74807
Gorai.004G032800.1.A	678	572.505	266.848	18.4871
Gorai.004G032800.1.D	678	572.505	322.204	22.3222
Gorai.004G032900.1.A	1286	1180.5	469.039	15.7589
Gorai.004G032900.1.D	1286	1180.5	215.961	7.25591
Gorai.004G033000.1.A	1451	1345.5	1456.81	42.9441
Gorai.004G033000.1.D	1451	1345.5	1470.19	43.3384
Gorai.004G033100.1.A	306	200.687	19	3.75508
Gorai.004G033100.1.D	306	200.687	0	0
Gorai.004G033200.1.A	2789	2683.5	82.0147	1.2122
Gorai.004G033200.1.D	2789	2683.5	60.9853	0.901379
Gorai.004G033300.1.A	1640	1534.5	138.673	3.58433
Gorai.004G033300.1.D	1640	1534.5	81.327	2.10209
Gorai.004G033400.1.A	1067	961.505	6	0.247505
Gorai.004G033400.1.D	1067	961.505	0	0
Gorai.004G033500.1.A	1844	1738.5	142.046	3.24069
Gorai.004G033500.1.D	1844	1738.5	68.9542	1.57315
Gorai.004G033600.1.A	1068	962.505	2	0.0824161
Gorai.004G033600.1.D	1068	962.505	0	0
Gorai.004G033700.1.A	1168	1062.5	62.2025	2.322
Gorai.004G033700.1.D	1168	1062.5	63.7975	2.38154
Gorai.004G033800.1.A	2322	2216.5	1	0.0178944
Gorai.004G033800.1.D	2322	2216.5	1	0.0178944
Gorai.004G033900.1.A	2597	2491.5	13660	217.457
Gorai.004G033900.1.D	2597	2491.5	16204	257.957
Gorai.004G034000.1.A	2001	1895.5	4791.71	100.265
Gorai.004G034000.1.D	2001	1895.5	2777.22	58.1125
Gorai.004G034100.1.A	2319	2213.5	0	0
Gorai.004G034100.1.D	2319	2213.5	0	0
Gorai.004G034200.1.A	4722	4616.5	898.66	7.72088
Gorai.004G034200.1.D	4722	4616.5	1007.34	8.65462
Gorai.004G034300.1.A	939	833.505	1861.56	88.5836
Gorai.004G034300.1.D	939	833.505	1609.44	76.5865
Gorai.004G034400.1.A	1948	1842.5	237.22	5.10655
Gorai.004G034400.1.D	1948	1842.5	214.78	4.6235
Gorai.004G034500.1.A	4565	4459.5	293.889	2.61386
Gorai.004G034500.1.D	4565	4459.5	247.111	2.19781
Gorai.004G034600.1.A	2876	2770.5	41.6954	0.596918
Gorai.004G034600.1.D	2876	2770.5	180.305	2.58127
Gorai.004G034700.1.A	1090	984.505	450.095	18.1331
Gorai.004G034700.1.D	1090	984.505	477.905	19.2534
Gorai.004G034800.1.A	1523	1417.5	140.033	3.91823
Gorai.004G034800.1.D	1523	1417.5	112.967	3.16092
Gorai.004G034900.1.A	1314	1208.5	0	0
Gorai.004G034900.1.D	1314	1208.5	0	0
Gorai.004G035000.1.A	1905	1799.5	59.6842	1.3155
Gorai.004G035000.1.D	1905	1799.5	24.3158	0.535945
Gorai.004G035100.1.A	962	856.505	30.5676	1.41552
Gorai.004G035100.1.D	962	856.505	8.43243	0.390488
Gorai.004G035200.1.A	913	807.505	288.319	14.1616
Gorai.004G035200.1.D	913	807.505	84.6811	4.15936
Gorai.004G035300.1.A	908	802.505	8.08034	0.399362
Gorai.004G035300.1.D	908	802.505	8.08034	0.399362
Gorai.004G035400.1.A	1349	1243.5	48	1.53101
Gorai.004G035400.1.D	1349	1243.5	60	1.91377
Gorai.004G035500.1.A	1408	1302.5	38.8	1.18151
Gorai.004G035500.1.D	1408	1302.5	58.2	1.77226
Gorai.004G035600.1.A	2464	2358.5	1	0.016817
Gorai.004G035600.1.D	2464	2358.5	0	0
Gorai.004G035700.1.A	1684	1578.5	787.076	19.7768
Gorai.004G035700.1.D	1684	1578.5	420.924	10.5765
Gorai.004G035800.1.A	1793	1687.5	2.13333	0.0501417
Gorai.004G035800.1.D	1793	1687.5	13.8667	0.325921
Gorai.004G035900.1.A	1715	1609.5	989.519	24.3847
Gorai.004G035900.1.D	1715	1609.5	939.481	23.1516
Gorai.004G036000.1.A	1754	1648.5	519.462	12.4982
Gorai.004G036000.1.D	1754	1648.5	136.538	3.28511
Gorai.004G036100.1.A	853	747.505	566.326	30.0495
Gorai.004G036100.1.D	853	747.505	542.674	28.7945
Gorai.004G036200.1.A	1069	963.505	302.302	12.4444
Gorai.004G036200.1.D	1069	963.505	162.698	6.69749
Gorai.004G036300.1.A	1055	949.505	7.26806	0.303603
Gorai.004G036300.1.D	1055	949.505	7.26806	0.303603
Gorai.004G036400.1.A	369	263.583	2	0.300952
Gorai.004G036400.1.D	369	263.583	2	0.300952
Gorai.004G036500.1.A	461	355.551	3	0.33466
Gorai.004G036500.1.D	461	355.551	3	0.33466
Gorai.004G036600.1.A	1262	1156.5	3.74871	0.128564
Gorai.004G036600.1.D	1262	1156.5	3.74871	0.128564
Gorai.004G036700.1.A	628	522.505	18.3308	1.39148
Gorai.004G036700.1.D	628	522.505	18.3308	1.39148
Gorai.004G036800.1.A	2698	2592.5	458.4	7.0131
Gorai.004G036800.1.D	2698	2592.5	537.6	8.22479
Gorai.004G036900.1.A	2003	1897.5	612.268	12.798
Gorai.004G036900.1.D	2003	1897.5	609.732	12.745
Gorai.004G037000.1.A	1289	1183.5	0	0
Gorai.004G037000.1.D	1289	1183.5	0	0
Gorai.004G037100.1.A	1712	1606.5	376.334	9.29129
Gorai.004G037100.1.D	1712	1606.5	1592	39.3048
Gorai.004G037200.1.A	2599	2493.5	5097	81.0755
Gorai.004G037200.1.D	2599	2493.5	2167.03	34.4699
Gorai.004G037300.1.A	1699	1593.5	1	0.0248904
Gorai.004G037300.1.D	1699	1593.5	1	0.0248904
Gorai.004G037400.1.A	1828	1722.5	12.1907	0.280707
Gorai.004G037400.1.D	1828	1722.5	1406.81	32.3936
Gorai.004G037500.1.A	3002	2896.5	294.616	4.03428
Gorai.004G037500.1.D	3002	2896.5	373.384	5.11289
Gorai.004G037600.1.A	1471	1365.5	2	0.0580927
Gorai.004G037600.1.D	1471	1365.5	1	0.0290464
Gorai.004G037700.1.A	4133	4027.5	64.3396	0.633618
Gorai.004G037700.1.D	4133	4027.5	100.66	0.991305
Gorai.004G037800.1.A	2394	2288.5	0	0
Gorai.004G037800.1.D	2394	2288.5	0	0
Gorai.004G037900.1.A	1535	1429.5	2049.37	56.8618
Gorai.004G037900.1.D	1535	1429.5	2080.63	57.7289
Gorai.004G038000.1.A	1824	1718.5	4	0.0923197
Gorai.004G038000.1.D	1824	1718.5	3	0.0692397
Gorai.004G038100.1.A	2031	1925.5	1.53355	0.0315891
Gorai.004G038100.1.D	2031	1925.5	1.53355	0.0315891
Gorai.004G038200.1.A	6725	6619.5	248.195	1.48714
Gorai.004G038200.1.D	6725	6619.5	212.738	1.27469
Gorai.004G038300.1.A	1246	1140.5	1	0.0347767
Gorai.004G038300.1.D	1246	1140.5	6	0.20866
Gorai.004G038400.1.A	2005	1899.5	34.6667	0.723863
Gorai.004G038400.1.D	2005	1899.5	29.3333	0.6125
Gorai.004G038500.1.A	1552	1446.5	785.139	21.5284
Gorai.004G038500.1.D	1552	1446.5	835.861	22.9192
Gorai.004G038600.1.A	1049	943.505	18.8571	0.792714
Gorai.004G038600.1.D	1049	943.505	3.14286	0.132119
Gorai.004G038700.1.A	1967	1861.5	199.619	4.25326
Gorai.004G038700.1.D	1967	1861.5	536.475	11.4306
Gorai.004G038800.1.A	3749	3643.5	89.1678	0.970674
Gorai.004G038800.1.D	3749	3643.5	92.8322	1.01057
Gorai.004G038900.1.A	225	120.599	0	0
Gorai.004G038900.1.D	225	120.599	0	0
Gorai.004G039000.1.A	1721	1615.5	182.732	4.48632
Gorai.004G039000.1.D	1721	1615.5	456.268	11.202
Gorai.004G039100.1.A	1113	1007.5	196.856	7.74974
Gorai.004G039100.1.D	1113	1007.5	130.144	5.12344
Gorai.004G039200.1.A	318	212.63	1	0.186535
Gorai.004G039200.1.D	318	212.63	0	0
Gorai.004G039300.1.A	3697	3591.5	479.015	5.29002
Gorai.004G039300.1.D	3697	3591.5	367.985	4.06386
Gorai.004G039400.1.A	2300	2194.5	37.2973	0.674102
Gorai.004G039400.1.D	2300	2194.5	77.7027	1.40438
Gorai.004G039500.1.A	1224	1118.5	49.9237	1.77033
Gorai.004G039500.1.D	1224	1118.5	87.0763	3.08778
Gorai.004G039600.1.A	4048	3942.5	340.317	3.4237
Gorai.004G039600.1.D	4048	3942.5	175.683	1.76743
Gorai.004G039700.1.A	2073	1967.5	193.306	3.89686
Gorai.004G039700.1.D	2073	1967.5	183.694	3.70309
Gorai.004G039800.1.A	949	843.505	0	0
Gorai.004G039800.1.D	949	843.505	0	0
Gorai.004G039900.1.A	1365	1259.5	0	0
Gorai.004G039900.1.D	1365	1259.5	0	0
Gorai.004G040000.1.A	1761	1655.5	58.1625	1.39347
Gorai.004G040000.1.D	1761	1655.5	82.8375	1.98464
Gorai.004G040100.1.A	1493	1387.5	397.684	11.3681
Gorai.004G040100.1.D	1493	1387.5	235.316	6.7267
Gorai.004G040200.1.A	930	824.505	343.153	16.5074
Gorai.004G040200.1.D	930	824.505	979.847	47.1357
Gorai.004G040300.1.A	1075	969.505	2.0249	0.0828398
Gorai.004G040300.1.D	1075	969.505	2.0249	0.0828398
Gorai.004G040400.1.A	905	799.505	10.5	0.520899
Gorai.004G040400.1.D	905	799.505	3.5	0.173633
Gorai.004G040500.1.A	2516	2410.5	202.517	3.33226
Gorai.004G040500.1.D	2516	2410.5	659.978	10.8594
Gorai.004G040600.1.A	2147	2041.5	94.022	1.82669
Gorai.004G040600.1.D	2147	2041.5	181.978	3.53552
Gorai.004G040700.1.A	1159	1053.5	1229.96	46.3062
Gorai.004G040700.1.D	1159	1053.5	946.041	35.6171
Gorai.004G040800.1.A	1940	1834.5	657.237	14.2098
Gorai.004G040800.1.D	1940	1834.5	946.763	20.4695
Gorai.004G040900.1.A	925	819.505	1732.68	83.8594
Gorai.004G040900.1.D	925	819.505	1947.32	94.2477
Gorai.004G041000.1.A	2386	2280.5	213.466	3.71264
Gorai.004G041000.1.D	2386	2280.5	139.534	2.4268
Gorai.004G041100.1.A	2120	2014.5	122.379	2.40947
Gorai.004G041100.1.D	2120	2014.5	23.1262	0.455324
Gorai.004G041200.1.A	5941	5835.5	1277.89	8.68557
Gorai.004G041200.1.D	5941	5835.5	1045.11	7.10347
Gorai.004G041300.1.A	3165	3059.5	74.91	0.971122
Gorai.004G041300.1.D	3165	3059.5	152.09	1.97167
Gorai.004G041400.1.A	2417	2311.5	104.389	1.79121
Gorai.004G041400.1.D	2417	2311.5	106.611	1.82932
Gorai.004G041500.1.A	9248	9142.5	23.8966	0.10367
Gorai.004G041500.1.D	9248	9142.5	53.1034	0.230379
Gorai.004G041600.1.A	1233	1127.5	465.761	16.3844
Gorai.004G041600.1.D	1233	1127.5	1098.92	38.6573
Gorai.004G041700.1.A	1566	1460.5	4	0.108628
Gorai.004G041700.1.D	1566	1460.5	20	0.54314
Gorai.004G041800.1.A	2265	2159.5	701.63	12.8866
Gorai.004G041800.1.D	2265	2159.5	19.3701	0.355765
Gorai.004G041900.1.A	746	640.505	8	0.495396
Gorai.004G041900.1.D	746	640.505	12	0.743094
Gorai.004G042000.1.A	1190	1084.5	24.2243	0.885941
Gorai.004G042000.1.D	1190	1084.5	51.1058	1.86906
Gorai.004G042100.1.A	2048	1942.5	88.0466	1.79778
Gorai.004G042100.1.D	2048	1942.5	98.6233	2.01373
Gorai.004G042200.1.A	2310	2204.5	402.415	7.24016
Gorai.004G042200.1.D	2310	2204.5	339.585	6.10973
Gorai.004G042300.1.A	799	693.505	0	0
Gorai.004G042300.1.D	799	693.505	0	0
Gorai.004G042400.1.A	2317	2211.5	242.224	4.34424
Gorai.004G042400.1.D	2317	2211.5	109.776	1.96882
Gorai.004G042500.1.A	2460	2354.5	760.236	12.8066
Gorai.004G042500.1.D	2460	2354.5	1502.76	25.3149
Gorai.004G042600.1.A	1049	943.505	15.5766	0.654806
Gorai.004G042600.1.D	1049	943.505	231.423	9.72855
Gorai.004G042700.1.A	2226	2120.5	429.493	8.03345
Gorai.004G042700.1.D	2226	2120.5	959.507	17.9471
Gorai.004G042800.1.A	351	245.63	0	0
Gorai.004G042800.1.D	351	245.63	0	0
Gorai.004G042900.1.A	1223	1117.5	346.92	12.313
Gorai.004G042900.1.D	1223	1117.5	213.402	7.57417
Gorai.004G043000.1.A	2092	1986.5	304.983	6.08935
Gorai.004G043000.1.D	2092	1986.5	346.017	6.90864
Gorai.004G043100.1.A	1067	961.505	73.9437	3.05024
Gorai.004G043100.1.D	1067	961.505	1.05634	0.0435749
Gorai.004G043200.1.A	2266	2160.5	86.2754	1.58386
Gorai.004G043200.1.D	2266	2160.5	511.034	9.38166
Gorai.004G043300.1.A	1926	1820.5	14.6893	0.320032
Gorai.004G043300.1.D	1926	1820.5	29.3785	0.640063
Gorai.004G043400.1.A	1263	1157.5	0	0
Gorai.004G043400.1.D	1263	1157.5	1	0.0342659
Gorai.004G043500.1.A	4698	4592.5	42.807	0.369701
Gorai.004G043500.1.D	4698	4592.5	18.193	0.157123
Gorai.004G043600.1.A	1981	1875.5	145.978	3.08713
Gorai.004G043600.1.D	1981	1875.5	70.022	1.48082
Gorai.004G043700.1.A	538	432.551	0	0
Gorai.004G043700.1.D	538	432.551	0	0
Gorai.004G043800.1.A	595	489.551	0	0
Gorai.004G043800.1.D	595	489.551	0	0
Gorai.004G043900.1.A	1185	1079.5	1	0.0367418
Gorai.004G043900.1.D	1185	1079.5	1	0.0367418
Gorai.004G044000.1.A	1336	1230.5	35.8085	1.15422
Gorai.004G044000.1.D	1336	1230.5	15.1915	0.489668
Gorai.004G044100.1.A	1403	1297.5	184.979	5.65455
Gorai.004G044100.1.D	1403	1297.5	193.021	5.9004
Gorai.004G044200.1.A	846	740.505	22.0805	1.18267
Gorai.004G044200.1.D	846	740.505	90.9195	4.86984
Gorai.004G044300.1.A	567	461.551	2	0.171868
Gorai.004G044300.1.D	567	461.551	0	0
Gorai.004G044400.1.A	677	571.505	1391.96	96.6031
Gorai.004G044400.1.D	677	571.505	2163.04	150.117
Gorai.004G044500.1.A	1403	1297.5	0	0
Gorai.004G044500.1.D	1403	1297.5	0	0
Gorai.004G044600.1.A	4649	4543.5	595.043	5.19448
Gorai.004G044600.1.D	4649	4543.5	642.747	5.61092
Gorai.004G044700.1.A	1000	894.505	116.25	5.1546
Gorai.004G044700.1.D	1000	894.505	28.75	1.27479
Gorai.004G044800.1.A	422	316.583	15.033	1.8834
Gorai.004G044800.1.D	422	316.583	15.033	1.8834
Gorai.004G044900.1.A	1152	1046.5	0	0
Gorai.004G044900.1.D	1152	1046.5	0	0
Gorai.004G045000.1.A	2337	2231.5	0	0
Gorai.004G045000.1.D	2337	2231.5	0	0
Gorai.004G045100.1.A	451	345.583	0	0
Gorai.004G045100.1.D	451	345.583	0	0
Gorai.004G045200.1.A	664	558.505	5.5	0.39059
Gorai.004G045200.1.D	664	558.505	5.5	0.39059
Gorai.004G045300.1.A	1537	1431.5	0	0
Gorai.004G045300.1.D	1537	1431.5	0	0
Gorai.004G045400.1.A	1742	1636.5	318.682	7.7237
Gorai.004G045400.1.D	1742	1636.5	323.318	7.83605
Gorai.004G045500.1.A	942	836.505	62.16	2.94732
Gorai.004G045500.1.D	942	836.505	48.84	2.31575
Gorai.004G045600.1.A	396	290.583	29	3.95833
Gorai.004G045600.1.D	396	290.583	14	1.91092
Gorai.004G045700.1.A	1960	1854.5	887.111	18.9729
Gorai.004G045700.1.D	1960	1854.5	436.889	9.3439
Gorai.004G045800.1.A	1258	1152.5	160.885	5.53679
Gorai.004G045800.1.D	1258	1152.5	117.115	4.03046
Gorai.004G045900.1.A	1534	1428.5	8.51613	0.236453
Gorai.004G045900.1.D	1534	1428.5	24.4839	0.679803
Gorai.004G046000.1.A	3387	3281.5	3	0.0362604
Gorai.004G046000.1.D	3387	3281.5	0	0
Gorai.004G046100.1.A	1258	1152.5	207.908	7.15508
Gorai.004G046100.1.D	1258	1152.5	779.684	26.8325
Gorai.004G046200.1.A	615	509.505	6.63919	0.516835
Gorai.004G046200.1.D	615	509.505	6.63919	0.516835
Gorai.004G046300.1.A	990	884.505	71.878	3.22315
Gorai.004G046300.1.D	990	884.505	10.2515	0.459699
Gorai.004G046400.1.A	1009	903.505	0	0
Gorai.004G046400.1.D	1009	903.505	4	0.175596
Gorai.004G046500.1.A	2588	2482.5	219.086	3.50034
Gorai.004G046500.1.D	2588	2482.5	332.914	5.31895
Gorai.004G046600.1.A	2586	2480.5	883.242	14.1229
Gorai.004G046600.1.D	2586	2480.5	720.758	11.5248
Gorai.004G046700.1.A	1037	931.505	103.722	4.41642
Gorai.004G046700.1.D	1037	931.505	87.2781	3.71625
Gorai.004G046800.1.A	648	542.505	0	0
Gorai.004G046800.1.D	648	542.505	0	0
Gorai.004G046900.1.A	531	425.551	0	0
Gorai.004G046900.1.D	531	425.551	0	0
Gorai.004G047000.1.A	699	593.505	0	0
Gorai.004G047000.1.D	699	593.505	0	0
Gorai.004G047100.1.A	1996	1890.5	70.3423	1.47579
Gorai.004G047100.1.D	1996	1890.5	57.6577	1.20966
Gorai.004G047200.1.A	3640	3534.5	721.046	8.09132
Gorai.004G047200.1.D	3640	3534.5	854.954	9.59399
Gorai.004G047300.1.A	1975	1869.5	877.897	18.6252
Gorai.004G047300.1.D	1975	1869.5	953.103	20.2208
Gorai.004G047400.1.A	1450	1344.5	459.182	13.5459
Gorai.004G047400.1.D	1450	1344.5	328.024	9.67671
Gorai.004G047500.1.A	1336	1230.5	0	0
Gorai.004G047500.1.D	1336	1230.5	2	0.0644661
Gorai.004G047600.1.A	1024	918.505	111.746	4.8254
Gorai.004G047600.1.D	1024	918.505	265.254	11.4542
Gorai.004G047700.1.A	1536	1430.5	155.723	4.31767
Gorai.004G047700.1.D	1536	1430.5	407.277	11.2924
Gorai.004G047800.1.A	794	688.505	6263.05	360.798
Gorai.004G047800.1.D	794	688.505	4434.95	255.486
Gorai.004G047900.1.A	3930	3824.5	476.239	4.93896
Gorai.004G047900.1.D	3930	3824.5	411.761	4.27026
Gorai.004G048000.1.A	3255	3149.5	120.28	1.51473
Gorai.004G048000.1.D	3255	3149.5	67.7204	0.85283
Gorai.004G048100.1.A	1999	1893.5	0	0
Gorai.004G048100.1.D	1999	1893.5	22	0.46083
Gorai.004G048200.1.A	2255	2149.5	0	0
Gorai.004G048200.1.D	2255	2149.5	0	0
Gorai.004G048300.1.A	1907	1801.5	5437.1	119.706
Gorai.004G048300.1.D	1907	1801.5	4519.01	99.493
Gorai.004G048400.1.A	2370	2264.5	468.523	8.20621
Gorai.004G048400.1.D	2370	2264.5	1346.48	23.5836
Gorai.004G048500.1.A	919	813.505	8.2069	0.400133
Gorai.004G048500.1.D	919	813.505	25.7931	1.25756
Gorai.004G048600.1.A	1973	1867.5	291.956	6.2007
Gorai.004G048600.1.D	1973	1867.5	274.456	5.82902
Gorai.004G048700.1.A	1890	1784.5	9.31034	0.206935
Gorai.004G048700.1.D	1890	1784.5	50.6897	1.12664
Gorai.004G048800.1.A	1832	1726.5	6697.79	153.868
Gorai.004G048800.1.D	1832	1726.5	5876.21	134.994
Gorai.004G048900.1.A	1280	1174.5	0	0
Gorai.004G048900.1.D	1280	1174.5	0	0
Gorai.004G049000.1.A	1198	1092.5	0	0
Gorai.004G049000.1.D	1198	1092.5	0	0
Gorai.004G049100.1.A	1225	1119.5	0	0
Gorai.004G049100.1.D	1225	1119.5	0	0
Gorai.004G049200.1.A	1005	899.505	0	0
Gorai.004G049200.1.D	1005	899.505	0	0
Gorai.004G049300.1.A	393	287.583	86.9197	11.9878
Gorai.004G049300.1.D	393	287.583	88.0939	12.1498
Gorai.004G049400.1.A	1734	1628.5	267.636	6.5184
Gorai.004G049400.1.D	1734	1628.5	372.364	9.06908
Gorai.004G049500.1.A	932	826.505	0	0
Gorai.004G049500.1.D	932	826.505	0	0
Gorai.004G049600.1.A	969	863.505	0	0
Gorai.004G049600.1.D	969	863.505	0	0
Gorai.004G049700.1.A	1229	1123.5	21836.4	770.889
Gorai.004G049700.1.D	1229	1123.5	17856.1	630.371
Gorai.004G049800.1.A	1115	1009.5	1	0.0392895
Gorai.004G049800.1.D	1115	1009.5	1	0.0392895
Gorai.004G049900.1.A	1644	1538.5	512.874	13.222
Gorai.004G049900.1.D	1644	1538.5	499.126	12.8676
Gorai.004G050000.1.A	3160	3054.5	56.6774	0.735959
Gorai.004G050000.1.D	3160	3054.5	95.0323	1.234
Gorai.004G050100.1.A	684	578.505	0	0
Gorai.004G050100.1.D	684	578.505	0	0
Gorai.004G050200.1.A	2750	2644.5	435.943	6.53838
Gorai.004G050200.1.D	2750	2644.5	255.347	3.82976
Gorai.004G050300.1.A	1512	1406.5	4892.01	137.953
Gorai.004G050300.1.D	1512	1406.5	7394.99	208.536
Gorai.004G050400.1.A	1178	1072.5	2	0.0739632
Gorai.004G050400.1.D	1178	1072.5	9	0.332834
Gorai.004G050500.1.A	1099	993.505	628.547	25.093
Gorai.004G050500.1.D	1099	993.505	896.453	35.7884
Gorai.004G050600.1.A	777	671.505	2	0.118132
Gorai.004G050600.1.D	777	671.505	1	0.0590658
Gorai.004G050700.1.A	1417	1311.5	69.8511	2.11246
Gorai.004G050700.1.D	1417	1311.5	126.149	3.81504
Gorai.004G050800.1.A	2289	2183.5	27.8095	0.505155
Gorai.004G050800.1.D	2289	2183.5	45.1905	0.820876
Gorai.004G050900.1.A	1130	1024.5	1	0.0387143
Gorai.004G050900.1.D	1130	1024.5	0	0
Gorai.004G051000.1.A	1102	996.505	0	0
Gorai.004G051000.1.D	1102	996.505	1.00111	0.0398462
Gorai.004G051100.1.A	669	563.505	0	0
Gorai.004G051100.1.D	669	563.505	0	0
Gorai.004G051200.1.A	995	889.505	0	0
Gorai.004G051200.1.D	995	889.505	0	0
Gorai.004G051300.1.A	873	767.505	77.5775	4.00903
Gorai.004G051300.1.D	873	767.505	3.42254	0.176869
Gorai.004G051400.1.A	1574	1468.5	253.859	6.85648
Gorai.004G051400.1.D	1574	1468.5	261.141	7.05319
Gorai.004G051500.1.A	1395	1289.5	0	0
Gorai.004G051500.1.D	1395	1289.5	0	0
Gorai.004G051600.1.A	1704	1598.5	11.9565	0.296672
Gorai.004G051600.1.D	1704	1598.5	13.0435	0.323642
Gorai.004G051700.1.A	767	661.505	17.2569	1.0347
Gorai.004G051700.1.D	767	661.505	0	0
Gorai.004G051800.1.A	1434	1328.5	7.9753	0.238105
Gorai.004G051800.1.D	1434	1328.5	0	0
Gorai.004G051900.1.A	3005	2899.5	109.372	1.49612
Gorai.004G051900.1.D	3005	2899.5	109.372	1.49612
Gorai.004G052000.1.A	795	689.505	0	0
Gorai.004G052000.1.D	795	689.505	0	0
Gorai.004G052100.1.A	1015	909.505	1124.54	49.0405
Gorai.004G052100.1.D	1015	909.505	937.461	40.8821
Gorai.004G052200.1.A	636	530.505	2.2381	0.16733
Gorai.004G052200.1.D	636	530.505	44.7619	3.3466
Gorai.004G052300.1.A	755	649.505	143	8.7325
Gorai.004G052300.1.D	755	649.505	324	19.7855
Gorai.004G052400.1.A	1312	1206.5	1707.67	56.1384
Gorai.004G052400.1.D	1312	1206.5	1903.33	62.5706
Gorai.004G052500.1.A	1282	1176.5	387.071	13.0491
Gorai.004G052500.1.D	1282	1176.5	514.31	17.3387
Gorai.004G052600.1.A	1304	1198.5	49	1.62159
Gorai.004G052600.1.D	1304	1198.5	30	0.992811
Gorai.004G052700.1.A	2195	2089.5	889.896	16.892
Gorai.004G052700.1.D	2195	2089.5	786.104	14.9218
Gorai.004G052800.1.A	893	787.505	0	0
Gorai.004G052800.1.D	893	787.505	0	0
Gorai.004G052900.1.A	1278	1172.5	1128.45	38.1726
Gorai.004G052900.1.D	1278	1172.5	601.554	20.3491
Gorai.004G053000.1.A	2980	2874.5	75.4949	1.04169
Gorai.004G053000.1.D	2980	2874.5	25.5051	0.351923
Gorai.004G053100.1.A	5614	5508.5	1504.06	10.8297
Gorai.004G053100.1.D	5614	5508.5	16.9353	0.121939
Gorai.004G053200.1.A	2216	2110.5	172.341	3.23882
Gorai.004G053200.1.D	2216	2110.5	100.659	1.8917
Gorai.004G053300.1.A	1128	1022.5	2.54501	0.0987209
Gorai.004G053300.1.D	1128	1022.5	2.54501	0.0987209
Gorai.004G053400.1.A	525	419.551	0	0
Gorai.004G053400.1.D	525	419.551	1	0.0945366
Gorai.004G053500.1.A	2472	2366.5	11.5238	0.193141
Gorai.004G053500.1.D	2472	2366.5	10.4762	0.175582
Gorai.004G053600.1.A	1221	1115.5	341.369	12.1377
Gorai.004G053600.1.D	1221	1115.5	334.631	11.8982
Gorai.004G053700.1.A	3806	3700.5	65.1844	0.698662
Gorai.004G053700.1.D	3806	3700.5	1.56146	0.0167361
Gorai.004G053800.1.A	660	554.505	0.5	0.0357643
Gorai.004G053800.1.D	660	554.505	0.5	0.0357643
Gorai.004G053900.1.A	1035	929.505	0	0
Gorai.004G053900.1.D	1035	929.505	0	0
Gorai.004G054000.1.A	610	504.551	0	0
Gorai.004G054000.1.D	610	504.551	0	0
Gorai.004G054100.1.A	2634	2528.5	11.2789	0.176924
Gorai.004G054100.1.D	2634	2528.5	0	0
Gorai.004G054200.1.A	1555	1449.5	29.3276	0.802494
Gorai.004G054200.1.D	1555	1449.5	33.6724	0.921382
Gorai.004G054300.1.A	2176	2070.5	157.713	3.02118
Gorai.004G054300.1.D	2176	2070.5	113.287	2.17014
Gorai.004G054400.1.A	887	781.505	473.615	24.0369
Gorai.004G054400.1.D	887	781.505	778.385	39.5046
Gorai.004G054500.1.A	3229	3123.5	801.726	10.1805
Gorai.004G054500.1.D	3229	3123.5	1097.27	13.9334
Gorai.004G054600.1.A	1494	1388.5	2	0.0571304
Gorai.004G054600.1.D	1494	1388.5	1	0.0285652
Gorai.004G054700.1.A	744	638.505	0	0
Gorai.004G054700.1.D	744	638.505	0	0
Gorai.004G054800.1.A	1878	1772.5	332.665	7.44396
Gorai.004G054800.1.D	1878	1772.5	313.335	7.01144
Gorai.004G054900.1.A	671	565.505	761.328	53.3974
Gorai.004G054900.1.D	671	565.505	843.639	59.1705
Gorai.004G055000.1.A	474	368.551	0	0
Gorai.004G055000.1.D	474	368.551	0	0
Gorai.004G055100.1.A	1979	1873.5	307	6.49933
Gorai.004G055100.1.D	1979	1873.5	307	6.49933
Gorai.004G055200.1.A	4451	4345.5	149.685	1.36623
Gorai.004G055200.1.D	4451	4345.5	216.132	1.97271
Gorai.004G055300.1.A	2362	2256.5	132.035	2.32079
Gorai.004G055300.1.D	2362	2256.5	117.965	2.0735
Gorai.004G055400.1.A	2002	1896.5	109.099	2.28167
Gorai.004G055400.1.D	2002	1896.5	287.901	6.02107
Gorai.004G055500.1.A	2077	1971.5	0	0
Gorai.004G055500.1.D	2077	1971.5	0	0
Gorai.004G055600.1.A	262	156.894	0	0
Gorai.004G055600.1.D	262	156.894	0	0
Gorai.004G055700.1.A	1530	1424.5	190.373	5.30061
Gorai.004G055700.1.D	1530	1424.5	355.627	9.90184
Gorai.004G055800.1.A	2852	2746.5	34.7312	0.501561
Gorai.004G055800.1.D	2852	2746.5	60.2688	0.870357
Gorai.004G055900.1.A	591	485.551	0	0
Gorai.004G055900.1.D	591	485.551	0	0
Gorai.004G056000.1.A	1266	1160.5	145.896	4.98635
Gorai.004G056000.1.D	1266	1160.5	101.104	3.45545
Gorai.004G056100.1.A	4249	4143.5	30.2118	0.289196
Gorai.004G056100.1.D	4249	4143.5	96.9294	0.927839
Gorai.004G056200.1.A	652	546.505	2	0.145151
Gorai.004G056200.1.D	652	546.505	2	0.145151
Gorai.004G056300.1.A	841	735.505	0	0
Gorai.004G056300.1.D	841	735.505	0	0
Gorai.004G056400.1.A	11815	11709.5	291.019	0.985752
Gorai.004G056400.1.D	11815	11709.5	431.981	1.46323
Gorai.004G056500.1.A	213	108.896	0	0
Gorai.004G056500.1.D	213	108.896	0	0
Gorai.004G056600.1.A	3144	3038.5	6.74286	0.0880175
Gorai.004G056600.1.D	3144	3038.5	111.257	1.45229
Gorai.004G056700.1.A	1137	1031.5	1964.89	75.5529
Gorai.004G056700.1.D	1137	1031.5	1831.11	70.4091
Gorai.004G056800.1.A	328	222.63	0	0
Gorai.004G056800.1.D	328	222.63	0	0
Gorai.004G056900.1.A	3789	3683.5	286.299	3.08278
Gorai.004G056900.1.D	3789	3683.5	1063.7	11.4536
Gorai.004G057000.1.A	657	551.505	0	0
Gorai.004G057000.1.D	657	551.505	0	0
Gorai.004G057100.1.A	417	311.583	0	0
Gorai.004G057100.1.D	417	311.583	0	0
Gorai.004G057200.1.A	1969	1863.5	0	0
Gorai.004G057200.1.D	1969	1863.5	1	0.0212841
Gorai.004G057300.1.A	2530	2424.5	184.735	3.02212
Gorai.004G057300.1.D	2530	2424.5	228.265	3.73423
Gorai.004G057400.1.A	3399	3293.5	25198.4	303.459
Gorai.004G057400.1.D	3399	3293.5	18554.6	223.448
Gorai.004G057500.1.A	2193	2087.5	390.052	7.41105
Gorai.004G057500.1.D	2193	2087.5	214.948	4.08405
Gorai.004G057600.1.A	2726	2620.5	63.6522	0.963415
Gorai.004G057600.1.D	2726	2620.5	224.348	3.39564
Gorai.004G057700.1.A	1546	1440.5	95.68	2.63446
Gorai.004G057700.1.D	1546	1440.5	34.32	0.944969
Gorai.004G057800.1.A	718	612.505	44	2.84923
Gorai.004G057800.1.D	718	612.505	51	3.30252
Gorai.004G057900.1.A	1243	1137.5	234.586	8.17962
Gorai.004G057900.1.D	1243	1137.5	151.414	5.27957
Gorai.004G058000.1.A	487	381.551	0	0
Gorai.004G058000.1.D	487	381.551	0	0
Gorai.004G058100.1.A	510	404.551	0	0
Gorai.004G058100.1.D	510	404.551	0	0
Gorai.004G058200.1.A	441	335.583	0	0
Gorai.004G058200.1.D	441	335.583	0	0
Gorai.004G058300.1.A	2384	2278.5	146.882	2.55683
Gorai.004G058300.1.D	2384	2278.5	219.118	3.81429
Gorai.004G058400.1.A	1254	1148.5	58.14	2.00783
Gorai.004G058400.1.D	1254	1148.5	43.86	1.51468
Gorai.004G058500.1.A	1345	1239.5	2256.41	72.2028
Gorai.004G058500.1.D	1345	1239.5	1123.59	35.9539
Gorai.004G058600.1.A	1110	1004.5	1669.69	65.9277
Gorai.004G058600.1.D	1110	1004.5	560.314	22.124
Gorai.004G058700.1.A	1614	1508.5	44.7222	1.17588
Gorai.004G058700.1.D	1614	1508.5	1.27778	0.0335965
Gorai.004G058800.1.A	716	610.505	4052.79	263.299
Gorai.004G058800.1.D	716	610.505	1230.21	79.9237
Gorai.004G058900.1.A	1313	1207.5	297.641	9.77661
Gorai.004G058900.1.D	1313	1207.5	294.183	9.66302
Gorai.004G059000.1.A	2060	1954.5	18.1934	0.369201
Gorai.004G059000.1.D	2060	1954.5	140.983	2.86099
Gorai.004G059100.1.A	2160	2054.5	683.501	13.1952
Gorai.004G059100.1.D	2160	2054.5	704.499	13.6006
Gorai.004G059200.1.A	558	452.551	0	0
Gorai.004G059200.1.D	558	452.551	0	0
Gorai.004G059300.1.A	999	893.505	83.7391	3.71721
Gorai.004G059300.1.D	999	893.505	237.261	10.5321
Gorai.004G059400.1.A	1724	1618.5	1.46471	0.035894
Gorai.004G059400.1.D	1724	1618.5	0	0
Gorai.004G059500.1.A	2727	2621.5	0	0
Gorai.004G059500.1.D	2727	2621.5	0	0
Gorai.004G059600.1.A	1781	1675.5	11.5353	0.273066
Gorai.004G059600.1.D	1781	1675.5	0	0
Gorai.004G059700.1.A	3214	3108.5	0	0
Gorai.004G059700.1.D	3214	3108.5	0	0
Gorai.004G059800.1.A	567	461.551	0.5	0.042967
Gorai.004G059800.1.D	567	461.551	0.5	0.042967
Gorai.004G059900.1.A	3177	3071.5	0	0
Gorai.004G059900.1.D	3177	3071.5	0	0
Gorai.004G060000.1.A	707	601.505	0	0
Gorai.004G060000.1.D	707	601.505	0	0
Gorai.004G060100.1.A	2772	2666.5	0	0
Gorai.004G060100.1.D	2772	2666.5	0	0
Gorai.004G060200.1.A	2224	2118.5	120.242	2.25119
Gorai.004G060200.1.D	2224	2118.5	144.758	2.71017
Gorai.004G060300.1.A	1827	1721.5	79.396	1.82926
Gorai.004G060300.1.D	1827	1721.5	89.604	2.06445
Gorai.004G060400.1.A	1374	1268.5	1194.7	37.3552
Gorai.004G060400.1.D	1374	1268.5	2216.12	69.2925
Gorai.004G060500.1.A	1801	1695.5	161.658	3.78167
Gorai.004G060500.1.D	1801	1695.5	36.3418	0.850143
Gorai.004G060600.1.A	3514	3408.5	245.078	2.85184
Gorai.004G060600.1.D	3514	3408.5	241.922	2.81512
Gorai.004G060700.1.A	948	842.505	0.5	0.0235387
Gorai.004G060700.1.D	948	842.505	0.5	0.0235387
Gorai.004G060800.1.A	1574	1468.5	0	0
Gorai.004G060800.1.D	1574	1468.5	1	0.0270091
Gorai.004G060900.1.A	2871	2765.5	18.3881	0.263722
Gorai.004G060900.1.D	2871	2765.5	58.6119	0.840614
Gorai.004G061000.1.A	2160	2054.5	167.684	3.2372
Gorai.004G061000.1.D	2160	2054.5	245.316	4.73591
Gorai.004G061100.1.A	471	365.551	21.3663	2.31828
Gorai.004G061100.1.D	471	365.551	0	0
Gorai.004G061200.1.A	2286	2180.5	185.022	3.36552
Gorai.004G061200.1.D	2286	2180.5	44.9778	0.818137
Gorai.004G061300.1.A	2026	1920.5	22.8148	0.47118
Gorai.004G061300.1.D	2026	1920.5	5.18519	0.107086
Gorai.004G061400.1.A	2439	2333.5	413.897	7.03507
Gorai.004G061400.1.D	2439	2333.5	550.103	9.35019
Gorai.004G061500.1.A	1248	1142.5	0	0
Gorai.004G061500.1.D	1248	1142.5	0	0
Gorai.004G061600.1.A	1148	1042.5	0	0
Gorai.004G061600.1.D	1148	1042.5	0	0
Gorai.004G061700.1.A	1170	1064.5	52696.3	1963.44
Gorai.004G061700.1.D	1170	1064.5	3636.71	135.502
Gorai.004G061800.1.A	1365	1259.5	0	0
Gorai.004G061800.1.D	1365	1259.5	0	0
Gorai.004G061900.1.A	628	522.505	343	26.0369
Gorai.004G061900.1.D	628	522.505	0	0
Gorai.004G062000.1.A	369	263.583	0	0
Gorai.004G062000.1.D	369	263.583	1	0.150476
Gorai.004G062100.1.A	1350	1244.5	21.9455	0.699412
Gorai.004G062100.1.D	1350	1244.5	49.0545	1.56339
Gorai.004G062200.1.A	500	394.551	100.306	10.0835
Gorai.004G062200.1.D	500	394.551	100.306	10.0835
Gorai.004G062300.1.A	231	126.463	0	0
Gorai.004G062300.1.D	231	126.463	0	0
Gorai.004G062400.1.A	809	703.505	175.676	9.90443
Gorai.004G062400.1.D	809	703.505	324.324	18.2851
Gorai.004G062500.1.A	1646	1540.5	271.925	7.00118
Gorai.004G062500.1.D	1646	1540.5	277.075	7.13377
Gorai.004G062600.1.A	1668	1562.5	86.8939	2.20573
Gorai.004G062600.1.D	1668	1562.5	68.1061	1.72882
Gorai.004G062700.1.A	1629	1523.5	74.4762	1.93891
Gorai.004G062700.1.D	1629	1523.5	40.5238	1.055
Gorai.004G062800.1.A	984	878.505	1	0.0451482
Gorai.004G062800.1.D	984	878.505	1	0.0451482
Gorai.004G062900.1.A	1173	1067.5	727.117	27.0159
Gorai.004G062900.1.D	1173	1067.5	838.883	31.1685
Gorai.004G063000.1.A	1041	935.505	0	0
Gorai.004G063000.1.D	1041	935.505	0	0
Gorai.004G063100.1.A	1560	1454.5	0	0
Gorai.004G063100.1.D	1560	1454.5	5	0.136345
Gorai.004G063200.1.A	1671	1565.5	138.824	3.51717
Gorai.004G063200.1.D	1671	1565.5	141.176	3.57679
Gorai.004G063300.1.A	408	302.583	226	29.6243
Gorai.004G063300.1.D	408	302.583	35	4.58784
Gorai.004G063400.1.A	2028	1922.5	1088.86	22.4641
Gorai.004G063400.1.D	2028	1922.5	1056.14	21.7891
Gorai.004G063500.1.A	1646	1540.5	87.9024	2.2632
Gorai.004G063500.1.D	1646	1540.5	124.098	3.19511
Gorai.004G063600.1.A	1650	1544.5	5716.47	146.799
Gorai.004G063600.1.D	1650	1544.5	657.526	16.8853
Gorai.004G063700.1.A	2043	1937.5	103.053	2.10961
Gorai.004G063700.1.D	2043	1937.5	50.9474	1.04295
Gorai.004G063800.1.A	1116	1010.5	1.625	0.0637823
Gorai.004G063800.1.D	1116	1010.5	11.375	0.446476
Gorai.004G063900.1.A	2298	2192.5	3678.73	66.549
Gorai.004G063900.1.D	2298	2192.5	5191.27	93.9114
Gorai.004G064000.1.A	375	269.583	0	0
Gorai.004G064000.1.D	375	269.583	2	0.294254
Gorai.004G064100.1.A	1360	1254.5	9.57895	0.302852
Gorai.004G064100.1.D	1360	1254.5	16.4211	0.519175
Gorai.004G064200.1.A	2302	2196.5	20.9215	0.377786
Gorai.004G064200.1.D	2302	2196.5	8.62782	0.155795
Gorai.004G064300.1.A	1643	1537.5	1.45064	0.0374222
Gorai.004G064300.1.D	1643	1537.5	0	0
Gorai.004G064400.1.A	1529	1423.5	0	0
Gorai.004G064400.1.D	1529	1423.5	0	0
Gorai.004G064500.1.A	3870	3764.5	668.466	7.04298
Gorai.004G064500.1.D	3870	3764.5	1332.53	14.0396
Gorai.004G064600.1.A	1812	1706.5	116.05	2.69726
Gorai.004G064600.1.D	1812	1706.5	131.813	3.06362
Gorai.004G064700.1.A	1888	1782.5	290.968	6.47441
Gorai.004G064700.1.D	1888	1782.5	463.032	10.303
Gorai.004G064800.1.A	2655	2549.5	0	0
Gorai.004G064800.1.D	2655	2549.5	0	0
Gorai.004G064900.1.A	1246	1140.5	176.272	6.13014
Gorai.004G064900.1.D	1246	1140.5	38.7145	1.34636
Gorai.004G065000.1.A	2686	2580.5	1913.02	29.4035
Gorai.004G065000.1.D	2686	2580.5	2963.98	45.5571
Gorai.004G065100.1.A	2382	2276.5	5994.65	104.443
Gorai.004G065100.1.D	2382	2276.5	823.352	14.345
Gorai.004G065200.1.A	2021	1915.5	545.429	11.2938
Gorai.004G065200.1.D	2021	1915.5	746.571	15.4587
Gorai.004G065300.1.A	777	671.505	45.4565	2.68492
Gorai.004G065300.1.D	777	671.505	56.5435	3.33978
Gorai.004G065400.1.A	1408	1302.5	0	0
Gorai.004G065400.1.D	1408	1302.5	0	0
Gorai.004G065500.1.A	1650	1544.5	4000.06	102.722
Gorai.004G065500.1.D	1650	1544.5	4193.94	107.701
Gorai.004G065600.1.A	1369	1263.5	0	0
Gorai.004G065600.1.D	1369	1263.5	0	0
Gorai.004G065700.1.A	1576	1470.5	2	0.0539447
Gorai.004G065700.1.D	1576	1470.5	8	0.215779
Gorai.004G065800.1.A	2441	2335.5	5	0.084913
Gorai.004G065800.1.D	2441	2335.5	18	0.305687
Gorai.004G065900.1.A	3994	3888.5	117.959	1.20318
Gorai.004G065900.1.D	3994	3888.5	5377.22	54.8479
Gorai.004G066000.1.A	2039	1933.5	43.5819	0.894018
Gorai.004G066000.1.D	2039	1933.5	11.8824	0.243749
Gorai.004G066100.1.A	2137	2031.5	267.217	5.21712
Gorai.004G066100.1.D	2137	2031.5	478.319	9.33866
Gorai.004G066200.1.A	345	239.63	0	0
Gorai.004G066200.1.D	345	239.63	0	0
Gorai.004G066300.1.A	1323	1217.5	0	0
Gorai.004G066300.1.D	1323	1217.5	0	0
Gorai.004G066400.1.A	1550	1444.5	0	0
Gorai.004G066400.1.D	1550	1444.5	0	0
Gorai.004G066500.1.A	809	703.505	198.669	11.2008
Gorai.004G066500.1.D	809	703.505	226.331	12.7604
Gorai.004G066600.1.A	2379	2273.5	11.6111	0.202564
Gorai.004G066600.1.D	2379	2273.5	7.38889	0.128905
Gorai.004G066700.1.A	1622	1516.5	1696.14	44.3611
Gorai.004G066700.1.D	1622	1516.5	660.862	17.2843
Gorai.004G066800.1.A	2530	2424.5	73.44	1.20142
Gorai.004G066800.1.D	2530	2424.5	28.56	0.467219
Gorai.004G066900.1.A	528	422.551	0	0
Gorai.004G066900.1.D	528	422.551	2	0.187731
Gorai.004G067000.1.A	1967	1861.5	29	0.617901
Gorai.004G067000.1.D	1967	1861.5	0	0
Gorai.004G067100.1.A	4234	4128.5	6.21687	0.059726
Gorai.004G067100.1.D	4234	4128.5	79.7831	0.766484
Gorai.004G067200.1.A	4368	4262.5	1601.13	14.8987
Gorai.004G067200.1.D	4368	4262.5	1148.87	10.6903
Gorai.004G067300.1.A	1062	956.505	0	0
Gorai.004G067300.1.D	1062	956.505	0	0
Gorai.004G067400.1.A	954	848.505	111.669	5.2199
Gorai.004G067400.1.D	954	848.505	55.3313	2.58644
Gorai.004G067500.1.A	2242	2136.5	147.618	2.74045
Gorai.004G067500.1.D	2242	2136.5	78.3815	1.45511
Gorai.004G067600.1.A	1249	1143.5	2140.23	74.2347
Gorai.004G067600.1.D	1249	1143.5	1551.77	53.8239
Gorai.004G067700.1.A	855	749.505	742.219	39.2774
Gorai.004G067700.1.D	855	749.505	913.699	48.3519
Gorai.004G067800.1.A	1632	1526.5	0	0
Gorai.004G067800.1.D	1632	1526.5	21	0.54564
Gorai.004G067900.1.A	1023	917.505	164.704	7.12002
Gorai.004G067900.1.D	1023	917.505	626.296	27.0742
Gorai.004G068000.1.A	880	774.505	1213.51	62.1448
Gorai.004G068000.1.D	880	774.505	1472.48	75.4067
Gorai.004G068100.1.A	818	712.505	534.041	29.7284
Gorai.004G068100.1.D	818	712.505	30.9589	1.72339
Gorai.004G068200.1.A	1186	1080.5	354.231	13.003
Gorai.004G068200.1.D	1186	1080.5	236.567	8.68384
Gorai.004G068300.1.A	863	757.505	39.146	2.04969
Gorai.004G068300.1.D	863	757.505	1.05637	0.0553113
Gorai.004G068400.1.A	630	524.505	1	0.0756198
Gorai.004G068400.1.D	630	524.505	2	0.15124
Gorai.004G068500.1.A	1279	1173.5	0	0
Gorai.004G068500.1.D	1279	1173.5	1	0.0337987
Gorai.004G068600.1.A	1452	1346.5	0.5	0.0147281
Gorai.004G068600.1.D	1452	1346.5	0.5	0.0147281
Gorai.004G068700.1.A	1470	1364.5	0	0
Gorai.004G068700.1.D	1470	1364.5	3	0.0872029
Gorai.004G068800.1.A	1335	1229.5	6	0.193556
Gorai.004G068800.1.D	1335	1229.5	1	0.0322593
Gorai.004G068900.1.A	384	278.583	0	0
Gorai.004G068900.1.D	384	278.583	0	0
Gorai.004G069000.1.A	513	407.551	3.5	0.34062
Gorai.004G069000.1.D	513	407.551	3.5	0.34062
Gorai.004G069100.1.A	307	201.687	0	0
Gorai.004G069100.1.D	307	201.687	0	0
Gorai.004G069200.1.A	1663	1557.5	0	0
Gorai.004G069200.1.D	1663	1557.5	0	0
Gorai.004G069300.1.A	1470	1364.5	9	0.261609
Gorai.004G069300.1.D	1470	1364.5	0	0
Gorai.004G069400.1.A	2266	2160.5	119.769	2.19875
Gorai.004G069400.1.D	2266	2160.5	53.2308	0.97722
Gorai.004G069500.1.A	1207	1101.5	0	0
Gorai.004G069500.1.D	1207	1101.5	0	0
Gorai.004G069600.1.A	1507	1401.5	76.4901	2.16469
Gorai.004G069600.1.D	1507	1401.5	88.5099	2.50485
Gorai.004G069700.1.A	1956	1850.5	935.764	20.0568
Gorai.004G069700.1.D	1956	1850.5	904.186	19.3799
Gorai.004G069800.1.A	750	644.505	296.686	18.2581
Gorai.004G069800.1.D	750	644.505	375.349	23.0991
Gorai.004G069900.1.A	1007	901.505	1036.08	45.5838
Gorai.004G069900.1.D	1007	901.505	402.92	17.727
Gorai.004G070000.1.A	1184	1078.5	1322.51	48.6366
Gorai.004G070000.1.D	1184	1078.5	1570.49	57.756
Gorai.004G070100.1.A	801	695.505	155.923	8.89189
Gorai.004G070100.1.D	801	695.505	3.07742	0.175498
Gorai.004G070200.1.A	1290	1184.5	0	0
Gorai.004G070200.1.D	1290	1184.5	0	0
Gorai.004G070300.1.A	1695	1589.5	26.864	0.670337
Gorai.004G070300.1.D	1695	1589.5	5.16615	0.128911
Gorai.004G070400.1.A	2988	2882.5	494.74	6.80756
Gorai.004G070400.1.D	2988	2882.5	109.26	1.50341
Gorai.004G070500.1.A	922	816.505	1	0.0485765
Gorai.004G070500.1.D	922	816.505	0	0
Gorai.004G070600.1.A	693	587.505	0	0
Gorai.004G070600.1.D	693	587.505	0	0
Gorai.004G070700.1.A	1013	907.505	0	0
Gorai.004G070700.1.D	1013	907.505	0	0
Gorai.004G070800.1.A	863	757.505	0	0
Gorai.004G070800.1.D	863	757.505	0	0
Gorai.004G070900.1.A	693	587.505	0	0
Gorai.004G070900.1.D	693	587.505	0	0
Gorai.004G071000.1.A	1015	909.505	94.748	4.1319
Gorai.004G071000.1.D	1015	909.505	10.9906	0.479292
Gorai.004G071100.1.A	861	755.505	13.9286	0.731231
Gorai.004G071100.1.D	861	755.505	1.07143	0.0562485
Gorai.004G071200.1.A	559	453.551	0	0
Gorai.004G071200.1.D	559	453.551	0	0
Gorai.004G071300.1.A	1177	1071.5	280.546	10.3847
Gorai.004G071300.1.D	1177	1071.5	67.4537	2.49688
Gorai.004G071400.1.A	1962	1856.5	18.1034	0.386768
Gorai.004G071400.1.D	1962	1856.5	16.8966	0.360983
Gorai.004G071500.1.A	3688	3582.5	203.186	2.24954
Gorai.004G071500.1.D	3688	3582.5	240.814	2.66612
Gorai.004G071600.1.A	869	763.505	22	1.14287
Gorai.004G071600.1.D	869	763.505	22	1.14287
Gorai.004G071700.1.A	1740	1634.5	80.687	1.95795
Gorai.004G071700.1.D	1740	1634.5	70.313	1.70622
Gorai.004G071800.1.A	1284	1178.5	48.8194	1.64303
Gorai.004G071800.1.D	1284	1178.5	46.1806	1.55422
Gorai.004G071900.1.A	309	203.687	0	0
Gorai.004G071900.1.D	309	203.687	2	0.389449
Gorai.004G072000.1.A	1732	1626.5	180.268	4.39591
Gorai.004G072000.1.D	1732	1626.5	208.732	5.09
Gorai.004G072100.1.A	3134	3028.5	108.651	1.42295
Gorai.004G072100.1.D	3134	3028.5	205.349	2.68937
Gorai.004G072200.1.A	1161	1055.5	20	0.751545
Gorai.004G072200.1.D	1161	1055.5	47	1.76613
Gorai.004G072300.1.A	710	604.505	1.5	0.0984185
Gorai.004G072300.1.D	710	604.505	1.5	0.0984185
Gorai.004G072400.1.A	1316	1210.5	1	0.0327656
Gorai.004G072400.1.D	1316	1210.5	0	0
Gorai.004G072500.1.A	518	412.551	0.569292	0.054732
Gorai.004G072500.1.D	518	412.551	0.569292	0.054732
Gorai.004G072600.1.A	311	205.687	0	0
Gorai.004G072600.1.D	311	205.687	0	0
Gorai.004G072700.1.A	1369	1263.5	0	0
Gorai.004G072700.1.D	1369	1263.5	1	0.0313912
Gorai.004G072800.1.A	3002	2896.5	59.4231	0.813703
Gorai.004G072800.1.D	3002	2896.5	43.5769	0.596715
Gorai.004G072900.1.A	273	167.834	5.5	1.29977
Gorai.004G072900.1.D	273	167.834	5.5	1.29977
Gorai.004G073000.1.A	3413	3307.5	743.171	8.91196
Gorai.004G073000.1.D	3413	3307.5	574.829	6.89323
Gorai.004G073100.1.A	2851	2745.5	4	0.057786
Gorai.004G073100.1.D	2851	2745.5	10	0.144465
Gorai.004G073200.1.A	681	575.505	0	0
Gorai.004G073200.1.D	681	575.505	0	0
Gorai.004G073300.1.A	690	584.505	0	0
Gorai.004G073300.1.D	690	584.505	1	0.0678574
Gorai.004G073400.1.A	709	603.505	43	2.826
Gorai.004G073400.1.D	709	603.505	0	0
Gorai.004G073500.1.A	516	410.551	0	0
Gorai.004G073500.1.D	516	410.551	0	0
Gorai.004G073600.1.A	1847	1741.5	152.852	3.48123
Gorai.004G073600.1.D	1847	1741.5	106.148	2.41752
Gorai.004G073700.1.A	362	256.583	0	0
Gorai.004G073700.1.D	362	256.583	0	0
Gorai.004G073800.1.A	324	218.63	0	0
Gorai.004G073800.1.D	324	218.63	0	0
Gorai.004G073900.1.A	1173	1067.5	107.236	3.98432
Gorai.004G073900.1.D	1173	1067.5	75.7643	2.81501
Gorai.004G074000.1.A	2076	1970.5	1156.8	23.2844
Gorai.004G074000.1.D	2076	1970.5	139.2	2.80186
Gorai.004G074100.1.A	2178	2072.5	374.292	7.16309
Gorai.004G074100.1.D	2178	2072.5	6.70775	0.128371
Gorai.004G074200.1.A	1636	1530.5	995.138	25.7889
Gorai.004G074200.1.D	1636	1530.5	928.862	24.0714
Gorai.004G074300.1.A	2295	2189.5	15.7895	0.286027
Gorai.004G074300.1.D	2295	2189.5	44.2105	0.800875
Gorai.004G074400.1.A	1164	1058.5	3.92857	0.147206
Gorai.004G074400.1.D	1164	1058.5	51.0714	1.91368
Gorai.004G074500.1.A	1340	1234.5	0	0
Gorai.004G074500.1.D	1340	1234.5	0	0
Gorai.004G074600.1.A	1969	1863.5	1	0.0212841
Gorai.004G074600.1.D	1969	1863.5	5	0.10642
Gorai.004G074700.1.A	2088	1982.5	7.875	0.157551
Gorai.004G074700.1.D	2088	1982.5	1.125	0.0225073
Gorai.004G074800.1.A	1218	1112.5	9	0.320867
Gorai.004G074800.1.D	1218	1112.5	0	0
Gorai.004G074900.1.A	363	257.583	0.973191	0.149853
Gorai.004G074900.1.D	363	257.583	0.973191	0.149853
Gorai.004G075000.1.A	1311	1205.5	23.34	0.76792
Gorai.004G075000.1.D	1311	1205.5	563.66	18.5453
Gorai.004G075100.1.A	1342	1236.5	0	0
Gorai.004G075100.1.D	1342	1236.5	6.08771	0.195273
Gorai.004G075200.1.A	1556	1450.5	187.129	5.1169
Gorai.004G075200.1.D	1556	1450.5	149.159	4.07865
Gorai.004G075300.1.A	1479	1373.5	1048.55	30.2791
Gorai.004G075300.1.D	1479	1373.5	1039.45	30.0165
Gorai.004G075400.1.A	1808	1702.5	292.328	6.81031
Gorai.004G075400.1.D	1808	1702.5	365.672	8.51899
Gorai.004G075500.1.A	1742	1636.5	79.9678	1.93813
Gorai.004G075500.1.D	1742	1636.5	496.032	12.022
Gorai.004G075600.1.A	498	392.551	1.04749	0.105837
Gorai.004G075600.1.D	498	392.551	0	0
Gorai.004G075700.1.A	2520	2414.5	1510.48	24.8126
Gorai.004G075700.1.D	2520	2414.5	454.519	7.46635
Gorai.004G075800.1.A	1843	1737.5	25	0.570688
Gorai.004G075800.1.D	1843	1737.5	0	0
Gorai.004G075900.1.A	1117	1011.5	49.8873	1.95617
Gorai.004G075900.1.D	1117	1011.5	104.113	4.08245
Gorai.004G076000.1.A	642	536.505	0	0
Gorai.004G076000.1.D	642	536.505	0	0
Gorai.004G076100.1.A	1602	1496.5	0	0
Gorai.004G076100.1.D	1602	1496.5	0	0
Gorai.004G076200.1.A	240	135.211	0	0
Gorai.004G076200.1.D	240	135.211	0	0
Gorai.004G076300.1.A	1786	1680.5	196.889	4.64693
Gorai.004G076300.1.D	1786	1680.5	246.111	5.80867
Gorai.004G076400.1.A	880	774.505	6	0.307264
Gorai.004G076400.1.D	880	774.505	4	0.204843
Gorai.004G076500.1.A	2907	2801.5	25.4878	0.360849
Gorai.004G076500.1.D	2907	2801.5	69.5122	0.984135
Gorai.004G076600.1.A	2332	2226.5	55.5556	0.989666
Gorai.004G076600.1.D	2332	2226.5	94.4444	1.68243
Gorai.004G076700.1.A	306	200.687	0	0
Gorai.004G076700.1.D	306	200.687	0	0
Gorai.004G076800.1.A	2131	2025.5	12.6667	0.248036
Gorai.004G076800.1.D	2131	2025.5	25.3333	0.496071
Gorai.004G076900.1.A	2324	2218.5	1	0.0178782
Gorai.004G076900.1.D	2324	2218.5	1	0.0178782
Gorai.004G077000.1.A	3977	3871.5	705.893	7.23176
Gorai.004G077000.1.D	3977	3871.5	940.107	9.63124
Gorai.004G077100.1.A	1764	1658.5	41.8889	1.00177
Gorai.004G077100.1.D	1764	1658.5	16.1111	0.385295
Gorai.004G077200.1.A	1019	913.505	2.18214	0.094745
Gorai.004G077200.1.D	1019	913.505	2.18214	0.094745
Gorai.004G077300.1.A	2512	2406.5	3	0.0494447
Gorai.004G077300.1.D	2512	2406.5	0	0
Gorai.004G077400.1.A	1049	943.505	7.04767	0.296269
Gorai.004G077400.1.D	1049	943.505	643.396	27.047
Gorai.004G077500.1.A	2346	2240.5	0	0
Gorai.004G077500.1.D	2346	2240.5	6.55639	0.116066
Gorai.004G077600.1.A	3036	2930.5	266.833	3.61145
Gorai.004G077600.1.D	3036	2930.5	1570.17	21.2514
Gorai.004G077700.1.A	8177	8071.5	963.915	4.73663
Gorai.004G077700.1.D	8177	8071.5	214.085	1.052
Gorai.004G077800.1.A	2788	2682.5	368.377	5.44674
Gorai.004G077800.1.D	2788	2682.5	189.623	2.80373
Gorai.004G077900.1.A	1912	1806.5	73.0164	1.60312
Gorai.004G077900.1.D	1912	1806.5	57.9836	1.27307
Gorai.004G078000.1.A	1576	1470.5	608.775	16.4201
Gorai.004G078000.1.D	1576	1470.5	244.225	6.58731
Gorai.004G078100.1.A	2807	2701.5	12.7273	0.186859
Gorai.004G078100.1.D	2807	2701.5	57.2727	0.840866
Gorai.004G078200.1.A	1711	1605.5	109.213	2.69803
Gorai.004G078200.1.D	1711	1605.5	80.7874	1.9958
Gorai.004G078300.1.A	1311	1205.5	3	0.0987046
Gorai.004G078300.1.D	1311	1205.5	11	0.361917
Gorai.004G078400.1.A	2599	2493.5	1451.81	23.0932
Gorai.004G078400.1.D	2599	2493.5	1615.17	25.6917
Gorai.004G078500.1.A	2207	2101.5	0	0
Gorai.004G078500.1.D	2207	2101.5	0	0
Gorai.004G078600.1.A	2330	2224.5	0	0
Gorai.004G078600.1.D	2330	2224.5	2	0.03566
Gorai.004G078700.1.A	1183	1077.5	67	2.46627
Gorai.004G078700.1.D	1183	1077.5	19	0.69939
Gorai.004G078800.1.A	5279	5173.5	225.834	1.73137
Gorai.004G078800.1.D	5279	5173.5	341.647	2.61925
Gorai.004G078900.1.A	1473	1367.5	0	0
Gorai.004G078900.1.D	1473	1367.5	0	0
Gorai.004G079000.1.A	5482	5376.5	315.54	2.32776
Gorai.004G079000.1.D	5482	5376.5	288.979	2.13182
Gorai.004G079100.1.A	2273	2167.5	35.0879	0.64207
Gorai.004G079100.1.D	2273	2167.5	67.9121	1.24272
Gorai.004G079200.1.A	753	647.505	25.4545	1.55922
Gorai.004G079200.1.D	753	647.505	9.54545	0.584707
Gorai.004G079300.1.A	1957	1851.5	45.2973	0.970358
Gorai.004G079300.1.D	1957	1851.5	239.825	5.13754
Gorai.004G079400.1.A	975	869.505	221.606	10.1087
Gorai.004G079400.1.D	975	869.505	417.394	19.0397
Gorai.004G079500.1.A	2631	2525.5	0	0
Gorai.004G079500.1.D	2631	2525.5	0	0
Gorai.004G079600.1.A	892	786.505	0	0
Gorai.004G079600.1.D	892	786.505	0	0
Gorai.004G079700.1.A	672	566.505	0	0
Gorai.004G079700.1.D	672	566.505	0	0
Gorai.004G079800.1.A	1105	999.505	817.136	32.4261
Gorai.004G079800.1.D	1105	999.505	1040.86	41.3042
Gorai.004G079900.1.A	2349	2243.5	530.53	9.37924
Gorai.004G079900.1.D	2349	2243.5	2847.47	50.3405
Gorai.004G080000.1.A	1875	1769.5	98.0969	2.19881
Gorai.004G080000.1.D	1875	1769.5	122.903	2.75484
Gorai.004G080100.1.A	1406	1300.5	11	0.335479
Gorai.004G080100.1.D	1406	1300.5	8	0.243985
Gorai.004G080200.1.A	2927	2821.5	28.3111	0.39798
Gorai.004G080200.1.D	2927	2821.5	20.6889	0.290831
Gorai.004G080300.1.A	1645	1539.5	7.5122	0.19354
Gorai.004G080300.1.D	1645	1539.5	36.4878	0.940051
Gorai.004G080400.1.A	803	697.505	0	0
Gorai.004G080400.1.D	803	697.505	0	0
Gorai.004G080500.1.A	2525	2419.5	272.618	4.46903
Gorai.004G080500.1.D	2525	2419.5	441.382	7.23557
Gorai.004G080600.1.A	2153	2047.5	26.4085	0.511567
Gorai.004G080600.1.D	2153	2047.5	48.5915	0.941284
Gorai.004G080700.1.A	839	733.505	5	0.270366
Gorai.004G080700.1.D	839	733.505	0	0
Gorai.004G080800.1.A	888	782.505	0	0
Gorai.004G080800.1.D	888	782.505	0	0
Gorai.004G080900.1.A	809	703.505	0	0
Gorai.004G080900.1.D	809	703.505	0	0
Gorai.004G081000.1.A	294	188.687	0	0
Gorai.004G081000.1.D	294	188.687	0	0
Gorai.004G081100.1.A	1217	1111.5	2.8	0.0999152
Gorai.004G081100.1.D	1217	1111.5	4.2	0.149873
Gorai.004G081200.1.A	2842	2736.5	6	0.0869641
Gorai.004G081200.1.D	2842	2736.5	9	0.130446
Gorai.004G081300.1.A	473	367.551	10	1.07911
Gorai.004G081300.1.D	473	367.551	10	1.07911
Gorai.004G081400.1.A	1482	1376.5	0	0
Gorai.004G081400.1.D	1482	1376.5	0	0
Gorai.004G081500.1.A	666	560.505	456.366	32.2938
Gorai.004G081500.1.D	666	560.505	789.634	55.8768
Gorai.004G081600.1.A	417	311.583	303.571	38.643
Gorai.004G081600.1.D	417	311.583	118.127	15.037
Gorai.004G081700.1.A	1434	1328.5	0	0
Gorai.004G081700.1.D	1434	1328.5	2	0.0597107
Gorai.004G081800.1.A	1513	1407.5	0	0
Gorai.004G081800.1.D	1513	1407.5	6	0.169078
Gorai.004G081900.1.A	852	746.505	0	0
Gorai.004G081900.1.D	852	746.505	0	0
Gorai.004G082000.1.A	1411	1305.5	4.03997	0.12274
Gorai.004G082000.1.D	1411	1305.5	2.0251	0.0615251
Gorai.004G082100.1.A	165	64.5498	0	0
Gorai.004G082100.1.D	165	64.5498	0	0
Gorai.004G082200.1.A	1469	1363.5	415.913	12.0985
Gorai.004G082200.1.D	1469	1363.5	3.02164	0.0878963
Gorai.004G082300.1.A	1652	1546.5	73.485	1.88466
Gorai.004G082300.1.D	1652	1546.5	133.515	3.42424
Gorai.004G082400.1.A	604	498.551	0	0
Gorai.004G082400.1.D	604	498.551	0	0
Gorai.004G082500.1.A	495	389.551	0	0
Gorai.004G082500.1.D	495	389.551	0	0
Gorai.004G082600.1.A	1387	1281.5	1	0.0309503
Gorai.004G082600.1.D	1387	1281.5	0	0
Gorai.004G082700.1.A	255	149.978	0	0
Gorai.004G082700.1.D	255	149.978	0	0
Gorai.004G082800.1.A	2142	2036.5	644.552	12.5533
Gorai.004G082800.1.D	2142	2036.5	746.448	14.5378
Gorai.004G082900.1.A	273	167.834	0	0
Gorai.004G082900.1.D	273	167.834	0	0
Gorai.004G083000.1.A	912	806.505	8.59419	0.422652
Gorai.004G083000.1.D	912	806.505	8.59419	0.422652
Gorai.004G083100.1.A	512	406.551	4.23916	0.41357
Gorai.004G083100.1.D	512	406.551	4.23916	0.41357
Gorai.004G083200.1.A	1088	982.505	357.134	14.4172
Gorai.004G083200.1.D	1088	982.505	461.866	18.6452
Gorai.004G083300.1.A	555	449.551	1	0.0882278
Gorai.004G083300.1.D	555	449.551	0	0
Gorai.004G083400.1.A	1192	1086.5	77.011	2.81129
Gorai.004G083400.1.D	1192	1086.5	18.989	0.693195
Gorai.004G083500.1.A	829	723.505	225.243	12.348
Gorai.004G083500.1.D	829	723.505	273.757	15.0075
Gorai.004G083600.1.A	1462	1356.5	133.053	3.89035
Gorai.004G083600.1.D	1462	1356.5	245.947	7.19126
Gorai.004G083700.1.A	868	762.505	0	0
Gorai.004G083700.1.D	868	762.505	0	0
Gorai.004G083800.1.A	2285	2179.5	727.986	13.248
Gorai.004G083800.1.D	2285	2179.5	391.014	7.11573
Gorai.004G083900.1.A	1332	1226.5	0	0
Gorai.004G083900.1.D	1332	1226.5	3	0.0970146
Gorai.004G084000.1.A	1206	1100.5	34.2222	1.23339
Gorai.004G084000.1.D	1206	1100.5	105.778	3.8123
Gorai.004G084100.1.A	2931	2825.5	111.661	1.56744
Gorai.004G084100.1.D	2931	2825.5	93.8768	1.31779
Gorai.004G084200.1.A	1758	1652.5	1.1178	0.0268291
Gorai.004G084200.1.D	1758	1652.5	3.34451	0.0802739
Gorai.004G084300.1.A	1570	1464.5	0	0
Gorai.004G084300.1.D	1570	1464.5	0	0
Gorai.004G084400.1.A	1182	1076.5	112.888	4.15925
Gorai.004G084400.1.D	1182	1076.5	642.112	23.6581
Gorai.004G084500.1.A	1152	1046.5	83.0612	3.14805
Gorai.004G084500.1.D	1152	1046.5	26.9388	1.02099
Gorai.004G084600.1.A	2236	2130.5	69.8817	1.30097
Gorai.004G084600.1.D	2236	2130.5	124.118	2.31067
Gorai.004G084700.1.A	836	730.505	32	1.73745
Gorai.004G084700.1.D	836	730.505	29	1.57456
Gorai.004G084800.1.A	1752	1646.5	138.826	3.34421
Gorai.004G084800.1.D	1752	1646.5	29.1737	0.702769
Gorai.004G084900.1.A	424	318.583	0	0
Gorai.004G084900.1.D	424	318.583	0	0
Gorai.004G085000.1.A	3471	3365.5	2	0.0235703
Gorai.004G085000.1.D	3471	3365.5	3	0.0353554
Gorai.004G085100.1.A	1038	932.505	0	0
Gorai.004G085100.1.D	1038	932.505	0	0
Gorai.004G085200.1.A	1211	1105.5	39.4667	1.41597
Gorai.004G085200.1.D	1211	1105.5	88.5333	3.17637
Gorai.004G085300.1.A	931	825.505	41.8824	2.01232
Gorai.004G085300.1.D	931	825.505	47.1176	2.26386
Gorai.004G085400.1.A	2370	2264.5	37.8	0.662069
Gorai.004G085400.1.D	2370	2264.5	25.2	0.44138
Gorai.004G085500.1.A	1476	1370.5	2.025	0.0586043
Gorai.004G085500.1.D	1476	1370.5	159.975	4.62974
Gorai.004G085600.1.A	318	212.63	19.2174	3.58471
Gorai.004G085600.1.D	318	212.63	6.78261	1.26519
Gorai.004G085700.1.A	1306	1200.5	236.052	7.79882
Gorai.004G085700.1.D	1306	1200.5	102.948	3.40125
Gorai.004G085800.1.A	1194	1088.5	0	0
Gorai.004G085800.1.D	1194	1088.5	0	0
Gorai.004G085900.1.A	3096	2990.5	165.197	2.191
Gorai.004G085900.1.D	3096	2990.5	162.803	2.15925
Gorai.004G086000.1.A	1372	1266.5	22.0833	0.691581
Gorai.004G086000.1.D	1372	1266.5	30.9167	0.968213
Gorai.004G086100.1.A	1159	1053.5	6.81105	0.256426
Gorai.004G086100.1.D	1159	1053.5	0	0
Gorai.004G086200.1.A	1154	1048.5	7.22581	0.273339
Gorai.004G086200.1.D	1154	1048.5	56.7742	2.14766
Gorai.004G086300.1.A	620	514.505	88	6.78388
Gorai.004G086300.1.D	620	514.505	0	0
Gorai.004G086400.1.A	675	569.505	34	2.36792
Gorai.004G086400.1.D	675	569.505	0	0
Gorai.004G086500.1.A	384	278.583	0	0
Gorai.004G086500.1.D	384	278.583	0	0
Gorai.004G086600.1.A	2166	2060.5	54.6825	1.05259
Gorai.004G086600.1.D	2166	2060.5	140.317	2.70099
Gorai.004G086700.1.A	3207	3101.5	89.25	1.14135
Gorai.004G086700.1.D	3207	3101.5	63.75	0.815253
Gorai.004G086800.1.A	3230	3124.5	126.168	1.6016
Gorai.004G086800.1.D	3230	3124.5	173.832	2.20665
Gorai.004G086900.1.A	6154	6048.5	155.651	1.02068
Gorai.004G086900.1.D	6154	6048.5	275.054	1.80366
Gorai.004G087000.1.A	486	380.551	0	0
Gorai.004G087000.1.D	486	380.551	38	3.96055
Gorai.004G087100.1.A	254	148.992	0	0
Gorai.004G087100.1.D	254	148.992	0	0
Gorai.004G087200.1.A	365	259.583	0	0
Gorai.004G087200.1.D	365	259.583	0	0
Gorai.004G087300.1.A	1116	1010.5	137.68	5.40401
Gorai.004G087300.1.D	1116	1010.5	311.32	12.2195
Gorai.004G087400.1.A	665	559.505	1	0.0708894
Gorai.004G087400.1.D	665	559.505	0	0
Gorai.004G087500.1.A	2210	2104.5	153.441	2.89186
Gorai.004G087500.1.D	2210	2104.5	128.559	2.42291
Gorai.004G087600.1.A	1896	1790.5	86.4231	1.91443
Gorai.004G087600.1.D	1896	1790.5	20.5769	0.455816
Gorai.004G087700.1.A	682	576.505	2.10163	0.14459
Gorai.004G087700.1.D	682	576.505	1.97936	0.136178
Gorai.004G087800.1.A	945	839.505	8.30954	0.39259
Gorai.004G087800.1.D	945	839.505	38.6691	1.82695
Gorai.004G087900.1.A	420	314.583	0	0
Gorai.004G087900.1.D	420	314.583	0	0
Gorai.004G088000.1.A	2921	2815.5	20.9998	0.295831
Gorai.004G088000.1.D	2921	2815.5	22.0238	0.310257
Gorai.004G088100.1.A	3446	3340.5	149.186	1.77133
Gorai.004G088100.1.D	3446	3340.5	246.814	2.93051
Gorai.004G088200.1.A	2096	1990.5	340.317	6.78117
Gorai.004G088200.1.D	2096	1990.5	243.683	4.85565
Gorai.004G088300.1.A	1161	1055.5	141.944	5.33388
Gorai.004G088300.1.D	1161	1055.5	150.056	5.63867
Gorai.004G088400.1.A	2400	2294.5	1	0.0172861
Gorai.004G088400.1.D	2400	2294.5	1	0.0172861
Gorai.004G088500.1.A	219	114.772	0	0
Gorai.004G088500.1.D	219	114.772	0	0
Gorai.004G088600.1.A	1951	1845.5	10.1042	0.217155
Gorai.004G088600.1.D	1951	1845.5	86.8958	1.86753
Gorai.004G088700.1.A	1389	1283.5	3.9	0.120518
Gorai.004G088700.1.D	1389	1283.5	9.1	0.281209
Gorai.004G088800.1.A	1207	1101.5	1.01852	0.0366748
Gorai.004G088800.1.D	1207	1101.5	53.9815	1.94376
Gorai.004G088900.1.A	1273	1167.5	86.0294	2.92263
Gorai.004G088900.1.D	1273	1167.5	48.9706	1.66365
Gorai.004G089000.1.A	4277	4171.5	406.778	3.86767
Gorai.004G089000.1.D	4277	4171.5	487.222	4.63254
Gorai.004G089100.1.A	2595	2489.5	104.545	1.66562
Gorai.004G089100.1.D	2595	2489.5	33.4545	0.533
Gorai.004G089200.1.A	4809	4703.5	0	0
Gorai.004G089200.1.D	4809	4703.5	0	0
Gorai.004G089300.1.A	997	891.505	232.208	10.3309
Gorai.004G089300.1.D	997	891.505	218.792	9.73402
Gorai.004G089400.1.A	1187	1081.5	961.622	35.2664
Gorai.004G089400.1.D	1187	1081.5	568.378	20.8446
Gorai.004G089500.1.A	327	221.63	0	0
Gorai.004G089500.1.D	327	221.63	0	0
Gorai.004G089600.1.A	1352	1246.5	70.0073	2.22759
Gorai.004G089600.1.D	1352	1246.5	346.993	11.0411
Gorai.004G089700.1.A	831	725.505	559.472	30.586
Gorai.004G089700.1.D	831	725.505	719.528	39.3362
Gorai.004G089800.1.A	1414	1308.5	758.631	22.9954
Gorai.004G089800.1.D	1414	1308.5	594.369	18.0163
Gorai.004G089900.1.A	829	723.505	118.975	6.52226
Gorai.004G089900.1.D	829	723.505	122.025	6.6895
Gorai.004G090000.1.A	1811	1705.5	2182.09	50.7462
Gorai.004G090000.1.D	1811	1705.5	3378.91	78.5795
Gorai.004G090100.1.A	831	725.505	0	0
Gorai.004G090100.1.D	831	725.505	36.1201	1.97466
Gorai.004G090200.1.A	1599	1493.5	6928.44	183.998
Gorai.004G090200.1.D	1599	1493.5	897.56	23.8365
Gorai.004G090300.1.A	1199	1093.5	1100.91	39.9314
Gorai.004G090300.1.D	1199	1093.5	1207.09	43.783
Gorai.004G090400.1.A	1070	964.505	0	0
Gorai.004G090400.1.D	1070	964.505	0	0
Gorai.004G090500.1.A	2265	2159.5	4.51613	0.0829463
Gorai.004G090500.1.D	2265	2159.5	30.4839	0.559888
Gorai.004G090600.1.A	1488	1382.5	114.33	3.28003
Gorai.004G090600.1.D	1488	1382.5	108.67	3.11766
Gorai.004G090700.1.A	731	625.505	32.7614	2.07738
Gorai.004G090700.1.D	731	625.505	60.2386	3.8197
Gorai.004G090800.1.A	625	519.505	13.2632	1.01261
Gorai.004G090800.1.D	625	519.505	7.73684	0.590689
Gorai.004G090900.1.A	1243	1137.5	194.419	6.77906
Gorai.004G090900.1.D	1243	1137.5	201.581	7.02882
Gorai.004G091000.1.A	1488	1382.5	70	2.00824
Gorai.004G091000.1.D	1488	1382.5	383	10.988
Gorai.004G091100.1.A	575	469.551	0	0
Gorai.004G091100.1.D	575	469.551	6	0.506819
Gorai.004G091200.1.A	1995	1889.5	908.594	19.0725
Gorai.004G091200.1.D	1995	1889.5	837.505	17.5802
Gorai.004G091300.1.A	1701	1595.5	50.2367	1.24884
Gorai.004G091300.1.D	1701	1595.5	95.5894	2.37627
Gorai.004G091400.1.A	1797	1691.5	0	0
Gorai.004G091400.1.D	1797	1691.5	0	0
Gorai.004G091500.1.A	426	320.583	12.7273	1.57463
Gorai.004G091500.1.D	426	320.583	0	0
Gorai.004G091600.1.A	798	692.505	1.1	0.0630021
Gorai.004G091600.1.D	798	692.505	9.9	0.567019
Gorai.004G091700.1.A	1311	1205.5	0.5	0.0164508
Gorai.004G091700.1.D	1311	1205.5	0.5	0.0164508
Gorai.004G091800.1.A	2123	2017.5	132.919	2.61312
Gorai.004G091800.1.D	2123	2017.5	1.08065	0.0212448
Gorai.004G091900.1.A	1551	1445.5	25	0.68597
Gorai.004G091900.1.D	1551	1445.5	0	0
Gorai.004G092000.1.A	495	389.551	0	0
Gorai.004G092000.1.D	495	389.551	0	0
Gorai.004G092100.1.A	1983	1877.5	0	0
Gorai.004G092100.1.D	1983	1877.5	0	0
Gorai.004G092200.1.A	1334	1228.5	166.225	5.36668
Gorai.004G092200.1.D	1334	1228.5	101.637	3.2814
Gorai.004G092300.1.A	2884	2778.5	1	0.0142749
Gorai.004G092300.1.D	2884	2778.5	1	0.0142749
Gorai.004G092400.1.A	359	253.63	0	0
Gorai.004G092400.1.D	359	253.63	1	0.156381
Gorai.004G092500.1.A	6422	6316.5	1687.71	10.5975
Gorai.004G092500.1.D	6422	6316.5	1135.54	7.13035
Gorai.004G092600.1.A	6651	6545.5	71.5481	0.433551
Gorai.004G092600.1.D	6651	6545.5	387.202	2.34628
Gorai.004G092700.1.A	2410	2304.5	240.939	4.14681
Gorai.004G092700.1.D	2410	2304.5	243.061	4.18334
Gorai.004G092800.1.A	1516	1410.5	11.6875	0.328649
Gorai.004G092800.1.D	1516	1410.5	22.3125	0.62742
Gorai.004G092900.1.A	423	317.583	0	0
Gorai.004G092900.1.D	423	317.583	0	0
Gorai.004G093000.1.A	1374	1268.5	594.488	18.5882
Gorai.004G093000.1.D	1374	1268.5	27.5115	0.860216
Gorai.004G093100.1.A	732	626.505	2.10348	0.133168
Gorai.004G093100.1.D	732	626.505	2.10348	0.133168
Gorai.004G093200.1.A	1363	1257.5	8	0.252328
Gorai.004G093200.1.D	1363	1257.5	0	0
Gorai.004G093300.1.A	1163	1057.5	13.7228	0.51469
Gorai.004G093300.1.D	1163	1057.5	13.7228	0.51469
Gorai.004G093400.1.A	1956	1850.5	33.6889	0.722073
Gorai.004G093400.1.D	1956	1850.5	27.6028	0.591627
Gorai.004G093500.1.A	1166	1060.5	0	0
Gorai.004G093500.1.D	1166	1060.5	4	0.1496
Gorai.004G093600.1.A	1222	1116.5	1	0.0355242
Gorai.004G093600.1.D	1222	1116.5	0	0
Gorai.004G093700.1.A	3264	3158.5	218.527	2.74416
Gorai.004G093700.1.D	3264	3158.5	227.473	2.85649
Gorai.004G093800.1.A	525	419.551	56	5.29405
Gorai.004G093800.1.D	525	419.551	0	0
Gorai.004G093900.1.A	1095	989.505	5.30312	0.212568
Gorai.004G093900.1.D	1095	989.505	5.30312	0.212568
Gorai.004G094000.1.A	1083	977.505	16693.7	677.357
Gorai.004G094000.1.D	1083	977.505	8.33225	0.338087
Gorai.004G094100.1.A	723	617.505	9.63636	0.618953
Gorai.004G094100.1.D	723	617.505	43.3636	2.78529
Gorai.004G094200.1.A	1257	1151.5	0	0
Gorai.004G094200.1.D	1257	1151.5	115	3.96111
Gorai.004G094300.1.A	1990	1884.5	3.04918	0.0641757
Gorai.004G094300.1.D	1990	1884.5	58.9508	1.24073
Gorai.004G094400.1.A	1126	1020.5	320.41	12.453
Gorai.004G094400.1.D	1126	1020.5	18.5903	0.722532
Gorai.004G094500.1.A	2262	2156.5	50.2677	0.924536
Gorai.004G094500.1.D	2262	2156.5	82.7323	1.52163
Gorai.004G094600.1.A	1142	1036.5	5	0.19133
Gorai.004G094600.1.D	1142	1036.5	26	0.994917
Gorai.004G094700.1.A	1165	1059.5	12	0.449224
Gorai.004G094700.1.D	1165	1059.5	12	0.449224
Gorai.004G094800.1.A	2197	2091.5	4.33333	0.0821766
Gorai.004G094800.1.D	2197	2091.5	8.66667	0.164353
Gorai.004G094900.1.A	643	537.505	2.07849	0.153373
Gorai.004G094900.1.D	643	537.505	2.07849	0.153373
Gorai.004G095000.1.A	2351	2245.5	53.4717	0.944485
Gorai.004G095000.1.D	2351	2245.5	55.5283	0.980811
Gorai.004G095100.1.A	864	758.505	0	0
Gorai.004G095100.1.D	864	758.505	0	0
Gorai.004G095200.1.A	889	783.505	0	0
Gorai.004G095200.1.D	889	783.505	78.5823	3.97803
Gorai.004G095300.1.A	3346	3240.5	348.735	4.26843
Gorai.004G095300.1.D	3346	3240.5	344.265	4.21371
Gorai.004G095400.1.A	1490	1384.5	476.225	13.6428
Gorai.004G095400.1.D	1490	1384.5	248.775	7.12683
Gorai.004G095500.1.A	1146	1040.5	0	0
Gorai.004G095500.1.D	1146	1040.5	13.6359	0.519786
Gorai.004G095600.1.A	713	607.505	19.6066	1.28008
Gorai.004G095600.1.D	713	607.505	19.6066	1.28008
Gorai.004G095700.1.A	1591	1485.5	0	0
Gorai.004G095700.1.D	1591	1485.5	0	0
Gorai.004G095800.1.A	876	770.505	0	0
Gorai.004G095800.1.D	876	770.505	5.78176	0.297625
Gorai.004G095900.1.A	1212	1106.5	0	0
Gorai.004G095900.1.D	1212	1106.5	0	0
Gorai.004G096000.1.A	992	886.505	23.4783	1.05044
Gorai.004G096000.1.D	992	886.505	30.5217	1.36557
Gorai.004G096100.1.A	693	587.505	11	0.742619
Gorai.004G096100.1.D	693	587.505	0	0
Gorai.004G096200.1.A	2098	1992.5	1116	22.2151
Gorai.004G096200.1.D	2098	1992.5	1431	28.4857
Gorai.004G096300.1.A	531	425.551	0	0
Gorai.004G096300.1.D	531	425.551	0	0
Gorai.004G096400.1.A	1970	1864.5	2	0.0425453
Gorai.004G096400.1.D	1970	1864.5	0	0
Gorai.004G096500.1.A	404	298.583	0	0
Gorai.004G096500.1.D	404	298.583	0	0
Gorai.004G096600.1.A	1135	1029.5	33.7253	1.29931
Gorai.004G096600.1.D	1135	1029.5	59.2747	2.28363
Gorai.004G096700.1.A	291	185.705	0	0
Gorai.004G096700.1.D	291	185.705	0	0
Gorai.004G096800.1.A	700	594.505	927.312	61.8665
Gorai.004G096800.1.D	700	594.505	884.688	59.0228
Gorai.004G096900.1.A	4815	4709.5	4508.46	37.9697
Gorai.004G096900.1.D	4815	4709.5	2728.54	22.9795
Gorai.004G097000.1.A	1851	1745.5	287.799	6.53964
Gorai.004G097000.1.D	1851	1745.5	216.201	4.91271
Gorai.004G097100.1.A	920	814.505	11	0.535654
Gorai.004G097100.1.D	920	814.505	11	0.535654
Gorai.004G097200.1.A	809	703.505	0	0
Gorai.004G097200.1.D	809	703.505	0	0
Gorai.004G097300.1.A	2121	2015.5	1763.66	34.7068
Gorai.004G097300.1.D	2121	2015.5	2859.34	56.2688
Gorai.004G097400.1.A	1681	1575.5	1	0.0251748
Gorai.004G097400.1.D	1681	1575.5	0	0
Gorai.004G097500.1.A	2647	2541.5	43.7681	0.683049
Gorai.004G097500.1.D	2647	2541.5	107.232	1.67347
Gorai.004G097600.1.A	1807	1701.5	0	0
Gorai.004G097600.1.D	1807	1701.5	48	1.1189
Gorai.004G097700.1.A	552	446.551	0	0
Gorai.004G097700.1.D	552	446.551	0	0
Gorai.004G097800.1.A	3326	3220.5	1493.18	18.3897
Gorai.004G097800.1.D	3326	3220.5	1500.82	18.4837
Gorai.004G097900.1.A	5987	5881.5	107.582	0.725496
Gorai.004G097900.1.D	5987	5881.5	733.418	4.94593
Gorai.004G098000.1.A	2495	2389.5	559.618	9.289
Gorai.004G098000.1.D	2495	2389.5	1218.38	20.2237
Gorai.004G098100.1.A	1592	1486.5	15.4496	0.412227
Gorai.004G098100.1.D	1592	1486.5	15.4496	0.412227
Gorai.004G098200.1.A	1608	1502.5	0	0
Gorai.004G098200.1.D	1608	1502.5	0	0
Gorai.004G098300.1.A	933	827.505	0	0
Gorai.004G098300.1.D	933	827.505	0	0
Gorai.004G098400.1.A	3274	3168.5	60.962	0.763115
Gorai.004G098400.1.D	3274	3168.5	111.038	1.38996
Gorai.004G098500.1.A	300	194.687	0	0
Gorai.004G098500.1.D	300	194.687	0	0
Gorai.004G098600.1.A	1015	909.505	95.0235	4.14392
Gorai.004G098600.1.D	1015	909.505	124.977	5.45015
Gorai.004G098700.1.A	945	839.505	0	0
Gorai.004G098700.1.D	945	839.505	0	0
Gorai.004G098800.1.A	1165	1059.5	3	0.112306
Gorai.004G098800.1.D	1165	1059.5	3	0.112306
Gorai.004G098900.1.A	1336	1230.5	1	0.0322331
Gorai.004G098900.1.D	1336	1230.5	3	0.0966992
Gorai.004G099000.1.A	1012	906.505	439.648	19.2362
Gorai.004G099000.1.D	1012	906.505	722.352	31.6056
Gorai.004G099100.1.A	2731	2625.5	5	0.0755339
Gorai.004G099100.1.D	2731	2625.5	0	0
Gorai.004G099200.1.A	597	491.551	0	0
Gorai.004G099200.1.D	597	491.551	0	0
Gorai.004G099300.1.A	1335	1229.5	13.3299	0.430012
Gorai.004G099300.1.D	1335	1229.5	13.3299	0.430012
Gorai.004G099400.1.A	593	487.551	1.10265	0.089702
Gorai.004G099400.1.D	593	487.551	1.10265	0.089702
Gorai.004G099500.1.A	1419	1313.5	458.74	13.8522
Gorai.004G099500.1.D	1419	1313.5	438.26	13.2338
Gorai.004G099600.1.A	1296	1190.5	24.7037	0.82303
Gorai.004G099600.1.D	1296	1190.5	33.2963	1.1093
Gorai.004G099700.1.A	273	167.834	0	0
Gorai.004G099700.1.D	273	167.834	0	0
Gorai.004G099800.1.A	594	488.551	0	0
Gorai.004G099800.1.D	594	488.551	5	0.405924
Gorai.004G099900.1.A	2414	2308.5	476.134	8.18056
Gorai.004G099900.1.D	2414	2308.5	824.866	14.1722
Gorai.004G100000.1.A	889	783.505	0	0
Gorai.004G100000.1.D	889	783.505	0	0
Gorai.004G100100.1.A	450	344.583	0	0
Gorai.004G100100.1.D	450	344.583	0	0
Gorai.004G100200.1.A	2496	2390.5	41.8	0.69354
Gorai.004G100200.1.D	2496	2390.5	35.2	0.584034
Gorai.004G100300.1.A	1512	1406.5	0	0
Gorai.004G100300.1.D	1512	1406.5	0	0
Gorai.004G100400.1.A	1478	1372.5	299.795	8.66354
Gorai.004G100400.1.D	1478	1372.5	665.205	19.2232
Gorai.004G100500.1.A	1089	983.505	1	0.0403282
Gorai.004G100500.1.D	1089	983.505	3	0.120985
Gorai.004G100600.1.A	1000	894.505	106.397	4.7177
Gorai.004G100600.1.D	1000	894.505	14.6034	0.647527
Gorai.004G100700.1.A	363	257.583	1	0.153981
Gorai.004G100700.1.D	363	257.583	0	0
Gorai.004G100800.1.A	1069	963.505	0	0
Gorai.004G100800.1.D	1069	963.505	6	0.246992
Gorai.004G100900.1.A	714	608.505	0	0
Gorai.004G100900.1.D	714	608.505	0	0
Gorai.004G101000.1.A	4566	4460.5	857.661	7.62635
Gorai.004G101000.1.D	4566	4460.5	661.088	5.87841
Gorai.004G101100.1.A	1368	1262.5	0	0
Gorai.004G101100.1.D	1368	1262.5	6	0.188496
Gorai.004G101200.1.A	1080	974.505	0	0
Gorai.004G101200.1.D	1080	974.505	1	0.0407006
Gorai.004G101300.1.A	1352	1246.5	26.7045	0.849721
Gorai.004G101300.1.D	1352	1246.5	20.2955	0.645788
Gorai.004G101400.1.A	1752	1646.5	338.987	8.16591
Gorai.004G101400.1.D	1752	1646.5	0	0
Gorai.004G101500.1.A	1696	1590.5	51.9611	1.29577
Gorai.004G101500.1.D	1696	1590.5	346.039	8.62929
Gorai.004G101600.1.A	2147	2041.5	465.187	9.03778
Gorai.004G101600.1.D	2147	2041.5	300.813	5.84429
Gorai.004G101700.1.A	237	132.247	0	0
Gorai.004G101700.1.D	237	132.247	0	0
Gorai.004G101800.1.A	1157	1051.5	148.182	5.58944
Gorai.004G101800.1.D	1157	1051.5	14.8182	0.558944
Gorai.004G101900.1.A	480	374.551	0	0
Gorai.004G101900.1.D	480	374.551	0	0
Gorai.004G102000.1.A	1560	1454.5	73.5	2.00427
Gorai.004G102000.1.D	1560	1454.5	24.5	0.668091
Gorai.004G102100.1.A	1656	1550.5	1	0.0255807
Gorai.004G102100.1.D	1656	1550.5	0	0
Gorai.004G102200.1.A	1365	1259.5	15	0.472364
Gorai.004G102200.1.D	1365	1259.5	0	0
Gorai.004G102300.1.A	1534	1428.5	0	0
Gorai.004G102300.1.D	1534	1428.5	0	0
Gorai.004G102400.1.A	525	419.551	0	0
Gorai.004G102400.1.D	525	419.551	0	0
Gorai.004G102500.1.A	1045	939.505	43.9028	1.85344
Gorai.004G102500.1.D	1045	939.505	43.9028	1.85344
Gorai.004G102600.1.A	1285	1179.5	29.0698	0.977523
Gorai.004G102600.1.D	1285	1179.5	20.9302	0.703816
Gorai.004G102700.1.A	240	135.211	0	0
Gorai.004G102700.1.D	240	135.211	0	0
Gorai.004G102800.1.A	183	80.4906	0	0
Gorai.004G102800.1.D	183	80.4906	0	0
Gorai.004G102900.1.A	1014	908.505	0	0
Gorai.004G102900.1.D	1014	908.505	1.52435	0.0665491
Gorai.004G103000.1.A	813	707.505	0	0
Gorai.004G103000.1.D	813	707.505	8.90843	0.499409
Gorai.004G103100.1.A	2199	2093.5	0	0
Gorai.004G103100.1.D	2199	2093.5	447	8.46873
Gorai.004G103200.1.A	2558	2452.5	1194.4	19.3163
Gorai.004G103200.1.D	2558	2452.5	958.567	15.5023
Gorai.004G103300.1.A	513	407.551	7.20839	0.701521
Gorai.004G103300.1.D	513	407.551	0	0
Gorai.004G103400.1.A	579	473.551	39	3.2665
Gorai.004G103400.1.D	579	473.551	0	0
Gorai.004G103500.1.A	3283	3177.5	310.189	3.8719
Gorai.004G103500.1.D	3283	3177.5	100.811	1.25837
Gorai.004G103600.1.A	698	592.505	79.9753	5.35364
Gorai.004G103600.1.D	698	592.505	2.02469	0.135535
Gorai.004G103700.1.A	1627	1521.5	37.8043	0.985493
Gorai.004G103700.1.D	1627	1521.5	56.1957	1.46492
Gorai.004G103800.1.A	1236	1130.5	6.11111	0.214404
Gorai.004G103800.1.D	1236	1130.5	15.8889	0.55745
Gorai.004G103900.1.A	1394	1288.5	0	0
Gorai.004G103900.1.D	1394	1288.5	0	0
Gorai.004G104000.1.A	1115	1009.5	29.5	1.15904
Gorai.004G104000.1.D	1115	1009.5	29.5	1.15904
Gorai.004G104100.1.A	2639	2533.5	2468.96	38.6524
Gorai.004G104100.1.D	2639	2533.5	5544.04	86.794
Gorai.004G104200.1.A	1495	1389.5	1	0.0285447
Gorai.004G104200.1.D	1495	1389.5	131	3.73935
Gorai.004G104300.1.A	1463	1357.5	1554.4	45.4156
Gorai.004G104300.1.D	1463	1357.5	2339.6	68.3575
Gorai.004G104400.1.A	684	578.505	0.504369	0.0345801
Gorai.004G104400.1.D	684	578.505	0.504369	0.0345801
Gorai.004G104500.1.A	185	82.3302	0	0
Gorai.004G104500.1.D	185	82.3302	0	0
Gorai.004G104600.1.A	636	530.505	4.0855	0.30545
Gorai.004G104600.1.D	636	530.505	4.0855	0.30545
Gorai.004G104700.1.A	785	679.505	791.601	46.206
Gorai.004G104700.1.D	785	679.505	1128.4	65.8651
Gorai.004G104800.1.A	414	308.583	21	2.69918
Gorai.004G104800.1.D	414	308.583	0	0
Gorai.004G104900.1.A	912	806.505	18	0.885219
Gorai.004G104900.1.D	912	806.505	0	0
Gorai.004G105000.1.A	888	782.505	0	0
Gorai.004G105000.1.D	888	782.505	0	0
Gorai.004G105100.1.A	1110	1004.5	0	0
Gorai.004G105100.1.D	1110	1004.5	0	0
Gorai.004G105200.1.A	1020	914.505	0	0
Gorai.004G105200.1.D	1020	914.505	0	0
Gorai.004G105300.1.A	987	881.505	0	0
Gorai.004G105300.1.D	987	881.505	0	0
Gorai.004G105400.1.A	1758	1652.5	0	0
Gorai.004G105400.1.D	1758	1652.5	0	0
Gorai.004G105500.1.A	1876	1770.5	1111.15	24.892
Gorai.004G105500.1.D	1876	1770.5	718.85	16.1037
Gorai.004G105600.1.A	2178	2072.5	64.6095	1.23648
Gorai.004G105600.1.D	2178	2072.5	114.391	2.18917
Gorai.004G105700.1.A	1338	1232.5	2.00162	0.0644137
Gorai.004G105700.1.D	1338	1232.5	2	0.0643615
Gorai.004G105800.1.A	382	276.583	0.14824	0.0212582
Gorai.004G105800.1.D	382	276.583	0.14824	0.0212582
Gorai.004G105900.1.A	1437	1331.5	91.3975	2.72255
Gorai.004G105900.1.D	1437	1331.5	162.603	4.84361
Gorai.004G106000.1.A	401	295.583	40.6407	5.45339
Gorai.004G106000.1.D	401	295.583	40.6407	5.45339
Gorai.004G106100.1.A	1160	1054.5	495.624	18.6418
Gorai.004G106100.1.D	1160	1054.5	532.376	20.0242
Gorai.004G106200.1.A	1785	1679.5	0	0
Gorai.004G106200.1.D	1785	1679.5	0	0
Gorai.004G106300.1.A	1167	1061.5	4	0.149459
Gorai.004G106300.1.D	1167	1061.5	0	0
Gorai.004G106400.1.A	1539	1433.5	23.9938	0.663873
Gorai.004G106400.1.D	1539	1433.5	145.006	4.01211
Gorai.004G106500.1.A	1076	970.505	81.0317	3.31163
Gorai.004G106500.1.D	1076	970.505	160.968	6.57851
Gorai.004G106600.1.A	246	141.071	0	0
Gorai.004G106600.1.D	246	141.071	0	0
Gorai.004G106700.1.A	1145	1039.5	0	0
Gorai.004G106700.1.D	1145	1039.5	16	0.61049
Gorai.004G106800.1.A	2182	2076.5	469.94	8.97624
Gorai.004G106800.1.D	2182	2076.5	542.06	10.3538
Gorai.004G106900.1.A	1744	1638.5	5.71429	0.138325
Gorai.004G106900.1.D	1744	1638.5	2.28571	0.0553298
Gorai.004G107000.1.A	3600	3494.5	0	0
Gorai.004G107000.1.D	3600	3494.5	4	0.0454004
Gorai.004G107100.1.A	1863	1757.5	11	0.248245
Gorai.004G107100.1.D	1863	1757.5	0	0
Gorai.004G107200.1.A	3694	3588.5	59.3043	0.655478
Gorai.004G107200.1.D	3694	3588.5	64.6957	0.715067
Gorai.004G107300.1.A	2951	2845.5	336.163	4.68571
Gorai.004G107300.1.D	2951	2845.5	647.837	9.03008
Gorai.004G107400.1.A	3090	2984.5	331.105	4.40026
Gorai.004G107400.1.D	3090	2984.5	309.895	4.11839
Gorai.004G107500.1.A	3852	3746.5	202.938	2.14843
Gorai.004G107500.1.D	3852	3746.5	222.062	2.3509
Gorai.004G107600.1.A	359	253.63	0	0
Gorai.004G107600.1.D	359	253.63	1	0.156381
Gorai.004G107700.1.A	1001	895.505	0	0
Gorai.004G107700.1.D	1001	895.505	42	1.86023
Gorai.004G107800.1.A	108	25.6977	0	0
Gorai.004G107800.1.D	108	25.6977	0	0
Gorai.004G107900.1.A	2865	2759.5	69.2195	0.994907
Gorai.004G107900.1.D	2865	2759.5	102.78	1.47729
Gorai.004G108000.1.A	1588	1482.5	0	0
Gorai.004G108000.1.D	1588	1482.5	0	0
Gorai.004G108100.1.A	2024	1918.5	357.903	7.39925
Gorai.004G108100.1.D	2024	1918.5	307.097	6.34888
Gorai.004G108200.1.A	2842	2736.5	178.335	2.58479
Gorai.004G108200.1.D	2842	2736.5	590.665	8.5611
Gorai.004G108300.1.A	1637	1531.5	127.556	3.30344
Gorai.004G108300.1.D	1637	1531.5	200.444	5.19111
Gorai.004G108400.1.A	3065	2959.5	672.981	9.01921
Gorai.004G108400.1.D	3065	2959.5	378.019	5.06617
Gorai.004G108500.1.A	1988	1882.5	132.686	2.7956
Gorai.004G108500.1.D	1988	1882.5	16.3139	0.343721
Gorai.004G108600.1.A	1532	1426.5	385.418	10.7163
Gorai.004G108600.1.D	1532	1426.5	696.582	19.368
Gorai.004G108700.1.A	3296	3190.5	4820.8	59.93
Gorai.004G108700.1.D	3296	3190.5	2210.34	27.4779
Gorai.004G108800.1.A	1607	1501.5	14.56	0.384609
Gorai.004G108800.1.D	1607	1501.5	13.44	0.355024
Gorai.004G108900.1.A	2162	2056.5	10952.4	211.235
Gorai.004G108900.1.D	2162	2056.5	4954.58	95.5569
Gorai.004G109000.1.A	642	536.505	0	0
Gorai.004G109000.1.D	642	536.505	0	0
Gorai.004G109100.1.A	636	530.505	0	0
Gorai.004G109100.1.D	636	530.505	0	0
Gorai.004G109200.1.A	2580	2474.5	452.78	7.25744
Gorai.004G109200.1.D	2580	2474.5	455.22	7.29656
Gorai.004G109300.1.A	2545	2439.5	269.925	4.38861
Gorai.004G109300.1.D	2545	2439.5	123.075	2.00102
Gorai.004G109400.1.A	3649	3543.5	49.5504	0.554624
Gorai.004G109400.1.D	3649	3543.5	86.4496	0.967643
Gorai.004G109500.1.A	1447	1341.5	351.496	10.3923
Gorai.004G109500.1.D	1447	1341.5	202.504	5.98723
Gorai.004G109600.1.A	2121	2015.5	653.784	12.8658
Gorai.004G109600.1.D	2121	2015.5	1000.22	19.6832
Gorai.004G109700.1.A	1925	1819.5	0	0
Gorai.004G109700.1.D	1925	1819.5	0	0
Gorai.004G109800.1.A	1421	1315.5	5584.07	168.362
Gorai.004G109800.1.D	1421	1315.5	531.93	16.0379
Gorai.004G109900.1.A	1281	1175.5	11.837	0.399396
Gorai.004G109900.1.D	1281	1175.5	11.837	0.399396
Gorai.004G110000.1.A	1458	1352.5	122.417	3.58994
Gorai.004G110000.1.D	1458	1352.5	124.583	3.65347
Gorai.004G110100.1.A	291	185.705	1.5	0.320371
Gorai.004G110100.1.D	291	185.705	1.5	0.320371
Gorai.004G110200.1.A	2143	2037.5	800.69	15.5866
Gorai.004G110200.1.D	2143	2037.5	1540.31	29.9843
Gorai.004G110300.1.A	928	822.505	2.02087	0.0974506
Gorai.004G110300.1.D	928	822.505	2.02087	0.0974506
Gorai.004G110400.1.A	1101	995.505	17	0.677315
Gorai.004G110400.1.D	1101	995.505	0	0
Gorai.004G110500.1.A	2460	2354.5	176.483	2.97296
Gorai.004G110500.1.D	2460	2354.5	106.517	1.79433
Gorai.004G110600.1.A	894	788.505	59.5692	2.99642
Gorai.004G110600.1.D	894	788.505	927.431	46.6511
Gorai.004G110700.1.A	2881	2775.5	95.8824	1.37019
Gorai.004G110700.1.D	2881	2775.5	67.1176	0.959135
Gorai.004G110800.1.A	1112	1006.5	4	0.157626
Gorai.004G110800.1.D	1112	1006.5	10.0141	0.39462
Gorai.004G110900.1.A	976	870.505	216.886	9.88201
Gorai.004G110900.1.D	976	870.505	607.342	27.6724
Gorai.004G111000.1.A	4689	4583.5	0	0
Gorai.004G111000.1.D	4689	4583.5	11	0.0951875
Gorai.004G111100.1.A	2706	2600.5	576.674	8.79544
Gorai.004G111100.1.D	2706	2600.5	279.326	4.26029
Gorai.004G111200.1.A	246	141.071	0	0
Gorai.004G111200.1.D	246	141.071	0	0
Gorai.004G111300.1.A	1622	1516.5	199.016	5.20509
Gorai.004G111300.1.D	1622	1516.5	0	0
Gorai.004G111400.1.A	667	561.505	251.153	17.7407
Gorai.004G111400.1.D	667	561.505	380.847	26.9018
Gorai.004G111500.1.A	1556	1450.5	61.9846	1.69492
Gorai.004G111500.1.D	1556	1450.5	96.0154	2.62547
Gorai.004G111600.1.A	1154	1048.5	3.41912	0.129339
Gorai.004G111600.1.D	1154	1048.5	0	0
Gorai.004G111700.1.A	1447	1341.5	0	0
Gorai.004G111700.1.D	1447	1341.5	0	0
Gorai.004G111800.1.A	1742	1636.5	0	0
Gorai.004G111800.1.D	1742	1636.5	0	0
Gorai.004G111900.1.A	2639	2533.5	46.4646	0.727421
Gorai.004G111900.1.D	2639	2533.5	68.5354	1.07295
Gorai.004G112000.1.A	666	560.505	0	0
Gorai.004G112000.1.D	666	560.505	0	0
Gorai.004G112100.1.A	2649	2543.5	239.713	3.73804
Gorai.004G112100.1.D	2649	2543.5	36.2869	0.56585
Gorai.004G112200.1.A	1481	1375.5	80	2.30682
Gorai.004G112200.1.D	1481	1375.5	20	0.576704
Gorai.004G112300.1.A	622	516.505	69	5.29858
Gorai.004G112300.1.D	622	516.505	0	0
Gorai.004G112400.1.A	1557	1451.5	2	0.0546508
Gorai.004G112400.1.D	1557	1451.5	2	0.0546508
Gorai.004G112500.1.A	2411	2305.5	617.338	10.6204
Gorai.004G112500.1.D	2411	2305.5	38.6616	0.665118
Gorai.004G112600.1.A	1268	1162.5	2.29646	0.078352
Gorai.004G112600.1.D	1268	1162.5	2.29646	0.078352
Gorai.004G112700.1.A	904	798.505	0	0
Gorai.004G112700.1.D	904	798.505	0	0
Gorai.004G112800.1.A	725	619.505	56.2117	3.59888
Gorai.004G112800.1.D	725	619.505	56.2117	3.59888
Gorai.004G112900.1.A	185	82.3302	0	0
Gorai.004G112900.1.D	185	82.3302	2	0.963509
Gorai.004G113000.1.A	2000	1894.5	0	0
Gorai.004G113000.1.D	2000	1894.5	0	0
Gorai.004G113100.1.A	955	849.505	145.079	6.77368
Gorai.004G113100.1.D	955	849.505	1684.92	78.6681
Gorai.004G113200.1.A	1167	1061.5	10	0.373648
Gorai.004G113200.1.D	1167	1061.5	1	0.0373648
Gorai.004G113300.1.A	2271	2165.5	295.507	5.41245
Gorai.004G113300.1.D	2271	2165.5	529.493	9.69808
Gorai.004G113400.1.A	427	321.583	13.5625	1.67275
Gorai.004G113400.1.D	427	321.583	17.4375	2.15068
Gorai.004G113500.1.A	1663	1557.5	146.57	3.7325
Gorai.004G113500.1.D	1663	1557.5	144.43	3.67801
Gorai.004G113600.1.A	2590	2484.5	37.7778	0.603089
Gorai.004G113600.1.D	2590	2484.5	47.2222	0.753861
Gorai.004G113700.1.A	678	572.505	2.09262	0.144976
Gorai.004G113700.1.D	678	572.505	2.09262	0.144976
Gorai.004G113800.1.A	1407	1301.5	116.766	3.55841
Gorai.004G113800.1.D	1407	1301.5	324.234	9.88093
Gorai.004G113900.1.A	597	491.551	4.52756	0.365326
Gorai.004G113900.1.D	597	491.551	4.52756	0.365326
Gorai.004G114000.1.A	1731	1625.5	3	0.0732012
Gorai.004G114000.1.D	1731	1625.5	1	0.0244004
Gorai.004G114100.1.A	1454	1348.5	3.08	0.0905906
Gorai.004G114100.1.D	1454	1348.5	73.92	2.17417
Gorai.004G114200.1.A	1113	1007.5	0	0
Gorai.004G114200.1.D	1113	1007.5	0	0
Gorai.004G114300.1.A	1935	1829.5	195.644	4.24149
Gorai.004G114300.1.D	1935	1829.5	42.3559	0.91826
Gorai.004G114400.1.A	810	704.505	2.22865	0.125471
Gorai.004G114400.1.D	810	704.505	1	0.056299
Gorai.004G114500.1.A	2424	2318.5	1004	17.1756
Gorai.004G114500.1.D	2424	2318.5	859.997	14.7121
Gorai.004G114600.1.A	1566	1460.5	588.942	15.9939
Gorai.004G114600.1.D	1566	1460.5	490.058	13.3085
Gorai.004G114700.1.A	2411	2305.5	189.691	3.26336
Gorai.004G114700.1.D	2411	2305.5	270.309	4.65029
Gorai.004G114800.1.A	1131	1025.5	0	0
Gorai.004G114800.1.D	1131	1025.5	0	0
Gorai.004G114900.1.A	273	167.834	0	0
Gorai.004G114900.1.D	273	167.834	0	0
Gorai.004G115000.1.A	1775	1669.5	0	0
Gorai.004G115000.1.D	1775	1669.5	3.15152	0.0748717
Gorai.004G115100.1.A	1246	1140.5	44.625	1.55191
Gorai.004G115100.1.D	1246	1140.5	81.375	2.82995
Gorai.004G115200.1.A	2801	2695.5	166.775	2.454
Gorai.004G115200.1.D	2801	2695.5	189.225	2.78435
Gorai.004G115300.1.A	2693	2587.5	263.507	4.03921
Gorai.004G115300.1.D	2693	2587.5	89.493	1.37181
Gorai.004G115400.1.A	1414	1308.5	0	0
Gorai.004G115400.1.D	1414	1308.5	41	1.24278
Gorai.004G115500.1.A	1667	1561.5	18.1333	0.460595
Gorai.004G115500.1.D	1667	1561.5	29.8667	0.758627
Gorai.004G115600.1.A	1771	1665.5	13.1884	0.314074
Gorai.004G115600.1.D	1771	1665.5	77.8116	1.85303
Gorai.004G115700.1.A	2002	1896.5	108.607	2.27137
Gorai.004G115700.1.D	2002	1896.5	148.393	3.10345
Gorai.004G115800.1.A	828	722.505	0	0
Gorai.004G115800.1.D	828	722.505	1	0.0548965
Gorai.004G115900.1.A	812	706.505	10.4829	0.588509
Gorai.004G115900.1.D	812	706.505	10.4829	0.588509
Gorai.004G116000.1.A	1153	1047.5	38.5648	1.46023
Gorai.004G116000.1.D	1153	1047.5	80.4352	3.04562
Gorai.004G116100.1.A	377	271.583	0	0
Gorai.004G116100.1.D	377	271.583	0	0
Gorai.004G116200.1.A	468	362.551	0	0
Gorai.004G116200.1.D	468	362.551	0	0
Gorai.004G116300.1.A	335	229.63	89.5	15.4589
Gorai.004G116300.1.D	335	229.63	89.5	15.4589
Gorai.004G116400.1.A	342	236.63	128.465	21.5328
Gorai.004G116400.1.D	342	236.63	128.465	21.5328
Gorai.004G116500.1.A	1238	1132.5	0	0
Gorai.004G116500.1.D	1238	1132.5	0	0
Gorai.004G116600.1.A	2398	2292.5	440.489	7.62097
Gorai.004G116600.1.D	2398	2292.5	140.511	2.43099
Gorai.004G116700.1.A	2521	2415.5	43.7383	0.71819
Gorai.004G116700.1.D	2521	2415.5	86.2617	1.41643
Gorai.004G116800.1.A	1531	1425.5	2.33333	0.0649222
Gorai.004G116800.1.D	1531	1425.5	18.6667	0.519377
Gorai.004G116900.1.A	1494	1388.5	676.356	19.3203
Gorai.004G116900.1.D	1494	1388.5	1429.64	40.8381
Gorai.004G117000.1.A	2033	1927.5	29.7073	0.611298
Gorai.004G117000.1.D	2033	1927.5	12.2927	0.252951
Gorai.004G117100.1.A	1487	1381.5	970.86	27.8734
Gorai.004G117100.1.D	1487	1381.5	872.373	25.0458
Gorai.004G117200.1.A	1903	1797.5	31.7111	0.699722
Gorai.004G117200.1.D	1903	1797.5	38.0559	0.839725
Gorai.004G117300.1.A	1184	1078.5	453.913	16.693
Gorai.004G117300.1.D	1184	1078.5	326.087	11.9921
Gorai.004G117400.1.A	759	653.505	411.547	24.9779
Gorai.004G117400.1.D	759	653.505	347.453	21.0879
Gorai.004G117500.1.A	1559	1453.5	122.65	3.34684
Gorai.004G117500.1.D	1559	1453.5	201.35	5.4944
Gorai.004G117600.1.A	1548	1442.5	328.811	9.04096
Gorai.004G117600.1.D	1548	1442.5	538.189	14.798
Gorai.004G117700.1.A	1553	1447.5	957.024	26.2233
Gorai.004G117700.1.D	1553	1447.5	5866.98	160.76
Gorai.004G117800.1.A	1242	1136.5	21.6562	0.755783
Gorai.004G117800.1.D	1242	1136.5	11.3438	0.395886
Gorai.004G117900.1.A	2359	2253.5	349.842	6.15741
Gorai.004G117900.1.D	2359	2253.5	337.158	5.93418
Gorai.004G118000.1.A	1104	998.505	936.105	37.1843
Gorai.004G118000.1.D	1104	998.505	1229.89	48.8543
Gorai.004G118100.1.A	2762	2656.5	151.858	2.26732
Gorai.004G118100.1.D	2762	2656.5	88.1416	1.316
Gorai.004G118200.1.A	424	318.583	18.2593	2.27324
Gorai.004G118200.1.D	424	318.583	10.7407	1.3372
Gorai.004G118300.1.A	3386	3280.5	78.0606	0.943792
Gorai.004G118300.1.D	3386	3280.5	82.9394	1.00278
Gorai.004G118400.1.A	1790	1684.5	88.9976	2.09552
Gorai.004G118400.1.D	1790	1684.5	814.002	19.1663
Gorai.004G118500.1.A	469	363.551	41	4.47304
Gorai.004G118500.1.D	469	363.551	0	0
Gorai.004G118600.1.A	1127	1021.5	261.753	10.1634
Gorai.004G118600.1.D	1127	1021.5	487.247	18.9188
Gorai.004G118700.1.A	1645	1539.5	2.57778	0.0664126
Gorai.004G118700.1.D	1645	1539.5	2.57778	0.0664126
Gorai.004G118800.1.A	933	827.505	1758.62	84.2918
Gorai.004G118800.1.D	933	827.505	1920.38	92.0455
Gorai.004G118900.1.A	576	470.551	11	0.927194
Gorai.004G118900.1.D	576	470.551	0	0
Gorai.004G119000.1.A	1105	999.505	144.836	5.74748
Gorai.004G119000.1.D	1105	999.505	114.285	4.53512
Gorai.004G119100.1.A	827	721.505	0	0
Gorai.004G119100.1.D	827	721.505	0	0
Gorai.004G119200.1.A	1446	1340.5	7	0.207116
Gorai.004G119200.1.D	1446	1340.5	20	0.591761
Gorai.004G119300.1.A	171	69.7331	0	0
Gorai.004G119300.1.D	171	69.7331	0	0
Gorai.004G119400.1.A	596	490.551	279.04	22.5615
Gorai.004G119400.1.D	596	490.551	8.59872	0.695239
Gorai.004G119500.1.A	1029	923.505	186.848	8.02478
Gorai.004G119500.1.D	1029	923.505	313.152	13.4494
Gorai.004G119600.1.A	693	587.505	11.5858	0.782166
Gorai.004G119600.1.D	693	587.505	11.5858	0.782166
Gorai.004G119700.1.A	1006	900.505	3	0.132136
Gorai.004G119700.1.D	1006	900.505	6	0.264271
Gorai.004G119800.1.A	2646	2540.5	398.162	6.21619
Gorai.004G119800.1.D	2646	2540.5	27.9412	0.436224
Gorai.004G119900.1.A	2008	1902.5	92.6447	1.93143
Gorai.004G119900.1.D	2008	1902.5	105.91	2.208
Gorai.004G120000.1.A	3828	3722.5	34.7222	0.369962
Gorai.004G120000.1.D	3828	3722.5	165.278	1.76102
Gorai.004G120100.1.A	456	350.551	0.527116	0.0596403
Gorai.004G120100.1.D	456	350.551	0.527116	0.0596403
Gorai.004G120200.1.A	201	97.3325	0	0
Gorai.004G120200.1.D	201	97.3325	0	0
Gorai.004G120300.1.A	639	533.505	1.5	0.111516
Gorai.004G120300.1.D	639	533.505	1.5	0.111516
Gorai.004G120400.1.A	525	419.551	0	0
Gorai.004G120400.1.D	525	419.551	2	0.189073
Gorai.004G120500.1.A	2229	2123.5	97.5349	1.82176
Gorai.004G120500.1.D	2229	2123.5	135.465	2.53023
Gorai.004G120600.1.A	2211	2105.5	63.2558	1.1916
Gorai.004G120600.1.D	2211	2105.5	72.7442	1.37034
Gorai.004G120700.1.A	3326	3220.5	1237.02	15.2349
Gorai.004G120700.1.D	3326	3220.5	1140.98	14.052
Gorai.004G120800.1.A	2215	2109.5	43.7241	0.822102
Gorai.004G120800.1.D	2215	2109.5	1.38682e-07	2.6075e-09
Gorai.004G120900.1.A	389	283.583	0	0
Gorai.004G120900.1.D	389	283.583	1	0.139864
Gorai.004G121000.1.A	1916	1810.5	471.522	10.3297
Gorai.004G121000.1.D	1916	1810.5	10.4783	0.229549
Gorai.004G121100.1.A	1728	1622.5	0	0
Gorai.004G121100.1.D	1728	1622.5	0	0
Gorai.004G121200.1.A	271	165.849	0	0
Gorai.004G121200.1.D	271	165.849	0	0
Gorai.004G121300.1.A	1034	928.505	297.95	12.7275
Gorai.004G121300.1.D	1034	928.505	11.5484	0.493315
Gorai.004G121400.1.A	3122	3016.5	126.294	1.66059
Gorai.004G121400.1.D	3122	3016.5	207.706	2.73106
Gorai.004G121500.1.A	675	569.505	557.984	38.8606
Gorai.004G121500.1.D	675	569.505	60.0157	4.17977
Gorai.004G121600.1.A	520	414.551	2.5	0.239192
Gorai.004G121600.1.D	520	414.551	2.5	0.239192
Gorai.004G121700.1.A	2169	2063.5	461.764	8.87564
Gorai.004G121700.1.D	2169	2063.5	2245.24	43.156
Gorai.004G121800.1.A	474	368.551	2.862	0.308004
Gorai.004G121800.1.D	474	368.551	2.862	0.308004
Gorai.004G121900.1.A	1581	1475.5	645.876	17.3618
Gorai.004G121900.1.D	1581	1475.5	261.124	7.01924
Gorai.004G122000.1.A	403	297.583	1	0.133284
Gorai.004G122000.1.D	403	297.583	1	0.133284
Gorai.004G122100.1.A	367	261.583	4.92887	0.747347
Gorai.004G122100.1.D	367	261.583	4.92887	0.747347
Gorai.004G122200.1.A	1298	1192.5	21.3953	0.711614
Gorai.004G122200.1.D	1298	1192.5	24.6047	0.818356
Gorai.004G122300.1.A	2116	2010.5	178.231	3.51611
Gorai.004G122300.1.D	2116	2010.5	261.824	5.16523
Gorai.004G122400.1.A	587	481.551	0	0
Gorai.004G122400.1.D	587	481.551	0	0
Gorai.004G122500.1.A	1875	1769.5	10.3	0.230872
Gorai.004G122500.1.D	1875	1769.5	92.7	2.07784
Gorai.004G122600.1.A	2633	2527.5	96.2553	1.51049
Gorai.004G122600.1.D	2633	2527.5	59.7447	0.937545
Gorai.004G122700.1.A	1431	1325.5	112.194	3.35717
Gorai.004G122700.1.D	1431	1325.5	168.806	5.05116
Gorai.004G122800.1.A	1907	1801.5	21.5957	0.475464
Gorai.004G122800.1.D	1907	1801.5	123.404	2.71694
Gorai.004G122900.1.A	1875	1769.5	162.301	3.63793
Gorai.004G122900.1.D	1875	1769.5	174.699	3.91583
Gorai.004G123000.1.A	2850	2744.5	329.216	4.75776
Gorai.004G123000.1.D	2850	2744.5	832.784	12.0352
Gorai.004G123100.1.A	1300	1194.5	1	0.0332045
Gorai.004G123100.1.D	1300	1194.5	5	0.166023
Gorai.004G123200.1.A	1585	1479.5	33.4286	0.896162
Gorai.004G123200.1.D	1585	1479.5	2.57143	0.0689355
Gorai.004G123300.1.A	243	138.135	0	0
Gorai.004G123300.1.D	243	138.135	0	0
Gorai.004G123400.1.A	181	78.678	1	0.504117
Gorai.004G123400.1.D	181	78.678	0	0
Gorai.004G123500.1.A	1280	1174.5	1	0.0337699
Gorai.004G123500.1.D	1280	1174.5	1	0.0337699
Gorai.004G123600.1.A	1134	1028.5	6	0.231382
Gorai.004G123600.1.D	1134	1028.5	0	0
Gorai.004G123700.1.A	789	683.505	36	2.08904
Gorai.004G123700.1.D	789	683.505	0	0
Gorai.004G123800.1.A	396	290.583	27.2571	3.72044
Gorai.004G123800.1.D	396	290.583	131.743	17.9821
Gorai.004G123900.1.A	2253	2147.5	82.4074	1.52201
Gorai.004G123900.1.D	2253	2147.5	95.5926	1.76553
Gorai.004G124000.1.A	1520	1414.5	45.0361	1.26282
Gorai.004G124000.1.D	1520	1414.5	48.123	1.34938
Gorai.004G124100.1.A	3529	3423.5	559.782	6.48535
Gorai.004G124100.1.D	3529	3423.5	552.218	6.39771
Gorai.004G124200.1.A	691	585.505	258.891	17.5377
Gorai.004G124200.1.D	691	585.505	322.109	21.8201
Gorai.004G124300.1.A	3634	3528.5	6.85714	0.0770792
Gorai.004G124300.1.D	3634	3528.5	1.14286	0.0128465
Gorai.004G124400.1.A	2229	2123.5	5	0.0933903
Gorai.004G124400.1.D	2229	2123.5	2	0.0373561
Gorai.004G124500.1.A	1801	1695.5	6.77907	0.158583
Gorai.004G124500.1.D	1801	1695.5	62.4465	1.46081
Gorai.004G124600.1.A	675	569.505	2	0.139289
Gorai.004G124600.1.D	675	569.505	0	0
Gorai.004G124700.1.A	1783	1677.5	19	0.449236
Gorai.004G124700.1.D	1783	1677.5	0	0
Gorai.004G124800.1.A	1534	1428.5	140.321	3.89606
Gorai.004G124800.1.D	1534	1428.5	192.679	5.34981
Gorai.004G124900.1.A	3315	3209.5	35.5738	0.439619
Gorai.004G124900.1.D	3315	3209.5	26.4262	0.326574
Gorai.004G125000.1.A	1108	1002.5	47.6571	1.8855
Gorai.004G125000.1.D	1108	1002.5	91.3429	3.61387
Gorai.004G125100.1.A	729	623.505	0	0
Gorai.004G125100.1.D	729	623.505	5	0.318065
Gorai.004G125200.1.A	1032	926.505	534.596	22.8856
Gorai.004G125200.1.D	1032	926.505	631.404	27.0299
Gorai.004G125300.1.A	1818	1712.5	5.32258	0.123275
Gorai.004G125300.1.D	1818	1712.5	27.6774	0.641031
Gorai.004G125400.1.A	621	515.505	0	0
Gorai.004G125400.1.D	621	515.505	3	0.23082
Gorai.004G125500.1.A	1645	1539.5	60.6607	1.56283
Gorai.004G125500.1.D	1645	1539.5	18.3393	0.472483
Gorai.004G125600.1.A	1535	1429.5	3615.52	100.316
Gorai.004G125600.1.D	1535	1429.5	4289.48	119.016
Gorai.004G125700.1.A	651	545.505	7.08	0.514778
Gorai.004G125700.1.D	651	545.505	51.92	3.77504
Gorai.004G125800.1.A	3493	3387.5	1382.48	16.1869
Gorai.004G125800.1.D	3493	3387.5	1920.52	22.4866
Gorai.004G125900.1.A	1712	1606.5	72.9533	1.80114
Gorai.004G125900.1.D	1712	1606.5	280.047	6.91406
Gorai.004G126000.1.A	1871	1765.5	169.24	3.80207
Gorai.004G126000.1.D	1871	1765.5	219.76	4.93701
Gorai.004G126100.1.A	976	870.505	2	0.0911263
Gorai.004G126100.1.D	976	870.505	0	0
Gorai.004G126200.1.A	852	746.505	23.7391	1.2613
Gorai.004G126200.1.D	852	746.505	15.2609	0.810833
Gorai.004G126300.1.A	1861	1755.5	220.5	4.98186
Gorai.004G126300.1.D	1861	1755.5	22.5	0.508353
Gorai.004G126400.1.A	911	805.505	267.804	13.1866
Gorai.004G126400.1.D	911	805.505	506.591	24.9445
Gorai.004G126500.1.A	933	827.505	179.305	8.59423
Gorai.004G126500.1.D	933	827.505	2552.3	122.334
Gorai.004G126600.1.A	1232	1126.5	0	0
Gorai.004G126600.1.D	1232	1126.5	0	0
Gorai.004G126700.1.A	1027	921.505	2.06245	0.0887707
Gorai.004G126700.1.D	1027	921.505	2.06245	0.0887707
Gorai.004G126800.1.A	1552	1446.5	4.53333	0.124303
Gorai.004G126800.1.D	1552	1446.5	131.467	3.6048
Gorai.004G126900.1.A	1384	1278.5	71.8851	2.23008
Gorai.004G126900.1.D	1384	1278.5	34.1149	1.05834
Gorai.004G127000.1.A	1973	1867.5	0	0
Gorai.004G127000.1.D	1973	1867.5	2	0.0424769
Gorai.004G127100.1.A	987	881.505	0	0
Gorai.004G127100.1.D	987	881.505	0	0
Gorai.004G127200.1.A	2217	2111.5	0	0
Gorai.004G127200.1.D	2217	2111.5	0	0
Gorai.004G127300.1.A	4377	4271.5	279.536	2.59563
Gorai.004G127300.1.D	4377	4271.5	350.464	3.25422
Gorai.004G127400.1.A	1341	1235.5	0	0
Gorai.004G127400.1.D	1341	1235.5	0	0
Gorai.004G127500.1.A	1521	1415.5	789.963	22.135
Gorai.004G127500.1.D	1521	1415.5	1317.04	36.9038
Gorai.004G127600.1.A	852	746.505	0	0
Gorai.004G127600.1.D	852	746.505	0	0
Gorai.004G127700.1.A	1112	1006.5	1202.08	47.37
Gorai.004G127700.1.D	1112	1006.5	636.214	25.071
Gorai.004G127800.1.A	3651	3545.5	672.783	7.5263
Gorai.004G127800.1.D	3651	3545.5	798.217	8.92951
Gorai.004G127900.1.A	1368	1262.5	2	0.0628321
Gorai.004G127900.1.D	1368	1262.5	1	0.0314161
Gorai.004G128000.1.A	696	590.505	11	0.738847
Gorai.004G128000.1.D	696	590.505	2	0.134336
Gorai.004G128100.1.A	855	749.505	7.41176	0.392222
Gorai.004G128100.1.D	855	749.505	10.5882	0.560317
Gorai.004G128200.1.A	1197	1091.5	1	0.0363379
Gorai.004G128200.1.D	1197	1091.5	1	0.0363379
Gorai.004G128300.1.A	1364	1258.5	2.125	0.0669713
Gorai.004G128300.1.D	1364	1258.5	14.875	0.468799
Gorai.004G128400.1.A	2315	2209.5	0	0
Gorai.004G128400.1.D	2315	2209.5	457	8.20363
Gorai.004G128500.1.A	1140	1034.5	21.7241	0.832904
Gorai.004G128500.1.D	1140	1034.5	8.27586	0.317297
Gorai.004G128600.1.A	1269	1163.5	0	0
Gorai.004G128600.1.D	1269	1163.5	0	0
Gorai.004G128700.1.A	2596	2490.5	145.217	2.31268
Gorai.004G128700.1.D	2596	2490.5	4172.75	66.4539
Gorai.004G128800.1.A	1659	1553.5	3.24324	0.0828041
Gorai.004G128800.1.D	1659	1553.5	36.7568	0.938447
Gorai.004G128900.1.A	1562	1456.5	1141.15	31.0753
Gorai.004G128900.1.D	1562	1456.5	1089.85	29.6784
Gorai.004G129000.1.A	1508	1402.5	8.5952	0.243073
Gorai.004G129000.1.D	1508	1402.5	1334.4	37.7371
Gorai.004G129100.1.A	1471	1365.5	1.66667	0.0484106
Gorai.004G129100.1.D	1471	1365.5	3.33333	0.0968212
Gorai.004G129200.1.A	1852	1746.5	150.365	3.41477
Gorai.004G129200.1.D	1852	1746.5	101.635	2.30813
Gorai.004G129300.1.A	417	311.583	0	0
Gorai.004G129300.1.D	417	311.583	0	0
Gorai.004G129400.1.A	390	284.583	0	0
Gorai.004G129400.1.D	390	284.583	0	0
Gorai.004G129500.1.A	348	242.63	0.53515	0.0874813
Gorai.004G129500.1.D	348	242.63	0.53515	0.0874813
Gorai.004G129600.1.A	1796	1690.5	2	0.0469244
Gorai.004G129600.1.D	1796	1690.5	0	0
Gorai.004G129700.1.A	2110	2004.5	3	0.0593607
Gorai.004G129700.1.D	2110	2004.5	1	0.0197869
Gorai.004G129800.1.A	1906	1800.5	961.917	21.1899
Gorai.004G129800.1.D	1906	1800.5	1075.08	23.6828
Gorai.004G129900.1.A	1186	1080.5	1	0.0367078
Gorai.004G129900.1.D	1186	1080.5	25	0.917695
Gorai.004G130000.1.A	2735	2629.5	362.031	5.46081
Gorai.004G130000.1.D	2735	2629.5	161.051	2.42926
Gorai.004G130100.1.A	2713	2607.5	39.9846	0.608209
Gorai.004G130100.1.D	2713	2607.5	0	0
Gorai.004G130200.1.A	2757	2651.5	2.4031	0.0359471
Gorai.004G130200.1.D	2757	2651.5	474.612	7.09956
Gorai.004G130300.1.A	698	592.505	95.9596	6.42364
Gorai.004G130300.1.D	698	592.505	96.7385	6.47578
Gorai.004G130400.1.A	1626	1520.5	0	0
Gorai.004G130400.1.D	1626	1520.5	1	0.0260854
Gorai.004G130500.1.A	3258	3152.5	38.4416	0.483649
Gorai.004G130500.1.D	3258	3152.5	41.5584	0.522864
Gorai.004G130600.1.A	1679	1573.5	253.165	6.38146
Gorai.004G130600.1.D	1679	1573.5	597.835	15.0695
Gorai.004G130700.1.A	449	343.583	0.673918	0.0777965
Gorai.004G130700.1.D	449	343.583	0.673918	0.0777965
Gorai.004G130800.1.A	592	486.551	4	0.326074
Gorai.004G130800.1.D	592	486.551	0	0
Gorai.004G130900.1.A	1228	1122.5	1	0.0353343
Gorai.004G130900.1.D	1228	1122.5	0	0
Gorai.004G131000.1.A	1711	1605.5	164.079	4.05346
Gorai.004G131000.1.D	1711	1605.5	104.921	2.59201
Gorai.004G131100.1.A	909	803.505	1029.47	50.8171
Gorai.004G131100.1.D	909	803.505	1049.53	51.8074
Gorai.004G131200.1.A	2833	2727.5	832.363	12.1041
Gorai.004G131200.1.D	2833	2727.5	781.637	11.3664
Gorai.004G131300.1.A	2654	2548.5	341.306	5.31182
Gorai.004G131300.1.D	2654	2548.5	255.694	3.97942
Gorai.004G131400.1.A	2531	2425.5	761.28	12.4488
Gorai.004G131400.1.D	2531	2425.5	221.72	3.62566
Gorai.004G131500.1.A	858	752.505	1	0.0527079
Gorai.004G131500.1.D	858	752.505	0	0
Gorai.004G131600.1.A	1485	1379.5	0	0
Gorai.004G131600.1.D	1485	1379.5	12	0.345019
Gorai.004G131700.1.A	3361	3255.5	25.7143	0.313286
Gorai.004G131700.1.D	3361	3255.5	34.2857	0.417715
Gorai.004G131800.1.A	2129	2023.5	38.8235	0.760984
Gorai.004G131800.1.D	2129	2023.5	1.17647	0.0230601
Gorai.004G131900.1.A	1629	1523.5	837.526	21.8042
Gorai.004G131900.1.D	1629	1523.5	1427.47	37.1629
Gorai.004G132000.1.A	1268	1162.5	2.19984	0.0750551
Gorai.004G132000.1.D	1268	1162.5	0	0
Gorai.004G132100.1.A	762	656.505	0	0
Gorai.004G132100.1.D	762	656.505	0	0
Gorai.004G132200.1.A	3302	3196.5	451.513	5.60247
Gorai.004G132200.1.D	3302	3196.5	311.487	3.865
Gorai.004G132300.1.A	4672	4566.5	158.126	1.37343
Gorai.004G132300.1.D	4672	4566.5	167.874	1.45809
Gorai.004G132400.1.A	2855	2749.5	2872.29	41.4342
Gorai.004G132400.1.D	2855	2749.5	3124.71	45.0754
Gorai.004G132500.1.A	1534	1428.5	1015.74	28.2024
Gorai.004G132500.1.D	1534	1428.5	1912.26	53.0945
Gorai.004G132600.1.A	2429	2323.5	876.601	14.9638
Gorai.004G132600.1.D	2429	2323.5	797.358	13.6112
Gorai.004G132700.1.A	1787	1681.5	55.8	1.3162
Gorai.004G132700.1.D	1787	1681.5	99.2	2.33991
Gorai.004G132800.1.A	1424	1318.5	10.5	0.315858
Gorai.004G132800.1.D	1424	1318.5	52.5	1.57929
Gorai.004G132900.1.A	1141	1035.5	15.0134	0.575057
Gorai.004G132900.1.D	1141	1035.5	33.21	1.27204
Gorai.004G133000.1.A	1278	1172.5	2.16581	0.0732639
Gorai.004G133000.1.D	1278	1172.5	2.16581	0.0732639
Gorai.004G133100.1.A	722	616.505	2.37441	0.152758
Gorai.004G133100.1.D	722	616.505	2.37441	0.152758
Gorai.004G133200.1.A	554	448.551	0	0
Gorai.004G133200.1.D	554	448.551	0	0
Gorai.004G133300.1.A	913	807.505	6.42857	0.315758
Gorai.004G133300.1.D	913	807.505	2.57143	0.126303
Gorai.004G133400.1.A	1499	1393.5	77.7404	2.2127
Gorai.004G133400.1.D	1499	1393.5	27.2596	0.775883
Gorai.004G133500.1.A	1263	1157.5	2	0.0685318
Gorai.004G133500.1.D	1263	1157.5	0	0
Gorai.004G133600.1.A	1134	1028.5	0	0
Gorai.004G133600.1.D	1134	1028.5	0	0
Gorai.004G133700.1.A	2871	2765.5	263.529	3.77955
Gorai.004G133700.1.D	2871	2765.5	16.4706	0.236222
Gorai.004G133800.1.A	2134	2028.5	28.4464	0.556207
Gorai.004G133800.1.D	2134	2028.5	30.5536	0.597408
Gorai.004G133900.1.A	880	774.505	0	0
Gorai.004G133900.1.D	880	774.505	52	2.66296
Gorai.004G134000.1.A	1778	1672.5	740.333	17.5568
Gorai.004G134000.1.D	1778	1672.5	78.6671	1.86557
Gorai.004G134100.1.A	1091	985.505	14310.1	575.928
Gorai.004G134100.1.D	1091	985.505	28167.7	1133.65
Gorai.004G134200.1.A	727	621.505	0	0
Gorai.004G134200.1.D	727	621.505	24.2567	1.548
Gorai.004G134300.1.A	1262	1156.5	1	0.0342955
Gorai.004G134300.1.D	1262	1156.5	1	0.0342955
Gorai.004G134400.1.A	1176	1070.5	242.526	8.98577
Gorai.004G134400.1.D	1176	1070.5	254.474	9.42842
Gorai.004G134500.1.A	559	453.551	57	4.98463
Gorai.004G134500.1.D	559	453.551	57	4.98463
Gorai.004G134600.1.A	1650	1544.5	3	0.0770401
Gorai.004G134600.1.D	1650	1544.5	1	0.02568
Gorai.004G134700.1.A	1121	1015.5	20.6667	0.807186
Gorai.004G134700.1.D	1121	1015.5	10.3333	0.403593
Gorai.004G134800.1.A	1465	1359.5	0	0
Gorai.004G134800.1.D	1465	1359.5	0	0
Gorai.004G134900.1.A	1058	952.505	1	0.0416407
Gorai.004G134900.1.D	1058	952.505	1	0.0416407
Gorai.004G135000.1.A	918	812.505	0	0
Gorai.004G135000.1.D	918	812.505	12	0.585788
Gorai.004G135100.1.A	949	843.505	3.5	0.164576
Gorai.004G135100.1.D	949	843.505	3.5	0.164576
Gorai.004G135200.1.A	2474	2368.5	129.238	2.16421
Gorai.004G135200.1.D	2474	2368.5	655.762	10.9814
Gorai.004G135300.1.A	819	713.505	0	0
Gorai.004G135300.1.D	819	713.505	13	0.722656
Gorai.004G135400.1.A	2229	2123.5	0	0
Gorai.004G135400.1.D	2229	2123.5	0	0
Gorai.004G135500.1.A	2752	2646.5	190.815	2.85973
Gorai.004G135500.1.D	2752	2646.5	5.18519	0.0777099
Gorai.004G135600.1.A	508	402.551	0	0
Gorai.004G135600.1.D	508	402.551	0	0
Gorai.004G135700.1.A	2056	1950.5	0	0
Gorai.004G135700.1.D	2056	1950.5	2	0.0406694
Gorai.004G135800.1.A	291	185.705	0	0
Gorai.004G135800.1.D	291	185.705	0	0
Gorai.004G135900.1.A	980	874.505	2164.28	98.1606
Gorai.004G135900.1.D	980	874.505	3872.31	175.628
Gorai.004G136000.1.A	1838	1732.5	5.78947	0.132541
Gorai.004G136000.1.D	1838	1732.5	16.2105	0.371114
Gorai.004G136100.1.A	512	406.551	0	0
Gorai.004G136100.1.D	512	406.551	4.28512	0.418054
Gorai.004G136200.1.A	500	394.551	7.849	0.789034
Gorai.004G136200.1.D	500	394.551	7.849	0.789034
Gorai.004G136300.1.A	1002	896.505	169	7.47686
Gorai.004G136300.1.D	1002	896.505	0	0
Gorai.004G136400.1.A	703	597.505	1	0.066381
Gorai.004G136400.1.D	703	597.505	1	0.066381
Gorai.004G136500.1.A	2250	2144.5	42.72	0.790113
Gorai.004G136500.1.D	2250	2144.5	224.28	4.14809
Gorai.004G136600.1.A	531	425.551	18	1.67767
Gorai.004G136600.1.D	531	425.551	0	0
Gorai.004G136700.1.A	1596	1490.5	1	0.0266104
Gorai.004G136700.1.D	1596	1490.5	0	0
Gorai.004G136800.1.A	1276	1170.5	0	0
Gorai.004G136800.1.D	1276	1170.5	19.4738	0.659877
Gorai.004G136900.1.A	1678	1572.5	42.92	1.08256
Gorai.004G136900.1.D	1678	1572.5	44.08	1.11182
Gorai.004G137000.1.A	1395	1289.5	375.536	11.5508
Gorai.004G137000.1.D	1395	1289.5	461.464	14.1938
Gorai.004G137100.1.A	648	542.505	1	0.0731108
Gorai.004G137100.1.D	648	542.505	1	0.0731108
Gorai.004G137200.1.A	1707	1601.5	19.3611	0.479498
Gorai.004G137200.1.D	1707	1601.5	62.6389	1.55132
Gorai.004G137300.1.A	3074	2968.5	0	0
Gorai.004G137300.1.D	3074	2968.5	2	0.0267225
Gorai.004G137400.1.A	827	721.505	0	0
Gorai.004G137400.1.D	827	721.505	0	0
Gorai.004G137500.1.A	2985	2879.5	187.96	2.58901
Gorai.004G137500.1.D	2985	2879.5	151.04	2.08045
Gorai.004G137600.1.A	1428	1322.5	4	0.119963
Gorai.004G137600.1.D	1428	1322.5	1	0.0299908
Gorai.004G137700.1.A	684	578.505	138	9.46144
Gorai.004G137700.1.D	684	578.505	145.939	10.0057
Gorai.004G137800.1.A	1163	1057.5	3	0.112518
Gorai.004G137800.1.D	1163	1057.5	5	0.187531
Gorai.004G137900.1.A	2054	1948.5	16.8889	0.343783
Gorai.004G137900.1.D	2054	1948.5	2.11111	0.0429729
Gorai.004G138000.1.A	612	506.551	0	0
Gorai.004G138000.1.D	612	506.551	0	0
Gorai.004G138100.1.A	4547	4441.5	0	0
Gorai.004G138100.1.D	4547	4441.5	4	0.0357203
Gorai.004G138200.1.A	1628	1522.5	75.9876	1.97956
Gorai.004G138200.1.D	1628	1522.5	442.012	11.5149
Gorai.004G138300.1.A	1306	1200.5	9066.73	299.552
Gorai.004G138300.1.D	1306	1200.5	2983.27	98.563
Gorai.004G138400.1.A	924	818.505	1156.61	56.0467
Gorai.004G138400.1.D	924	818.505	2960.39	143.454
Gorai.004G138500.1.A	2263	2157.5	46.1207	0.847869
Gorai.004G138500.1.D	2263	2157.5	60.8793	1.11919
Gorai.004G138600.1.A	2576	2470.5	1.1756	0.0188738
Gorai.004G138600.1.D	2576	2470.5	1993.82	32.01
Gorai.004G138700.1.A	228	123.486	4.68619	1.50517
Gorai.004G138700.1.D	228	123.486	4.68619	1.50517
Gorai.004G138800.1.A	729	623.505	9.7919	0.622891
Gorai.004G138800.1.D	729	623.505	9.7919	0.622891
Gorai.004G138900.1.A	1610	1504.5	27.4091	0.72258
Gorai.004G138900.1.D	1610	1504.5	39.5909	1.04373
Gorai.004G139000.1.A	960	854.505	8335.52	386.904
Gorai.004G139000.1.D	960	854.505	8081.48	375.112
Gorai.004G139100.1.A	893	787.505	14	0.705115
Gorai.004G139100.1.D	893	787.505	151	7.60517
Gorai.004G139200.1.A	2359	2253.5	35.9292	0.632374
Gorai.004G139200.1.D	2359	2253.5	80.0708	1.40929
Gorai.004G139300.1.A	2525	2419.5	56.9259	0.933187
Gorai.004G139300.1.D	2525	2419.5	1.07407	0.0176073
Gorai.004G139400.1.A	2656	2550.5	0	0
Gorai.004G139400.1.D	2656	2550.5	0	0
Gorai.004G139500.1.A	1185	1079.5	6043.18	222.037
Gorai.004G139500.1.D	1185	1079.5	5640.82	207.254
Gorai.004G139600.1.A	1175	1069.5	93.3992	3.46374
Gorai.004G139600.1.D	1175	1069.5	996.601	36.9593
Gorai.004G139700.1.A	1010	904.505	322.935	14.1609
Gorai.004G139700.1.D	1010	904.505	286.065	12.5441
Gorai.004G139800.1.A	1771	1665.5	533.363	12.7017
Gorai.004G139800.1.D	1771	1665.5	617.637	14.7086
Gorai.004G139900.1.A	364	258.583	320.151	49.1065
Gorai.004G139900.1.D	364	258.583	44.8256	6.8756
Gorai.004G140000.1.A	1962	1856.5	37.3585	0.798138
Gorai.004G140000.1.D	1962	1856.5	17.6415	0.376899
Gorai.004G140100.1.A	1150	1044.5	8.28571	0.314633
Gorai.004G140100.1.D	1150	1044.5	20.7143	0.786583
Gorai.004G140200.1.A	1818	1712.5	6.85714	0.158817
Gorai.004G140200.1.D	1818	1712.5	1.14286	0.0264695
Gorai.004G140300.1.A	945	839.505	0	0
Gorai.004G140300.1.D	945	839.505	7	0.33072
Gorai.004G140400.1.A	675	569.505	2	0.139289
Gorai.004G140400.1.D	675	569.505	0	0
Gorai.004G140500.1.A	2450	2344.5	134.142	2.26933
Gorai.004G140500.1.D	2450	2344.5	58.8582	0.995727
Gorai.004G140600.1.A	1525	1419.5	0	0
Gorai.004G140600.1.D	1525	1419.5	10	0.279414
Gorai.004G140700.1.A	614	508.505	0	0
Gorai.004G140700.1.D	614	508.505	0	0
Gorai.004G140800.1.A	306	200.687	0	0
Gorai.004G140800.1.D	306	200.687	0	0
Gorai.004G140900.1.A	518	412.551	0	0
Gorai.004G140900.1.D	518	412.551	1	0.0961406
Gorai.004G141000.1.A	1420	1314.5	365.458	11.0271
Gorai.004G141000.1.D	1420	1314.5	412.542	12.4477
Gorai.004G141100.1.A	879	773.505	7	0.358938
Gorai.004G141100.1.D	879	773.505	3	0.153831
Gorai.004G141200.1.A	1846	1740.5	24.7358	0.563685
Gorai.004G141200.1.D	1846	1740.5	32.2642	0.735241
Gorai.004G141300.1.A	1667	1561.5	2.06667	0.0524943
Gorai.004G141300.1.D	1667	1561.5	28.9333	0.73492
Gorai.004G141400.1.A	1431	1325.5	0	0
Gorai.004G141400.1.D	1431	1325.5	0	0
Gorai.004G141500.1.A	792	686.505	1.56003	0.0901312
Gorai.004G141500.1.D	792	686.505	1.56003	0.0901312
Gorai.004G141600.1.A	512	406.551	2	0.195119
Gorai.004G141600.1.D	512	406.551	0	0
Gorai.004G141700.1.A	358	252.63	3.36847	0.52885
Gorai.004G141700.1.D	358	252.63	3.36847	0.52885
Gorai.004G141800.1.A	366	260.583	0	0
Gorai.004G141800.1.D	366	260.583	0	0
Gorai.004G141900.1.A	1301	1195.5	5.34884	0.177457
Gorai.004G141900.1.D	1301	1195.5	86.6512	2.8748
Gorai.004G142000.1.A	494	388.551	9	0.918711
Gorai.004G142000.1.D	494	388.551	9	0.918711
Gorai.004G142100.1.A	622	516.505	0	0
Gorai.004G142100.1.D	622	516.505	0	0
Gorai.004G142200.1.A	390	284.583	1377.72	192.016
Gorai.004G142200.1.D	390	284.583	2000.52	278.817
Gorai.004G142300.1.A	1755	1649.5	276.08	6.63844
Gorai.004G142300.1.D	1755	1649.5	303.92	7.30787
Gorai.004G142400.1.A	1547	1441.5	73.7706	2.02979
Gorai.004G142400.1.D	1547	1441.5	120.83	3.32463
Gorai.004G142500.1.A	1072	966.505	2	0.082075
Gorai.004G142500.1.D	1072	966.505	9	0.369338
Gorai.004G142600.1.A	622	516.505	0	0
Gorai.004G142600.1.D	622	516.505	0	0
Gorai.004G142700.1.A	3053	2947.5	457.333	6.15408
Gorai.004G142700.1.D	3053	2947.5	522.667	7.03324
Gorai.004G142800.1.A	1197	1091.5	7.54839	0.274292
Gorai.004G142800.1.D	1197	1091.5	31.4516	1.14288
Gorai.004G142900.1.A	3750	3644.5	3390.83	36.9023
Gorai.004G142900.1.D	3750	3644.5	1999.17	21.7568
Gorai.004G143000.1.A	1842	1736.5	13.5493	0.309475
Gorai.004G143000.1.D	1842	1736.5	60.4507	1.38073
Gorai.004G143100.1.A	2302	2196.5	1436.7	25.9429
Gorai.004G143100.1.D	2302	2196.5	2197.3	39.6773
Gorai.004G143200.1.A	1150	1044.5	2	0.0759459
Gorai.004G143200.1.D	1150	1044.5	20	0.759459
Gorai.004G143300.1.A	1652	1546.5	4850.05	124.389
Gorai.004G143300.1.D	1652	1546.5	4024.95	103.227
Gorai.004G143400.1.A	894	788.505	0	0
Gorai.004G143400.1.D	894	788.505	0	0
Gorai.004G143500.1.A	849	743.505	0	0
Gorai.004G143500.1.D	849	743.505	0	0
Gorai.004G143600.1.A	1482	1376.5	195.903	5.6448
Gorai.004G143600.1.D	1482	1376.5	361.097	10.4047
Gorai.004G143700.1.A	2482	2376.5	7.71429	0.128748
Gorai.004G143700.1.D	2482	2376.5	1.28571	0.0214581
Gorai.004G143800.1.A	1870	1764.5	146.798	3.29977
Gorai.004G143800.1.D	1870	1764.5	20.2016	0.454096
Gorai.004G143900.1.A	2177	2071.5	63.3922	1.21376
Gorai.004G143900.1.D	2177	2071.5	42.6078	0.815809
Gorai.004G144000.1.A	612	506.551	0	0
Gorai.004G144000.1.D	612	506.551	0	0
Gorai.004G144100.1.A	1256	1150.5	656.813	22.6432
Gorai.004G144100.1.D	1256	1150.5	1244.19	42.8926
Gorai.004G144200.1.A	1149	1043.5	0	0
Gorai.004G144200.1.D	1149	1043.5	0	0
Gorai.004G144300.1.A	1747	1641.5	1	0.0241626
Gorai.004G144300.1.D	1747	1641.5	15	0.362438
Gorai.004G144400.1.A	568	462.551	1500.14	128.635
Gorai.004G144400.1.D	568	462.551	1127.54	96.6842
Gorai.004G144500.1.A	1541	1435.5	103.248	2.85274
Gorai.004G144500.1.D	1541	1435.5	695.752	19.2236
Gorai.004G144600.1.A	600	494.551	23	1.8446
Gorai.004G144600.1.D	600	494.551	2	0.1604
Gorai.004G144700.1.A	2055	1949.5	38	0.773115
Gorai.004G144700.1.D	2055	1949.5	22	0.447593
Gorai.004G144800.1.A	4529	4423.5	2041.8	18.3076
Gorai.004G144800.1.D	4529	4423.5	1990.2	17.845
Gorai.004G144900.1.A	1312	1206.5	4.21053	0.138418
Gorai.004G144900.1.D	1312	1206.5	35.7895	1.17655
Gorai.004G145000.1.A	2803	2697.5	35.4462	0.521185
Gorai.004G145000.1.D	2803	2697.5	108.554	1.59613
Gorai.004G145100.1.A	1932	1826.5	6.75	0.146578
Gorai.004G145100.1.D	1932	1826.5	2.25	0.0488592
Gorai.004G145200.1.A	3381	3275.5	410.964	4.97634
Gorai.004G145200.1.D	3381	3275.5	234.036	2.83394
Gorai.004G145300.1.A	2086	1980.5	181.875	3.64236
Gorai.004G145300.1.D	2086	1980.5	161.125	3.22679
Gorai.004G145400.1.A	375	269.583	6.43044	0.94609
Gorai.004G145400.1.D	375	269.583	6.43044	0.94609
Gorai.004G145500.1.A	283	177.772	8.5	1.89645
Gorai.004G145500.1.D	283	177.772	8.5	1.89645
Gorai.004G145600.1.A	594	488.551	0	0
Gorai.004G145600.1.D	594	488.551	32.0533	2.60224
Gorai.004G145700.1.A	872	766.505	1	0.0517452
Gorai.004G145700.1.D	872	766.505	97.9467	5.06827
Gorai.004G145800.1.A	1107	1001.5	0	0
Gorai.004G145800.1.D	1107	1001.5	0	0
Gorai.004G145900.1.A	662	556.505	0	0
Gorai.004G145900.1.D	662	556.505	0	0
Gorai.004G146000.1.A	977	871.505	0	0
Gorai.004G146000.1.D	977	871.505	0	0
Gorai.004G146100.1.A	1045	939.505	4208.63	177.675
Gorai.004G146100.1.D	1045	939.505	5897.66	248.981
Gorai.004G146200.1.A	1386	1280.5	0	0
Gorai.004G146200.1.D	1386	1280.5	7	0.216821
Gorai.004G146300.1.A	2911	2805.5	114.5	1.61875
Gorai.004G146300.1.D	2911	2805.5	114.5	1.61875
Gorai.004G146400.1.A	1320	1214.5	0	0
Gorai.004G146400.1.D	1320	1214.5	0	0
Gorai.004G146500.1.A	387	281.583	0	0
Gorai.004G146500.1.D	387	281.583	0	0
Gorai.004G146600.1.A	1242	1136.5	5806.53	202.643
Gorai.004G146600.1.D	1242	1136.5	10345.5	361.047
Gorai.004G146700.1.A	1788	1682.5	0	0
Gorai.004G146700.1.D	1788	1682.5	1	0.0235737
Gorai.004G146800.1.A	1693	1587.5	3364	84.0478
Gorai.004G146800.1.D	1693	1587.5	12586	314.454
Gorai.004G146900.1.A	2224	2118.5	0	0
Gorai.004G146900.1.D	2224	2118.5	0	0
Gorai.004G147000.1.A	533	427.551	2.01634	0.187051
Gorai.004G147000.1.D	533	427.551	2.01634	0.187051
Gorai.004G147100.1.A	3194	3088.5	50.0842	0.643187
Gorai.004G147100.1.D	3194	3088.5	71.9158	0.923551
Gorai.004G147200.1.A	4374	4268.5	93.9	0.872519
Gorai.004G147200.1.D	4374	4268.5	219.1	2.03588
Gorai.004G147300.1.A	1976	1870.5	417.145	8.84531
Gorai.004G147300.1.D	1976	1870.5	73.8552	1.56605
Gorai.004G147400.1.A	1009	903.505	22.8	1.0009
Gorai.004G147400.1.D	1009	903.505	34.2	1.50135
Gorai.004G147500.1.A	907	801.505	6	0.296914
Gorai.004G147500.1.D	907	801.505	0	0
Gorai.004G147600.1.A	1991	1885.5	93.2195	1.96094
Gorai.004G147600.1.D	1991	1885.5	242.78	5.10706
Gorai.004G147700.1.A	750	644.505	0	0
Gorai.004G147700.1.D	750	644.505	0	0
Gorai.004G147800.1.A	1388	1282.5	330.99	10.2362
Gorai.004G147800.1.D	1388	1282.5	181.01	5.59795
Gorai.004G147900.1.A	944	838.505	0	0
Gorai.004G147900.1.D	944	838.505	0	0
Gorai.004G148000.1.A	1192	1086.5	34.7826	1.26974
Gorai.004G148000.1.D	1192	1086.5	240.217	8.76916
Gorai.004G148100.1.A	255	149.978	0	0
Gorai.004G148100.1.D	255	149.978	0	0
Gorai.004G148200.1.A	1010	904.505	0	0
Gorai.004G148200.1.D	1010	904.505	0	0
Gorai.004G148300.1.A	4530	4424.5	1416.56	12.6985
Gorai.004G148300.1.D	4530	4424.5	474.444	4.2531
Gorai.004G148400.1.A	1441	1335.5	483.484	14.3589
Gorai.004G148400.1.D	1441	1335.5	663.516	19.7057
Gorai.004G148500.1.A	1437	1331.5	0	0
Gorai.004G148500.1.D	1437	1331.5	0	0
Gorai.004G148600.1.A	681	575.505	0	0
Gorai.004G148600.1.D	681	575.505	0	0
Gorai.004G148700.1.A	1192	1086.5	233.514	8.52445
Gorai.004G148700.1.D	1192	1086.5	469.486	17.1386
Gorai.004G148800.1.A	2117	2011.5	32.8595	0.647925
Gorai.004G148800.1.D	2117	2011.5	109.14	2.15204
Gorai.004G148900.1.A	462	356.551	0	0
Gorai.004G148900.1.D	462	356.551	0	0
Gorai.004G149000.1.A	1610	1504.5	0	0
Gorai.004G149000.1.D	1610	1504.5	80	2.10902
Gorai.004G149100.1.A	1752	1646.5	0	0
Gorai.004G149100.1.D	1752	1646.5	66	1.58989
Gorai.004G149200.1.A	770	664.505	0	0
Gorai.004G149200.1.D	770	664.505	9	0.537192
Gorai.004G149300.1.A	1602	1496.5	0	0
Gorai.004G149300.1.D	1602	1496.5	81	2.1468
Gorai.004G149400.1.A	533	427.551	0	0
Gorai.004G149400.1.D	533	427.551	0	0
Gorai.004G149500.1.A	1837	1731.5	0	0
Gorai.004G149500.1.D	1837	1731.5	0	0
Gorai.004G149600.1.A	1955	1849.5	398.827	8.55292
Gorai.004G149600.1.D	1955	1849.5	302.173	6.48014
Gorai.004G149700.1.A	357	251.63	268.39	42.3047
Gorai.004G149700.1.D	357	251.63	417.61	65.8254
Gorai.004G149800.1.A	717	611.505	0	0
Gorai.004G149800.1.D	717	611.505	0	0
Gorai.004G149900.1.A	2519	2413.5	833.531	13.698
Gorai.004G149900.1.D	2519	2413.5	349.469	5.74309
Gorai.004G150000.1.A	1402	1296.5	3	0.0917766
Gorai.004G150000.1.D	1402	1296.5	0	0
Gorai.004G150100.1.A	279	173.788	0	0
Gorai.004G150100.1.D	279	173.788	0	0
Gorai.004G150200.1.A	2123	2017.5	169.798	3.33813
Gorai.004G150200.1.D	2123	2017.5	35.202	0.692051
Gorai.004G150300.1.A	616	510.505	8.22329	0.638897
Gorai.004G150300.1.D	616	510.505	13.0489	1.01381
Gorai.004G150400.1.A	3052	2946.5	12.6923	0.170851
Gorai.004G150400.1.D	3052	2946.5	2.30769	0.0310639
Gorai.004G150500.1.A	690	584.505	106.604	7.23388
Gorai.004G150500.1.D	690	584.505	131.396	8.91617
Gorai.004G150600.1.A	553	447.551	216.578	19.1936
Gorai.004G150600.1.D	553	447.551	0	0
Gorai.004G150700.1.A	813	707.505	1.42184	0.079709
Gorai.004G150700.1.D	813	707.505	0	0
Gorai.004G150800.1.A	1154	1048.5	0	0
Gorai.004G150800.1.D	1154	1048.5	2	0.0756562
Gorai.004G150900.1.A	347	241.63	1	0.164147
Gorai.004G150900.1.D	347	241.63	0	0
Gorai.004G151000.1.A	1271	1165.5	0	0
Gorai.004G151000.1.D	1271	1165.5	0	0
Gorai.004G151100.1.A	261	155.894	17.9002	4.55423
Gorai.004G151100.1.D	261	155.894	17.9002	4.55423
Gorai.004G151200.1.A	2112	2006.5	1	0.0197672
Gorai.004G151200.1.D	2112	2006.5	0	0
Gorai.004G151300.1.A	661	555.505	0	0
Gorai.004G151300.1.D	661	555.505	0	0
Gorai.004G151400.1.A	249	144.019	0	0
Gorai.004G151400.1.D	249	144.019	0	0
Gorai.004G151500.1.A	1008	902.505	0	0
Gorai.004G151500.1.D	1008	902.505	0	0
Gorai.004G151600.1.A	2639	2533.5	404.144	6.32702
Gorai.004G151600.1.D	2639	2533.5	352.856	5.5241
Gorai.004G151700.1.A	1441	1335.5	0	0
Gorai.004G151700.1.D	1441	1335.5	17	0.50488
Gorai.004G151800.1.A	6892	6786.5	8.61538	0.0503516
Gorai.004G151800.1.D	6892	6786.5	5.38462	0.0314698
Gorai.004G151900.1.A	1551	1445.5	5.16305	0.141668
Gorai.004G151900.1.D	1551	1445.5	0	0
Gorai.004G152000.1.A	1796	1690.5	1503.46	35.2745
Gorai.004G152000.1.D	1796	1690.5	585.537	13.738
Gorai.004G152100.1.A	1905	1799.5	521.684	11.4984
Gorai.004G152100.1.D	1905	1799.5	485.316	10.6969
Gorai.004G152200.1.A	1648	1542.5	19.1538	0.492509
Gorai.004G152200.1.D	1648	1542.5	63.8462	1.6417
Gorai.004G152300.1.A	1569	1463.5	1	0.0271013
Gorai.004G152300.1.D	1569	1463.5	0	0
Gorai.004G152400.1.A	799	693.505	19.3567	1.10705
Gorai.004G152400.1.D	799	693.505	19.3567	1.10705
Gorai.004G152500.1.A	2194	2088.5	115.753	2.19827
Gorai.004G152500.1.D	2194	2088.5	86.2472	1.63793
Gorai.004G152600.1.A	372	266.583	1	0.148783
Gorai.004G152600.1.D	372	266.583	0	0
Gorai.004G152700.1.A	759	653.505	2	0.121385
Gorai.004G152700.1.D	759	653.505	2	0.121385
Gorai.004G152800.1.A	2116	2010.5	38.5857	0.761213
Gorai.004G152800.1.D	2116	2010.5	34.4143	0.67892
Gorai.004G152900.1.A	2118	2012.5	0	0
Gorai.004G152900.1.D	2118	2012.5	0	0
Gorai.004G153000.1.A	846	740.505	0	0
Gorai.004G153000.1.D	846	740.505	3	0.160686
Gorai.004G153100.1.A	1983	1877.5	90.6416	1.91484
Gorai.004G153100.1.D	1983	1877.5	150.358	3.17637
Gorai.004G153200.1.A	204	100.177	0	0
Gorai.004G153200.1.D	204	100.177	0	0
Gorai.004G153300.1.A	1659	1553.5	16.8	0.428925
Gorai.004G153300.1.D	1659	1553.5	19.2	0.4902
Gorai.004G153400.1.A	738	632.505	2039.3	127.88
Gorai.004G153400.1.D	738	632.505	2393.7	150.103
Gorai.004G153500.1.A	1015	909.505	0	0
Gorai.004G153500.1.D	1015	909.505	0	0
Gorai.004G153600.1.A	1836	1730.5	33.8987	0.776955
Gorai.004G153600.1.D	1836	1730.5	69.1013	1.58379
Gorai.004G153700.1.A	2145	2039.5	117.623	2.28745
Gorai.004G153700.1.D	2145	2039.5	135.377	2.63273
Gorai.004G153800.1.A	468	362.551	0	0
Gorai.004G153800.1.D	468	362.551	1	0.1094
Gorai.004G153900.1.A	3967	3861.5	158	1.62288
Gorai.004G153900.1.D	3967	3861.5	15	0.154071
Gorai.004G154000.1.A	724	618.505	0	0
Gorai.004G154000.1.D	724	618.505	0	0
Gorai.004G154100.1.A	1754	1648.5	667.024	16.0486
Gorai.004G154100.1.D	1754	1648.5	1209.95	29.1114
Gorai.004G154200.1.A	1748	1642.5	418.119	10.0967
Gorai.004G154200.1.D	1748	1642.5	283.881	6.85511
Gorai.004G154300.1.A	3614	3508.5	90.1047	1.01861
Gorai.004G154300.1.D	3614	3508.5	278.895	3.15286
Gorai.004G154400.1.A	897	791.505	57	2.85632
Gorai.004G154400.1.D	897	791.505	0	0
Gorai.004G154500.1.A	879	773.505	0	0
Gorai.004G154500.1.D	879	773.505	6	0.307662
Gorai.004G154600.1.A	1837	1731.5	2802.96	64.2065
Gorai.004G154600.1.D	1837	1731.5	2929.04	67.0943
Gorai.004G154700.1.A	1920	1814.5	24.64	0.538601
Gorai.004G154700.1.D	1920	1814.5	3.36	0.0734457
Gorai.004G154800.1.A	965	859.505	607.045	28.0129
Gorai.004G154800.1.D	965	859.505	491.955	22.7019
Gorai.004G154900.1.A	345	239.63	0	0
Gorai.004G154900.1.D	345	239.63	0	0
Gorai.004G155000.1.A	615	509.505	4	0.311384
Gorai.004G155000.1.D	615	509.505	1	0.0778461
Gorai.004G155100.1.A	941	835.505	0	0
Gorai.004G155100.1.D	941	835.505	5	0.237359
Gorai.004G155200.1.A	1341	1235.5	0	0
Gorai.004G155200.1.D	1341	1235.5	168	5.39324
Gorai.004G155300.1.A	1211	1105.5	7	0.251144
Gorai.004G155300.1.D	1211	1105.5	7	0.251144
Gorai.004G155400.1.A	1762	1656.5	3.42857	0.0820929
Gorai.004G155400.1.D	1762	1656.5	4.57143	0.109457
Gorai.004G155500.1.A	9061	8955.5	498.656	2.20849
Gorai.004G155500.1.D	9061	8955.5	1249.34	5.53321
Gorai.004G155600.1.A	2842	2736.5	1006.45	14.5876
Gorai.004G155600.1.D	2842	2736.5	715.955	10.3771
Gorai.004G155700.1.A	1517	1411.5	51.3953	1.4442
Gorai.004G155700.1.D	1517	1411.5	13.6047	0.382287
Gorai.004G155800.1.A	2400	2294.5	8	0.138288
Gorai.004G155800.1.D	2400	2294.5	0	0
Gorai.004G155900.1.A	1514	1408.5	387.077	10.8999
Gorai.004G155900.1.D	1514	1408.5	345.923	9.74105
Gorai.004G156000.1.A	1077	971.505	0	0
Gorai.004G156000.1.D	1077	971.505	0	0
Gorai.004G156100.1.A	1384	1278.5	81.6393	2.53269
Gorai.004G156100.1.D	1384	1278.5	1.36066	0.0422115
Gorai.004G156200.1.A	1630	1524.5	3	0.0780508
Gorai.004G156200.1.D	1630	1524.5	0	0
Gorai.004G156300.1.A	2467	2361.5	104.004	1.74681
Gorai.004G156300.1.D	2467	2361.5	192.996	3.24149
Gorai.004G156400.1.A	845	739.505	71.7155	3.84642
Gorai.004G156400.1.D	845	739.505	69.2845	3.71604
Gorai.004G156500.1.A	2540	2434.5	4	0.065168
Gorai.004G156500.1.D	2540	2434.5	4	0.065168
Gorai.004G156600.1.A	1801	1695.5	0	0
Gorai.004G156600.1.D	1801	1695.5	0	0
Gorai.004G156700.1.A	3041	2935.5	33.0246	0.44621
Gorai.004G156700.1.D	3041	2935.5	8.79104	0.11878
Gorai.004G156800.1.A	1320	1214.5	30.5994	0.999306
Gorai.004G156800.1.D	1320	1214.5	227.585	7.4324
Gorai.004G156900.1.A	919	813.505	245.88	11.9881
Gorai.004G156900.1.D	919	813.505	1287.12	62.7543
Gorai.004G157000.1.A	328	222.63	2	0.356312
Gorai.004G157000.1.D	328	222.63	0	0
Gorai.004G157100.1.A	1369	1263.5	709.443	22.2703
Gorai.004G157100.1.D	1369	1263.5	96.5574	3.03105
Gorai.004G157200.1.A	3898	3792.5	41.8846	0.43804
Gorai.004G157200.1.D	3898	3792.5	57.1154	0.597327
Gorai.004G157300.1.A	890	784.505	1	0.0505579
Gorai.004G157300.1.D	890	784.505	0	0
Gorai.004G157400.1.A	2380	2274.5	300.6	5.24188
Gorai.004G157400.1.D	2380	2274.5	206.302	3.59751
Gorai.004G157500.1.A	714	608.505	0	0
Gorai.004G157500.1.D	714	608.505	0	0
Gorai.004G157600.1.A	1895	1789.5	1.5	0.0332463
Gorai.004G157600.1.D	1895	1789.5	1.5	0.0332463
Gorai.004G157700.1.A	1898	1792.5	17	0.376161
Gorai.004G157700.1.D	1898	1792.5	9	0.199144
Gorai.004G157800.1.A	519	413.551	6.15512	0.590326
Gorai.004G157800.1.D	519	413.551	6.15512	0.590326
Gorai.004G157900.1.A	3598	3492.5	879.22	9.98494
Gorai.004G157900.1.D	3598	3492.5	1496.78	16.9983
Gorai.004G158000.1.A	2146	2040.5	192.311	3.73811
Gorai.004G158000.1.D	2146	2040.5	121.689	2.36536
Gorai.004G158100.1.A	814	708.505	135.778	7.601
Gorai.004G158100.1.D	814	708.505	99.2222	5.55458
Gorai.004G158200.1.A	1433	1327.5	132.854	3.96937
Gorai.004G158200.1.D	1433	1327.5	119.146	3.55984
Gorai.004G158300.1.A	656	550.505	210.703	15.1808
Gorai.004G158300.1.D	656	550.505	13.2968	0.958013
Gorai.004G158400.1.A	1197	1091.5	26	0.944784
Gorai.004G158400.1.D	1197	1091.5	77	2.79802
Gorai.004G158500.1.A	2119	2013.5	272.4	5.36586
Gorai.004G158500.1.D	2119	2013.5	267.6	5.27131
Gorai.004G158600.1.A	3136	3030.5	206.618	2.70419
Gorai.004G158600.1.D	3136	3030.5	131.382	1.71952
Gorai.004G158700.1.A	1360	1254.5	0	0
Gorai.004G158700.1.D	1360	1254.5	0	0
Gorai.004G158800.1.A	2464	2358.5	472.647	7.94851
Gorai.004G158800.1.D	2464	2358.5	448.353	7.53994
Gorai.004G158900.1.A	2094	1988.5	105.794	2.11018
Gorai.004G158900.1.D	2094	1988.5	112.206	2.23807
Gorai.004G159000.1.A	2095	1989.5	200.519	3.99756
Gorai.004G159000.1.D	2095	1989.5	235.481	4.69457
Gorai.004G159100.1.A	3306	3200.5	167.176	2.07176
Gorai.004G159100.1.D	3306	3200.5	132.824	1.64606
Gorai.004G159200.1.A	1514	1408.5	0.00718119	0.00020222
Gorai.004G159200.1.D	1514	1408.5	251.993	7.09602
Gorai.004G159300.1.A	979	873.505	0	0
Gorai.004G159300.1.D	979	873.505	2	0.0908133
Gorai.004G159400.1.A	2618	2512.5	52.1444	0.823162
Gorai.004G159400.1.D	2618	2512.5	146.856	2.31829
Gorai.004G159500.1.A	666	560.505	160.893	11.3853
Gorai.004G159500.1.D	666	560.505	177.107	12.5326
Gorai.004G159600.1.A	2222	2116.5	138.459	2.5947
Gorai.004G159600.1.D	2222	2116.5	139.541	2.61497
Gorai.004G159700.1.A	1697	1591.5	292.127	7.28029
Gorai.004G159700.1.D	1697	1591.5	177.873	4.43289
Gorai.004G159800.1.A	2770	2664.5	964.788	14.3615
Gorai.004G159800.1.D	2770	2664.5	592.212	8.81547
Gorai.004G159900.1.A	1419	1313.5	577.23	17.4302
Gorai.004G159900.1.D	1419	1313.5	328.77	9.92763
Gorai.004G160000.1.A	1257	1151.5	107.37	3.6983
Gorai.004G160000.1.D	1257	1151.5	231.63	7.97836
Gorai.004G160100.1.A	1939	1833.5	25.4167	0.549821
Gorai.004G160100.1.D	1939	1833.5	35.5833	0.76975
Gorai.004G160200.1.A	1400	1294.5	11	0.337034
Gorai.004G160200.1.D	1400	1294.5	0	0
Gorai.004G160300.1.A	667	561.505	12.8937	0.910774
Gorai.004G160300.1.D	667	561.505	12.8937	0.910774
Gorai.004G160400.1.A	1415	1309.5	5.67961	0.172027
Gorai.004G160400.1.D	1415	1309.5	111.32	3.37173
Gorai.004G160500.1.A	976	870.505	58.4839	2.66471
Gorai.004G160500.1.D	976	870.505	39.5161	1.80048
Gorai.004G160600.1.A	1784	1678.5	195.429	4.61796
Gorai.004G160600.1.D	1784	1678.5	146.571	3.46347
Gorai.004G160700.1.A	1004	898.505	0	0
Gorai.004G160700.1.D	1004	898.505	4	0.176573
Gorai.004G160800.1.A	914	808.505	18.6667	0.915734
Gorai.004G160800.1.D	914	808.505	13.3333	0.654095
Gorai.004G160900.1.A	6322	6216.5	1584.78	10.1113
Gorai.004G160900.1.D	6322	6216.5	1378.22	8.7934
Gorai.004G161000.1.A	1760	1654.5	39.1023	0.937387
Gorai.004G161000.1.D	1760	1654.5	53.8977	1.29207
Gorai.004G161100.1.A	1294	1188.5	89.4118	2.98386
Gorai.004G161100.1.D	1294	1188.5	50.5882	1.68824
Gorai.004G161200.1.A	2650	2544.5	2	0.0311754
Gorai.004G161200.1.D	2650	2544.5	14	0.218228
Gorai.004G161300.1.A	1533	1427.5	27	0.75019
Gorai.004G161300.1.D	1533	1427.5	162.986	4.52854
Gorai.004G161400.1.A	748	642.505	0	0
Gorai.004G161400.1.D	748	642.505	1.01363	0.0625731
Gorai.004G161500.1.A	873	767.505	1	0.0516778
Gorai.004G161500.1.D	873	767.505	0	0
Gorai.004G161600.1.A	360	254.63	36	5.60761
Gorai.004G161600.1.D	360	254.63	24	3.73841
Gorai.004G161700.1.A	1975	1869.5	646.972	13.726
Gorai.004G161700.1.D	1975	1869.5	556.028	11.7965
Gorai.004G161800.1.A	2668	2562.5	140.285	2.17135
Gorai.004G161800.1.D	2668	2562.5	4.71545	0.0729866
Gorai.004G161900.1.A	1004	898.505	0	0
Gorai.004G161900.1.D	1004	898.505	0	0
Gorai.004G162000.1.A	1332	1226.5	0	0
Gorai.004G162000.1.D	1332	1226.5	0	0
Gorai.004G162100.1.A	114	28.4159	0	0
Gorai.004G162100.1.D	114	28.4159	0	0
Gorai.004G162200.1.A	2477	2371.5	20	0.334496
Gorai.004G162200.1.D	2477	2371.5	0	0
Gorai.004G162300.1.A	681	575.505	3.5	0.241215
Gorai.004G162300.1.D	681	575.505	3.5	0.241215
Gorai.004G162400.1.A	1045	939.505	920.953	38.8797
Gorai.004G162400.1.D	1045	939.505	993.047	41.9233
Gorai.004G162500.1.A	1538	1432.5	23.8795	0.66117
Gorai.004G162500.1.D	1538	1432.5	38.3108	1.06074
Gorai.004G162600.1.A	1863	1757.5	308.869	6.97049
Gorai.004G162600.1.D	1863	1757.5	5.13072	0.115789
Gorai.004G162700.1.A	1302	1196.5	235.382	7.80269
Gorai.004G162700.1.D	1302	1196.5	18.6178	0.617162
Gorai.004G162800.1.A	1473	1367.5	34.5373	1.00172
Gorai.004G162800.1.D	1473	1367.5	54.4627	1.57963
Gorai.004G162900.1.A	2167	2061.5	25.0698	0.482337
Gorai.004G162900.1.D	2167	2061.5	23.9302	0.460413
Gorai.004G163000.1.A	1466	1360.5	0	0
Gorai.004G163000.1.D	1466	1360.5	0	0
Gorai.004G163100.1.A	1728	1622.5	131.66	3.21848
Gorai.004G163100.1.D	1728	1622.5	106.34	2.59955
Gorai.004G163200.1.A	1316	1210.5	0	0
Gorai.004G163200.1.D	1316	1210.5	0	0
Gorai.004G163300.1.A	399	293.583	0	0
Gorai.004G163300.1.D	399	293.583	0	0
Gorai.004G163400.1.A	513	407.551	0	0
Gorai.004G163400.1.D	513	407.551	3	0.29196
Gorai.004G163500.1.A	1435	1329.5	0	0
Gorai.004G163500.1.D	1435	1329.5	2	0.0596657
Gorai.004G163600.1.A	432	326.583	0	0
Gorai.004G163600.1.D	432	326.583	0	0
Gorai.004G163700.1.A	865	759.505	338.613	17.6831
Gorai.004G163700.1.D	865	759.505	285.387	14.9035
Gorai.004G163800.1.A	999	893.505	0	0
Gorai.004G163800.1.D	999	893.505	18	0.799025
Gorai.004G163900.1.A	1029	923.505	0	0
Gorai.004G163900.1.D	1029	923.505	0	0
Gorai.004G164000.1.A	1370	1264.5	41.9318	1.31525
Gorai.004G164000.1.D	1370	1264.5	3.06818	0.0962378
Gorai.004G164100.1.A	816	710.505	0	0
Gorai.004G164100.1.D	816	710.505	0	0
Gorai.004G164200.1.A	1227	1121.5	0	0
Gorai.004G164200.1.D	1227	1121.5	0	0
Gorai.004G164300.1.A	911	805.505	23	1.13252
Gorai.004G164300.1.D	911	805.505	0	0
Gorai.004G164400.1.A	974	868.505	5719.29	261.189
Gorai.004G164400.1.D	974	868.505	797.71	36.4299
Gorai.004G164500.1.A	2159	2053.5	102.751	1.98462
Gorai.004G164500.1.D	2159	2053.5	73.2486	1.41478
Gorai.004G164600.1.A	587	481.551	975.88	80.3783
Gorai.004G164600.1.D	587	481.551	1112.12	91.5997
Gorai.004G164700.1.A	1410	1304.5	4	0.121618
Gorai.004G164700.1.D	1410	1304.5	4	0.121618
Gorai.004G164800.1.A	917	811.505	447.678	21.8806
Gorai.004G164800.1.D	917	811.505	868.322	42.4399
Gorai.004G164900.1.A	5380	5274.5	144.369	1.08562
Gorai.004G164900.1.D	5380	5274.5	194.631	1.46358
Gorai.004G165000.1.A	1253	1147.5	11.5	0.397492
Gorai.004G165000.1.D	1253	1147.5	11.5	0.397492
Gorai.004G165100.1.A	3912	3806.5	318.382	3.31747
Gorai.004G165100.1.D	3912	3806.5	342.618	3.57001
Gorai.004G165200.1.A	2076	1970.5	709.281	14.2766
Gorai.004G165200.1.D	2076	1970.5	573.719	11.548
Gorai.004G165300.1.A	765	659.505	3.5	0.210492
Gorai.004G165300.1.D	765	659.505	3.5	0.210492
Gorai.004G165400.1.A	1368	1262.5	0	0
Gorai.004G165400.1.D	1368	1262.5	11	0.345577
Gorai.004G165500.1.A	2226	2120.5	1178.37	22.0407
Gorai.004G165500.1.D	2226	2120.5	664.634	12.4316
Gorai.004G165600.1.A	1422	1316.5	512.53	15.4412
Gorai.004G165600.1.D	1422	1316.5	266.47	8.02807
Gorai.004G165700.1.A	531	425.551	0	0
Gorai.004G165700.1.D	531	425.551	0	0
Gorai.004G165800.1.A	735	629.505	0	0
Gorai.004G165800.1.D	735	629.505	0	0
Gorai.004G165900.1.A	3049	2943.5	78.7029	1.0605
Gorai.004G165900.1.D	3049	2943.5	206.297	2.7798
Gorai.004G166000.1.A	2915	2809.5	351.502	4.9623
Gorai.004G166000.1.D	2915	2809.5	259.498	3.66344
Gorai.004G166100.1.A	2188	2082.5	684.825	13.043
Gorai.004G166100.1.D	2188	2082.5	666.08	12.686
Gorai.004G166200.1.A	1808	1702.5	492.435	11.4722
Gorai.004G166200.1.D	1808	1702.5	441.876	10.2943
Gorai.004G166300.1.A	1857	1751.5	498.84	11.2963
Gorai.004G166300.1.D	1857	1751.5	613.754	13.8985
Gorai.004G166400.1.A	540	434.551	389.987	35.5954
Gorai.004G166400.1.D	540	434.551	1.01295	0.0924556
Gorai.004G166500.1.A	1650	1544.5	372.35	9.56195
Gorai.004G166500.1.D	1650	1544.5	449.65	11.547
Gorai.004G166600.1.A	1093	987.505	306.763	12.3211
Gorai.004G166600.1.D	1093	987.505	1163.24	46.7212
Gorai.004G166700.1.A	441	335.583	89.9825	10.6351
Gorai.004G166700.1.D	441	335.583	0	0
Gorai.004G166800.1.A	1276	1170.5	0	0
Gorai.004G166800.1.D	1276	1170.5	1	0.0338853
Gorai.004G166900.1.A	1928	1822.5	143.698	3.12728
Gorai.004G166900.1.D	1928	1822.5	128.302	2.79222
Gorai.004G167000.1.A	1173	1067.5	2.5	0.092887
Gorai.004G167000.1.D	1173	1067.5	2.5	0.092887
Gorai.004G167100.1.A	1873	1767.5	427.388	9.59061
Gorai.004G167100.1.D	1873	1767.5	566.612	12.7148
Gorai.004G167200.1.A	1237	1131.5	22.7778	0.798436
Gorai.004G167200.1.D	1237	1131.5	18.2222	0.638749
Gorai.004G167300.1.A	1764	1658.5	85.05	2.03396
Gorai.004G167300.1.D	1764	1658.5	157.95	3.77736
Gorai.004G167400.1.A	2242	2136.5	247.952	4.60309
Gorai.004G167400.1.D	2242	2136.5	279.161	5.18246
Gorai.004G167500.1.A	695	589.505	676.684	45.5285
Gorai.004G167500.1.D	695	589.505	441.316	29.6925
Gorai.004G167600.1.A	1511	1405.5	748.559	21.1241
Gorai.004G167600.1.D	1511	1405.5	586.441	16.5492
Gorai.004G167700.1.A	5812	5706.5	682.225	4.74179
Gorai.004G167700.1.D	5812	5706.5	624.775	4.34248
Gorai.004G167800.1.A	1155	1049.5	595.059	22.4885
Gorai.004G167800.1.D	1155	1049.5	430.941	16.2862
Gorai.004G167900.1.A	446	340.583	0	0
Gorai.004G167900.1.D	446	340.583	0	0
Gorai.004G168000.1.A	2612	2506.5	108.109	1.71071
Gorai.004G168000.1.D	2612	2506.5	733.891	11.6131
Gorai.004G168100.1.A	778	672.505	411.245	24.2544
Gorai.004G168100.1.D	778	672.505	372.755	21.9843
Gorai.004G168200.1.A	597	491.551	3	0.242068
Gorai.004G168200.1.D	597	491.551	1	0.0806893
Gorai.004G168300.1.A	1551	1445.5	0.5	0.0137194
Gorai.004G168300.1.D	1551	1445.5	0.5	0.0137194
Gorai.004G168400.1.A	2016	1910.5	537.547	11.1597
Gorai.004G168400.1.D	2016	1910.5	232.453	4.82583
Gorai.004G168500.1.A	1993	1887.5	193.761	4.07159
Gorai.004G168500.1.D	1993	1887.5	202.239	4.24972
Gorai.004G168600.1.A	2077	1971.5	500.529	10.0697
Gorai.004G168600.1.D	2077	1971.5	186.471	3.75145
Gorai.004G168700.1.A	4181	4075.5	1765.1	17.1781
Gorai.004G168700.1.D	4181	4075.5	1380.9	13.4389
Gorai.004G168800.1.A	894	788.505	55.7708	2.80536
Gorai.004G168800.1.D	894	788.505	0	0
Gorai.004G168900.1.A	1366	1260.5	1	0.0314659
Gorai.004G168900.1.D	1366	1260.5	4	0.125864
Gorai.004G169000.1.A	1262	1156.5	1	0.0342955
Gorai.004G169000.1.D	1262	1156.5	5	0.171478
Gorai.004G169100.1.A	1172	1066.5	573.769	21.3383
Gorai.004G169100.1.D	1172	1066.5	97.2309	3.61598
Gorai.004G169200.1.A	2095	1989.5	1163.63	23.1982
Gorai.004G169200.1.D	2095	1989.5	582.373	11.6102
Gorai.004G169300.1.A	861	755.505	1	0.0524986
Gorai.004G169300.1.D	861	755.505	0	0
Gorai.004G169400.1.A	4785	4679.5	0	0
Gorai.004G169400.1.D	4785	4679.5	27	0.228849
Gorai.004G169500.1.A	350	244.63	4	0.648537
Gorai.004G169500.1.D	350	244.63	4	0.648537
Gorai.004G169600.1.A	318	212.63	0	0
Gorai.004G169600.1.D	318	212.63	0	0
Gorai.004G169700.1.A	5124	5018.5	43.6154	0.344707
Gorai.004G169700.1.D	5124	5018.5	37.3846	0.295463
Gorai.004G169800.1.A	396	290.583	1	0.136494
Gorai.004G169800.1.D	396	290.583	0	0
Gorai.004G169900.1.A	501	395.551	0	0
Gorai.004G169900.1.D	501	395.551	1	0.100273
Gorai.004G170000.1.A	3234	3128.5	0	0
Gorai.004G170000.1.D	3234	3128.5	1	0.0126779
Gorai.004G170100.1.A	1984	1878.5	67.9048	1.43375
Gorai.004G170100.1.D	1984	1878.5	70.0952	1.48
Gorai.004G170200.1.A	2182	2076.5	826.92	15.7949
Gorai.004G170200.1.D	2182	2076.5	116.08	2.21722
Gorai.004G170300.1.A	1634	1528.5	6	0.155693
Gorai.004G170300.1.D	1634	1528.5	0	0
Gorai.004G170400.1.A	543	437.551	0	0
Gorai.004G170400.1.D	543	437.551	0	0
Gorai.004G170500.1.A	1585	1479.5	248.429	6.65994
Gorai.004G170500.1.D	1585	1479.5	121.571	3.25912
Gorai.004G170600.1.A	2265	2159.5	144.108	2.64678
Gorai.004G170600.1.D	2265	2159.5	178.892	3.28566
Gorai.004G170700.1.A	3301	3195.5	98.4824	1.22237
Gorai.004G170700.1.D	3301	3195.5	383.934	4.76543
Gorai.004G170800.1.A	2121	2015.5	48.4897	0.954226
Gorai.004G170800.1.D	2121	2015.5	13.0937	0.25767
Gorai.004G170900.1.A	1006	900.505	10.7466	0.473335
Gorai.004G170900.1.D	1006	900.505	10.7466	0.473335
Gorai.004G171000.1.A	1164	1058.5	16	0.599532
Gorai.004G171000.1.D	1164	1058.5	67	2.51054
Gorai.004G171100.1.A	503	397.551	76.2667	7.60898
Gorai.004G171100.1.D	503	397.551	27.7333	2.7669
Gorai.004G171200.1.A	1706	1600.5	8	0.198252
Gorai.004G171200.1.D	1706	1600.5	59	1.46211
Gorai.004G171300.1.A	4814	4708.5	678.76	5.71766
Gorai.004G171300.1.D	4814	4708.5	1056.24	8.89743
Gorai.004G171400.1.A	871	765.505	47.7436	2.47373
Gorai.004G171400.1.D	871	765.505	1.25641	0.0650981
Gorai.004G171500.1.A	2897	2791.5	110.272	1.56679
Gorai.004G171500.1.D	2897	2791.5	92.7284	1.31753
Gorai.004G171600.1.A	1307	1201.5	42.2424	1.39447
Gorai.004G171600.1.D	1307	1201.5	25.7576	0.850285
Gorai.004G171700.1.A	1719	1613.5	163.895	4.02883
Gorai.004G171700.1.D	1719	1613.5	109.875	2.70092
Gorai.004G171800.1.A	896	790.505	6.66667	0.334495
Gorai.004G171800.1.D	896	790.505	3.33333	0.167247
Gorai.004G171900.1.A	2987	2881.5	212.94	2.93105
Gorai.004G171900.1.D	2987	2881.5	311.06	4.28163
Gorai.004G172000.1.A	1774	1668.5	261.073	6.20612
Gorai.004G172000.1.D	1774	1668.5	165.927	3.94433
Gorai.004G172100.1.A	1601	1495.5	1821.5	48.3089
Gorai.004G172100.1.D	1601	1495.5	877.497	23.2725
Gorai.004G172200.1.A	1394	1288.5	94.2453	2.90107
Gorai.004G172200.1.D	1394	1288.5	90.7547	2.79363
Gorai.004G172300.1.A	1433	1327.5	0	0
Gorai.004G172300.1.D	1433	1327.5	4	0.119511
Gorai.004G172400.1.A	3873	3767.5	13835	145.65
Gorai.004G172400.1.D	3873	3767.5	12732.8	134.046
Gorai.004G172500.1.A	2488	2382.5	0	0
Gorai.004G172500.1.D	2488	2382.5	1	0.0166476
Gorai.004G172600.1.A	1407	1301.5	51.1837	1.55981
Gorai.004G172600.1.D	1407	1301.5	14.8163	0.451523
Gorai.004G172700.1.A	1685	1579.5	15.4286	0.387427
Gorai.004G172700.1.D	1685	1579.5	2.57143	0.0645711
Gorai.004G172800.1.A	1276	1170.5	47.5402	1.61092
Gorai.004G172800.1.D	1276	1170.5	40.4598	1.37099
Gorai.004G172900.1.A	1285	1179.5	73.6364	2.47615
Gorai.004G172900.1.D	1285	1179.5	61.3636	2.06346
Gorai.004G173000.1.A	1884	1778.5	91.0032	2.02949
Gorai.004G173000.1.D	1884	1778.5	3594.63	80.1648
Gorai.004G173100.1.A	2431	2325.5	0	0
Gorai.004G173100.1.D	2431	2325.5	0	0
Gorai.004G173200.1.A	1013	907.505	10.4776	0.457929
Gorai.004G173200.1.D	1013	907.505	10.4776	0.457929
Gorai.004G173300.1.A	1941	1835.5	8.36364	0.180728
Gorai.004G173300.1.D	1941	1835.5	37.6364	0.813274
Gorai.004G173400.1.A	492	386.551	0.521602	0.0535201
Gorai.004G173400.1.D	492	386.551	0.521602	0.0535201
Gorai.004G173500.1.A	389	283.583	0	0
Gorai.004G173500.1.D	389	283.583	0	0
Gorai.004G173600.1.A	2074	1968.5	0	0
Gorai.004G173600.1.D	2074	1968.5	1	0.0201488
Gorai.004G173700.1.A	246	141.071	0	0
Gorai.004G173700.1.D	246	141.071	0	0
Gorai.004G173800.1.A	1406	1300.5	46.3933	1.41491
Gorai.004G173800.1.D	1406	1300.5	205.607	6.27062
Gorai.004G173900.1.A	1472	1366.5	1065.45	30.9248
Gorai.004G173900.1.D	1472	1366.5	925.551	26.8642
Gorai.004G174000.1.A	1490	1384.5	16.1842	0.463641
Gorai.004G174000.1.D	1490	1384.5	24.8158	0.710916
Gorai.004G174100.1.A	1558	1452.5	0	0
Gorai.004G174100.1.D	1558	1452.5	15	0.409599
Gorai.004G174200.1.A	1371	1265.5	621.915	19.4918
Gorai.004G174200.1.D	1371	1265.5	208.085	6.5217
Gorai.004G174300.1.A	766	660.505	1.5	0.0900742
Gorai.004G174300.1.D	766	660.505	1.5	0.0900742
Gorai.004G174400.1.A	4994	4888.5	1275.14	10.3459
Gorai.004G174400.1.D	4994	4888.5	902.86	7.32537
Gorai.004G174500.1.A	2672	2566.5	1	0.0154541
Gorai.004G174500.1.D	2672	2566.5	0	0
Gorai.004G174600.1.A	2633	2527.5	319.907	5.02015
Gorai.004G174600.1.D	2633	2527.5	178.093	2.79473
Gorai.004G174700.1.A	1810	1704.5	0	0
Gorai.004G174700.1.D	1810	1704.5	56.592	1.31687
Gorai.004G174800.1.A	2081	1975.5	488.833	9.81449
Gorai.004G174800.1.D	2081	1975.5	92.1667	1.85046
Gorai.004G174900.1.A	1544	1438.5	123.893	3.41601
Gorai.004G174900.1.D	1544	1438.5	139.107	3.83552
Gorai.004G175000.1.A	1455	1349.5	595.571	17.5043
Gorai.004G175000.1.D	1455	1349.5	692.429	20.351
Gorai.004G175100.1.A	1537	1431.5	1192.13	33.0305
Gorai.004G175100.1.D	1537	1431.5	1927.87	53.4159
Gorai.004G175200.1.A	699	593.505	559.634	37.3994
Gorai.004G175200.1.D	699	593.505	518.366	34.6416
Gorai.004G175300.1.A	291	185.705	1	0.213581
Gorai.004G175300.1.D	291	185.705	1	0.213581
Gorai.004G175400.1.A	828	722.505	5.22939	0.287075
Gorai.004G175400.1.D	828	722.505	5.22939	0.287075
Gorai.004G175500.1.A	3417	3311.5	857.182	10.2667
Gorai.004G175500.1.D	3417	3311.5	1738.72	20.8252
Gorai.004G175600.1.A	2736	2630.5	91.2608	1.37604
Gorai.004G175600.1.D	2736	2630.5	227.833	3.43528
Gorai.004G175700.1.A	2238	2132.5	1205.18	22.4154
Gorai.004G175700.1.D	2238	2132.5	1181.82	21.9809
Gorai.004G175800.1.A	1755	1649.5	0	0
Gorai.004G175800.1.D	1755	1649.5	12	0.288544
Gorai.004G175900.1.A	1976	1870.5	5.64634	0.119727
Gorai.004G175900.1.D	1976	1870.5	188.807	4.00354
Gorai.004G176000.1.A	243	138.135	0	0
Gorai.004G176000.1.D	243	138.135	0	0
Gorai.004G176100.1.A	846	740.505	0	0
Gorai.004G176100.1.D	846	740.505	23	1.23193
Gorai.004G176200.1.A	1749	1643.5	331.873	8.00914
Gorai.004G176200.1.D	1749	1643.5	1374.13	33.162
Gorai.004G176300.1.A	1340	1234.5	22.8903	0.735435
Gorai.004G176300.1.D	1340	1234.5	55.5183	1.78373
Gorai.004G176400.1.A	2725	2619.5	1473.48	22.3105
Gorai.004G176400.1.D	2725	2619.5	1207.11	18.2773
Gorai.004G176500.1.A	3112	3006.5	37.0417	0.488668
Gorai.004G176500.1.D	3112	3006.5	89.9583	1.18676
Gorai.004G176600.1.A	1652	1546.5	410.943	10.5394
Gorai.004G176600.1.D	1652	1546.5	25.0575	0.642645
Gorai.004G176700.1.A	1284	1178.5	6	0.201932
Gorai.004G176700.1.D	1284	1178.5	3	0.100966
Gorai.004G176800.1.A	950	844.505	4.16667	0.195691
Gorai.004G176800.1.D	950	844.505	20.8333	0.978457
Gorai.004G176900.1.A	1651	1545.5	825.31	21.1803
Gorai.004G176900.1.D	1651	1545.5	1140.69	29.274
Gorai.004G177000.1.A	3711	3605.5	734.22	8.0769
Gorai.004G177000.1.D	3711	3605.5	497.009	5.46743
Gorai.004G177100.1.A	610	504.551	5.71429	0.449202
Gorai.004G177100.1.D	610	504.551	10.2857	0.808563
Gorai.004G177200.1.A	1867	1761.5	45.5	1.0245
Gorai.004G177200.1.D	1867	1761.5	45.5	1.0245
Gorai.004G177300.1.A	396	290.583	0	0
Gorai.004G177300.1.D	396	290.583	0	0
Gorai.004G177400.1.A	333	227.63	1.03333	0.180051
Gorai.004G177400.1.D	333	227.63	1.03333	0.180051
Gorai.004G177500.1.A	2555	2449.5	436.926	7.07481
Gorai.004G177500.1.D	2555	2449.5	133.074	2.15476
Gorai.004G177600.1.A	2446	2340.5	1895.69	32.125
Gorai.004G177600.1.D	2446	2340.5	2380.31	40.3375
Gorai.004G177700.1.A	995	889.505	792.877	35.3543
Gorai.004G177700.1.D	995	889.505	1361.12	60.6924
Gorai.004G177800.1.A	1135	1029.5	712.699	27.4576
Gorai.004G177800.1.D	1135	1029.5	188.301	7.25454
Gorai.004G177900.1.A	919	813.505	544.69	26.5567
Gorai.004G177900.1.D	919	813.505	242.31	11.814
Gorai.004G178000.1.A	2689	2583.5	122.489	1.8805
Gorai.004G178000.1.D	2689	2583.5	132.511	2.03436
Gorai.004G178100.1.A	2537	2431.5	80.4255	1.31191
Gorai.004G178100.1.D	2537	2431.5	45.5745	0.743415
Gorai.004G178200.1.A	2487	2381.5	1526.08	25.4162
Gorai.004G178200.1.D	2487	2381.5	6418.92	106.904
Gorai.004G178300.1.A	1727	1621.5	802.088	19.6195
Gorai.004G178300.1.D	1727	1621.5	1754.91	42.9262
Gorai.004G178400.1.A	2029	1923.5	46	0.948527
Gorai.004G178400.1.D	2029	1923.5	69	1.42279
Gorai.004G178500.1.A	1323	1217.5	26.046	0.848506
Gorai.004G178500.1.D	1323	1217.5	76.954	2.50695
Gorai.004G178600.1.A	2288	2182.5	75.5513	1.373
Gorai.004G178600.1.D	2288	2182.5	90.4487	1.64374
Gorai.004G178700.1.A	2289	2183.5	379.118	6.8866
Gorai.004G178700.1.D	2289	2183.5	103.882	1.88701
Gorai.004G178800.1.A	3085	2979.5	7501.72	99.8624
Gorai.004G178800.1.D	3085	2979.5	12029	160.129
Gorai.004G178900.1.A	1263	1157.5	4	0.137064
Gorai.004G178900.1.D	1263	1157.5	3	0.102798
Gorai.004G179000.1.A	405	299.583	0	0
Gorai.004G179000.1.D	405	299.583	1.01875	0.134876
Gorai.004G179100.1.A	916	810.505	78.4011	3.83664
Gorai.004G179100.1.D	916	810.505	65.8569	3.22278
Gorai.004G179200.1.A	873	767.505	299.381	15.4714
Gorai.004G179200.1.D	873	767.505	57.7121	2.98243
Gorai.004G179300.1.A	1944	1838.5	211.82	4.56969
Gorai.004G179300.1.D	1944	1838.5	133.18	2.87316
Gorai.004G179400.1.A	1382	1276.5	2	0.062143
Gorai.004G179400.1.D	1382	1276.5	0	0
Gorai.004G179500.1.A	980	874.505	5	0.226774
Gorai.004G179500.1.D	980	874.505	25	1.13387
Gorai.004G179600.1.A	3809	3703.5	312.394	3.3456
Gorai.004G179600.1.D	3809	3703.5	84.3027	0.902845
Gorai.004G179700.1.A	2163	2057.5	0	0
Gorai.004G179700.1.D	2163	2057.5	3.75927	0.0724683
Gorai.004G179800.1.A	1377	1271.5	12.9231	0.403119
Gorai.004G179800.1.D	1377	1271.5	1.07692	0.0335932
Gorai.004G179900.1.A	1404	1298.5	21.375	0.652901
Gorai.004G179900.1.D	1404	1298.5	35.625	1.08817
Gorai.004G180000.1.A	1278	1172.5	0	0
Gorai.004G180000.1.D	1278	1172.5	2	0.0676551
Gorai.004G180100.1.A	1486	1380.5	23.0625	0.662603
Gorai.004G180100.1.D	1486	1380.5	17.9375	0.515358
Gorai.004G180200.1.A	2952	2846.5	31.0772	0.433027
Gorai.004G180200.1.D	2952	2846.5	20.3197	0.283133
Gorai.004G180300.1.A	4153	4047.5	97.5467	0.955894
Gorai.004G180300.1.D	4153	4047.5	111.056	1.08828
Gorai.004G180400.1.A	1109	1003.5	0	0
Gorai.004G180400.1.D	1109	1003.5	28.5537	1.12857
Gorai.004G180500.1.A	887	781.505	145.379	7.37827
Gorai.004G180500.1.D	887	781.505	186.621	9.4714
Gorai.004G180600.1.A	1662	1556.5	0	0
Gorai.004G180600.1.D	1662	1556.5	0	0
Gorai.004G180700.1.A	306	200.687	28.9099	5.71363
Gorai.004G180700.1.D	306	200.687	28.9099	5.71363
Gorai.004G180800.1.A	1880	1774.5	0	0
Gorai.004G180800.1.D	1880	1774.5	0	0
Gorai.004G180900.1.A	1698	1592.5	14.7692	0.367843
Gorai.004G180900.1.D	1698	1592.5	1.23077	0.0306536
Gorai.004G181000.1.A	468	362.551	7	0.765797
Gorai.004G181000.1.D	468	362.551	0	0
Gorai.004G181100.1.A	2037	1931.5	3	0.0616042
Gorai.004G181100.1.D	2037	1931.5	0	0
Gorai.004G181200.1.A	5658	5552.5	3	0.0214298
Gorai.004G181200.1.D	5658	5552.5	0	0
Gorai.004G181300.1.A	828	722.505	0	0
Gorai.004G181300.1.D	828	722.505	1173	64.3935
Gorai.004G181400.1.A	1801	1695.5	681.567	15.9439
Gorai.004G181400.1.D	1801	1695.5	694.016	16.2351
Gorai.004G181500.1.A	3487	3381.5	40.3944	0.473801
Gorai.004G181500.1.D	3487	3381.5	437.606	5.13284
Gorai.004G181600.1.A	2280	2174.5	0	0
Gorai.004G181600.1.D	2280	2174.5	6	0.10944
Gorai.004G181700.1.A	1576	1470.5	514.962	13.8897
Gorai.004G181700.1.D	1576	1470.5	176.038	4.74816
Gorai.004G181800.1.A	2730	2624.5	92.8732	1.40355
Gorai.004G181800.1.D	2730	2624.5	64.1268	0.969118
Gorai.004G181900.1.A	2008	1902.5	102.148	2.12956
Gorai.004G181900.1.D	2008	1902.5	76.3342	1.5914
Gorai.004G182000.1.A	1323	1217.5	131.031	4.26864
Gorai.004G182000.1.D	1323	1217.5	375.244	12.2244
Gorai.004G182100.1.A	1444	1338.5	1523.42	45.1423
Gorai.004G182100.1.D	1444	1338.5	416.585	12.3444
Gorai.004G182200.1.A	2325	2219.5	31.2	0.55755
Gorai.004G182200.1.D	2325	2219.5	28.8	0.514661
Gorai.004G182300.1.A	1523	1417.5	1805.64	50.5232
Gorai.004G182300.1.D	1523	1417.5	212.364	5.94211
Gorai.004G182400.1.A	2793	2687.5	1611.13	23.7775
Gorai.004G182400.1.D	2793	2687.5	1183.74	17.47
Gorai.004G182500.1.A	1670	1564.5	285.435	7.23627
Gorai.004G182500.1.D	1670	1564.5	118.565	3.00584
Gorai.004G182600.1.A	3465	3359.5	375.109	4.4286
Gorai.004G182600.1.D	3465	3359.5	219.891	2.59608
Gorai.004G182700.1.A	1058	952.505	415.064	17.2836
Gorai.004G182700.1.D	1058	952.505	1231.94	51.2986
Gorai.004G182800.1.A	887	781.505	348.471	17.6856
Gorai.004G182800.1.D	887	781.505	728.529	36.9743
Gorai.004G182900.1.A	1145	1039.5	521.216	19.8873
Gorai.004G182900.1.D	1145	1039.5	744.784	28.4177
Gorai.004G183000.1.A	1772	1666.5	4361.29	103.799
Gorai.004G183000.1.D	1772	1666.5	9870.71	234.924
Gorai.004G183100.1.A	1456	1350.5	930.28	27.3214
Gorai.004G183100.1.D	1456	1350.5	1144.23	33.6048
Gorai.004G183200.1.A	1876	1770.5	132.382	2.96564
Gorai.004G183200.1.D	1876	1770.5	72.7695	1.63019
Gorai.004G183300.1.A	4381	4275.5	104.499	0.969412
Gorai.004G183300.1.D	4381	4275.5	137.35	1.27416
Gorai.004G183400.1.A	3564	3458.5	69.1384	0.792895
Gorai.004G183400.1.D	3564	3458.5	619.862	7.10872
Gorai.004G183500.1.A	954	848.505	0	0
Gorai.004G183500.1.D	954	848.505	0	0
Gorai.004G183600.1.A	1192	1086.5	0	0
Gorai.004G183600.1.D	1192	1086.5	0	0
Gorai.004G183700.1.A	1235	1129.5	0	0
Gorai.004G183700.1.D	1235	1129.5	0	0
Gorai.004G183800.1.A	1513	1407.5	215.563	6.07448
Gorai.004G183800.1.D	1513	1407.5	26.437	0.744984
Gorai.004G183900.1.A	1260	1154.5	64.3282	2.20999
Gorai.004G183900.1.D	1260	1154.5	131.672	4.52358
Gorai.004G184000.1.A	1043	937.505	143.947	6.08997
Gorai.004G184000.1.D	1043	937.505	126.64	5.35773
Gorai.004G184100.1.A	1626	1520.5	865.295	22.5716
Gorai.004G184100.1.D	1626	1520.5	212.705	5.54848
Gorai.004G184200.1.A	813	707.505	0	0
Gorai.004G184200.1.D	813	707.505	15	0.840905
Gorai.004G184300.1.A	1121	1015.5	0	0
Gorai.004G184300.1.D	1121	1015.5	9	0.351516
Gorai.004G184400.1.A	1422	1316.5	0	0
Gorai.004G184400.1.D	1422	1316.5	5	0.150637
Gorai.004G184500.1.A	1724	1618.5	476.762	11.6835
Gorai.004G184500.1.D	1724	1618.5	768.238	18.8264
Gorai.004G184600.1.A	1555	1449.5	121.535	3.32557
Gorai.004G184600.1.D	1555	1449.5	213.465	5.84107
Gorai.004G184700.1.A	1012	906.505	3	0.131261
Gorai.004G184700.1.D	1012	906.505	15	0.656306
Gorai.004G184800.1.A	2771	2665.5	142.552	2.12119
Gorai.004G184800.1.D	2771	2665.5	503.288	7.48897
Gorai.004G184900.1.A	318	212.63	0	0
Gorai.004G184900.1.D	318	212.63	0	0
Gorai.004G185000.1.A	489	383.551	0	0
Gorai.004G185000.1.D	489	383.551	0	0
Gorai.004G185100.1.A	1356	1250.5	2.55546	0.0810529
Gorai.004G185100.1.D	1356	1250.5	2.55546	0.0810529
Gorai.004G185200.1.A	150	52.2334	0	0
Gorai.004G185200.1.D	150	52.2334	0	0
Gorai.004G185300.1.A	886	780.505	11	0.558988
Gorai.004G185300.1.D	886	780.505	14	0.711439
Gorai.004G185400.1.A	696	590.505	0	0
Gorai.004G185400.1.D	696	590.505	0	0
Gorai.004G185500.1.A	970	864.505	11.4545	0.525527
Gorai.004G185500.1.D	970	864.505	2.54545	0.116784
Gorai.004G185600.1.A	1714	1608.5	58.0532	1.43149
Gorai.004G185600.1.D	1714	1608.5	48.9468	1.20694
Gorai.004G185700.1.A	1532	1426.5	16.8649	0.468915
Gorai.004G185700.1.D	1532	1426.5	35.1351	0.976907
Gorai.004G185800.1.A	648	542.505	0	0
Gorai.004G185800.1.D	648	542.505	1	0.0731108
Gorai.004G185900.1.A	960	854.505	0	0
Gorai.004G185900.1.D	960	854.505	0	0
Gorai.004G186000.1.A	2185	2079.5	277.279	5.28861
Gorai.004G186000.1.D	2185	2079.5	233.721	4.45783
Gorai.004G186100.1.A	1084	978.505	280.287	11.3612
Gorai.004G186100.1.D	1084	978.505	383.713	15.5535
Gorai.004G186200.1.A	708	602.505	0.5	0.0329151
Gorai.004G186200.1.D	708	602.505	0.5	0.0329151
Gorai.004G186300.1.A	1004	898.505	65.8144	2.90526
Gorai.004G186300.1.D	1004	898.505	333.186	14.7079
Gorai.004G186400.1.A	2042	1936.5	504.929	10.3418
Gorai.004G186400.1.D	2042	1936.5	574.412	11.765
Gorai.004G186500.1.A	1908	1802.5	20.3478	0.447741
Gorai.004G186500.1.D	1908	1802.5	5.65217	0.124372
Gorai.004G186600.1.A	1251	1145.5	3	0.103875
Gorai.004G186600.1.D	1251	1145.5	2	0.0692497
Gorai.004G186700.1.A	2068	1962.5	108.806	2.19901
Gorai.004G186700.1.D	2068	1962.5	26.194	0.529391
Gorai.004G186800.1.A	438	332.583	0	0
Gorai.004G186800.1.D	438	332.583	0	0
Gorai.004G186900.1.A	1845	1739.5	299.333	6.82517
Gorai.004G186900.1.D	1845	1739.5	191.667	4.37026
Gorai.004G187000.1.A	256	150.964	0	0
Gorai.004G187000.1.D	256	150.964	0	0
Gorai.004G187100.1.A	1209	1103.5	0.5	0.0179714
Gorai.004G187100.1.D	1209	1103.5	0.5	0.0179714
Gorai.004G187200.1.A	1903	1797.5	0	0
Gorai.004G187200.1.D	1903	1797.5	1	0.0220656
Gorai.004G187300.1.A	1858	1752.5	49	1.10898
Gorai.004G187300.1.D	1858	1752.5	28	0.6337
Gorai.004G187400.1.A	1493	1387.5	0	0
Gorai.004G187400.1.D	1493	1387.5	3	0.0857574
Gorai.004G187500.1.A	282	176.772	71.5909	16.0631
Gorai.004G187500.1.D	282	176.772	18.4091	4.13052
Gorai.004G187600.1.A	243	138.135	146.105	41.9514
Gorai.004G187600.1.D	243	138.135	68.895	19.7819
Gorai.004G187700.1.A	2377	2271.5	168.176	2.93653
Gorai.004G187700.1.D	2377	2271.5	486.824	8.50048
Gorai.004G187800.1.A	2137	2031.5	475.381	9.2813
Gorai.004G187800.1.D	2137	2031.5	931.619	18.1889
Gorai.004G187900.1.A	1774	1668.5	50.8112	1.20786
Gorai.004G187900.1.D	1774	1668.5	122.189	2.90462
Gorai.004G188000.1.A	2257	2151.5	131.844	2.43053
Gorai.004G188000.1.D	2257	2151.5	310.156	5.71773
Gorai.004G188100.1.A	3653	3547.5	176.713	1.97574
Gorai.004G188100.1.D	3653	3547.5	614.287	6.86805
Gorai.004G188200.1.A	1651	1545.5	2379.71	61.0716
Gorai.004G188200.1.D	1651	1545.5	1364.29	35.0123
Gorai.004G188300.1.A	2580	2474.5	3	0.0480859
Gorai.004G188300.1.D	2580	2474.5	1	0.0160286
Gorai.004G188400.1.A	1455	1349.5	489	14.3721
Gorai.004G188400.1.D	1455	1349.5	216	6.3484
Gorai.004G188500.1.A	388	282.583	109.667	15.3926
Gorai.004G188500.1.D	388	282.583	51.3333	7.20507
Gorai.004G188600.1.A	1042	936.505	10.6875	0.452638
Gorai.004G188600.1.D	1042	936.505	8.3125	0.352052
Gorai.004G188700.1.A	2087	1981.5	15	0.300249
Gorai.004G188700.1.D	2087	1981.5	15	0.300249
Gorai.004G188800.1.A	2026	1920.5	18.975	0.391878
Gorai.004G188800.1.D	2026	1920.5	50.025	1.03313
Gorai.004G188900.1.A	579	473.551	0	0
Gorai.004G188900.1.D	579	473.551	4	0.335025
Gorai.004G189000.1.A	1086	980.505	8	0.323612
Gorai.004G189000.1.D	1086	980.505	32	1.29445
Gorai.004G189100.1.A	871	765.505	61.353	3.17887
Gorai.004G189100.1.D	871	765.505	4.32069	0.223867
Gorai.004G189200.1.A	1028	922.505	1	0.0429948
Gorai.004G189200.1.D	1028	922.505	1	0.0429948
Gorai.004G189300.1.A	1210	1104.5	13.6134	0.488859
Gorai.004G189300.1.D	1210	1104.5	0	0
Gorai.004G189400.1.A	596	490.551	0	0
Gorai.004G189400.1.D	596	490.551	0	0
Gorai.004G189500.1.A	657	551.505	0	0
Gorai.004G189500.1.D	657	551.505	0	0
Gorai.004G189600.1.A	706	600.505	0	0
Gorai.004G189600.1.D	706	600.505	0	0
Gorai.004G189700.1.A	4751	4645.5	885.509	7.5604
Gorai.004G189700.1.D	4751	4645.5	672.837	5.74463
Gorai.004G189800.1.A	1145	1039.5	2	0.0763112
Gorai.004G189800.1.D	1145	1039.5	0	0
Gorai.004G189900.1.A	806	700.505	0	0
Gorai.004G189900.1.D	806	700.505	0	0
Gorai.004G190000.1.A	3387	3281.5	728.541	8.80574
Gorai.004G190000.1.D	3387	3281.5	806.459	9.74753
Gorai.004G190100.1.A	5005	4899.5	815.042	6.59801
Gorai.004G190100.1.D	5005	4899.5	312.958	2.53349
Gorai.004G190200.1.A	3123	3017.5	314.877	4.13883
Gorai.004G190200.1.D	3123	3017.5	262.123	3.44542
Gorai.004G190300.1.A	1768	1662.5	836.932	19.967
Gorai.004G190300.1.D	1768	1662.5	256.068	6.1091
Gorai.004G190400.1.A	1197	1091.5	318.657	11.5793
Gorai.004G190400.1.D	1197	1091.5	102.343	3.71891
Gorai.004G190500.1.A	13371	13265.5	2547.43	7.61664
Gorai.004G190500.1.D	13371	13265.5	997.571	2.98267
Gorai.004G190600.1.A	2085	1979.5	88.2537	1.76832
Gorai.004G190600.1.D	2085	1979.5	559.746	11.2155
Gorai.004G190700.1.A	1997	1891.5	495.402	10.3881
Gorai.004G190700.1.D	1997	1891.5	439.598	9.21793
Gorai.004G190800.1.A	803	697.505	949.479	53.9912
Gorai.004G190800.1.D	803	697.505	544.521	30.9637
Gorai.004G190900.1.A	2402	2296.5	317.944	5.49121
Gorai.004G190900.1.D	2402	2296.5	168.056	2.9025
Gorai.004G191000.1.A	2128	2022.5	805.391	15.7944
Gorai.004G191000.1.D	2128	2022.5	456.609	8.95446
Gorai.004G191100.1.A	1459	1353.5	303.169	8.88404
Gorai.004G191100.1.D	1459	1353.5	205.831	6.03164
Gorai.004G191200.1.A	1874	1768.5	292.051	6.54994
Gorai.004G191200.1.D	1874	1768.5	274.949	6.16639
Gorai.004G191300.1.A	498	392.551	0	0
Gorai.004G191300.1.D	498	392.551	0	0
Gorai.004G191400.1.A	1302	1196.5	0	0
Gorai.004G191400.1.D	1302	1196.5	13	0.430937
Gorai.004G191500.1.A	1693	1587.5	2254.41	56.3253
Gorai.004G191500.1.D	1693	1587.5	1490.59	37.2415
Gorai.004G191600.1.A	1535	1429.5	144.273	4.00298
Gorai.004G191600.1.D	1535	1429.5	177.727	4.93121
Gorai.004G191700.1.A	3045	2939.5	95.625	1.29027
Gorai.004G191700.1.D	3045	2939.5	74.375	1.00355
Gorai.004G191800.1.A	2613	2507.5	522.64	8.26697
Gorai.004G191800.1.D	2613	2507.5	2.35955	0.0373226
Gorai.004G191900.1.A	1758	1652.5	92.7077	2.22514
Gorai.004G191900.1.D	1758	1652.5	169.292	4.06331
Gorai.004G192000.1.A	2145	2039.5	2.4	0.0466736
Gorai.004G192000.1.D	2145	2039.5	3.6	0.0700104
Gorai.004G192100.1.A	1326	1220.5	17	0.552452
Gorai.004G192100.1.D	1326	1220.5	44	1.42988
Gorai.004G192200.1.A	1333	1227.5	505.881	16.3459
Gorai.004G192200.1.D	1333	1227.5	339.119	10.9576
Gorai.004G192300.1.A	1070	964.505	9.08571	0.373628
Gorai.004G192300.1.D	1070	964.505	96.9143	3.98537
Gorai.004G192400.1.A	993	887.505	0	0
Gorai.004G192400.1.D	993	887.505	0	0
Gorai.004G192500.1.A	1106	1000.5	4	0.158572
Gorai.004G192500.1.D	1106	1000.5	0	0
Gorai.004G192600.1.A	1739	1633.5	3	0.0728427
Gorai.004G192600.1.D	1739	1633.5	0	0
Gorai.004G192700.1.A	1332	1226.5	11.3793	0.367986
Gorai.004G192700.1.D	1332	1226.5	18.6207	0.602159
Gorai.004G192800.1.A	228	123.486	10.5263	3.38099
Gorai.004G192800.1.D	228	123.486	9.47368	3.04289
Gorai.004G192900.1.A	3195	3089.5	109.978	1.41189
Gorai.004G192900.1.D	3195	3089.5	83.0223	1.06584
Gorai.004G193000.1.A	744	638.505	0	0
Gorai.004G193000.1.D	744	638.505	0	0
Gorai.004G193100.1.A	1554	1448.5	87.2296	2.38852
Gorai.004G193100.1.D	1554	1448.5	292.77	8.01664
Gorai.004G193200.1.A	2463	2357.5	296.051	4.98079
Gorai.004G193200.1.D	2463	2357.5	16.9495	0.28516
Gorai.004G193300.1.A	1020	914.505	592.312	25.6892
Gorai.004G193300.1.D	1020	914.505	460.688	19.9805
Gorai.004G193400.1.A	1238	1132.5	1321.37	46.2775
Gorai.004G193400.1.D	1238	1132.5	2330.63	81.624
Gorai.004G193500.1.A	3354	3248.5	3.3	0.0402917
Gorai.004G193500.1.D	3354	3248.5	7.7	0.0940139
Gorai.004G193600.1.A	654	548.505	1.25	0.0903888
Gorai.004G193600.1.D	654	548.505	3.75	0.271166
Gorai.004G193700.1.A	1180	1074.5	57.4621	2.12109
Gorai.004G193700.1.D	1180	1074.5	127.538	4.70778
Gorai.004G193800.1.A	1317	1211.5	6.12245	0.20044
Gorai.004G193800.1.D	1317	1211.5	53.8776	1.76387
Gorai.004G193900.1.A	1915	1809.5	61.1455	1.34026
Gorai.004G193900.1.D	1915	1809.5	52.8545	1.15853
Gorai.004G194000.1.A	1589	1483.5	2340.26	62.5692
Gorai.004G194000.1.D	1589	1483.5	1955.74	52.2885
Gorai.004G194100.1.A	954	848.505	16.8	0.785308
Gorai.004G194100.1.D	954	848.505	11.2	0.523539
Gorai.004G194200.1.A	1202	1096.5	205.309	7.42646
Gorai.004G194200.1.D	1202	1096.5	721.691	26.1051
Gorai.004G194300.1.A	2064	1958.5	23.5	0.475914
Gorai.004G194300.1.D	2064	1958.5	23.5	0.475914
Gorai.004G194400.1.A	1888	1782.5	2097.11	46.6633
Gorai.004G194400.1.D	1888	1782.5	4086.89	90.9384
Gorai.004G194500.1.A	1281	1175.5	2.57403	0.0868509
Gorai.004G194500.1.D	1281	1175.5	2.57403	0.0868509
Gorai.004G194600.1.A	1578	1472.5	0	0
Gorai.004G194600.1.D	1578	1472.5	0	0
Gorai.004G194700.1.A	2164	2058.5	10	0.192678
Gorai.004G194700.1.D	2164	2058.5	12	0.231214
Gorai.004G194800.1.A	1716	1610.5	0	0
Gorai.004G194800.1.D	1716	1610.5	1	0.0246276
Gorai.004G194900.1.A	1225	1119.5	548.541	19.4343
Gorai.004G194900.1.D	1225	1119.5	738.459	26.1629
Gorai.004G195000.1.A	1107	1001.5	0	0
Gorai.004G195000.1.D	1107	1001.5	0	0
Gorai.004G195100.1.A	998	892.505	0	0
Gorai.004G195100.1.D	998	892.505	0	0
Gorai.004G195200.1.A	828	722.505	0	0
Gorai.004G195200.1.D	828	722.505	1	0.0548965
Gorai.004G195300.1.A	1398	1292.5	1	0.0306869
Gorai.004G195300.1.D	1398	1292.5	0	0
Gorai.004G195400.1.A	1952	1846.5	97.3571	2.09123
Gorai.004G195400.1.D	1952	1846.5	47.6429	1.02337
Gorai.004G195500.1.A	1220	1114.5	239.455	8.52171
Gorai.004G195500.1.D	1220	1114.5	230.545	8.20463
Gorai.004G195600.1.A	1219	1113.5	40.0071	1.42505
Gorai.004G195600.1.D	1219	1113.5	20.0036	0.712525
Gorai.004G195700.1.A	2236	2130.5	0	0
Gorai.004G195700.1.D	2236	2130.5	0	0
Gorai.004G195800.1.A	2304	2198.5	0	0
Gorai.004G195800.1.D	2304	2198.5	0	0
Gorai.004G195900.1.A	1553	1447.5	82.835	2.26975
Gorai.004G195900.1.D	1553	1447.5	25.165	0.689545
Gorai.004G196000.1.A	1478	1372.5	196.388	5.67526
Gorai.004G196000.1.D	1478	1372.5	170.612	4.93038
Gorai.004G196100.1.A	1584	1478.5	21.2763	0.570767
Gorai.004G196100.1.D	1584	1478.5	55.7237	1.49487
Gorai.004G196200.1.A	1292	1186.5	7	0.233999
Gorai.004G196200.1.D	1292	1186.5	0	0
Gorai.004G196300.1.A	974	868.505	1.10295	0.0503695
Gorai.004G196300.1.D	974	868.505	0	0
Gorai.004G196400.1.A	1422	1316.5	105.232	3.17038
Gorai.004G196400.1.D	1422	1316.5	178.768	5.38582
Gorai.004G196500.1.A	1734	1628.5	558.209	13.5954
Gorai.004G196500.1.D	1734	1628.5	203.791	4.96341
Gorai.004G196600.1.A	897	791.505	0	0
Gorai.004G196600.1.D	897	791.505	0	0
Gorai.004G196700.1.A	1282	1176.5	12.6	0.424778
Gorai.004G196700.1.D	1282	1176.5	8.4	0.283185
Gorai.004G196800.1.A	1045	939.505	200.214	8.4524
Gorai.004G196800.1.D	1045	939.505	215.786	9.10981
Gorai.004G196900.1.A	1548	1442.5	0	0
Gorai.004G196900.1.D	1548	1442.5	0	0
Gorai.004G197000.1.A	3444	3338.5	316.072	3.75508
Gorai.004G197000.1.D	3444	3338.5	393.928	4.68004
Gorai.004G197100.1.A	1047	941.505	11.8462	0.499045
Gorai.004G197100.1.D	1047	941.505	2.15385	0.0907355
Gorai.004G197200.1.A	1621	1515.5	55.3191	1.44778
Gorai.004G197200.1.D	1621	1515.5	144.681	3.78651
Gorai.004G197300.1.A	1931	1825.5	60	1.30363
Gorai.004G197300.1.D	1931	1825.5	36	0.782176
Gorai.004G197400.1.A	495	389.551	0	0
Gorai.004G197400.1.D	495	389.551	0	0
Gorai.004G197500.1.A	810	704.505	1	0.056299
Gorai.004G197500.1.D	810	704.505	0	0
Gorai.004G197600.1.A	1273	1167.5	0	0
Gorai.004G197600.1.D	1273	1167.5	0	0
Gorai.004G197700.1.A	2282	2176.5	1	0.0182232
Gorai.004G197700.1.D	2282	2176.5	1	0.0182232
Gorai.004G197800.1.A	7213	7107.5	472.757	2.63819
Gorai.004G197800.1.D	7213	7107.5	362.243	2.02147
Gorai.004G197900.1.A	2809	2703.5	303.536	4.45316
Gorai.004G197900.1.D	2809	2703.5	158.464	2.32481
Gorai.004G198000.1.A	1032	926.505	74.8844	3.20574
Gorai.004G198000.1.D	1032	926.505	97.1156	4.15745
Gorai.004G198100.1.A	1144	1038.5	0	0
Gorai.004G198100.1.D	1144	1038.5	0	0
Gorai.004G198200.1.A	1630	1524.5	22.7854	0.592807
Gorai.004G198200.1.D	1630	1524.5	1793.21	46.6539
Gorai.004G198300.1.A	1709	1603.5	38.5602	0.953794
Gorai.004G198300.1.D	1709	1603.5	134.44	3.32539
Gorai.004G198400.1.A	714	608.505	0	0
Gorai.004G198400.1.D	714	608.505	0	0
Gorai.004G198500.1.A	3007	2901.5	30.0039	0.410147
Gorai.004G198500.1.D	3007	2901.5	116	1.58569
Gorai.004G198600.1.A	5060	4954.5	1679.91	13.4484
Gorai.004G198600.1.D	5060	4954.5	1364.09	10.9201
Gorai.004G198700.1.A	1301	1195.5	57.3061	1.90123
Gorai.004G198700.1.D	1301	1195.5	50.6939	1.68186
Gorai.004G198800.1.A	1285	1179.5	0	0
Gorai.004G198800.1.D	1285	1179.5	0	0
Gorai.004G198900.1.A	832	726.505	3.6	0.196539
Gorai.004G198900.1.D	832	726.505	5.4	0.294809
Gorai.004G199000.1.A	1198	1092.5	162.759	5.90891
Gorai.004G199000.1.D	1198	1092.5	24.2407	0.88005
Gorai.004G199100.1.A	2389	2283.5	50.3784	0.875039
Gorai.004G199100.1.D	2389	2283.5	182.622	3.17201
Gorai.004G199200.1.A	764	658.505	1.15333	0.069467
Gorai.004G199200.1.D	764	658.505	1.15333	0.069467
Gorai.004G199300.1.A	1135	1029.5	13.475	0.519141
Gorai.004G199300.1.D	1135	1029.5	35.525	1.36864
Gorai.004G199400.1.A	2811	2705.5	475.97	6.97777
Gorai.004G199400.1.D	2811	2705.5	528.03	7.74096
Gorai.004G199500.1.A	1396	1290.5	2	0.0614689
Gorai.004G199500.1.D	1396	1290.5	0	0
Gorai.004G199600.1.A	2214	2108.5	31.6731	0.5958
Gorai.004G199600.1.D	2214	2108.5	212.327	3.99407
Gorai.004G199700.1.A	387	281.583	0	0
Gorai.004G199700.1.D	387	281.583	0	0
Gorai.004G199800.1.A	1041	935.505	0	0
Gorai.004G199800.1.D	1041	935.505	0	0
Gorai.004G199900.1.A	399	293.583	0	0
Gorai.004G199900.1.D	399	293.583	0	0
Gorai.004G200000.1.A	414	308.583	0	0
Gorai.004G200000.1.D	414	308.583	0	0
Gorai.004G200100.1.A	777	671.505	0	0
Gorai.004G200100.1.D	777	671.505	22.4136	1.32388
Gorai.004G200200.1.A	635	529.505	3	0.224717
Gorai.004G200200.1.D	635	529.505	3	0.224717
Gorai.004G200300.1.A	686	580.505	829.472	56.6736
Gorai.004G200300.1.D	686	580.505	163.528	11.173
Gorai.004G200400.1.A	779	673.505	6.6	0.388676
Gorai.004G200400.1.D	779	673.505	92.4	5.44147
Gorai.004G200500.1.A	694	588.505	0	0
Gorai.004G200500.1.D	694	588.505	0	0
Gorai.004G200600.1.A	3164	3058.5	61.9565	0.803457
Gorai.004G200600.1.D	3164	3058.5	33.0435	0.428511
Gorai.004G200700.1.A	1947	1841.5	4	0.0861533
Gorai.004G200700.1.D	1947	1841.5	58	1.24922
Gorai.004G200800.1.A	2400	2294.5	0	0
Gorai.004G200800.1.D	2400	2294.5	7	0.121002
Gorai.004G200900.1.A	1328	1222.5	22.3548	0.72528
Gorai.004G200900.1.D	1328	1222.5	10.6452	0.345372
Gorai.004G201000.1.A	1116	1010.5	5.45455	0.214094
Gorai.004G201000.1.D	1116	1010.5	9.54545	0.374665
Gorai.004G201100.1.A	1782	1676.5	2	0.0473162
Gorai.004G201100.1.D	1782	1676.5	4	0.0946325
Gorai.004G201200.1.A	1044	938.505	0	0
Gorai.004G201200.1.D	1044	938.505	0	0
Gorai.004G201300.1.A	2278	2172.5	3.33333	0.0608559
Gorai.004G201300.1.D	2278	2172.5	6.66667	0.121712
Gorai.004G201400.1.A	609	503.551	13	1.02396
Gorai.004G201400.1.D	609	503.551	0	0
Gorai.004G201500.1.A	585	479.551	0	0
Gorai.004G201500.1.D	585	479.551	0	0
Gorai.004G201600.1.A	621	515.505	10	0.7694
Gorai.004G201600.1.D	621	515.505	0	0
Gorai.004G201700.1.A	1331	1225.5	356.305	11.5317
Gorai.004G201700.1.D	1331	1225.5	4.15921	0.134611
Gorai.004G201800.1.A	1676	1570.5	1959.64	49.4906
Gorai.004G201800.1.D	1676	1570.5	2643.36	66.7577
Gorai.004G201900.1.A	1495	1389.5	165.132	4.71363
Gorai.004G201900.1.D	1495	1389.5	181.868	5.19137
Gorai.004G202000.1.A	1813	1707.5	1	0.0232286
Gorai.004G202000.1.D	1813	1707.5	7	0.1626
Gorai.004G202100.1.A	2859	2753.5	39.4528	0.568299
Gorai.004G202100.1.D	2859	2753.5	329.547	4.74697
Gorai.004G202200.1.A	1302	1196.5	191.852	6.3597
Gorai.004G202200.1.D	1302	1196.5	326.148	10.8115
Gorai.004G202300.1.A	795	689.505	7.16227	0.412001
Gorai.004G202300.1.D	795	689.505	7.75093	0.445863
Gorai.004G202400.1.A	2409	2303.5	4.25	0.0731787
Gorai.004G202400.1.D	2409	2303.5	12.75	0.219536
Gorai.004G202500.1.A	652	546.505	0	0
Gorai.004G202500.1.D	652	546.505	0	0
Gorai.004G202600.1.A	1228	1122.5	31.9444	1.12874
Gorai.004G202600.1.D	1228	1122.5	14.0556	0.496644
Gorai.004G202700.1.A	1050	944.505	33.193	1.39389
Gorai.004G202700.1.D	1050	944.505	138.807	5.82898
Gorai.004G202800.1.A	1912	1806.5	398.16	8.74185
Gorai.004G202800.1.D	1912	1806.5	341.927	7.50722
Gorai.004G202900.1.A	1137	1031.5	0	0
Gorai.004G202900.1.D	1137	1031.5	77	2.96077
Gorai.004G203000.1.A	2704	2598.5	384.115	5.86304
Gorai.004G203000.1.D	2704	2598.5	301.885	4.6079
Gorai.004G203100.1.A	3647	3541.5	52.3137	0.585885
Gorai.004G203100.1.D	3647	3541.5	63.6863	0.713252
Gorai.004G203200.1.A	2173	2067.5	220.8	4.23582
Gorai.004G203200.1.D	2173	2067.5	7.2	0.138125
Gorai.004G203300.1.A	1134	1028.5	0	0
Gorai.004G203300.1.D	1134	1028.5	3	0.115691
Gorai.004G203400.1.A	785	679.505	124.94	7.29277
Gorai.004G203400.1.D	785	679.505	97.0605	5.66546
Gorai.004G203500.1.A	2587	2481.5	28.2857	0.452103
Gorai.004G203500.1.D	2587	2481.5	37.7143	0.602803
Gorai.004G203600.1.A	685	579.505	4	0.273771
Gorai.004G203600.1.D	685	579.505	8	0.547543
Gorai.004G203700.1.A	1863	1757.5	85.4553	1.92853
Gorai.004G203700.1.D	1863	1757.5	192.545	4.3453
Gorai.004G203800.1.A	1656	1550.5	165.456	4.23247
Gorai.004G203800.1.D	1656	1550.5	373.544	9.55551
Gorai.004G203900.1.A	2177	2071.5	100.649	1.92711
Gorai.004G203900.1.D	2177	2071.5	150.351	2.87877
Gorai.004G204000.1.A	1744	1638.5	415.995	10.0699
Gorai.004G204000.1.D	1744	1638.5	114.005	2.75968
Gorai.004G204100.1.A	3167	3061.5	9.95538	0.128976
Gorai.004G204100.1.D	3167	3061.5	101.207	1.31118
Gorai.004G204200.1.A	2533	2427.5	129.297	2.11258
Gorai.004G204200.1.D	2533	2427.5	112.541	1.8388
Gorai.004G204300.1.A	2211	2105.5	9.27273	0.174677
Gorai.004G204300.1.D	2211	2105.5	7.72727	0.145564
Gorai.004G204400.1.A	513	407.551	0	0
Gorai.004G204400.1.D	513	407.551	0	0
Gorai.004G204500.1.A	2142	2036.5	1629.7	31.74
Gorai.004G204500.1.D	2142	2036.5	4121.3	80.2664
Gorai.004G204600.1.A	1381	1275.5	0	0
Gorai.004G204600.1.D	1381	1275.5	1	0.0310959
Gorai.004G204700.1.A	756	650.505	0	0
Gorai.004G204700.1.D	756	650.505	0	0
Gorai.004G204800.1.A	1918	1812.5	0	0
Gorai.004G204800.1.D	1918	1812.5	0	0
Gorai.004G204900.1.A	1461	1355.5	573.982	16.7951
Gorai.004G204900.1.D	1461	1355.5	2.01751	0.0590337
Gorai.004G205000.1.A	1602	1496.5	4	0.106015
Gorai.004G205000.1.D	1602	1496.5	1	0.0265037
Gorai.004G205100.1.A	690	584.505	20.5177	1.39227
Gorai.004G205100.1.D	690	584.505	20.5177	1.39227
Gorai.004G205200.1.A	111	26.9796	0	0
Gorai.004G205200.1.D	111	26.9796	0	0
Gorai.004G205300.1.A	243	138.135	4	1.14853
Gorai.004G205300.1.D	243	138.135	0	0
Gorai.004G205400.1.A	1365	1259.5	1	0.0314909
Gorai.004G205400.1.D	1365	1259.5	1	0.0314909
Gorai.004G205500.1.A	1474	1368.5	433.629	12.5677
Gorai.004G205500.1.D	1474	1368.5	353.371	10.2417
Gorai.004G205600.1.A	2211	2105.5	1	0.0188377
Gorai.004G205600.1.D	2211	2105.5	0	0
Gorai.004G205700.1.A	1596	1490.5	24.8889	0.662304
Gorai.004G205700.1.D	1596	1490.5	3.11111	0.0827879
Gorai.004G205800.1.A	1845	1739.5	119.758	2.73063
Gorai.004G205800.1.D	1845	1739.5	70.2424	1.60162
Gorai.004G205900.1.A	2270	2164.5	1284.87	23.5443
Gorai.004G205900.1.D	2270	2164.5	1510.13	27.672
Gorai.004G206000.1.A	1612	1506.5	21.7222	0.571898
Gorai.004G206000.1.D	1612	1506.5	1.27778	0.0336411
Gorai.004G206100.1.A	1019	913.505	0	0
Gorai.004G206100.1.D	1019	913.505	2	0.0868369
Gorai.004G206200.1.A	3301	3195.5	3.08333	0.0382707
Gorai.004G206200.1.D	3301	3195.5	33.9167	0.420977
Gorai.004G206300.1.A	1917	1811.5	0	0
Gorai.004G206300.1.D	1917	1811.5	2	0.0437901
Gorai.004G206400.1.A	1366	1260.5	64.8025	2.03907
Gorai.004G206400.1.D	1366	1260.5	116.198	3.65626
Gorai.004G206500.1.A	3165	3059.5	486.792	6.3107
Gorai.004G206500.1.D	3165	3059.5	413.208	5.35676
Gorai.004G206600.1.A	2255	2149.5	2337.97	43.1406
Gorai.004G206600.1.D	2255	2149.5	3312.03	61.1139
Gorai.004G206700.1.A	2747	2641.5	0	0
Gorai.004G206700.1.D	2747	2641.5	16	0.240245
Gorai.004G206800.1.A	2339	2233.5	0	0
Gorai.004G206800.1.D	2339	2233.5	7	0.124307
Gorai.004G206900.1.A	1038	932.505	1.07447	0.0457012
Gorai.004G206900.1.D	1038	932.505	99.9255	4.25021
Gorai.004G207000.1.A	1884	1778.5	26.4136	0.589058
Gorai.004G207000.1.D	1884	1778.5	420.586	9.37962
Gorai.004G207100.1.A	1939	1833.5	17.9733	0.388803
Gorai.004G207100.1.D	1939	1833.5	0	0
Gorai.004G207200.1.A	2154	2048.5	4477.85	86.6996
Gorai.004G207200.1.D	2154	2048.5	1066.15	20.6428
Gorai.004G207300.1.A	4969	4863.5	85.4331	0.696725
Gorai.004G207300.1.D	4969	4863.5	224.567	1.83139
Gorai.004G207400.1.A	463	357.551	0	0
Gorai.004G207400.1.D	463	357.551	0	0
Gorai.004G207500.1.A	927	821.505	31.3514	1.51367
Gorai.004G207500.1.D	927	821.505	8.64865	0.417564
Gorai.004G207600.1.A	1509	1403.5	5.83333	0.16485
Gorai.004G207600.1.D	1509	1403.5	15.1667	0.428609
Gorai.004G207700.1.A	2790	2684.5	159.352	2.35439
Gorai.004G207700.1.D	2790	2684.5	565.648	8.35732
Gorai.004G207800.1.A	501	395.551	0	0
Gorai.004G207800.1.D	501	395.551	0	0
Gorai.004G207900.1.A	483	377.551	0	0
Gorai.004G207900.1.D	483	377.551	0	0
Gorai.004G208000.1.A	696	590.505	0	0
Gorai.004G208000.1.D	696	590.505	0	0
Gorai.004G208100.1.A	336	230.63	0.5	0.0859882
Gorai.004G208100.1.D	336	230.63	0.5	0.0859882
Gorai.004G208200.1.A	1806	1700.5	0	0
Gorai.004G208200.1.D	1806	1700.5	0	0
Gorai.004G208300.1.A	1285	1179.5	79.8138	2.68388
Gorai.004G208300.1.D	1285	1179.5	83.1862	2.79728
Gorai.004G208400.1.A	2360	2254.5	8.34783	0.146861
Gorai.004G208400.1.D	2360	2254.5	15.6522	0.275365
Gorai.004G208500.1.A	879	773.505	761.672	39.0562
Gorai.004G208500.1.D	879	773.505	144.328	7.40069
Gorai.004G208600.1.A	1776	1670.5	744.121	17.6677
Gorai.004G208600.1.D	1776	1670.5	366.879	8.71083
Gorai.004G208700.1.A	1666	1560.5	103.539	2.63163
Gorai.004G208700.1.D	1666	1560.5	86.2826	2.19302
Gorai.004G208800.1.A	1610	1504.5	146.519	3.86266
Gorai.004G208800.1.D	1610	1504.5	48.4807	1.27809
Gorai.004G208900.1.A	624	518.505	0	0
Gorai.004G208900.1.D	624	518.505	0	0
Gorai.004G209000.1.A	1892	1786.5	24.6047	0.546258
Gorai.004G209000.1.D	1892	1786.5	21.3953	0.475007
Gorai.004G209100.1.A	642	536.505	1	0.0739284
Gorai.004G209100.1.D	642	536.505	0	0
Gorai.004G209200.1.A	1552	1446.5	120.322	3.29922
Gorai.004G209200.1.D	1552	1446.5	106.678	2.92508
Gorai.004G209300.1.A	743	637.505	0	0
Gorai.004G209300.1.D	743	637.505	0	0
Gorai.004G209400.1.A	1652	1546.5	673.781	17.2804
Gorai.004G209400.1.D	1652	1546.5	458.219	11.7519
Gorai.004G209500.1.A	258	152.936	19.5349	5.06623
Gorai.004G209500.1.D	258	152.936	100.465	26.0549
Gorai.004G209600.1.A	1292	1186.5	996.216	33.3019
Gorai.004G209600.1.D	1292	1186.5	692.784	23.1586
Gorai.004G209700.1.A	955	849.505	0	0
Gorai.004G209700.1.D	955	849.505	0	0
Gorai.004G209800.1.A	600	494.551	2	0.1604
Gorai.004G209800.1.D	600	494.551	0	0
Gorai.004G209900.1.A	366	260.583	0	0
Gorai.004G209900.1.D	366	260.583	0	0
Gorai.004G210000.1.A	3889	3783.5	20.1951	0.211708
Gorai.004G210000.1.D	3889	3783.5	25.8049	0.270516
Gorai.004G210100.1.A	954	848.505	0	0
Gorai.004G210100.1.D	954	848.505	0	0
Gorai.004G210200.1.A	2710	2604.5	4900.68	74.6305
Gorai.004G210200.1.D	2710	2604.5	961.961	14.6493
Gorai.004G210300.1.A	581	475.551	20.3128	1.69417
Gorai.004G210300.1.D	581	475.551	212.687	17.739
Gorai.004G210400.1.A	935	829.505	115	5.49875
Gorai.004G210400.1.D	935	829.505	0	0
Gorai.004G210500.1.A	633	527.505	6	0.451138
Gorai.004G210500.1.D	633	527.505	0	0
Gorai.004G210600.1.A	1733	1627.5	62940.6	1533.89
Gorai.004G210600.1.D	1733	1627.5	84752.4	2065.45
Gorai.004G210700.1.A	1949	1843.5	159.297	3.42726
Gorai.004G210700.1.D	1949	1843.5	320.703	6.89992
Gorai.004G210800.1.A	3499	3393.5	410.057	4.7927
Gorai.004G210800.1.D	3499	3393.5	2101.94	24.5673
Gorai.004G210900.1.A	3036	2930.5	8.64865	0.117055
Gorai.004G210900.1.D	3036	2930.5	31.3514	0.424325
Gorai.004G211000.1.A	255	149.978	0	0
Gorai.004G211000.1.D	255	149.978	0	0
Gorai.004G211100.1.A	1302	1196.5	78.6803	2.60817
Gorai.004G211100.1.D	1302	1196.5	620.32	20.563
Gorai.004G211200.1.A	1249	1143.5	0	0
Gorai.004G211200.1.D	1249	1143.5	3	0.104056
Gorai.004G211300.1.A	1624	1518.5	1.5	0.0391796
Gorai.004G211300.1.D	1624	1518.5	7.5	0.195898
Gorai.004G211400.1.A	1191	1085.5	583.142	21.3073
Gorai.004G211400.1.D	1191	1085.5	991.858	36.2412
Gorai.004G211500.1.A	2108	2002.5	64.3146	1.27386
Gorai.004G211500.1.D	2108	2002.5	41.6854	0.825649
Gorai.004G211600.1.A	1076	970.505	16.2857	0.665571
Gorai.004G211600.1.D	1076	970.505	21.7143	0.887427
Gorai.004G211700.1.A	6044	5938.5	208.678	1.39375
Gorai.004G211700.1.D	6044	5938.5	247.322	1.65185
Gorai.004G211800.1.A	1743	1637.5	42115.9	1020.11
Gorai.004G211800.1.D	1743	1637.5	15721.1	380.789
Gorai.004G211900.1.A	1113	1007.5	4.66964	0.183832
Gorai.004G211900.1.D	1113	1007.5	27.8564	1.09664
Gorai.004G212000.1.A	2468	2362.5	41.04	0.689001
Gorai.004G212000.1.D	2468	2362.5	66.96	1.12416
Gorai.004G212100.1.A	2377	2271.5	174.418	3.04553
Gorai.004G212100.1.D	2377	2271.5	317.582	5.54533
Gorai.004G212200.1.A	2830	2724.5	0	0
Gorai.004G212200.1.D	2830	2724.5	45	0.655103
Gorai.004G212300.1.A	1584	1478.5	12.4865	0.334967
Gorai.004G212300.1.D	1584	1478.5	29.5135	0.791741
Gorai.004G212400.1.A	1364	1258.5	0	0
Gorai.004G212400.1.D	1364	1258.5	15	0.472739
Gorai.004G212500.1.A	1990	1884.5	0	0
Gorai.004G212500.1.D	1990	1884.5	0	0
Gorai.004G212600.1.A	481	375.551	0	0
Gorai.004G212600.1.D	481	375.551	0	0
Gorai.004G212700.1.A	290	184.705	0	0
Gorai.004G212700.1.D	290	184.705	0	0
Gorai.004G212800.1.A	1534	1428.5	15.0408	0.417613
Gorai.004G212800.1.D	1534	1428.5	69599.5	1932.45
Gorai.004G212900.1.A	391	285.583	2.10375	0.292177
Gorai.004G212900.1.D	391	285.583	2.10375	0.292177
Gorai.004G213000.1.A	450	344.583	0	0
Gorai.004G213000.1.D	450	344.583	0	0
Gorai.004G213100.1.A	753	647.505	0	0
Gorai.004G213100.1.D	753	647.505	14	0.857571
Gorai.004G213200.1.A	3833	3727.5	197.63	2.1029
Gorai.004G213200.1.D	3833	3727.5	266.37	2.83434
Gorai.004G213300.1.A	1605	1499.5	1.11828	0.0295793
Gorai.004G213300.1.D	1605	1499.5	310.882	8.22304
Gorai.004G213400.1.A	1119	1013.5	8	0.313076
Gorai.004G213400.1.D	1119	1013.5	0	0
Gorai.004G213500.1.A	2596	2490.5	101.83	1.6217
Gorai.004G213500.1.D	2596	2490.5	104.17	1.65898
Gorai.004G213600.1.A	2055	1949.5	182.778	3.71864
Gorai.004G213600.1.D	2055	1949.5	52.2222	1.06247
Gorai.004G213700.1.A	828	722.505	0	0
Gorai.004G213700.1.D	828	722.505	0	0
Gorai.004G213800.1.A	439	333.583	0	0
Gorai.004G213800.1.D	439	333.583	0	0
Gorai.004G213900.1.A	3208	3102.5	82.5406	1.05521
Gorai.004G213900.1.D	3208	3102.5	1059.46	13.5443
Gorai.004G214000.1.A	1138	1032.5	1	0.0384143
Gorai.004G214000.1.D	1138	1032.5	1	0.0384143
Gorai.004G214100.1.A	788	682.505	19.5278	1.13483
Gorai.004G214100.1.D	788	682.505	17.4722	1.01538
Gorai.004G214200.1.A	1413	1307.5	3	0.0910045
Gorai.004G214200.1.D	1413	1307.5	0	0
Gorai.004G214300.1.A	1533	1427.5	10	0.277848
Gorai.004G214300.1.D	1533	1427.5	0	0
Gorai.004G214400.1.A	712	606.505	6.82298	0.446195
Gorai.004G214400.1.D	712	606.505	6.82298	0.446195
Gorai.004G214500.1.A	1203	1097.5	7	0.252974
Gorai.004G214500.1.D	1203	1097.5	4	0.144557
Gorai.004G214600.1.A	480	374.551	0	0
Gorai.004G214600.1.D	480	374.551	0	0
Gorai.004G214700.1.A	1887	1781.5	2.22222	0.049475
Gorai.004G214700.1.D	1887	1781.5	7.77778	0.173162
Gorai.004G214800.1.A	1995	1889.5	0	0
Gorai.004G214800.1.D	1995	1889.5	10	0.209912
Gorai.004G214900.1.A	2201	2095.5	54	1.02209
Gorai.004G214900.1.D	2201	2095.5	22	0.416408
Gorai.004G215000.1.A	2340	2234.5	137.415	2.43915
Gorai.004G215000.1.D	2340	2234.5	65.5846	1.16414
Gorai.004G215100.1.A	8342	8236.5	336.899	1.62234
Gorai.004G215100.1.D	8342	8236.5	329.489	1.58665
Gorai.004G215200.1.A	626	520.505	0	0
Gorai.004G215200.1.D	626	520.505	0	0
Gorai.004G215300.1.A	1673	1567.5	162.026	4.09979
Gorai.004G215300.1.D	1673	1567.5	22.9739	0.581313
Gorai.004G215400.1.A	1538	1432.5	108.777	3.01179
Gorai.004G215400.1.D	1538	1432.5	22.2232	0.615313
Gorai.004G215500.1.A	1488	1382.5	1010.69	28.9958
Gorai.004G215500.1.D	1488	1382.5	439.731	12.6155
Gorai.004G215600.1.A	2649	2543.5	446.896	6.96881
Gorai.004G215600.1.D	2649	2543.5	105.669	1.64779
Gorai.004G215700.1.A	1829	1723.5	12.8955	0.296764
Gorai.004G215700.1.D	1829	1723.5	59.1045	1.36017
Gorai.004G215800.1.A	761	655.505	201.519	12.1934
Gorai.004G215800.1.D	761	655.505	278.481	16.8502
Gorai.004G215900.1.A	2688	2582.5	799.709	12.2822
Gorai.004G215900.1.D	2688	2582.5	748.291	11.4925
Gorai.004G216000.1.A	896	790.505	1	0.0501742
Gorai.004G216000.1.D	896	790.505	1	0.0501742
Gorai.004G216100.1.A	1650	1544.5	551.383	14.1595
Gorai.004G216100.1.D	1650	1544.5	450.617	11.5719
Gorai.004G216200.1.A	1250	1144.5	81.8182	2.83542
Gorai.004G216200.1.D	1250	1144.5	53.1818	1.84302
Gorai.004G216300.1.A	1082	976.505	26.6667	1.08313
Gorai.004G216300.1.D	1082	976.505	13.3333	0.541563
Gorai.004G216400.1.A	1606	1500.5	306.554	8.10317
Gorai.004G216400.1.D	1606	1500.5	236.446	6.24998
Gorai.004G216500.1.A	2338	2232.5	161.427	2.86793
Gorai.004G216500.1.D	2338	2232.5	44.5731	0.791891
Gorai.004G216600.1.A	2599	2493.5	233.179	3.70907
Gorai.004G216600.1.D	2599	2493.5	194.821	3.09892
Gorai.004G216700.1.A	642	536.505	0	0
Gorai.004G216700.1.D	642	536.505	0	0
Gorai.004G216800.1.A	519	413.551	0	0
Gorai.004G216800.1.D	519	413.551	0	0
Gorai.004G216900.1.A	1281	1175.5	126.285	4.26101
Gorai.004G216900.1.D	1281	1175.5	108.715	3.66817
Gorai.004G217000.1.A	853	747.505	0	0
Gorai.004G217000.1.D	853	747.505	0	0
Gorai.004G217100.1.A	676	570.505	0	0
Gorai.004G217100.1.D	676	570.505	0	0
Gorai.004G217200.1.A	2285	2179.5	1	0.0181981
Gorai.004G217200.1.D	2285	2179.5	3	0.0545944
Gorai.004G217300.1.A	5232	5126.5	1352.49	10.464
Gorai.004G217300.1.D	5232	5126.5	407.513	3.15286
Gorai.004G217400.1.A	1172	1066.5	604.591	22.4845
Gorai.004G217400.1.D	1172	1066.5	818.409	30.4364
Gorai.004G217500.1.A	804	698.505	0	0
Gorai.004G217500.1.D	804	698.505	0	0
Gorai.004G217600.1.A	10921	10815.5	154.847	0.567859
Gorai.004G217600.1.D	10921	10815.5	56.1532	0.205927
Gorai.004G217700.1.A	612	506.551	6.66667	0.522
Gorai.004G217700.1.D	612	506.551	5.33333	0.4176
Gorai.004G217800.1.A	2542	2436.5	502.26	8.1761
Gorai.004G217800.1.D	2542	2436.5	258.74	4.21193
Gorai.004G217900.1.A	938	832.505	7.5	0.357322
Gorai.004G217900.1.D	938	832.505	7.5	0.357322
Gorai.004G218000.1.A	1217	1111.5	7.11111	0.253753
Gorai.004G218000.1.D	1217	1111.5	40.8889	1.45908
Gorai.004G218100.1.A	2061	1955.5	9	0.182544
Gorai.004G218100.1.D	2061	1955.5	0	0
Gorai.004G218200.1.A	1662	1556.5	99.4026	2.53298
Gorai.004G218200.1.D	1662	1556.5	78.5974	2.00282
Gorai.004G218300.1.A	1875	1769.5	354.3	7.94153
Gorai.004G218300.1.D	1875	1769.5	157.7	3.5348
Gorai.004G218400.1.A	539	433.551	0	0
Gorai.004G218400.1.D	539	433.551	0	0
Gorai.004G218500.1.A	930	824.505	13.3304	0.64126
Gorai.004G218500.1.D	930	824.505	0	0
Gorai.004G218600.1.A	1300	1194.5	562.519	18.6782
Gorai.004G218600.1.D	1300	1194.5	826.481	27.4429
Gorai.004G218700.1.A	1185	1079.5	669.152	24.5859
Gorai.004G218700.1.D	1185	1079.5	557.848	20.4963
Gorai.004G218800.1.A	1305	1199.5	577.952	19.1106
Gorai.004G218800.1.D	1305	1199.5	427.048	14.1208
Gorai.004G218900.1.A	1826	1720.5	346.702	7.99256
Gorai.004G218900.1.D	1826	1720.5	90.0093	2.07499
Gorai.004G219000.1.A	870	764.505	8.82759	0.45798
Gorai.004G219000.1.D	870	764.505	23.1724	1.2022
Gorai.004G219100.1.A	2465	2359.5	6.06122	0.101888
Gorai.004G219100.1.D	2465	2359.5	92.9388	1.56229
Gorai.004G219200.1.A	1337	1231.5	301.044	9.69569
Gorai.004G219200.1.D	1337	1231.5	351.956	11.3354
Gorai.004G219300.1.A	1815	1709.5	26.7273	0.620111
Gorai.004G219300.1.D	1815	1709.5	43.2727	1.00399
Gorai.004G219400.1.A	1936	1830.5	24.878	0.539052
Gorai.004G219400.1.D	1936	1830.5	26.122	0.566004
Gorai.004G219500.1.A	1872	1766.5	440.612	9.89296
Gorai.004G219500.1.D	1872	1766.5	359.388	8.06926
Gorai.004G219600.1.A	1349	1243.5	2	0.0637922
Gorai.004G219600.1.D	1349	1243.5	0	0
Gorai.004G219700.1.A	3387	3281.5	206.643	2.49765
Gorai.004G219700.1.D	3387	3281.5	111.357	1.34596
Gorai.004G219800.1.A	714	608.505	147.707	9.6277
Gorai.004G219800.1.D	714	608.505	0.292831	0.019087
Gorai.004G219900.1.A	599	493.551	0	0
Gorai.004G219900.1.D	599	493.551	0	0
Gorai.004G220000.1.A	651	545.505	0	0
Gorai.004G220000.1.D	651	545.505	0	0
Gorai.004G220100.1.A	2003	1897.5	66.67	1.39358
Gorai.004G220100.1.D	2003	1897.5	46.33	0.968421
Gorai.004G220200.1.A	3173	3067.5	46.5405	0.601771
Gorai.004G220200.1.D	3173	3067.5	79.4595	1.02741
Gorai.004G220300.1.A	1605	1499.5	43	1.13738
Gorai.004G220300.1.D	1605	1499.5	5	0.132253
Gorai.004G220400.1.A	1374	1268.5	1	0.0312675
Gorai.004G220400.1.D	1374	1268.5	0	0
Gorai.004G220500.1.A	1374	1268.5	2	0.062535
Gorai.004G220500.1.D	1374	1268.5	0	0
Gorai.004G220600.1.A	1802	1696.5	10	0.233792
Gorai.004G220600.1.D	1802	1696.5	0	0
Gorai.004G220700.1.A	1281	1175.5	5	0.168706
Gorai.004G220700.1.D	1281	1175.5	5	0.168706
Gorai.004G220800.1.A	951	845.505	0	0
Gorai.004G220800.1.D	951	845.505	0	0
Gorai.004G220900.1.A	1111	1005.5	91	3.58957
Gorai.004G220900.1.D	1111	1005.5	91	3.58957
Gorai.004G221000.1.A	2060	1954.5	127.726	2.59196
Gorai.004G221000.1.D	2060	1954.5	124.274	2.5219
Gorai.004G221100.1.A	1533	1427.5	239.564	6.65623
Gorai.004G221100.1.D	1533	1427.5	409.436	11.3761
Gorai.004G221200.1.A	933	827.505	0	0
Gorai.004G221200.1.D	933	827.505	0	0
Gorai.004G221300.1.A	1128	1022.5	0	0
Gorai.004G221300.1.D	1128	1022.5	0	0
Gorai.004G221400.1.A	4499	4393.5	252.948	2.28352
Gorai.004G221400.1.D	4499	4393.5	338.052	3.05181
Gorai.004G221500.1.A	2101	1995.5	0	0
Gorai.004G221500.1.D	2101	1995.5	7	0.139133
Gorai.004G221600.1.A	1335	1229.5	0	0
Gorai.004G221600.1.D	1335	1229.5	0	0
Gorai.004G221700.1.A	2732	2626.5	188.419	2.84533
Gorai.004G221700.1.D	2732	2626.5	170.581	2.57595
Gorai.004G221800.1.A	687	581.505	67.9896	4.6374
Gorai.004G221800.1.D	687	581.505	39.0104	2.6608
Gorai.004G221900.1.A	900	794.505	25.6	1.27799
Gorai.004G221900.1.D	900	794.505	54.4	2.71573
Gorai.004G222000.1.A	3224	3118.5	312.575	3.9755
Gorai.004G222000.1.D	3224	3118.5	474.425	6.03402
Gorai.004G222100.1.A	3669	3563.5	20.5714	0.228967
Gorai.004G222100.1.D	3669	3563.5	51.4286	0.572416
Gorai.004G222200.1.A	2727	2621.5	115.766	1.75152
Gorai.004G222200.1.D	2727	2621.5	145.234	2.19736
Gorai.004G222300.1.A	559	453.551	0	0
Gorai.004G222300.1.D	559	453.551	3	0.262349
Gorai.004G222400.1.A	451	345.583	390.473	44.8149
Gorai.004G222400.1.D	451	345.583	669.527	76.8424
Gorai.004G222500.1.A	1284	1178.5	147.716	4.97143
Gorai.004G222500.1.D	1284	1178.5	174.284	5.86558
Gorai.004G222600.1.A	839	733.505	0	0
Gorai.004G222600.1.D	839	733.505	0	0
Gorai.004G222700.1.A	2261	2155.5	72.559	1.33514
Gorai.004G222700.1.D	2261	2155.5	104.441	1.92179
Gorai.004G222800.1.A	2850	2744.5	897.356	12.9684
Gorai.004G222800.1.D	2850	2744.5	1124.64	16.2531
Gorai.004G222900.1.A	285	179.772	2.72792	0.601859
Gorai.004G222900.1.D	285	179.772	0	0
Gorai.004G223000.1.A	236	131.296	11.5	3.47401
Gorai.004G223000.1.D	236	131.296	11.5	3.47401
Gorai.004G223100.1.A	5280	5174.5	1795.76	13.7646
Gorai.004G223100.1.D	5280	5174.5	767.243	5.88097
Gorai.004G223200.1.A	1275	1169.5	0	0
Gorai.004G223200.1.D	1275	1169.5	0	0
Gorai.004G223300.1.A	3486	3380.5	171.882	2.01667
Gorai.004G223300.1.D	3486	3380.5	461.118	5.41023
Gorai.004G223400.1.A	1584	1478.5	576.024	15.4527
Gorai.004G223400.1.D	1584	1478.5	2040.98	54.752
Gorai.004G223500.1.A	4962	4856.5	3348.87	27.3501
Gorai.004G223500.1.D	4962	4856.5	3657.81	29.8733
Gorai.004G223600.1.A	579	473.551	0	0
Gorai.004G223600.1.D	579	473.551	0	0
Gorai.004G223700.1.A	733	627.505	100.027	6.32243
Gorai.004G223700.1.D	733	627.505	141.973	8.97377
Gorai.004G223800.1.A	1036	930.505	1534.09	65.3908
Gorai.004G223800.1.D	1036	930.505	1257.91	53.6187
Gorai.004G223900.1.A	1307	1201.5	162.493	5.36406
Gorai.004G223900.1.D	1307	1201.5	192.507	6.35487
Gorai.004G224000.1.A	1773	1667.5	2422.63	57.6243
Gorai.004G224000.1.D	1773	1667.5	2199.96	52.3279
Gorai.004G224100.1.A	471	365.551	0	0
Gorai.004G224100.1.D	471	365.551	0	0
Gorai.004G224200.1.A	2190	2084.5	0	0
Gorai.004G224200.1.D	2190	2084.5	0	0
Gorai.004G224300.1.A	485	379.551	0	0
Gorai.004G224300.1.D	485	379.551	0	0
Gorai.004G224400.1.A	402	296.583	0	0
Gorai.004G224400.1.D	402	296.583	0	0
Gorai.004G224500.1.A	459	353.551	0	0
Gorai.004G224500.1.D	459	353.551	0	0
Gorai.004G224600.1.A	477	371.551	0	0
Gorai.004G224600.1.D	477	371.551	0	0
Gorai.004G224700.1.A	674	568.505	0	0
Gorai.004G224700.1.D	674	568.505	0	0
Gorai.004G224800.1.A	766	660.505	1.14286	0.0686279
Gorai.004G224800.1.D	766	660.505	6.85714	0.411768
Gorai.004G224900.1.A	993	887.505	0	0
Gorai.004G224900.1.D	993	887.505	0	0
Gorai.004G225000.1.A	4700	4594.5	685.554	5.91817
Gorai.004G225000.1.D	4700	4594.5	564.446	4.87269
Gorai.004G225100.1.A	891	785.505	0	0
Gorai.004G225100.1.D	891	785.505	0	0
Gorai.004G225200.1.A	201	97.3325	5	2.0375
Gorai.004G225200.1.D	201	97.3325	0	0
Gorai.004G225300.1.A	941	835.505	14.1304	0.670798
Gorai.004G225300.1.D	941	835.505	10.8696	0.515998
Gorai.004G225400.1.A	1678	1572.5	699.591	17.6456
Gorai.004G225400.1.D	1678	1572.5	746.409	18.8265
Gorai.004G225500.1.A	1282	1176.5	0	0
Gorai.004G225500.1.D	1282	1176.5	4	0.13485
Gorai.004G225600.1.A	2582	2476.5	0	0
Gorai.004G225600.1.D	2582	2476.5	0	0
Gorai.004G225700.1.A	1071	965.505	12.0315	0.494254
Gorai.004G225700.1.D	1071	965.505	369.969	15.1983
Gorai.004G225800.1.A	2721	2615.5	13.5086	0.204851
Gorai.004G225800.1.D	2721	2615.5	577.491	8.7574
Gorai.004G225900.1.A	3124	3018.5	332.982	4.37536
Gorai.004G225900.1.D	3124	3018.5	1727.27	22.6962
Gorai.004G226000.1.A	6585	6479.5	188.924	1.15646
Gorai.004G226000.1.D	6585	6479.5	201.076	1.23085
Gorai.004G226100.1.A	1288	1182.5	0	0
Gorai.004G226100.1.D	1288	1182.5	1	0.0335415
Gorai.004G226200.1.A	881	775.505	241.838	12.3687
Gorai.004G226200.1.D	881	775.505	44.1618	2.25864
Gorai.004G226300.1.A	1727	1621.5	40.381	0.987741
Gorai.004G226300.1.D	1727	1621.5	65.619	1.60508
Gorai.004G226400.1.A	1155	1049.5	0	0
Gorai.004G226400.1.D	1155	1049.5	0	0
Gorai.004G226500.1.A	1165	1059.5	4.75	0.177818
Gorai.004G226500.1.D	1165	1059.5	14.25	0.533454
Gorai.004G226600.1.A	2043	1937.5	1074.1	21.988
Gorai.004G226600.1.D	2043	1937.5	946.902	19.3842
Gorai.004G226700.1.A	1131	1025.5	0	0
Gorai.004G226700.1.D	1131	1025.5	0	0
Gorai.004G226800.1.A	1532	1426.5	441.737	12.2822
Gorai.004G226800.1.D	1532	1426.5	710.263	19.7484
Gorai.004G226900.1.A	1134	1028.5	23.2222	0.895535
Gorai.004G226900.1.D	1134	1028.5	97.7778	3.77067
Gorai.004G227000.1.A	2026	1920.5	5.35714	0.110638
Gorai.004G227000.1.D	2026	1920.5	9.64286	0.199148
Gorai.004G227100.1.A	1433	1327.5	1234.27	36.8772
Gorai.004G227100.1.D	1433	1327.5	2159.72	64.5278
Gorai.004G227200.1.A	1268	1162.5	3.17156	0.108209
Gorai.004G227200.1.D	1268	1162.5	25.9882	0.886677
Gorai.004G227300.1.A	1375	1269.5	1956.39	61.1231
Gorai.004G227300.1.D	1375	1269.5	1575.46	49.222
Gorai.004G227400.1.A	3430	3324.5	256.323	3.05805
Gorai.004G227400.1.D	3430	3324.5	291.677	3.47985
Gorai.004G227500.1.A	2878	2772.5	402.786	5.76219
Gorai.004G227500.1.D	2878	2772.5	205.214	2.93575
Gorai.004G227600.1.A	895	789.505	205.325	10.3151
Gorai.004G227600.1.D	895	789.505	78.5397	3.94566
Gorai.004G227700.1.A	3216	3110.5	1643.28	20.9539
Gorai.004G227700.1.D	3216	3110.5	669.725	8.53985
Gorai.004G227800.1.A	2945	2839.5	1220.5	17.0483
Gorai.004G227800.1.D	2945	2839.5	857.714	11.9808
Gorai.004G227900.1.A	2252	2146.5	59.3872	1.09735
Gorai.004G227900.1.D	2252	2146.5	377.613	6.9775
Gorai.004G228000.1.A	224	119.632	0	0
Gorai.004G228000.1.D	224	119.632	1	0.331541
Gorai.004G228100.1.A	3372	3266.5	721.169	8.75666
Gorai.004G228100.1.D	3372	3266.5	1818.83	22.0848
Gorai.004G228200.1.A	2914	2808.5	459.331	6.48688
Gorai.004G228200.1.D	2914	2808.5	546.669	7.7203
Gorai.004G228300.1.A	1532	1426.5	843.013	23.4394
Gorai.004G228300.1.D	1532	1426.5	879.987	24.4674
Gorai.004G228400.1.A	1680	1574.5	377.246	9.50309
Gorai.004G228400.1.D	1680	1574.5	252.754	6.36707
Gorai.004G228500.1.A	2407	2301.5	896.082	15.4426
Gorai.004G228500.1.D	2407	2301.5	781.918	13.4752
Gorai.004G228600.1.A	2774	2668.5	931.742	13.8488
Gorai.004G228600.1.D	2774	2668.5	825.258	12.2661
Gorai.004G228700.1.A	1475	1369.5	14.5983	0.422789
Gorai.004G228700.1.D	1475	1369.5	229.402	6.64382
Gorai.004G228800.1.A	645	539.505	265.751	19.5373
Gorai.004G228800.1.D	645	539.505	214.249	15.751
Gorai.004G228900.1.A	420	314.583	31.6889	3.99537
Gorai.004G228900.1.D	420	314.583	14.3111	1.80436
Gorai.004G229000.1.A	1876	1770.5	1	0.0224021
Gorai.004G229000.1.D	1876	1770.5	21	0.470443
Gorai.004G229100.1.A	1293	1187.5	644.253	21.5182
Gorai.004G229100.1.D	1293	1187.5	895.747	29.9182
Gorai.004G229200.1.A	1997	1891.5	87.8133	1.84136
Gorai.004G229200.1.D	1997	1891.5	90.1867	1.89112
Gorai.004G229300.1.A	2052	1946.5	433.853	8.84041
Gorai.004G229300.1.D	2052	1946.5	534.147	10.884
Gorai.004G229400.1.A	3283	3177.5	35.7692	0.446486
Gorai.004G229400.1.D	3283	3177.5	39.2308	0.489695
Gorai.004G229500.1.A	978	872.505	343.752	15.6265
Gorai.004G229500.1.D	978	872.505	949.248	43.1516
Gorai.004G229600.1.A	786	680.505	0	0
Gorai.004G229600.1.D	786	680.505	0	0
Gorai.004G229700.1.A	738	632.505	0	0
Gorai.004G229700.1.D	738	632.505	0	0
Gorai.004G229800.1.A	2878	2772.5	77.3358	1.10635
Gorai.004G229800.1.D	2878	2772.5	535.664	7.66311
Gorai.004G229900.1.A	782	676.505	8.58333	0.503234
Gorai.004G229900.1.D	782	676.505	94.4167	5.53558
Gorai.004G230000.1.A	222	117.654	279.855	94.3435
Gorai.004G230000.1.D	222	117.654	21.1446	7.12818
Gorai.004G230100.1.A	1621	1515.5	470.436	12.312
Gorai.004G230100.1.D	1621	1515.5	6.56422	0.171795
Gorai.004G230200.1.A	2712	2606.5	259.495	3.94872
Gorai.004G230200.1.D	2712	2606.5	265.186	4.03531
Gorai.004G230300.1.A	1657	1551.5	536.358	13.7115
Gorai.004G230300.1.D	1657	1551.5	161.642	4.13225
Gorai.004G230400.1.A	3089	2983.5	5	0.0664704
Gorai.004G230400.1.D	3089	2983.5	0	0
Gorai.004G230500.1.A	7776	7670.5	265.081	1.37069
Gorai.004G230500.1.D	7776	7670.5	243.919	1.26127
Gorai.004G230600.1.A	988	882.505	65.5033	2.94396
Gorai.004G230600.1.D	988	882.505	91.4967	4.11219
Gorai.004G230700.1.A	1829	1723.5	0	0
Gorai.004G230700.1.D	1829	1723.5	0	0
Gorai.004G230800.1.A	683	577.505	0	0
Gorai.004G230800.1.D	683	577.505	0	0
Gorai.004G230900.1.A	1635	1529.5	125.497	3.25438
Gorai.004G230900.1.D	1635	1529.5	87.5027	2.26911
Gorai.004G231000.1.A	764	658.505	0	0
Gorai.004G231000.1.D	764	658.505	12	0.722782
Gorai.004G231100.1.A	1517	1411.5	2	0.0561995
Gorai.004G231100.1.D	1517	1411.5	0	0
Gorai.004G231200.1.A	2566	2460.5	584.442	9.4211
Gorai.004G231200.1.D	2566	2460.5	16.1017	0.259557
Gorai.004G231300.1.A	3278	3172.5	26.0238	0.325352
Gorai.004G231300.1.D	3278	3172.5	4.43291	0.0554207
Gorai.004G231400.1.A	1497	1391.5	168.814	4.8118
Gorai.004G231400.1.D	1497	1391.5	163.186	4.65141
Gorai.004G231500.1.A	1137	1031.5	0	0
Gorai.004G231500.1.D	1137	1031.5	0	0
Gorai.004G231600.1.A	1416	1310.5	11	0.332919
Gorai.004G231600.1.D	1416	1310.5	0	0
Gorai.004G231700.1.A	2617	2511.5	66.2264	1.04588
Gorai.004G231700.1.D	2617	2511.5	63.7736	1.00714
Gorai.004G231800.1.A	1946	1840.5	13.64	0.293942
Gorai.004G231800.1.D	1946	1840.5	17.36	0.374109
Gorai.004G231900.1.A	435	329.583	1	0.120343
Gorai.004G231900.1.D	435	329.583	11	1.32377
Gorai.004G232000.1.A	2131	2025.5	2.33333	0.0456908
Gorai.004G232000.1.D	2131	2025.5	4.66667	0.0913815
Gorai.004G232100.1.A	264	158.879	4	0.998569
Gorai.004G232100.1.D	264	158.879	0	0
Gorai.004G232200.1.A	834	728.505	0	0
Gorai.004G232200.1.D	834	728.505	0	0
Gorai.004G232300.1.A	1787	1681.5	34.1579	0.805708
Gorai.004G232300.1.D	1787	1681.5	24.8421	0.58597
Gorai.004G232400.1.A	1556	1450.5	0	0
Gorai.004G232400.1.D	1556	1450.5	2	0.0546885
Gorai.004G232500.1.A	1289	1183.5	11428.8	383.016
Gorai.004G232500.1.D	1289	1183.5	6193.21	207.554
Gorai.004G232600.1.A	2652	2546.5	24.8889	0.387655
Gorai.004G232600.1.D	2652	2546.5	3.11111	0.0484569
Gorai.004G232700.1.A	1650	1544.5	1287	33.0501
Gorai.004G232700.1.D	1650	1544.5	1247	32.0231
Gorai.004G232800.1.A	1926	1820.5	0	0
Gorai.004G232800.1.D	1926	1820.5	0	0
Gorai.004G232900.1.A	455	349.551	4	0.453873
Gorai.004G232900.1.D	455	349.551	0	0
Gorai.004G233000.1.A	1620	1514.5	2	0.0523774
Gorai.004G233000.1.D	1620	1514.5	2	0.0523774
Gorai.004G233100.1.A	979	873.505	15	0.6811
Gorai.004G233100.1.D	979	873.505	0	0
Gorai.004G233200.1.A	828	722.505	0	0
Gorai.004G233200.1.D	828	722.505	0	0
Gorai.004G233300.1.A	995	889.505	0	0
Gorai.004G233300.1.D	995	889.505	0	0
Gorai.004G233400.1.A	3670	3564.5	0	0
Gorai.004G233400.1.D	3670	3564.5	5	0.055636
Gorai.004G233500.1.A	2658	2552.5	107.985	1.67796
Gorai.004G233500.1.D	2658	2552.5	1406.38	21.8535
Gorai.004G233600.1.A	1428	1322.5	0	0
Gorai.004G233600.1.D	1428	1322.5	0	0
Gorai.004G233700.1.A	1169	1063.5	62.9677	2.34835
Gorai.004G233700.1.D	1169	1063.5	1.03226	0.0384976
Gorai.004G233800.1.A	3766	3660.5	16.0675	0.174098
Gorai.004G233800.1.D	3766	3660.5	1458.93	15.8081
Gorai.004G233900.1.A	1278	1172.5	47.1965	1.59654
Gorai.004G233900.1.D	1278	1172.5	409.804	13.8626
Gorai.004G234000.1.A	1674	1568.5	176.856	4.47218
Gorai.004G234000.1.D	1674	1568.5	594.144	15.0242
Gorai.004G234100.1.A	516	410.551	0	0
Gorai.004G234100.1.D	516	410.551	0	0
Gorai.004G234200.1.A	1916	1810.5	0	0
Gorai.004G234200.1.D	1916	1810.5	0	0
Gorai.004G234300.1.A	630	524.505	12.7778	0.966253
Gorai.004G234300.1.D	630	524.505	56.2222	4.25151
Gorai.004G234400.1.A	992	886.505	35.4106	1.5843
Gorai.004G234400.1.D	992	886.505	245.589	10.9879
Gorai.004G234500.1.A	433	327.583	18.1515	2.19773
Gorai.004G234500.1.D	433	327.583	18.1515	2.19773
Gorai.004G234600.1.A	2027	1921.5	167.646	3.46047
Gorai.004G234600.1.D	2027	1921.5	370.354	7.64471
Gorai.004G234700.1.A	943	837.505	18	0.852453
Gorai.004G234700.1.D	943	837.505	37	1.75226
Gorai.004G234800.1.A	1091	985.505	1	0.0402463
Gorai.004G234800.1.D	1091	985.505	0	0
Gorai.004G234900.1.A	1228	1122.5	0	0
Gorai.004G234900.1.D	1228	1122.5	0	0
Gorai.004G235000.1.A	1572	1466.5	31.5	0.851946
Gorai.004G235000.1.D	1572	1466.5	40.5	1.09536
Gorai.004G235100.1.A	2528	2422.5	50.7417	0.830778
Gorai.004G235100.1.D	2528	2422.5	941.258	15.4109
Gorai.004G235200.1.A	2013	1907.5	27.641	0.574743
Gorai.004G235200.1.D	2013	1907.5	21.359	0.444119
Gorai.004G235300.1.A	2457	2351.5	96.7704	1.63223
Gorai.004G235300.1.D	2457	2351.5	45.2296	0.76289
Gorai.004G235400.1.A	1339	1233.5	1	0.0321547
Gorai.004G235400.1.D	1339	1233.5	0	0
Gorai.004G235500.1.A	2987	2881.5	326.344	4.49202
Gorai.004G235500.1.D	2987	2881.5	277.656	3.82184
Gorai.004G235600.1.A	2636	2530.5	200.417	3.14132
Gorai.004G235600.1.D	2636	2530.5	111.583	1.74895
Gorai.004G235700.1.A	510	404.551	1.12103	0.109907
Gorai.004G235700.1.D	510	404.551	1832.88	179.699
Gorai.004G235800.1.A	2182	2076.5	2612.13	49.8939
Gorai.004G235800.1.D	2182	2076.5	2779.87	53.0978
Gorai.004G235900.1.A	1798	1692.5	0	0
Gorai.004G235900.1.D	1798	1692.5	1	0.0234345
Gorai.004G236000.1.A	811	705.505	93.8969	5.27881
Gorai.004G236000.1.D	811	705.505	203.103	11.4183
Gorai.004G236100.1.A	829	723.505	4	0.219282
Gorai.004G236100.1.D	829	723.505	23	1.26087
Gorai.004G236200.1.A	2780	2674.5	204.58	3.03393
Gorai.004G236200.1.D	2780	2674.5	197.42	2.92774
Gorai.004G236300.1.A	2659	2553.5	1	0.0155327
Gorai.004G236300.1.D	2659	2553.5	1	0.0155327
Gorai.004G236400.1.A	1705	1599.5	47	1.16546
Gorai.004G236400.1.D	1705	1599.5	0	0
Gorai.004G236500.1.A	1363	1257.5	0	0
Gorai.004G236500.1.D	1363	1257.5	1	0.031541
Gorai.004G236600.1.A	3369	3263.5	198.327	2.41036
Gorai.004G236600.1.D	3369	3263.5	280.673	3.41116
Gorai.004G236700.1.A	1173	1067.5	0	0
Gorai.004G236700.1.D	1173	1067.5	0	0
Gorai.004G236800.1.A	2593	2487.5	62.134	0.990718
Gorai.004G236800.1.D	2593	2487.5	52.9833	0.844812
Gorai.004G236900.1.A	1603	1497.5	34.5903	0.91616
Gorai.004G236900.1.D	1603	1497.5	14.2924	0.378548
Gorai.004G237000.1.A	2798	2692.5	23312.5	343.414
Gorai.004G237000.1.D	2798	2692.5	32753.5	482.487
Gorai.004G237100.1.A	1173	1067.5	1377.87	51.1945
Gorai.004G237100.1.D	1173	1067.5	1398.09	51.9457
Gorai.004G237200.1.A	1361	1255.5	440.06	13.902
Gorai.004G237200.1.D	1361	1255.5	378.94	11.9712
Gorai.004G237300.1.A	1414	1308.5	14.3846	0.436021
Gorai.004G237300.1.D	1414	1308.5	2.61538	0.0792766
Gorai.004G237400.1.A	475	369.551	0	0
Gorai.004G237400.1.D	475	369.551	0	0
Gorai.004G237500.1.A	2207	2101.5	113.448	2.14118
Gorai.004G237500.1.D	2207	2101.5	168.552	3.18118
Gorai.004G237600.1.A	1133	1027.5	269.83	10.4158
Gorai.004G237600.1.D	1133	1027.5	380.17	14.675
Gorai.004G237700.1.A	1664	1558.5	32.7692	0.833956
Gorai.004G237700.1.D	1664	1558.5	38.2308	0.972948
Gorai.004G237800.1.A	1039	933.505	224.367	9.53296
Gorai.004G237800.1.D	1039	933.505	389.633	16.5548
Gorai.004G237900.1.A	2474	2368.5	805.91	13.4958
Gorai.004G237900.1.D	2474	2368.5	1793.09	30.027
Gorai.004G238000.1.A	1182	1076.5	174.82	6.44109
Gorai.004G238000.1.D	1182	1076.5	135.18	4.98061
Gorai.004G238100.1.A	3487	3381.5	1393.61	16.3461
Gorai.004G238100.1.D	3487	3381.5	1470.18	17.2443
Gorai.004G238200.1.A	738	632.505	1	0.0627077
Gorai.004G238200.1.D	738	632.505	0	0
Gorai.004G238300.1.A	3945	3839.5	603.558	6.23489
Gorai.004G238300.1.D	3945	3839.5	619.442	6.39897
Gorai.004G238400.1.A	1773	1667.5	3	0.0713574
Gorai.004G238400.1.D	1773	1667.5	1	0.0237858
Gorai.004G238500.1.A	1369	1263.5	774.257	24.3049
Gorai.004G238500.1.D	1369	1263.5	434.743	13.6471
Gorai.004G238600.1.A	2491	2385.5	94.6329	1.57343
Gorai.004G238600.1.D	2491	2385.5	83.3671	1.38612
Gorai.004G238700.1.A	1674	1568.5	0	0
Gorai.004G238700.1.D	1674	1568.5	0	0
Gorai.004G238800.1.A	3071	2965.5	0	0
Gorai.004G238800.1.D	3071	2965.5	3	0.0401243
Gorai.004G238900.1.A	1113	1007.5	55	2.16521
Gorai.004G238900.1.D	1113	1007.5	80	3.1494
Gorai.004G239000.1.A	675	569.505	40.6885	2.83374
Gorai.004G239000.1.D	675	569.505	32.3115	2.25032
Gorai.004G239100.1.A	1003	897.505	1	0.0441925
Gorai.004G239100.1.D	1003	897.505	2	0.0883849
Gorai.004G239200.1.A	1501	1395.5	855.163	24.3054
Gorai.004G239200.1.D	1501	1395.5	772.837	21.9655
Gorai.004G239300.1.A	1462	1356.5	236.07	6.90246
Gorai.004G239300.1.D	1462	1356.5	345.216	10.0938
Gorai.004G239400.1.A	962	856.505	8.93462	0.413743
Gorai.004G239400.1.D	962	856.505	22.7795	1.05487
Gorai.004G239500.1.A	1511	1405.5	156.75	4.42344
Gorai.004G239500.1.D	1511	1405.5	118.25	3.33698
Gorai.004G239600.1.A	969	863.505	688.308	31.6157
Gorai.004G239600.1.D	969	863.505	1091.69	50.1442
Gorai.004G239700.1.A	1035	929.505	12	0.512053
Gorai.004G239700.1.D	1035	929.505	41	1.74951
Gorai.004G239800.1.A	1867	1761.5	37.8529	0.852316
Gorai.004G239800.1.D	1867	1761.5	40.1471	0.903972
Gorai.004G239900.1.A	1122	1016.5	35.5556	1.38734
Gorai.004G239900.1.D	1122	1016.5	28.4444	1.10987
Gorai.004G240000.1.A	1877	1771.5	131.676	2.94814
Gorai.004G240000.1.D	1877	1771.5	71.3243	1.59691
Gorai.004G240100.1.A	1944	1838.5	0	0
Gorai.004G240100.1.D	1944	1838.5	18	0.388323
Gorai.004G240200.1.A	1365	1259.5	0.5	0.0157455
Gorai.004G240200.1.D	1365	1259.5	0.5	0.0157455
Gorai.004G240300.1.A	3248	3142.5	92.6316	1.16914
Gorai.004G240300.1.D	3248	3142.5	47.3684	0.597858
Gorai.004G240400.1.A	3437	3331.5	471.961	5.61889
Gorai.004G240400.1.D	3437	3331.5	501.039	5.96508
Gorai.004G240500.1.A	2870	2764.5	363.618	5.2169
Gorai.004G240500.1.D	2870	2764.5	572.382	8.21209
Gorai.004G240600.1.A	1530	1424.5	6.7171	0.187026
Gorai.004G240600.1.D	1530	1424.5	10.4004	0.289581
Gorai.004G240700.1.A	886	780.505	4543.7	230.897
Gorai.004G240700.1.D	886	780.505	4862.3	247.088
Gorai.004G240800.1.A	2738	2632.5	33.64	0.506841
Gorai.004G240800.1.D	2738	2632.5	24.36	0.367023
Gorai.004G240900.1.A	670	564.505	0	0
Gorai.004G240900.1.D	670	564.505	2	0.140523
Gorai.004G241000.1.A	6519	6413.5	83.8354	0.518462
Gorai.004G241000.1.D	6519	6413.5	95.1646	0.588525
Gorai.004G241100.1.A	2960	2854.5	0	0
Gorai.004G241100.1.D	2960	2854.5	0	0
Gorai.004G241200.1.A	554	448.551	7.56906	0.669291
Gorai.004G241200.1.D	554	448.551	7.56906	0.669291
Gorai.004G241300.1.A	2580	2474.5	0	0
Gorai.004G241300.1.D	2580	2474.5	1	0.0160286
Gorai.004G241400.1.A	2580	2474.5	41	0.657174
Gorai.004G241400.1.D	2580	2474.5	0	0
Gorai.004G241500.1.A	1380	1274.5	0.5	0.0155601
Gorai.004G241500.1.D	1380	1274.5	0.5	0.0155601
Gorai.004G241600.1.A	2617	2511.5	270.316	4.26897
Gorai.004G241600.1.D	2617	2511.5	673.27	10.6326
Gorai.004G241700.1.A	1004	898.505	36.1026	1.59369
Gorai.004G241700.1.D	1004	898.505	7.89744	0.348619
Gorai.004G241800.1.A	1807	1701.5	17.0667	0.397833
Gorai.004G241800.1.D	1807	1701.5	14.9333	0.348104
Gorai.004G241900.1.A	1256	1150.5	743.175	25.6205
Gorai.004G241900.1.D	1256	1150.5	800.825	27.6079
Gorai.004G242000.1.A	1310	1204.5	45.3913	1.49468
Gorai.004G242000.1.D	1310	1204.5	41.6087	1.37013
Gorai.004G242100.1.A	1284	1178.5	165	5.55313
Gorai.004G242100.1.D	1284	1178.5	346	11.6447
Gorai.004G242200.1.A	1583	1477.5	1.16667	0.0313186
Gorai.004G242200.1.D	1583	1477.5	5.83333	0.156593
Gorai.004G242300.1.A	3345	3239.5	142.207	1.74112
Gorai.004G242300.1.D	3345	3239.5	156.793	1.91969
Gorai.004G242400.1.A	1278	1172.5	21	0.710378
Gorai.004G242400.1.D	1278	1172.5	0	0
Gorai.004G242500.1.A	1152	1046.5	0	0
Gorai.004G242500.1.D	1152	1046.5	0	0
Gorai.004G242600.1.A	2537	2431.5	226.352	3.69227
Gorai.004G242600.1.D	2537	2431.5	66.6481	1.08717
Gorai.004G242700.1.A	1812	1706.5	0	0
Gorai.004G242700.1.D	1812	1706.5	0	0
Gorai.004G242800.1.A	1323	1217.5	223.139	7.26924
Gorai.004G242800.1.D	1323	1217.5	89.8613	2.92743
Gorai.004G242900.1.A	933	827.505	0	0
Gorai.004G242900.1.D	933	827.505	0	0
Gorai.004G243000.1.A	1480	1374.5	13.8832	0.400617
Gorai.004G243000.1.D	1480	1374.5	489.117	14.114
Gorai.004G243100.1.A	1511	1405.5	16.8	0.474091
Gorai.004G243100.1.D	1511	1405.5	1.2	0.0338637
Gorai.004G243200.1.A	1230	1124.5	0	0
Gorai.004G243200.1.D	1230	1124.5	0	0
Gorai.004G243300.1.A	339	233.63	0	0
Gorai.004G243300.1.D	339	233.63	0	0
Gorai.004G243400.1.A	2258	2152.5	136.806	2.52084
Gorai.004G243400.1.D	2258	2152.5	166.194	3.06236
Gorai.004G243500.1.A	1614	1508.5	36.9565	0.971694
Gorai.004G243500.1.D	1614	1508.5	13.0435	0.342951
Gorai.004G243600.1.A	1442	1336.5	81.6296	2.42249
Gorai.004G243600.1.D	1442	1336.5	32.3704	0.960643
Gorai.004G243700.1.A	904	798.505	0	0
Gorai.004G243700.1.D	904	798.505	2	0.099343
Gorai.004G243800.1.A	2598	2492.5	14.2188	0.226261
Gorai.004G243800.1.D	2598	2492.5	11.849	0.188551
Gorai.004G243900.1.A	1048	942.505	12	0.50499
Gorai.004G243900.1.D	1048	942.505	0	0
Gorai.004G244000.1.A	1932	1826.5	0	0
Gorai.004G244000.1.D	1932	1826.5	2	0.0434304
Gorai.004G244100.1.A	1828	1722.5	0	0
Gorai.004G244100.1.D	1828	1722.5	40	0.921053
Gorai.004G244200.1.A	597	491.551	641.552	51.7664
Gorai.004G244200.1.D	597	491.551	598.448	48.2883
Gorai.004G244300.1.A	1665	1559.5	3	0.0762991
Gorai.004G244300.1.D	1665	1559.5	0	0
Gorai.004G244400.1.A	2042	1936.5	128.707	2.63614
Gorai.004G244400.1.D	2042	1936.5	59.0769	1.21
Gorai.004G244500.1.A	922	816.505	79.2984	3.85204
Gorai.004G244500.1.D	922	816.505	34.9175	1.69617
Gorai.004G244600.1.A	2477	2371.5	832.572	13.9246
Gorai.004G244600.1.D	2477	2371.5	636.428	10.6441
Gorai.004G244700.1.A	1538	1432.5	341.083	9.44384
Gorai.004G244700.1.D	1538	1432.5	361.548	10.0105
Gorai.004G244800.1.A	1463	1357.5	19.3846	0.566371
Gorai.004G244800.1.D	1463	1357.5	36.6154	1.06981
Gorai.004G244900.1.A	2484	2378.5	83.3625	1.39012
Gorai.004G244900.1.D	2484	2378.5	163.637	2.72875
Gorai.004G245000.1.A	1297	1191.5	504.105	16.7807
Gorai.004G245000.1.D	1297	1191.5	0	0
Gorai.004G245100.1.A	2132	2026.5	182.482	3.57155
Gorai.004G245100.1.D	2132	2026.5	200.518	3.92456
Gorai.004G245200.1.A	2399	2293.5	80	1.38349
Gorai.004G245200.1.D	2399	2293.5	0	0
Gorai.004G245300.1.A	2403	2297.5	114.667	1.97955
Gorai.004G245300.1.D	2403	2297.5	57.3333	0.989773
Gorai.004G245400.1.A	3367	3261.5	328.562	3.99562
Gorai.004G245400.1.D	3367	3261.5	553.438	6.73032
Gorai.004G245500.1.A	1421	1315.5	3434.17	103.541
Gorai.004G245500.1.D	1421	1315.5	5010.83	151.078
Gorai.004G245600.1.A	902	796.505	218.027	10.8569
Gorai.004G245600.1.D	902	796.505	755.973	37.6446
Gorai.004G245700.1.A	1218	1112.5	1	0.0356519
Gorai.004G245700.1.D	1218	1112.5	2	0.0713039
Gorai.004G245800.1.A	1385	1279.5	346.494	10.7409
Gorai.004G245800.1.D	1385	1279.5	679.506	21.0638
Gorai.004G245900.1.A	963	857.505	4	0.185016
Gorai.004G245900.1.D	963	857.505	5	0.23127
Gorai.004G246000.1.A	1036	930.505	0	0
Gorai.004G246000.1.D	1036	930.505	0	0
Gorai.004G246100.1.A	1230	1124.5	517.62	18.2572
Gorai.004G246100.1.D	1230	1124.5	1091.38	38.4946
Gorai.004G246200.1.A	1738	1632.5	130.152	3.16215
Gorai.004G246200.1.D	1738	1632.5	35.2166	0.855614
Gorai.004G246300.1.A	1556	1450.5	1124.32	30.7436
Gorai.004G246300.1.D	1556	1450.5	319.051	8.72421
Gorai.004G246400.1.A	1547	1441.5	78.2618	2.15337
Gorai.004G246400.1.D	1547	1441.5	0	0
Gorai.004G246500.1.A	1609	1503.5	384.327	10.1387
Gorai.004G246500.1.D	1609	1503.5	23.6373	0.623561
Gorai.004G246600.1.A	1029	923.505	933.083	40.0743
Gorai.004G246600.1.D	1029	923.505	827.917	35.5576
Gorai.004G246700.1.A	1686	1580.5	27.931	0.700932
Gorai.004G246700.1.D	1686	1580.5	2.06897	0.0519209
Gorai.004G246800.1.A	6027	5921.5	617.819	4.13822
Gorai.004G246800.1.D	6027	5921.5	516.181	3.45744
Gorai.004G246900.1.A	549	443.551	0	0
Gorai.004G246900.1.D	549	443.551	0	0
Gorai.004G247000.1.A	2199	2093.5	11.6885	0.221447
Gorai.004G247000.1.D	2199	2093.5	6.31717	0.119683
Gorai.004G247100.1.A	2516	2410.5	23.1033	0.380147
Gorai.004G247100.1.D	2516	2410.5	5.28872	0.0870216
Gorai.004G247200.1.A	1244	1138.5	2.10675	0.0733943
Gorai.004G247200.1.D	1244	1138.5	2.10675	0.0733943
Gorai.004G247300.1.A	992	886.505	21.7327	0.972338
Gorai.004G247300.1.D	992	886.505	21.7327	0.972338
Gorai.004G247400.1.A	917	811.505	0	0
Gorai.004G247400.1.D	917	811.505	0	0
Gorai.004G247500.1.A	1564	1458.5	2.30116	0.0625784
Gorai.004G247500.1.D	1564	1458.5	2.30116	0.0625784
Gorai.004G247600.1.A	1724	1618.5	30.3804	0.7445
Gorai.004G247600.1.D	1724	1618.5	528.62	12.9543
Gorai.004G247700.1.A	2100	1994.5	359.866	7.15634
Gorai.004G247700.1.D	2100	1994.5	397.134	7.89745
Gorai.004G247800.1.A	984	878.505	0	0
Gorai.004G247800.1.D	984	878.505	4.78651	0.216102
Gorai.004G247900.1.A	773	667.505	0	0
Gorai.004G247900.1.D	773	667.505	0	0
Gorai.004G248000.1.A	847	741.505	0	0
Gorai.004G248000.1.D	847	741.505	0	0
Gorai.004G248100.1.A	695	589.505	0	0
Gorai.004G248100.1.D	695	589.505	0	0
Gorai.004G248200.1.A	605	499.551	0	0
Gorai.004G248200.1.D	605	499.551	0	0
Gorai.004G248300.1.A	1346	1240.5	0	0
Gorai.004G248300.1.D	1346	1240.5	0	0
Gorai.004G248400.1.A	1285	1179.5	0	0
Gorai.004G248400.1.D	1285	1179.5	0	0
Gorai.004G248500.1.A	324	218.63	0	0
Gorai.004G248500.1.D	324	218.63	0	0
Gorai.004G248600.1.A	1091	985.505	29	1.16714
Gorai.004G248600.1.D	1091	985.505	32	1.28788
Gorai.004G248700.1.A	4687	4581.5	25.5882	0.221522
Gorai.004G248700.1.D	4687	4581.5	3.41176	0.0295363
Gorai.004G248800.1.A	1918	1812.5	118.36	2.59006
Gorai.004G248800.1.D	1918	1812.5	204.64	4.47813
Gorai.004G248900.1.A	3039	2933.5	11	0.148727
Gorai.004G248900.1.D	3039	2933.5	3	0.040562
Gorai.004G249000.1.A	573	467.551	0	0
Gorai.004G249000.1.D	573	467.551	0	0
Gorai.004G249100.1.A	4652	4546.5	774.738	6.75868
Gorai.004G249100.1.D	4652	4546.5	348.434	3.03968
Gorai.004G249200.1.A	2122	2016.5	120.07	2.36168
Gorai.004G249200.1.D	2122	2016.5	110.757	2.1785
Gorai.004G249300.1.A	2009	1903.5	60.9231	1.26944
Gorai.004G249300.1.D	2009	1903.5	115.077	2.39783
Gorai.004G249400.1.A	1918	1812.5	4	0.0875318
Gorai.004G249400.1.D	1918	1812.5	0	0
Gorai.004G249500.1.A	1139	1033.5	0	0
Gorai.004G249500.1.D	1139	1033.5	2	0.0767543
Gorai.004G249600.1.A	2206	2100.5	111.628	2.10782
Gorai.004G249600.1.D	2206	2100.5	128.372	2.424
Gorai.004G249700.1.A	1522	1416.5	31.3333	0.877351
Gorai.004G249700.1.D	1522	1416.5	15.6667	0.438676
Gorai.004G249800.1.A	1480	1374.5	3.24	0.093494
Gorai.004G249800.1.D	1480	1374.5	23.76	0.685623
Gorai.004G249900.1.A	3619	3513.5	242.661	2.73933
Gorai.004G249900.1.D	3619	3513.5	12.3387	0.139288
Gorai.004G250000.1.A	549	443.551	0	0
Gorai.004G250000.1.D	549	443.551	1	0.0894213
Gorai.004G250100.1.A	1188	1082.5	133.074	4.87582
Gorai.004G250100.1.D	1188	1082.5	167.926	6.15282
Gorai.004G250200.1.A	2128	2022.5	13.9333	0.273244
Gorai.004G250200.1.D	2128	2022.5	5.06667	0.0993614
Gorai.004G250300.1.A	1722	1616.5	0	0
Gorai.004G250300.1.D	1722	1616.5	0	0
Gorai.004G250400.1.A	2017	1911.5	306.86	6.36721
Gorai.004G250400.1.D	2017	1911.5	135.14	2.8041
Gorai.004G250500.1.A	1486	1380.5	147.352	4.23353
Gorai.004G250500.1.D	1486	1380.5	179.648	5.16143
Gorai.004G250600.1.A	1550	1444.5	11	0.302036
Gorai.004G250600.1.D	1550	1444.5	0	0
Gorai.004G250700.1.A	2855	2749.5	227.032	3.27504
Gorai.004G250700.1.D	2855	2749.5	196.968	2.84136
Gorai.004G250800.1.A	1686	1580.5	1935.18	48.5636
Gorai.004G250800.1.D	1686	1580.5	1163.82	29.2061
Gorai.004G250900.1.A	1795	1689.5	2825.55	66.3328
Gorai.004G250900.1.D	1795	1689.5	15.4514	0.362739
Gorai.004G251000.1.A	695	589.505	0	0
Gorai.004G251000.1.D	695	589.505	0	0
Gorai.004G251100.1.A	892	786.505	0	0
Gorai.004G251100.1.D	892	786.505	0	0
Gorai.004G251200.1.A	1381	1275.5	0	0
Gorai.004G251200.1.D	1381	1275.5	0	0
Gorai.004G251300.1.A	681	575.505	0	0
Gorai.004G251300.1.D	681	575.505	0	0
Gorai.004G251400.1.A	1225	1119.5	0	0
Gorai.004G251400.1.D	1225	1119.5	0	0
Gorai.004G251500.1.A	2998	2892.5	18981.4	260.278
Gorai.004G251500.1.D	2998	2892.5	16122.6	221.078
Gorai.004G251600.1.A	1566	1460.5	0	0
Gorai.004G251600.1.D	1566	1460.5	0	0
Gorai.004G251700.1.A	1427	1321.5	338.415	10.157
Gorai.004G251700.1.D	1427	1321.5	338.011	10.1449
Gorai.004G251800.1.A	2224	2118.5	0	0
Gorai.004G251800.1.D	2224	2118.5	0	0
Gorai.004G251900.1.A	1370	1264.5	0	0
Gorai.004G251900.1.D	1370	1264.5	2	0.0627328
Gorai.004G252000.1.A	1091	985.505	1623.45	65.3379
Gorai.004G252000.1.D	1091	985.505	523.097	21.0527
Gorai.004G252100.1.A	1647	1541.5	762.591	19.6215
Gorai.004G252100.1.D	1647	1541.5	1071.41	27.5674
Gorai.004G252200.1.A	287	181.755	18.169	3.96487
Gorai.004G252200.1.D	287	181.755	0	0
Gorai.004G252300.1.A	1261	1155.5	6	0.205951
Gorai.004G252300.1.D	1261	1155.5	24	0.823805
Gorai.004G252400.1.A	1891	1785.5	4	0.0888554
Gorai.004G252400.1.D	1891	1785.5	28	0.621988
Gorai.004G252500.1.A	3012	2906.5	3.375	0.0460562
Gorai.004G252500.1.D	3012	2906.5	5.625	0.0767603
Gorai.004G252600.1.A	737	631.505	67	4.20807
Gorai.004G252600.1.D	737	631.505	0	0
Gorai.004G252700.1.A	2008	1902.5	30.1765	0.629111
Gorai.004G252700.1.D	2008	1902.5	7.82353	0.163103
Gorai.004G252800.1.A	1091	985.505	2	0.0804927
Gorai.004G252800.1.D	1091	985.505	1	0.0402463
Gorai.004G252900.1.A	3125	3019.5	142.531	1.87223
Gorai.004G252900.1.D	3125	3019.5	186.469	2.44938
Gorai.004G253000.1.A	449	343.583	0	0
Gorai.004G253000.1.D	449	343.583	5	0.577196
Gorai.004G253100.1.A	1473	1367.5	720.082	20.8852
Gorai.004G253100.1.D	1473	1367.5	428.918	12.4403
Gorai.004G253200.1.A	2180	2074.5	396.689	7.58438
Gorai.004G253200.1.D	2180	2074.5	2905.31	55.5473
Gorai.004G253300.1.A	927	821.505	0	0
Gorai.004G253300.1.D	927	821.505	0	0
Gorai.004G253400.1.A	911	805.505	0	0
Gorai.004G253400.1.D	911	805.505	1	0.0492399
Gorai.004G253500.1.A	303	197.687	0	0
Gorai.004G253500.1.D	303	197.687	0	0
Gorai.004G253600.1.A	1106	1000.5	1101.41	43.6633
Gorai.004G253600.1.D	1106	1000.5	1337.59	53.0258
Gorai.004G253700.1.A	2300	2194.5	54.0114	0.976188
Gorai.004G253700.1.D	2300	2194.5	42.9886	0.776966
Gorai.004G253800.1.A	555	449.551	3	0.264684
Gorai.004G253800.1.D	555	449.551	0	0
Gorai.004G253900.1.A	1090	984.505	133.796	5.39025
Gorai.004G253900.1.D	1090	984.505	703.204	28.3301
Gorai.004G254000.1.A	2145	2039.5	150.268	2.92232
Gorai.004G254000.1.D	2145	2039.5	267.732	5.20667
Gorai.004G254100.1.A	1635	1529.5	536.558	13.914
Gorai.004G254100.1.D	1635	1529.5	390.442	10.1249
Gorai.004G254200.1.A	1290	1184.5	0	0
Gorai.004G254200.1.D	1290	1184.5	0	0
Gorai.004G254300.1.A	1281	1175.5	0	0
Gorai.004G254300.1.D	1281	1175.5	0	0
Gorai.004G254400.1.A	852	746.505	0	0
Gorai.004G254400.1.D	852	746.505	0	0
Gorai.004G254500.1.A	2312	2206.5	485.023	8.71851
Gorai.004G254500.1.D	2312	2206.5	109.843	1.97449
Gorai.004G254600.1.A	1128	1022.5	0	0
Gorai.004G254600.1.D	1128	1022.5	0	0
Gorai.004G254700.1.A	1080	974.505	0	0
Gorai.004G254700.1.D	1080	974.505	0	0
Gorai.004G254800.1.A	282	176.772	0	0
Gorai.004G254800.1.D	282	176.772	0	0
Gorai.004G254900.1.A	2568	2462.5	180.085	2.90058
Gorai.004G254900.1.D	2568	2462.5	204.829	3.29912
Gorai.004G255000.1.A	2220	2114.5	52.2727	0.980509
Gorai.004G255000.1.D	2220	2114.5	16.7273	0.313763
Gorai.004G255100.1.A	471	365.551	0	0
Gorai.004G255100.1.D	471	365.551	2	0.217003
Gorai.004G255200.1.A	1720	1614.5	156.324	3.84035
Gorai.004G255200.1.D	1720	1614.5	116.676	2.86634
Gorai.004G255300.1.A	1560	1454.5	0	0
Gorai.004G255300.1.D	1560	1454.5	0	0
Gorai.004G255400.1.A	946	840.505	106.829	5.04121
Gorai.004G255400.1.D	946	840.505	185.171	8.7381
Gorai.004G255500.1.A	1317	1211.5	20.3103	0.664932
Gorai.004G255500.1.D	1317	1211.5	10.6897	0.349964
Gorai.004G255600.1.A	1855	1749.5	256.92	5.82461
Gorai.004G255600.1.D	1855	1749.5	183.08	4.15061
Gorai.004G255700.1.A	2221	2115.5	83.0935	1.55789
Gorai.004G255700.1.D	2221	2115.5	91.9065	1.72313
Gorai.004G255800.1.A	1408	1302.5	257.186	7.83163
Gorai.004G255800.1.D	1408	1302.5	397.814	12.114
Gorai.004G255900.1.A	1804	1698.5	34.0667	0.795514
Gorai.004G255900.1.D	1804	1698.5	38.9333	0.909159
Gorai.004G256000.1.A	1182	1076.5	278.2	10.2501
Gorai.004G256000.1.D	1182	1076.5	46.8	1.72431
Gorai.004G256100.1.A	1178	1072.5	348.137	12.8747
Gorai.004G256100.1.D	1178	1072.5	275.863	10.2019
Gorai.004G256200.1.A	501	395.551	0	0
Gorai.004G256200.1.D	501	395.551	0	0
Gorai.004G256300.1.A	1889	1783.5	183.347	4.0774
Gorai.004G256300.1.D	1889	1783.5	231.653	5.15169
Gorai.004G256400.1.A	1446	1340.5	1964.59	58.1284
Gorai.004G256400.1.D	1446	1340.5	2126.14	62.9082
Gorai.004G256500.1.A	3332	3226.5	2189	26.909
Gorai.004G256500.1.D	3332	3226.5	3056	37.567
Gorai.004G256600.1.A	1581	1475.5	667.799	17.9511
Gorai.004G256600.1.D	1581	1475.5	968.201	26.0261
Gorai.004G256700.1.A	1531	1425.5	56.4571	1.57085
Gorai.004G256700.1.D	1531	1425.5	19.5429	0.543756
Gorai.004G256800.1.A	2726	2620.5	5.83333	0.0882911
Gorai.004G256800.1.D	2726	2620.5	1.16667	0.0176582
Gorai.004G256900.1.A	1384	1278.5	335.397	10.405
Gorai.004G256900.1.D	1384	1278.5	312.603	9.69786
Gorai.004G257000.1.A	2269	2163.5	489.804	8.97944
Gorai.004G257000.1.D	2269	2163.5	297.196	5.44841
Gorai.004G257100.1.A	1767	1661.5	655.449	15.6467
Gorai.004G257100.1.D	1767	1661.5	2011.55	48.0191
Gorai.004G257200.1.A	1874	1768.5	355.454	7.9719
Gorai.004G257200.1.D	1874	1768.5	390.546	8.75893
Gorai.004G257300.1.A	4323	4217.5	838.106	7.88185
Gorai.004G257300.1.D	4323	4217.5	116.894	1.09931
Gorai.004G257400.1.A	378	272.583	0	0
Gorai.004G257400.1.D	378	272.583	0	0
Gorai.004G257500.1.A	546	440.551	0	0
Gorai.004G257500.1.D	546	440.551	0	0
Gorai.004G257600.1.A	351	245.63	0.0955674	0.0154317
Gorai.004G257600.1.D	351	245.63	0.0955674	0.0154317
Gorai.004G257700.1.A	1293	1187.5	0	0
Gorai.004G257700.1.D	1293	1187.5	0	0
Gorai.004G257800.1.A	407	301.583	0	0
Gorai.004G257800.1.D	407	301.583	0	0
Gorai.004G257900.1.A	291	185.705	0	0
Gorai.004G257900.1.D	291	185.705	0	0
Gorai.004G258000.1.A	404	298.583	0	0
Gorai.004G258000.1.D	404	298.583	0	0
Gorai.004G258100.1.A	2377	2271.5	104.95	1.83255
Gorai.004G258100.1.D	2377	2271.5	201.05	3.51054
Gorai.004G258200.1.A	913	807.505	3	0.147354
Gorai.004G258200.1.D	913	807.505	2	0.0982358
Gorai.004G258300.1.A	4207	4101.5	23.4468	0.226739
Gorai.004G258300.1.D	4207	4101.5	34.5532	0.334141
Gorai.004G258400.1.A	2012	1906.5	579.875	12.0637
Gorai.004G258400.1.D	2012	1906.5	528.125	10.9871
Gorai.004G258500.1.A	1122	1016.5	5.5	0.214604
Gorai.004G258500.1.D	1122	1016.5	5.5	0.214604
Gorai.004G258600.1.A	1347	1241.5	0	0
Gorai.004G258600.1.D	1347	1241.5	0	0
Gorai.004G258700.1.A	1177	1071.5	0	0
Gorai.004G258700.1.D	1177	1071.5	0	0
Gorai.004G258800.1.A	3668	3562.5	260.111	2.89593
Gorai.004G258800.1.D	3668	3562.5	226.036	2.51656
Gorai.004G258900.1.A	4136	4030.5	339.471	3.34062
Gorai.004G258900.1.D	4136	4030.5	200.382	1.9719
Gorai.004G259000.1.A	1212	1106.5	242.702	8.69972
Gorai.004G259000.1.D	1212	1106.5	222.298	7.96833
Gorai.004G259100.1.A	932	826.505	0	0
Gorai.004G259100.1.D	932	826.505	3	0.143966
Gorai.004G259200.1.A	2079	1973.5	142.209	2.85807
Gorai.004G259200.1.D	2079	1973.5	60.7914	1.22177
Gorai.004G259300.1.A	4568	4462.5	473.478	4.20829
Gorai.004G259300.1.D	4568	4462.5	254.522	2.2622
Gorai.004G259400.1.A	2468	2362.5	17.4474	0.292915
Gorai.004G259400.1.D	2468	2362.5	21.5526	0.361837
Gorai.004G259500.1.A	576	470.551	0	0
Gorai.004G259500.1.D	576	470.551	0	0
Gorai.004G259600.1.A	615	509.505	0	0
Gorai.004G259600.1.D	615	509.505	0	0
Gorai.004G259700.1.A	618	512.505	0	0
Gorai.004G259700.1.D	618	512.505	0	0
Gorai.004G259800.1.A	546	440.551	0	0
Gorai.004G259800.1.D	546	440.551	0	0
Gorai.004G259900.1.A	552	446.551	0	0
Gorai.004G259900.1.D	552	446.551	0	0
Gorai.004G260000.1.A	594	488.551	0.5	0.0405924
Gorai.004G260000.1.D	594	488.551	0.5	0.0405924
Gorai.004G260100.1.A	1288	1182.5	1344.08	45.0824
Gorai.004G260100.1.D	1288	1182.5	1334.92	44.7752
Gorai.004G260200.1.A	2487	2381.5	22.1053	0.368154
Gorai.004G260200.1.D	2487	2381.5	57.8947	0.964212
Gorai.004G260300.1.A	949	843.505	46.0244	2.16414
Gorai.004G260300.1.D	949	843.505	55.9756	2.63206
Gorai.004G260400.1.A	1593	1487.5	46.3947	1.23707
Gorai.004G260400.1.D	1593	1487.5	39.6053	1.05604
Gorai.004G260500.1.A	2783	2677.5	124.136	1.83887
Gorai.004G260500.1.D	2783	2677.5	106.864	1.58303
Gorai.004G260600.1.A	1687	1581.5	309.38	7.75902
Gorai.004G260600.1.D	1687	1581.5	259.62	6.51107
Gorai.004G260700.1.A	342	236.63	50.0513	8.38939
Gorai.004G260700.1.D	342	236.63	71.9487	12.0597
Gorai.004G260800.1.A	1062	956.505	429.535	17.8113
Gorai.004G260800.1.D	1062	956.505	418.465	17.3523
Gorai.004G260900.1.A	816	710.505	49.5484	2.76597
Gorai.004G260900.1.D	816	710.505	14.4516	0.806741
Gorai.004G261000.1.A	1095	989.505	0	0
Gorai.004G261000.1.D	1095	989.505	3	0.120251
Gorai.004G261100.1.A	2339	2233.5	134.147	2.3822
Gorai.004G261100.1.D	2339	2233.5	359.853	6.39034
Gorai.004G261200.1.A	2538	2432.5	258.4	4.21331
Gorai.004G261200.1.D	2538	2432.5	149.6	2.43929
Gorai.004G261300.1.A	1757	1651.5	293.462	7.04784
Gorai.004G261300.1.D	1757	1651.5	251.538	6.04101
Gorai.004G261400.1.A	1622	1516.5	62.6484	1.63852
Gorai.004G261400.1.D	1622	1516.5	182.352	4.76926
Gorai.004G261500.1.A	1808	1702.5	0	0
Gorai.004G261500.1.D	1808	1702.5	23	0.535827
Gorai.004G261600.1.A	2440	2334.5	3.75	0.063712
Gorai.004G261600.1.D	2440	2334.5	1.25	0.0212373
Gorai.004G261700.1.A	2020	1914.5	36.7031	0.760381
Gorai.004G261700.1.D	2020	1914.5	39.15	0.811073
Gorai.004G261800.1.A	2509	2403.5	9.06667	0.149619
Gorai.004G261800.1.D	2509	2403.5	7.93333	0.130917
Gorai.004G261900.1.A	414	308.583	421.257	54.1452
Gorai.004G261900.1.D	414	308.583	573.743	73.7446
Gorai.004G262000.1.A	5238	5132.5	300.658	2.32342
Gorai.004G262000.1.D	5238	5132.5	456.844	3.5304
Gorai.004G262100.1.A	2603	2497.5	6.33673	0.100634
Gorai.004G262100.1.D	2603	2497.5	200.663	3.18674
Gorai.004G262200.1.A	2081	1975.5	119.716	2.40358
Gorai.004G262200.1.D	2081	1975.5	148.284	2.97716
Gorai.004G262300.1.A	2015	1909.5	273.244	5.67564
Gorai.004G262300.1.D	2015	1909.5	84.7562	1.7605
Gorai.004G262400.1.A	1516	1410.5	289.328	8.1358
Gorai.004G262400.1.D	1516	1410.5	402.672	11.323
Gorai.004G262500.1.A	1886	1780.5	2743.29	61.1103
Gorai.004G262500.1.D	1886	1780.5	2596.71	57.8448
Gorai.004G262600.1.A	2751	2645.5	667.381	10.0058
Gorai.004G262600.1.D	2751	2645.5	623.619	9.34965
Gorai.004G262700.1.A	2552	2446.5	17.1429	0.277921
Gorai.004G262700.1.D	2552	2446.5	12.8571	0.208441
Gorai.004G262800.1.A	1326	1220.5	915.763	29.7597
Gorai.004G262800.1.D	1326	1220.5	773.237	25.128
Gorai.004G262900.1.A	1944	1838.5	2268.36	48.9364
Gorai.004G262900.1.D	1944	1838.5	2288.64	49.374
Gorai.004G263000.1.A	2270	2164.5	38.125	0.698612
Gorai.004G263000.1.D	2270	2164.5	22.875	0.419167
Gorai.004G263100.1.A	814	708.505	333.677	18.6796
Gorai.004G263100.1.D	814	708.505	89.3228	5.0004
Gorai.004G263200.1.A	900	794.505	0	0
Gorai.004G263200.1.D	900	794.505	3	0.149765
Gorai.004G263300.1.A	2715	2609.5	597.103	9.07561
Gorai.004G263300.1.D	2715	2609.5	927.897	14.1035
Gorai.004G263400.1.A	1832	1726.5	158.671	3.64515
Gorai.004G263400.1.D	1832	1726.5	246.329	5.6589
Gorai.004G263500.1.A	1157	1051.5	4.15385	0.156684
Gorai.004G263500.1.D	1157	1051.5	22.8462	0.861761
Gorai.004G263600.1.A	1504	1398.5	1	0.028361
Gorai.004G263600.1.D	1504	1398.5	0	0
Gorai.004G263700.1.A	2635	2529.5	318.474	4.99372
Gorai.004G263700.1.D	2635	2529.5	329.526	5.167
Gorai.004G263800.1.A	989	883.505	1791.92	80.4441
Gorai.004G263800.1.D	989	883.505	2632.08	118.161
Gorai.004G263900.1.A	2541	2435.5	2	0.0325706
Gorai.004G263900.1.D	2541	2435.5	1	0.0162853
Gorai.004G264000.1.A	1648	1542.5	110.035	2.82937
Gorai.004G264000.1.D	1648	1542.5	81.9649	2.10759
Gorai.004G264100.1.A	1807	1701.5	61.5385	1.43449
Gorai.004G264100.1.D	1807	1701.5	18.4615	0.430348
Gorai.004G264200.1.A	6899	6793.5	293.901	1.7159
Gorai.004G264200.1.D	6899	6793.5	266.032	1.55319
Gorai.004G264300.1.A	3425	3319.5	0	0
Gorai.004G264300.1.D	3425	3319.5	20	0.238969
Gorai.004G264400.1.A	1836	1730.5	434.375	9.95582
Gorai.004G264400.1.D	1836	1730.5	260.625	5.97349
Gorai.004G264500.1.A	1684	1578.5	1150.65	28.9122
Gorai.004G264500.1.D	1684	1578.5	79.3548	1.99394
Gorai.004G264600.1.A	826	720.505	55.8621	3.07514
Gorai.004G264600.1.D	826	720.505	4.13793	0.227788
Gorai.004G264700.1.A	4387	4281.5	337.409	3.12569
Gorai.004G264700.1.D	4387	4281.5	397.218	3.67974
Gorai.004G264800.1.A	6682	6576.5	211.847	1.27765
Gorai.004G264800.1.D	6682	6576.5	296.153	1.7861
Gorai.004G264900.1.A	1060	954.505	1115.29	46.3442
Gorai.004G264900.1.D	1060	954.505	835.47	34.7166
Gorai.004G265000.1.A	4113	4007.5	236.26	2.3383
Gorai.004G265000.1.D	4113	4007.5	321.74	3.18432
Gorai.004G265100.1.A	2969	2863.5	58.7931	0.814354
Gorai.004G265100.1.D	2969	2863.5	65.2069	0.903193
Gorai.004G265200.1.A	1220	1114.5	463.706	16.5024
Gorai.004G265200.1.D	1220	1114.5	176.294	6.27394
Gorai.004G265300.1.A	1130	1024.5	16.5517	0.640788
Gorai.004G265300.1.D	1130	1024.5	43.4483	1.68207
Gorai.004G265400.1.A	2583	2477.5	113.12	1.81097
Gorai.004G265400.1.D	2583	2477.5	63.8797	1.02266
Gorai.004G265500.1.A	1028	922.505	194.792	8.37504
Gorai.004G265500.1.D	1028	922.505	255.208	10.9726
Gorai.004G265600.1.A	1334	1228.5	0	0
Gorai.004G265600.1.D	1334	1228.5	0	0
Gorai.004G265700.1.A	1048	942.505	37.3333	1.57108
Gorai.004G265700.1.D	1048	942.505	22.6667	0.95387
Gorai.004G265800.1.A	1200	1094.5	23	0.83348
Gorai.004G265800.1.D	1200	1094.5	0	0
Gorai.004G265900.1.A	1122	1016.5	4	0.156076
Gorai.004G265900.1.D	1122	1016.5	4	0.156076
Gorai.004G266000.1.A	1058	952.505	143.349	5.96914
Gorai.004G266000.1.D	1058	952.505	267.651	11.1452
Gorai.004G266100.1.A	572	466.551	0	0
Gorai.004G266100.1.D	572	466.551	0	0
Gorai.004G266200.1.A	2202	2096.5	1463.37	27.685
Gorai.004G266200.1.D	2202	2096.5	1334.63	25.2492
Gorai.004G266300.1.A	1892	1786.5	0	0
Gorai.004G266300.1.D	1892	1786.5	1	0.0222014
Gorai.004G266400.1.A	978	872.505	0	0
Gorai.004G266400.1.D	978	872.505	4	0.181835
Gorai.004G266500.1.A	2529	2423.5	6.66667	0.109106
Gorai.004G266500.1.D	2529	2423.5	3.33333	0.0545531
Gorai.004G266600.1.A	1121	1015.5	72.1639	2.81853
Gorai.004G266600.1.D	1121	1015.5	51.8361	2.02458
Gorai.004G266700.1.A	693	587.505	0	0
Gorai.004G266700.1.D	693	587.505	0	0
Gorai.004G266800.1.A	1864	1758.5	800.803	18.0621
Gorai.004G266800.1.D	1864	1758.5	18.8171	0.424418
Gorai.004G266900.1.A	276	170.788	0	0
Gorai.004G266900.1.D	276	170.788	4.8915	1.13598
Gorai.004G267000.1.A	1722	1616.5	17.9215	0.439726
Gorai.004G267000.1.D	1722	1616.5	57.5669	1.41248
Gorai.004G267100.1.A	847	741.505	113.681	6.08078
Gorai.004G267100.1.D	847	741.505	98.3188	5.25906
Gorai.004G267200.1.A	3349	3243.5	626.267	7.65826
Gorai.004G267200.1.D	3349	3243.5	717.733	8.77674
Gorai.004G267300.1.A	1170	1064.5	0	0
Gorai.004G267300.1.D	1170	1064.5	0	0
Gorai.004G267400.1.A	2091	1985.5	470.995	9.40872
Gorai.004G267400.1.D	2091	1985.5	357.005	7.13161
Gorai.004G267500.1.A	3434	3328.5	2984.03	35.5581
Gorai.004G267500.1.D	3434	3328.5	2763.97	32.9359
Gorai.004G267600.1.A	2885	2779.5	751.877	10.7291
Gorai.004G267600.1.D	2885	2779.5	707.123	10.0905
Gorai.004G267700.1.A	3543	3437.5	18.4	0.212305
Gorai.004G267700.1.D	3543	3437.5	4.6	0.0530762
Gorai.004G267800.1.A	1054	948.505	178.007	7.44357
Gorai.004G267800.1.D	1054	948.505	217.993	9.11568
Gorai.004G267900.1.A	1965	1859.5	124.458	2.65468
Gorai.004G267900.1.D	1965	1859.5	699.542	14.9211
Gorai.004G268000.1.A	2430	2324.5	115.697	1.97414
Gorai.004G268000.1.D	2430	2324.5	73.1066	1.24742
Gorai.004G268100.1.A	2885	2779.5	157.306	2.24473
Gorai.004G268100.1.D	2885	2779.5	152.89	2.18171
Gorai.004G268200.1.A	1558	1452.5	0	0
Gorai.004G268200.1.D	1558	1452.5	0	0
Gorai.004G268300.1.A	977	871.505	0	0
Gorai.004G268300.1.D	977	871.505	0	0
Gorai.004G268400.1.A	1218	1112.5	0	0
Gorai.004G268400.1.D	1218	1112.5	1	0.0356519
Gorai.004G268500.1.A	1350	1244.5	0	0
Gorai.004G268500.1.D	1350	1244.5	1	0.0318705
Gorai.004G268600.1.A	1651	1545.5	308.283	7.91159
Gorai.004G268600.1.D	1651	1545.5	543.717	13.9537
Gorai.004G268700.1.A	1393	1287.5	2	0.0616121
Gorai.004G268700.1.D	1393	1287.5	7	0.215642
Gorai.004G268800.1.A	1368	1262.5	835.578	26.2506
Gorai.004G268800.1.D	1368	1262.5	1257.42	39.5033
Gorai.004G268900.1.A	871	765.505	941.314	48.7721
Gorai.004G268900.1.D	871	765.505	1046.69	54.2317
Gorai.004G269000.1.A	921	815.505	581.411	28.2776
Gorai.004G269000.1.D	921	815.505	358.589	17.4403
Gorai.004G269100.1.A	1377	1271.5	187.963	5.86326
Gorai.004G269100.1.D	1377	1271.5	546.037	17.0329
Gorai.004G269200.1.A	303	197.687	0	0
Gorai.004G269200.1.D	303	197.687	0	0
Gorai.004G269300.1.A	4169	4063.5	297.12	2.90012
Gorai.004G269300.1.D	4169	4063.5	337.88	3.29797
Gorai.004G269400.1.A	1431	1325.5	12.4	0.371044
Gorai.004G269400.1.D	1431	1325.5	18.6	0.556566
Gorai.004G269500.1.A	1085	979.505	23.1643	0.937988
Gorai.004G269500.1.D	1085	979.505	117.836	4.7715
Gorai.004G269600.1.A	1041	935.505	0	0
Gorai.004G269600.1.D	1041	935.505	0	0
Gorai.004G269700.1.A	2168	2062.5	23.2941	0.447957
Gorai.004G269700.1.D	2168	2062.5	48.7059	0.936637
Gorai.004G269800.1.A	2038	1932.5	195.871	4.02008
Gorai.004G269800.1.D	2038	1932.5	332.129	6.81665
Gorai.004G269900.1.A	237	132.247	17.5	5.24851
Gorai.004G269900.1.D	237	132.247	17.5	5.24851
Gorai.004G270000.1.A	2462	2356.5	164.122	2.76238
Gorai.004G270000.1.D	2462	2356.5	197.878	3.33053
Gorai.004G270100.1.A	1029	923.505	0	0
Gorai.004G270100.1.D	1029	923.505	0	0
Gorai.004G270200.1.A	1257	1151.5	0	0
Gorai.004G270200.1.D	1257	1151.5	0	0
Gorai.004G270300.1.A	1095	989.505	1	0.0400836
Gorai.004G270300.1.D	1095	989.505	0	0
Gorai.004G270400.1.A	1018	912.505	0	0
Gorai.004G270400.1.D	1018	912.505	0	0
Gorai.004G270500.1.A	1094	988.505	96.5291	3.87315
Gorai.004G270500.1.D	1094	988.505	132.471	5.31528
Gorai.004G270600.1.A	3306	3200.5	19.9286	0.246969
Gorai.004G270600.1.D	3306	3200.5	73.0714	0.905553
Gorai.004G270700.1.A	1910	1804.5	0	0
Gorai.004G270700.1.D	1910	1804.5	0	0
Gorai.004G270800.1.A	2243	2137.5	20.7407	0.384859
Gorai.004G270800.1.D	2243	2137.5	49.2593	0.914041
Gorai.004G270900.1.A	2927	2821.5	148.764	2.09123
Gorai.004G270900.1.D	2927	2821.5	178.236	2.50553
Gorai.004G271000.1.A	859	753.505	56.8831	2.99421
Gorai.004G271000.1.D	859	753.505	245.114	12.9023
Gorai.004G271100.1.A	1473	1367.5	501.934	14.558
Gorai.004G271100.1.D	1473	1367.5	939.066	27.2366
Gorai.004G271200.1.A	1716	1610.5	19	0.467925
Gorai.004G271200.1.D	1716	1610.5	13	0.320159
Gorai.004G271300.1.A	2834	2728.5	150.629	2.18963
Gorai.004G271300.1.D	2834	2728.5	127.371	1.85152
Gorai.004G271400.1.A	1443	1337.5	0	0
Gorai.004G271400.1.D	1443	1337.5	0	0
Gorai.004G271500.1.A	1749	1643.5	0	0
Gorai.004G271500.1.D	1749	1643.5	0	0
Gorai.004G271600.1.A	513	407.551	0	0
Gorai.004G271600.1.D	513	407.551	0	0
Gorai.004G271700.1.A	997	891.505	0	0
Gorai.004G271700.1.D	997	891.505	3	0.13347
Gorai.004G271800.1.A	1385	1279.5	68.2247	2.11488
Gorai.004G271800.1.D	1385	1279.5	115.775	3.58888
Gorai.004G271900.1.A	656	550.505	1037.89	74.7784
Gorai.004G271900.1.D	656	550.505	770.108	55.485
Gorai.004G272000.1.A	1099	993.505	166.249	6.63703
Gorai.004G272000.1.D	1099	993.505	95.751	3.8226
Gorai.004G272100.1.A	3786	3680.5	3462.52	37.3138
Gorai.004G272100.1.D	3786	3680.5	2748.35	29.6176
Gorai.004G272200.1.A	843	737.505	4	0.21512
Gorai.004G272200.1.D	843	737.505	0	0
Gorai.004G272300.1.A	2634	2528.5	157.943	2.47754
Gorai.004G272300.1.D	2634	2528.5	115.057	1.80483
Gorai.004G272400.1.A	636	530.505	233.294	17.4421
Gorai.004G272400.1.D	636	530.505	427.706	31.9772
Gorai.004G272500.1.A	1949	1843.5	10.274	0.221044
Gorai.004G272500.1.D	1949	1843.5	64.726	1.39258
Gorai.004G272600.1.A	248	143.019	0	0
Gorai.004G272600.1.D	248	143.019	0	0
Gorai.004G272700.1.A	369	263.583	0	0
Gorai.004G272700.1.D	369	263.583	0	0
Gorai.004G272800.1.A	3195	3089.5	228.441	2.93272
Gorai.004G272800.1.D	3195	3089.5	78.5589	1.00854
Gorai.004G272900.1.A	537	431.551	43.3793	3.9869
Gorai.004G272900.1.D	537	431.551	58.6207	5.3877
Gorai.004G273000.1.A	1230	1124.5	6	0.211629
Gorai.004G273000.1.D	1230	1124.5	0	0
Gorai.004G273100.1.A	885	779.505	1	0.0508822
Gorai.004G273100.1.D	885	779.505	7	0.356176
Gorai.004G273200.1.A	2238	2132.5	0	0
Gorai.004G273200.1.D	2238	2132.5	0	0
Gorai.004G273300.1.A	988	882.505	6	0.269662
Gorai.004G273300.1.D	988	882.505	0	0
Gorai.004G273400.1.A	888	782.505	0	0
Gorai.004G273400.1.D	888	782.505	0	0
Gorai.004G273500.1.A	1449	1343.5	0	0
Gorai.004G273500.1.D	1449	1343.5	35	1.03327
Gorai.004G273600.1.A	2470	2364.5	9.01818	0.151274
Gorai.004G273600.1.D	2470	2364.5	52.9818	0.888734
Gorai.004G273700.1.A	853	747.505	37.9391	2.01307
Gorai.004G273700.1.D	853	747.505	366.061	19.4234
Gorai.004G273800.1.A	2829	2723.5	424.312	6.17935
Gorai.004G273800.1.D	2829	2723.5	226.688	3.3013
Gorai.004G273900.1.A	3202	3096.5	636.513	8.15306
Gorai.004G273900.1.D	3202	3096.5	488.487	6.257
Gorai.004G274000.1.A	960	854.505	174.109	8.0815
Gorai.004G274000.1.D	960	854.505	190.891	8.86044
Gorai.004G274100.1.A	1432	1326.5	76.2529	2.27999
Gorai.004G274100.1.D	1432	1326.5	30.7471	0.91935
Gorai.004G274200.1.A	1699	1593.5	65.575	1.63219
Gorai.004G274200.1.D	1699	1593.5	20.425	0.508386
Gorai.004G274300.1.A	1427	1321.5	856.328	25.7014
Gorai.004G274300.1.D	1427	1321.5	942.672	28.2929
Gorai.004G274400.1.A	1787	1681.5	30.6571	0.723134
Gorai.004G274400.1.D	1787	1681.5	6.34286	0.149614
Gorai.004G274500.1.A	2022	1916.5	0	0
Gorai.004G274500.1.D	2022	1916.5	0	0
Gorai.004G274600.1.A	2049	1943.5	58.7317	1.19859
Gorai.004G274600.1.D	2049	1943.5	113.268	2.31157
Gorai.004G274700.1.A	3429	3323.5	136.42	1.62804
Gorai.004G274700.1.D	3429	3323.5	118.58	1.41515
Gorai.004G274800.1.A	2008	1902.5	282.469	5.88883
Gorai.004G274800.1.D	2008	1902.5	345.531	7.20355
Gorai.004G274900.1.A	1389	1283.5	0	0
Gorai.004G274900.1.D	1389	1283.5	0	0
Gorai.004G275000.1.A	555	449.551	0	0
Gorai.004G275000.1.D	555	449.551	0	0
Gorai.004G275100.1.A	2031	1925.5	602.867	12.4183
Gorai.004G275100.1.D	2031	1925.5	240.133	4.94644
Gorai.004G275200.1.A	1021	915.505	580.575	25.1526
Gorai.004G275200.1.D	1021	915.505	578.425	25.0594
Gorai.004G275300.1.A	1307	1201.5	6.66667	0.220074
Gorai.004G275300.1.D	1307	1201.5	3.33333	0.110037
Gorai.004G275400.1.A	276	170.788	0	0
Gorai.004G275400.1.D	276	170.788	0	0
Gorai.004G275500.1.A	2406	2300.5	173.775	2.99605
Gorai.004G275500.1.D	2406	2300.5	157.225	2.71071
Gorai.004G275600.1.A	1170	1064.5	30	1.11779
Gorai.004G275600.1.D	1170	1064.5	60	2.23557
Gorai.004G275700.1.A	204	100.177	0	0
Gorai.004G275700.1.D	204	100.177	0	0
Gorai.004G275800.1.A	866	760.505	32.7262	1.70679
Gorai.004G275800.1.D	866	760.505	203.046	10.5895
Gorai.004G275900.1.A	583	477.551	2	0.16611
Gorai.004G275900.1.D	583	477.551	12	0.996658
Gorai.004G276000.1.A	907	801.505	224.994	11.1339
Gorai.004G276000.1.D	907	801.505	90.4264	4.47481
Gorai.004G276100.1.A	633	527.505	0	0
Gorai.004G276100.1.D	633	527.505	0	0
Gorai.004G276200.1.A	486	380.551	0	0
Gorai.004G276200.1.D	486	380.551	0	0
Gorai.004G276300.1.A	1008	902.505	437.36	19.2209
Gorai.004G276300.1.D	1008	902.505	343.64	15.1022
Gorai.004G276400.1.A	2227	2121.5	371.402	6.9436
Gorai.004G276400.1.D	2227	2121.5	298.598	5.5825
Gorai.004G276500.1.A	1207	1101.5	57.0727	2.05507
Gorai.004G276500.1.D	1207	1101.5	15.9273	0.573509
Gorai.004G276600.1.A	4038	3932.5	3	0.0302578
Gorai.004G276600.1.D	4038	3932.5	0	0
Gorai.004G276700.1.A	1011	905.505	0	0
Gorai.004G276700.1.D	1011	905.505	0	0
Gorai.004G276800.1.A	3082	2976.5	495	6.59604
Gorai.004G276800.1.D	3082	2976.5	297	3.95763
Gorai.004G276900.1.A	592	486.551	146.419	11.9358
Gorai.004G276900.1.D	592	486.551	34.0582	2.77637
Gorai.004G277000.1.A	261	155.894	40.6337	10.3381
Gorai.004G277000.1.D	261	155.894	0	0
Gorai.004G277100.1.A	1893	1787.5	16.3019	0.361723
Gorai.004G277100.1.D	1893	1787.5	37.6981	0.836483
Gorai.004G277200.1.A	896	790.505	25	1.25436
Gorai.004G277200.1.D	896	790.505	26	1.30453
Gorai.004G277300.1.A	582	476.551	49	4.07823
Gorai.004G277300.1.D	582	476.551	29	2.41364
Gorai.004G277400.1.A	1025	919.505	67.6569	2.91839
Gorai.004G277400.1.D	1025	919.505	138.343	5.96745
Gorai.004G277500.1.A	2619	2513.5	3	0.0473398
Gorai.004G277500.1.D	2619	2513.5	2	0.0315599
Gorai.004G277600.1.A	2268	2162.5	13.8592	0.254194
Gorai.004G277600.1.D	2268	2162.5	68.1408	1.24979
Gorai.004G277700.1.A	1403	1297.5	13.5417	0.41395
Gorai.004G277700.1.D	1403	1297.5	11.4583	0.350266
Gorai.004G277800.1.A	1035	929.505	0	0
Gorai.004G277800.1.D	1035	929.505	0	0
Gorai.004G277900.1.A	1736	1630.5	83.8278	2.03916
Gorai.004G277900.1.D	1736	1630.5	135.172	3.28814
Gorai.004G278000.1.A	1626	1520.5	174.563	4.55355
Gorai.004G278000.1.D	1626	1520.5	90.4365	2.35907
Gorai.004G278100.1.A	603	497.551	10	0.797163
Gorai.004G278100.1.D	603	497.551	9	0.717447
Gorai.004G278200.1.A	2173	2067.5	0	0
Gorai.004G278200.1.D	2173	2067.5	55	1.05512
Gorai.004G278300.1.A	1181	1075.5	5677.7	209.385
Gorai.004G278300.1.D	1181	1075.5	4973.3	183.408
Gorai.004G278400.1.A	375	269.583	81.3333	11.9663
Gorai.004G278400.1.D	375	269.583	86.6667	12.751
Gorai.004G278500.1.A	2962	2856.5	10.7692	0.149532
Gorai.004G278500.1.D	2962	2856.5	3.23077	0.0448597
Gorai.004G278600.1.A	1533	1427.5	29	0.805759
Gorai.004G278600.1.D	1533	1427.5	1	0.0277848
Gorai.004G278700.1.A	1938	1832.5	7.41176	0.160421
Gorai.004G278700.1.D	1938	1832.5	10.5882	0.229173
Gorai.004G278800.1.A	1038	932.505	0	0
Gorai.004G278800.1.D	1038	932.505	0	0
Gorai.004G278900.1.A	2239	2133.5	1	0.0185905
Gorai.004G278900.1.D	2239	2133.5	4	0.074362
Gorai.004G279000.1.A	1504	1398.5	0	0
Gorai.004G279000.1.D	1504	1398.5	0	0
Gorai.004G279100.1.A	426	320.583	0	0
Gorai.004G279100.1.D	426	320.583	0	0
Gorai.004G279200.1.A	911	805.505	65.8089	3.24042
Gorai.004G279200.1.D	911	805.505	98.1911	4.83492
Gorai.004G279300.1.A	2047	1941.5	1084.32	22.1515
Gorai.004G279300.1.D	2047	1941.5	2650.68	54.1508
Gorai.004G279400.1.A	1999	1893.5	68.5839	1.43662
Gorai.004G279400.1.D	1999	1893.5	105.416	2.20813
Gorai.004G279500.1.A	2558	2452.5	753.746	12.1899
Gorai.004G279500.1.D	2558	2452.5	535.254	8.65635
Gorai.004G279600.1.A	2515	2409.5	828.276	13.6343
Gorai.004G279600.1.D	2515	2409.5	884.724	14.5635
Gorai.004G279700.1.A	198	94.5106	10.8	4.5324
Gorai.004G279700.1.D	198	94.5106	1.2	0.5036
Gorai.004G279800.1.A	530	424.551	16.7111	1.56121
Gorai.004G279800.1.D	530	424.551	30.2889	2.82968
Gorai.004G279900.1.A	501	395.551	51.8793	5.20207
Gorai.004G279900.1.D	501	395.551	7.12069	0.71401
Gorai.004G280000.1.A	2656	2550.5	111.648	1.73623
Gorai.004G280000.1.D	2656	2550.5	1944.35	30.2367
Gorai.004G280100.1.A	1216	1110.5	10	0.357161
Gorai.004G280100.1.D	1216	1110.5	18	0.642891
Gorai.004G280200.1.A	2258	2152.5	3	0.0552792
Gorai.004G280200.1.D	2258	2152.5	6	0.110558
Gorai.004G280300.1.A	3784	3678.5	197.435	2.12881
Gorai.004G280300.1.D	3784	3678.5	151.77	1.63644
Gorai.004G280400.1.A	1532	1426.5	0	0
Gorai.004G280400.1.D	1532	1426.5	0	0
Gorai.004G280500.1.A	2652	2546.5	2029.62	31.6123
Gorai.004G280500.1.D	2652	2546.5	3945.38	61.451
Gorai.004G280600.1.A	1532	1426.5	265.714	7.388
Gorai.004G280600.1.D	1532	1426.5	199.286	5.541
Gorai.004G280700.1.A	1375	1269.5	23.1373	0.722874
Gorai.004G280700.1.D	1375	1269.5	35.8627	1.12045
Gorai.004G280800.1.A	953	847.505	5383.12	251.928
Gorai.004G280800.1.D	953	847.505	1909.88	89.3819
Gorai.004G280900.1.A	1112	1006.5	220.348	8.68319
Gorai.004G280900.1.D	1112	1006.5	245.652	9.6803
Gorai.004G281000.1.A	2444	2338.5	0	0
Gorai.004G281000.1.D	2444	2338.5	0	0
Gorai.004G281100.1.A	2147	2041.5	0	0
Gorai.004G281100.1.D	2147	2041.5	0	0
Gorai.004G281200.1.A	2105	1999.5	0	0
Gorai.004G281200.1.D	2105	1999.5	0	0
Gorai.004G281300.1.A	2126	2020.5	0	0
Gorai.004G281300.1.D	2126	2020.5	0	0
Gorai.004G281400.1.A	1736	1630.5	194.805	4.73875
Gorai.004G281400.1.D	1736	1630.5	190.195	4.62659
Gorai.004G281500.1.A	1783	1677.5	13	0.307372
Gorai.004G281500.1.D	1783	1677.5	49	1.15856
Gorai.004G281600.1.A	979	873.505	23.1892	1.05294
Gorai.004G281600.1.D	979	873.505	15.8108	0.717916
Gorai.004G281700.1.A	3458	3352.5	799.395	9.45752
Gorai.004G281700.1.D	3458	3352.5	742.872	8.7888
Gorai.004G281800.1.A	1457	1351.5	28.08	0.824071
Gorai.004G281800.1.D	1457	1351.5	49.92	1.46501
Gorai.004G281900.1.A	1948	1842.5	0.5	0.0107633
Gorai.004G281900.1.D	1948	1842.5	0.5	0.0107633
Gorai.004G282000.1.A	1585	1479.5	20	0.536165
Gorai.004G282000.1.D	1585	1479.5	15	0.402124
Gorai.004G282100.1.A	923	817.505	547.882	26.5816
Gorai.004G282100.1.D	923	817.505	756.118	36.6846
Gorai.004G282200.1.A	2422	2316.5	182.784	3.12961
Gorai.004G282200.1.D	2422	2316.5	213.823	3.66105
Gorai.004G282300.1.A	2059	1953.5	47.1176	0.956652
Gorai.004G282300.1.D	2059	1953.5	41.8824	0.850357
Gorai.004G282400.1.A	927	821.505	10175.3	491.273
Gorai.004G282400.1.D	927	821.505	9029.69	435.961
Gorai.004G282500.1.A	695	589.505	8.90909	0.59942
Gorai.004G282500.1.D	695	589.505	5.09091	0.342526
Gorai.004G282600.1.A	1276	1170.5	17.6407	0.597761
Gorai.004G282600.1.D	1276	1170.5	395.359	13.3969
Gorai.004G282700.1.A	1558	1452.5	75.4545	2.06041
Gorai.004G282700.1.D	1558	1452.5	90.5455	2.47249
Gorai.004G282800.1.A	2165	2059.5	2674.98	51.516
Gorai.004G282800.1.D	2165	2059.5	2951.02	56.8323
Gorai.004G282900.1.A	1899	1793.5	403.071	8.91383
Gorai.004G282900.1.D	1899	1793.5	394.929	8.73375
Gorai.004G283000.1.A	1566	1460.5	8	0.217256
Gorai.004G283000.1.D	1566	1460.5	8	0.217256
Gorai.004G283100.1.A	1364	1258.5	162.805	5.13096
Gorai.004G283100.1.D	1364	1258.5	94.1946	2.96863
Gorai.004G283200.1.A	534	428.551	8.8	0.814451
Gorai.004G283200.1.D	534	428.551	2.2	0.203613
Gorai.004G283300.1.A	901	795.505	84	4.18814
Gorai.004G283300.1.D	901	795.505	135	6.73094
Gorai.004G283400.1.A	3493	3387.5	85	0.995231
Gorai.004G283400.1.D	3493	3387.5	170	1.99046
Gorai.004G283500.1.A	1325	1219.5	18.2593	0.593861
Gorai.004G283500.1.D	1325	1219.5	10.7407	0.34933
Gorai.004G283600.1.A	804	698.505	41	2.32809
Gorai.004G283600.1.D	804	698.505	22	1.24922
Gorai.004G283700.1.A	714	608.505	2.85714	0.186231
Gorai.004G283700.1.D	714	608.505	7.14286	0.465579
Gorai.004G283800.1.A	863	757.505	29.1765	1.52768
Gorai.004G283800.1.D	863	757.505	32.8235	1.71864
Gorai.004G283900.1.A	1727	1621.5	469.406	11.4819
Gorai.004G283900.1.D	1727	1621.5	424.594	10.3858
Gorai.004G284000.1.A	1903	1797.5	930.816	20.539
Gorai.004G284000.1.D	1903	1797.5	816.184	18.0095
Gorai.004G284100.1.A	540	434.551	0	0
Gorai.004G284100.1.D	540	434.551	0	0
Gorai.004G284200.1.A	1539	1433.5	11	0.304354
Gorai.004G284200.1.D	1539	1433.5	0	0
Gorai.004G284300.1.A	2330	2224.5	24.8387	0.442874
Gorai.004G284300.1.D	2330	2224.5	10.1613	0.181176
Gorai.004G284400.1.A	1810	1704.5	18.0968	0.421103
Gorai.004G284400.1.D	1810	1704.5	47.9032	1.11468
Gorai.004G284500.1.A	2226	2120.5	3	0.0561134
Gorai.004G284500.1.D	2226	2120.5	2	0.037409
Gorai.004G284600.1.A	2911	2805.5	131.051	1.85274
Gorai.004G284600.1.D	2911	2805.5	231.949	3.27919
Gorai.004G284700.1.A	785	679.505	0	0
Gorai.004G284700.1.D	785	679.505	4	0.233482
Gorai.004G284800.1.A	904	798.505	186.321	9.25487
Gorai.004G284800.1.D	904	798.505	701.679	34.8534
Gorai.004G284900.1.A	2481	2375.5	34.2222	0.571396
Gorai.004G284900.1.D	2481	2375.5	196.778	3.28553
Gorai.004G285000.1.A	1896	1790.5	0	0
Gorai.004G285000.1.D	1896	1790.5	0	0
Gorai.004G285100.1.A	1261	1155.5	3.42857	0.117686
Gorai.004G285100.1.D	1261	1155.5	4.57143	0.156915
Gorai.004G285200.1.A	699	593.505	0	0
Gorai.004G285200.1.D	699	593.505	2	0.133657
Gorai.004G285300.1.A	2246	2140.5	524.803	9.72446
Gorai.004G285300.1.D	2246	2140.5	272.197	5.04373
Gorai.004G285400.1.A	1040	934.505	3	0.127328
Gorai.004G285400.1.D	1040	934.505	27	1.14595
Gorai.004G285500.1.A	728	622.505	23	1.46545
Gorai.004G285500.1.D	728	622.505	69	4.39634
Gorai.004G285600.1.A	325	219.63	0	0
Gorai.004G285600.1.D	325	219.63	0	0
Gorai.004G285700.1.A	522	416.551	84.7458	8.06927
Gorai.004G285700.1.D	522	416.551	40.2542	3.8329
Gorai.004G285800.1.A	1503	1397.5	452.433	12.8406
Gorai.004G285800.1.D	1503	1397.5	391.567	11.1132
Gorai.004G285900.1.A	654	548.505	0	0
Gorai.004G285900.1.D	654	548.505	0	0
Gorai.004G286000.1.A	2459	2353.5	17.2389	0.290522
Gorai.004G286000.1.D	2459	2353.5	21.8173	0.36768
Gorai.004G286100.1.A	1842	1736.5	174.761	3.99166
Gorai.004G286100.1.D	1842	1736.5	58.1827	1.32893
Gorai.004G286200.1.A	1703	1597.5	0	0
Gorai.004G286200.1.D	1703	1597.5	0	0
Gorai.004G286300.1.A	1712	1606.5	0	0
Gorai.004G286300.1.D	1712	1606.5	0	0
Gorai.004G286400.1.A	1554	1448.5	174.34	4.77379
Gorai.004G286400.1.D	1554	1448.5	66.6596	1.82527
Gorai.004G286500.1.A	2242	2136.5	932.955	17.3198
Gorai.004G286500.1.D	2242	2136.5	880.045	16.3375
Gorai.004G286600.1.A	851	745.505	0	0
Gorai.004G286600.1.D	851	745.505	0	0
Gorai.004G286700.1.A	1504	1398.5	8	0.226888
Gorai.004G286700.1.D	1504	1398.5	3	0.0850829
Gorai.004G286800.1.A	1287	1181.5	163.066	5.4741
Gorai.004G286800.1.D	1287	1181.5	160.934	5.40254
Gorai.004G286900.1.A	2000	1894.5	11440.6	239.519
Gorai.004G286900.1.D	2000	1894.5	2930.37	61.3496
Gorai.004G287000.1.A	923	817.505	434.599	21.0855
Gorai.004G287000.1.D	923	817.505	48.4008	2.34827
Gorai.004G287100.1.A	1687	1581.5	237.365	5.95292
Gorai.004G287100.1.D	1687	1581.5	1438.64	36.0799
Gorai.004G287200.1.A	1196	1090.5	286.948	10.4366
Gorai.004G287200.1.D	1196	1090.5	589.052	21.4245
Gorai.004G287300.1.A	931	825.505	46.4286	2.23075
Gorai.004G287300.1.D	931	825.505	3.57143	0.171596
Gorai.004G287400.1.A	563	457.551	114.71	9.94363
Gorai.004G287400.1.D	563	457.551	12.2903	1.06539
Gorai.004G287500.1.A	2105	1999.5	713.871	14.1606
Gorai.004G287500.1.D	2105	1999.5	1898.13	37.652
Gorai.004G287600.1.A	721	615.505	1988	128.106
Gorai.004G287600.1.D	721	615.505	587	37.8261
Gorai.004G287700.1.A	1275	1169.5	0	0
Gorai.004G287700.1.D	1275	1169.5	0	0
Gorai.004G287800.1.A	732	626.505	1	0.0633083
Gorai.004G287800.1.D	732	626.505	0	0
Gorai.004G287900.1.A	1550	1444.5	0	0
Gorai.004G287900.1.D	1550	1444.5	8	0.219663
Gorai.004G288000.1.A	1575	1469.5	0	0
Gorai.004G288000.1.D	1575	1469.5	0	0
Gorai.004G288100.1.A	1438	1332.5	0	0
Gorai.004G288100.1.D	1438	1332.5	0	0
Gorai.004G288200.1.A	2412	2306.5	533.814	9.17953
Gorai.004G288200.1.D	2412	2306.5	562.186	9.66742
Gorai.004G288300.1.A	1539	1433.5	591.194	16.3575
Gorai.004G288300.1.D	1539	1433.5	694.806	19.2242
Gorai.004G288400.1.A	1583	1477.5	97.9333	2.62898
Gorai.004G288400.1.D	1583	1477.5	15.0667	0.404458
Gorai.004G288500.1.A	617	511.505	17	1.31821
Gorai.004G288500.1.D	617	511.505	8	0.620334
Gorai.004G288600.1.A	4080	3974.5	593.795	5.92568
Gorai.004G288600.1.D	4080	3974.5	587.184	5.85971
Gorai.004G288700.1.A	1083	977.505	1	0.0405757
Gorai.004G288700.1.D	1083	977.505	9.85883	0.400029
Gorai.004G288800.1.A	1078	972.505	0	0
Gorai.004G288800.1.D	1078	972.505	0	0
Gorai.004G288900.1.A	1374	1268.5	0	0
Gorai.004G288900.1.D	1374	1268.5	0	0
Gorai.004G289000.1.A	1397	1291.5	2.14117	0.0657568
Gorai.004G289000.1.D	1397	1291.5	0	0
Gorai.004G289100.1.A	584	478.551	0	0
Gorai.004G289100.1.D	584	478.551	0	0
Gorai.004G289200.1.A	1320	1214.5	1	0.0326577
Gorai.004G289200.1.D	1320	1214.5	2	0.0653154
Gorai.004G289300.1.A	1576	1470.5	7.65633	0.206509
Gorai.004G289300.1.D	1576	1470.5	1.52784	0.0412095
Gorai.004G289400.1.A	1332	1226.5	0	0
Gorai.004G289400.1.D	1332	1226.5	0	0
Gorai.004G289500.1.A	1494	1388.5	6.473	0.184903
Gorai.004G289500.1.D	1494	1388.5	0	0
Gorai.004G289600.1.A	526	420.551	0	0
Gorai.004G289600.1.D	526	420.551	0	0
Gorai.004G289700.1.A	1621	1515.5	9.4634	0.247671
Gorai.004G289700.1.D	1621	1515.5	3.87942	0.10153
Gorai.004G289800.1.A	1216	1110.5	1.17308	0.0418978
Gorai.004G289800.1.D	1216	1110.5	59.8269	2.13679
Gorai.004G289900.1.A	1067	961.505	354.288	14.6147
Gorai.004G289900.1.D	1067	961.505	343.712	14.1784
Gorai.004G290000.1.A	2585	2479.5	629.512	10.0699
Gorai.004G290000.1.D	2585	2479.5	381.488	6.10241
Gorai.004G290100.1.A	2168	2062.5	47.5714	0.914821
Gorai.004G290100.1.D	2168	2062.5	26.4286	0.508234
Gorai.004G290200.1.A	1986	1880.5	6.4	0.134987
Gorai.004G290200.1.D	1986	1880.5	9.6	0.20248
Gorai.004G290300.1.A	2042	1936.5	34	0.696378
Gorai.004G290300.1.D	2042	1936.5	11	0.225299
Gorai.004G290400.1.A	3242	3136.5	250.683	3.17003
Gorai.004G290400.1.D	3242	3136.5	348.317	4.40467
Gorai.004G290500.1.A	2466	2360.5	109.617	1.84187
Gorai.004G290500.1.D	2466	2360.5	271.383	4.55997
Gorai.004G290600.1.A	1091	985.505	97.75	3.93408
Gorai.004G290600.1.D	1091	985.505	247.25	9.9509
Gorai.004G290700.1.A	2197	2091.5	36.3913	0.690119
Gorai.004G290700.1.D	2197	2091.5	44.6087	0.845952
Gorai.004G290800.1.A	1202	1096.5	78.3566	2.83433
Gorai.004G290800.1.D	1202	1096.5	54.6434	1.97657
Gorai.004G290900.1.A	2706	2600.5	1506.5	22.9772
Gorai.004G290900.1.D	2706	2600.5	1781.01	27.164
Gorai.004G291000.1.A	580	474.551	246.351	20.59
Gorai.004G291000.1.D	580	474.551	196.649	16.4359
Gorai.004G291100.1.A	2317	2211.5	4.15382	0.074498
Gorai.004G291100.1.D	2317	2211.5	0	0
Gorai.004G291200.1.A	2339	2233.5	67.62	1.20081
Gorai.004G291200.1.D	2339	2233.5	1.38	0.0245063
Gorai.004G291300.1.A	1139	1033.5	474.439	18.2076
Gorai.004G291300.1.D	1139	1033.5	476.561	18.2891
Gorai.004G291400.1.A	1258	1152.5	2779.7	95.6622
Gorai.004G291400.1.D	1258	1152.5	3578.01	123.136
Gorai.004G291500.1.A	818	712.505	39.5887	2.20378
Gorai.004G291500.1.D	818	712.505	39.5887	2.20378
Gorai.004G291600.1.A	381	275.583	973.869	140.163
Gorai.004G291600.1.D	381	275.583	4.13094	0.59454
Gorai.004G291700.1.A	3430	3324.5	829.945	9.90164
Gorai.004G291700.1.D	3430	3324.5	794.055	9.47346
Gorai.004G291800.1.A	1555	1449.5	323.321	8.84706
Gorai.004G291800.1.D	1555	1449.5	534.679	14.6305
Gorai.004G291900.1.A	1707	1601.5	116.23	2.87855
Gorai.004G291900.1.D	1707	1601.5	92.7704	2.29756
Gorai.004G292000.1.A	794	688.505	0	0
Gorai.004G292000.1.D	794	688.505	0	0
Gorai.004G292100.1.A	585	479.551	0	0
Gorai.004G292100.1.D	585	479.551	0	0
Gorai.004G292200.1.A	1962	1856.5	739.758	15.8044
Gorai.004G292200.1.D	1962	1856.5	246.242	5.2608
Gorai.004G292300.1.A	1167	1061.5	81.3191	3.03848
Gorai.004G292300.1.D	1167	1061.5	16.6809	0.623277
Gorai.004G292400.1.A	1053	947.505	81	3.39069
Gorai.004G292400.1.D	1053	947.505	0	0
Gorai.004G292500.1.A	1975	1869.5	352.308	7.47448
Gorai.004G292500.1.D	1975	1869.5	224.692	4.76701
Gorai.004G292600.1.A	1201	1095.5	0	0
Gorai.004G292600.1.D	1201	1095.5	1	0.0362052
Gorai.004G292700.1.A	399	293.583	0	0
Gorai.004G292700.1.D	399	293.583	0	0
Gorai.004G292800.1.A	3654	3548.5	1185.45	13.2502
Gorai.004G292800.1.D	3654	3548.5	1327.55	14.8385
Gorai.004G292900.1.A	1035	929.505	45.8082	1.95468
Gorai.004G292900.1.D	1035	929.505	215.192	9.18246
Gorai.004G293000.1.A	2079	1973.5	20.2273	0.406522
Gorai.004G293000.1.D	2079	1973.5	68.7727	1.38217
Gorai.004G293100.1.A	1002	896.505	33.8372	1.49702
Gorai.004G293100.1.D	1002	896.505	54.4388	2.40847
Gorai.004G293200.1.A	3539	3433.5	264.852	3.0595
Gorai.004G293200.1.D	3539	3433.5	213.148	2.46223
Gorai.004G293300.1.A	2054	1948.5	128.813	2.62206
Gorai.004G293300.1.D	2054	1948.5	308.187	6.27333
Gorai.004G293400.1.A	6678	6572.5	921.212	5.55922
Gorai.004G293400.1.D	6678	6572.5	891.788	5.38165
Gorai.004G293500.1.A	2352	2246.5	7	0.123588
Gorai.004G293500.1.D	2352	2246.5	0	0
Gorai.004G293600.1.A	1880	1774.5	536.603	11.9939
Gorai.004G293600.1.D	1880	1774.5	560.337	12.5244
Gorai.004G293700.1.A	538	432.551	0	0
Gorai.004G293700.1.D	538	432.551	0	0
Gorai.004G293800.1.A	1003	897.505	14.0397	0.620451
Gorai.004G293800.1.D	1003	897.505	14.0397	0.620451
Gorai.004G293900.1.A	964	858.505	14.4476	0.66748
Gorai.004G293900.1.D	964	858.505	14.4476	0.66748
Gorai.004G294000.1.A	793	687.505	14.0778	0.812167
Gorai.004G294000.1.D	793	687.505	24.7378	1.42715
Gorai.004G294100.1.A	522	416.551	0	0
Gorai.004G294100.1.D	522	416.551	9.06065	0.862732
Gorai.004G294200.1.A	2163	2057.5	10.1928	0.196488
Gorai.004G294200.1.D	2163	2057.5	172.093	3.31748
Gorai.004G294300.1.A	408	302.583	3.25953	0.427263
Gorai.004G294300.1.D	408	302.583	0	0
Gorai.005G000100.1.A	216	111.866	0	0
Gorai.005G000100.1.D	216	111.866	1.61917	0.574089
Gorai.005G000200.1.A	372	266.583	0	0
Gorai.005G000200.1.D	372	266.583	0	0
Gorai.005G000300.1.A	223	118.643	3.52604	1.17877
Gorai.005G000300.1.D	223	118.643	3.52604	1.17877
Gorai.005G000400.1.A	552	446.551	9.63532	0.855814
Gorai.005G000400.1.D	552	446.551	12.2062	1.08416
Gorai.005G000500.1.A	956	850.505	94.3668	4.40076
Gorai.005G000500.1.D	956	850.505	11.7959	0.550095
Gorai.005G000600.1.A	503	397.551	20.6843	2.06363
Gorai.005G000600.1.D	503	397.551	5.10746	0.509561
Gorai.005G000700.1.A	1737	1631.5	28.6695	0.696975
Gorai.005G000700.1.D	1737	1631.5	56.7475	1.37957
Gorai.005G000800.1.A	1365	1259.5	58.7343	1.8496
Gorai.005G000800.1.D	1365	1259.5	114.128	3.594
Gorai.005G000900.1.A	1192	1086.5	7.95149	0.29027
Gorai.005G000900.1.D	1192	1086.5	33.1387	1.20973
Gorai.005G001000.1.A	1687	1581.5	156.945	3.93606
Gorai.005G001000.1.D	1687	1581.5	36.0549	0.904231
Gorai.005G001100.1.A	2078	1972.5	610.388	12.2736
Gorai.005G001100.1.D	2078	1972.5	835.612	16.8024
Gorai.005G001200.1.A	435	329.583	0	0
Gorai.005G001200.1.D	435	329.583	3.30967	0.398294
Gorai.005G001300.1.A	2426	2320.5	0	0
Gorai.005G001300.1.D	2426	2320.5	0	0
Gorai.005G001400.1.A	1378	1272.5	0	0
Gorai.005G001400.1.D	1378	1272.5	0	0
Gorai.005G001500.1.A	1883	1777.5	1173.81	26.1923
Gorai.005G001500.1.D	1883	1777.5	1236.19	27.584
Gorai.005G001600.1.A	841	735.505	3	0.161778
Gorai.005G001600.1.D	841	735.505	3	0.161778
Gorai.005G001700.1.A	2444	2338.5	720.129	12.214
Gorai.005G001700.1.D	2444	2338.5	950.871	16.1275
Gorai.005G001800.1.A	1637	1531.5	61.8421	1.60159
Gorai.005G001800.1.D	1637	1531.5	63.1579	1.63566
Gorai.005G001900.1.A	1686	1580.5	0	0
Gorai.005G001900.1.D	1686	1580.5	22	0.552092
Gorai.005G002000.1.A	2314	2208.5	188.432	3.38409
Gorai.005G002000.1.D	2314	2208.5	641.568	11.522
Gorai.005G002100.1.A	1917	1811.5	0	0
Gorai.005G002100.1.D	1917	1811.5	0	0
Gorai.005G002200.1.A	3030	2924.5	69.5938	0.94385
Gorai.005G002200.1.D	3030	2924.5	61.4062	0.832809
Gorai.005G002300.1.A	1710	1604.5	732.135	18.0982
Gorai.005G002300.1.D	1710	1604.5	725.865	17.9432
Gorai.005G002400.1.A	1630	1524.5	1725.05	44.8806
Gorai.005G002400.1.D	1630	1524.5	1238.95	32.2336
Gorai.005G002500.1.A	1026	920.505	134.914	5.8132
Gorai.005G002500.1.D	1026	920.505	256.086	11.0343
Gorai.005G002600.1.A	2561	2455.5	386.492	6.24287
Gorai.005G002600.1.D	2561	2455.5	251.508	4.06253
Gorai.005G002700.1.A	3343	3237.5	9.45455	0.115828
Gorai.005G002700.1.D	3343	3237.5	3.54545	0.0434357
Gorai.005G002800.1.A	2348	2242.5	11.0666	0.195733
Gorai.005G002800.1.D	2348	2242.5	38.2284	0.676141
Gorai.005G002900.1.A	1983	1877.5	17.2701	0.364837
Gorai.005G002900.1.D	1983	1877.5	45.4349	0.959829
Gorai.005G003000.1.A	1224	1118.5	0	0
Gorai.005G003000.1.D	1224	1118.5	4	0.141843
Gorai.005G003100.1.A	2093	1987.5	49.913	0.996072
Gorai.005G003100.1.D	2093	1987.5	237.087	4.73134
Gorai.005G003200.1.A	769	663.505	3277.79	195.939
Gorai.005G003200.1.D	769	663.505	4369.13	261.178
Gorai.005G003300.1.A	1128	1022.5	6992.29	271.231
Gorai.005G003300.1.D	1128	1022.5	4355.79	168.961
Gorai.005G003400.1.A	1590	1484.5	7	0.187026
Gorai.005G003400.1.D	1590	1484.5	0	0
Gorai.005G003500.1.A	1269	1163.5	63.5038	2.16479
Gorai.005G003500.1.D	1269	1163.5	77.4962	2.64178
Gorai.005G003600.1.A	881	775.505	0	0
Gorai.005G003600.1.D	881	775.505	5	0.255723
Gorai.005G003700.1.A	1787	1681.5	1.6	0.0377404
Gorai.005G003700.1.D	1787	1681.5	14.4	0.339664
Gorai.005G003800.1.A	5263	5157.5	942.738	7.24997
Gorai.005G003800.1.D	5263	5157.5	790.215	6.07701
Gorai.005G003900.1.A	1238	1132.5	3.2	0.112071
Gorai.005G003900.1.D	1238	1132.5	76.8	2.68971
Gorai.005G004000.1.A	1493	1387.5	583.099	16.6684
Gorai.005G004000.1.D	1493	1387.5	967.901	27.6682
Gorai.005G004100.1.A	1248	1142.5	3	0.104147
Gorai.005G004100.1.D	1248	1142.5	3	0.104147
Gorai.005G004200.1.A	1443	1337.5	0	0
Gorai.005G004200.1.D	1443	1337.5	3	0.0889633
Gorai.005G004300.1.A	3390	3284.5	20.8752	0.252085
Gorai.005G004300.1.D	3390	3284.5	66.2492	0.80001
Gorai.005G004400.1.A	1943	1837.5	55	1.18719
Gorai.005G004400.1.D	1943	1837.5	1	0.0215852
Gorai.005G004500.1.A	933	827.505	139.701	6.696
Gorai.005G004500.1.D	933	827.505	4.29851	0.206031
Gorai.005G004600.1.A	751	645.505	0	0
Gorai.005G004600.1.D	751	645.505	0	0
Gorai.005G004700.1.A	550	444.551	0	0
Gorai.005G004700.1.D	550	444.551	0	0
Gorai.005G004800.1.A	2515	2409.5	223.52	3.67937
Gorai.005G004800.1.D	2515	2409.5	284.48	4.68284
Gorai.005G004900.1.A	2249	2143.5	59.5041	1.10105
Gorai.005G004900.1.D	2249	2143.5	90.4959	1.67452
Gorai.005G005000.1.A	3063	2957.5	202.908	2.72119
Gorai.005G005000.1.D	3063	2957.5	194.869	2.61338
Gorai.005G005100.1.A	3008	2902.5	218.962	2.99214
Gorai.005G005100.1.D	3008	2902.5	151.26	2.06698
Gorai.005G005200.1.A	915	809.505	50.1264	2.45602
Gorai.005G005200.1.D	915	809.505	38.8736	1.90467
Gorai.005G005300.1.A	2055	1949.5	35	0.71208
Gorai.005G005300.1.D	2055	1949.5	7	0.142416
Gorai.005G005400.1.A	1679	1573.5	0	0
Gorai.005G005400.1.D	1679	1573.5	0	0
Gorai.005G005500.1.A	1566	1460.5	0	0
Gorai.005G005500.1.D	1566	1460.5	0	0
Gorai.005G005600.1.A	2377	2271.5	375.329	6.55365
Gorai.005G005600.1.D	2377	2271.5	1213.67	21.192
Gorai.005G005700.1.A	676	570.505	1090.45	75.811
Gorai.005G005700.1.D	676	570.505	714.636	49.6833
Gorai.005G005800.1.A	1110	1004.5	1690.39	66.745
Gorai.005G005800.1.D	1110	1004.5	1423.61	56.2115
Gorai.005G005900.1.A	1947	1841.5	1	0.0215383
Gorai.005G005900.1.D	1947	1841.5	10	0.215383
Gorai.005G006000.1.A	2316	2210.5	605.709	10.8682
Gorai.005G006000.1.D	2316	2210.5	324.291	5.81873
Gorai.005G006100.1.A	513	407.551	4	0.38928
Gorai.005G006100.1.D	513	407.551	0	0
Gorai.005G006200.1.A	919	813.505	0	0
Gorai.005G006200.1.D	919	813.505	0	0
Gorai.005G006300.1.A	294	188.687	0	0
Gorai.005G006300.1.D	294	188.687	0	0
Gorai.005G006400.1.A	1563	1457.5	79.12	2.15309
Gorai.005G006400.1.D	1563	1457.5	6.88	0.187225
Gorai.005G006500.1.A	1842	1736.5	163.583	3.73635
Gorai.005G006500.1.D	1842	1736.5	187.417	4.28072
Gorai.005G006600.1.A	5114	5008.5	607.227	4.8087
Gorai.005G006600.1.D	5114	5008.5	501.773	3.9736
Gorai.005G006700.1.A	2647	2541.5	195.117	3.04502
Gorai.005G006700.1.D	2647	2541.5	209.883	3.27545
Gorai.005G006800.1.A	1312	1206.5	603.111	19.8268
Gorai.005G006800.1.D	1312	1206.5	104.889	3.44814
Gorai.005G006900.1.A	2915	2809.5	7.64666	0.107951
Gorai.005G006900.1.D	2915	2809.5	1.52933	0.0215902
Gorai.005G007000.1.A	3479	3373.5	6.60739	0.0776844
Gorai.005G007000.1.D	3479	3373.5	15.372	0.180732
Gorai.005G007100.1.A	3015	2909.5	38.5579	0.525629
Gorai.005G007100.1.D	3015	2909.5	59.9792	0.817648
Gorai.005G007200.1.A	1695	1589.5	3.68169	0.0918692
Gorai.005G007200.1.D	1695	1589.5	16.6723	0.416025
Gorai.005G007300.1.A	2001	1895.5	2.92269	0.0611564
Gorai.005G007300.1.D	2001	1895.5	0.2262	0.00473319
Gorai.005G007400.1.A	1044	938.505	0	0
Gorai.005G007400.1.D	1044	938.505	133.144	5.6269
Gorai.005G007500.1.A	1489	1383.5	2566.42	73.5753
Gorai.005G007500.1.D	1489	1383.5	1961.58	56.2355
Gorai.005G007600.1.A	2586	2480.5	122.095	1.95229
Gorai.005G007600.1.D	2586	2480.5	511.905	8.18529
Gorai.005G007700.1.A	2182	2076.5	35.7	0.681899
Gorai.005G007700.1.D	2182	2076.5	69.3	1.32369
Gorai.005G007800.1.A	3375	3269.5	256.925	3.11681
Gorai.005G007800.1.D	3375	3269.5	196.075	2.37862
Gorai.005G007900.1.A	1785	1679.5	0	0
Gorai.005G007900.1.D	1785	1679.5	0	0
Gorai.005G008000.1.A	1552	1446.5	0.5	0.0137099
Gorai.005G008000.1.D	1552	1446.5	0.5	0.0137099
Gorai.005G008100.1.A	1738	1632.5	2	0.0485915
Gorai.005G008100.1.D	1738	1632.5	1	0.0242958
Gorai.005G008200.1.A	1813	1707.5	242.364	5.62978
Gorai.005G008200.1.D	1813	1707.5	221.636	5.14829
Gorai.005G008300.1.A	1717	1611.5	126.973	3.12511
Gorai.005G008300.1.D	1717	1611.5	97.0267	2.38806
Gorai.005G008400.1.A	1206	1100.5	0	0
Gorai.005G008400.1.D	1206	1100.5	0	0
Gorai.005G008500.1.A	716	610.505	0	0
Gorai.005G008500.1.D	716	610.505	0	0
Gorai.005G008600.1.A	734	628.505	233.173	14.7148
Gorai.005G008600.1.D	734	628.505	141.827	8.95025
Gorai.005G008700.1.A	3447	3341.5	141.56	1.68029
Gorai.005G008700.1.D	3447	3341.5	86.4396	1.02602
Gorai.005G008800.1.A	969	863.505	18.6207	0.855295
Gorai.005G008800.1.D	969	863.505	11.3793	0.52268
Gorai.005G008900.1.A	894	788.505	0	0
Gorai.005G008900.1.D	894	788.505	0	0
Gorai.005G009000.1.A	3303	3197.5	20.122	0.2496
Gorai.005G009000.1.D	3303	3197.5	34.878	0.432639
Gorai.005G009100.1.A	2649	2543.5	1631.53	25.4418
Gorai.005G009100.1.D	2649	2543.5	2032.47	31.6939
Gorai.005G009200.1.A	2802	2696.5	46.0385	0.677181
Gorai.005G009200.1.D	2802	2696.5	10.9615	0.161233
Gorai.005G009300.1.A	3993	3887.5	0	0
Gorai.005G009300.1.D	3993	3887.5	218.718	2.23151
Gorai.005G009400.1.A	948	842.505	18.485	0.870228
Gorai.005G009400.1.D	948	842.505	3.24442	0.152739
Gorai.005G009500.1.A	448	342.583	32.5	3.76272
Gorai.005G009500.1.D	448	342.583	7.5	0.868321
Gorai.005G009600.1.A	5278	5172.5	28.1155	0.21559
Gorai.005G009600.1.D	5278	5172.5	8.74597	0.0670644
Gorai.005G009700.1.A	4677	4571.5	0	0
Gorai.005G009700.1.D	4677	4571.5	4.01349	0.0348215
Gorai.005G009800.1.A	1131	1025.5	2.9424	0.113802
Gorai.005G009800.1.D	1131	1025.5	4.4136	0.170703
Gorai.005G009900.1.A	4291	4185.5	2.39963	0.0227395
Gorai.005G009900.1.D	4291	4185.5	1.00755	0.00954781
Gorai.005G010000.1.A	1464	1358.5	347.527	10.1464
Gorai.005G010000.1.D	1464	1358.5	492.744	14.3862
Gorai.005G010100.1.A	4947	4841.5	6	0.0491537
Gorai.005G010100.1.D	4947	4841.5	3	0.0245768
Gorai.005G010200.1.A	1344	1238.5	876.637	28.0742
Gorai.005G010200.1.D	1344	1238.5	720.363	23.0695
Gorai.005G010300.1.A	1609	1503.5	1	0.0263803
Gorai.005G010300.1.D	1609	1503.5	15	0.395705
Gorai.005G010400.1.A	1266	1160.5	0	0
Gorai.005G010400.1.D	1266	1160.5	0	0
Gorai.005G010500.1.A	1497	1391.5	32.9925	0.940405
Gorai.005G010500.1.D	1497	1391.5	22.1335	0.630884
Gorai.005G010600.1.A	1260	1154.5	6.04143	0.207553
Gorai.005G010600.1.D	1260	1154.5	6.04143	0.207553
Gorai.005G010700.1.A	1131	1025.5	0	0
Gorai.005G010700.1.D	1131	1025.5	1.00778	0.0389774
Gorai.005G010800.1.A	1134	1028.5	0	0
Gorai.005G010800.1.D	1134	1028.5	17	0.655583
Gorai.005G010900.1.A	2250	2144.5	49.1816	0.90962
Gorai.005G010900.1.D	2250	2144.5	24	0.443884
Gorai.005G011000.1.A	1876	1770.5	55.7336	1.24855
Gorai.005G011000.1.D	1876	1770.5	78.8683	1.76681
Gorai.005G011100.1.A	1680	1574.5	336.73	8.48249
Gorai.005G011100.1.D	1680	1574.5	348.27	8.77317
Gorai.005G011200.1.A	1782	1676.5	52.464	1.2412
Gorai.005G011200.1.D	1782	1676.5	24.5527	0.580871
Gorai.005G011300.1.A	651	545.505	22	1.59959
Gorai.005G011300.1.D	651	545.505	0	0
Gorai.005G011400.1.A	1920	1814.5	0	0
Gorai.005G011400.1.D	1920	1814.5	4	0.0874353
Gorai.005G011500.1.A	1706	1600.5	0	0
Gorai.005G011500.1.D	1706	1600.5	0	0
Gorai.005G011600.1.A	951	845.505	46.5	2.18133
Gorai.005G011600.1.D	951	845.505	46.5	2.18133
Gorai.005G011700.1.A	477	371.551	0	0
Gorai.005G011700.1.D	477	371.551	0	0
Gorai.005G011800.1.A	1952	1846.5	1	0.02148
Gorai.005G011800.1.D	1952	1846.5	0	0
Gorai.005G011900.1.A	2052	1946.5	0	0
Gorai.005G011900.1.D	2052	1946.5	5	0.101882
Gorai.005G012000.1.A	1805	1699.5	1	0.0233379
Gorai.005G012000.1.D	1805	1699.5	0	0
Gorai.005G012100.1.A	1599	1493.5	1	0.026557
Gorai.005G012100.1.D	1599	1493.5	1	0.026557
Gorai.005G012200.1.A	2072	1966.5	1599.65	32.2638
Gorai.005G012200.1.D	2072	1966.5	1394.35	28.1229
Gorai.005G012300.1.A	2175	2069.5	68.287	1.30875
Gorai.005G012300.1.D	2175	2069.5	56.713	1.08693
Gorai.005G012400.1.A	1149	1043.5	78.4393	2.98143
Gorai.005G012400.1.D	1149	1043.5	30.5607	1.16159
Gorai.005G012500.1.A	1914	1808.5	498.845	10.9403
Gorai.005G012500.1.D	1914	1808.5	169.155	3.70979
Gorai.005G012600.1.A	3063	2957.5	41.9808	0.563002
Gorai.005G012600.1.D	3063	2957.5	17.0192	0.228244
Gorai.005G012700.1.A	3508	3402.5	36.4737	0.425173
Gorai.005G012700.1.D	3508	3402.5	68.5263	0.79881
Gorai.005G012800.1.A	765	659.505	0	0
Gorai.005G012800.1.D	765	659.505	0	0
Gorai.005G012900.1.A	2324	2218.5	2236.29	39.9809
Gorai.005G012900.1.D	2324	2218.5	3708.71	66.3051
Gorai.005G013000.1.A	1729	1623.5	0	0
Gorai.005G013000.1.D	1729	1623.5	0	0
Gorai.005G013100.1.A	1530	1424.5	7.5	0.208825
Gorai.005G013100.1.D	1530	1424.5	7.5	0.208825
Gorai.005G013200.1.A	555	449.551	7.71912	0.681041
Gorai.005G013200.1.D	555	449.551	7.71912	0.681041
Gorai.005G013300.1.A	1667	1561.5	5	0.127002
Gorai.005G013300.1.D	1667	1561.5	5	0.127002
Gorai.005G013400.1.A	2892	2786.5	77.6283	1.10496
Gorai.005G013400.1.D	2892	2786.5	51.3717	0.731221
Gorai.005G013500.1.A	3916	3810.5	117.19	1.21982
Gorai.005G013500.1.D	3916	3810.5	112.81	1.17422
Gorai.005G013600.1.A	3183	3077.5	1.02132	0.0131628
Gorai.005G013600.1.D	3183	3077.5	2.04264	0.0263255
Gorai.005G013700.1.A	1158	1052.5	0.5	0.0188422
Gorai.005G013700.1.D	1158	1052.5	0.5	0.0188422
Gorai.005G013800.1.A	687	581.505	1	0.0682074
Gorai.005G013800.1.D	687	581.505	0	0
Gorai.005G013900.1.A	2373	2267.5	2	0.0349838
Gorai.005G013900.1.D	2373	2267.5	4	0.0699676
Gorai.005G014000.1.A	1248	1142.5	2.5	0.0867895
Gorai.005G014000.1.D	1248	1142.5	2.5	0.0867895
Gorai.005G014100.1.A	3534	3428.5	3.74856	0.0433655
Gorai.005G014100.1.D	3534	3428.5	1.25916	0.0145667
Gorai.005G014200.1.A	1179	1073.5	2	0.0738943
Gorai.005G014200.1.D	1179	1073.5	0	0
Gorai.005G014300.1.A	730	624.505	0	0
Gorai.005G014300.1.D	730	624.505	0	0
Gorai.005G014400.1.A	2704	2598.5	131.568	2.00823
Gorai.005G014400.1.D	2704	2598.5	142.432	2.17404
Gorai.005G014500.1.A	703	597.505	722.054	47.9307
Gorai.005G014500.1.D	703	597.505	836.856	55.5513
Gorai.005G014600.1.A	4321	4215.5	62	0.583347
Gorai.005G014600.1.D	4321	4215.5	0	0
Gorai.005G014700.1.A	356	250.63	1	0.158253
Gorai.005G014700.1.D	356	250.63	0	0
Gorai.005G014800.1.A	2379	2273.5	0	0
Gorai.005G014800.1.D	2379	2273.5	2.02252	0.0352844
Gorai.005G014900.1.A	2703	2597.5	8.06526	0.123154
Gorai.005G014900.1.D	2703	2597.5	6.04894	0.0923652
Gorai.005G015000.1.A	1481	1375.5	20.3669	0.587284
Gorai.005G015000.1.D	1481	1375.5	20.3669	0.587284
Gorai.005G015100.1.A	5674	5568.5	17.6365	0.12562
Gorai.005G015100.1.D	5674	5568.5	215.005	1.53142
Gorai.005G015200.1.A	1117	1011.5	1	0.0392118
Gorai.005G015200.1.D	1117	1011.5	7	0.274483
Gorai.005G015300.1.A	3573	3467.5	166.327	1.90252
Gorai.005G015300.1.D	3573	3467.5	533.673	6.10441
Gorai.005G015400.1.A	1715	1609.5	903.691	22.2696
Gorai.005G015400.1.D	1715	1609.5	375.309	9.24873
Gorai.005G015500.1.A	1396	1290.5	346.26	10.6421
Gorai.005G015500.1.D	1396	1290.5	136.74	4.20262
Gorai.005G015600.1.A	3168	3062.5	462.873	5.99474
Gorai.005G015600.1.D	3168	3062.5	549.084	7.11127
Gorai.005G015700.1.A	3279	3173.5	219.977	2.74931
Gorai.005G015700.1.D	3279	3173.5	168.023	2.09997
Gorai.005G015800.1.A	1899	1793.5	439.579	9.72118
Gorai.005G015800.1.D	1899	1793.5	295.421	6.53317
Gorai.005G015900.1.A	1868	1762.5	120.882	2.72029
Gorai.005G015900.1.D	1868	1762.5	97.1185	2.18553
Gorai.005G016000.1.A	1473	1367.5	0	0
Gorai.005G016000.1.D	1473	1367.5	0	0
Gorai.005G016100.1.A	1738	1632.5	90.638	2.20212
Gorai.005G016100.1.D	1738	1632.5	75.362	1.83098
Gorai.005G016200.1.A	1023	917.505	3	0.129687
Gorai.005G016200.1.D	1023	917.505	0	0
Gorai.005G016300.1.A	1989	1883.5	109.243	2.30044
Gorai.005G016300.1.D	1989	1883.5	69.7574	1.46895
Gorai.005G016400.1.A	1199	1093.5	262.513	9.52173
Gorai.005G016400.1.D	1199	1093.5	489.136	17.7417
Gorai.005G016500.1.A	1755	1649.5	0	0
Gorai.005G016500.1.D	1755	1649.5	50.5784	1.21618
Gorai.005G016600.1.A	2302	2196.5	950.016	17.1547
Gorai.005G016600.1.D	2302	2196.5	748.406	13.5142
Gorai.005G016700.1.A	1344	1238.5	32.2642	1.03325
Gorai.005G016700.1.D	1344	1238.5	24.7358	0.792162
Gorai.005G016800.1.A	1629	1523.5	255.134	6.64216
Gorai.005G016800.1.D	1629	1523.5	419.866	10.9308
Gorai.005G016900.1.A	465	359.551	503.791	55.5744
Gorai.005G016900.1.D	465	359.551	46.209	5.09742
Gorai.005G017000.1.A	1593	1487.5	375.453	10.0111
Gorai.005G017000.1.D	1593	1487.5	682.547	18.1995
Gorai.005G017100.1.A	334	228.63	1	0.173481
Gorai.005G017100.1.D	334	228.63	1	0.173481
Gorai.005G017200.1.A	1614	1508.5	0	0
Gorai.005G017200.1.D	1614	1508.5	0	0
Gorai.005G017300.1.A	2342	2236.5	2.19503	0.0389274
Gorai.005G017300.1.D	2342	2236.5	1.06508	0.0188885
Gorai.005G017400.1.A	4004	3898.5	744.847	7.57799
Gorai.005G017400.1.D	4004	3898.5	783.193	7.96812
Gorai.005G017500.1.A	1998	1892.5	312.164	6.5423
Gorai.005G017500.1.D	1998	1892.5	218.836	4.58635
Gorai.005G017600.1.A	1109	1003.5	272.458	10.7687
Gorai.005G017600.1.D	1109	1003.5	418.542	16.5426
Gorai.005G017700.1.A	1377	1271.5	0	0
Gorai.005G017700.1.D	1377	1271.5	0	0
Gorai.005G017800.1.A	3045	2939.5	118.731	1.60204
Gorai.005G017800.1.D	3045	2939.5	7.26923	0.0980842
Gorai.005G017900.1.A	1119	1013.5	152.929	5.98481
Gorai.005G017900.1.D	1119	1013.5	118.071	4.62062
Gorai.005G018000.1.A	2469	2363.5	104598	1755.3
Gorai.005G018000.1.D	2469	2363.5	61686	1035.18
Gorai.005G018100.1.A	3361	3255.5	4203.92	51.2178
Gorai.005G018100.1.D	3361	3255.5	5888.98	71.7475
Gorai.005G018200.1.A	2052	1946.5	95.3417	1.94273
Gorai.005G018200.1.D	2052	1946.5	2.07985	0.0423801
Gorai.005G018300.1.A	1992	1886.5	56.0802	1.17906
Gorai.005G018300.1.D	1992	1886.5	10.703	0.225026
Gorai.005G018400.1.A	1650	1544.5	0	0
Gorai.005G018400.1.D	1650	1544.5	0	0
Gorai.005G018500.1.A	2071	1965.5	14.6052	0.294725
Gorai.005G018500.1.D	2071	1965.5	0	0
Gorai.005G018600.1.A	523	417.551	0	0
Gorai.005G018600.1.D	523	417.551	0	0
Gorai.005G018700.1.A	2670	2564.5	3.35066	0.0518217
Gorai.005G018700.1.D	2670	2564.5	11.4136	0.176523
Gorai.005G018800.1.A	2043	1937.5	0	0
Gorai.005G018800.1.D	2043	1937.5	0	0
Gorai.005G018900.1.A	2020	1914.5	11.8471	0.245437
Gorai.005G018900.1.D	2020	1914.5	0	0
Gorai.005G019000.1.A	3012	2906.5	28.5392	0.389454
Gorai.005G019000.1.D	3012	2906.5	11.1088	0.151594
Gorai.005G019100.1.A	1926	1820.5	11.8325	0.257793
Gorai.005G019100.1.D	1926	1820.5	20.1392	0.438768
Gorai.005G019200.1.A	1965	1859.5	6.75891	0.144167
Gorai.005G019200.1.D	1965	1859.5	0	0
Gorai.005G019300.1.A	1269	1163.5	1122.85	38.2771
Gorai.005G019300.1.D	1269	1163.5	106.148	3.61852
Gorai.005G019400.1.A	1638	1532.5	23	0.595266
Gorai.005G019400.1.D	1638	1532.5	0	0
Gorai.005G019500.1.A	3692	3586.5	45.1899	0.499752
Gorai.005G019500.1.D	3692	3586.5	39.8101	0.440258
Gorai.005G019600.1.A	1699	1593.5	499.46	12.4317
Gorai.005G019600.1.D	1699	1593.5	616.54	15.3459
Gorai.005G019700.1.A	2339	2233.5	1128.95	20.0482
Gorai.005G019700.1.D	2339	2233.5	1605.05	28.5027
Gorai.005G019800.1.A	1599	1493.5	0.5	0.0132785
Gorai.005G019800.1.D	1599	1493.5	0.5	0.0132785
Gorai.005G019900.1.A	1429	1323.5	23	0.689267
Gorai.005G019900.1.D	1429	1323.5	54	1.61828
Gorai.005G020000.1.A	792	686.505	11	0.635527
Gorai.005G020000.1.D	792	686.505	2	0.11555
Gorai.005G020100.1.A	1645	1539.5	97.683	2.51665
Gorai.005G020100.1.D	1645	1539.5	203.317	5.23815
Gorai.005G020200.1.A	1346	1240.5	312.692	9.99778
Gorai.005G020200.1.D	1346	1240.5	302.308	9.66575
Gorai.005G020300.1.A	768	662.505	4.50505	0.269709
Gorai.005G020300.1.D	768	662.505	0	0
Gorai.005G020400.1.A	803	697.505	28.9161	1.64429
Gorai.005G020400.1.D	803	697.505	29.0734	1.65323
Gorai.005G020500.1.A	1608	1502.5	75.431	1.99122
Gorai.005G020500.1.D	1608	1502.5	55.7909	1.47276
Gorai.005G020600.1.A	774	668.505	1.49495	0.0886967
Gorai.005G020600.1.D	774	668.505	0	0
Gorai.005G020700.1.A	3887	3781.5	551.027	5.77954
Gorai.005G020700.1.D	3887	3781.5	375.761	3.94123
Gorai.005G020800.1.A	429	323.583	1	0.122574
Gorai.005G020800.1.D	429	323.583	0	0
Gorai.005G020900.1.A	2250	2144.5	10.3704	0.191802
Gorai.005G020900.1.D	2250	2144.5	17.6296	0.326063
Gorai.005G021000.1.A	1217	1111.5	582.142	20.7732
Gorai.005G021000.1.D	1217	1111.5	187.858	6.70353
Gorai.005G021100.1.A	2259	2153.5	155.406	2.86225
Gorai.005G021100.1.D	2259	2153.5	163.957	3.01974
Gorai.005G021200.1.A	2693	2587.5	669.879	10.2683
Gorai.005G021200.1.D	2693	2587.5	729.121	11.1764
Gorai.005G021300.1.A	890	784.505	38.4231	1.94259
Gorai.005G021300.1.D	890	784.505	15.5769	0.787537
Gorai.005G021400.1.A	1514	1408.5	17.7143	0.498827
Gorai.005G021400.1.D	1514	1408.5	13.2857	0.374121
Gorai.005G021500.1.A	2861	2755.5	1	0.0143941
Gorai.005G021500.1.D	2861	2755.5	0	0
Gorai.005G021600.1.A	2679	2573.5	0	0
Gorai.005G021600.1.D	2679	2573.5	0	0
Gorai.005G021700.1.A	2919	2813.5	0	0
Gorai.005G021700.1.D	2919	2813.5	0	0
Gorai.005G021800.1.A	1377	1271.5	0	0
Gorai.005G021800.1.D	1377	1271.5	0	0
Gorai.005G021900.1.A	1350	1244.5	0	0
Gorai.005G021900.1.D	1350	1244.5	0	0
Gorai.005G022000.1.A	3308	3202.5	0	0
Gorai.005G022000.1.D	3308	3202.5	0	0
Gorai.005G022100.1.A	2907	2801.5	0	0
Gorai.005G022100.1.D	2907	2801.5	1	0.0141577
Gorai.005G022200.1.A	2121	2015.5	36.2195	0.712761
Gorai.005G022200.1.D	2121	2015.5	8.78049	0.17279
Gorai.005G022300.1.A	1100	994.505	13.619	0.543156
Gorai.005G022300.1.D	1100	994.505	118.381	4.72128
Gorai.005G022400.1.A	1920	1814.5	684.036	14.9522
Gorai.005G022400.1.D	1920	1814.5	567.964	12.415
Gorai.005G022500.1.A	760	654.505	400.886	24.2937
Gorai.005G022500.1.D	760	654.505	3992.11	241.922
Gorai.005G022600.1.A	1482	1376.5	0	0
Gorai.005G022600.1.D	1482	1376.5	1.00072	0.0288348
Gorai.005G022700.1.A	3031	2925.5	701.015	9.50411
Gorai.005G022700.1.D	3031	2925.5	634.985	8.6089
Gorai.005G022800.1.A	3909	3803.5	0	0
Gorai.005G022800.1.D	3909	3803.5	0	0
Gorai.005G022900.1.A	801	695.505	0	0
Gorai.005G022900.1.D	801	695.505	0	0
Gorai.005G023000.1.A	2104	1998.5	2	0.0396926
Gorai.005G023000.1.D	2104	1998.5	3.04302	0.0603928
Gorai.005G023100.1.A	1991	1885.5	0	0
Gorai.005G023100.1.D	1991	1885.5	0	0
Gorai.005G023200.1.A	2577	2471.5	9.99946	0.160472
Gorai.005G023200.1.D	2577	2471.5	110.659	1.77586
Gorai.005G023300.1.A	1824	1718.5	0	0
Gorai.005G023300.1.D	1824	1718.5	0	0
Gorai.005G023400.1.A	1677	1571.5	0	0
Gorai.005G023400.1.D	1677	1571.5	1	0.0252388
Gorai.005G023500.1.A	1611	1505.5	0	0
Gorai.005G023500.1.D	1611	1505.5	0	0
Gorai.005G023600.1.A	1614	1508.5	0	0
Gorai.005G023600.1.D	1614	1508.5	0	0
Gorai.005G023700.1.A	414	308.583	0	0
Gorai.005G023700.1.D	414	308.583	0	0
Gorai.005G023800.1.A	1608	1502.5	0	0
Gorai.005G023800.1.D	1608	1502.5	9	0.237581
Gorai.005G023900.1.A	1614	1508.5	11.512	0.302683
Gorai.005G023900.1.D	1614	1508.5	0	0
Gorai.005G024000.1.A	1614	1508.5	0	0
Gorai.005G024000.1.D	1614	1508.5	0	0
Gorai.005G024100.1.A	1614	1508.5	0	0
Gorai.005G024100.1.D	1614	1508.5	0	0
Gorai.005G024200.1.A	462	356.551	12.4893	1.38931
Gorai.005G024200.1.D	462	356.551	12.4893	1.38931
Gorai.005G024300.1.A	1584	1478.5	0	0
Gorai.005G024300.1.D	1584	1478.5	1.78198	0.0478042
Gorai.005G024400.1.A	1359	1253.5	16.552	0.523731
Gorai.005G024400.1.D	1359	1253.5	0	0
Gorai.005G024500.1.A	1623	1517.5	0	0
Gorai.005G024500.1.D	1623	1517.5	20.369	0.532383
Gorai.005G024600.1.A	1623	1517.5	10.9331	0.285759
Gorai.005G024600.1.D	1623	1517.5	12.2313	0.31969
Gorai.005G024700.1.A	1623	1517.5	3.39155e-05	8.86449e-07
Gorai.005G024700.1.D	1623	1517.5	92.1726	2.40911
Gorai.005G024800.1.A	1713	1607.5	0	0
Gorai.005G024800.1.D	1713	1607.5	18	0.444125
Gorai.005G024900.1.A	1083	977.505	0	0
Gorai.005G024900.1.D	1083	977.505	2	0.0811514
Gorai.005G025000.1.A	1204	1098.5	740.604	26.7405
Gorai.005G025000.1.D	1204	1098.5	378.396	13.6625
Gorai.005G025100.1.A	2597	2491.5	8	0.127354
Gorai.005G025100.1.D	2597	2491.5	2	0.0318385
Gorai.005G025200.1.A	363	257.583	0	0
Gorai.005G025200.1.D	363	257.583	0	0
Gorai.005G025300.1.A	878	772.505	24.75	1.27075
Gorai.005G025300.1.D	878	772.505	65.25	3.35015
Gorai.005G025400.1.A	2432	2326.5	0.5	0.00852415
Gorai.005G025400.1.D	2432	2326.5	0.5	0.00852415
Gorai.005G025500.1.A	1410	1304.5	0	0
Gorai.005G025500.1.D	1410	1304.5	0	0
Gorai.005G025600.1.A	1879	1773.5	27.0769	0.605553
Gorai.005G025600.1.D	1879	1773.5	4.92308	0.1101
Gorai.005G025700.1.A	2238	2132.5	0	0
Gorai.005G025700.1.D	2238	2132.5	0	0
Gorai.005G025800.1.A	855	749.505	1	0.0529189
Gorai.005G025800.1.D	855	749.505	0	0
Gorai.005G025900.1.A	1802	1696.5	0	0
Gorai.005G025900.1.D	1802	1696.5	0	0
Gorai.005G026000.1.A	534	428.551	0	0
Gorai.005G026000.1.D	534	428.551	0	0
Gorai.005G026100.1.A	1724	1618.5	1.5	0.0367589
Gorai.005G026100.1.D	1724	1618.5	1.5	0.0367589
Gorai.005G026200.1.A	2061	1955.5	0	0
Gorai.005G026200.1.D	2061	1955.5	0	0
Gorai.005G026300.1.A	3210	3104.5	0	0
Gorai.005G026300.1.D	3210	3104.5	0	0
Gorai.005G026400.1.A	3212	3106.5	2	0.0255354
Gorai.005G026400.1.D	3212	3106.5	0	0
Gorai.005G026500.1.A	2244	2138.5	0	0
Gorai.005G026500.1.D	2244	2138.5	0	0
Gorai.005G026600.1.A	2946	2840.5	0	0
Gorai.005G026600.1.D	2946	2840.5	0	0
Gorai.005G026700.1.A	3092	2986.5	911.833	12.1098
Gorai.005G026700.1.D	3092	2986.5	1202.17	15.9657
Gorai.005G026800.1.A	1632	1526.5	0	0
Gorai.005G026800.1.D	1632	1526.5	0	0
Gorai.005G026900.1.A	2064	1958.5	52.2785	1.05873
Gorai.005G026900.1.D	2064	1958.5	114.283	2.31442
Gorai.005G027000.1.A	1692	1586.5	60.8673	1.5217
Gorai.005G027000.1.D	1692	1586.5	52.2294	1.30575
Gorai.005G027100.1.A	1708	1602.5	47.4888	1.17538
Gorai.005G027100.1.D	1708	1602.5	1.41446	0.0350087
Gorai.005G027200.1.A	1698	1592.5	27.7557	0.691284
Gorai.005G027200.1.D	1698	1592.5	1184.24	29.4948
Gorai.005G027300.1.A	1534	1428.5	2	0.0555307
Gorai.005G027300.1.D	1534	1428.5	1	0.0277654
Gorai.005G027400.1.A	1090	984.505	0	0
Gorai.005G027400.1.D	1090	984.505	0	0
Gorai.005G027500.1.A	2022	1916.5	57.4672	1.18931
Gorai.005G027500.1.D	2022	1916.5	65.5328	1.35623
Gorai.005G027600.1.A	1083	977.505	15.7578	0.639386
Gorai.005G027600.1.D	1083	977.505	235.242	9.54512
Gorai.005G027700.1.A	1842	1736.5	0	0
Gorai.005G027700.1.D	1842	1736.5	0	0
Gorai.005G027800.1.A	4625	4519.5	364.498	3.19881
Gorai.005G027800.1.D	4625	4519.5	180.502	1.58408
Gorai.005G027900.1.A	1195	1089.5	129.378	4.70995
Gorai.005G027900.1.D	1195	1089.5	179.622	6.53906
Gorai.005G028000.1.A	1828	1722.5	515.642	11.8733
Gorai.005G028000.1.D	1828	1722.5	2214.36	50.9885
Gorai.005G028100.1.A	1467	1361.5	208.267	6.06716
Gorai.005G028100.1.D	1467	1361.5	217.733	6.34294
Gorai.005G028200.1.A	3211	3105.5	168.621	2.1536
Gorai.005G028200.1.D	3211	3105.5	190.379	2.43148
Gorai.005G028300.1.A	1121	1015.5	212.516	8.3003
Gorai.005G028300.1.D	1121	1015.5	256.484	10.0176
Gorai.005G028400.1.A	3268	3162.5	539.203	6.76248
Gorai.005G028400.1.D	3268	3162.5	411.797	5.1646
Gorai.005G028500.1.A	1520	1414.5	35.36	0.9915
Gorai.005G028500.1.D	1520	1414.5	66.64	1.8686
Gorai.005G028600.1.A	2879	2773.5	1	0.0143007
Gorai.005G028600.1.D	2879	2773.5	0	0
Gorai.005G028700.1.A	2088	1982.5	0	0
Gorai.005G028700.1.D	2088	1982.5	0	0
Gorai.005G028800.1.A	773	667.505	0	0
Gorai.005G028800.1.D	773	667.505	0	0
Gorai.005G028900.1.A	2766	2660.5	0	0
Gorai.005G028900.1.D	2766	2660.5	0	0
Gorai.005G029000.1.A	3328	3222.5	1	0.0123081
Gorai.005G029000.1.D	3328	3222.5	0	0
Gorai.005G029100.1.A	2571	2465.5	0	0
Gorai.005G029100.1.D	2571	2465.5	0	0
Gorai.005G029200.1.A	2742	2636.5	0	0
Gorai.005G029200.1.D	2742	2636.5	0	0
Gorai.005G029300.1.A	2946	2840.5	0	0
Gorai.005G029300.1.D	2946	2840.5	1	0.0139633
Gorai.005G029400.1.A	3135	3029.5	0	0
Gorai.005G029400.1.D	3135	3029.5	2	0.0261844
Gorai.005G029500.1.A	712	606.505	252	16.4798
Gorai.005G029500.1.D	712	606.505	236	15.4334
Gorai.005G029600.1.A	495	389.551	19	1.93452
Gorai.005G029600.1.D	495	389.551	0	0
Gorai.005G029700.1.A	824	718.505	87.9775	4.85654
Gorai.005G029700.1.D	824	718.505	92.0225	5.07983
Gorai.005G029800.1.A	1590	1484.5	0	0
Gorai.005G029800.1.D	1590	1484.5	0	0
Gorai.005G029900.1.A	1596	1490.5	0	0
Gorai.005G029900.1.D	1596	1490.5	0	0
Gorai.005G030000.1.A	541	435.551	87.7904	7.99453
Gorai.005G030000.1.D	541	435.551	93.2096	8.48801
Gorai.005G030100.1.A	1004	898.505	36	1.58916
Gorai.005G030100.1.D	1004	898.505	50	2.20716
Gorai.005G030200.1.A	2559	2453.5	147.826	2.38973
Gorai.005G030200.1.D	2559	2453.5	152.174	2.46002
Gorai.005G030300.1.A	1488	1382.5	170.176	4.88222
Gorai.005G030300.1.D	1488	1382.5	176.824	5.07293
Gorai.005G030400.1.A	851	745.505	51	2.71334
Gorai.005G030400.1.D	851	745.505	38	2.02171
Gorai.005G030500.1.A	4406	4300.5	2447.16	22.5698
Gorai.005G030500.1.D	4406	4300.5	228.841	2.11057
Gorai.005G030600.1.A	1424	1318.5	0	0
Gorai.005G030600.1.D	1424	1318.5	0	0
Gorai.005G030700.1.A	1478	1372.5	178.351	5.15403
Gorai.005G030700.1.D	1478	1372.5	182.649	5.27823
Gorai.005G030800.1.A	796	690.505	124.844	7.17113
Gorai.005G030800.1.D	796	690.505	87.1556	5.00626
Gorai.005G030900.1.A	909	803.505	0	0
Gorai.005G030900.1.D	909	803.505	0	0
Gorai.005G031000.1.A	6493	6387.5	1.51775	0.00942438
Gorai.005G031000.1.D	6493	6387.5	91.5612	0.568545
Gorai.005G031100.1.A	2161	2055.5	1575.39	30.3986
Gorai.005G031100.1.D	2161	2055.5	440.613	8.50204
Gorai.005G031200.1.A	1873	1767.5	192.175	4.31241
Gorai.005G031200.1.D	1873	1767.5	194.825	4.3719
Gorai.005G031300.1.A	2837	2731.5	19.125	0.277705
Gorai.005G031300.1.D	2837	2731.5	31.875	0.462842
Gorai.005G031400.1.A	1744	1638.5	474.138	11.4774
Gorai.005G031400.1.D	1744	1638.5	75.8621	1.83638
Gorai.005G031500.1.A	2280	2174.5	3.2	0.058368
Gorai.005G031500.1.D	2280	2174.5	4.8	0.0875519
Gorai.005G031600.1.A	789	683.505	8	0.46423
Gorai.005G031600.1.D	789	683.505	0	0
Gorai.005G031700.1.A	3024	2918.5	0	0
Gorai.005G031700.1.D	3024	2918.5	0	0
Gorai.005G031800.1.A	3498	3392.5	0	0
Gorai.005G031800.1.D	3498	3392.5	2	0.0233827
Gorai.005G031900.1.A	2286	2180.5	0	0
Gorai.005G031900.1.D	2286	2180.5	0	0
Gorai.005G032000.1.A	3171	3065.5	0.5	0.00646923
Gorai.005G032000.1.D	3171	3065.5	0.5	0.00646923
Gorai.005G032100.1.A	1101	995.505	0	0
Gorai.005G032100.1.D	1101	995.505	0	0
Gorai.005G032200.1.A	3152	3046.5	0	0
Gorai.005G032200.1.D	3152	3046.5	0	0
Gorai.005G032300.1.A	1081	975.505	573.519	23.3186
Gorai.005G032300.1.D	1081	975.505	63.4811	2.58107
Gorai.005G032400.1.A	2023	1917.5	4.66667	0.0965284
Gorai.005G032400.1.D	2023	1917.5	2.33333	0.0482642
Gorai.005G032500.1.A	958	852.505	0	0
Gorai.005G032500.1.D	958	852.505	0	0
Gorai.005G032600.1.A	1924	1818.5	26.1235	0.569772
Gorai.005G032600.1.D	1924	1818.5	617.877	13.4763
Gorai.005G032700.1.A	1914	1808.5	0	0
Gorai.005G032700.1.D	1914	1808.5	54.9452	1.20502
Gorai.005G032800.1.A	2679	2573.5	291.905	4.49885
Gorai.005G032800.1.D	2679	2573.5	76.0949	1.17278
Gorai.005G032900.1.A	2014	1908.5	0	0
Gorai.005G032900.1.D	2014	1908.5	0	0
Gorai.005G033000.1.A	1821	1715.5	8.76036e-06	2.02542e-07
Gorai.005G033000.1.D	1821	1715.5	55.0548	1.27288
Gorai.005G033100.1.A	2001	1895.5	1.1687	0.0244546
Gorai.005G033100.1.D	2001	1895.5	2.33739	0.0489093
Gorai.005G033200.1.A	2456	2350.5	11.7344	0.198008
Gorai.005G033200.1.D	2456	2350.5	4.51078	0.076116
Gorai.005G033300.1.A	2060	1954.5	3.74943	0.0760876
Gorai.005G033300.1.D	2060	1954.5	85.4993	1.73505
Gorai.005G033400.1.A	1778	1672.5	2.18457	0.0518063
Gorai.005G033400.1.D	1778	1672.5	9.84521	0.233476
Gorai.005G033500.1.A	1883	1777.5	19.1461	0.427224
Gorai.005G033500.1.D	1883	1777.5	118.07	2.63459
Gorai.005G033600.1.A	1503	1397.5	22.0859	0.626827
Gorai.005G033600.1.D	1503	1397.5	6.69811	0.190101
Gorai.005G033700.1.A	2204	2098.5	0	0
Gorai.005G033700.1.D	2204	2098.5	907.97	17.1612
Gorai.005G033800.1.A	2136	2030.5	0	0
Gorai.005G033800.1.D	2136	2030.5	5	0.0976677
Gorai.005G033900.1.A	1095	989.505	0	0
Gorai.005G033900.1.D	1095	989.505	7	0.280585
Gorai.005G034000.1.A	2463	2357.5	0	0
Gorai.005G034000.1.D	2463	2357.5	0	0
Gorai.005G034100.1.A	3750	3644.5	1432.83	15.5934
Gorai.005G034100.1.D	3750	3644.5	1224.17	13.3225
Gorai.005G034200.1.A	767	661.505	306.584	18.3824
Gorai.005G034200.1.D	767	661.505	13.1955	0.791184
Gorai.005G034300.1.A	1133	1027.5	1	0.0386012
Gorai.005G034300.1.D	1133	1027.5	3	0.115804
Gorai.005G034400.1.A	1077	971.505	500.143	20.419
Gorai.005G034400.1.D	1077	971.505	231.344	9.44493
Gorai.005G034500.1.A	2452	2346.5	0	0
Gorai.005G034500.1.D	2452	2346.5	217	3.66795
Gorai.005G034600.1.A	2406	2300.5	35.2539	0.607812
Gorai.005G034600.1.D	2406	2300.5	11.7497	0.202577
Gorai.005G034700.1.A	781	675.505	0	0
Gorai.005G034700.1.D	781	675.505	0	0
Gorai.005G034800.1.A	1428	1322.5	0	0
Gorai.005G034800.1.D	1428	1322.5	0	0
Gorai.005G034900.1.A	1152	1046.5	1.0946	0.0414859
Gorai.005G034900.1.D	1152	1046.5	2.23611	0.0847494
Gorai.005G035000.1.A	3027	2921.5	89.364	1.21322
Gorai.005G035000.1.D	3027	2921.5	50.3053	0.682955
Gorai.005G035100.1.A	1559	1453.5	1276.42	34.8308
Gorai.005G035100.1.D	1559	1453.5	2276.56	62.1224
Gorai.005G035200.1.A	2401	2295.5	373.703	6.45704
Gorai.005G035200.1.D	2401	2295.5	478.297	8.26426
Gorai.005G035300.1.A	3024	2918.5	0	0
Gorai.005G035300.1.D	3024	2918.5	0	0
Gorai.005G035400.1.A	2807	2701.5	208.805	3.06564
Gorai.005G035400.1.D	2807	2701.5	200.195	2.93922
Gorai.005G035500.1.A	3291	3185.5	7.71429	0.0960511
Gorai.005G035500.1.D	3291	3185.5	1.28571	0.0160085
Gorai.005G035600.1.A	2819	2713.5	521.656	7.62498
Gorai.005G035600.1.D	2819	2713.5	641.344	9.37444
Gorai.005G035700.1.A	2226	2120.5	230.987	4.32049
Gorai.005G035700.1.D	2226	2120.5	482.013	9.01581
Gorai.005G035800.1.A	1910	1804.5	96.5556	2.12229
Gorai.005G035800.1.D	1910	1804.5	57.4444	1.26263
Gorai.005G035900.1.A	1216	1110.5	68.5841	2.44956
Gorai.005G035900.1.D	1216	1110.5	56.4159	2.01496
Gorai.005G036000.1.A	2887	2781.5	632.315	9.01651
Gorai.005G036000.1.D	2887	2781.5	759.267	10.8268
Gorai.005G036100.1.A	652	546.505	11.4286	0.829436
Gorai.005G036100.1.D	652	546.505	4.57143	0.331775
Gorai.005G036200.1.A	2593	2487.5	65.6727	1.04714
Gorai.005G036200.1.D	2593	2487.5	20.3273	0.324116
Gorai.005G036300.1.A	804	698.505	0	0
Gorai.005G036300.1.D	804	698.505	1	0.0567826
Gorai.005G036400.1.A	1346	1240.5	6	0.191839
Gorai.005G036400.1.D	1346	1240.5	35	1.11906
Gorai.005G036500.1.A	1008	902.505	1.66677	0.0732507
Gorai.005G036500.1.D	1008	902.505	1.66677	0.0732507
Gorai.005G036600.1.A	1986	1880.5	2.14125	0.0451625
Gorai.005G036600.1.D	1986	1880.5	1.2776	0.0269467
Gorai.005G036700.1.A	1221	1115.5	0.513293	0.0182507
Gorai.005G036700.1.D	1221	1115.5	0.513293	0.0182507
Gorai.005G036800.1.A	2452	2346.5	8.4954	0.143598
Gorai.005G036800.1.D	2452	2346.5	0	0
Gorai.005G036900.1.A	2040	1934.5	2.6224	0.0537668
Gorai.005G036900.1.D	2040	1934.5	0	0
Gorai.005G037000.1.A	342	236.63	7.97341	1.33647
Gorai.005G037000.1.D	342	236.63	0	0
Gorai.005G037100.1.A	1791	1685.5	0.5	0.0117659
Gorai.005G037100.1.D	1791	1685.5	0.5	0.0117659
Gorai.005G037200.1.A	461	355.551	0	0
Gorai.005G037200.1.D	461	355.551	0	0
Gorai.005G037300.1.A	2034	1928.5	0	0
Gorai.005G037300.1.D	2034	1928.5	1	0.0205667
Gorai.005G037400.1.A	841	735.505	1.5	0.0808892
Gorai.005G037400.1.D	841	735.505	1.5	0.0808892
Gorai.005G037500.1.A	2565	2459.5	17.0464	0.274896
Gorai.005G037500.1.D	2565	2459.5	1.4621	0.0235784
Gorai.005G037600.1.A	402	296.583	82.3849	11.0176
Gorai.005G037600.1.D	402	296.583	0	0
Gorai.005G037700.1.A	878	772.505	58.4901	3.00307
Gorai.005G037700.1.D	878	772.505	10.8315	0.556125
Gorai.005G037800.1.A	901	795.505	1	0.0498588
Gorai.005G037800.1.D	901	795.505	4	0.199435
Gorai.005G037900.1.A	735	629.505	1.05943	0.0667511
Gorai.005G037900.1.D	735	629.505	3.17829	0.200253
Gorai.005G038000.1.A	1770	1664.5	0	0
Gorai.005G038000.1.D	1770	1664.5	5.15656	0.122874
Gorai.005G038100.1.A	2031	1925.5	1.32557	0.027305
Gorai.005G038100.1.D	2031	1925.5	4.30009	0.0885764
Gorai.005G038200.1.A	946	840.505	20.1008	0.948547
Gorai.005G038200.1.D	946	840.505	9.19276	0.433801
Gorai.005G038300.1.A	784	678.505	0	0
Gorai.005G038300.1.D	784	678.505	0	0
Gorai.005G038400.1.A	396	290.583	0	0
Gorai.005G038400.1.D	396	290.583	0	0
Gorai.005G038500.1.A	1022	916.505	6.85714	0.296752
Gorai.005G038500.1.D	1022	916.505	1.14286	0.0494586
Gorai.005G038600.1.A	2338	2232.5	10.9115	0.193855
Gorai.005G038600.1.D	2338	2232.5	0	0
Gorai.005G038700.1.A	1021	915.505	12.3514	0.535108
Gorai.005G038700.1.D	1021	915.505	7.41085	0.321065
Gorai.005G038800.1.A	1121	1015.5	0	0
Gorai.005G038800.1.D	1121	1015.5	0	0
Gorai.005G038900.1.A	882	776.505	72.9435	3.72587
Gorai.005G038900.1.D	882	776.505	932.056	47.6083
Gorai.005G039000.1.A	1177	1071.5	96	3.55355
Gorai.005G039000.1.D	1177	1071.5	64	2.36903
Gorai.005G039100.1.A	1988	1882.5	328.746	6.92643
Gorai.005G039100.1.D	1988	1882.5	227.254	4.78807
Gorai.005G039200.1.A	1528	1422.5	154.516	4.30828
Gorai.005G039200.1.D	1528	1422.5	186.484	5.19964
Gorai.005G039300.1.A	306	200.687	0	0
Gorai.005G039300.1.D	306	200.687	0	0
Gorai.005G039400.1.A	480	374.551	0	0
Gorai.005G039400.1.D	480	374.551	0	0
Gorai.005G039500.1.A	1402	1296.5	0	0
Gorai.005G039500.1.D	1402	1296.5	0	0
Gorai.005G039600.1.A	3534	3428.5	0	0
Gorai.005G039600.1.D	3534	3428.5	324	3.74822
Gorai.005G039700.1.A	2064	1958.5	0	0
Gorai.005G039700.1.D	2064	1958.5	0	0
Gorai.005G039800.1.A	1818	1712.5	0	0
Gorai.005G039800.1.D	1818	1712.5	0	0
Gorai.005G039900.1.A	2467	2361.5	1	0.0167956
Gorai.005G039900.1.D	2467	2361.5	0	0
Gorai.005G040000.1.A	1905	1799.5	0	0
Gorai.005G040000.1.D	1905	1799.5	0	0
Gorai.005G040100.1.A	1421	1315.5	181.285	5.4658
Gorai.005G040100.1.D	1421	1315.5	1144.72	34.5136
Gorai.005G040200.1.A	1213	1107.5	972.071	34.8127
Gorai.005G040200.1.D	1213	1107.5	926.929	33.196
Gorai.005G040300.1.A	1551	1445.5	64.0534	1.75755
Gorai.005G040300.1.D	1551	1445.5	950.947	26.0929
Gorai.005G040400.1.A	4462	4356.5	1246.33	11.3469
Gorai.005G040400.1.D	4462	4356.5	412.675	3.75712
Gorai.005G040500.1.A	1859	1753.5	1377.73	31.1633
Gorai.005G040500.1.D	1859	1753.5	832.267	18.8253
Gorai.005G040600.1.A	1884	1778.5	246.76	5.50307
Gorai.005G040600.1.D	1884	1778.5	39.4366	0.879486
Gorai.005G040700.1.A	1010	904.505	10	0.438505
Gorai.005G040700.1.D	1010	904.505	22	0.96471
Gorai.005G040800.1.A	1107	1001.5	27.5347	1.09046
Gorai.005G040800.1.D	1107	1001.5	75.4653	2.98868
Gorai.005G040900.1.A	1335	1229.5	383.714	12.3783
Gorai.005G040900.1.D	1335	1229.5	564.286	18.2035
Gorai.005G041000.1.A	1735	1629.5	536.913	13.0687
Gorai.005G041000.1.D	1735	1629.5	515.087	12.5375
Gorai.005G041100.1.A	2167	2061.5	525.045	10.1018
Gorai.005G041100.1.D	2167	2061.5	618.955	11.9086
Gorai.005G041200.1.A	1093	987.505	69	2.77137
Gorai.005G041200.1.D	1093	987.505	252	10.1215
Gorai.005G041300.1.A	1499	1393.5	102.282	2.91123
Gorai.005G041300.1.D	1499	1393.5	104.718	2.98055
Gorai.005G041400.1.A	2293	2187.5	199.083	3.60969
Gorai.005G041400.1.D	2293	2187.5	422.917	7.66816
Gorai.005G041500.1.A	2730	2624.5	672.713	10.1664
Gorai.005G041500.1.D	2730	2624.5	437.762	6.6157
Gorai.005G041600.1.A	1957	1851.5	690.856	14.7995
Gorai.005G041600.1.D	1957	1851.5	569.144	12.1922
Gorai.005G041700.1.A	1289	1183.5	20.2105	0.677318
Gorai.005G041700.1.D	1289	1183.5	51.7895	1.73563
Gorai.005G041800.1.A	1207	1101.5	1714.77	61.7454
Gorai.005G041800.1.D	1207	1101.5	299.229	10.7746
Gorai.005G041900.1.A	3128	3022.5	642.554	8.43194
Gorai.005G041900.1.D	3128	3022.5	51.4463	0.675106
Gorai.005G042000.1.A	821	715.505	54.1827	3.00354
Gorai.005G042000.1.D	821	715.505	60.8173	3.37132
Gorai.005G042100.1.A	2089	1983.5	2	0.0399928
Gorai.005G042100.1.D	2089	1983.5	2	0.0399928
Gorai.005G042200.1.A	1652	1546.5	4	0.102587
Gorai.005G042200.1.D	1652	1546.5	0	0
Gorai.005G042300.1.A	1026	920.505	375.478	16.1787
Gorai.005G042300.1.D	1026	920.505	409.522	17.6456
Gorai.005G042400.1.A	2509	2403.5	109.215	1.80229
Gorai.005G042400.1.D	2509	2403.5	175.785	2.90082
Gorai.005G042500.1.A	1437	1331.5	185.938	5.53872
Gorai.005G042500.1.D	1437	1331.5	103.062	3.07003
Gorai.005G042600.1.A	1363	1257.5	0	0
Gorai.005G042600.1.D	1363	1257.5	637	20.0916
Gorai.005G042700.1.A	5148	5042.5	0	0
Gorai.005G042700.1.D	5148	5042.5	0	0
Gorai.005G042800.1.A	4303	4197.5	808.664	7.6412
Gorai.005G042800.1.D	4303	4197.5	757.336	7.1562
Gorai.005G042900.1.A	2493	2387.5	1226.9	20.3822
Gorai.005G042900.1.D	2493	2387.5	1432.1	23.791
Gorai.005G043000.1.A	915	809.505	0.513802	0.0251745
Gorai.005G043000.1.D	915	809.505	0.513802	0.0251745
Gorai.005G043100.1.A	5151	5045.5	0	0
Gorai.005G043100.1.D	5151	5045.5	0	0
Gorai.005G043200.1.A	795	689.505	0	0
Gorai.005G043200.1.D	795	689.505	1	0.0575238
Gorai.005G043300.1.A	654	548.505	0	0
Gorai.005G043300.1.D	654	548.505	0	0
Gorai.005G043400.1.A	1430	1324.5	8	0.239564
Gorai.005G043400.1.D	1430	1324.5	0	0
Gorai.005G043500.1.A	2012	1906.5	1205.43	25.0777
Gorai.005G043500.1.D	2012	1906.5	1346.57	28.0141
Gorai.005G043600.1.A	1287	1181.5	2148.42	72.1221
Gorai.005G043600.1.D	1287	1181.5	2081.58	69.8783
Gorai.005G043700.1.A	992	886.505	73.5319	3.28988
Gorai.005G043700.1.D	992	886.505	22.4681	1.00524
Gorai.005G043800.1.A	2102	1996.5	42.9351	0.852957
Gorai.005G043800.1.D	2102	1996.5	0	0
Gorai.005G043900.1.A	1115	1009.5	21107.9	829.32
Gorai.005G043900.1.D	1115	1009.5	3.12709	0.122862
Gorai.005G044000.1.A	788	682.505	48.6234	2.82569
Gorai.005G044000.1.D	788	682.505	47.3766	2.75324
Gorai.005G044100.1.A	944	838.505	26044	1231.93
Gorai.005G044100.1.D	944	838.505	19122	904.511
Gorai.005G044200.1.A	1762	1656.5	492.032	11.7811
Gorai.005G044200.1.D	1762	1656.5	580.968	13.9105
Gorai.005G044300.1.A	957	851.505	1	0.0465798
Gorai.005G044300.1.D	957	851.505	2	0.0931597
Gorai.005G044400.1.A	4003	3897.5	4	0.040706
Gorai.005G044400.1.D	4003	3897.5	0	0
Gorai.005G044500.1.A	612	506.551	0	0
Gorai.005G044500.1.D	612	506.551	0	0
Gorai.005G044600.1.A	1713	1607.5	3.26316	0.0805139
Gorai.005G044600.1.D	1713	1607.5	120.737	2.97901
Gorai.005G044700.1.A	1583	1477.5	19	0.510046
Gorai.005G044700.1.D	1583	1477.5	0	0
Gorai.005G044800.1.A	3058	2952.5	151.841	2.03978
Gorai.005G044800.1.D	3058	2952.5	321.159	4.31435
Gorai.005G044900.1.A	454	348.551	2.00394	0.228036
Gorai.005G044900.1.D	454	348.551	0	0
Gorai.005G045000.1.A	1280	1174.5	816.41	27.5701
Gorai.005G045000.1.D	1280	1174.5	890.847	30.0838
Gorai.005G045100.1.A	1148	1042.5	0	0
Gorai.005G045100.1.D	1148	1042.5	16	0.608733
Gorai.005G045200.1.A	2143	2037.5	79.3291	1.54425
Gorai.005G045200.1.D	2143	2037.5	302.671	5.89192
Gorai.005G045300.1.A	1048	942.505	81.0881	3.41239
Gorai.005G045300.1.D	1048	942.505	151.912	6.39283
Gorai.005G045400.1.A	1119	1013.5	2649.6	103.691
Gorai.005G045400.1.D	1119	1013.5	2988.4	116.949
Gorai.005G045500.1.A	1115	1009.5	1	0.0392895
Gorai.005G045500.1.D	1115	1009.5	0	0
Gorai.005G045600.1.A	687	581.505	0	0
Gorai.005G045600.1.D	687	581.505	0	0
Gorai.005G045700.1.A	1023	917.505	0	0
Gorai.005G045700.1.D	1023	917.505	0	0
Gorai.005G045800.1.A	2019	1913.5	78.907	1.63558
Gorai.005G045800.1.D	2019	1913.5	95.093	1.97108
Gorai.005G045900.1.A	4236	4130.5	32.5532	0.31259
Gorai.005G045900.1.D	4236	4130.5	18.4468	0.177134
Gorai.005G046000.1.A	885	779.505	0	0
Gorai.005G046000.1.D	885	779.505	0	0
Gorai.005G046100.1.A	1375	1269.5	27.6042	0.862433
Gorai.005G046100.1.D	1375	1269.5	25.3958	0.793438
Gorai.005G046200.1.A	1041	935.505	469.919	19.9233
Gorai.005G046200.1.D	1041	935.505	174.081	7.38059
Gorai.005G046300.1.A	2480	2374.5	137.577	2.29805
Gorai.005G046300.1.D	2480	2374.5	84.4225	1.41017
Gorai.005G046400.1.A	1085	979.505	7	0.28345
Gorai.005G046400.1.D	1085	979.505	7	0.28345
Gorai.005G046500.1.A	1248	1142.5	73	2.53425
Gorai.005G046500.1.D	1248	1142.5	0	0
Gorai.005G046600.1.A	1288	1182.5	64.2212	2.15407
Gorai.005G046600.1.D	1288	1182.5	58.7788	1.97153
Gorai.005G046700.1.A	969	863.505	0	0
Gorai.005G046700.1.D	969	863.505	1	0.0459325
Gorai.005G046800.1.A	939	833.505	1114.63	53.0405
Gorai.005G046800.1.D	939	833.505	902.369	42.9399
Gorai.005G046900.1.A	1660	1554.5	3.91794	0.0999656
Gorai.005G046900.1.D	1660	1554.5	7.42188	0.189368
Gorai.005G047000.1.A	2244	2138.5	15.8641	0.294232
Gorai.005G047000.1.D	2244	2138.5	23.7961	0.441347
Gorai.005G047100.1.A	2460	2354.5	1	0.0168456
Gorai.005G047100.1.D	2460	2354.5	0	0
Gorai.005G047200.1.A	1702	1596.5	23.8333	0.592106
Gorai.005G047200.1.D	1702	1596.5	15.1667	0.376795
Gorai.005G047300.1.A	375	269.583	0	0
Gorai.005G047300.1.D	375	269.583	0	0
Gorai.005G047400.1.A	3846	3740.5	242.369	2.56999
Gorai.005G047400.1.D	3846	3740.5	226.631	2.40311
Gorai.005G047500.1.A	504	398.551	0	0
Gorai.005G047500.1.D	504	398.551	0	0
Gorai.005G047600.1.A	288	182.738	0	0
Gorai.005G047600.1.D	288	182.738	0	0
Gorai.005G047700.1.A	2460	2354.5	0	0
Gorai.005G047700.1.D	2460	2354.5	6	0.101073
Gorai.005G047800.1.A	516	410.551	3	0.289827
Gorai.005G047800.1.D	516	410.551	2	0.193218
Gorai.005G047900.1.A	3495	3389.5	1625.72	19.0237
Gorai.005G047900.1.D	3495	3389.5	1313.28	15.3676
Gorai.005G048000.1.A	1403	1297.5	0	0
Gorai.005G048000.1.D	1403	1297.5	0	0
Gorai.005G048100.1.A	1791	1685.5	8.72727	0.205368
Gorai.005G048100.1.D	1791	1685.5	15.2727	0.359395
Gorai.005G048200.1.A	807	701.505	3	0.169619
Gorai.005G048200.1.D	807	701.505	0	0
Gorai.005G048300.1.A	2556	2450.5	0	0
Gorai.005G048300.1.D	2556	2450.5	0	0
Gorai.005G048400.1.A	720	614.505	0	0
Gorai.005G048400.1.D	720	614.505	0	0
Gorai.005G048500.1.A	1687	1581.5	22	0.551743
Gorai.005G048500.1.D	1687	1581.5	9	0.225713
Gorai.005G048600.1.A	912	806.505	2	0.0983576
Gorai.005G048600.1.D	912	806.505	0	0
Gorai.005G048700.1.A	870	764.505	0	0
Gorai.005G048700.1.D	870	764.505	0	0
Gorai.005G048800.1.A	1556	1450.5	73.4516	2.00848
Gorai.005G048800.1.D	1556	1450.5	58.5484	1.60096
Gorai.005G048900.1.A	1269	1163.5	22.7027	0.773917
Gorai.005G048900.1.D	1269	1163.5	57.2973	1.95322
Gorai.005G049000.1.A	1652	1546.5	7.85915	0.201562
Gorai.005G049000.1.D	1652	1546.5	85.1408	2.18359
Gorai.005G049100.1.A	1244	1138.5	1	0.0348378
Gorai.005G049100.1.D	1244	1138.5	0	0
Gorai.005G049200.1.A	414	308.583	0	0
Gorai.005G049200.1.D	414	308.583	0	0
Gorai.005G049300.1.A	1200	1094.5	1	0.0362383
Gorai.005G049300.1.D	1200	1094.5	4	0.144953
Gorai.005G049400.1.A	1439	1333.5	159018	4729.74
Gorai.005G049400.1.D	1439	1333.5	2020.76	60.1042
Gorai.005G049500.1.A	979	873.505	153.375	6.96423
Gorai.005G049500.1.D	979	873.505	11.0316	0.500909
Gorai.005G049600.1.A	881	775.505	3.05246	0.156117
Gorai.005G049600.1.D	881	775.505	6.10491	0.312234
Gorai.005G049700.1.A	844	738.505	130.492	7.00834
Gorai.005G049700.1.D	844	738.505	6.94475	0.372982
Gorai.005G049800.1.A	1571	1465.5	30	0.811931
Gorai.005G049800.1.D	1571	1465.5	3	0.0811931
Gorai.005G049900.1.A	1579	1473.5	16.9412	0.456013
Gorai.005G049900.1.D	1579	1473.5	1.05882	0.0285008
Gorai.005G050000.1.A	2672	2566.5	104.599	1.61649
Gorai.005G050000.1.D	2672	2566.5	222.401	3.43699
Gorai.005G050100.1.A	1020	914.505	61.5946	2.67142
Gorai.005G050100.1.D	1020	914.505	24.4054	1.05849
Gorai.005G050200.1.A	1403	1297.5	8412.17	257.149
Gorai.005G050200.1.D	1403	1297.5	12404.5	379.189
Gorai.005G050300.1.A	2089	1983.5	564.353	11.285
Gorai.005G050300.1.D	2089	1983.5	655.626	13.1102
Gorai.005G050400.1.A	1045	939.505	0	0
Gorai.005G050400.1.D	1045	939.505	0	0
Gorai.005G050500.1.A	2977	2871.5	1653.43	22.8382
Gorai.005G050500.1.D	2977	2871.5	1187.57	16.4034
Gorai.005G050600.1.A	2355	2249.5	189.558	3.34226
Gorai.005G050600.1.D	2355	2249.5	274.859	4.84628
Gorai.005G050700.1.A	2446	2340.5	648.872	10.996
Gorai.005G050700.1.D	2446	2340.5	761.619	12.9066
Gorai.005G050800.1.A	490	384.551	0	0
Gorai.005G050800.1.D	490	384.551	21	2.16596
Gorai.005G050900.1.A	4849	4743.5	222.169	1.85768
Gorai.005G050900.1.D	4849	4743.5	150.831	1.26117
Gorai.005G051000.1.A	902	796.505	1055.19	52.5446
Gorai.005G051000.1.D	902	796.505	1325.81	66.0203
Gorai.005G051100.1.A	1224	1118.5	2228.53	79.0251
Gorai.005G051100.1.D	1224	1118.5	3288.47	116.612
Gorai.005G051200.1.A	3050	2944.5	58.2105	0.784105
Gorai.005G051200.1.D	3050	2944.5	20.7895	0.280037
Gorai.005G051300.1.A	3038	2932.5	28.4211	0.384403
Gorai.005G051300.1.D	3038	2932.5	11.5789	0.156608
Gorai.005G051400.1.A	2684	2578.5	23.0045	0.353859
Gorai.005G051400.1.D	2684	2578.5	35.0545	0.539214
Gorai.005G051500.1.A	231	126.463	0	0
Gorai.005G051500.1.D	231	126.463	0	0
Gorai.005G051600.1.A	1922	1816.5	0	0
Gorai.005G051600.1.D	1922	1816.5	8	0.174678
Gorai.005G051700.1.A	982	876.505	1.09398	0.0495038
Gorai.005G051700.1.D	982	876.505	6482.91	293.36
Gorai.005G051800.1.A	913	807.505	4.4	0.216119
Gorai.005G051800.1.D	913	807.505	6.6	0.324178
Gorai.005G051900.1.A	2679	2573.5	24.0878	0.371243
Gorai.005G051900.1.D	2679	2573.5	285.912	4.40649
Gorai.005G052000.1.A	736	630.505	52	3.27115
Gorai.005G052000.1.D	736	630.505	44	2.76789
Gorai.005G052100.1.A	1200	1094.5	1358.4	49.2262
Gorai.005G052100.1.D	1200	1094.5	1001.6	36.2961
Gorai.005G052200.1.A	252	147.005	0	0
Gorai.005G052200.1.D	252	147.005	0	0
Gorai.005G052300.1.A	240	135.211	0	0
Gorai.005G052300.1.D	240	135.211	0	0
Gorai.005G052400.1.A	718	612.505	3.85714	0.249771
Gorai.005G052400.1.D	718	612.505	5.14286	0.333027
Gorai.005G052500.1.A	2501	2395.5	150.979	2.49979
Gorai.005G052500.1.D	2501	2395.5	95.0215	1.57329
Gorai.005G052600.1.A	3117	3011.5	1	0.0131705
Gorai.005G052600.1.D	3117	3011.5	0	0
Gorai.005G052700.1.A	2815	2709.5	3966.96	58.0701
Gorai.005G052700.1.D	2815	2709.5	3436.28	50.3018
Gorai.005G052800.1.A	1260	1154.5	0	0
Gorai.005G052800.1.D	1260	1154.5	0	0
Gorai.005G052900.1.A	2951	2845.5	0	0
Gorai.005G052900.1.D	2951	2845.5	8	0.11151
Gorai.005G053000.1.A	2772	2666.5	1584.58	23.5698
Gorai.005G053000.1.D	2772	2666.5	1693.19	25.1853
Gorai.005G053100.1.A	1446	1340.5	71.5932	2.1183
Gorai.005G053100.1.D	1446	1340.5	56.4068	1.66897
Gorai.005G053200.1.A	1116	1010.5	1478.02	58.0133
Gorai.005G053200.1.D	1116	1010.5	1132.98	44.4701
Gorai.005G053300.1.A	816	710.505	1817.95	101.484
Gorai.005G053300.1.D	816	710.505	785.054	43.8246
Gorai.005G053400.1.A	2617	2511.5	76.0078	1.20035
Gorai.005G053400.1.D	2617	2511.5	64.9922	1.02639
Gorai.005G053500.1.A	1382	1276.5	0	0
Gorai.005G053500.1.D	1382	1276.5	0	0
Gorai.005G053600.1.A	2083	1977.5	174.816	3.50629
Gorai.005G053600.1.D	2083	1977.5	152.325	3.0552
Gorai.005G053700.1.A	2196	2090.5	126.824	2.40621
Gorai.005G053700.1.D	2196	2090.5	68.0352	1.29082
Gorai.005G053800.1.A	2040	1934.5	68.7632	1.40984
Gorai.005G053800.1.D	2040	1934.5	9.23684	0.189382
Gorai.005G053900.1.A	981	875.505	198.802	9.00632
Gorai.005G053900.1.D	981	875.505	215.198	9.7491
Gorai.005G054000.1.A	1274	1168.5	2	0.0678867
Gorai.005G054000.1.D	1274	1168.5	1	0.0339433
Gorai.005G054100.1.A	2056	1950.5	93.9048	1.90953
Gorai.005G054100.1.D	2056	1950.5	22.0952	0.4493
Gorai.005G054200.1.A	1855	1749.5	1.71429	0.0388645
Gorai.005G054200.1.D	1855	1749.5	10.2857	0.233187
Gorai.005G054300.1.A	558	452.551	0	0
Gorai.005G054300.1.D	558	452.551	0	0
Gorai.005G054400.1.A	1254	1148.5	212.778	7.34817
Gorai.005G054400.1.D	1254	1148.5	146.222	5.04969
Gorai.005G054500.1.A	1088	982.505	0	0
Gorai.005G054500.1.D	1088	982.505	0	0
Gorai.005G054600.1.A	1088	982.505	0	0
Gorai.005G054600.1.D	1088	982.505	0	0
Gorai.005G054700.1.A	2939	2833.5	0	0
Gorai.005G054700.1.D	2939	2833.5	59	0.825872
Gorai.005G054800.1.A	624	518.505	0.5	0.0382474
Gorai.005G054800.1.D	624	518.505	0.5	0.0382474
Gorai.005G054900.1.A	866	760.505	1	0.0521535
Gorai.005G054900.1.D	866	760.505	0	0
Gorai.005G055000.1.A	1914	1808.5	0	0
Gorai.005G055000.1.D	1914	1808.5	10	0.219313
Gorai.005G055100.1.A	2131	2025.5	12	0.234981
Gorai.005G055100.1.D	2131	2025.5	17	0.33289
Gorai.005G055200.1.A	2026	1920.5	590.849	12.2024
Gorai.005G055200.1.D	2026	1920.5	353.151	7.2934
Gorai.005G055300.1.A	378	272.583	0	0
Gorai.005G055300.1.D	378	272.583	0	0
Gorai.005G055400.1.A	1943	1837.5	0.5	0.0107926
Gorai.005G055400.1.D	1943	1837.5	0.5	0.0107926
Gorai.005G055500.1.A	790	684.505	285.499	16.543
Gorai.005G055500.1.D	790	684.505	621.218	35.9959
Gorai.005G055600.1.A	1487	1381.5	21.913	0.629123
Gorai.005G055600.1.D	1487	1381.5	2.08696	0.0599164
Gorai.005G055700.1.A	861	755.505	52.5	2.75618
Gorai.005G055700.1.D	861	755.505	52.5	2.75618
Gorai.005G055800.1.A	1986	1880.5	1	0.0210916
Gorai.005G055800.1.D	1986	1880.5	1	0.0210916
Gorai.005G055900.1.A	1610	1504.5	17.3333	0.456955
Gorai.005G055900.1.D	1610	1504.5	34.6667	0.91391
Gorai.005G056000.1.A	732	626.505	0	0
Gorai.005G056000.1.D	732	626.505	0	0
Gorai.005G056100.1.A	3066	2960.5	783.986	10.5033
Gorai.005G056100.1.D	3066	2960.5	688.014	9.21756
Gorai.005G056200.1.A	1396	1290.5	144	4.42576
Gorai.005G056200.1.D	1396	1290.5	116	3.5652
Gorai.005G056300.1.A	2670	2564.5	0	0
Gorai.005G056300.1.D	2670	2564.5	0	0
Gorai.005G056400.1.A	2230	2124.5	4.36364	0.0814659
Gorai.005G056400.1.D	2230	2124.5	7.63636	0.142565
Gorai.005G056500.1.A	2934	2828.5	240.054	3.36618
Gorai.005G056500.1.D	2934	2828.5	246.946	3.46282
Gorai.005G056600.1.A	637	531.505	0	0
Gorai.005G056600.1.D	637	531.505	0	0
Gorai.005G056700.1.A	877	771.505	87.2169	4.48381
Gorai.005G056700.1.D	877	771.505	166.783	8.5743
Gorai.005G056800.1.A	3911	3805.5	72.25	0.753027
Gorai.005G056800.1.D	3911	3805.5	80.75	0.841618
Gorai.005G056900.1.A	3471	3365.5	422.657	4.98108
Gorai.005G056900.1.D	3471	3365.5	413.343	4.8713
Gorai.005G057000.1.A	4510	4404.5	16.0851	0.144848
Gorai.005G057000.1.D	4510	4404.5	46.9149	0.422473
Gorai.005G057100.1.A	2660	2554.5	189.752	2.94622
Gorai.005G057100.1.D	2660	2554.5	94.2478	1.46335
Gorai.005G057200.1.A	1452	1346.5	3	0.0883687
Gorai.005G057200.1.D	1452	1346.5	1	0.0294562
Gorai.005G057300.1.A	1965	1859.5	7.90323	0.168575
Gorai.005G057300.1.D	1965	1859.5	97.0968	2.07106
Gorai.005G057400.1.A	1039	933.505	5762.74	244.848
Gorai.005G057400.1.D	1039	933.505	433.262	18.4085
Gorai.005G057500.1.A	684	578.505	0	0
Gorai.005G057500.1.D	684	578.505	0	0
Gorai.005G057600.1.A	1451	1345.5	444.205	13.0943
Gorai.005G057600.1.D	1451	1345.5	2161.8	63.7257
Gorai.005G057700.1.A	1790	1684.5	448.828	10.568
Gorai.005G057700.1.D	1790	1684.5	67.1716	1.58161
Gorai.005G057800.1.A	1299	1193.5	0	0
Gorai.005G057800.1.D	1299	1193.5	0	0
Gorai.005G057900.1.A	210	105.986	0	0
Gorai.005G057900.1.D	210	105.986	0	0
Gorai.005G058000.1.A	1254	1148.5	0	0
Gorai.005G058000.1.D	1254	1148.5	0	0
Gorai.005G058100.1.A	1146	1040.5	0	0
Gorai.005G058100.1.D	1146	1040.5	0	0
Gorai.005G058200.1.A	219	114.772	0	0
Gorai.005G058200.1.D	219	114.772	0	0
Gorai.005G058300.1.A	888	782.505	0	0
Gorai.005G058300.1.D	888	782.505	0	0
Gorai.005G058400.1.A	3652	3546.5	342.511	3.83054
Gorai.005G058400.1.D	3652	3546.5	158.051	1.76759
Gorai.005G058500.1.A	416	310.583	0	0
Gorai.005G058500.1.D	416	310.583	0	0
Gorai.005G058600.1.A	309	203.687	0	0
Gorai.005G058600.1.D	309	203.687	0	0
Gorai.005G058700.1.A	954	848.505	0	0
Gorai.005G058700.1.D	954	848.505	0	0
Gorai.005G058800.1.A	1653	1547.5	0	0
Gorai.005G058800.1.D	1653	1547.5	2	0.0512605
Gorai.005G058900.1.A	3928	3822.5	313.698	3.25499
Gorai.005G058900.1.D	3928	3822.5	340.302	3.53103
Gorai.005G059000.1.A	1692	1586.5	88.9535	2.22386
Gorai.005G059000.1.D	1692	1586.5	115.047	2.87619
Gorai.005G059100.1.A	1059	953.505	86.2857	3.58923
Gorai.005G059100.1.D	1059	953.505	64.7143	2.69192
Gorai.005G059200.1.A	2443	2337.5	135.07	2.29188
Gorai.005G059200.1.D	2443	2337.5	138.93	2.35737
Gorai.005G059300.1.A	5621	5515.5	121.263	0.872019
Gorai.005G059300.1.D	5621	5515.5	145.738	1.04802
Gorai.005G059400.1.A	942	836.505	4	0.18966
Gorai.005G059400.1.D	942	836.505	2	0.0948302
Gorai.005G059500.1.A	540	434.551	0	0
Gorai.005G059500.1.D	540	434.551	1	0.0912733
Gorai.005G059600.1.A	1055	949.505	51.0929	2.13426
Gorai.005G059600.1.D	1055	949.505	135.907	5.67714
Gorai.005G059700.1.A	1757	1651.5	28.0946	0.674727
Gorai.005G059700.1.D	1757	1651.5	48.9054	1.17452
Gorai.005G059800.1.A	654	548.505	0	0
Gorai.005G059800.1.D	654	548.505	0	0
Gorai.005G059900.1.A	674	568.505	0	0
Gorai.005G059900.1.D	674	568.505	0	0
Gorai.005G060000.1.A	592	486.551	2.5	0.203796
Gorai.005G060000.1.D	592	486.551	2.5	0.203796
Gorai.005G060100.1.A	309	203.687	0	0
Gorai.005G060100.1.D	309	203.687	0	0
Gorai.005G060200.1.A	783	677.505	1646.2	96.3731
Gorai.005G060200.1.D	783	677.505	87.7975	5.1399
Gorai.005G060300.1.A	384	278.583	88.8889	12.6554
Gorai.005G060300.1.D	384	278.583	151.111	21.5143
Gorai.005G060400.1.A	1647	1541.5	6.52174	0.167804
Gorai.005G060400.1.D	1647	1541.5	43.4783	1.1187
Gorai.005G060500.1.A	1347	1241.5	11	0.351422
Gorai.005G060500.1.D	1347	1241.5	17	0.543107
Gorai.005G060600.1.A	2729	2623.5	239.558	3.62171
Gorai.005G060600.1.D	2729	2623.5	277.442	4.19445
Gorai.005G060700.1.A	1002	896.505	14987.5	663.075
Gorai.005G060700.1.D	1002	896.505	14671.5	649.092
Gorai.005G060800.1.A	1801	1695.5	241.735	5.65491
Gorai.005G060800.1.D	1801	1695.5	279.265	6.53284
Gorai.005G060900.1.A	1897	1791.5	504.402	11.1672
Gorai.005G060900.1.D	1897	1791.5	303.598	6.72149
Gorai.005G061000.1.A	1364	1258.5	0	0
Gorai.005G061000.1.D	1364	1258.5	0	0
Gorai.005G061100.1.A	1125	1019.5	0	0
Gorai.005G061100.1.D	1125	1019.5	38	1.47836
Gorai.005G061200.1.A	1050	944.505	1377.93	57.8641
Gorai.005G061200.1.D	1050	944.505	323.066	13.5666
Gorai.005G061300.1.A	869	763.505	4	0.207794
Gorai.005G061300.1.D	869	763.505	2	0.103897
Gorai.005G061400.1.A	1843	1737.5	0	0
Gorai.005G061400.1.D	1843	1737.5	0	0
Gorai.005G061500.1.A	3147	3041.5	0	0
Gorai.005G061500.1.D	3147	3041.5	0	0
Gorai.005G061600.1.A	867	761.505	8.52174	0.443854
Gorai.005G061600.1.D	867	761.505	19.4783	1.01452
Gorai.005G061700.1.A	2694	2588.5	11.6471	0.178465
Gorai.005G061700.1.D	2694	2588.5	42.3529	0.648962
Gorai.005G061800.1.A	2993	2887.5	1110.64	15.2558
Gorai.005G061800.1.D	2993	2887.5	757.358	10.4031
Gorai.005G061900.1.A	1266	1160.5	0	0
Gorai.005G061900.1.D	1266	1160.5	0	0
Gorai.005G062000.1.A	1075	969.505	1512.33	61.8702
Gorai.005G062000.1.D	1075	969.505	1461.67	59.7977
Gorai.005G062100.1.A	3561	3455.5	28.4651	0.326728
Gorai.005G062100.1.D	3561	3455.5	22.5349	0.25866
Gorai.005G062200.1.A	1914	1808.5	133.865	2.93584
Gorai.005G062200.1.D	1914	1808.5	17.1348	0.375788
Gorai.005G062300.1.A	1099	993.505	0	0
Gorai.005G062300.1.D	1099	993.505	3	0.119767
Gorai.005G062400.1.A	1339	1233.5	718.041	23.0884
Gorai.005G062400.1.D	1339	1233.5	839.89	27.0064
Gorai.005G062500.1.A	888	782.505	0	0
Gorai.005G062500.1.D	888	782.505	0	0
Gorai.005G062600.1.A	426	320.583	0	0
Gorai.005G062600.1.D	426	320.583	0	0
Gorai.005G062700.1.A	871	765.505	8.72727	0.452184
Gorai.005G062700.1.D	871	765.505	15.2727	0.791323
Gorai.005G062800.1.A	435	329.583	0	0
Gorai.005G062800.1.D	435	329.583	0	0
Gorai.005G062900.1.A	153	54.6492	0	0
Gorai.005G062900.1.D	153	54.6492	0	0
Gorai.005G063000.1.A	153	54.6492	0.000346166	0.000251238
Gorai.005G063000.1.D	153	54.6492	1.00934	0.732551
Gorai.005G063100.1.A	501	395.551	0	0
Gorai.005G063100.1.D	501	395.551	0	0
Gorai.005G063200.1.A	483	377.551	0	0
Gorai.005G063200.1.D	483	377.551	0	0
Gorai.005G063300.1.A	820	714.505	3.07143	0.170498
Gorai.005G063300.1.D	820	714.505	39.9286	2.21648
Gorai.005G063400.1.A	835	729.505	2.15218	0.117014
Gorai.005G063400.1.D	835	729.505	41.0018	2.22925
Gorai.005G063500.1.A	210	105.986	0.116371	0.0435492
Gorai.005G063500.1.D	210	105.986	0	0
Gorai.005G063600.1.A	201	97.3325	0	0
Gorai.005G063600.1.D	201	97.3325	0	0
Gorai.005G063700.1.A	2608	2502.5	28.1475	0.446118
Gorai.005G063700.1.D	2608	2502.5	28.3274	0.44897
Gorai.005G063800.1.A	561	455.551	0	0
Gorai.005G063800.1.D	561	455.551	0	0
Gorai.005G063900.1.A	399	293.583	0	0
Gorai.005G063900.1.D	399	293.583	0	0
Gorai.005G064000.1.A	1043	937.505	0	0
Gorai.005G064000.1.D	1043	937.505	0	0
Gorai.005G064100.1.A	369	263.583	0	0
Gorai.005G064100.1.D	369	263.583	5	0.75238
Gorai.005G064200.1.A	470	364.551	65.2815	7.10259
Gorai.005G064200.1.D	470	364.551	65.2815	7.10259
Gorai.005G064300.1.A	399	293.583	0	0
Gorai.005G064300.1.D	399	293.583	0	0
Gorai.005G064400.1.A	153	54.6492	0	0
Gorai.005G064400.1.D	153	54.6492	0	0
Gorai.005G064500.1.A	528	422.551	4	0.375462
Gorai.005G064500.1.D	528	422.551	0	0
Gorai.005G064600.1.A	654	548.505	0	0
Gorai.005G064600.1.D	654	548.505	12.5727	0.909147
Gorai.005G064700.1.A	480	374.551	0	0
Gorai.005G064700.1.D	480	374.551	85.8461	9.09063
Gorai.005G064800.1.A	441	335.583	0	0
Gorai.005G064800.1.D	441	335.583	0	0
Gorai.005G064900.1.A	483	377.551	0	0
Gorai.005G064900.1.D	483	377.551	0	0
Gorai.005G065000.1.A	153	54.6492	0	0
Gorai.005G065000.1.D	153	54.6492	3.02907	2.19842
Gorai.005G065100.1.A	1305	1199.5	1931.51	63.8674
Gorai.005G065100.1.D	1305	1199.5	1964.49	64.9582
Gorai.005G065200.1.A	2411	2305.5	1495.38	25.7258
Gorai.005G065200.1.D	2411	2305.5	1971.62	33.919
Gorai.005G065300.1.A	1279	1173.5	18.6	0.628656
Gorai.005G065300.1.D	1279	1173.5	12.4	0.419104
Gorai.005G065400.1.A	2328	2222.5	1792.39	31.9871
Gorai.005G065400.1.D	2328	2222.5	1982.61	35.3818
Gorai.005G065500.1.A	1701	1595.5	0	0
Gorai.005G065500.1.D	1701	1595.5	0	0
Gorai.005G065600.1.A	1849	1743.5	212.724	4.83926
Gorai.005G065600.1.D	1849	1743.5	384.276	8.74188
Gorai.005G065700.1.A	3081	2975.5	339.3	4.52281
Gorai.005G065700.1.D	3081	2975.5	152.367	2.03102
Gorai.005G065800.1.A	1005	899.505	106.38	4.69072
Gorai.005G065800.1.D	1005	899.505	73.0459	3.2209
Gorai.005G065900.1.A	516	410.551	188	18.1625
Gorai.005G065900.1.D	516	410.551	0	0
Gorai.005G066000.1.A	567	461.551	596.247	51.2379
Gorai.005G066000.1.D	567	461.551	872.753	74.9991
Gorai.005G066100.1.A	3864	3758.5	381.855	4.02966
Gorai.005G066100.1.D	3864	3758.5	254.145	2.68195
Gorai.005G066200.1.A	405	299.583	2	0.264788
Gorai.005G066200.1.D	405	299.583	16	2.1183
Gorai.005G066300.1.A	1827	1721.5	0	0
Gorai.005G066300.1.D	1827	1721.5	2	0.0460794
Gorai.005G066400.1.A	1852	1746.5	19.5507	0.443995
Gorai.005G066400.1.D	1852	1746.5	51.4493	1.16841
Gorai.005G066500.1.A	759	653.505	0	0
Gorai.005G066500.1.D	759	653.505	1	0.0606927
Gorai.005G066600.1.A	495	389.551	0	0
Gorai.005G066600.1.D	495	389.551	0	0
Gorai.005G066700.1.A	2299	2193.5	610.797	11.0444
Gorai.005G066700.1.D	2299	2193.5	320.203	5.7899
Gorai.005G066800.1.A	1243	1137.5	392.147	13.6735
Gorai.005G066800.1.D	1243	1137.5	378.853	13.21
Gorai.005G066900.1.A	1261	1155.5	1	0.0343252
Gorai.005G066900.1.D	1261	1155.5	0	0
Gorai.005G067000.1.A	1497	1391.5	0	0
Gorai.005G067000.1.D	1497	1391.5	0	0
Gorai.005G067100.1.A	2547	2441.5	0	0
Gorai.005G067100.1.D	2547	2441.5	0	0
Gorai.005G067200.1.A	719	613.505	0	0
Gorai.005G067200.1.D	719	613.505	0	0
Gorai.005G067300.1.A	2662	2556.5	2	0.031029
Gorai.005G067300.1.D	2662	2556.5	3	0.0465436
Gorai.005G067400.1.A	2891	2785.5	32.9974	0.469852
Gorai.005G067400.1.D	2891	2785.5	11.6482	0.165859
Gorai.005G067500.1.A	760	654.505	201.742	12.2255
Gorai.005G067500.1.D	760	654.505	138.613	8.39992
Gorai.005G067600.1.A	1924	1818.5	235.973	5.14674
Gorai.005G067600.1.D	1924	1818.5	158.027	3.44669
Gorai.005G067700.1.A	657	551.505	0	0
Gorai.005G067700.1.D	657	551.505	0	0
Gorai.005G067800.1.A	901	795.505	1	0.0498588
Gorai.005G067800.1.D	901	795.505	0	0
Gorai.005G067900.1.A	1609	1503.5	44.9167	1.18492
Gorai.005G067900.1.D	1609	1503.5	200.083	5.27826
Gorai.005G068000.1.A	669	563.505	0	0
Gorai.005G068000.1.D	669	563.505	19.6751	1.38486
Gorai.005G068100.1.A	1360	1254.5	0	0
Gorai.005G068100.1.D	1360	1254.5	0	0
Gorai.005G068200.1.A	1168	1062.5	1	0.0373297
Gorai.005G068200.1.D	1168	1062.5	0	0
Gorai.005G068300.1.A	648	542.505	11.8519	0.866498
Gorai.005G068300.1.D	648	542.505	20.1481	1.47305
Gorai.005G068400.1.A	1970	1864.5	10.3782	0.220771
Gorai.005G068400.1.D	1970	1864.5	97.5548	2.07525
Gorai.005G068500.1.A	1221	1115.5	4.64257	0.165071
Gorai.005G068500.1.D	1221	1115.5	3.4245	0.121762
Gorai.005G068600.1.A	2155	2049.5	223.781	4.33072
Gorai.005G068600.1.D	2155	2049.5	117.219	2.26847
Gorai.005G068700.1.A	714	608.505	645.108	42.0488
Gorai.005G068700.1.D	714	608.505	593.892	38.7105
Gorai.005G068800.1.A	854	748.505	0	0
Gorai.005G068800.1.D	854	748.505	0	0
Gorai.005G068900.1.A	1415	1309.5	7.875	0.238522
Gorai.005G068900.1.D	1415	1309.5	1.125	0.0340746
Gorai.005G069000.1.A	498	392.551	4.49571	0.454241
Gorai.005G069000.1.D	498	392.551	4.49571	0.454241
Gorai.005G069100.1.A	3864	3758.5	319.466	3.37127
Gorai.005G069100.1.D	3864	3758.5	280.534	2.96044
Gorai.005G069200.1.A	1538	1432.5	469.608	13.0024
Gorai.005G069200.1.D	1538	1432.5	245.392	6.79437
Gorai.005G069300.1.A	1666	1560.5	370.317	9.41226
Gorai.005G069300.1.D	1666	1560.5	251.683	6.39695
Gorai.005G069400.1.A	2133	2027.5	5038.8	98.5713
Gorai.005G069400.1.D	2133	2027.5	5633.2	110.199
Gorai.005G069500.1.A	1613	1507.5	198.665	5.22695
Gorai.005G069500.1.D	1613	1507.5	130.335	3.42915
Gorai.005G069600.1.A	2520	2414.5	293.572	4.8225
Gorai.005G069600.1.D	2520	2414.5	59.4276	0.976214
Gorai.005G069700.1.A	13419	13313.5	384.68	1.14602
Gorai.005G069700.1.D	13419	13313.5	146.32	0.435909
Gorai.005G069800.1.A	619	513.505	110	8.49637
Gorai.005G069800.1.D	619	513.505	5	0.386198
Gorai.005G069900.1.A	2029	1923.5	0	0
Gorai.005G069900.1.D	2029	1923.5	2	0.0412403
Gorai.005G070000.1.A	462	356.551	0	0
Gorai.005G070000.1.D	462	356.551	11	1.22365
Gorai.005G070100.1.A	977	871.505	2903.22	132.128
Gorai.005G070100.1.D	977	871.505	726.78	33.0764
Gorai.005G070200.1.A	2704	2598.5	23.4915	0.358569
Gorai.005G070200.1.D	2704	2598.5	42.5085	0.648839
Gorai.005G070300.1.A	944	838.505	29.75	1.40723
Gorai.005G070300.1.D	944	838.505	5.25	0.248335
Gorai.005G070400.1.A	2706	2600.5	195.448	2.98097
Gorai.005G070400.1.D	2706	2600.5	206.552	3.15034
Gorai.005G070500.1.A	2643	2537.5	399.037	6.23723
Gorai.005G070500.1.D	2643	2537.5	193.963	3.03177
Gorai.005G070600.1.A	4271	4165.5	300.61	2.86234
Gorai.005G070600.1.D	4271	4165.5	478.39	4.55512
Gorai.005G070700.1.A	646	540.505	0	0
Gorai.005G070700.1.D	646	540.505	0	0
Gorai.005G070800.1.A	1792	1686.5	34.7429	0.817077
Gorai.005G070800.1.D	1792	1686.5	3.25714	0.076601
Gorai.005G070900.1.A	3772	3666.5	473.669	5.12399
Gorai.005G070900.1.D	3772	3666.5	320.331	3.46522
Gorai.005G071000.1.A	1284	1178.5	74.179	2.49652
Gorai.005G071000.1.D	1284	1178.5	122.821	4.13358
Gorai.005G071100.1.A	1035	929.505	2	0.0853421
Gorai.005G071100.1.D	1035	929.505	2	0.0853421
Gorai.005G071200.1.A	835	729.505	185.415	10.081
Gorai.005G071200.1.D	835	729.505	5.5848	0.303644
Gorai.005G071300.1.A	1716	1610.5	4154.87	102.325
Gorai.005G071300.1.D	1716	1610.5	963.127	23.7196
Gorai.005G071400.1.A	3875	3769.5	217.368	2.28716
Gorai.005G071400.1.D	3875	3769.5	313.632	3.30005
Gorai.005G071500.1.A	1984	1878.5	112.246	2.36998
Gorai.005G071500.1.D	1984	1878.5	1.75385	0.0370309
Gorai.005G071600.1.A	2582	2476.5	1183.45	18.9538
Gorai.005G071600.1.D	2582	2476.5	710.547	11.3799
Gorai.005G071700.1.A	1158	1052.5	189.293	7.13338
Gorai.005G071700.1.D	1158	1052.5	162.707	6.1315
Gorai.005G071800.1.A	2035	1929.5	1090.35	22.4132
Gorai.005G071800.1.D	2035	1929.5	1217.65	25.0301
Gorai.005G071900.1.A	1211	1105.5	200.558	7.19556
Gorai.005G071900.1.D	1211	1105.5	142.442	5.11048
Gorai.005G072000.1.A	207	103.083	0	0
Gorai.005G072000.1.D	207	103.083	0	0
Gorai.005G072100.1.A	324	218.63	0	0
Gorai.005G072100.1.D	324	218.63	0	0
Gorai.005G072200.1.A	207	103.083	0	0
Gorai.005G072200.1.D	207	103.083	0	0
Gorai.005G072300.1.A	297	191.687	0	0
Gorai.005G072300.1.D	297	191.687	0	0
Gorai.005G072400.1.A	357	251.63	0	0
Gorai.005G072400.1.D	357	251.63	0	0
Gorai.005G072500.1.A	2282	2176.5	53.3109	0.971497
Gorai.005G072500.1.D	2282	2176.5	68.6891	1.25174
Gorai.005G072600.1.A	1296	1190.5	174.661	5.819
Gorai.005G072600.1.D	1296	1190.5	281.339	9.37313
Gorai.005G072700.1.A	1445	1339.5	0	0
Gorai.005G072700.1.D	1445	1339.5	0	0
Gorai.005G072800.1.A	2772	2666.5	54.625	0.81252
Gorai.005G072800.1.D	2772	2666.5	97.375	1.44841
Gorai.005G072900.1.A	1360	1254.5	0	0
Gorai.005G072900.1.D	1360	1254.5	1	0.0316164
Gorai.005G073000.1.A	1871	1765.5	10.4714	0.235245
Gorai.005G073000.1.D	1871	1765.5	2.91686	0.0655287
Gorai.005G073100.1.A	2043	1937.5	416.878	8.53398
Gorai.005G073100.1.D	2043	1937.5	459.733	9.41127
Gorai.005G073200.1.A	1048	942.505	108.196	4.55316
Gorai.005G073200.1.D	1048	942.505	247.19	10.4024
Gorai.005G073300.1.A	2493	2387.5	58.7975	0.976787
Gorai.005G073300.1.D	2493	2387.5	16.4086	0.272592
Gorai.005G073400.1.A	2327	2221.5	765.459	13.6666
Gorai.005G073400.1.D	2327	2221.5	640.541	11.4363
Gorai.005G073500.1.A	1182	1076.5	191.733	7.06423
Gorai.005G073500.1.D	1182	1076.5	5.26738	0.194072
Gorai.005G073600.1.A	1211	1105.5	0	0
Gorai.005G073600.1.D	1211	1105.5	9.59216	0.344145
Gorai.005G073700.1.A	1393	1287.5	0	0
Gorai.005G073700.1.D	1393	1287.5	0	0
Gorai.005G073800.1.A	2449	2343.5	2.54545	0.0430809
Gorai.005G073800.1.D	2449	2343.5	11.4545	0.193864
Gorai.005G073900.1.A	2163	2057.5	16.9412	0.326579
Gorai.005G073900.1.D	2163	2057.5	7.05882	0.136074
Gorai.005G074000.1.A	853	747.505	41.8909	2.22275
Gorai.005G074000.1.D	853	747.505	86.1091	4.56899
Gorai.005G074100.1.A	503	397.551	0	0
Gorai.005G074100.1.D	503	397.551	0	0
Gorai.005G074200.1.A	2087	1981.5	180.481	3.61261
Gorai.005G074200.1.D	2087	1981.5	110.519	2.21222
Gorai.005G074300.1.A	1974	1868.5	12	0.254725
Gorai.005G074300.1.D	1974	1868.5	0	0
Gorai.005G074400.1.A	1683	1577.5	284.657	7.15708
Gorai.005G074400.1.D	1683	1577.5	311.343	7.82805
Gorai.005G074500.1.A	541	435.551	0	0
Gorai.005G074500.1.D	541	435.551	0	0
Gorai.005G074600.1.A	783	677.505	0	0
Gorai.005G074600.1.D	783	677.505	3	0.175628
Gorai.005G074700.1.A	1036	930.505	42.1644	1.79727
Gorai.005G074700.1.D	1036	930.505	38.8356	1.65538
Gorai.005G074800.1.A	2911	2805.5	267.754	3.78538
Gorai.005G074800.1.D	2911	2805.5	238.246	3.36822
Gorai.005G074900.1.A	1849	1743.5	2.25926	0.0513958
Gorai.005G074900.1.D	1849	1743.5	58.7407	1.33629
Gorai.005G075000.1.A	1935	1829.5	300.275	6.50984
Gorai.005G075000.1.D	1935	1829.5	186.725	4.04813
Gorai.005G075100.1.A	1371	1265.5	0	0
Gorai.005G075100.1.D	1371	1265.5	0	0
Gorai.005G075200.1.A	2335	2229.5	396.22	7.04875
Gorai.005G075200.1.D	2335	2229.5	233.78	4.15896
Gorai.005G075300.1.A	2226	2120.5	249.366	4.66426
Gorai.005G075300.1.D	2226	2120.5	134.634	2.51826
Gorai.005G075400.1.A	853	747.505	137.71	7.30695
Gorai.005G075400.1.D	853	747.505	190.29	10.0969
Gorai.005G075500.1.A	2393	2287.5	824.319	14.2928
Gorai.005G075500.1.D	2393	2287.5	795.67	13.7961
Gorai.005G075600.1.A	2559	2453.5	51.4062	0.831025
Gorai.005G075600.1.D	2559	2453.5	18.5938	0.300583
Gorai.005G075700.1.A	2355	2249.5	0	0
Gorai.005G075700.1.D	2355	2249.5	3	0.0528956
Gorai.005G075800.1.A	213	108.896	0	0
Gorai.005G075800.1.D	213	108.896	0	0
Gorai.005G075900.1.A	1666	1560.5	268.573	6.82624
Gorai.005G075900.1.D	1666	1560.5	184.427	4.68755
Gorai.005G076000.1.A	648	542.505	0	0
Gorai.005G076000.1.D	648	542.505	1	0.0731108
Gorai.005G076100.1.A	751	645.505	1	0.0614449
Gorai.005G076100.1.D	751	645.505	0	0
Gorai.005G076200.1.A	2383	2277.5	576.289	10.0361
Gorai.005G076200.1.D	2383	2277.5	792.711	13.8051
Gorai.005G076300.1.A	1878	1772.5	14.1818	0.317343
Gorai.005G076300.1.D	1878	1772.5	45.8182	1.02526
Gorai.005G076400.1.A	2885	2779.5	146.272	2.08727
Gorai.005G076400.1.D	2885	2779.5	353.612	5.04597
Gorai.005G076500.1.A	1065	959.505	71.9178	2.97286
Gorai.005G076500.1.D	1065	959.505	3.08219	0.127408
Gorai.005G076600.1.A	2087	1981.5	83.5077	1.67154
Gorai.005G076600.1.D	2087	1981.5	3960.49	79.2755
Gorai.005G076700.1.A	1013	907.505	2.08696	0.0912115
Gorai.005G076700.1.D	1013	907.505	21.913	0.95772
Gorai.005G076800.1.A	1962	1856.5	62.8866	1.34353
Gorai.005G076800.1.D	1962	1856.5	37.1134	0.792902
Gorai.005G076900.1.A	3493	3387.5	42.6441	0.499302
Gorai.005G076900.1.D	3493	3387.5	253.356	2.96644
Gorai.005G077000.1.A	384	278.583	0	0
Gorai.005G077000.1.D	384	278.583	0	0
Gorai.005G077100.1.A	4549	4443.5	628.848	5.61312
Gorai.005G077100.1.D	4549	4443.5	681.152	6.08
Gorai.005G077200.1.A	1018	912.505	654.167	28.434
Gorai.005G077200.1.D	1018	912.505	612.833	26.6374
Gorai.005G077300.1.A	1164	1058.5	344.158	12.8958
Gorai.005G077300.1.D	1164	1058.5	294.842	11.048
Gorai.005G077400.1.A	1419	1313.5	649.803	19.6216
Gorai.005G077400.1.D	1419	1313.5	272.197	8.21933
Gorai.005G077500.1.A	974	868.505	0	0
Gorai.005G077500.1.D	974	868.505	0	0
Gorai.005G077600.1.A	1450	1344.5	8.11765	0.239471
Gorai.005G077600.1.D	1450	1344.5	198.882	5.86704
Gorai.005G077700.1.A	623	517.505	57.4737	4.40494
Gorai.005G077700.1.D	623	517.505	20.5263	1.57319
Gorai.005G077800.1.A	1892	1786.5	73.8467	1.6395
Gorai.005G077800.1.D	1892	1786.5	379.153	8.41774
Gorai.005G077900.1.A	537	431.551	0	0
Gorai.005G077900.1.D	537	431.551	0	0
Gorai.005G078000.1.A	369	263.583	9.37986	1.41144
Gorai.005G078000.1.D	369	263.583	9.37986	1.41144
Gorai.005G078100.1.A	1361	1255.5	0	0
Gorai.005G078100.1.D	1361	1255.5	0	0
Gorai.005G078200.1.A	2035	1929.5	546.599	11.2359
Gorai.005G078200.1.D	2035	1929.5	605.401	12.4446
Gorai.005G078300.1.A	1618	1512.5	73.7796	1.93475
Gorai.005G078300.1.D	1618	1512.5	3142.22	82.3995
Gorai.005G078400.1.A	821	715.505	11.9882	0.664551
Gorai.005G078400.1.D	821	715.505	14.3215	0.793889
Gorai.005G078500.1.A	2033	1927.5	101.516	2.08892
Gorai.005G078500.1.D	2033	1927.5	165.484	3.40523
Gorai.005G078600.1.A	854	748.505	30	1.58969
Gorai.005G078600.1.D	854	748.505	6	0.317937
Gorai.005G078700.1.A	1114	1008.5	3.23077	0.127061
Gorai.005G078700.1.D	1114	1008.5	10.7692	0.423537
Gorai.005G078800.1.A	1546	1440.5	1918.7	52.8295
Gorai.005G078800.1.D	1546	1440.5	1816.3	50.0102
Gorai.005G078900.1.A	1317	1211.5	0	0
Gorai.005G078900.1.D	1317	1211.5	0	0
Gorai.005G079000.1.A	569	463.551	3	0.25669
Gorai.005G079000.1.D	569	463.551	4	0.342253
Gorai.005G079100.1.A	395	289.583	7.7	1.05464
Gorai.005G079100.1.D	395	289.583	3.3	0.451987
Gorai.005G079200.1.A	2800	2694.5	611.008	8.994
Gorai.005G079200.1.D	2800	2694.5	406.992	5.99089
Gorai.005G079300.1.A	3636	3530.5	1934.98	21.7382
Gorai.005G079300.1.D	3636	3530.5	1544.02	17.3461
Gorai.005G079400.1.A	2034	1928.5	116.78	2.40179
Gorai.005G079400.1.D	2034	1928.5	51.2195	1.05342
Gorai.005G079500.1.A	1538	1432.5	0	0
Gorai.005G079500.1.D	1538	1432.5	0	0
Gorai.005G079600.1.A	492	386.551	48.15	4.94054
Gorai.005G079600.1.D	492	386.551	58.85	6.03843
Gorai.005G079700.1.A	1179	1073.5	103.721	3.83219
Gorai.005G079700.1.D	1179	1073.5	119.279	4.40702
Gorai.005G079800.1.A	1638	1532.5	0	0
Gorai.005G079800.1.D	1638	1532.5	0	0
Gorai.005G079900.1.A	1304	1198.5	27.8661	0.922194
Gorai.005G079900.1.D	1304	1198.5	27.8661	0.922194
Gorai.005G080000.1.A	2411	2305.5	77.7707	1.33793
Gorai.005G080000.1.D	2411	2305.5	144.229	2.48126
Gorai.005G080100.1.A	1618	1512.5	17321.7	454.233
Gorai.005G080100.1.D	1618	1512.5	13311.3	349.067
Gorai.005G080200.1.A	2334	2228.5	0	0
Gorai.005G080200.1.D	2334	2228.5	0	0
Gorai.005G080300.1.A	1514	1408.5	1148.23	32.3338
Gorai.005G080300.1.D	1514	1408.5	217.768	6.13227
Gorai.005G080400.1.A	1717	1611.5	8.5	0.209205
Gorai.005G080400.1.D	1717	1611.5	8.5	0.209205
Gorai.005G080500.1.A	4475	4369.5	833.981	7.57023
Gorai.005G080500.1.D	4475	4369.5	623.019	5.65527
Gorai.005G080600.1.A	1661	1555.5	5	0.127492
Gorai.005G080600.1.D	1661	1555.5	0	0
Gorai.005G080700.1.A	1759	1653.5	2	0.0479744
Gorai.005G080700.1.D	1759	1653.5	3	0.0719616
Gorai.005G080800.1.A	2272	2166.5	0	0
Gorai.005G080800.1.D	2272	2166.5	5	0.0915367
Gorai.005G080900.1.A	1455	1349.5	145.292	4.27024
Gorai.005G080900.1.D	1455	1349.5	156.708	4.60576
Gorai.005G081000.1.A	1302	1196.5	1	0.033149
Gorai.005G081000.1.D	1302	1196.5	0	0
Gorai.005G081100.1.A	718	612.505	0	0
Gorai.005G081100.1.D	718	612.505	1	0.0647553
Gorai.005G081200.1.A	3424	3318.5	53.0387	0.633921
Gorai.005G081200.1.D	3424	3318.5	146.961	1.75649
Gorai.005G081300.1.A	1563	1457.5	499.322	13.588
Gorai.005G081300.1.D	1563	1457.5	340.678	9.27084
Gorai.005G081400.1.A	651	545.505	0	0
Gorai.005G081400.1.D	651	545.505	0	0
Gorai.005G081500.1.A	3460	3354.5	17.6	0.208099
Gorai.005G081500.1.D	3460	3354.5	15.4	0.182086
Gorai.005G081600.1.A	1004	898.505	2.5	0.110358
Gorai.005G081600.1.D	1004	898.505	7.5	0.331075
Gorai.005G081700.1.A	1673	1567.5	6.07683	0.153764
Gorai.005G081700.1.D	1673	1567.5	12.2775	0.31066
Gorai.005G081800.1.A	2193	2087.5	6.75	0.128251
Gorai.005G081800.1.D	2193	2087.5	2.25	0.0427504
Gorai.005G081900.1.A	1424	1318.5	0	0
Gorai.005G081900.1.D	1424	1318.5	47.5991	1.43186
Gorai.005G082000.1.A	288	182.738	0	0
Gorai.005G082000.1.D	288	182.738	0	0
Gorai.005G082100.1.A	1653	1547.5	0	0
Gorai.005G082100.1.D	1653	1547.5	0	0
Gorai.005G082200.1.A	527	421.551	0	0
Gorai.005G082200.1.D	527	421.551	0	0
Gorai.005G082300.1.A	1602	1496.5	0	0
Gorai.005G082300.1.D	1602	1496.5	166.719	4.41867
Gorai.005G082400.1.A	1723	1617.5	4858.14	119.127
Gorai.005G082400.1.D	1723	1617.5	2325.19	57.0161
Gorai.005G082500.1.A	2216	2110.5	55	1.03362
Gorai.005G082500.1.D	2216	2110.5	0	0
Gorai.005G082600.1.A	3397	3291.5	289.509	3.48861
Gorai.005G082600.1.D	3397	3291.5	279.75	3.37101
Gorai.005G082700.1.A	1816	1710.5	681.615	15.8052
Gorai.005G082700.1.D	1816	1710.5	670.385	15.5448
Gorai.005G082800.1.A	1292	1186.5	0	0
Gorai.005G082800.1.D	1292	1186.5	1	0.0334284
Gorai.005G082900.1.A	1571	1465.5	2588.56	70.0576
Gorai.005G082900.1.D	1571	1465.5	479.445	12.9759
Gorai.005G083000.1.A	734	628.505	38.3421	2.41965
Gorai.005G083000.1.D	734	628.505	8.65789	0.546372
Gorai.005G083100.1.A	360	254.63	0	0
Gorai.005G083100.1.D	360	254.63	0	0
Gorai.005G083200.1.A	3912	3806.5	537.429	5.59989
Gorai.005G083200.1.D	3912	3806.5	434.571	4.52814
Gorai.005G083300.1.A	870	764.505	1.25	0.0648507
Gorai.005G083300.1.D	870	764.505	3.75	0.194552
Gorai.005G083400.1.A	1737	1631.5	1	0.0243107
Gorai.005G083400.1.D	1737	1631.5	1	0.0243107
Gorai.005G083500.1.A	1428	1322.5	490.959	14.7242
Gorai.005G083500.1.D	1428	1322.5	992.041	29.7521
Gorai.005G083600.1.A	2072	1966.5	32.9419	0.664413
Gorai.005G083600.1.D	2072	1966.5	28.7483	0.579832
Gorai.005G083700.1.A	2508	2402.5	175.879	2.90358
Gorai.005G083700.1.D	2508	2402.5	168.431	2.78063
Gorai.005G083800.1.A	2699	2593.5	8	0.122345
Gorai.005G083800.1.D	2699	2593.5	4	0.0611727
Gorai.005G083900.1.A	1616	1510.5	0	0
Gorai.005G083900.1.D	1616	1510.5	10	0.262581
Gorai.005G084000.1.A	911	805.505	3.23077	0.159083
Gorai.005G084000.1.D	911	805.505	10.7692	0.530275
Gorai.005G084100.1.A	1469	1363.5	16.2105	0.471547
Gorai.005G084100.1.D	1469	1363.5	5.78947	0.16841
Gorai.005G084200.1.A	699	593.505	0	0
Gorai.005G084200.1.D	699	593.505	0	0
Gorai.005G084300.1.A	1097	991.505	416.114	16.6457
Gorai.005G084300.1.D	1097	991.505	330.886	13.2364
Gorai.005G084400.1.A	1080	974.505	171.932	6.99773
Gorai.005G084400.1.D	1080	974.505	95.0682	3.86933
Gorai.005G084500.1.A	2867	2761.5	143	2.05388
Gorai.005G084500.1.D	2867	2761.5	169	2.42731
Gorai.005G084600.1.A	1470	1364.5	585.892	17.0305
Gorai.005G084600.1.D	1470	1364.5	1297.11	37.7039
Gorai.005G084700.1.A	2262	2156.5	176.859	3.25283
Gorai.005G084700.1.D	2262	2156.5	179.141	3.2948
Gorai.005G084800.1.A	1803	1697.5	2	0.0467309
Gorai.005G084800.1.D	1803	1697.5	0	0
Gorai.005G084900.1.A	1016	910.505	0	0
Gorai.005G084900.1.D	1016	910.505	0	0
Gorai.005G085000.1.A	2059	1953.5	288.681	5.86123
Gorai.005G085000.1.D	2059	1953.5	188.319	3.82353
Gorai.005G085100.1.A	2524	2418.5	10	0.163998
Gorai.005G085100.1.D	2524	2418.5	3	0.0491993
Gorai.005G085200.1.A	2756	2650.5	14.2381	0.213063
Gorai.005G085200.1.D	2756	2650.5	8.7619	0.131116
Gorai.005G085300.1.A	1335	1229.5	61.2692	1.9765
Gorai.005G085300.1.D	1335	1229.5	56.7308	1.83009
Gorai.005G085400.1.A	1318	1212.5	0	0
Gorai.005G085400.1.D	1318	1212.5	1	0.0327116
Gorai.005G085500.1.A	1989	1883.5	0	0
Gorai.005G085500.1.D	1989	1883.5	0	0
Gorai.005G085600.1.A	2241	2135.5	0	0
Gorai.005G085600.1.D	2241	2135.5	0	0
Gorai.005G085700.1.A	261	155.894	0	0
Gorai.005G085700.1.D	261	155.894	0	0
Gorai.005G085800.1.A	2247	2141.5	0	0
Gorai.005G085800.1.D	2247	2141.5	2	0.0370421
Gorai.005G085900.1.A	1039	933.505	0	0
Gorai.005G085900.1.D	1039	933.505	0	0
Gorai.005G086000.1.A	2172	2066.5	0	0
Gorai.005G086000.1.D	2172	2066.5	0	0
Gorai.005G086100.1.A	3159	3053.5	56.3651	0.732144
Gorai.005G086100.1.D	3159	3053.5	814.635	10.5816
Gorai.005G086200.1.A	2404	2298.5	0	0
Gorai.005G086200.1.D	2404	2298.5	32	0.552191
Gorai.005G086300.1.A	2443	2337.5	4	0.0678723
Gorai.005G086300.1.D	2443	2337.5	0	0
Gorai.005G086400.1.A	1842	1736.5	0	0
Gorai.005G086400.1.D	1842	1736.5	0	0
Gorai.005G086500.1.A	2292	2186.5	0	0
Gorai.005G086500.1.D	2292	2186.5	0	0
Gorai.005G086600.1.A	1569	1463.5	0	0
Gorai.005G086600.1.D	1569	1463.5	0	0
Gorai.005G086700.1.A	2209	2103.5	0	0
Gorai.005G086700.1.D	2209	2103.5	1	0.0188556
Gorai.005G086800.1.A	2151	2045.5	0	0
Gorai.005G086800.1.D	2151	2045.5	2	0.0387806
Gorai.005G086900.1.A	669	563.505	8	0.563089
Gorai.005G086900.1.D	669	563.505	26	1.83004
Gorai.005G087000.1.A	1966	1860.5	94.9219	2.02358
Gorai.005G087000.1.D	1966	1860.5	55.0781	1.17418
Gorai.005G087100.1.A	744	638.505	0	0
Gorai.005G087100.1.D	744	638.505	0	0
Gorai.005G087200.1.A	1275	1169.5	6.13358	0.208016
Gorai.005G087200.1.D	1275	1169.5	0	0
Gorai.005G087300.1.A	1449	1343.5	0	0
Gorai.005G087300.1.D	1449	1343.5	17	0.501874
Gorai.005G087400.1.A	2025	1919.5	0	0
Gorai.005G087400.1.D	2025	1919.5	4	0.0826524
Gorai.005G087500.1.A	7635	7529.5	463.479	2.44146
Gorai.005G087500.1.D	7635	7529.5	422.521	2.2257
Gorai.005G087600.1.A	1132	1026.5	0	0
Gorai.005G087600.1.D	1132	1026.5	0	0
Gorai.005G087700.1.A	1525	1419.5	62.4758	1.74566
Gorai.005G087700.1.D	1525	1419.5	64.5242	1.8029
Gorai.005G087800.1.A	2922	2816.5	161.455	2.27366
Gorai.005G087800.1.D	2922	2816.5	126.545	1.78205
Gorai.005G087900.1.A	1160	1054.5	0	0
Gorai.005G087900.1.D	1160	1054.5	1	0.0376129
Gorai.005G088000.1.A	1191	1085.5	0	0
Gorai.005G088000.1.D	1191	1085.5	0	0
Gorai.005G088100.1.A	3302	3196.5	361.15	4.48124
Gorai.005G088100.1.D	3302	3196.5	740.85	9.19263
Gorai.005G088200.1.A	1574	1468.5	11.3915	0.307673
Gorai.005G088200.1.D	1574	1468.5	15.1886	0.410231
Gorai.005G088300.1.A	2198	2092.5	0	0
Gorai.005G088300.1.D	2198	2092.5	5	0.0947738
Gorai.005G088400.1.A	3250	3144.5	357.514	4.50948
Gorai.005G088400.1.D	3250	3144.5	387.486	4.88752
Gorai.005G088500.1.A	2771	2665.5	209.411	3.11605
Gorai.005G088500.1.D	2771	2665.5	223.589	3.32703
Gorai.005G088600.1.A	711	605.505	40.3902	2.64572
Gorai.005G088600.1.D	711	605.505	5.60976	0.367461
Gorai.005G088700.1.A	1213	1107.5	2935.34	105.123
Gorai.005G088700.1.D	1213	1107.5	1854.66	66.4208
Gorai.005G088800.1.A	1429	1323.5	125.758	3.76873
Gorai.005G088800.1.D	1429	1323.5	12.2419	0.366868
Gorai.005G088900.1.A	1961	1855.5	251.524	5.37652
Gorai.005G088900.1.D	1961	1855.5	324.476	6.93595
Gorai.005G089000.1.A	1576	1470.5	196.419	5.29788
Gorai.005G089000.1.D	1576	1470.5	109.581	2.95566
Gorai.005G089100.1.A	2189	2083.5	86.7391	1.65122
Gorai.005G089100.1.D	2189	2083.5	958.261	18.2421
Gorai.005G089200.1.A	901	795.505	0	0
Gorai.005G089200.1.D	901	795.505	145	7.22953
Gorai.005G089300.1.A	1363	1257.5	397.816	12.5475
Gorai.005G089300.1.D	1363	1257.5	617.184	19.4666
Gorai.005G089400.1.A	2224	2118.5	8	0.149777
Gorai.005G089400.1.D	2224	2118.5	7	0.131055
Gorai.005G089500.1.A	1065	959.505	0	0
Gorai.005G089500.1.D	1065	959.505	0	0
Gorai.005G089600.1.A	1478	1372.5	0.000232541	6.72002e-06
Gorai.005G089600.1.D	1478	1372.5	1	0.0288982
Gorai.005G089700.1.A	1464	1358.5	0.999767	0.0291892
Gorai.005G089700.1.D	1464	1358.5	0	0
Gorai.005G089800.1.A	1056	950.505	1	0.0417283
Gorai.005G089800.1.D	1056	950.505	5	0.208641
Gorai.005G089900.1.A	1673	1567.5	1592.22	40.2884
Gorai.005G089900.1.D	1673	1567.5	629.776	15.9354
Gorai.005G090000.1.A	875	769.505	35	1.80402
Gorai.005G090000.1.D	875	769.505	0	0
Gorai.005G090100.1.A	768	662.505	2.38569	0.142827
Gorai.005G090100.1.D	768	662.505	2.38569	0.142827
Gorai.005G090200.1.A	351	245.63	0	0
Gorai.005G090200.1.D	351	245.63	0	0
Gorai.005G090300.1.A	1834	1728.5	119.798	2.74894
Gorai.005G090300.1.D	1834	1728.5	144.202	3.30891
Gorai.005G090400.1.A	1502	1396.5	91.4054	2.59606
Gorai.005G090400.1.D	1502	1396.5	174.595	4.95876
Gorai.005G090500.1.A	1674	1568.5	9	0.227584
Gorai.005G090500.1.D	1674	1568.5	4	0.101148
Gorai.005G090600.1.A	1624	1518.5	864.66	22.5847
Gorai.005G090600.1.D	1624	1518.5	792.34	20.6957
Gorai.005G090700.1.A	285	179.772	0	0
Gorai.005G090700.1.D	285	179.772	0	0
Gorai.005G090800.1.A	767	661.505	293.333	17.5879
Gorai.005G090800.1.D	767	661.505	90.6667	5.43625
Gorai.005G090900.1.A	1154	1048.5	0	0
Gorai.005G090900.1.D	1154	1048.5	0	0
Gorai.005G091000.1.A	757	651.505	11.5376	0.702397
Gorai.005G091000.1.D	757	651.505	134.335	8.17815
Gorai.005G091100.1.A	804	698.505	190.629	10.8244
Gorai.005G091100.1.D	804	698.505	394.371	22.3934
Gorai.005G091200.1.A	1832	1726.5	65.9883	1.51595
Gorai.005G091200.1.D	1832	1726.5	116.012	2.66513
Gorai.005G091300.1.A	1205	1099.5	0	0
Gorai.005G091300.1.D	1205	1099.5	0	0
Gorai.005G091400.1.A	1728	1622.5	8.51351	0.208117
Gorai.005G091400.1.D	1728	1622.5	54.4865	1.33195
Gorai.005G091500.1.A	1014	908.505	340.143	14.8498
Gorai.005G091500.1.D	1014	908.505	202.857	8.85619
Gorai.005G091600.1.A	3023	2917.5	2	0.0271896
Gorai.005G091600.1.D	3023	2917.5	0	0
Gorai.005G091700.1.A	2477	2371.5	428.448	7.16571
Gorai.005G091700.1.D	2477	2371.5	359.552	6.01343
Gorai.005G091800.1.A	499	393.551	0	0
Gorai.005G091800.1.D	499	393.551	0	0
Gorai.005G091900.1.A	3485	3379.5	147.285	1.72859
Gorai.005G091900.1.D	3485	3379.5	151.715	1.78057
Gorai.005G092000.1.A	941	835.505	221.67	10.5231
Gorai.005G092000.1.D	941	835.505	382.33	18.1499
Gorai.005G092100.1.A	2644	2538.5	137.876	2.15424
Gorai.005G092100.1.D	2644	2538.5	119.124	1.86126
Gorai.005G092200.1.A	1574	1468.5	774.746	20.9252
Gorai.005G092200.1.D	1574	1468.5	218.254	5.89485
Gorai.005G092300.1.A	840	734.505	0	0
Gorai.005G092300.1.D	840	734.505	4.00953	0.216513
Gorai.005G092400.1.A	1623	1517.5	84.7292	2.21456
Gorai.005G092400.1.D	1623	1517.5	178.365	4.66192
Gorai.005G092500.1.A	1999	1893.5	204.529	4.28423
Gorai.005G092500.1.D	1999	1893.5	34.4712	0.722062
Gorai.005G092600.1.A	5907	5801.5	132.507	0.905906
Gorai.005G092600.1.D	5907	5801.5	119.493	0.816933
Gorai.005G092700.1.A	717	611.505	0	0
Gorai.005G092700.1.D	717	611.505	0	0
Gorai.005G092800.1.A	861	755.505	0	0
Gorai.005G092800.1.D	861	755.505	0	0
Gorai.005G092900.1.A	596	490.551	0	0
Gorai.005G092900.1.D	596	490.551	1	0.0808538
Gorai.005G093000.1.A	984	878.505	0	0
Gorai.005G093000.1.D	984	878.505	0	0
Gorai.005G093100.1.A	789	683.505	14544.3	843.99
Gorai.005G093100.1.D	789	683.505	14329.7	831.533
Gorai.005G093200.1.A	2554	2448.5	28.8056	0.466617
Gorai.005G093200.1.D	2554	2448.5	93.1944	1.50964
Gorai.005G093300.1.A	2361	2255.5	0	0
Gorai.005G093300.1.D	2361	2255.5	0	0
Gorai.005G093400.1.A	1353	1247.5	0	0
Gorai.005G093400.1.D	1353	1247.5	20.3167	0.645945
Gorai.005G093500.1.A	1832	1726.5	27	0.62027
Gorai.005G093500.1.D	1832	1726.5	9	0.206757
Gorai.005G093600.1.A	1534	1428.5	94.4263	2.62178
Gorai.005G093600.1.D	1534	1428.5	202.049	5.60998
Gorai.005G093700.1.A	1113	1007.5	551.228	21.7005
Gorai.005G093700.1.D	1113	1007.5	1019.3	40.1271
Gorai.005G093800.1.A	777	671.505	0	0
Gorai.005G093800.1.D	777	671.505	0	0
Gorai.005G093900.1.A	345	239.63	0	0
Gorai.005G093900.1.D	345	239.63	0	0
Gorai.005G094000.1.A	912	806.505	50.4673	2.48192
Gorai.005G094000.1.D	912	806.505	57.5327	2.82939
Gorai.005G094100.1.A	2328	2222.5	20.0455	0.357732
Gorai.005G094100.1.D	2328	2222.5	28.9545	0.516724
Gorai.005G094200.1.A	1546	1440.5	33.7143	0.928291
Gorai.005G094200.1.D	1546	1440.5	25.2857	0.696218
Gorai.005G094300.1.A	1739	1633.5	46.3415	1.12521
Gorai.005G094300.1.D	1739	1633.5	3.65854	0.0888325
Gorai.005G094400.1.A	915	809.505	4	0.195986
Gorai.005G094400.1.D	915	809.505	3	0.14699
Gorai.005G094500.1.A	1507	1401.5	33.9851	0.961786
Gorai.005G094500.1.D	1507	1401.5	35.0149	0.990931
Gorai.005G094600.1.A	818	712.505	0	0
Gorai.005G094600.1.D	818	712.505	0	0
Gorai.005G094700.1.A	1013	907.505	0	0
Gorai.005G094700.1.D	1013	907.505	0	0
Gorai.005G094800.1.A	1514	1408.5	0	0
Gorai.005G094800.1.D	1514	1408.5	1	0.0281596
Gorai.005G094900.1.A	476	370.551	0	0
Gorai.005G094900.1.D	476	370.551	0	0
Gorai.005G095000.1.A	734	628.505	1.06102	0.0669576
Gorai.005G095000.1.D	734	628.505	1.06102	0.0669576
Gorai.005G095100.1.A	1338	1232.5	161	5.1811
Gorai.005G095100.1.D	1338	1232.5	0	0
Gorai.005G095200.1.A	1269	1163.5	457.364	15.5912
Gorai.005G095200.1.D	1269	1163.5	150.636	5.13505
Gorai.005G095300.1.A	1088	982.505	244.235	9.85957
Gorai.005G095300.1.D	1088	982.505	57.7651	2.33193
Gorai.005G095400.1.A	999	893.505	984.023	43.6811
Gorai.005G095400.1.D	999	893.505	528.977	23.4815
Gorai.005G095500.1.A	1447	1341.5	0	0
Gorai.005G095500.1.D	1447	1341.5	11.0592	0.326977
Gorai.005G095600.1.A	912	806.505	5.77097	0.28381
Gorai.005G095600.1.D	912	806.505	5.77097	0.28381
Gorai.005G095700.1.A	1148	1042.5	68.5039	2.60629
Gorai.005G095700.1.D	1148	1042.5	76.4961	2.91036
Gorai.005G095800.1.A	867	761.505	64.8608	3.37827
Gorai.005G095800.1.D	867	761.505	19.1392	0.996867
Gorai.005G095900.1.A	341	235.63	32.4593	5.46378
Gorai.005G095900.1.D	341	235.63	32.4593	5.46378
Gorai.005G096000.1.A	2979	2873.5	52.217	0.72075
Gorai.005G096000.1.D	2979	2873.5	70.783	0.977017
Gorai.005G096100.1.A	535	429.551	6	0.554014
Gorai.005G096100.1.D	535	429.551	0	0
Gorai.005G096200.1.A	745	639.505	0	0
Gorai.005G096200.1.D	745	639.505	0	0
Gorai.005G096300.1.A	1242	1136.5	4	0.139596
Gorai.005G096300.1.D	1242	1136.5	4	0.139596
Gorai.005G096400.1.A	1053	947.505	12.9081	0.540338
Gorai.005G096400.1.D	1053	947.505	12.9081	0.540338
Gorai.005G096500.1.A	1572	1466.5	657.426	17.7807
Gorai.005G096500.1.D	1572	1466.5	259.574	7.02041
Gorai.005G096600.1.A	4151	4045.5	609.212	5.97284
Gorai.005G096600.1.D	4151	4045.5	642.443	6.29864
Gorai.005G096700.1.A	921	815.505	4	0.194544
Gorai.005G096700.1.D	921	815.505	0	0
Gorai.005G096800.1.A	1616	1510.5	66.5476	1.74741
Gorai.005G096800.1.D	1616	1510.5	63.4524	1.66614
Gorai.005G096900.1.A	628	522.505	18.3833	1.39547
Gorai.005G096900.1.D	628	522.505	18.3833	1.39547
Gorai.005G097000.1.A	10459	10353.5	787.647	3.01737
Gorai.005G097000.1.D	10459	10353.5	551.353	2.11216
Gorai.005G097100.1.A	1553	1447.5	85.2432	2.33574
Gorai.005G097100.1.D	1553	1447.5	80.7568	2.21281
Gorai.005G097200.1.A	2243	2137.5	7757.34	143.943
Gorai.005G097200.1.D	2243	2137.5	2475.66	45.9376
Gorai.005G097300.1.A	1828	1722.5	342.879	7.89523
Gorai.005G097300.1.D	1828	1722.5	660.121	15.2002
Gorai.005G097400.1.A	327	221.63	2	0.35792
Gorai.005G097400.1.D	327	221.63	2	0.35792
Gorai.005G097500.1.A	1066	960.505	6.43601	0.265768
Gorai.005G097500.1.D	1066	960.505	6.43601	0.265768
Gorai.005G097600.1.A	3195	3089.5	1	0.012838
Gorai.005G097600.1.D	3195	3089.5	11	0.141218
Gorai.005G097700.1.A	3337	3231.5	3	0.0368215
Gorai.005G097700.1.D	3337	3231.5	0	0
Gorai.005G097800.1.A	1775	1669.5	13346.8	317.084
Gorai.005G097800.1.D	1775	1669.5	12361.5	293.677
Gorai.005G097900.1.A	1006	900.505	55	2.42249
Gorai.005G097900.1.D	1006	900.505	0	0
Gorai.005G098000.1.A	1835	1729.5	0	0
Gorai.005G098000.1.D	1835	1729.5	6	0.137599
Gorai.005G098100.1.A	1540	1434.5	0	0
Gorai.005G098100.1.D	1540	1434.5	1	0.0276492
Gorai.005G098200.1.A	1243	1137.5	0	0
Gorai.005G098200.1.D	1243	1137.5	9	0.313815
Gorai.005G098300.1.A	1203	1097.5	0	0
Gorai.005G098300.1.D	1203	1097.5	0	0
Gorai.005G098400.1.A	1214	1108.5	7	0.250464
Gorai.005G098400.1.D	1214	1108.5	32	1.14498
Gorai.005G098500.1.A	1369	1263.5	74.8043	2.3482
Gorai.005G098500.1.D	1369	1263.5	18.1957	0.571184
Gorai.005G098600.1.A	2826	2720.5	27.6	0.402388
Gorai.005G098600.1.D	2826	2720.5	74.4	1.0847
Gorai.005G098700.1.A	2195	2089.5	29.6471	0.56276
Gorai.005G098700.1.D	2195	2089.5	24.3529	0.462267
Gorai.005G098800.1.A	2484	2378.5	9.33333	0.155639
Gorai.005G098800.1.D	2484	2378.5	2.66667	0.0444682
Gorai.005G098900.1.A	1166	1060.5	680.456	25.4491
Gorai.005G098900.1.D	1166	1060.5	1255.54	46.9574
Gorai.005G099000.1.A	571	465.551	0	0
Gorai.005G099000.1.D	571	465.551	0	0
Gorai.005G099100.1.A	824	718.505	2.5	0.138005
Gorai.005G099100.1.D	824	718.505	2.5	0.138005
Gorai.005G099200.1.A	1304	1198.5	0	0
Gorai.005G099200.1.D	1304	1198.5	0	0
Gorai.005G099300.1.A	840	734.505	1	0.0539996
Gorai.005G099300.1.D	840	734.505	0	0
Gorai.005G099400.1.A	2651	2545.5	19.04	0.296673
Gorai.005G099400.1.D	2651	2545.5	8.96	0.139611
Gorai.005G099500.1.A	1701	1595.5	0	0
Gorai.005G099500.1.D	1701	1595.5	0	0
Gorai.005G099600.1.A	2227	2121.5	210.207	3.92996
Gorai.005G099600.1.D	2227	2121.5	241.793	4.52048
Gorai.005G099700.1.A	585	479.551	1358	112.318
Gorai.005G099700.1.D	585	479.551	47	3.8873
Gorai.005G099800.1.A	839	733.505	2303.43	124.554
Gorai.005G099800.1.D	839	733.505	1509.57	81.6274
Gorai.005G099900.1.A	2678	2572.5	139.691	2.15376
Gorai.005G099900.1.D	2678	2572.5	130.309	2.00911
Gorai.005G100000.1.A	1826	1720.5	89.3793	2.06047
Gorai.005G100000.1.D	1826	1720.5	102.621	2.36572
Gorai.005G100100.1.A	944	838.505	2652.58	125.472
Gorai.005G100100.1.D	944	838.505	713.424	33.7464
Gorai.005G100200.1.A	1332	1226.5	45.907	1.48455
Gorai.005G100200.1.D	1332	1226.5	1.09302	0.0353464
Gorai.005G100300.1.A	1948	1842.5	6.3871	0.137493
Gorai.005G100300.1.D	1948	1842.5	26.6129	0.572886
Gorai.005G100400.1.A	2109	2003.5	0	0
Gorai.005G100400.1.D	2109	2003.5	18	0.356342
Gorai.005G100500.1.A	1568	1462.5	1021.66	27.7074
Gorai.005G100500.1.D	1568	1462.5	380.337	10.3147
Gorai.005G100600.1.A	1632	1526.5	3	0.0779485
Gorai.005G100600.1.D	1632	1526.5	36	0.935383
Gorai.005G100700.1.A	2228	2122.5	1693.29	31.6422
Gorai.005G100700.1.D	2228	2122.5	154.711	2.89107
Gorai.005G100800.1.A	408	302.583	6.24805	0.819002
Gorai.005G100800.1.D	408	302.583	0	0
Gorai.005G100900.1.A	2811	2705.5	86.7194	1.27131
Gorai.005G100900.1.D	2811	2705.5	60.2806	0.883719
Gorai.005G101000.1.A	1480	1374.5	5207.99	150.283
Gorai.005G101000.1.D	1480	1374.5	5995.01	172.993
Gorai.005G101100.1.A	1606	1500.5	39.6281	1.04749
Gorai.005G101100.1.D	1606	1500.5	97.3719	2.57384
Gorai.005G101200.1.A	1002	896.505	88.4459	3.913
Gorai.005G101200.1.D	1002	896.505	65.5541	2.90023
Gorai.005G101300.1.A	952	846.505	3.15789	0.147963
Gorai.005G101300.1.D	952	846.505	16.8421	0.789136
Gorai.005G101400.1.A	1144	1038.5	0	0
Gorai.005G101400.1.D	1144	1038.5	4	0.152769
Gorai.005G101500.1.A	592	486.551	0	0
Gorai.005G101500.1.D	592	486.551	0	0
Gorai.005G101600.1.A	2944	2838.5	714.675	9.98629
Gorai.005G101600.1.D	2944	2838.5	67.3245	0.940737
Gorai.005G101700.1.A	2902	2796.5	367.988	5.21919
Gorai.005G101700.1.D	2902	2796.5	142.012	2.01416
Gorai.005G101800.1.A	768	662.505	0.62879	0.0376445
Gorai.005G101800.1.D	768	662.505	0.62879	0.0376445
Gorai.005G101900.1.A	1581	1475.5	953.491	25.6307
Gorai.005G101900.1.D	1581	1475.5	318.509	8.56181
Gorai.005G102000.1.A	1461	1355.5	7	0.204825
Gorai.005G102000.1.D	1461	1355.5	0	0
Gorai.005G102100.1.A	278	172.788	0	0
Gorai.005G102100.1.D	278	172.788	0	0
Gorai.005G102200.1.A	1602	1496.5	0	0
Gorai.005G102200.1.D	1602	1496.5	0	0
Gorai.005G102300.1.A	1826	1720.5	42.8571	0.987989
Gorai.005G102300.1.D	1826	1720.5	7.14286	0.164665
Gorai.005G102400.1.A	825	719.505	16.1538	0.890486
Gorai.005G102400.1.D	825	719.505	53.8462	2.96829
Gorai.005G102500.1.A	261	155.894	0	0
Gorai.005G102500.1.D	261	155.894	0	0
Gorai.005G102600.1.A	737	631.505	0	0
Gorai.005G102600.1.D	737	631.505	154	9.67229
Gorai.005G102700.1.A	325	219.63	0	0
Gorai.005G102700.1.D	325	219.63	0	0
Gorai.005G102800.1.A	321	215.63	2.01286	0.370245
Gorai.005G102800.1.D	321	215.63	310.987	57.2029
Gorai.005G102900.1.A	358	252.63	0	0
Gorai.005G102900.1.D	358	252.63	0	0
Gorai.005G103000.1.A	3734	3628.5	56.6562	0.619306
Gorai.005G103000.1.D	3734	3628.5	54.3438	0.594028
Gorai.005G103100.1.A	1211	1105.5	31.1317	1.11693
Gorai.005G103100.1.D	1211	1105.5	31.1317	1.11693
Gorai.005G103200.1.A	2522	2416.5	0	0
Gorai.005G103200.1.D	2522	2416.5	43	0.705774
Gorai.005G103300.1.A	393	287.583	48.8542	6.73788
Gorai.005G103300.1.D	393	287.583	48.8542	6.73788
Gorai.005G103400.1.A	1626	1520.5	169.451	4.42021
Gorai.005G103400.1.D	1626	1520.5	81.5485	2.12722
Gorai.005G103500.1.A	1586	1480.5	0	0
Gorai.005G103500.1.D	1586	1480.5	0	0
Gorai.005G103600.1.A	732	626.505	0	0
Gorai.005G103600.1.D	732	626.505	0	0
Gorai.005G103700.1.A	1085	979.505	0	0
Gorai.005G103700.1.D	1085	979.505	1	0.0404929
Gorai.005G103800.1.A	1284	1178.5	1.28571	0.0432711
Gorai.005G103800.1.D	1284	1178.5	7.71429	0.259627
Gorai.005G103900.1.A	1497	1391.5	0	0
Gorai.005G103900.1.D	1497	1391.5	1	0.0285036
Gorai.005G104000.1.A	387	281.583	8.5	1.19728
Gorai.005G104000.1.D	387	281.583	8.5	1.19728
Gorai.005G104100.1.A	951	845.505	455.5	21.3677
Gorai.005G104100.1.D	951	845.505	455.5	21.3677
Gorai.005G104200.1.A	1474	1368.5	0	0
Gorai.005G104200.1.D	1474	1368.5	0	0
Gorai.005G104300.1.A	306	200.687	0	0
Gorai.005G104300.1.D	306	200.687	0	0
Gorai.005G104400.1.A	2211	2105.5	0	0
Gorai.005G104400.1.D	2211	2105.5	15	0.282566
Gorai.005G104500.1.A	1995	1889.5	2.02451	0.0424969
Gorai.005G104500.1.D	1995	1889.5	0	0
Gorai.005G104600.1.A	1510	1404.5	1	0.0282398
Gorai.005G104600.1.D	1510	1404.5	0	0
Gorai.005G104700.1.A	549	443.551	0	0
Gorai.005G104700.1.D	549	443.551	0	0
Gorai.005G104800.1.A	1649	1543.5	1.2	0.030836
Gorai.005G104800.1.D	1649	1543.5	172.8	4.44039
Gorai.005G104900.1.A	303	197.687	0	0
Gorai.005G104900.1.D	303	197.687	0	0
Gorai.005G105000.1.A	828	722.505	0	0
Gorai.005G105000.1.D	828	722.505	0	0
Gorai.005G105100.1.A	597	491.551	6.5	0.524481
Gorai.005G105100.1.D	597	491.551	6.5	0.524481
Gorai.005G105200.1.A	1026	920.505	18.5946	0.801209
Gorai.005G105200.1.D	1026	920.505	67.4054	2.90438
Gorai.005G105300.1.A	1097	991.505	1.75154	0.0700663
Gorai.005G105300.1.D	1097	991.505	1.75154	0.0700663
Gorai.005G105400.1.A	2246	2140.5	466.744	8.64864
Gorai.005G105400.1.D	2246	2140.5	73.2558	1.35741
Gorai.005G105500.1.A	531	425.551	13	1.21165
Gorai.005G105500.1.D	531	425.551	0	0
Gorai.005G105600.1.A	1302	1196.5	0	0
Gorai.005G105600.1.D	1302	1196.5	0	0
Gorai.005G105700.1.A	1413	1307.5	0	0
Gorai.005G105700.1.D	1413	1307.5	0	0
Gorai.005G105800.1.A	2009	1903.5	2240.02	46.6748
Gorai.005G105800.1.D	2009	1903.5	193.981	4.04194
Gorai.005G105900.1.A	726	620.505	18.4062	1.17654
Gorai.005G105900.1.D	726	620.505	0	0
Gorai.005G106000.1.A	558	452.551	0	0
Gorai.005G106000.1.D	558	452.551	16	1.40229
Gorai.005G106100.1.A	1548	1442.5	0	0
Gorai.005G106100.1.D	1548	1442.5	0	0
Gorai.005G106200.1.A	336	230.63	0	0
Gorai.005G106200.1.D	336	230.63	0	0
Gorai.005G106300.1.A	1166	1060.5	0	0
Gorai.005G106300.1.D	1166	1060.5	1	0.0374001
Gorai.005G106400.1.A	1078	972.505	379.462	15.4761
Gorai.005G106400.1.D	1078	972.505	168.538	6.8737
Gorai.005G106500.1.A	1358	1252.5	354.865	11.2375
Gorai.005G106500.1.D	1358	1252.5	246.135	7.79434
Gorai.005G106600.1.A	519	413.551	4	0.383633
Gorai.005G106600.1.D	519	413.551	0	0
Gorai.005G106700.1.A	499	393.551	1	0.100782
Gorai.005G106700.1.D	499	393.551	0	0
Gorai.005G106800.1.A	773	667.505	10	0.594197
Gorai.005G106800.1.D	773	667.505	7	0.415938
Gorai.005G106900.1.A	1010	904.505	3.35016	0.146906
Gorai.005G106900.1.D	1010	904.505	3.35016	0.146906
Gorai.005G107000.1.A	1650	1544.5	109.574	2.81386
Gorai.005G107000.1.D	1650	1544.5	93.4261	2.39919
Gorai.005G107100.1.A	625	519.505	400.92	30.6093
Gorai.005G107100.1.D	625	519.505	526.08	40.165
Gorai.005G107200.1.A	1773	1667.5	540.013	12.8446
Gorai.005G107200.1.D	1773	1667.5	271.987	6.46943
Gorai.005G107300.1.A	1017	911.505	2	0.0870274
Gorai.005G107300.1.D	1017	911.505	0	0
Gorai.005G107400.1.A	3073	2967.5	1	0.0133658
Gorai.005G107400.1.D	3073	2967.5	20	0.267315
Gorai.005G107500.1.A	424	318.583	0	0
Gorai.005G107500.1.D	424	318.583	8	0.995983
Gorai.005G107600.1.A	273	167.834	6	1.41793
Gorai.005G107600.1.D	273	167.834	17	4.01748
Gorai.005G107700.1.A	222	117.654	3	1.01135
Gorai.005G107700.1.D	222	117.654	0	0
Gorai.005G107800.1.A	2595	2489.5	0	0
Gorai.005G107800.1.D	2595	2489.5	0	0
Gorai.005G107900.1.A	1044	938.505	80.4878	3.40156
Gorai.005G107900.1.D	1044	938.505	271.512	11.4746
Gorai.005G108000.1.A	1548	1442.5	213.19	5.86186
Gorai.005G108000.1.D	1548	1442.5	28.8095	0.792143
Gorai.005G108100.1.A	2042	1936.5	466.495	9.55462
Gorai.005G108100.1.D	2042	1936.5	390.505	7.99821
Gorai.005G108200.1.A	648	542.505	143.075	10.4603
Gorai.005G108200.1.D	648	542.505	38.9249	2.84583
Gorai.005G108300.1.A	2513	2407.5	3168.95	52.2076
Gorai.005G108300.1.D	2513	2407.5	2206.05	36.344
Gorai.005G108400.1.A	867	761.505	1	0.052085
Gorai.005G108400.1.D	867	761.505	0	0
Gorai.005G108500.1.A	979	873.505	38.4676	1.74669
Gorai.005G108500.1.D	979	873.505	5.69042	0.258383
Gorai.005G108600.1.A	612	506.551	0	0
Gorai.005G108600.1.D	612	506.551	0	0
Gorai.005G108700.1.A	240	135.211	0	0
Gorai.005G108700.1.D	240	135.211	0	0
Gorai.005G108800.1.A	582	476.551	4.5	0.374531
Gorai.005G108800.1.D	582	476.551	4.5	0.374531
Gorai.005G108900.1.A	690	584.505	6.5	0.441073
Gorai.005G108900.1.D	690	584.505	6.5	0.441073
Gorai.005G109000.1.A	373	267.583	21.5	3.18687
Gorai.005G109000.1.D	373	267.583	21.5	3.18687
Gorai.005G109100.1.A	1220	1114.5	1	0.035588
Gorai.005G109100.1.D	1220	1114.5	3	0.106764
Gorai.005G109200.1.A	2702	2596.5	1295.87	19.7951
Gorai.005G109200.1.D	2702	2596.5	417.127	6.37182
Gorai.005G109300.1.A	1820	1714.5	158.925	3.67654
Gorai.005G109300.1.D	1820	1714.5	281.075	6.50231
Gorai.005G109400.1.A	964	858.505	0	0
Gorai.005G109400.1.D	964	858.505	11	0.5082
Gorai.005G109500.1.A	2078	1972.5	821.719	16.5231
Gorai.005G109500.1.D	2078	1972.5	72.2809	1.45342
Gorai.005G109600.1.A	522	416.551	0	0
Gorai.005G109600.1.D	522	416.551	108.855	10.3649
Gorai.005G109700.1.A	613	507.551	8.18554	0.639665
Gorai.005G109700.1.D	613	507.551	8.18554	0.639665
Gorai.005G109800.1.A	2185	2079.5	74.4568	1.42013
Gorai.005G109800.1.D	2185	2079.5	88.5432	1.68881
Gorai.005G109900.1.A	1839	1733.5	1342.1	30.7075
Gorai.005G109900.1.D	1839	1733.5	1548.9	35.4392
Gorai.005G110000.1.A	814	708.505	74	4.14261
Gorai.005G110000.1.D	814	708.505	62	3.47083
Gorai.005G110100.1.A	1514	1408.5	0	0
Gorai.005G110100.1.D	1514	1408.5	0	0
Gorai.005G110200.1.A	1871	1765.5	1870.72	42.0267
Gorai.005G110200.1.D	1871	1765.5	1143.28	25.6843
Gorai.005G110300.1.A	216	111.866	0	0
Gorai.005G110300.1.D	216	111.866	0	0
Gorai.005G110400.1.A	108	25.6977	0	0
Gorai.005G110400.1.D	108	25.6977	0	0
Gorai.005G110500.1.A	1389	1283.5	0	0
Gorai.005G110500.1.D	1389	1283.5	0	0
Gorai.005G110600.1.A	1280	1174.5	1	0.0337699
Gorai.005G110600.1.D	1280	1174.5	2	0.0675399
Gorai.005G110700.1.A	1503	1397.5	7.7	0.218536
Gorai.005G110700.1.D	1503	1397.5	25.3	0.718046
Gorai.005G110800.1.A	2203	2097.5	9	0.170186
Gorai.005G110800.1.D	2203	2097.5	9	0.170186
Gorai.005G110900.1.A	7219	7113.5	204.979	1.1429
Gorai.005G110900.1.D	7219	7113.5	246.261	1.37308
Gorai.005G111000.1.A	2412	2306.5	259.446	4.46146
Gorai.005G111000.1.D	2412	2306.5	387.554	6.66443
Gorai.005G111100.1.A	507	401.551	0.5	0.0493871
Gorai.005G111100.1.D	507	401.551	0.5	0.0493871
Gorai.005G111200.1.A	1921	1815.5	576.622	12.5973
Gorai.005G111200.1.D	1921	1815.5	421.378	9.20575
Gorai.005G111300.1.A	1647	1541.5	0	0
Gorai.005G111300.1.D	1647	1541.5	0	0
Gorai.005G111400.1.A	2247	2141.5	205.716	3.81007
Gorai.005G111400.1.D	2247	2141.5	281.284	5.20969
Gorai.005G111500.1.A	333	227.63	0	0
Gorai.005G111500.1.D	333	227.63	0	0
Gorai.005G111600.1.A	1083	977.505	287.485	11.6649
Gorai.005G111600.1.D	1083	977.505	139.515	5.66091
Gorai.005G111700.1.A	291	185.705	0	0
Gorai.005G111700.1.D	291	185.705	1	0.213581
Gorai.005G111800.1.A	2354	2248.5	8.88889	0.156797
Gorai.005G111800.1.D	2354	2248.5	1.11111	0.0195997
Gorai.005G111900.1.A	857	751.505	0	0
Gorai.005G111900.1.D	857	751.505	0	0
Gorai.005G112000.1.A	1464	1358.5	666.827	19.4687
Gorai.005G112000.1.D	1464	1358.5	164.173	4.7932
Gorai.005G112100.1.A	3533	3427.5	2314.33	26.7814
Gorai.005G112100.1.D	3533	3427.5	602.667	6.97404
Gorai.005G112200.1.A	2441	2335.5	331.099	5.62292
Gorai.005G112200.1.D	2441	2335.5	703.901	11.9541
Gorai.005G112300.1.A	736	630.505	10.8224	0.680799
Gorai.005G112300.1.D	736	630.505	10.8224	0.680799
Gorai.005G112400.1.A	1378	1272.5	1	0.0311692
Gorai.005G112400.1.D	1378	1272.5	2	0.0623384
Gorai.005G112500.1.A	893	787.505	21.863	1.10114
Gorai.005G112500.1.D	893	787.505	54.137	2.72663
Gorai.005G112600.1.A	2014	1908.5	727.15	15.1118
Gorai.005G112600.1.D	2014	1908.5	991.85	20.6128
Gorai.005G112700.1.A	1299	1193.5	285.235	9.47903
Gorai.005G112700.1.D	1299	1193.5	87.7647	2.91663
Gorai.005G112800.1.A	879	773.505	0	0
Gorai.005G112800.1.D	879	773.505	1	0.0512769
Gorai.005G112900.1.A	1199	1093.5	113.009	4.09901
Gorai.005G112900.1.D	1199	1093.5	137.991	5.00511
Gorai.005G113000.1.A	1909	1803.5	379.702	8.35046
Gorai.005G113000.1.D	1909	1803.5	93.2982	2.05183
Gorai.005G113100.1.A	2347	2241.5	440.335	7.79163
Gorai.005G113100.1.D	2347	2241.5	1699.66	30.0752
Gorai.005G113200.1.A	1012	906.505	0	0
Gorai.005G113200.1.D	1012	906.505	0	0
Gorai.005G113300.1.A	1779	1673.5	118.548	2.80966
Gorai.005G113300.1.D	1779	1673.5	31.4516	0.74542
Gorai.005G113400.1.A	1119	1013.5	2	0.0782689
Gorai.005G113400.1.D	1119	1013.5	2	0.0782689
Gorai.005G113500.1.A	2158	2052.5	326.619	6.31164
Gorai.005G113500.1.D	2158	2052.5	208.381	4.02678
Gorai.005G113600.1.A	1009	903.505	7	0.307293
Gorai.005G113600.1.D	1009	903.505	0	0
Gorai.005G113700.1.A	1299	1193.5	179.253	5.95698
Gorai.005G113700.1.D	1299	1193.5	67.2766	2.23576
Gorai.005G113800.1.A	3176	3070.5	2850.59	36.8222
Gorai.005G113800.1.D	3176	3070.5	2064.41	26.6668
Gorai.005G113900.1.A	888	782.505	132.899	6.73629
Gorai.005G113900.1.D	888	782.505	276.101	13.9948
Gorai.005G114000.1.A	627	521.505	4	0.304219
Gorai.005G114000.1.D	627	521.505	0	0
Gorai.005G114100.1.A	2362	2256.5	133.321	2.34341
Gorai.005G114100.1.D	2362	2256.5	120.679	2.12119
Gorai.005G114200.1.A	1934	1828.5	0	0
Gorai.005G114200.1.D	1934	1828.5	5	0.108457
Gorai.005G114300.1.A	2660	2554.5	116.947	1.8158
Gorai.005G114300.1.D	2660	2554.5	15.0526	0.233717
Gorai.005G114400.1.A	961	855.505	18.75	0.869288
Gorai.005G114400.1.D	961	855.505	6.25	0.289763
Gorai.005G114500.1.A	909	803.505	2771.28	136.797
Gorai.005G114500.1.D	909	803.505	1948.72	96.1936
Gorai.005G114600.1.A	2495	2389.5	293.379	4.86974
Gorai.005G114600.1.D	2495	2389.5	284.621	4.72437
Gorai.005G114700.1.A	936	830.505	403.472	19.2689
Gorai.005G114700.1.D	936	830.505	260.528	12.4422
Gorai.005G114800.1.A	1070	964.505	27	1.11031
Gorai.005G114800.1.D	1070	964.505	27	1.11031
Gorai.005G114900.1.A	2557	2451.5	1182.1	19.1252
Gorai.005G114900.1.D	2557	2451.5	1571.9	25.4318
Gorai.005G115000.1.A	795	689.505	0	0
Gorai.005G115000.1.D	795	689.505	0	0
Gorai.005G115100.1.A	357	251.63	0	0
Gorai.005G115100.1.D	357	251.63	0	0
Gorai.005G115200.1.A	1086	980.505	6.57143	0.265825
Gorai.005G115200.1.D	1086	980.505	16.4286	0.664561
Gorai.005G115300.1.A	4525	4419.5	276.053	2.47744
Gorai.005G115300.1.D	4525	4419.5	307.947	2.76368
Gorai.005G115400.1.A	734	628.505	74.5706	4.70592
Gorai.005G115400.1.D	734	628.505	1.15536	0.072911
Gorai.005G115500.1.A	438	332.583	4.08102	0.486691
Gorai.005G115500.1.D	438	332.583	2.72479e-07	3.2495e-08
Gorai.005G115600.1.A	2631	2525.5	7933.41	124.594
Gorai.005G115600.1.D	2631	2525.5	8367.59	131.413
Gorai.005G115700.1.A	1955	1849.5	0	0
Gorai.005G115700.1.D	1955	1849.5	0	0
Gorai.005G115800.1.A	3178	3072.5	1472.13	19.0037
Gorai.005G115800.1.D	3178	3072.5	1519.87	19.62
Gorai.005G115900.1.A	486	380.551	9.82026	1.02352
Gorai.005G115900.1.D	486	380.551	9.82026	1.02352
Gorai.005G116000.1.A	2017	1911.5	59.3858	1.23223
Gorai.005G116000.1.D	2017	1911.5	359.614	7.46185
Gorai.005G116100.1.A	2150	2044.5	3131.93	60.7588
Gorai.005G116100.1.D	2150	2044.5	1262.35	24.4894
Gorai.005G116200.1.A	1481	1375.5	128.154	3.69534
Gorai.005G116200.1.D	1481	1375.5	123.846	3.57113
Gorai.005G116300.1.A	1502	1396.5	69.2763	1.96756
Gorai.005G116300.1.D	1502	1396.5	11.7237	0.332971
Gorai.005G116400.1.A	936	830.505	0	0
Gorai.005G116400.1.D	936	830.505	0	0
Gorai.005G116500.1.A	1207	1101.5	0	0
Gorai.005G116500.1.D	1207	1101.5	0	0
Gorai.005G116600.1.A	3567	3461.5	227.452	2.60622
Gorai.005G116600.1.D	3567	3461.5	238.548	2.73335
Gorai.005G116700.1.A	1931	1825.5	247.144	5.36973
Gorai.005G116700.1.D	1931	1825.5	377.856	8.20972
Gorai.005G116800.1.A	3504	3398.5	213.235	2.4886
Gorai.005G116800.1.D	3504	3398.5	1978.77	23.0936
Gorai.005G116900.1.A	1706	1600.5	21.5448	0.533912
Gorai.005G116900.1.D	1706	1600.5	0	0
Gorai.005G117000.1.A	615	509.505	0	0
Gorai.005G117000.1.D	615	509.505	5	0.38923
Gorai.005G117100.1.A	1540	1434.5	48.3915	1.33799
Gorai.005G117100.1.D	1540	1434.5	48.3915	1.33799
Gorai.005G117200.1.A	213	108.896	15	5.46339
Gorai.005G117200.1.D	213	108.896	0	0
Gorai.005G117300.1.A	1812	1706.5	74.8172	1.73892
Gorai.005G117300.1.D	1812	1706.5	121.183	2.81656
Gorai.005G117400.1.A	1031	925.505	3	0.128566
Gorai.005G117400.1.D	1031	925.505	10	0.428555
Gorai.005G117500.1.A	1651	1545.5	37	0.949547
Gorai.005G117500.1.D	1651	1545.5	53	1.36016
Gorai.005G117600.1.A	1038	932.505	21.5753	0.917681
Gorai.005G117600.1.D	1038	932.505	128.425	5.46239
Gorai.005G117700.1.A	2413	2307.5	3977.36	68.3655
Gorai.005G117700.1.D	2413	2307.5	9.64041	0.165706
Gorai.005G117800.1.A	1324	1218.5	225.833	7.35099
Gorai.005G117800.1.D	1324	1218.5	45.1667	1.4702
Gorai.005G117900.1.A	1078	972.505	235.161	9.59089
Gorai.005G117900.1.D	1078	972.505	250.839	10.2303
Gorai.005G118000.1.A	2055	1949.5	341.649	6.9509
Gorai.005G118000.1.D	2055	1949.5	79.3508	1.6144
Gorai.005G118100.1.A	1884	1778.5	14978.5	334.04
Gorai.005G118100.1.D	1884	1778.5	10076.6	224.72
Gorai.005G118200.1.A	2564	2458.5	953.06	15.3757
Gorai.005G118200.1.D	2564	2458.5	1047.94	16.9064
Gorai.005G118300.1.A	1226	1120.5	23.5196	0.832531
Gorai.005G118300.1.D	1226	1120.5	23.5196	0.832531
Gorai.005G118400.1.A	1899	1793.5	92.7092	2.05024
Gorai.005G118400.1.D	1899	1793.5	59.2908	1.3112
Gorai.005G118500.1.A	1252	1146.5	77.9412	2.69635
Gorai.005G118500.1.D	1252	1146.5	81.0588	2.8042
Gorai.005G118600.1.A	2137	2031.5	69.696	1.36074
Gorai.005G118600.1.D	2137	2031.5	62.304	1.21642
Gorai.005G118700.1.A	819	713.505	5.00894	0.278441
Gorai.005G118700.1.D	819	713.505	5.00894	0.278441
Gorai.005G118800.1.A	1073	967.505	2	0.0819902
Gorai.005G118800.1.D	1073	967.505	2	0.0819902
Gorai.005G118900.1.A	768	662.505	6	0.359209
Gorai.005G118900.1.D	768	662.505	1	0.0598682
Gorai.005G119000.1.A	968	862.505	19	0.87373
Gorai.005G119000.1.D	968	862.505	1	0.0459858
Gorai.005G119100.1.A	1378	1272.5	2345.16	73.0968
Gorai.005G119100.1.D	1378	1272.5	1718.84	53.5748
Gorai.005G119200.1.A	2871	2765.5	80.4469	1.15377
Gorai.005G119200.1.D	2871	2765.5	111.553	1.5999
Gorai.005G119300.1.A	2645	2539.5	277.253	4.33024
Gorai.005G119300.1.D	2645	2539.5	50.7472	0.792588
Gorai.005G119400.1.A	1289	1183.5	97.2558	3.25935
Gorai.005G119400.1.D	1289	1183.5	55.7442	1.86816
Gorai.005G119500.1.A	1614	1508.5	42.875	1.12731
Gorai.005G119500.1.D	1614	1508.5	6.125	0.161044
Gorai.005G119600.1.A	2180	2074.5	188.931	3.61222
Gorai.005G119600.1.D	2180	2074.5	296.069	5.66061
Gorai.005G119700.1.A	1635	1529.5	139.452	3.61625
Gorai.005G119700.1.D	1635	1529.5	221.548	5.74516
Gorai.005G119800.1.A	756	650.505	0	0
Gorai.005G119800.1.D	756	650.505	1.06302	0.064815
Gorai.005G119900.1.A	730	624.505	10	0.63511
Gorai.005G119900.1.D	730	624.505	0	0
Gorai.005G120000.1.A	801	695.505	36.6094	2.08774
Gorai.005G120000.1.D	801	695.505	34.3906	1.96121
Gorai.005G120100.1.A	1176	1070.5	25	0.926267
Gorai.005G120100.1.D	1176	1070.5	40	1.48203
Gorai.005G120200.1.A	1883	1777.5	1478.19	32.9841
Gorai.005G120200.1.D	1883	1777.5	1102.81	24.6079
Gorai.005G120300.1.A	1431	1325.5	111.136	3.32551
Gorai.005G120300.1.D	1431	1325.5	190.864	5.7112
Gorai.005G120400.1.A	3722	3616.5	25.4865	0.279515
Gorai.005G120400.1.D	3722	3616.5	179.514	1.96876
Gorai.005G120500.1.A	540	434.551	34	3.10329
Gorai.005G120500.1.D	540	434.551	0	0
Gorai.005G120600.1.A	1290	1184.5	11	0.368333
Gorai.005G120600.1.D	1290	1184.5	0	0
Gorai.005G120700.1.A	3384	3278.5	318.299	3.85075
Gorai.005G120700.1.D	3384	3278.5	1082.7	13.0984
Gorai.005G120800.1.A	393	287.583	0	0
Gorai.005G120800.1.D	393	287.583	0	0
Gorai.005G120900.1.A	2829	2723.5	16	0.233011
Gorai.005G120900.1.D	2829	2723.5	15	0.218448
Gorai.005G121000.1.A	2467	2361.5	1040.34	17.4731
Gorai.005G121000.1.D	2467	2361.5	414.665	6.96455
Gorai.005G121100.1.A	1137	1031.5	84.3357	3.24284
Gorai.005G121100.1.D	1137	1031.5	95.6643	3.67844
Gorai.005G121200.1.A	3321	3215.5	126.551	1.56099
Gorai.005G121200.1.D	3321	3215.5	123.22	1.51991
Gorai.005G121300.1.A	1700	1594.5	1	0.0248748
Gorai.005G121300.1.D	1700	1594.5	1	0.0248748
Gorai.005G121400.1.A	780	674.505	73.9987	4.35135
Gorai.005G121400.1.D	780	674.505	73.9987	4.35135
Gorai.005G121500.1.A	2380	2274.5	223.171	3.89166
Gorai.005G121500.1.D	2380	2274.5	508.829	8.87299
Gorai.005G121600.1.A	1256	1150.5	398.143	13.7257
Gorai.005G121600.1.D	1256	1150.5	421.857	14.5433
Gorai.005G121700.1.A	1569	1463.5	401.406	10.8786
Gorai.005G121700.1.D	1569	1463.5	284.594	7.71289
Gorai.005G121800.1.A	1404	1298.5	0	0
Gorai.005G121800.1.D	1404	1298.5	0	0
Gorai.005G121900.1.A	1898	1792.5	0	0
Gorai.005G121900.1.D	1898	1792.5	0	0
Gorai.005G122000.1.A	1066	960.505	22.2174	0.917442
Gorai.005G122000.1.D	1066	960.505	50.7826	2.09701
Gorai.005G122100.1.A	1665	1559.5	70.5098	1.79328
Gorai.005G122100.1.D	1665	1559.5	239.49	6.09096
Gorai.005G122200.1.A	2507	2401.5	614.312	10.1459
Gorai.005G122200.1.D	2507	2401.5	815.688	13.4718
Gorai.005G122300.1.A	2567	2461.5	867.887	13.9845
Gorai.005G122300.1.D	2567	2461.5	645.113	10.3949
Gorai.005G122400.1.A	2319	2213.5	23.3182	0.41783
Gorai.005G122400.1.D	2319	2213.5	111.682	2.00118
Gorai.005G122500.1.A	3687	3581.5	0	0
Gorai.005G122500.1.D	3687	3581.5	29	0.321157
Gorai.005G122600.1.A	240	135.211	0	0
Gorai.005G122600.1.D	240	135.211	0	0
Gorai.005G122700.1.A	496	390.551	0.5	0.0507781
Gorai.005G122700.1.D	496	390.551	0.5	0.0507781
Gorai.005G122800.1.A	3539	3433.5	751.992	8.68681
Gorai.005G122800.1.D	3539	3433.5	77.9787	0.900789
Gorai.005G122900.1.A	3344	3238.5	392.549	4.80766
Gorai.005G122900.1.D	3344	3238.5	478.481	5.8601
Gorai.005G123000.1.A	924	818.505	0	0
Gorai.005G123000.1.D	924	818.505	0	0
Gorai.005G123100.1.A	1790	1684.5	869.413	20.471
Gorai.005G123100.1.D	1790	1684.5	465.587	10.9626
Gorai.005G123200.1.A	3295	3189.5	694.849	8.64076
Gorai.005G123200.1.D	3295	3189.5	725.151	9.01758
Gorai.005G123300.1.A	1635	1529.5	750.927	19.473
Gorai.005G123300.1.D	1635	1529.5	1127.07	29.2271
Gorai.005G123400.1.A	1129	1023.5	205.147	7.94988
Gorai.005G123400.1.D	1129	1023.5	19.8529	0.769343
Gorai.005G123500.1.A	512	406.551	20	1.95119
Gorai.005G123500.1.D	512	406.551	49.3692	4.81643
Gorai.005G123600.1.A	1386	1280.5	40	1.23898
Gorai.005G123600.1.D	1386	1280.5	0	0
Gorai.005G123700.1.A	1026	920.505	15.4486	0.665651
Gorai.005G123700.1.D	1026	920.505	0	0
Gorai.005G123800.1.A	1649	1543.5	118.936	3.05626
Gorai.005G123800.1.D	1649	1543.5	96.0638	2.46852
Gorai.005G123900.1.A	2510	2404.5	1111.5	18.3346
Gorai.005G123900.1.D	2510	2404.5	386.763	6.37976
Gorai.005G124000.1.A	1414	1308.5	2.28329	0.0692102
Gorai.005G124000.1.D	1414	1308.5	2.28329	0.0692102
Gorai.005G124100.1.A	3563	3457.5	767.675	8.80642
Gorai.005G124100.1.D	3563	3457.5	1120.33	12.8519
Gorai.005G124200.1.A	602	496.551	34.7838	2.77842
Gorai.005G124200.1.D	602	496.551	4.21622	0.336778
Gorai.005G124300.1.A	699	593.505	8.4	0.561358
Gorai.005G124300.1.D	699	593.505	15.6	1.04252
Gorai.005G124400.1.A	558	452.551	407.739	35.7354
Gorai.005G124400.1.D	558	452.551	460.261	40.3387
Gorai.005G124500.1.A	262	156.894	0	0
Gorai.005G124500.1.D	262	156.894	0	0
Gorai.005G124600.1.A	1379	1273.5	51.7586	1.61201
Gorai.005G124600.1.D	1379	1273.5	27.2414	0.848425
Gorai.005G124700.1.A	468	362.551	0	0
Gorai.005G124700.1.D	468	362.551	0	0
Gorai.005G124800.1.A	1052	946.505	3.28571	0.137687
Gorai.005G124800.1.D	1052	946.505	19.7143	0.82612
Gorai.005G124900.1.A	1136	1030.5	559.623	21.5392
Gorai.005G124900.1.D	1136	1030.5	492.377	18.951
Gorai.005G125000.1.A	2268	2162.5	6399.96	117.383
Gorai.005G125000.1.D	2268	2162.5	4033.04	73.9709
Gorai.005G125100.1.A	327	221.63	1.5	0.26844
Gorai.005G125100.1.D	327	221.63	1.5	0.26844
Gorai.005G125200.1.A	495	389.551	0	0
Gorai.005G125200.1.D	495	389.551	0	0
Gorai.005G125300.1.A	934	828.505	32.716	1.56621
Gorai.005G125300.1.D	934	828.505	232.284	11.1201
Gorai.005G125400.1.A	1001	895.505	33.4545	1.48174
Gorai.005G125400.1.D	1001	895.505	30.5455	1.35289
Gorai.005G125500.1.A	759	653.505	41.6	2.52482
Gorai.005G125500.1.D	759	653.505	10.4	0.631204
Gorai.005G125600.1.A	1339	1233.5	61.9104	1.99071
Gorai.005G125600.1.D	1339	1233.5	6.08955	0.195808
Gorai.005G125700.1.A	2111	2005.5	81.4545	1.61093
Gorai.005G125700.1.D	2111	2005.5	366.545	7.24918
Gorai.005G125800.1.A	788	682.505	54.1958	3.14952
Gorai.005G125800.1.D	788	682.505	54.1958	3.14952
Gorai.005G125900.1.A	1108	1002.5	743.813	29.4281
Gorai.005G125900.1.D	1108	1002.5	454.187	17.9694
Gorai.005G126000.1.A	4153	4047.5	153.212	1.50138
Gorai.005G126000.1.D	4153	4047.5	162.788	1.59522
Gorai.005G126100.1.A	2448	2342.5	29.3386	0.496757
Gorai.005G126100.1.D	2448	2342.5	108.661	1.83984
Gorai.005G126200.1.A	1493	1387.5	6.53571	0.186829
Gorai.005G126200.1.D	1493	1387.5	54.4643	1.55691
Gorai.005G126300.1.A	1335	1229.5	55	1.77426
Gorai.005G126300.1.D	1335	1229.5	0	0
Gorai.005G126400.1.A	641	535.505	415.19	30.7516
Gorai.005G126400.1.D	641	535.505	289.81	21.4652
Gorai.005G126500.1.A	648	542.505	6.76923	0.494904
Gorai.005G126500.1.D	648	542.505	15.2308	1.11353
Gorai.005G126600.1.A	1566	1460.5	331.883	9.01294
Gorai.005G126600.1.D	1566	1460.5	345.117	9.37235
Gorai.005G126700.1.A	1264	1158.5	80.5487	2.75769
Gorai.005G126700.1.D	1264	1158.5	42.4513	1.45338
Gorai.005G126800.1.A	2456	2350.5	1982.93	33.4604
Gorai.005G126800.1.D	2456	2350.5	1455.07	24.5531
Gorai.005G126900.1.A	1884	1778.5	1649.88	36.7944
Gorai.005G126900.1.D	1884	1778.5	1392.12	31.0461
Gorai.005G127000.1.A	3350	3244.5	260.985	3.19045
Gorai.005G127000.1.D	3350	3244.5	157.015	1.91946
Gorai.005G127100.1.A	852	746.505	0.5	0.0265658
Gorai.005G127100.1.D	852	746.505	0.5	0.0265658
Gorai.005G127200.1.A	2040	1934.5	173.872	3.56489
Gorai.005G127200.1.D	2040	1934.5	79.1276	1.62234
Gorai.005G127300.1.A	912	806.505	1.13401	0.0557691
Gorai.005G127300.1.D	912	806.505	1.13401	0.0557691
Gorai.005G127400.1.A	210	105.986	10.7618	4.02736
Gorai.005G127400.1.D	210	105.986	0	0
Gorai.005G127500.1.A	2528	2422.5	458.124	7.50073
Gorai.005G127500.1.D	2528	2422.5	532.876	8.72462
Gorai.005G127600.1.A	405	299.583	143.558	19.0062
Gorai.005G127600.1.D	405	299.583	0	0
Gorai.005G127700.1.A	480	374.551	0	0
Gorai.005G127700.1.D	480	374.551	0	0
Gorai.005G127800.1.A	1931	1825.5	465.911	10.1229
Gorai.005G127800.1.D	1931	1825.5	353.089	7.67161
Gorai.005G127900.1.A	3324	3218.5	226.115	2.7865
Gorai.005G127900.1.D	3324	3218.5	273.885	3.3752
Gorai.005G128000.1.A	1233	1127.5	9.47368	0.333262
Gorai.005G128000.1.D	1233	1127.5	10.5263	0.370291
Gorai.005G128100.1.A	3411	3305.5	80.6061	0.967197
Gorai.005G128100.1.D	3411	3305.5	52.3939	0.628678
Gorai.005G128200.1.A	3377	3271.5	1028.24	12.4662
Gorai.005G128200.1.D	3377	3271.5	247.757	3.00374
Gorai.005G128300.1.A	1148	1042.5	5.56338	0.211663
Gorai.005G128300.1.D	1148	1042.5	73.4366	2.79396
Gorai.005G128400.1.A	1194	1088.5	32.4455	1.18225
Gorai.005G128400.1.D	1194	1088.5	80.5545	2.93524
Gorai.005G128500.1.A	2095	1989.5	744.623	14.8449
Gorai.005G128500.1.D	2095	1989.5	1773.38	35.3542
Gorai.005G128600.1.A	1045	939.505	0	0
Gorai.005G128600.1.D	1045	939.505	0	0
Gorai.005G128700.1.A	1331	1225.5	192	6.214
Gorai.005G128700.1.D	1331	1225.5	0	0
Gorai.005G128800.1.A	3635	3529.5	859.218	9.65549
Gorai.005G128800.1.D	3635	3529.5	1065.78	11.9768
Gorai.005G128900.1.A	1931	1825.5	21.4	0.46496
Gorai.005G128900.1.D	1931	1825.5	85.6	1.85984
Gorai.005G129000.1.A	1600	1494.5	1134.5	30.1087
Gorai.005G129000.1.D	1600	1494.5	1134.5	30.1087
Gorai.005G129100.1.A	2972	2866.5	433.519	5.99847
Gorai.005G129100.1.D	2972	2866.5	779.481	10.7854
Gorai.005G129200.1.A	2938	2832.5	29	0.406081
Gorai.005G129200.1.D	2938	2832.5	38	0.532106
Gorai.005G129300.1.A	1620	1514.5	135.296	3.54324
Gorai.005G129300.1.D	1620	1514.5	145.704	3.81579
Gorai.005G129400.1.A	1563	1457.5	339.575	9.24083
Gorai.005G129400.1.D	1563	1457.5	67.4247	1.83482
Gorai.005G129500.1.A	4313	4207.5	963.614	9.08371
Gorai.005G129500.1.D	4313	4207.5	16477.4	155.328
Gorai.005G129600.1.A	8710	8604.5	423.801	1.95354
Gorai.005G129600.1.D	8710	8604.5	372.199	1.71567
Gorai.005G129700.1.A	1842	1736.5	114	2.60384
Gorai.005G129700.1.D	1842	1736.5	114	2.60384
Gorai.005G129800.1.A	525	419.551	0	0
Gorai.005G129800.1.D	525	419.551	0	0
Gorai.005G129900.1.A	1175	1069.5	24.0598	0.892266
Gorai.005G129900.1.D	1175	1069.5	0	0
Gorai.005G130000.1.A	1718	1612.5	1259.21	30.9729
Gorai.005G130000.1.D	1718	1612.5	1281.79	31.5283
Gorai.005G130100.1.A	3910	3804.5	370.987	3.86764
Gorai.005G130100.1.D	3910	3804.5	495.013	5.16063
Gorai.005G130200.1.A	1885	1779.5	62.2778	1.38809
Gorai.005G130200.1.D	1885	1779.5	32.7222	0.729338
Gorai.005G130300.1.A	1446	1340.5	3.5	0.103558
Gorai.005G130300.1.D	1446	1340.5	3.5	0.103558
Gorai.005G130400.1.A	505	399.551	8.47977	0.841776
Gorai.005G130400.1.D	505	399.551	8.47977	0.841776
Gorai.005G130500.1.A	2637	2531.5	200.887	3.14745
Gorai.005G130500.1.D	2637	2531.5	329.113	5.15645
Gorai.005G130600.1.A	519	413.551	11.5486	1.1076
Gorai.005G130600.1.D	519	413.551	11.5486	1.1076
Gorai.005G130700.1.A	515	409.551	0	0
Gorai.005G130700.1.D	515	409.551	0	0
Gorai.005G130800.1.A	836	730.505	20.3	1.10219
Gorai.005G130800.1.D	836	730.505	37.7	2.04693
Gorai.005G130900.1.A	1144	1038.5	1843.2	70.3961
Gorai.005G130900.1.D	1144	1038.5	661.801	25.2758
Gorai.005G131000.1.A	3259	3153.5	377.106	4.74302
Gorai.005G131000.1.D	3259	3153.5	374.894	4.7152
Gorai.005G131100.1.A	1785	1679.5	98.9712	2.33729
Gorai.005G131100.1.D	1785	1679.5	120.029	2.83458
Gorai.005G131200.1.A	3145	3039.5	630.205	8.22364
Gorai.005G131200.1.D	3145	3039.5	413.795	5.39967
Gorai.005G131300.1.A	1104	998.505	0	0
Gorai.005G131300.1.D	1104	998.505	0	0
Gorai.005G131400.1.A	1234	1128.5	0	0
Gorai.005G131400.1.D	1234	1128.5	1	0.0351465
Gorai.005G131500.1.A	1557	1451.5	1229.72	33.6025
Gorai.005G131500.1.D	1557	1451.5	1404.28	38.3726
Gorai.005G131600.1.A	1799	1693.5	160.027	3.74794
Gorai.005G131600.1.D	1799	1693.5	370.973	8.68841
Gorai.005G131700.1.A	605	499.551	23.2936	1.84945
Gorai.005G131700.1.D	605	499.551	23.2936	1.84945
Gorai.005G131800.1.A	837	731.505	1997.87	108.327
Gorai.005G131800.1.D	837	731.505	756.128	40.998
Gorai.005G131900.1.A	432	326.583	0	0
Gorai.005G131900.1.D	432	326.583	0	0
Gorai.005G132000.1.A	2092	1986.5	2346.26	46.8459
Gorai.005G132000.1.D	2092	1986.5	2317.74	46.2764
Gorai.005G132100.1.A	1008	902.505	0	0
Gorai.005G132100.1.D	1008	902.505	0	0
Gorai.005G132200.1.A	2478	2372.5	1	0.0167178
Gorai.005G132200.1.D	2478	2372.5	8	0.133742
Gorai.005G132300.1.A	4413	4307.5	493.903	4.5478
Gorai.005G132300.1.D	4413	4307.5	719.097	6.62135
Gorai.005G132400.1.A	622	516.505	21	1.61261
Gorai.005G132400.1.D	622	516.505	0	0
Gorai.005G132500.1.A	1416	1310.5	1663.25	50.339
Gorai.005G132500.1.D	1416	1310.5	448.746	13.5815
Gorai.005G132600.1.A	306	200.687	0	0
Gorai.005G132600.1.D	306	200.687	0	0
Gorai.005G132700.1.A	343	237.63	2	0.333821
Gorai.005G132700.1.D	343	237.63	2	0.333821
Gorai.005G132800.1.A	1602	1496.5	10.4545	0.277084
Gorai.005G132800.1.D	1602	1496.5	12.5455	0.332501
Gorai.005G132900.1.A	1028	922.505	14.3687	0.617778
Gorai.005G132900.1.D	1028	922.505	102.56	4.40956
Gorai.005G133000.1.A	1365	1259.5	283.677	8.93325
Gorai.005G133000.1.D	1365	1259.5	281.323	8.85911
Gorai.005G133100.1.A	1572	1466.5	1	0.0270459
Gorai.005G133100.1.D	1572	1466.5	1	0.0270459
Gorai.005G133200.1.A	2768	2662.5	211.671	3.15324
Gorai.005G133200.1.D	2768	2662.5	451.41	6.72458
Gorai.005G133300.1.A	1860	1754.5	11.4286	0.258358
Gorai.005G133300.1.D	1860	1754.5	44.5714	1.0076
Gorai.005G133400.1.A	759	653.505	0	0
Gorai.005G133400.1.D	759	653.505	0	0
Gorai.005G133500.1.A	1340	1234.5	30.3158	0.974005
Gorai.005G133500.1.D	1340	1234.5	17.6842	0.568169
Gorai.005G133600.1.A	2780	2674.5	110.014	1.63151
Gorai.005G133600.1.D	2780	2674.5	365.986	5.42758
Gorai.005G133700.1.A	1943	1837.5	109.753	2.36905
Gorai.005G133700.1.D	1943	1837.5	138.247	2.98409
Gorai.005G133800.1.A	318	212.63	0	0
Gorai.005G133800.1.D	318	212.63	0	0
Gorai.005G133900.1.A	2064	1958.5	0	0
Gorai.005G133900.1.D	2064	1958.5	0	0
Gorai.005G134000.1.A	2324	2218.5	1283.03	22.9382
Gorai.005G134000.1.D	2324	2218.5	661.974	11.8349
Gorai.005G134100.1.A	2937	2831.5	6513.58	91.2404
Gorai.005G134100.1.D	2937	2831.5	4158.42	58.25
Gorai.005G134200.1.A	3544	3438.5	662.675	7.64392
Gorai.005G134200.1.D	3544	3438.5	569.325	6.56712
Gorai.005G134300.1.A	1310	1204.5	0	0
Gorai.005G134300.1.D	1310	1204.5	0	0
Gorai.005G134400.1.A	1835	1729.5	583.19	13.3744
Gorai.005G134400.1.D	1835	1729.5	1119.81	25.6807
Gorai.005G134500.1.A	1042	936.505	933.67	39.5429
Gorai.005G134500.1.D	1042	936.505	457.33	19.3689
Gorai.005G134600.1.A	2066	1960.5	51.25	1.03684
Gorai.005G134600.1.D	2066	1960.5	3.75	0.0758662
Gorai.005G134700.1.A	1245	1139.5	0	0
Gorai.005G134700.1.D	1245	1139.5	28.9786	1.00866
Gorai.005G134800.1.A	546	440.551	0	0
Gorai.005G134800.1.D	546	440.551	0	0
Gorai.005G134900.1.A	3979	3873.5	401.607	4.11228
Gorai.005G134900.1.D	3979	3873.5	369.393	3.78242
Gorai.005G135000.1.A	4574	4468.5	688.164	6.10822
Gorai.005G135000.1.D	4574	4468.5	624.836	5.54611
Gorai.005G135100.1.A	1305	1199.5	112.59	3.72292
Gorai.005G135100.1.D	1305	1199.5	65.4096	2.16284
Gorai.005G135200.1.A	1354	1248.5	10	0.317684
Gorai.005G135200.1.D	1354	1248.5	25	0.794209
Gorai.005G135300.1.A	2043	1937.5	182.389	3.73371
Gorai.005G135300.1.D	2043	1937.5	286.611	5.86726
Gorai.005G135400.1.A	868	762.505	693.822	36.0903
Gorai.005G135400.1.D	868	762.505	994.178	51.7138
Gorai.005G135500.1.A	2245	2139.5	20.2222	0.374887
Gorai.005G135500.1.D	2245	2139.5	252.778	4.68609
Gorai.005G135600.1.A	5509	5403.5	1347.91	9.89396
Gorai.005G135600.1.D	5509	5403.5	1230.09	9.02914
Gorai.005G135700.1.A	3754	3648.5	31.9737	0.347586
Gorai.005G135700.1.D	3754	3648.5	13.0263	0.141609
Gorai.005G135800.1.A	264	158.879	0	0
Gorai.005G135800.1.D	264	158.879	0	0
Gorai.005G135900.1.A	4023	3917.5	376.147	3.80832
Gorai.005G135900.1.D	4023	3917.5	75.8529	0.767976
Gorai.005G136000.1.A	1039	933.505	0	0
Gorai.005G136000.1.D	1039	933.505	0	0
Gorai.005G136100.1.A	292	186.705	1.03223	0.219284
Gorai.005G136100.1.D	292	186.705	1.03223	0.219284
Gorai.005G136200.1.A	1886	1780.5	617.66	13.7591
Gorai.005G136200.1.D	1886	1780.5	397.34	8.85124
Gorai.005G136300.1.A	2343	2237.5	5889.41	104.398
Gorai.005G136300.1.D	2343	2237.5	1301.59	23.0726
Gorai.005G136400.1.A	1064	958.505	3.32143	0.137441
Gorai.005G136400.1.D	1064	958.505	27.6786	1.14534
Gorai.005G136500.1.A	1883	1777.5	49.5741	1.10619
Gorai.005G136500.1.D	1883	1777.5	10.623	0.23704
Gorai.005G136600.1.A	507	401.551	0	0
Gorai.005G136600.1.D	507	401.551	0	0
Gorai.005G136700.1.A	1816	1710.5	151.927	3.52287
Gorai.005G136700.1.D	1816	1710.5	107.073	2.48278
Gorai.005G136800.1.A	2699	2593.5	2063.62	31.5594
Gorai.005G136800.1.D	2699	2593.5	1466.38	22.4256
Gorai.005G136900.1.A	2412	2306.5	14.4	0.247624
Gorai.005G136900.1.D	2412	2306.5	33.6	0.57779
Gorai.005G137000.1.A	1200	1094.5	57.1509	2.07105
Gorai.005G137000.1.D	1200	1094.5	175.849	6.37246
Gorai.005G137100.1.A	2924	2818.5	1218.95	17.1535
Gorai.005G137100.1.D	2924	2818.5	1065.05	14.9877
Gorai.005G137200.1.A	1256	1150.5	28	0.965283
Gorai.005G137200.1.D	1256	1150.5	31	1.06871
Gorai.005G137300.1.A	427	321.583	11.3333	1.39781
Gorai.005G137300.1.D	427	321.583	5.66667	0.698907
Gorai.005G137400.1.A	2519	2413.5	860.824	14.1466
Gorai.005G137400.1.D	2519	2413.5	579.176	9.51804
Gorai.005G137500.1.A	2684	2578.5	181.69	2.79478
Gorai.005G137500.1.D	2684	2578.5	33.3099	0.512377
Gorai.005G137600.1.A	1819	1713.5	31.6	0.731453
Gorai.005G137600.1.D	1819	1713.5	47.4	1.09718
Gorai.005G137700.1.A	522	416.551	3	0.285652
Gorai.005G137700.1.D	522	416.551	0	0
Gorai.005G137800.1.A	1725	1619.5	40.2093	0.984757
Gorai.005G137800.1.D	1725	1619.5	50.7907	1.2439
Gorai.005G137900.1.A	315	209.649	0	0
Gorai.005G137900.1.D	315	209.649	2	0.378374
Gorai.005G138000.1.A	2622	2516.5	363.525	5.72956
Gorai.005G138000.1.D	2622	2516.5	1469.48	23.1606
Gorai.005G138100.1.A	2182	2076.5	1	0.0191008
Gorai.005G138100.1.D	2182	2076.5	1	0.0191008
Gorai.005G138200.1.A	3281	3175.5	220.434	2.75328
Gorai.005G138200.1.D	3281	3175.5	271.566	3.39193
Gorai.005G138300.1.A	1062	956.505	0	0
Gorai.005G138300.1.D	1062	956.505	14	0.580532
Gorai.005G138400.1.A	1961	1855.5	2509.44	53.6413
Gorai.005G138400.1.D	1961	1855.5	303.561	6.48887
Gorai.005G138500.1.A	1074	968.505	21.7805	0.891971
Gorai.005G138500.1.D	1074	968.505	72.2195	2.95759
Gorai.005G138600.1.A	1620	1514.5	10	0.261887
Gorai.005G138600.1.D	1620	1514.5	0	0
Gorai.005G138700.1.A	994	888.505	4.90058	0.218762
Gorai.005G138700.1.D	994	888.505	4.90058	0.218762
Gorai.005G138800.1.A	2372	2266.5	66.9375	1.17138
Gorai.005G138800.1.D	2372	2266.5	18.0625	0.316087
Gorai.005G138900.1.A	1966	1860.5	0	0
Gorai.005G138900.1.D	1966	1860.5	0	0
Gorai.005G139000.1.A	2157	2051.5	92.9198	1.79647
Gorai.005G139000.1.D	2157	2051.5	149.08	2.88225
Gorai.005G139100.1.A	1644	1538.5	1161.03	29.9317
Gorai.005G139100.1.D	1644	1538.5	813.967	20.9842
Gorai.005G139200.1.A	2728	2622.5	31.2329	0.472368
Gorai.005G139200.1.D	2728	2622.5	44.7671	0.677061
Gorai.005G139300.1.A	1064	958.505	0	0
Gorai.005G139300.1.D	1064	958.505	167	6.91046
Gorai.005G139400.1.A	2705	2599.5	113.383	1.72999
Gorai.005G139400.1.D	2705	2599.5	322.617	4.92245
Gorai.005G139500.1.A	2035	1929.5	44.7273	0.919415
Gorai.005G139500.1.D	2035	1929.5	27.2727	0.560619
Gorai.005G139600.1.A	1750	1644.5	223.744	5.39636
Gorai.005G139600.1.D	1750	1644.5	117.256	2.82804
Gorai.005G139700.1.A	3182	3076.5	94.0559	1.21259
Gorai.005G139700.1.D	3182	3076.5	88.9441	1.14669
Gorai.005G139800.1.A	1396	1290.5	7.72165	0.237321
Gorai.005G139800.1.D	1396	1290.5	99.2784	3.05126
Gorai.005G139900.1.A	1401	1295.5	0	0
Gorai.005G139900.1.D	1401	1295.5	0	0
Gorai.005G140000.1.A	210	105.986	0	0
Gorai.005G140000.1.D	210	105.986	0	0
Gorai.005G140100.1.A	1397	1291.5	272.941	8.3822
Gorai.005G140100.1.D	1397	1291.5	207.059	6.35891
Gorai.005G140200.1.A	1716	1610.5	0	0
Gorai.005G140200.1.D	1716	1610.5	13.7494	0.338614
Gorai.005G140300.1.A	1124	1018.5	22.8462	0.889682
Gorai.005G140300.1.D	1124	1018.5	4.15385	0.16176
Gorai.005G140400.1.A	4076	3970.5	328.905	3.28557
Gorai.005G140400.1.D	4076	3970.5	70.0946	0.700203
Gorai.005G140500.1.A	468	362.551	0.5	0.0546998
Gorai.005G140500.1.D	468	362.551	0.5	0.0546998
Gorai.005G140600.1.A	1168	1062.5	3	0.111989
Gorai.005G140600.1.D	1168	1062.5	3	0.111989
Gorai.005G140700.1.A	784	678.505	7.20064	0.420923
Gorai.005G140700.1.D	784	678.505	0	0
Gorai.005G140800.1.A	1083	977.505	0	0
Gorai.005G140800.1.D	1083	977.505	0	0
Gorai.005G140900.1.A	1112	1006.5	176.154	6.94163
Gorai.005G140900.1.D	1112	1006.5	52.8462	2.08249
Gorai.005G141000.1.A	1588	1482.5	237.513	6.35443
Gorai.005G141000.1.D	1588	1482.5	232.487	6.21995
Gorai.005G141100.1.A	1758	1652.5	2	0.0480034
Gorai.005G141100.1.D	1758	1652.5	0	0
Gorai.005G141200.1.A	1471	1365.5	0	0
Gorai.005G141200.1.D	1471	1365.5	0	0
Gorai.005G141300.1.A	2966	2860.5	0	0
Gorai.005G141300.1.D	2966	2860.5	6	0.0831943
Gorai.005G141400.1.A	789	683.505	10.1818	0.590838
Gorai.005G141400.1.D	789	683.505	3.81818	0.221564
Gorai.005G141500.1.A	806	700.505	3	0.169862
Gorai.005G141500.1.D	806	700.505	1	0.0566205
Gorai.005G141600.1.A	1662	1556.5	214.788	5.47323
Gorai.005G141600.1.D	1662	1556.5	180.212	4.59218
Gorai.005G141700.1.A	2143	2037.5	0	0
Gorai.005G141700.1.D	2143	2037.5	14	0.27253
Gorai.005G141800.1.A	2509	2403.5	0	0
Gorai.005G141800.1.D	2509	2403.5	2	0.0330043
Gorai.005G141900.1.A	1715	1609.5	86.1991	2.1242
Gorai.005G141900.1.D	1715	1609.5	167.801	4.13511
Gorai.005G142000.1.A	1894	1788.5	48.8475	1.08327
Gorai.005G142000.1.D	1894	1788.5	82.1525	1.82186
Gorai.005G142100.1.A	1728	1622.5	3.10169	0.0758225
Gorai.005G142100.1.D	1728	1622.5	57.8983	1.41535
Gorai.005G142200.1.A	1575	1469.5	67.6837	1.82683
Gorai.005G142200.1.D	1575	1469.5	31.3163	0.845249
Gorai.005G142300.1.A	1414	1308.5	0.5	0.0151558
Gorai.005G142300.1.D	1414	1308.5	0.5	0.0151558
Gorai.005G142400.1.A	978	872.505	0	0
Gorai.005G142400.1.D	978	872.505	2	0.0909174
Gorai.005G142500.1.A	3306	3200.5	38.25	0.474021
Gorai.005G142500.1.D	3306	3200.5	15.75	0.195185
Gorai.005G142600.1.A	2583	2477.5	82.6046	1.32244
Gorai.005G142600.1.D	2583	2477.5	58.7603	0.940708
Gorai.005G142700.1.A	2839	2733.5	86.9488	1.26162
Gorai.005G142700.1.D	2839	2733.5	249.686	3.62293
Gorai.005G142800.1.A	856	750.505	8.47368	0.44782
Gorai.005G142800.1.D	856	750.505	152.526	8.06077
Gorai.005G142900.1.A	1908	1802.5	32.7273	0.720142
Gorai.005G142900.1.D	1908	1802.5	39.2727	0.864171
Gorai.005G143000.1.A	1052	946.505	3	0.125714
Gorai.005G143000.1.D	1052	946.505	0	0
Gorai.005G143100.1.A	2108	2002.5	70.4693	1.39576
Gorai.005G143100.1.D	2108	2002.5	254.531	5.04141
Gorai.005G143200.1.A	1533	1427.5	1.13643	0.0315755
Gorai.005G143200.1.D	1533	1427.5	756.864	21.0293
Gorai.005G143300.1.A	2373	2267.5	12	0.209903
Gorai.005G143300.1.D	2373	2267.5	16	0.27987
Gorai.005G143400.1.A	1587	1481.5	0	0
Gorai.005G143400.1.D	1587	1481.5	0	0
Gorai.005G143500.1.A	1080	974.505	0	0
Gorai.005G143500.1.D	1080	974.505	0	0
Gorai.005G143600.1.A	621	515.505	0	0
Gorai.005G143600.1.D	621	515.505	2	0.15388
Gorai.005G143700.1.A	646	540.505	11.7983	0.865777
Gorai.005G143700.1.D	646	540.505	11.7983	0.865777
Gorai.005G143800.1.A	871	765.505	0	0
Gorai.005G143800.1.D	871	765.505	143	7.40923
Gorai.005G143900.1.A	632	526.505	3	0.225998
Gorai.005G143900.1.D	632	526.505	0	0
Gorai.005G144000.1.A	1537	1431.5	134.078	3.71493
Gorai.005G144000.1.D	1537	1431.5	238.922	6.61984
Gorai.005G144100.1.A	1758	1652.5	6.70588	0.160953
Gorai.005G144100.1.D	1758	1652.5	12.2941	0.29508
Gorai.005G144200.1.A	1390	1284.5	14.1667	0.437438
Gorai.005G144200.1.D	1390	1284.5	2.83333	0.0874877
Gorai.005G144300.1.A	1442	1336.5	8.4	0.249284
Gorai.005G144300.1.D	1442	1336.5	9.6	0.284896
Gorai.005G144400.1.A	845	739.505	0	0
Gorai.005G144400.1.D	845	739.505	2	0.107269
Gorai.005G144500.1.A	1424	1318.5	2	0.0601635
Gorai.005G144500.1.D	1424	1318.5	2	0.0601635
Gorai.005G144600.1.A	2317	2211.5	151.33	2.71407
Gorai.005G144600.1.D	2317	2211.5	141.67	2.54083
Gorai.005G144700.1.A	2276	2170.5	363.939	6.65048
Gorai.005G144700.1.D	2276	2170.5	1011.06	18.4757
Gorai.005G144800.1.A	1694	1588.5	493.313	12.3174
Gorai.005G144800.1.D	1694	1588.5	344.687	8.60639
Gorai.005G144900.1.A	454	348.551	1.5	0.170691
Gorai.005G144900.1.D	454	348.551	1.5	0.170691
Gorai.005G145000.1.A	1854	1748.5	517.945	11.749
Gorai.005G145000.1.D	1854	1748.5	214.055	4.8556
Gorai.005G145100.1.A	2473	2367.5	575.453	9.6406
Gorai.005G145100.1.D	2473	2367.5	633.547	10.6138
Gorai.005G145200.1.A	929	823.505	0	0
Gorai.005G145200.1.D	929	823.505	36.8901	1.77676
Gorai.005G145300.1.A	1780	1674.5	163.877	3.88164
Gorai.005G145300.1.D	1780	1674.5	76.1233	1.80309
Gorai.005G145400.1.A	608	502.551	5.08452	0.401287
Gorai.005G145400.1.D	608	502.551	5.08452	0.401287
Gorai.005G145500.1.A	552	446.551	1.93536	0.1719
Gorai.005G145500.1.D	552	446.551	1.93536	0.1719
Gorai.005G145600.1.A	2274	2168.5	29.1203	0.532623
Gorai.005G145600.1.D	2274	2168.5	247.326	4.52371
Gorai.005G145700.1.A	656	550.505	5.81514	0.418971
Gorai.005G145700.1.D	656	550.505	5.81514	0.418971
Gorai.005G145800.1.A	640	534.505	1867.41	138.571
Gorai.005G145800.1.D	640	534.505	941.591	69.8708
Gorai.005G145900.1.A	1109	1003.5	349.73	13.8229
Gorai.005G145900.1.D	1109	1003.5	269.27	10.6428
Gorai.005G146000.1.A	2017	1911.5	0	0
Gorai.005G146000.1.D	2017	1911.5	0	0
Gorai.005G146100.1.A	1646	1540.5	133.293	3.43187
Gorai.005G146100.1.D	1646	1540.5	76.7066	1.97494
Gorai.005G146200.1.A	2008	1902.5	3	0.0625432
Gorai.005G146200.1.D	2008	1902.5	19	0.396107
Gorai.005G146300.1.A	441	335.583	2.03077	0.240019
Gorai.005G146300.1.D	441	335.583	0	0
Gorai.005G146400.1.A	1617	1511.5	406.675	10.6714
Gorai.005G146400.1.D	1617	1511.5	597.687	15.6837
Gorai.005G146500.1.A	916	810.505	39.7692	1.94615
Gorai.005G146500.1.D	916	810.505	7.23077	0.353846
Gorai.005G146600.1.A	1558	1452.5	0	0
Gorai.005G146600.1.D	1558	1452.5	0	0
Gorai.005G146700.1.A	988	882.505	0	0
Gorai.005G146700.1.D	988	882.505	4	0.179774
Gorai.005G146800.1.A	1060	954.505	0	0
Gorai.005G146800.1.D	1060	954.505	0	0
Gorai.005G146900.1.A	2358	2252.5	0	0
Gorai.005G146900.1.D	2358	2252.5	26.6025	0.468427
Gorai.005G147000.1.A	993	887.505	0.5	0.0223452
Gorai.005G147000.1.D	993	887.505	0.5	0.0223452
Gorai.005G147100.1.A	2189	2083.5	0	0
Gorai.005G147100.1.D	2189	2083.5	11	0.209403
Gorai.005G147200.1.A	1149	1043.5	0	0
Gorai.005G147200.1.D	1149	1043.5	0	0
Gorai.005G147300.1.A	769	663.505	0	0
Gorai.005G147300.1.D	769	663.505	1	0.0597779
Gorai.005G147400.1.A	2220	2114.5	48	0.900363
Gorai.005G147400.1.D	2220	2114.5	184	3.45139
Gorai.005G147500.1.A	1531	1425.5	136.578	3.80012
Gorai.005G147500.1.D	1531	1425.5	205.422	5.71562
Gorai.005G147600.1.A	1705	1599.5	448.276	11.1159
Gorai.005G147600.1.D	1705	1599.5	201.724	5.00216
Gorai.005G147700.1.A	2298	2192.5	163.391	2.95578
Gorai.005G147700.1.D	2298	2192.5	292.609	5.29337
Gorai.005G147800.1.A	842	736.505	2	0.107706
Gorai.005G147800.1.D	842	736.505	0	0
Gorai.005G147900.1.A	3555	3449.5	48.0588	0.552588
Gorai.005G147900.1.D	3555	3449.5	46.9412	0.539737
Gorai.005G148000.1.A	1821	1715.5	16.5	0.381485
Gorai.005G148000.1.D	1821	1715.5	16.5	0.381485
Gorai.005G148100.1.A	2984	2878.5	441.29	6.08054
Gorai.005G148100.1.D	2984	2878.5	891.71	12.2869
Gorai.005G148200.1.A	1236	1130.5	0	0
Gorai.005G148200.1.D	1236	1130.5	0	0
Gorai.005G148300.1.A	3488	3382.5	70.4662	0.82628
Gorai.005G148300.1.D	3488	3382.5	71.5338	0.838799
Gorai.005G148400.1.A	5076	4970.5	87.36	0.697103
Gorai.005G148400.1.D	5076	4970.5	24.64	0.196619
Gorai.005G148500.1.A	1257	1151.5	0	0
Gorai.005G148500.1.D	1257	1151.5	0	0
Gorai.005G148600.1.A	585	479.551	0	0
Gorai.005G148600.1.D	585	479.551	6	0.496251
Gorai.005G148700.1.A	1890	1784.5	0	0
Gorai.005G148700.1.D	1890	1784.5	0	0
Gorai.005G148800.1.A	1036	930.505	280.564	11.9591
Gorai.005G148800.1.D	1036	930.505	158.436	6.75337
Gorai.005G148900.1.A	1544	1438.5	33.917	0.93517
Gorai.005G148900.1.D	1544	1438.5	15.6043	0.430247
Gorai.005G149000.1.A	1559	1453.5	7.08303	0.19328
Gorai.005G149000.1.D	1559	1453.5	2.39571	0.0653736
Gorai.005G149100.1.A	1068	962.505	3475.88	143.234
Gorai.005G149100.1.D	1068	962.505	5843.12	240.784
Gorai.005G149200.1.A	156	56.9452	655.144	456.315
Gorai.005G149200.1.D	156	56.9452	1333.43	928.75
Gorai.005G149300.1.A	1822	1716.5	126.358	2.91973
Gorai.005G149300.1.D	1822	1716.5	322.642	7.45523
Gorai.005G149400.1.A	1026	920.505	19	0.818677
Gorai.005G149400.1.D	1026	920.505	0	0
Gorai.005G149500.1.A	552	446.551	0	0
Gorai.005G149500.1.D	552	446.551	0	0
Gorai.005G149600.1.A	2564	2458.5	360.123	5.80985
Gorai.005G149600.1.D	2564	2458.5	247.877	3.99899
Gorai.005G149700.1.A	3559	3453.5	607.032	6.97166
Gorai.005G149700.1.D	3559	3453.5	113.968	1.30891
Gorai.005G149800.1.A	892	786.505	0	0
Gorai.005G149800.1.D	892	786.505	59	2.97533
Gorai.005G149900.1.A	2176	2070.5	25	0.478904
Gorai.005G149900.1.D	2176	2070.5	10	0.191562
Gorai.005G150000.1.A	1273	1167.5	98.5612	3.34836
Gorai.005G150000.1.D	1273	1167.5	592.439	20.1266
Gorai.005G150100.1.A	3323	3217.5	64.5312	0.795492
Gorai.005G150100.1.D	3323	3217.5	40.4688	0.498868
Gorai.005G150200.1.A	474	368.551	6.5	0.69952
Gorai.005G150200.1.D	474	368.551	6.5	0.69952
Gorai.005G150300.1.A	2144	2038.5	6	0.116741
Gorai.005G150300.1.D	2144	2038.5	0	0
Gorai.005G150400.1.A	1330	1224.5	4.61538	0.149497
Gorai.005G150400.1.D	1330	1224.5	15.3846	0.498323
Gorai.005G150500.1.A	1262	1156.5	0	0
Gorai.005G150500.1.D	1262	1156.5	0	0
Gorai.005G150600.1.A	1510	1404.5	105.028	2.96596
Gorai.005G150600.1.D	1510	1404.5	900.972	25.4433
Gorai.005G150700.1.A	2846	2740.5	1019.49	14.755
Gorai.005G150700.1.D	2846	2740.5	587.505	8.50288
Gorai.005G150800.1.A	935	829.505	4.57143	0.218584
Gorai.005G150800.1.D	935	829.505	3.42857	0.163938
Gorai.005G150900.1.A	473	367.551	0	0
Gorai.005G150900.1.D	473	367.551	15	1.61867
Gorai.005G151000.1.A	1797	1691.5	241.4	5.66042
Gorai.005G151000.1.D	1797	1691.5	823.6	19.312
Gorai.005G151100.1.A	3595	3489.5	111.232	1.2643
Gorai.005G151100.1.D	3595	3489.5	109.768	1.24766
Gorai.005G151200.1.A	825	719.505	0	0
Gorai.005G151200.1.D	825	719.505	0	0
Gorai.005G151300.1.A	861	755.505	20.9694	1.10087
Gorai.005G151300.1.D	861	755.505	0	0
Gorai.005G151400.1.A	2566	2460.5	5.71429	0.0921134
Gorai.005G151400.1.D	2566	2460.5	2.28571	0.0368453
Gorai.005G151500.1.A	1501	1395.5	217.517	6.18226
Gorai.005G151500.1.D	1501	1395.5	49.4826	1.40639
Gorai.005G151600.1.A	1374	1268.5	78.6154	2.4581
Gorai.005G151600.1.D	1374	1268.5	117.385	3.67032
Gorai.005G151700.1.A	1305	1199.5	1	0.0330661
Gorai.005G151700.1.D	1305	1199.5	0	0
Gorai.005G151800.1.A	1522	1416.5	68.8417	1.92761
Gorai.005G151800.1.D	1522	1416.5	36.0574	1.00963
Gorai.005G151900.1.A	892	786.505	22.8148	1.15054
Gorai.005G151900.1.D	892	786.505	33.1852	1.67351
Gorai.005G152000.1.A	1329	1223.5	46.5287	1.50834
Gorai.005G152000.1.D	1329	1223.5	45.4713	1.47406
Gorai.005G152100.1.A	941	835.505	66.8095	3.17157
Gorai.005G152100.1.D	941	835.505	71.1905	3.37954
Gorai.005G152200.1.A	2650	2544.5	66.4598	1.03595
Gorai.005G152200.1.D	2650	2544.5	129.54	2.01923
Gorai.005G152300.1.A	2195	2089.5	50.2597	0.954029
Gorai.005G152300.1.D	2195	2089.5	121.74	2.31087
Gorai.005G152400.1.A	3133	3027.5	760.444	9.96248
Gorai.005G152400.1.D	3133	3027.5	747.556	9.79363
Gorai.005G152500.1.A	357	251.63	0	0
Gorai.005G152500.1.D	357	251.63	0	0
Gorai.005G152600.1.A	1963	1857.5	2028.1	43.3057
Gorai.005G152600.1.D	1963	1857.5	1438.9	30.7245
Gorai.005G152700.1.A	1507	1401.5	8.33333	0.235835
Gorai.005G152700.1.D	1507	1401.5	16.6667	0.471671
Gorai.005G152800.1.A	5897	5791.5	219.448	1.50288
Gorai.005G152800.1.D	5897	5791.5	328.552	2.25008
Gorai.005G152900.1.A	1335	1229.5	1	0.0322593
Gorai.005G152900.1.D	1335	1229.5	1	0.0322593
Gorai.005G153000.1.A	2757	2651.5	7	0.104711
Gorai.005G153000.1.D	2757	2651.5	0	0
Gorai.005G153100.1.A	907	801.505	0	0
Gorai.005G153100.1.D	907	801.505	1	0.0494856
Gorai.005G153200.1.A	1899	1793.5	6547.4	144.794
Gorai.005G153200.1.D	1899	1793.5	17983.6	397.703
Gorai.005G153300.1.A	1369	1263.5	1.04	0.0326469
Gorai.005G153300.1.D	1369	1263.5	50.96	1.5997
Gorai.005G153400.1.A	2705	2599.5	684.898	10.4501
Gorai.005G153400.1.D	2705	2599.5	702.102	10.7126
Gorai.005G153500.1.A	409	303.583	5	0.653247
Gorai.005G153500.1.D	409	303.583	5	0.653247
Gorai.005G153600.1.A	477	371.551	1	0.10675
Gorai.005G153600.1.D	477	371.551	0	0
Gorai.005G153700.1.A	652	546.505	59.1417	4.29225
Gorai.005G153700.1.D	652	546.505	0	0
Gorai.005G153800.1.A	222	117.654	0	0
Gorai.005G153800.1.D	222	117.654	0	0
Gorai.005G153900.1.A	1681	1575.5	0	0
Gorai.005G153900.1.D	1681	1575.5	0	0
Gorai.005G154000.1.A	3020	2914.5	0	0
Gorai.005G154000.1.D	3020	2914.5	370	5.03526
Gorai.005G154100.1.A	1998	1892.5	0	0
Gorai.005G154100.1.D	1998	1892.5	131	2.74549
Gorai.005G154200.1.A	1258	1152.5	0	0
Gorai.005G154200.1.D	1258	1152.5	524	18.0332
Gorai.005G154300.1.A	1994	1888.5	23.0769	0.484668
Gorai.005G154300.1.D	1994	1888.5	21.9231	0.460435
Gorai.005G154400.1.A	657	551.505	0	0
Gorai.005G154400.1.D	657	551.505	24.9309	1.79297
Gorai.005G154500.1.A	1590	1484.5	108.449	2.89754
Gorai.005G154500.1.D	1590	1484.5	671.551	17.9425
Gorai.005G154600.1.A	4095	3989.5	540.095	5.36953
Gorai.005G154600.1.D	4095	3989.5	489.905	4.87054
Gorai.005G154700.1.A	1859	1753.5	6	0.135715
Gorai.005G154700.1.D	1859	1753.5	8	0.180954
Gorai.005G154800.1.A	645	539.505	2	0.147035
Gorai.005G154800.1.D	645	539.505	2	0.147035
Gorai.005G154900.1.A	937	831.505	343.215	16.3714
Gorai.005G154900.1.D	937	831.505	374.209	17.8498
Gorai.005G155000.1.A	937	831.505	829.691	39.5764
Gorai.005G155000.1.D	937	831.505	837.886	39.9673
Gorai.005G155100.1.A	1535	1429.5	140.06	3.88609
Gorai.005G155100.1.D	1535	1429.5	273.94	7.60073
Gorai.005G155200.1.A	3808	3702.5	69.03	0.739481
Gorai.005G155200.1.D	3808	3702.5	47.97	0.513877
Gorai.005G155300.1.A	582	476.551	0	0
Gorai.005G155300.1.D	582	476.551	0	0
Gorai.005G155400.1.A	1756	1650.5	119.036	2.86053
Gorai.005G155400.1.D	1756	1650.5	70.9639	1.70532
Gorai.005G155500.1.A	1506	1400.5	1481.7	41.9625
Gorai.005G155500.1.D	1506	1400.5	184.297	5.21937
Gorai.005G155600.1.A	258	152.936	0	0
Gorai.005G155600.1.D	258	152.936	0	0
Gorai.005G155700.1.A	1944	1838.5	0	0
Gorai.005G155700.1.D	1944	1838.5	0	0
Gorai.005G155800.1.A	2357	2251.5	0	0
Gorai.005G155800.1.D	2357	2251.5	0	0
Gorai.005G155900.1.A	1641	1535.5	1.32399	0.0341994
Gorai.005G155900.1.D	1641	1535.5	15.3757	0.397163
Gorai.005G156000.1.A	2441	2335.5	0	0
Gorai.005G156000.1.D	2441	2335.5	3	0.0509478
Gorai.005G156100.1.A	1538	1432.5	0	0
Gorai.005G156100.1.D	1538	1432.5	9.22674	0.255468
Gorai.005G156200.1.A	823	717.505	1.87739	0.10378
Gorai.005G156200.1.D	823	717.505	1.87739	0.10378
Gorai.005G156300.1.A	1277	1171.5	18.9474	0.64149
Gorai.005G156300.1.D	1277	1171.5	21.0526	0.712767
Gorai.005G156400.1.A	267	161.849	0	0
Gorai.005G156400.1.D	267	161.849	0	0
Gorai.005G156500.1.A	694	588.505	13.8947	0.936452
Gorai.005G156500.1.D	694	588.505	118.105	7.95984
Gorai.005G156600.1.A	516	410.551	0	0
Gorai.005G156600.1.D	516	410.551	0	0
Gorai.005G156700.1.A	1442	1336.5	0	0
Gorai.005G156700.1.D	1442	1336.5	48.8546	1.44984
Gorai.005G156800.1.A	841	735.505	0.5	0.0269631
Gorai.005G156800.1.D	841	735.505	0.5	0.0269631
Gorai.005G156900.1.A	3302	3196.5	167.421	2.0774
Gorai.005G156900.1.D	3302	3196.5	129.579	1.60785
Gorai.005G157000.1.A	1940	1834.5	300.5	6.49697
Gorai.005G157000.1.D	1940	1834.5	300.5	6.49697
Gorai.005G157100.1.A	4955	4849.5	284.04	2.3231
Gorai.005G157100.1.D	4955	4849.5	336.96	2.75592
Gorai.005G157200.1.A	1411	1305.5	979.758	29.7663
Gorai.005G157200.1.D	1411	1305.5	644.242	19.5729
Gorai.005G157300.1.A	1932	1826.5	0	0
Gorai.005G157300.1.D	1932	1826.5	1	0.0217152
Gorai.005G157400.1.A	1282	1176.5	5.05364	0.170371
Gorai.005G157400.1.D	1282	1176.5	5.05364	0.170371
Gorai.005G157500.1.A	552	446.551	0	0
Gorai.005G157500.1.D	552	446.551	0	0
Gorai.005G157600.1.A	2507	2401.5	52.1699	0.861632
Gorai.005G157600.1.D	2507	2401.5	19.2044	0.317178
Gorai.005G157700.1.A	540	434.551	0	0
Gorai.005G157700.1.D	540	434.551	0	0
Gorai.005G157800.1.A	2847	2741.5	252.738	3.65651
Gorai.005G157800.1.D	2847	2741.5	174.262	2.52115
Gorai.005G157900.1.A	441	335.583	0	0
Gorai.005G157900.1.D	441	335.583	0	0
Gorai.005G158000.1.A	2099	1993.5	484.22	9.63409
Gorai.005G158000.1.D	2099	1993.5	555.78	11.0578
Gorai.005G158100.1.A	341	235.63	0	0
Gorai.005G158100.1.D	341	235.63	0	0
Gorai.005G158200.1.A	2130	2024.5	29.8261	0.584336
Gorai.005G158200.1.D	2130	2024.5	19.1739	0.375644
Gorai.005G158300.1.A	654	548.505	0	0
Gorai.005G158300.1.D	654	548.505	0	0
Gorai.005G158400.1.A	990	884.505	1483.98	66.5448
Gorai.005G158400.1.D	990	884.505	1517.02	68.026
Gorai.005G158500.1.A	1388	1282.5	1062.19	32.8496
Gorai.005G158500.1.D	1388	1282.5	1057.81	32.7139
Gorai.005G158600.1.A	1509	1403.5	7.0014	0.197859
Gorai.005G158600.1.D	1509	1403.5	7.0014	0.197859
Gorai.005G158700.1.A	713	607.505	14.4194	0.941421
Gorai.005G158700.1.D	713	607.505	14.4194	0.941421
Gorai.005G158800.1.A	2019	1913.5	388.817	8.05937
Gorai.005G158800.1.D	2019	1913.5	264.183	5.47595
Gorai.005G158900.1.A	5272	5166.5	460.801	3.53754
Gorai.005G158900.1.D	5272	5166.5	465.158	3.57099
Gorai.005G159000.1.A	420	314.583	15	1.89121
Gorai.005G159000.1.D	420	314.583	0	0
Gorai.005G159100.1.A	2067	1961.5	11.7333	0.237256
Gorai.005G159100.1.D	2067	1961.5	4.26667	0.0862749
Gorai.005G159200.1.A	1043	937.505	143.41	6.06722
Gorai.005G159200.1.D	1043	937.505	65.5904	2.77493
Gorai.005G159300.1.A	456	350.551	0	0
Gorai.005G159300.1.D	456	350.551	0	0
Gorai.005G159400.1.A	1005	899.505	0	0
Gorai.005G159400.1.D	1005	899.505	0	0
Gorai.005G159500.1.A	1599	1493.5	23.5745	0.626067
Gorai.005G159500.1.D	1599	1493.5	3.36778	0.0894381
Gorai.005G159600.1.A	150	52.2334	0.0288647	0.0219181
Gorai.005G159600.1.D	150	52.2334	0.0288647	0.0219181
Gorai.005G159700.1.A	1206	1100.5	115.924	4.17799
Gorai.005G159700.1.D	1206	1100.5	218.076	7.85959
Gorai.005G159800.1.A	2364	2258.5	1436.69	25.2306
Gorai.005G159800.1.D	2364	2258.5	1446.31	25.3995
Gorai.005G159900.1.A	4021	3915.5	2289.99	23.197
Gorai.005G159900.1.D	4021	3915.5	513.008	5.19662
Gorai.005G160000.1.A	1941	1835.5	0.5	0.0108044
Gorai.005G160000.1.D	1941	1835.5	0.5	0.0108044
Gorai.005G160100.1.A	240	135.211	0	0
Gorai.005G160100.1.D	240	135.211	0	0
Gorai.005G160200.1.A	1119	1013.5	120.8	4.72744
Gorai.005G160200.1.D	1119	1013.5	30.2	1.18186
Gorai.005G160300.1.A	1772	1666.5	1.16667	0.0277668
Gorai.005G160300.1.D	1772	1666.5	5.83333	0.138834
Gorai.005G160400.1.A	980	874.505	0	0
Gorai.005G160400.1.D	980	874.505	1	0.0453548
Gorai.005G160500.1.A	465	359.551	0	0
Gorai.005G160500.1.D	465	359.551	0	0
Gorai.005G160600.1.A	315	209.649	0	0
Gorai.005G160600.1.D	315	209.649	0	0
Gorai.005G160700.1.A	780	674.505	73	4.29262
Gorai.005G160700.1.D	780	674.505	0	0
Gorai.005G160800.1.A	806	700.505	8.98476	0.508722
Gorai.005G160800.1.D	806	700.505	10181	576.454
Gorai.005G160900.1.A	806	700.505	170.293	9.64205
Gorai.005G160900.1.D	806	700.505	404.707	22.9148
Gorai.005G161000.1.A	2966	2860.5	119.376	1.65523
Gorai.005G161000.1.D	2966	2860.5	111.624	1.54775
Gorai.005G161100.1.A	1936	1830.5	53.7	1.16356
Gorai.005G161100.1.D	1936	1830.5	304.3	6.5935
Gorai.005G161200.1.A	3633	3527.5	115.97	1.30395
Gorai.005G161200.1.D	3633	3527.5	151.03	1.69817
Gorai.005G161300.1.A	2588	2482.5	145.079	2.31792
Gorai.005G161300.1.D	2588	2482.5	129.921	2.07575
Gorai.005G161400.1.A	823	717.505	50.087	2.76876
Gorai.005G161400.1.D	823	717.505	21.913	1.21133
Gorai.005G161500.1.A	2540	2434.5	36.9297	0.601658
Gorai.005G161500.1.D	2540	2434.5	318.845	5.19463
Gorai.005G161600.1.A	3813	3707.5	262.341	2.80653
Gorai.005G161600.1.D	3813	3707.5	125.659	1.3443
Gorai.005G161700.1.A	690	584.505	0.528823	0.0358845
Gorai.005G161700.1.D	690	584.505	0.528823	0.0358845
Gorai.005G161800.1.A	1299	1193.5	4	0.132929
Gorai.005G161800.1.D	1299	1193.5	0	0
Gorai.005G161900.1.A	916	810.505	0	0
Gorai.005G161900.1.D	916	810.505	0	0
Gorai.005G162000.1.A	2537	2431.5	31	0.505675
Gorai.005G162000.1.D	2537	2431.5	21	0.342554
Gorai.005G162100.1.A	1296	1190.5	916.773	30.5433
Gorai.005G162100.1.D	1296	1190.5	2248.23	74.9021
Gorai.005G162200.1.A	1317	1211.5	2680.89	87.7687
Gorai.005G162200.1.D	1317	1211.5	1597.11	52.287
Gorai.005G162300.1.A	1399	1293.5	28.6875	0.879649
Gorai.005G162300.1.D	1399	1293.5	5.3125	0.162898
Gorai.005G162400.1.A	5586	5480.5	144.915	1.04877
Gorai.005G162400.1.D	5586	5480.5	82.0848	0.594056
Gorai.005G162500.1.A	1164	1058.5	8	0.299766
Gorai.005G162500.1.D	1164	1058.5	13	0.487119
Gorai.005G162600.1.A	1319	1213.5	389.191	12.7205
Gorai.005G162600.1.D	1319	1213.5	145.809	4.76573
Gorai.005G162700.1.A	2534	2428.5	140.903	2.30127
Gorai.005G162700.1.D	2534	2428.5	1002.1	16.3665
Gorai.005G162800.1.A	2182	2076.5	75.0989	1.43445
Gorai.005G162800.1.D	2182	2076.5	26.9011	0.513833
Gorai.005G162900.1.A	2138	2032.5	238.545	4.65505
Gorai.005G162900.1.D	2138	2032.5	335.455	6.54617
Gorai.005G163000.1.A	922	816.505	0	0
Gorai.005G163000.1.D	922	816.505	0	0
Gorai.005G163100.1.A	1758	1652.5	689.64	16.5525
Gorai.005G163100.1.D	1758	1652.5	304.36	7.30515
Gorai.005G163200.1.A	1578	1472.5	58.4384	1.57408
Gorai.005G163200.1.D	1578	1472.5	20.5616	0.553842
Gorai.005G163300.1.A	681	575.505	0	0
Gorai.005G163300.1.D	681	575.505	0	0
Gorai.005G163400.1.A	2460	2354.5	203.818	3.43342
Gorai.005G163400.1.D	2460	2354.5	376.182	6.337
Gorai.005G163500.1.A	1190	1084.5	28.1489	1.02947
Gorai.005G163500.1.D	1190	1084.5	20.8511	0.762574
Gorai.005G163600.1.A	2504	2398.5	381.306	6.30548
Gorai.005G163600.1.D	2504	2398.5	547.694	9.05696
Gorai.005G163700.1.A	1463	1357.5	0	0
Gorai.005G163700.1.D	1463	1357.5	0	0
Gorai.005G163800.1.A	353	247.63	0	0
Gorai.005G163800.1.D	353	247.63	0	0
Gorai.005G163900.1.A	1246	1140.5	88.7586	3.08673
Gorai.005G163900.1.D	1246	1140.5	76.2414	2.65142
Gorai.005G164000.1.A	2561	2455.5	37	0.597649
Gorai.005G164000.1.D	2561	2455.5	17	0.274595
Gorai.005G164100.1.A	2614	2508.5	15.8261	0.250232
Gorai.005G164100.1.D	2614	2508.5	12.1739	0.192486
Gorai.005G164200.1.A	408	302.583	0	0
Gorai.005G164200.1.D	408	302.583	13	1.70405
Gorai.005G164300.1.A	865	759.505	1	0.0522221
Gorai.005G164300.1.D	865	759.505	0	0
Gorai.005G164400.1.A	1733	1627.5	123.63	3.01292
Gorai.005G164400.1.D	1733	1627.5	111.37	2.71412
Gorai.005G164500.1.A	1884	1778.5	11.3043	0.252101
Gorai.005G164500.1.D	1884	1778.5	14.6957	0.327732
Gorai.005G164600.1.A	1599	1493.5	18.7895	0.498991
Gorai.005G164600.1.D	1599	1493.5	2.21053	0.0587049
Gorai.005G164700.1.A	727	621.505	0	0
Gorai.005G164700.1.D	727	621.505	0	0
Gorai.005G164800.1.A	507	401.551	1	0.0987743
Gorai.005G164800.1.D	507	401.551	1	0.0987743
Gorai.005G164900.1.A	222	117.654	0	0
Gorai.005G164900.1.D	222	117.654	0	0
Gorai.005G165000.1.A	1689	1583.5	1219.25	30.5393
Gorai.005G165000.1.D	1689	1583.5	1180.75	29.5749
Gorai.005G165100.1.A	1200	1094.5	92.575	3.35476
Gorai.005G165100.1.D	1200	1094.5	68.425	2.4796
Gorai.005G165200.1.A	502	396.551	175.225	17.526
Gorai.005G165200.1.D	502	396.551	125.775	12.58
Gorai.005G165300.1.A	831	725.505	4	0.218678
Gorai.005G165300.1.D	831	725.505	4	0.218678
Gorai.005G165400.1.A	974	868.505	5	0.22834
Gorai.005G165400.1.D	974	868.505	10	0.456681
Gorai.005G165500.1.A	1054	948.505	1482.78	62.0044
Gorai.005G165500.1.D	1054	948.505	1590.49	66.5085
Gorai.005G165600.1.A	4726	4620.5	511.329	4.38931
Gorai.005G165600.1.D	4726	4620.5	782.671	6.71854
Gorai.005G165700.1.A	3559	3453.5	199.383	2.28988
Gorai.005G165700.1.D	3559	3453.5	140.617	1.61497
Gorai.005G165800.1.A	519	413.551	4416.04	423.534
Gorai.005G165800.1.D	519	413.551	4985.96	478.194
Gorai.005G165900.1.A	2053	1947.5	354.054	7.21068
Gorai.005G165900.1.D	2053	1947.5	162.946	3.31855
Gorai.005G166000.1.A	414	308.583	0	0
Gorai.005G166000.1.D	414	308.583	0	0
Gorai.005G166100.1.A	732	626.505	0	0
Gorai.005G166100.1.D	732	626.505	0	0
Gorai.005G166200.1.A	415	309.583	6.71838	0.86074
Gorai.005G166200.1.D	415	309.583	6.71838	0.86074
Gorai.005G166300.1.A	852	746.505	0	0
Gorai.005G166300.1.D	852	746.505	0	0
Gorai.005G166400.1.A	1903	1797.5	0	0
Gorai.005G166400.1.D	1903	1797.5	0	0
Gorai.005G166500.1.A	3150	3044.5	21.4773	0.2798
Gorai.005G166500.1.D	3150	3044.5	23.5227	0.306447
Gorai.005G166600.1.A	1270	1164.5	121.349	4.13314
Gorai.005G166600.1.D	1270	1164.5	156.651	5.33551
Gorai.005G166700.1.A	786	680.505	26.9966	1.57349
Gorai.005G166700.1.D	786	680.505	2.25667	0.131529
Gorai.005G166800.1.A	1368	1262.5	27.9574	0.878313
Gorai.005G166800.1.D	1368	1262.5	118.043	3.70843
Gorai.005G166900.1.A	1695	1589.5	5.71429	0.142589
Gorai.005G166900.1.D	1695	1589.5	18.2857	0.456284
Gorai.005G167000.1.A	1657	1551.5	96.0092	2.4544
Gorai.005G167000.1.D	1657	1551.5	133.991	3.42537
Gorai.005G167100.1.A	1387	1281.5	1448.76	44.8394
Gorai.005G167100.1.D	1387	1281.5	1762.24	54.5419
Gorai.005G167200.1.A	822	716.505	3012.59	166.766
Gorai.005G167200.1.D	822	716.505	1906.41	105.531
Gorai.005G167300.1.A	465	359.551	13.9588	1.53983
Gorai.005G167300.1.D	465	359.551	0	0
Gorai.005G167400.1.A	2456	2350.5	70.119	1.1832
Gorai.005G167400.1.D	2456	2350.5	24.881	0.419847
Gorai.005G167500.1.A	261	155.894	67	17.0464
Gorai.005G167500.1.D	261	155.894	0	0
Gorai.005G167600.1.A	1948	1842.5	63	1.35618
Gorai.005G167600.1.D	1948	1842.5	0	0
Gorai.005G167700.1.A	1994	1888.5	399.401	8.38834
Gorai.005G167700.1.D	1994	1888.5	0	0
Gorai.005G167800.1.A	1179	1073.5	441.897	16.3269
Gorai.005G167800.1.D	1179	1073.5	0	0
Gorai.005G167900.1.A	468	362.551	0	0
Gorai.005G167900.1.D	468	362.551	0	0
Gorai.005G168000.1.A	1020	914.505	7.77314	0.337128
Gorai.005G168000.1.D	1020	914.505	7.77314	0.337128
Gorai.005G168100.1.A	1393	1287.5	238.133	7.33595
Gorai.005G168100.1.D	1393	1287.5	160.867	4.95567
Gorai.005G168200.1.A	2244	2138.5	0	0
Gorai.005G168200.1.D	2244	2138.5	0	0
Gorai.005G168300.1.A	638	532.505	47.7246	3.55471
Gorai.005G168300.1.D	638	532.505	41.2754	3.07434
Gorai.005G168400.1.A	2226	2120.5	2331.13	43.6026
Gorai.005G168400.1.D	2226	2120.5	2456.87	45.9545
Gorai.005G168500.1.A	1340	1234.5	698.452	22.4403
Gorai.005G168500.1.D	1340	1234.5	152.548	4.90116
Gorai.005G168600.1.A	1749	1643.5	110.489	2.66645
Gorai.005G168600.1.D	1749	1643.5	103.511	2.49804
Gorai.005G168700.1.A	1869	1763.5	226.428	5.09258
Gorai.005G168700.1.D	1869	1763.5	147.572	3.31904
Gorai.005G168800.1.A	1310	1204.5	0	0
Gorai.005G168800.1.D	1310	1204.5	84	2.76602
Gorai.005G168900.1.A	376	270.583	0	0
Gorai.005G168900.1.D	376	270.583	0	0
Gorai.005G169000.1.A	800	694.505	286.106	16.3394
Gorai.005G169000.1.D	800	694.505	206.894	11.8157
Gorai.005G169100.1.A	2657	2551.5	221.457	3.44253
Gorai.005G169100.1.D	2657	2551.5	418.543	6.50622
Gorai.005G169200.1.A	380	274.583	0	0
Gorai.005G169200.1.D	380	274.583	0	0
Gorai.005G169300.1.A	3183	3077.5	113.818	1.46688
Gorai.005G169300.1.D	3183	3077.5	75.1823	0.968951
Gorai.005G169400.1.A	2184	2078.5	0.5	0.00954122
Gorai.005G169400.1.D	2184	2078.5	0.5	0.00954122
Gorai.005G169500.1.A	1233	1127.5	0	0
Gorai.005G169500.1.D	1233	1127.5	0	0
Gorai.005G169600.1.A	1308	1202.5	0	0
Gorai.005G169600.1.D	1308	1202.5	0	0
Gorai.005G169700.1.A	990	884.505	152.09	6.82001
Gorai.005G169700.1.D	990	884.505	39.9101	1.78965
Gorai.005G169800.1.A	258	152.936	1.5	0.389014
Gorai.005G169800.1.D	258	152.936	1.5	0.389014
Gorai.005G169900.1.A	1359	1253.5	245.989	7.78351
Gorai.005G169900.1.D	1359	1253.5	330.011	10.4421
Gorai.005G170000.1.A	1206	1100.5	14.5835	0.525599
Gorai.005G170000.1.D	1206	1100.5	6	0.216244
Gorai.005G170100.1.A	2833	2727.5	243.26	3.53745
Gorai.005G170100.1.D	2833	2727.5	184.74	2.68646
Gorai.005G170200.1.A	3133	3027.5	1788.21	23.4271
Gorai.005G170200.1.D	3133	3027.5	2211.79	28.9764
Gorai.005G170300.1.A	4382	4276.5	310.585	2.88056
Gorai.005G170300.1.D	4382	4276.5	220.415	2.04427
Gorai.005G170400.1.A	1177	1071.5	37	1.3696
Gorai.005G170400.1.D	1177	1071.5	0	0
Gorai.005G170500.1.A	231	126.463	0	0
Gorai.005G170500.1.D	231	126.463	0	0
Gorai.005G170600.1.A	168	67.1198	22	13.0004
Gorai.005G170600.1.D	168	67.1198	0	0
Gorai.005G170700.1.A	255	149.978	91.2058	24.1201
Gorai.005G170700.1.D	255	149.978	0	0
Gorai.005G170800.1.A	396	290.583	0	0
Gorai.005G170800.1.D	396	290.583	0	0
Gorai.005G170900.1.A	802	696.505	214.644	12.223
Gorai.005G170900.1.D	802	696.505	0	0
Gorai.005G171000.1.A	306	200.687	83	16.4038
Gorai.005G171000.1.D	306	200.687	0	0
Gorai.005G171100.1.A	601	495.551	4.98874	0.399289
Gorai.005G171100.1.D	601	495.551	4.98874	0.399289
Gorai.005G171200.1.A	2675	2569.5	25	0.385901
Gorai.005G171200.1.D	2675	2569.5	18	0.277848
Gorai.005G171300.1.A	1546	1440.5	287.201	7.9078
Gorai.005G171300.1.D	1546	1440.5	495.799	13.6514
Gorai.005G171400.1.A	5535	5429.5	1170.47	8.55039
Gorai.005G171400.1.D	5535	5429.5	642.528	4.69372
Gorai.005G171500.1.A	944	838.505	315.447	14.9213
Gorai.005G171500.1.D	944	838.505	556.553	26.3261
Gorai.005G171600.1.A	1535	1429.5	16.7442	0.464583
Gorai.005G171600.1.D	1535	1429.5	43.2558	1.20017
Gorai.005G171700.1.A	1334	1228.5	0	0
Gorai.005G171700.1.D	1334	1228.5	0	0
Gorai.005G171800.1.A	2882	2776.5	349.149	4.98766
Gorai.005G171800.1.D	2882	2776.5	159.851	2.28351
Gorai.005G171900.1.A	353	247.63	0	0
Gorai.005G171900.1.D	353	247.63	0	0
Gorai.005G172000.1.A	2887	2781.5	77	1.09798
Gorai.005G172000.1.D	2887	2781.5	22	0.31371
Gorai.005G172100.1.A	1600	1494.5	5876.74	155.964
Gorai.005G172100.1.D	1600	1494.5	6828.26	181.216
Gorai.005G172200.1.A	896	790.505	17.1828	0.862133
Gorai.005G172200.1.D	896	790.505	76.8172	3.85424
Gorai.005G172300.1.A	5277	5171.5	0	0
Gorai.005G172300.1.D	5277	5171.5	1	0.00766952
Gorai.005G172400.1.A	2046	1940.5	73.1321	1.49478
Gorai.005G172400.1.D	2046	1940.5	97.8679	2.00037
Gorai.005G172500.1.A	1471	1365.5	87.0361	2.52808
Gorai.005G172500.1.D	1471	1365.5	41.9639	1.2189
Gorai.005G172600.1.A	3157	3051.5	258.025	3.35377
Gorai.005G172600.1.D	3157	3051.5	448.875	5.8344
Gorai.005G172700.1.A	2691	2585.5	281.747	4.32214
Gorai.005G172700.1.D	2691	2585.5	156.253	2.397
Gorai.005G172800.1.A	2371	2265.5	270.426	4.73445
Gorai.005G172800.1.D	2371	2265.5	155.574	2.72368
Gorai.005G172900.1.A	1291	1185.5	0	0
Gorai.005G172900.1.D	1291	1185.5	8	0.267653
Gorai.005G173000.1.A	1896	1790.5	0	0
Gorai.005G173000.1.D	1896	1790.5	0	0
Gorai.005G173100.1.A	1251	1145.5	0	0
Gorai.005G173100.1.D	1251	1145.5	0	0
Gorai.005G173200.1.A	2649	2543.5	3.08108	0.0480458
Gorai.005G173200.1.D	2649	2543.5	72.9189	1.13708
Gorai.005G173300.1.A	2204	2098.5	80.5263	1.52199
Gorai.005G173300.1.D	2204	2098.5	4.47368	0.0845552
Gorai.005G173400.1.A	3198	3092.5	267.366	3.42911
Gorai.005G173400.1.D	3198	3092.5	199.634	2.5604
Gorai.005G173500.1.A	1068	962.505	0	0
Gorai.005G173500.1.D	1068	962.505	0	0
Gorai.005G173600.1.A	5659	5553.5	738.396	5.2736
Gorai.005G173600.1.D	5659	5553.5	802.604	5.73217
Gorai.005G173700.1.A	1000	894.505	18.5806	0.823878
Gorai.005G173700.1.D	1000	894.505	17.4194	0.772386
Gorai.005G173800.1.A	1867	1761.5	2.4	0.0540396
Gorai.005G173800.1.D	1867	1761.5	3.6	0.0810594
Gorai.005G173900.1.A	1185	1079.5	1528.88	56.1736
Gorai.005G173900.1.D	1185	1079.5	10.125	0.372011
Gorai.005G174000.1.A	690	584.505	0	0
Gorai.005G174000.1.D	690	584.505	0	0
Gorai.005G174100.1.A	942	836.505	2785.3	132.065
Gorai.005G174100.1.D	942	836.505	15.702	0.744513
Gorai.005G174200.1.A	4740	4634.5	239.747	2.0518
Gorai.005G174200.1.D	4740	4634.5	265.253	2.27008
Gorai.005G174300.1.A	1368	1262.5	36	1.13098
Gorai.005G174300.1.D	1368	1262.5	0	0
Gorai.005G174400.1.A	1257	1151.5	0	0
Gorai.005G174400.1.D	1257	1151.5	15	0.516667
Gorai.005G174500.1.A	2127	2021.5	710.298	13.9364
Gorai.005G174500.1.D	2127	2021.5	1043.7	20.478
Gorai.005G174600.1.A	1726	1620.5	4.28571	0.104896
Gorai.005G174600.1.D	1726	1620.5	5.71429	0.139861
Gorai.005G174700.1.A	667	561.505	0	0
Gorai.005G174700.1.D	667	561.505	7	0.494458
Gorai.005G174800.1.A	2444	2338.5	429.992	7.29301
Gorai.005G174800.1.D	2444	2338.5	495.008	8.39574
Gorai.005G174900.1.A	3110	3004.5	953.446	12.5866
Gorai.005G174900.1.D	3110	3004.5	816.554	10.7795
Gorai.005G175000.1.A	2472	2366.5	0	0
Gorai.005G175000.1.D	2472	2366.5	0	0
Gorai.005G175100.1.A	2062	1956.5	35.9722	0.729241
Gorai.005G175100.1.D	2062	1956.5	1.02778	0.0208355
Gorai.005G175200.1.A	2515	2409.5	2	0.0329221
Gorai.005G175200.1.D	2515	2409.5	0	0
Gorai.005G175300.1.A	2367	2261.5	0	0
Gorai.005G175300.1.D	2367	2261.5	0	0
Gorai.005G175400.1.A	381	275.583	0	0
Gorai.005G175400.1.D	381	275.583	0	0
Gorai.005G175500.1.A	1784	1678.5	1	0.0236299
Gorai.005G175500.1.D	1784	1678.5	2	0.0472599
Gorai.005G175600.1.A	756	650.505	78.7021	4.79867
Gorai.005G175600.1.D	756	650.505	195.298	11.9078
Gorai.005G175700.1.A	1553	1447.5	0	0
Gorai.005G175700.1.D	1553	1447.5	7.35871	0.201635
Gorai.005G175800.1.A	283	177.772	0.508442	0.11344
Gorai.005G175800.1.D	283	177.772	0.508442	0.11344
Gorai.005G175900.1.A	2888	2782.5	1227.78	17.5013
Gorai.005G175900.1.D	2888	2782.5	871.22	12.4187
Gorai.005G176000.1.A	1287	1181.5	0	0
Gorai.005G176000.1.D	1287	1181.5	0	0
Gorai.005G176100.1.A	1164	1058.5	0	0
Gorai.005G176100.1.D	1164	1058.5	0	0
Gorai.005G176200.1.A	1331	1225.5	1	0.0323646
Gorai.005G176200.1.D	1331	1225.5	2	0.0647292
Gorai.005G176300.1.A	1320	1214.5	5	0.163289
Gorai.005G176300.1.D	1320	1214.5	7	0.228604
Gorai.005G176400.1.A	1395	1289.5	5.33333	0.164044
Gorai.005G176400.1.D	1395	1289.5	10.6667	0.328088
Gorai.005G176500.1.A	3102	2996.5	29.1915	0.38639
Gorai.005G176500.1.D	3102	2996.5	19.8085	0.262193
Gorai.005G176600.1.A	2198	2092.5	1153.41	21.8626
Gorai.005G176600.1.D	2198	2092.5	2141.59	40.5933
Gorai.005G176700.1.A	2483	2377.5	776.122	12.9477
Gorai.005G176700.1.D	2483	2377.5	508.878	8.4894
Gorai.005G176800.1.A	3295	3189.5	1.08784	0.0135278
Gorai.005G176800.1.D	3295	3189.5	159.912	1.98858
Gorai.005G176900.1.A	1512	1406.5	24.9167	0.702641
Gorai.005G176900.1.D	1512	1406.5	1.08333	0.0305496
Gorai.005G177000.1.A	364	258.583	2	0.306771
Gorai.005G177000.1.D	364	258.583	0	0
Gorai.005G177100.1.A	1359	1253.5	1	0.0316416
Gorai.005G177100.1.D	1359	1253.5	0	0
Gorai.005G177200.1.A	618	512.505	0	0
Gorai.005G177200.1.D	618	512.505	0	0
Gorai.005G177300.1.A	2199	2093.5	243.481	4.61293
Gorai.005G177300.1.D	2199	2093.5	275.519	5.21989
Gorai.005G177400.1.A	2476	2370.5	264.898	4.43223
Gorai.005G177400.1.D	2476	2370.5	384.102	6.42674
Gorai.005G177500.1.A	342	236.63	0	0
Gorai.005G177500.1.D	342	236.63	2	0.335232
Gorai.005G177600.1.A	2663	2557.5	20.3818	0.31609
Gorai.005G177600.1.D	2663	2557.5	38.6182	0.598908
Gorai.005G177700.1.A	459	353.551	0	0
Gorai.005G177700.1.D	459	353.551	0	0
Gorai.005G177800.1.A	740	634.505	0	0
Gorai.005G177800.1.D	740	634.505	0	0
Gorai.005G177900.1.A	1248	1142.5	0	0
Gorai.005G177900.1.D	1248	1142.5	0	0
Gorai.005G178000.1.A	1343	1237.5	0	0
Gorai.005G178000.1.D	1343	1237.5	28.0642	0.899479
Gorai.005G178100.1.A	267	161.849	0	0
Gorai.005G178100.1.D	267	161.849	0	0
Gorai.005G178200.1.A	1886	1780.5	655.954	14.6122
Gorai.005G178200.1.D	1886	1780.5	330.046	7.35219
Gorai.005G178300.1.A	2129	2023.5	281.198	5.51179
Gorai.005G178300.1.D	2129	2023.5	368.802	7.22893
Gorai.005G178400.1.A	344	238.63	0	0
Gorai.005G178400.1.D	344	238.63	0	0
Gorai.005G178500.1.A	2333	2227.5	119.381	2.1257
Gorai.005G178500.1.D	2333	2227.5	18.619	0.331531
Gorai.005G178600.1.A	3095	2989.5	9	0.119407
Gorai.005G178600.1.D	3095	2989.5	36	0.477626
Gorai.005G178700.1.A	642	536.505	13.8386	1.02306
Gorai.005G178700.1.D	642	536.505	42.6477	3.15288
Gorai.005G178800.1.A	813	707.505	95.1614	5.33478
Gorai.005G178800.1.D	813	707.505	195.352	10.9515
Gorai.005G178900.1.A	1918	1812.5	2.26044	0.0494651
Gorai.005G178900.1.D	1918	1812.5	457.74	10.0167
Gorai.005G179000.1.A	1484	1378.5	5.1705	0.148768
Gorai.005G179000.1.D	1484	1378.5	5.1705	0.148768
Gorai.005G179100.1.A	2100	1994.5	10	0.198861
Gorai.005G179100.1.D	2100	1994.5	25	0.497153
Gorai.005G179200.1.A	936	830.505	0	0
Gorai.005G179200.1.D	936	830.505	4.3007	0.205391
Gorai.005G179300.1.A	597	491.551	0	0
Gorai.005G179300.1.D	597	491.551	0	0
Gorai.005G179400.1.A	2580	2474.5	518.234	8.30658
Gorai.005G179400.1.D	2580	2474.5	262.766	4.21179
Gorai.005G179500.1.A	1184	1078.5	3	0.110328
Gorai.005G179500.1.D	1184	1078.5	0	0
Gorai.005G179600.1.A	2150	2044.5	508.806	9.87072
Gorai.005G179600.1.D	2150	2044.5	670.194	13.0016
Gorai.005G179700.1.A	1734	1628.5	18.1481	0.442006
Gorai.005G179700.1.D	1734	1628.5	16.8519	0.410434
Gorai.005G179800.1.A	1083	977.505	0	0
Gorai.005G179800.1.D	1083	977.505	21	0.85209
Gorai.005G179900.1.A	2120	2014.5	0	0
Gorai.005G179900.1.D	2120	2014.5	0	0
Gorai.005G180000.1.A	2085	1979.5	1408.3	28.2179
Gorai.005G180000.1.D	2085	1979.5	2332.7	46.7398
Gorai.005G180100.1.A	1658	1552.5	218.102	5.57199
Gorai.005G180100.1.D	1658	1552.5	64.8985	1.65801
Gorai.005G180200.1.A	2006	1900.5	238.855	4.98483
Gorai.005G180200.1.D	2006	1900.5	305.145	6.36828
Gorai.005G180300.1.A	2151	2045.5	35.1707	0.681971
Gorai.005G180300.1.D	2151	2045.5	67.8293	1.31523
Gorai.005G180400.1.A	897	791.505	0	0
Gorai.005G180400.1.D	897	791.505	0	0
Gorai.005G180500.1.A	1655	1549.5	14.4375	0.369559
Gorai.005G180500.1.D	1655	1549.5	6.5625	0.167981
Gorai.005G180600.1.A	2476	2370.5	0	0
Gorai.005G180600.1.D	2476	2370.5	5	0.0836593
Gorai.005G180700.1.A	1124	1018.5	0	0
Gorai.005G180700.1.D	1124	1018.5	0	0
Gorai.005G180800.1.A	1544	1438.5	26.0556	0.718413
Gorai.005G180800.1.D	1544	1438.5	40.9444	1.12893
Gorai.005G180900.1.A	981	875.505	0	0
Gorai.005G180900.1.D	981	875.505	0	0
Gorai.005G181000.1.A	2382	2276.5	50.8235	0.885485
Gorai.005G181000.1.D	2382	2276.5	39.1765	0.682561
Gorai.005G181100.1.A	801	695.505	53.5072	3.05139
Gorai.005G181100.1.D	801	695.505	230.493	13.1444
Gorai.005G181200.1.A	1272	1166.5	130	4.4202
Gorai.005G181200.1.D	1272	1166.5	5	0.170008
Gorai.005G181300.1.A	3760	3654.5	16.0741	0.174455
Gorai.005G181300.1.D	3760	3654.5	14.9259	0.161994
Gorai.005G181400.1.A	3038	2932.5	48.3835	0.6544
Gorai.005G181400.1.D	3038	2932.5	146.617	1.98303
Gorai.005G181500.1.A	1311	1205.5	4.5	0.148057
Gorai.005G181500.1.D	1311	1205.5	4.5	0.148057
Gorai.005G181600.1.A	540	434.551	3003.16	274.109
Gorai.005G181600.1.D	540	434.551	2861.84	261.209
Gorai.005G181700.1.A	2284	2178.5	3818.85	69.528
Gorai.005G181700.1.D	2284	2178.5	3419.15	62.2507
Gorai.005G181800.1.A	7024	6918.5	600.133	3.44049
Gorai.005G181800.1.D	7024	6918.5	685.867	3.93199
Gorai.005G181900.1.A	528	422.551	1	0.0938654
Gorai.005G181900.1.D	528	422.551	0	0
Gorai.005G182000.1.A	1317	1211.5	7.65421	0.250588
Gorai.005G182000.1.D	1317	1211.5	109.346	3.57983
Gorai.005G182100.1.A	1607	1501.5	97.6585	2.5797
Gorai.005G182100.1.D	1607	1501.5	58.3415	1.54112
Gorai.005G182200.1.A	1703	1597.5	52.9516	1.31469
Gorai.005G182200.1.D	1703	1597.5	215.048	5.33923
Gorai.005G182300.1.A	1446	1340.5	15.6591	0.463322
Gorai.005G182300.1.D	1446	1340.5	37.3409	1.10485
Gorai.005G182400.1.A	1673	1567.5	4.04762	0.102418
Gorai.005G182400.1.D	1673	1567.5	80.9524	2.04836
Gorai.005G182500.1.A	1133	1027.5	849.021	32.7732
Gorai.005G182500.1.D	1133	1027.5	830.979	32.0768
Gorai.005G182600.1.A	2205	2099.5	84.2679	1.59195
Gorai.005G182600.1.D	2205	2099.5	487.732	9.21403
Gorai.005G182700.1.A	708	602.505	101.538	6.68429
Gorai.005G182700.1.D	708	602.505	98.4615	6.48173
Gorai.005G182800.1.A	2136	2030.5	134.934	2.63573
Gorai.005G182800.1.D	2136	2030.5	28.0662	0.548233
Gorai.005G182900.1.A	1628	1522.5	153.173	3.99033
Gorai.005G182900.1.D	1628	1522.5	259.827	6.76878
Gorai.005G183000.1.A	3387	3281.5	495.384	5.98761
Gorai.005G183000.1.D	3387	3281.5	435.616	5.26521
Gorai.005G183100.1.A	1629	1523.5	1	0.026034
Gorai.005G183100.1.D	1629	1523.5	0	0
Gorai.005G183200.1.A	2381	2275.5	34.3421	0.598596
Gorai.005G183200.1.D	2381	2275.5	52.6579	0.917848
Gorai.005G183300.1.A	1530	1424.5	0	0
Gorai.005G183300.1.D	1530	1424.5	104	2.89571
Gorai.005G183400.1.A	2042	1936.5	591.211	12.109
Gorai.005G183400.1.D	2042	1936.5	792.789	16.2377
Gorai.005G183500.1.A	1745	1639.5	464.327	11.233
Gorai.005G183500.1.D	1745	1639.5	800.673	19.3699
Gorai.005G183600.1.A	1576	1470.5	230.699	6.22248
Gorai.005G183600.1.D	1576	1470.5	262.301	7.07488
Gorai.005G183700.1.A	684	578.505	0	0
Gorai.005G183700.1.D	684	578.505	0	0
Gorai.005G183800.1.A	3392	3286.5	159.663	1.92688
Gorai.005G183800.1.D	3392	3286.5	134.337	1.62124
Gorai.005G183900.1.A	3422	3316.5	400.036	4.78413
Gorai.005G183900.1.D	3422	3316.5	353.964	4.23315
Gorai.005G184000.1.A	1537	1431.5	7.875	0.218194
Gorai.005G184000.1.D	1537	1431.5	46.125	1.27799
Gorai.005G184100.1.A	264	158.879	6.42857	1.60484
Gorai.005G184100.1.D	264	158.879	2.57143	0.641937
Gorai.005G184200.1.A	1522	1416.5	102.318	2.86497
Gorai.005G184200.1.D	1522	1416.5	304.682	8.53126
Gorai.005G184300.1.A	1285	1179.5	0	0
Gorai.005G184300.1.D	1285	1179.5	6.8865	0.231571
Gorai.005G184400.1.A	1559	1453.5	3.45263	0.0942146
Gorai.005G184400.1.D	1559	1453.5	8.66087	0.236336
Gorai.005G184500.1.A	1803	1697.5	25.7778	0.602309
Gorai.005G184500.1.D	1803	1697.5	3.22222	0.0752886
Gorai.005G184600.1.A	827	721.505	55.4474	3.04808
Gorai.005G184600.1.D	827	721.505	30.5526	1.67956
Gorai.005G184700.1.A	603	497.551	1.5	0.119574
Gorai.005G184700.1.D	603	497.551	1.5	0.119574
Gorai.005G184800.1.A	1932	1826.5	0	0
Gorai.005G184800.1.D	1932	1826.5	7	0.152007
Gorai.005G184900.1.A	846	740.505	0	0
Gorai.005G184900.1.D	846	740.505	22	1.17836
Gorai.005G185000.1.A	1821	1715.5	31.4146	0.726315
Gorai.005G185000.1.D	1821	1715.5	14.5854	0.337218
Gorai.005G185100.1.A	436	330.583	1	0.119979
Gorai.005G185100.1.D	436	330.583	0	0
Gorai.005G185200.1.A	537	431.551	2	0.183816
Gorai.005G185200.1.D	537	431.551	11	1.01099
Gorai.005G185300.1.A	972	866.505	5.2	0.238022
Gorai.005G185300.1.D	972	866.505	20.8	0.952089
Gorai.005G185400.1.A	1418	1312.5	27.0361	0.817013
Gorai.005G185400.1.D	1418	1312.5	74.9639	2.26535
Gorai.005G185500.1.A	1016	910.505	61.56	2.68165
Gorai.005G185500.1.D	1016	910.505	19.44	0.846835
Gorai.005G185600.1.A	2335	2229.5	172.222	3.06384
Gorai.005G185600.1.D	2335	2229.5	137.778	2.45107
Gorai.005G185700.1.A	1839	1733.5	188.19	4.30582
Gorai.005G185700.1.D	1839	1733.5	148.652	3.4012
Gorai.005G185800.1.A	1135	1029.5	3.13043	0.120604
Gorai.005G185800.1.D	1135	1029.5	32.8696	1.26634
Gorai.005G185900.1.A	944	838.505	2	0.094604
Gorai.005G185900.1.D	944	838.505	11	0.520322
Gorai.005G186000.1.A	2732	2626.5	7.41176	0.111925
Gorai.005G186000.1.D	2732	2626.5	100.588	1.51899
Gorai.005G186100.1.A	744	638.505	0	0
Gorai.005G186100.1.D	744	638.505	2	0.124237
Gorai.005G186200.1.A	666	560.505	2	0.141526
Gorai.005G186200.1.D	666	560.505	4	0.283052
Gorai.005G186300.1.A	2425	2319.5	206.769	3.53569
Gorai.005G186300.1.D	2425	2319.5	299.501	5.1214
Gorai.005G186400.1.A	720	614.505	0	0
Gorai.005G186400.1.D	720	614.505	0	0
Gorai.005G186500.1.A	300	194.687	1	0.203726
Gorai.005G186500.1.D	300	194.687	0	0
Gorai.005G186600.1.A	1625	1519.5	0	0
Gorai.005G186600.1.D	1625	1519.5	0	0
Gorai.005G186700.1.A	1702	1596.5	1.04545	0.0259729
Gorai.005G186700.1.D	1702	1596.5	21.9545	0.54543
Gorai.005G186800.1.A	590	484.551	0.5	0.0409275
Gorai.005G186800.1.D	590	484.551	0.5	0.0409275
Gorai.005G186900.1.A	939	833.505	7.47458	0.355683
Gorai.005G186900.1.D	939	833.505	55.5254	2.64222
Gorai.005G187000.1.A	1437	1331.5	348.593	10.3839
Gorai.005G187000.1.D	1437	1331.5	441.407	13.1487
Gorai.005G187100.1.A	1985	1879.5	25.494	0.537996
Gorai.005G187100.1.D	1985	1879.5	66.506	1.40347
Gorai.005G187200.1.A	330	224.63	22.8537	4.03527
Gorai.005G187200.1.D	330	224.63	17.1833	3.03406
Gorai.005G187300.1.A	2786	2680.5	1.25	0.018496
Gorai.005G187300.1.D	2786	2680.5	3.75	0.0554881
Gorai.005G187400.1.A	2866	2760.5	743.219	10.6786
Gorai.005G187400.1.D	2866	2760.5	630.781	9.06306
Gorai.005G187500.1.A	1134	1028.5	6336.65	244.365
Gorai.005G187500.1.D	1134	1028.5	4.34687	0.167631
Gorai.005G187600.1.A	1801	1695.5	760.063	17.7802
Gorai.005G187600.1.D	1801	1695.5	978.937	22.9003
Gorai.005G187700.1.A	2053	1947.5	709.111	14.4418
Gorai.005G187700.1.D	2053	1947.5	291.537	5.93745
Gorai.005G187800.1.A	5626	5520.5	714.428	5.13292
Gorai.005G187800.1.D	5626	5520.5	660.572	4.74598
Gorai.005G187900.1.A	720	614.505	71	4.58266
Gorai.005G187900.1.D	720	614.505	0	0
Gorai.005G188000.1.A	2932	2826.5	11.2444	0.157788
Gorai.005G188000.1.D	2932	2826.5	34.7556	0.487707
Gorai.005G188100.1.A	3721	3615.5	90.0662	0.988048
Gorai.005G188100.1.D	3721	3615.5	69.9338	0.76719
Gorai.005G188200.1.A	829	723.505	1	0.0548206
Gorai.005G188200.1.D	829	723.505	2	0.109641
Gorai.005G188300.1.A	4617	4511.5	2.85766	0.0251232
Gorai.005G188300.1.D	4617	4511.5	116.411	1.02343
Gorai.005G188400.1.A	318	212.63	0	0
Gorai.005G188400.1.D	318	212.63	0	0
Gorai.005G188500.1.A	3813	3707.5	1.1498	0.0123006
Gorai.005G188500.1.D	3813	3707.5	1.1498	0.0123006
Gorai.005G188600.1.A	4159	4053.5	6.29591	0.0616045
Gorai.005G188600.1.D	4159	4053.5	17.1361	0.167674
Gorai.005G188700.1.A	1669	1563.5	6.15385	0.156111
Gorai.005G188700.1.D	1669	1563.5	9.84615	0.249777
Gorai.005G188800.1.A	2803	2697.5	1.00903	0.0148364
Gorai.005G188800.1.D	2803	2697.5	18.1626	0.267054
Gorai.005G188900.1.A	2814	2708.5	48.8395	0.715198
Gorai.005G188900.1.D	2814	2708.5	43.1605	0.632036
Gorai.005G189000.1.A	2704	2598.5	27.0941	0.413557
Gorai.005G189000.1.D	2704	2598.5	393.906	6.01248
Gorai.005G189100.1.A	1452	1346.5	30.9706	0.912277
Gorai.005G189100.1.D	1452	1346.5	8.02941	0.236516
Gorai.005G189200.1.A	3162	3056.5	134.734	1.74839
Gorai.005G189200.1.D	3162	3056.5	163.266	2.11863
Gorai.005G189300.1.A	1908	1802.5	82.9016	1.82419
Gorai.005G189300.1.D	1908	1802.5	117.098	2.57667
Gorai.005G189400.1.A	554	448.551	0	0
Gorai.005G189400.1.D	554	448.551	0	0
Gorai.005G189500.1.A	3021	2915.5	13.5909	0.184893
Gorai.005G189500.1.D	3021	2915.5	32.4091	0.440898
Gorai.005G189600.1.A	1483	1377.5	687.898	19.8069
Gorai.005G189600.1.D	1483	1377.5	906.102	26.0897
Gorai.005G189700.1.A	2326	2220.5	113.371	2.02505
Gorai.005G189700.1.D	2326	2220.5	440.629	7.87057
Gorai.005G189800.1.A	1195	1089.5	10.08	0.366958
Gorai.005G189800.1.D	1195	1089.5	17.92	0.65237
Gorai.005G189900.1.A	372	266.583	19	2.82687
Gorai.005G189900.1.D	372	266.583	0	0
Gorai.005G190000.1.A	411	305.583	971.949	126.153
Gorai.005G190000.1.D	411	305.583	6399.05	830.56
Gorai.005G190100.1.A	447	341.583	0	0
Gorai.005G190100.1.D	447	341.583	0	0
Gorai.005G190200.1.A	1876	1770.5	0	0
Gorai.005G190200.1.D	1876	1770.5	257.647	5.77183
Gorai.005G190300.1.A	1811	1705.5	127.248	2.95925
Gorai.005G190300.1.D	1811	1705.5	637.752	14.8315
Gorai.005G190400.1.A	273	167.834	9.59259	2.26694
Gorai.005G190400.1.D	273	167.834	27.4074	6.47698
Gorai.005G190500.1.A	1049	943.505	333.538	14.0213
Gorai.005G190500.1.D	1049	943.505	750.462	31.5478
Gorai.005G190600.1.A	1922	1816.5	273.475	5.97126
Gorai.005G190600.1.D	1922	1816.5	206.525	4.50942
Gorai.005G190700.1.A	269	163.849	0	0
Gorai.005G190700.1.D	269	163.849	0	0
Gorai.005G190800.1.A	574	468.551	0	0
Gorai.005G190800.1.D	574	468.551	0	0
Gorai.005G190900.1.A	468	362.551	0	0
Gorai.005G190900.1.D	468	362.551	0	0
Gorai.005G191000.1.A	732	626.505	4.5	0.284887
Gorai.005G191000.1.D	732	626.505	4.5	0.284887
Gorai.005G191100.1.A	2200	2094.5	20.5	0.388202
Gorai.005G191100.1.D	2200	2094.5	20.5	0.388202
Gorai.005G191200.1.A	771	665.505	0	0
Gorai.005G191200.1.D	771	665.505	0	0
Gorai.005G191300.1.A	507	401.551	0	0
Gorai.005G191300.1.D	507	401.551	2	0.197549
Gorai.005G191400.1.A	1184	1078.5	65.5652	2.41122
Gorai.005G191400.1.D	1184	1078.5	108.435	3.98778
Gorai.005G191500.1.A	1103	997.505	0	0
Gorai.005G191500.1.D	1103	997.505	0	0
Gorai.005G191600.1.A	441	335.583	0.64215	0.0758964
Gorai.005G191600.1.D	441	335.583	0.64215	0.0758964
Gorai.005G191700.1.A	1584	1478.5	363.56	9.75301
Gorai.005G191700.1.D	1584	1478.5	495.44	13.2909
Gorai.005G191800.1.A	1513	1407.5	304.366	8.57692
Gorai.005G191800.1.D	1513	1407.5	923.634	26.0276
Gorai.005G191900.1.A	1057	951.505	0	0
Gorai.005G191900.1.D	1057	951.505	4	0.166738
Gorai.005G192000.1.A	960	854.505	200.978	9.32864
Gorai.005G192000.1.D	960	854.505	81.0224	3.76076
Gorai.005G192100.1.A	1476	1370.5	0	0
Gorai.005G192100.1.D	1476	1370.5	2	0.0578808
Gorai.005G192200.1.A	2123	2017.5	340.256	6.68922
Gorai.005G192200.1.D	2123	2017.5	409.744	8.05533
Gorai.005G192300.1.A	417	311.583	0.5	0.0636474
Gorai.005G192300.1.D	417	311.583	0.5	0.0636474
Gorai.005G192400.1.A	1155	1049.5	8	0.302336
Gorai.005G192400.1.D	1155	1049.5	2	0.0755841
Gorai.005G192500.1.A	2494	2388.5	26.6078	0.441844
Gorai.005G192500.1.D	2494	2388.5	32.3922	0.537896
Gorai.005G192600.1.A	2483	2377.5	369.093	6.15742
Gorai.005G192600.1.D	2483	2377.5	321.907	5.37025
Gorai.005G192700.1.A	222	117.654	0	0
Gorai.005G192700.1.D	222	117.654	0	0
Gorai.005G192800.1.A	2850	2744.5	81.6825	1.18046
Gorai.005G192800.1.D	2850	2744.5	84.3175	1.21854
Gorai.005G192900.1.A	3097	2991.5	978.822	12.9777
Gorai.005G192900.1.D	3097	2991.5	1057.18	14.0166
Gorai.005G193000.1.A	471	365.551	27.125	2.94311
Gorai.005G193000.1.D	471	365.551	3.875	0.420444
Gorai.005G193100.1.A	2405	2299.5	4.8	0.0827927
Gorai.005G193100.1.D	2405	2299.5	1.2	0.0206982
Gorai.005G193200.1.A	903	797.505	4.66667	0.232091
Gorai.005G193200.1.D	903	797.505	2.33333	0.116046
Gorai.005G193300.1.A	1055	949.505	2326.47	97.1818
Gorai.005G193300.1.D	1055	949.505	2617.53	109.34
Gorai.005G193400.1.A	1432	1326.5	225.394	6.73935
Gorai.005G193400.1.D	1432	1326.5	85.6063	2.55966
Gorai.005G193500.1.A	3097	2991.5	64.9218	0.860767
Gorai.005G193500.1.D	3097	2991.5	207.078	2.74555
Gorai.005G193600.1.A	852	746.505	2	0.106263
Gorai.005G193600.1.D	852	746.505	0	0
Gorai.005G193700.1.A	1408	1302.5	107.432	3.27146
Gorai.005G193700.1.D	1408	1302.5	42.5676	1.29624
Gorai.005G193800.1.A	1086	980.505	13.1429	0.531649
Gorai.005G193800.1.D	1086	980.505	9.85714	0.398737
Gorai.005G193900.1.A	1158	1052.5	0	0
Gorai.005G193900.1.D	1158	1052.5	72	2.71327
Gorai.005G194000.1.A	2185	2079.5	300.608	5.73358
Gorai.005G194000.1.D	2185	2079.5	172.392	3.28807
Gorai.005G194100.1.A	1447	1341.5	124.331	3.67598
Gorai.005G194100.1.D	1447	1341.5	79.6686	2.35548
Gorai.005G194200.1.A	1221	1115.5	0	0
Gorai.005G194200.1.D	1221	1115.5	0	0
Gorai.005G194300.1.A	3075	2969.5	140.016	1.87016
Gorai.005G194300.1.D	3075	2969.5	123.984	1.65602
Gorai.005G194400.1.A	2098	1992.5	1	0.0199061
Gorai.005G194400.1.D	2098	1992.5	8	0.159249
Gorai.005G194500.1.A	1668	1562.5	3.8125	0.0967773
Gorai.005G194500.1.D	1668	1562.5	240.188	6.09697
Gorai.005G194600.1.A	4497	4391.5	177.975	1.60743
Gorai.005G194600.1.D	4497	4391.5	216.025	1.95108
Gorai.005G194700.1.A	993	887.505	13.2301	0.591258
Gorai.005G194700.1.D	993	887.505	13.2301	0.591258
Gorai.005G194800.1.A	1336	1230.5	0	0
Gorai.005G194800.1.D	1336	1230.5	111.397	3.59068
Gorai.005G194900.1.A	950	844.505	12.5	0.587074
Gorai.005G194900.1.D	950	844.505	12.5	0.587074
Gorai.005G195000.1.A	378	272.583	0	0
Gorai.005G195000.1.D	378	272.583	0	0
Gorai.005G195100.1.A	1415	1309.5	14.5	0.439183
Gorai.005G195100.1.D	1415	1309.5	14.5	0.439183
Gorai.005G195200.1.A	1730	1624.5	8.55172	0.208794
Gorai.005G195200.1.D	1730	1624.5	22.4483	0.548084
Gorai.005G195300.1.A	1541	1435.5	90.2957	2.49487
Gorai.005G195300.1.D	1541	1435.5	27.7043	0.76547
Gorai.005G195400.1.A	1092	986.505	0	0
Gorai.005G195400.1.D	1092	986.505	0	0
Gorai.005G195500.1.A	743	637.505	0	0
Gorai.005G195500.1.D	743	637.505	0	0
Gorai.005G195600.1.A	1673	1567.5	4216.08	106.681
Gorai.005G195600.1.D	1673	1567.5	2729.85	69.074
Gorai.005G195700.1.A	2353	2247.5	52.9923	0.935184
Gorai.005G195700.1.D	2353	2247.5	252.008	4.44732
Gorai.005G195800.1.A	2264	2158.5	831.9	15.2863
Gorai.005G195800.1.D	2264	2158.5	55.0999	1.01247
Gorai.005G195900.1.A	1040	934.505	197.697	8.39082
Gorai.005G195900.1.D	1040	934.505	149.303	6.33681
Gorai.005G196000.1.A	1325	1219.5	8.53005	0.27743
Gorai.005G196000.1.D	1325	1219.5	214.47	6.97538
Gorai.005G196100.1.A	1068	962.505	0	0
Gorai.005G196100.1.D	1068	962.505	0	0
Gorai.005G196200.1.A	1199	1093.5	1	0.0362714
Gorai.005G196200.1.D	1199	1093.5	1	0.0362714
Gorai.005G196300.1.A	1695	1589.5	6.42857	0.160412
Gorai.005G196300.1.D	1695	1589.5	8.57143	0.213883
Gorai.005G196400.1.A	1164	1058.5	2442.65	91.5278
Gorai.005G196400.1.D	1164	1058.5	775.351	29.053
Gorai.005G196500.1.A	1715	1609.5	55.0746	1.3572
Gorai.005G196500.1.D	1715	1609.5	26.9254	0.663521
Gorai.005G196600.1.A	1201	1095.5	80.73	2.92284
Gorai.005G196600.1.D	1201	1095.5	153.27	5.54917
Gorai.005G196700.1.A	3713	3607.5	711.176	7.81907
Gorai.005G196700.1.D	3713	3607.5	630.824	6.93563
Gorai.005G196800.1.A	1760	1654.5	103.599	2.48355
Gorai.005G196800.1.D	1760	1654.5	175.401	4.20483
Gorai.005G196900.1.A	3315	3209.5	65.7864	0.812986
Gorai.005G196900.1.D	3315	3209.5	55.2136	0.682328
Gorai.005G197000.1.A	1493	1387.5	710.517	20.3107
Gorai.005G197000.1.D	1493	1387.5	914.483	26.1412
Gorai.005G197100.1.A	1799	1693.5	5	0.117103
Gorai.005G197100.1.D	1799	1693.5	0	0
Gorai.005G197200.1.A	1931	1825.5	54.439	1.1828
Gorai.005G197200.1.D	1931	1825.5	69.561	1.51136
Gorai.005G197300.1.A	2556	2450.5	5795.07	93.7968
Gorai.005G197300.1.D	2556	2450.5	2860.93	46.3059
Gorai.005G197400.1.A	2081	1975.5	136.777	2.74612
Gorai.005G197400.1.D	2081	1975.5	626.223	12.5729
Gorai.005G197500.1.A	1773	1667.5	8666.2	206.133
Gorai.005G197500.1.D	1773	1667.5	7760.8	184.597
Gorai.005G197600.1.A	642	536.505	0	0
Gorai.005G197600.1.D	642	536.505	0	0
Gorai.005G197700.1.A	2295	2189.5	2	0.0362301
Gorai.005G197700.1.D	2295	2189.5	2	0.0362301
Gorai.005G197800.1.A	1001	895.505	0	0
Gorai.005G197800.1.D	1001	895.505	0	0
Gorai.005G197900.1.A	3661	3555.5	0	0
Gorai.005G197900.1.D	3661	3555.5	3	0.0334661
Gorai.005G198000.1.A	276	170.788	0	0
Gorai.005G198000.1.D	276	170.788	0	0
Gorai.005G198100.1.A	1540	1434.5	0	0
Gorai.005G198100.1.D	1540	1434.5	0	0
Gorai.005G198200.1.A	914	808.505	4	0.196229
Gorai.005G198200.1.D	914	808.505	3	0.147171
Gorai.005G198300.1.A	2173	2067.5	1.17647	0.0225694
Gorai.005G198300.1.D	2173	2067.5	18.8235	0.36111
Gorai.005G198400.1.A	1263	1157.5	114.667	3.92916
Gorai.005G198400.1.D	1263	1157.5	57.3333	1.96458
Gorai.005G198500.1.A	1958	1852.5	563.157	12.0574
Gorai.005G198500.1.D	1958	1852.5	313.843	6.71951
Gorai.005G198600.1.A	1254	1148.5	107.21	3.70243
Gorai.005G198600.1.D	1254	1148.5	114.79	3.96421
Gorai.005G198700.1.A	1818	1712.5	404.253	9.36281
Gorai.005G198700.1.D	1818	1712.5	639.684	14.8156
Gorai.005G198800.1.A	1213	1107.5	7	0.25069
Gorai.005G198800.1.D	1213	1107.5	23	0.823696
Gorai.005G198900.1.A	2048	1942.5	1	0.0204185
Gorai.005G198900.1.D	2048	1942.5	0	0
Gorai.005G199000.1.A	1171	1065.5	882.186	32.839
Gorai.005G199000.1.D	1171	1065.5	744.814	27.7254
Gorai.005G199100.1.A	4004	3898.5	47.3729	0.481966
Gorai.005G199100.1.D	4004	3898.5	17.6271	0.179336
Gorai.005G199200.1.A	859	753.505	0	0
Gorai.005G199200.1.D	859	753.505	1	0.052638
Gorai.005G199300.1.A	1241	1135.5	158.326	5.53028
Gorai.005G199300.1.D	1241	1135.5	71.6744	2.50357
Gorai.005G199400.1.A	672	566.505	32.2759	2.25974
Gorai.005G199400.1.D	672	566.505	6.72414	0.47078
Gorai.005G199500.1.A	1865	1759.5	162.755	3.66884
Gorai.005G199500.1.D	1865	1759.5	222.245	5.00987
Gorai.005G199600.1.A	1687	1581.5	230.361	5.77728
Gorai.005G199600.1.D	1687	1581.5	423.639	10.6246
Gorai.005G199700.1.A	1132	1026.5	111.028	4.28999
Gorai.005G199700.1.D	1132	1026.5	104.972	4.05599
Gorai.005G199800.1.A	2049	1943.5	5.71429	0.116617
Gorai.005G199800.1.D	2049	1943.5	26.2857	0.536437
Gorai.005G199900.1.A	2254	2148.5	27.203	0.502188
Gorai.005G199900.1.D	2254	2148.5	205.797	3.79916
Gorai.005G200000.1.A	590	484.551	5	0.409275
Gorai.005G200000.1.D	590	484.551	5	0.409275
Gorai.005G200100.1.A	1748	1642.5	0	0
Gorai.005G200100.1.D	1748	1642.5	0	0
Gorai.005G200200.1.A	2024	1918.5	67.2744	1.39082
Gorai.005G200200.1.D	2024	1918.5	158.726	3.28147
Gorai.005G200300.1.A	2867	2761.5	16.2669	0.233638
Gorai.005G200300.1.D	2867	2761.5	24.4003	0.350456
Gorai.005G200400.1.A	2711	2605.5	706.13	10.7492
Gorai.005G200400.1.D	2711	2605.5	522.87	7.95951
Gorai.005G200500.1.A	1020	914.505	20.8	0.902116
Gorai.005G200500.1.D	1020	914.505	5.2	0.225529
Gorai.005G200600.1.A	1035	929.505	173.531	7.40476
Gorai.005G200600.1.D	1035	929.505	166.469	7.1034
Gorai.005G200700.1.A	2810	2704.5	1102.2	16.1643
Gorai.005G200700.1.D	2810	2704.5	300.8	4.41138
Gorai.005G200800.1.A	2459	2353.5	0	0
Gorai.005G200800.1.D	2459	2353.5	0	0
Gorai.005G200900.1.A	1417	1311.5	0	0
Gorai.005G200900.1.D	1417	1311.5	2	0.0604846
Gorai.005G201000.1.A	1582	1476.5	35.0476	0.941475
Gorai.005G201000.1.D	1582	1476.5	10.9524	0.294211
Gorai.005G201100.1.A	2140	2034.5	981.162	19.1279
Gorai.005G201100.1.D	2140	2034.5	361.838	7.05407
Gorai.005G201200.1.A	690	584.505	48.5294	3.29308
Gorai.005G201200.1.D	690	584.505	26.4706	1.79622
Gorai.005G201300.1.A	2236	2130.5	211.134	3.93061
Gorai.005G201300.1.D	2236	2130.5	689.866	12.843
Gorai.005G201400.1.A	2934	2828.5	1210.28	16.9712
Gorai.005G201400.1.D	2934	2828.5	115.724	1.62274
Gorai.005G201500.1.A	6116	6010.5	584.252	3.85544
Gorai.005G201500.1.D	6116	6010.5	1464.63	9.66501
Gorai.005G201600.1.A	2186	2080.5	632.161	12.0516
Gorai.005G201600.1.D	2186	2080.5	1257.84	23.9796
Gorai.005G201700.1.A	671	565.505	3	0.210412
Gorai.005G201700.1.D	671	565.505	3	0.210412
Gorai.005G201800.1.A	1662	1556.5	0	0
Gorai.005G201800.1.D	1662	1556.5	22	0.560605
Gorai.005G201900.1.A	1638	1532.5	45.0933	1.16707
Gorai.005G201900.1.D	1638	1532.5	43.9067	1.13635
Gorai.005G202000.1.A	1408	1302.5	717.939	21.8622
Gorai.005G202000.1.D	1408	1302.5	757.061	23.0535
Gorai.005G202100.1.A	689	583.505	60.6176	4.1204
Gorai.005G202100.1.D	689	583.505	1313.38	89.2754
Gorai.005G202200.1.A	1443	1337.5	2	0.0593089
Gorai.005G202200.1.D	1443	1337.5	1	0.0296544
Gorai.005G202300.1.A	1611	1505.5	28.8837	0.76095
Gorai.005G202300.1.D	1611	1505.5	25.1163	0.661695
Gorai.005G202400.1.A	1907	1801.5	0	0
Gorai.005G202400.1.D	1907	1801.5	0	0
Gorai.005G202500.1.A	866	760.505	4	0.208614
Gorai.005G202500.1.D	866	760.505	9	0.469381
Gorai.005G202600.1.A	333	227.63	4	0.696972
Gorai.005G202600.1.D	333	227.63	4	0.696972
Gorai.005G202700.1.A	498	392.551	3	0.303117
Gorai.005G202700.1.D	498	392.551	8	0.808311
Gorai.005G202800.1.A	4620	4514.5	554.645	4.87293
Gorai.005G202800.1.D	4620	4514.5	506.355	4.44867
Gorai.005G202900.1.A	1552	1446.5	4	0.109679
Gorai.005G202900.1.D	1552	1446.5	1	0.0274198
Gorai.005G203000.1.A	723	617.505	0	0
Gorai.005G203000.1.D	723	617.505	0	0
Gorai.005G203100.1.A	1212	1106.5	0	0
Gorai.005G203100.1.D	1212	1106.5	0	0
Gorai.005G203200.1.A	615	509.505	0	0
Gorai.005G203200.1.D	615	509.505	0	0
Gorai.005G203300.1.A	813	707.505	4.5	0.252271
Gorai.005G203300.1.D	813	707.505	4.5	0.252271
Gorai.005G203400.1.A	237	132.247	3.95594	1.18645
Gorai.005G203400.1.D	237	132.247	3.95594	1.18645
Gorai.005G203500.1.A	1283	1177.5	0	0
Gorai.005G203500.1.D	1283	1177.5	0	0
Gorai.005G203600.1.A	1277	1171.5	0	0
Gorai.005G203600.1.D	1277	1171.5	0	0
Gorai.005G203700.1.A	729	623.505	0	0
Gorai.005G203700.1.D	729	623.505	0	0
Gorai.005G203800.1.A	907	801.505	0	0
Gorai.005G203800.1.D	907	801.505	0	0
Gorai.005G203900.1.A	1497	1391.5	373.535	10.6471
Gorai.005G203900.1.D	1497	1391.5	285.465	8.1368
Gorai.005G204000.1.A	2979	2873.5	185.318	2.55794
Gorai.005G204000.1.D	2979	2873.5	43.6821	0.602943
Gorai.005G204100.1.A	2384	2278.5	488.077	8.49617
Gorai.005G204100.1.D	2384	2278.5	111.923	1.94829
Gorai.005G204200.1.A	1195	1089.5	58.9831	2.14725
Gorai.005G204200.1.D	1195	1089.5	1.01695	0.0370216
Gorai.005G204300.1.A	1809	1703.5	156.426	3.6421
Gorai.005G204300.1.D	1809	1703.5	131.574	3.06345
Gorai.005G204400.1.A	1508	1402.5	1	0.0282801
Gorai.005G204400.1.D	1508	1402.5	0	0
Gorai.005G204500.1.A	3508	3402.5	631.202	7.35791
Gorai.005G204500.1.D	3508	3402.5	279.798	3.2616
Gorai.005G204600.1.A	2206	2100.5	40.6786	0.768116
Gorai.005G204600.1.D	2206	2100.5	26.3214	0.497016
Gorai.005G204700.1.A	989	883.505	207.261	9.30451
Gorai.005G204700.1.D	989	883.505	473.739	21.2674
Gorai.005G204800.1.A	1595	1489.5	1175.12	31.2915
Gorai.005G204800.1.D	1595	1489.5	817.861	21.7782
Gorai.005G204900.1.A	671	565.505	25.375	1.77973
Gorai.005G204900.1.D	671	565.505	3.625	0.254248
Gorai.005G205000.1.A	885	779.505	0	0
Gorai.005G205000.1.D	885	779.505	15	0.763234
Gorai.005G205100.1.A	1534	1428.5	147.17	4.08622
Gorai.005G205100.1.D	1534	1428.5	86.8302	2.41087
Gorai.005G205200.1.A	2180	2074.5	30.7317	0.587567
Gorai.005G205200.1.D	2180	2074.5	11.2683	0.215441
Gorai.005G205300.1.A	597	491.551	231.586	18.6865
Gorai.005G205300.1.D	597	491.551	313.414	25.2891
Gorai.005G205400.1.A	2558	2452.5	17.1951	0.278087
Gorai.005G205400.1.D	2558	2452.5	29.8049	0.482017
Gorai.005G205500.1.A	1701	1595.5	9	0.223733
Gorai.005G205500.1.D	1701	1595.5	24	0.59662
Gorai.005G205600.1.A	588	482.551	2	0.164388
Gorai.005G205600.1.D	588	482.551	1	0.0821942
Gorai.005G205700.1.A	1336	1230.5	3.75	0.120874
Gorai.005G205700.1.D	1336	1230.5	1.25	0.0402913
Gorai.005G205800.1.A	734	628.505	63.4958	4.00702
Gorai.005G205800.1.D	734	628.505	826.504	52.1581
Gorai.005G205900.1.A	797	691.505	24.7692	1.4207
Gorai.005G205900.1.D	797	691.505	143.231	8.21535
Gorai.005G206000.1.A	666	560.505	8	0.566103
Gorai.005G206000.1.D	666	560.505	11	0.778392
Gorai.005G206100.1.A	1008	902.505	0	0
Gorai.005G206100.1.D	1008	902.505	1	0.0439476
Gorai.005G206200.1.A	752	646.505	3	0.184049
Gorai.005G206200.1.D	752	646.505	1	0.0613498
Gorai.005G206300.1.A	1240	1134.5	0	0
Gorai.005G206300.1.D	1240	1134.5	0	0
Gorai.005G206400.1.A	1763	1657.5	11.8462	0.28347
Gorai.005G206400.1.D	1763	1657.5	30.1538	0.721561
Gorai.005G206500.1.A	1084	978.505	25.823	1.04671
Gorai.005G206500.1.D	1084	978.505	8.87575	0.359772
Gorai.005G206600.1.A	1078	972.505	56.2705	2.29496
Gorai.005G206600.1.D	1078	972.505	40.0307	1.63263
Gorai.005G206700.1.A	1501	1395.5	2	0.0568439
Gorai.005G206700.1.D	1501	1395.5	2	0.0568439
Gorai.005G206800.1.A	967	861.505	0	0
Gorai.005G206800.1.D	967	861.505	0	0
Gorai.005G206900.1.A	1319	1213.5	0	0
Gorai.005G206900.1.D	1319	1213.5	0	0
Gorai.005G207000.1.A	1594	1488.5	9	0.239815
Gorai.005G207000.1.D	1594	1488.5	35	0.932616
Gorai.005G207100.1.A	2466	2360.5	855.74	14.3788
Gorai.005G207100.1.D	2466	2360.5	43.2602	0.726889
Gorai.005G207200.1.A	1406	1300.5	686	20.9217
Gorai.005G207200.1.D	1406	1300.5	1029	31.3826
Gorai.005G207300.1.A	3172	3066.5	619.574	8.01373
Gorai.005G207300.1.D	3172	3066.5	290.426	3.75644
Gorai.005G207400.1.A	1374	1268.5	156.114	4.88129
Gorai.005G207400.1.D	1374	1268.5	73.886	2.31023
Gorai.005G207500.1.A	2109	2003.5	143.556	2.84194
Gorai.005G207500.1.D	2109	2003.5	84.4444	1.67173
Gorai.005G207600.1.A	3371	3265.5	0	0
Gorai.005G207600.1.D	3371	3265.5	18	0.218629
Gorai.005G207700.1.A	297	191.687	1.5	0.310372
Gorai.005G207700.1.D	297	191.687	1.5	0.310372
Gorai.005G207800.1.A	3325	3219.5	12.8	0.157691
Gorai.005G207800.1.D	3325	3219.5	19.2	0.236536
Gorai.005G207900.1.A	3187	3081.5	103.806	1.33611
Gorai.005G207900.1.D	3187	3081.5	7.19444	0.0926018
Gorai.005G208000.1.A	2148	2042.5	5.71429	0.110964
Gorai.005G208000.1.D	2148	2042.5	2.28571	0.0443858
Gorai.005G208100.1.A	1062	956.505	0	0
Gorai.005G208100.1.D	1062	956.505	1	0.0414665
Gorai.005G208200.1.A	381	275.583	351.734	50.6228
Gorai.005G208200.1.D	381	275.583	1358.27	195.487
Gorai.005G208300.1.A	1482	1376.5	136.519	3.93371
Gorai.005G208300.1.D	1482	1376.5	82.4805	2.37661
Gorai.005G208400.1.A	1669	1563.5	851.883	21.6106
Gorai.005G208400.1.D	1669	1563.5	734.117	18.623
Gorai.005G208500.1.A	2664	2558.5	460.697	7.1419
Gorai.005G208500.1.D	2664	2558.5	1050.3	16.2822
Gorai.005G208600.1.A	8698	8592.5	648.627	2.99406
Gorai.005G208600.1.D	8698	8592.5	681.373	3.14521
Gorai.005G208700.1.A	1360	1254.5	5.14286	0.162599
Gorai.005G208700.1.D	1360	1254.5	12.8571	0.406497
Gorai.005G208800.1.A	468	362.551	0	0
Gorai.005G208800.1.D	468	362.551	0	0
Gorai.005G208900.1.A	1794	1688.5	8	0.18792
Gorai.005G208900.1.D	1794	1688.5	1	0.02349
Gorai.005G209000.1.A	1833	1727.5	186.823	4.28939
Gorai.005G209000.1.D	1833	1727.5	223.177	5.12408
Gorai.005G209100.1.A	2097	1991.5	30.0488	0.598454
Gorai.005G209100.1.D	2097	1991.5	13.9512	0.277853
Gorai.005G209200.1.A	1341	1235.5	0	0
Gorai.005G209200.1.D	1341	1235.5	1	0.0321026
Gorai.005G209300.1.A	1450	1344.5	1027.15	30.301
Gorai.005G209300.1.D	1450	1344.5	701.848	20.7045
Gorai.005G209400.1.A	1525	1419.5	27.0575	0.756025
Gorai.005G209400.1.D	1525	1419.5	4.43879	0.124026
Gorai.005G209500.1.A	1692	1586.5	3	0.0750006
Gorai.005G209500.1.D	1692	1586.5	53	1.32501
Gorai.005G209600.1.A	1365	1259.5	111.135	3.49975
Gorai.005G209600.1.D	1365	1259.5	103.865	3.27079
Gorai.005G209700.1.A	968	862.505	9.9	0.455259
Gorai.005G209700.1.D	968	862.505	1.1	0.0505843
Gorai.005G209800.1.A	2517	2411.5	83.234	1.36898
Gorai.005G209800.1.D	2517	2411.5	79.766	1.31194
Gorai.005G209900.1.A	2447	2341.5	17.1429	0.290384
Gorai.005G209900.1.D	2447	2341.5	38.8571	0.658204
Gorai.005G210000.1.A	3526	3420.5	2057.32	23.8559
Gorai.005G210000.1.D	3526	3420.5	1534.66	17.7953
Gorai.005G210100.1.A	5143	5037.5	1266.33	9.97047
Gorai.005G210100.1.D	5143	5037.5	641.566	5.05139
Gorai.005G210200.1.A	2016	1910.5	20.3103	0.421652
Gorai.005G210200.1.D	2016	1910.5	10.6897	0.221922
Gorai.005G210300.1.A	972	866.505	12.5659	0.575184
Gorai.005G210300.1.D	972	866.505	9.0471	0.414117
Gorai.005G210400.1.A	642	536.505	6.93177	0.512455
Gorai.005G210400.1.D	642	536.505	0	0
Gorai.005G210500.1.A	1681	1575.5	104.101	2.62072
Gorai.005G210500.1.D	1681	1575.5	113.899	2.86738
Gorai.005G210600.1.A	2018	1912.5	351.373	7.28704
Gorai.005G210600.1.D	2018	1912.5	244.627	5.07325
Gorai.005G210700.1.A	533	427.551	145.793	13.5249
Gorai.005G210700.1.D	533	427.551	156.207	14.4909
Gorai.005G210800.1.A	1188	1082.5	0	0
Gorai.005G210800.1.D	1188	1082.5	0	0
Gorai.005G210900.1.A	1434	1328.5	46	1.37335
Gorai.005G210900.1.D	1434	1328.5	21	0.626962
Gorai.005G211000.1.A	1600	1494.5	78.2484	2.07665
Gorai.005G211000.1.D	1600	1494.5	85.7516	2.27578
Gorai.005G211100.1.A	833	727.505	87.0045	4.74341
Gorai.005G211100.1.D	833	727.505	701.995	38.2722
Gorai.005G211200.1.A	1667	1561.5	1082.76	27.5025
Gorai.005G211200.1.D	1667	1561.5	1980.24	50.2991
Gorai.005G211300.1.A	3375	3269.5	230.228	2.79294
Gorai.005G211300.1.D	3375	3269.5	210.772	2.55691
Gorai.005G211400.1.A	1484	1378.5	0	0
Gorai.005G211400.1.D	1484	1378.5	1	0.0287724
Gorai.005G211500.1.A	1735	1629.5	543.245	13.2228
Gorai.005G211500.1.D	1735	1629.5	1172.76	28.5454
Gorai.005G211600.1.A	1952	1846.5	2.28571	0.0490972
Gorai.005G211600.1.D	1952	1846.5	13.7143	0.294583
Gorai.005G211700.1.A	2568	2462.5	37	0.59595
Gorai.005G211700.1.D	2568	2462.5	37	0.59595
Gorai.005G211800.1.A	1868	1762.5	445.593	10.0275
Gorai.005G211800.1.D	1868	1762.5	50.4065	1.13433
Gorai.005G211900.1.A	3618	3512.5	177.092	1.99971
Gorai.005G211900.1.D	3618	3512.5	525.908	5.93852
Gorai.005G212000.1.A	1915	1809.5	136.229	2.98602
Gorai.005G212000.1.D	1915	1809.5	161.771	3.5459
Gorai.005G212100.1.A	3998	3892.5	2543.88	25.921
Gorai.005G212100.1.D	3998	3892.5	799.757	8.14917
Gorai.005G212200.1.A	1888	1782.5	13.6	0.302617
Gorai.005G212200.1.D	1888	1782.5	3.4	0.0756542
Gorai.005G212300.1.A	954	848.505	0.5	0.0233723
Gorai.005G212300.1.D	954	848.505	0.5	0.0233723
Gorai.005G212400.1.A	1223	1117.5	10.9286	0.387881
Gorai.005G212400.1.D	1223	1117.5	6.07143	0.21549
Gorai.005G212500.1.A	1338	1232.5	9	0.289627
Gorai.005G212500.1.D	1338	1232.5	10	0.321808
Gorai.005G212600.1.A	954	848.505	6.69065	0.312751
Gorai.005G212600.1.D	954	848.505	3	0.140234
Gorai.005G212700.1.A	968	862.505	24.8571	1.14307
Gorai.005G212700.1.D	968	862.505	4.14286	0.190512
Gorai.005G212800.1.A	1013	907.505	1.30935	0.0572257
Gorai.005G212800.1.D	1013	907.505	1	0.0437055
Gorai.005G212900.1.A	1775	1669.5	29.4231	0.699013
Gorai.005G212900.1.D	1775	1669.5	55.5769	1.32036
Gorai.005G213000.1.A	1609	1503.5	298.983	7.88726
Gorai.005G213000.1.D	1609	1503.5	473.017	12.4784
Gorai.005G213100.1.A	4306	4200.5	851.193	8.03732
Gorai.005G213100.1.D	4306	4200.5	514.807	4.86103
Gorai.005G213200.1.A	1802	1696.5	210.948	4.93179
Gorai.005G213200.1.D	1802	1696.5	258.052	6.03306
Gorai.005G213300.1.A	1469	1363.5	741.802	21.5782
Gorai.005G213300.1.D	1469	1363.5	1016.2	29.5602
Gorai.005G213400.1.A	4170	4064.5	304.769	2.97405
Gorai.005G213400.1.D	4170	4064.5	326.231	3.18349
Gorai.005G213500.1.A	204	100.177	0	0
Gorai.005G213500.1.D	204	100.177	0	0
Gorai.005G213600.1.A	2214	2108.5	2368.43	44.5525
Gorai.005G213600.1.D	2214	2108.5	4935.92	92.8493
Gorai.005G213700.1.A	1799	1693.5	391.931	9.17928
Gorai.005G213700.1.D	1799	1693.5	224.71	5.26284
Gorai.005G213800.1.A	1504	1398.5	56.1679	1.59298
Gorai.005G213800.1.D	1504	1398.5	226.832	6.43318
Gorai.005G213900.1.A	1713	1607.5	248.648	6.13505
Gorai.005G213900.1.D	1713	1607.5	499.352	12.3208
Gorai.005G214000.1.A	2137	2031.5	3074.51	60.0265
Gorai.005G214000.1.D	2137	2031.5	2081.49	40.6389
Gorai.005G214100.1.A	1334	1228.5	21	0.677996
Gorai.005G214100.1.D	1334	1228.5	0	0
Gorai.005G214200.1.A	3899	3793.5	1.125	0.0117624
Gorai.005G214200.1.D	3899	3793.5	7.875	0.082337
Gorai.005G214300.1.A	1197	1091.5	116.676	4.23974
Gorai.005G214300.1.D	1197	1091.5	88.3245	3.20952
Gorai.005G214400.1.A	2688	2582.5	233.612	3.5879
Gorai.005G214400.1.D	2688	2582.5	231.388	3.55372
Gorai.005G214500.1.A	1627	1521.5	16.64	0.433775
Gorai.005G214500.1.D	1627	1521.5	9.36	0.243999
Gorai.005G214600.1.A	1364	1258.5	71.9024	2.26607
Gorai.005G214600.1.D	1364	1258.5	104.098	3.28073
Gorai.005G214700.1.A	1479	1373.5	5.03333	0.145348
Gorai.005G214700.1.D	1479	1373.5	145.967	4.21511
Gorai.005G214800.1.A	1764	1658.5	1370.56	32.7768
Gorai.005G214800.1.D	1764	1658.5	949.439	22.7057
Gorai.005G214900.1.A	1473	1367.5	1178.4	34.1781
Gorai.005G214900.1.D	1473	1367.5	1207.44	35.0204
Gorai.005G215000.1.A	2095	1989.5	118.803	2.36848
Gorai.005G215000.1.D	2095	1989.5	159.197	3.17376
Gorai.005G215100.1.A	753	647.505	3	0.183765
Gorai.005G215100.1.D	753	647.505	0	0
Gorai.005G215200.1.A	1029	923.505	833.438	35.7948
Gorai.005G215200.1.D	1029	923.505	1249.56	53.6665
Gorai.005G215300.1.A	453	347.551	0	0
Gorai.005G215300.1.D	453	347.551	0	0
Gorai.005G215400.1.A	1398	1292.5	0	0
Gorai.005G215400.1.D	1398	1292.5	6	0.184121
Gorai.005G215500.1.A	2271	2165.5	1171.26	21.4525
Gorai.005G215500.1.D	2271	2165.5	95.4237	1.74776
Gorai.005G215600.1.A	1907	1801.5	34.4203	0.757817
Gorai.005G215600.1.D	1907	1801.5	16.1432	0.355419
Gorai.005G215700.1.A	2339	2233.5	34.9606	0.620837
Gorai.005G215700.1.D	2339	2233.5	83.9341	1.49052
Gorai.005G215800.1.A	2250	2144.5	306.559	5.66985
Gorai.005G215800.1.D	2250	2144.5	626.133	11.5804
Gorai.005G215900.1.A	5311	5205.5	2.36566	0.018025
Gorai.005G215900.1.D	5311	5205.5	741.634	5.65083
Gorai.005G216000.1.A	1287	1181.5	26.8868	0.902586
Gorai.005G216000.1.D	1287	1181.5	48.1132	1.61515
Gorai.005G216100.1.A	1232	1126.5	3	0.105627
Gorai.005G216100.1.D	1232	1126.5	4	0.140835
Gorai.005G216200.1.A	1760	1654.5	0	0
Gorai.005G216200.1.D	1760	1654.5	187	4.48289
Gorai.005G216300.1.A	2194	2088.5	20	0.379821
Gorai.005G216300.1.D	2194	2088.5	141	2.67774
Gorai.005G216400.1.A	483	377.551	2348.73	246.741
Gorai.005G216400.1.D	483	377.551	1451.27	152.461
Gorai.005G216500.1.A	2558	2452.5	2104.35	34.0325
Gorai.005G216500.1.D	2558	2452.5	1963.57	31.7557
Gorai.005G216600.1.A	3091	2985.5	1170.38	15.5488
Gorai.005G216600.1.D	3091	2985.5	619.615	8.2317
Gorai.005G216700.1.A	1330	1224.5	368.236	11.9275
Gorai.005G216700.1.D	1330	1224.5	654.764	21.2085
Gorai.005G216800.1.A	2036	1930.5	96.1683	1.97581
Gorai.005G216800.1.D	2036	1930.5	144.832	2.97562
Gorai.005G216900.1.A	510	404.551	0	0
Gorai.005G216900.1.D	510	404.551	0	0
Gorai.005G217000.1.A	887	781.505	1.21877	0.0618553
Gorai.005G217000.1.D	887	781.505	0	0
Gorai.005G217100.1.A	2242	2136.5	1508.44	28.0033
Gorai.005G217100.1.D	2242	2136.5	1931.56	35.8583
Gorai.005G217200.1.A	1697	1591.5	22.7375	0.566656
Gorai.005G217200.1.D	1697	1591.5	84.2625	2.09996
Gorai.005G217300.1.A	1851	1745.5	15.6818	0.356336
Gorai.005G217300.1.D	1851	1745.5	7.31818	0.16629
Gorai.005G217400.1.A	1350	1244.5	6	0.191223
Gorai.005G217400.1.D	1350	1244.5	0	0
Gorai.005G217500.1.A	447	341.583	70.3195	8.16515
Gorai.005G217500.1.D	447	341.583	70.3195	8.16515
Gorai.005G217600.1.A	2308	2202.5	0	0
Gorai.005G217600.1.D	2308	2202.5	6	0.108049
Gorai.005G217700.1.A	2762	2656.5	164.333	2.45358
Gorai.005G217700.1.D	2762	2656.5	39.6667	0.592243
Gorai.005G217800.1.A	1004	898.505	0	0
Gorai.005G217800.1.D	1004	898.505	0	0
Gorai.005G217900.1.A	2732	2626.5	375.26	5.66682
Gorai.005G217900.1.D	2732	2626.5	451.74	6.82174
Gorai.005G218000.1.A	2800	2694.5	2132	31.383
Gorai.005G218000.1.D	2800	2694.5	10465	154.044
Gorai.005G218100.1.A	461	355.551	0	0
Gorai.005G218100.1.D	461	355.551	8	0.892427
Gorai.005G218200.1.A	3160	3054.5	413.642	5.37117
Gorai.005G218200.1.D	3160	3054.5	377.419	4.90081
Gorai.005G218300.1.A	1614	1508.5	1	0.0262929
Gorai.005G218300.1.D	1614	1508.5	0	0
Gorai.005G218400.1.A	2108	2002.5	199.038	3.94229
Gorai.005G218400.1.D	2108	2002.5	297.962	5.90163
Gorai.005G218500.1.A	1061	955.505	12	0.498119
Gorai.005G218500.1.D	1061	955.505	2	0.0830199
Gorai.005G218600.1.A	2214	2108.5	0	0
Gorai.005G218600.1.D	2214	2108.5	0	0
Gorai.005G218700.1.A	1467	1361.5	376.319	10.9628
Gorai.005G218700.1.D	1467	1361.5	837.681	24.4031
Gorai.005G218800.1.A	4678	4572.5	45.2	0.392075
Gorai.005G218800.1.D	4678	4572.5	67.8	0.588113
Gorai.005G218900.1.A	816	710.505	0	0
Gorai.005G218900.1.D	816	710.505	0	0
Gorai.005G219000.1.A	1154	1048.5	15.4286	0.583634
Gorai.005G219000.1.D	1154	1048.5	11.5714	0.437725
Gorai.005G219100.1.A	1247	1141.5	0	0
Gorai.005G219100.1.D	1247	1141.5	0	0
Gorai.005G219200.1.A	1258	1152.5	0	0
Gorai.005G219200.1.D	1258	1152.5	1	0.0344146
Gorai.005G219300.1.A	1043	937.505	0	0
Gorai.005G219300.1.D	1043	937.505	45.5655	1.92774
Gorai.005G219400.1.A	1246	1140.5	0	0
Gorai.005G219400.1.D	1246	1140.5	0	0
Gorai.005G219500.1.A	2033	1927.5	0	0
Gorai.005G219500.1.D	2033	1927.5	0	0
Gorai.005G219600.1.A	1125	1019.5	0	0
Gorai.005G219600.1.D	1125	1019.5	3	0.116712
Gorai.005G219700.1.A	1051	945.505	450.315	18.8902
Gorai.005G219700.1.D	1051	945.505	736.685	30.9032
Gorai.005G219800.1.A	1414	1308.5	295.342	8.9523
Gorai.005G219800.1.D	1414	1308.5	115.658	3.50579
Gorai.005G219900.1.A	2165	2059.5	0	0
Gorai.005G219900.1.D	2165	2059.5	6.38539	0.122973
Gorai.005G220000.1.A	2405	2299.5	305.263	5.26532
Gorai.005G220000.1.D	2405	2299.5	440.352	7.5954
Gorai.005G220100.1.A	645	539.505	11.25	0.82707
Gorai.005G220100.1.D	645	539.505	6.75	0.496242
Gorai.005G220200.1.A	351	245.63	6.66667	1.0765
Gorai.005G220200.1.D	351	245.63	3.33333	0.538248
Gorai.005G220300.1.A	2113	2007.5	117.76	2.32662
Gorai.005G220300.1.D	2113	2007.5	66.24	1.30873
Gorai.005G220400.1.A	1942	1836.5	3.00636	0.0649283
Gorai.005G220400.1.D	1942	1836.5	0	0
Gorai.005G220500.1.A	1482	1376.5	569.123	16.3988
Gorai.005G220500.1.D	1482	1376.5	351.871	10.1389
Gorai.005G220600.1.A	3785	3679.5	708.149	7.63344
Gorai.005G220600.1.D	3785	3679.5	368.851	3.976
Gorai.005G220700.1.A	789	683.505	0	0
Gorai.005G220700.1.D	789	683.505	0	0
Gorai.005G220800.1.A	636	530.505	0	0
Gorai.005G220800.1.D	636	530.505	0	0
Gorai.005G220900.1.A	1944	1838.5	1.29212	0.0278755
Gorai.005G220900.1.D	1944	1838.5	0	0
Gorai.005G221000.1.A	2031	1925.5	278.823	5.7434
Gorai.005G221000.1.D	2031	1925.5	17.8849	0.368406
Gorai.005G221100.1.A	2397	2291.5	102.521	1.7745
Gorai.005G221100.1.D	2397	2291.5	156.479	2.70845
Gorai.005G221200.1.A	1983	1877.5	313.465	6.62206
Gorai.005G221200.1.D	1983	1877.5	268.535	5.6729
Gorai.005G221300.1.A	1226	1120.5	12.6457	0.447623
Gorai.005G221300.1.D	1226	1120.5	0	0
Gorai.005G221400.1.A	1605	1499.5	27.4879	0.727073
Gorai.005G221400.1.D	1605	1499.5	425.512	11.2551
Gorai.005G221500.1.A	3128	3022.5	215.553	2.8286
Gorai.005G221500.1.D	3128	3022.5	155.447	2.03986
Gorai.005G221600.1.A	2172	2066.5	0	0
Gorai.005G221600.1.D	2172	2066.5	0	0
Gorai.005G221700.1.A	1110	1004.5	0	0
Gorai.005G221700.1.D	1110	1004.5	0	0
Gorai.005G221800.1.A	918	812.505	0	0
Gorai.005G221800.1.D	918	812.505	0	0
Gorai.005G221900.1.A	1878	1772.5	1	0.0223768
Gorai.005G221900.1.D	1878	1772.5	0	0
Gorai.005G222000.1.A	546	440.551	0	0
Gorai.005G222000.1.D	546	440.551	0	0
Gorai.005G222100.1.A	2393	2287.5	0	0
Gorai.005G222100.1.D	2393	2287.5	1	0.017339
Gorai.005G222200.1.A	441	335.583	0	0
Gorai.005G222200.1.D	441	335.583	1	0.118191
Gorai.005G222300.1.A	312	206.649	0	0
Gorai.005G222300.1.D	312	206.649	0	0
Gorai.005G222400.1.A	1875	1769.5	0	0
Gorai.005G222400.1.D	1875	1769.5	0	0
Gorai.005G222500.1.A	1573	1467.5	48	1.29732
Gorai.005G222500.1.D	1573	1467.5	32	0.864879
Gorai.005G222600.1.A	1367	1261.5	2708.55	85.1594
Gorai.005G222600.1.D	1367	1261.5	3241.45	101.914
Gorai.005G222700.1.A	2187	2081.5	8.00487	0.152532
Gorai.005G222700.1.D	2187	2081.5	0	0
Gorai.005G222800.1.A	2631	2525.5	23.2558	0.365232
Gorai.005G222800.1.D	2631	2525.5	26.7442	0.420016
Gorai.005G222900.1.A	1914	1808.5	3.14458	0.0689648
Gorai.005G222900.1.D	1914	1808.5	83.8554	1.83906
Gorai.005G223000.1.A	546	440.551	2	0.18006
Gorai.005G223000.1.D	546	440.551	2	0.18006
Gorai.005G223100.1.A	759	653.505	0	0
Gorai.005G223100.1.D	759	653.505	16	0.971083
Gorai.005G223200.1.A	547	441.551	0	0
Gorai.005G223200.1.D	547	441.551	0.176805	0.0158817
Gorai.005G223300.1.A	2570	2464.5	0	0
Gorai.005G223300.1.D	2570	2464.5	0	0
Gorai.005G223400.1.A	1278	1172.5	2	0.0676551
Gorai.005G223400.1.D	1278	1172.5	2	0.0676551
Gorai.005G223500.1.A	2371	2265.5	388.278	6.79771
Gorai.005G223500.1.D	2371	2265.5	334.722	5.86009
Gorai.005G223600.1.A	1097	991.505	115.909	4.63669
Gorai.005G223600.1.D	1097	991.505	54.0909	2.16379
Gorai.005G223700.1.A	2126	2020.5	649.307	12.746
Gorai.005G223700.1.D	2126	2020.5	347.693	6.82529
Gorai.005G223800.1.A	973	867.505	46.8961	2.14412
Gorai.005G223800.1.D	973	867.505	110.104	5.03403
Gorai.005G223900.1.A	747	641.505	0	0
Gorai.005G223900.1.D	747	641.505	1	0.061828
Gorai.005G224000.1.A	912	806.505	1	0.0491788
Gorai.005G224000.1.D	912	806.505	3	0.147536
Gorai.005G224100.1.A	1293	1187.5	0	0
Gorai.005G224100.1.D	1293	1187.5	0	0
Gorai.005G224200.1.A	2914	2808.5	18	0.254204
Gorai.005G224200.1.D	2914	2808.5	9	0.127102
Gorai.005G224300.1.A	1065	959.505	207.242	8.56672
Gorai.005G224300.1.D	1065	959.505	228.758	9.45616
Gorai.005G224400.1.A	162	62.068	37.0141	23.6529
Gorai.005G224400.1.D	162	62.068	35.9859	22.9959
Gorai.005G224500.1.A	1297	1191.5	6	0.199729
Gorai.005G224500.1.D	1297	1191.5	0	0
Gorai.005G224600.1.A	857	751.505	745.204	39.3304
Gorai.005G224600.1.D	857	751.505	906.796	47.8589
Gorai.005G224700.1.A	1317	1211.5	145.619	4.76736
Gorai.005G224700.1.D	1317	1211.5	132.381	4.33396
Gorai.005G224800.1.A	675	569.505	162.855	11.342
Gorai.005G224800.1.D	675	569.505	11454.1	797.72
Gorai.005G224900.1.A	453	347.551	10963.1	1251.12
Gorai.005G224900.1.D	453	347.551	3037.91	346.689
Gorai.005G225000.1.A	1232	1126.5	7584.11	267.028
Gorai.005G225000.1.D	1232	1126.5	15722.7	553.579
Gorai.005G225100.1.A	1514	1408.5	9098.7	256.216
Gorai.005G225100.1.D	1514	1408.5	9098.7	256.216
Gorai.005G225200.1.A	1165	1059.5	11354.4	425.057
Gorai.005G225200.1.D	1165	1059.5	23681.2	886.514
Gorai.005G225300.1.A	1095	989.505	147.826	5.92541
Gorai.005G225300.1.D	1095	989.505	52.3222	2.09726
Gorai.005G225400.1.A	1476	1370.5	460.925	13.3393
Gorai.005G225400.1.D	1476	1370.5	233.075	6.74529
Gorai.005G225500.1.A	1426	1320.5	3.15789	0.0948512
Gorai.005G225500.1.D	1426	1320.5	16.8421	0.505873
Gorai.005G225600.1.A	1788	1682.5	161.563	3.80866
Gorai.005G225600.1.D	1788	1682.5	56.4365	1.33042
Gorai.005G225700.1.A	3439	3333.5	7	0.0832879
Gorai.005G225700.1.D	3439	3333.5	4	0.0475931
Gorai.005G225800.1.A	1227	1121.5	0	0
Gorai.005G225800.1.D	1227	1121.5	0	0
Gorai.005G225900.1.A	2014	1908.5	473.262	9.83542
Gorai.005G225900.1.D	2014	1908.5	565.738	11.7573
Gorai.005G226000.1.A	1545	1439.5	64.68	1.78214
Gorai.005G226000.1.D	1545	1439.5	67.32	1.85488
Gorai.005G226100.1.A	3060	2954.5	757.297	10.1664
Gorai.005G226100.1.D	3060	2954.5	863.703	11.5948
Gorai.005G226200.1.A	434	328.583	14.6251	1.76538
Gorai.005G226200.1.D	434	328.583	14.6251	1.76538
Gorai.005G226300.1.A	980	874.505	1083.98	49.1636
Gorai.005G226300.1.D	980	874.505	882.671	40.0333
Gorai.005G226400.1.A	1834	1728.5	258.148	5.92356
Gorai.005G226400.1.D	1834	1728.5	448.201	10.2846
Gorai.005G226500.1.A	294	188.687	0	0
Gorai.005G226500.1.D	294	188.687	0	0
Gorai.005G226600.1.A	1059	953.505	0	0
Gorai.005G226600.1.D	1059	953.505	0	0
Gorai.005G226700.1.A	1571	1465.5	152.074	4.11578
Gorai.005G226700.1.D	1571	1465.5	67.9263	1.83838
Gorai.005G226800.1.A	2319	2213.5	2413.34	43.2436
Gorai.005G226800.1.D	2319	2213.5	2843.66	50.9545
Gorai.005G226900.1.A	2728	2622.5	237.708	3.5951
Gorai.005G226900.1.D	2728	2622.5	72.2925	1.09336
Gorai.005G227000.1.A	1763	1657.5	0	0
Gorai.005G227000.1.D	1763	1657.5	0	0
Gorai.005G227100.1.A	457	351.551	0	0
Gorai.005G227100.1.D	457	351.551	0	0
Gorai.005G227200.1.A	632	526.505	4	0.30133
Gorai.005G227200.1.D	632	526.505	2	0.150665
Gorai.005G227300.1.A	2856	2750.5	2034.6	29.3394
Gorai.005G227300.1.D	2856	2750.5	960.4	13.8492
Gorai.005G227400.1.A	2662	2556.5	321.62	4.98978
Gorai.005G227400.1.D	2662	2556.5	284.38	4.41202
Gorai.005G227500.1.A	1251	1145.5	0	0
Gorai.005G227500.1.D	1251	1145.5	0	0
Gorai.005G227600.1.A	275	169.788	2	0.467206
Gorai.005G227600.1.D	275	169.788	0	0
Gorai.005G227700.1.A	682	576.505	0	0
Gorai.005G227700.1.D	682	576.505	7	0.481593
Gorai.005G227800.1.A	1851	1745.5	1250.73	28.4203
Gorai.005G227800.1.D	1851	1745.5	3259.27	74.06
Gorai.005G227900.1.A	1873	1767.5	26	0.583442
Gorai.005G227900.1.D	1873	1767.5	0	0
Gorai.005G228000.1.A	1490	1384.5	107	3.06531
Gorai.005G228000.1.D	1490	1384.5	143	4.09663
Gorai.005G228100.1.A	1245	1139.5	92.3536	3.21457
Gorai.005G228100.1.D	1245	1139.5	106.646	3.71206
Gorai.005G228200.1.A	880	774.505	49	2.50933
Gorai.005G228200.1.D	880	774.505	29	1.48511
Gorai.005G228300.1.A	1071	965.505	0	0
Gorai.005G228300.1.D	1071	965.505	0	0
Gorai.005G228400.1.A	6400	6294.5	84.8	0.534342
Gorai.005G228400.1.D	6400	6294.5	127.2	0.801513
Gorai.005G228500.1.A	2111	2005.5	5	0.0988852
Gorai.005G228500.1.D	2111	2005.5	1	0.019777
Gorai.005G228600.1.A	1588	1482.5	120.315	3.21892
Gorai.005G228600.1.D	1588	1482.5	19.5504	0.523051
Gorai.005G228700.1.A	2568	2462.5	31.5225	0.507725
Gorai.005G228700.1.D	2568	2462.5	5.61184	0.0903885
Gorai.005G228800.1.A	1380	1274.5	11.5641	0.359878
Gorai.005G228800.1.D	1380	1274.5	29.4359	0.916053
Gorai.005G228900.1.A	1677	1571.5	0	0
Gorai.005G228900.1.D	1677	1571.5	2	0.0504777
Gorai.005G229000.1.A	2503	2397.5	53.7803	0.889711
Gorai.005G229000.1.D	2503	2397.5	24.9444	0.412667
Gorai.005G229100.1.A	2489	2383.5	707.102	11.7666
Gorai.005G229100.1.D	2489	2383.5	502.173	8.35646
Gorai.005G229200.1.A	2568	2462.5	24.5333	0.395152
Gorai.005G229200.1.D	2568	2462.5	103.467	1.66651
Gorai.005G229300.1.A	3136	3030.5	6.42857	0.0841365
Gorai.005G229300.1.D	3136	3030.5	2.57143	0.0336546
Gorai.005G229400.1.A	2053	1947.5	5	0.10183
Gorai.005G229400.1.D	2053	1947.5	0	0
Gorai.005G229500.1.A	1030	924.505	27.6852	1.18775
Gorai.005G229500.1.D	1030	924.505	87.3148	3.74597
Gorai.005G229600.1.A	1786	1680.5	63470.6	1498.02
Gorai.005G229600.1.D	1786	1680.5	94348.7	2226.8
Gorai.005G229700.1.A	2465	2359.5	263.986	4.43756
Gorai.005G229700.1.D	2465	2359.5	523.014	8.79179
Gorai.005G229800.1.A	1338	1232.5	0	0
Gorai.005G229800.1.D	1338	1232.5	0	0
Gorai.005G229900.1.A	541	435.551	0	0
Gorai.005G229900.1.D	541	435.551	0	0
Gorai.005G230000.1.A	669	563.505	0	0
Gorai.005G230000.1.D	669	563.505	139	9.78368
Gorai.005G230100.1.A	734	628.505	3	0.189321
Gorai.005G230100.1.D	734	628.505	0	0
Gorai.005G230200.1.A	1099	993.505	45.9756	1.83545
Gorai.005G230200.1.D	1099	993.505	708.024	28.2659
Gorai.005G230300.1.A	1746	1640.5	0	0
Gorai.005G230300.1.D	1746	1640.5	6	0.145064
Gorai.005G230400.1.A	426	320.583	0	0
Gorai.005G230400.1.D	426	320.583	0	0
Gorai.005G230500.1.A	728	622.505	2	0.12743
Gorai.005G230500.1.D	728	622.505	0	0
Gorai.005G230600.1.A	2171	2065.5	92.7297	1.78065
Gorai.005G230600.1.D	2171	2065.5	1.27027	0.0243924
Gorai.005G230700.1.A	858	752.505	704.415	37.1282
Gorai.005G230700.1.D	858	752.505	644.585	33.9747
Gorai.005G230800.1.A	1890	1784.5	134.212	2.98304
Gorai.005G230800.1.D	1890	1784.5	123.788	2.75135
Gorai.005G230900.1.A	1118	1012.5	604.518	23.6808
Gorai.005G230900.1.D	1118	1012.5	184.482	7.22674
Gorai.005G231000.1.A	1123	1017.5	151.667	5.91206
Gorai.005G231000.1.D	1123	1017.5	534.333	20.8286
Gorai.005G231100.1.A	1843	1737.5	52.8455	1.20633
Gorai.005G231100.1.D	1843	1737.5	77.1545	1.76125
Gorai.005G231200.1.A	1991	1885.5	0	0
Gorai.005G231200.1.D	1991	1885.5	30	0.631071
Gorai.005G231300.1.A	426	320.583	111.039	13.7378
Gorai.005G231300.1.D	426	320.583	2732.95	338.124
Gorai.005G231400.1.A	2361	2255.5	173.295	3.04738
Gorai.005G231400.1.D	2361	2255.5	60.7165	1.0677
Gorai.005G231500.1.A	1412	1306.5	131.643	3.99642
Gorai.005G231500.1.D	1412	1306.5	159.357	4.83777
Gorai.005G231600.1.A	1645	1539.5	115.803	2.98348
Gorai.005G231600.1.D	1645	1539.5	101.197	2.60719
Gorai.005G231700.1.A	622	516.505	0	0
Gorai.005G231700.1.D	622	516.505	4	0.307164
Gorai.005G231800.1.A	2278	2172.5	1786.93	32.6237
Gorai.005G231800.1.D	2278	2172.5	1246.07	22.7492
Gorai.005G231900.1.A	806	700.505	0	0
Gorai.005G231900.1.D	806	700.505	0	0
Gorai.005G232000.1.A	2697	2591.5	150.158	2.29817
Gorai.005G232000.1.D	2697	2591.5	111.842	1.71174
Gorai.005G232100.1.A	1641	1535.5	117.714	3.04063
Gorai.005G232100.1.D	1641	1535.5	66.2857	1.7122
Gorai.005G232200.1.A	2239	2133.5	13	0.241677
Gorai.005G232200.1.D	2239	2133.5	16	0.297448
Gorai.005G232300.1.A	1287	1181.5	0	0
Gorai.005G232300.1.D	1287	1181.5	6	0.201419
Gorai.005G232400.1.A	2161	2055.5	240.711	4.64476
Gorai.005G232400.1.D	2161	2055.5	75.2886	1.45277
Gorai.005G232500.1.A	1058	952.505	365.389	15.2151
Gorai.005G232500.1.D	1058	952.505	651.611	27.1335
Gorai.005G232600.1.A	2646	2540.5	100.664	1.57159
Gorai.005G232600.1.D	2646	2540.5	262.336	4.09565
Gorai.005G232700.1.A	631	525.505	620.783	46.8542
Gorai.005G232700.1.D	631	525.505	550.217	41.5281
Gorai.005G232800.1.A	949	843.505	80.782	3.7985
Gorai.005G232800.1.D	949	843.505	55.218	2.59644
Gorai.005G232900.1.A	880	774.505	1475.99	75.5866
Gorai.005G232900.1.D	880	774.505	1485.01	76.0484
Gorai.005G233000.1.A	1979	1873.5	217.673	4.60823
Gorai.005G233000.1.D	1979	1873.5	140.327	2.97079
Gorai.005G233100.1.A	643	537.505	95.6216	7.056
Gorai.005G233100.1.D	643	537.505	20.3784	1.50374
Gorai.005G233200.1.A	1283	1177.5	2	0.0673678
Gorai.005G233200.1.D	1283	1177.5	4	0.134736
Gorai.005G233300.1.A	2814	2708.5	352.716	5.16511
Gorai.005G233300.1.D	2814	2708.5	137.284	2.01037
Gorai.005G233400.1.A	910	804.505	1651.39	81.4153
Gorai.005G233400.1.D	910	804.505	1021.61	50.3665
Gorai.005G233500.1.A	1180	1074.5	160170	5912.33
Gorai.005G233500.1.D	1180	1074.5	158865	5864.14
Gorai.005G233600.1.A	1903	1797.5	398.434	8.79168
Gorai.005G233600.1.D	1903	1797.5	406.566	8.9711
Gorai.005G233700.1.A	3081	2975.5	380.184	5.06779
Gorai.005G233700.1.D	3081	2975.5	371.816	4.95623
Gorai.005G233800.1.A	593	487.551	0	0
Gorai.005G233800.1.D	593	487.551	0	0
Gorai.005G233900.1.A	1032	926.505	1829.38	78.3145
Gorai.005G233900.1.D	1032	926.505	1360.62	58.247
Gorai.005G234000.1.A	1578	1472.5	0	0
Gorai.005G234000.1.D	1578	1472.5	0	0
Gorai.005G234100.1.A	1683	1577.5	377.861	9.50051
Gorai.005G234100.1.D	1683	1577.5	86.1386	2.16577
Gorai.005G234200.1.A	2221	2115.5	160.324	3.00587
Gorai.005G234200.1.D	2221	2115.5	126.676	2.37501
Gorai.005G234300.1.A	3511	3405.5	154.526	1.79972
Gorai.005G234300.1.D	3511	3405.5	222.474	2.59109
Gorai.005G234400.1.A	536	430.551	161.313	14.8604
Gorai.005G234400.1.D	536	430.551	224.687	20.6984
Gorai.005G234500.1.A	1599	1493.5	0	0
Gorai.005G234500.1.D	1599	1493.5	0	0
Gorai.005G234600.1.A	2850	2744.5	203.219	2.93688
Gorai.005G234600.1.D	2850	2744.5	9.78061	0.141347
Gorai.005G234700.1.A	1398	1292.5	0	0
Gorai.005G234700.1.D	1398	1292.5	0	0
Gorai.005G234800.1.A	1575	1469.5	1.49997	0.0404852
Gorai.005G234800.1.D	1575	1469.5	1.50015	0.0404902
Gorai.005G234900.1.A	1293	1187.5	13.619	0.454879
Gorai.005G234900.1.D	1293	1187.5	12.381	0.413527
Gorai.005G235000.1.A	1010	904.505	144	6.31447
Gorai.005G235000.1.D	1010	904.505	134	5.87596
Gorai.005G235100.1.A	1197	1091.5	152.439	5.5393
Gorai.005G235100.1.D	1197	1091.5	1.28401	0.046658
Gorai.005G235200.1.A	1431	1325.5	106.669	3.19185
Gorai.005G235200.1.D	1431	1325.5	300.608	8.99507
Gorai.005G235300.1.A	2174	2068.5	213.563	4.09501
Gorai.005G235300.1.D	2174	2068.5	310.437	5.95253
Gorai.005G235400.1.A	741	635.505	37.125	2.31704
Gorai.005G235400.1.D	741	635.505	88.875	5.54684
Gorai.005G235500.1.A	843	737.505	59	3.17302
Gorai.005G235500.1.D	843	737.505	69	3.71081
Gorai.005G235600.1.A	1802	1696.5	11.4783	0.268353
Gorai.005G235600.1.D	1802	1696.5	12.5217	0.292748
Gorai.005G235700.1.A	1314	1208.5	1	0.0328198
Gorai.005G235700.1.D	1314	1208.5	0	0
Gorai.005G235800.1.A	2275	2169.5	107.913	1.97286
Gorai.005G235800.1.D	2275	2169.5	139.087	2.5428
Gorai.005G235900.1.A	2033	1927.5	407.647	8.3883
Gorai.005G235900.1.D	2033	1927.5	222.353	4.57543
Gorai.005G236000.1.A	318	212.63	50	9.32675
Gorai.005G236000.1.D	318	212.63	0	0
Gorai.005G236100.1.A	1433	1327.5	62.1111	1.85574
Gorai.005G236100.1.D	1433	1327.5	152.889	4.56799
Gorai.005G236200.1.A	1566	1460.5	2	0.054314
Gorai.005G236200.1.D	1566	1460.5	2	0.054314
Gorai.005G236300.1.A	1392	1286.5	51.2075	1.57873
Gorai.005G236300.1.D	1392	1286.5	125.792	3.87818
Gorai.005G236400.1.A	1113	1007.5	114.792	4.51909
Gorai.005G236400.1.D	1113	1007.5	223.208	8.78712
Gorai.005G236500.1.A	2684	2578.5	4355.91	67.0033
Gorai.005G236500.1.D	2684	2578.5	3686.09	56.7
Gorai.005G236600.1.A	3819	3713.5	1326.71	14.1702
Gorai.005G236600.1.D	3819	3713.5	1156.59	12.3532
Gorai.005G236700.1.A	4018	3912.5	101.206	1.02597
Gorai.005G236700.1.D	4018	3912.5	83.7941	0.849461
Gorai.005G236800.1.A	1857	1751.5	12	0.271741
Gorai.005G236800.1.D	1857	1751.5	0	0
Gorai.005G236900.1.A	963	857.505	1553.4	71.8509
Gorai.005G236900.1.D	963	857.505	2222.6	102.804
Gorai.005G237000.1.A	1764	1658.5	10.9091	0.26089
Gorai.005G237000.1.D	1764	1658.5	1.09091	0.026089
Gorai.005G237100.1.A	970	864.505	0	0
Gorai.005G237100.1.D	970	864.505	0	0
Gorai.005G237200.1.A	1565	1459.5	435.998	11.8485
Gorai.005G237200.1.D	1565	1459.5	115.002	3.12526
Gorai.005G237300.1.A	1504	1398.5	148.747	4.21862
Gorai.005G237300.1.D	1504	1398.5	50.2525	1.42521
Gorai.005G237400.1.A	2243	2137.5	171.698	3.18598
Gorai.005G237400.1.D	2243	2137.5	139.302	2.58485
Gorai.005G237500.1.A	3071	2965.5	87.5683	1.17121
Gorai.005G237500.1.D	3071	2965.5	91.4317	1.22288
Gorai.005G237600.1.A	877	771.505	72.2076	3.71218
Gorai.005G237600.1.D	877	771.505	712.792	36.6446
Gorai.005G237700.1.A	507	401.551	0	0
Gorai.005G237700.1.D	507	401.551	0	0
Gorai.005G237800.1.A	1770	1664.5	0	0
Gorai.005G237800.1.D	1770	1664.5	0	0
Gorai.005G237900.1.A	240	135.211	0	0
Gorai.005G237900.1.D	240	135.211	0	0
Gorai.005G238000.1.A	1569	1463.5	0	0
Gorai.005G238000.1.D	1569	1463.5	0	0
Gorai.005G238100.1.A	2196	2090.5	78.5859	1.491
Gorai.005G238100.1.D	2196	2090.5	55.5518	1.05398
Gorai.005G238200.1.A	1165	1059.5	20	0.748707
Gorai.005G238200.1.D	1165	1059.5	87	3.25688
Gorai.005G238300.1.A	1515	1409.5	0	0
Gorai.005G238300.1.D	1515	1409.5	0	0
Gorai.005G238400.1.A	739	633.505	0	0
Gorai.005G238400.1.D	739	633.505	0	0
Gorai.005G238500.1.A	6458	6352.5	483.663	3.01983
Gorai.005G238500.1.D	6458	6352.5	630.337	3.93562
Gorai.005G238600.1.A	1755	1649.5	5.375	0.129244
Gorai.005G238600.1.D	1755	1649.5	80.625	1.93866
Gorai.005G238700.1.A	1627	1521.5	0	0
Gorai.005G238700.1.D	1627	1521.5	3	0.0782047
Gorai.005G238800.1.A	1818	1712.5	228.754	5.29812
Gorai.005G238800.1.D	1818	1712.5	24.2458	0.561552
Gorai.005G238900.1.A	980	874.505	19	0.86174
Gorai.005G238900.1.D	980	874.505	13	0.589612
Gorai.005G239000.1.A	1411	1305.5	20.1633	0.612586
Gorai.005G239000.1.D	1411	1305.5	31.8367	0.967242
Gorai.005G239100.1.A	963	857.505	0	0
Gorai.005G239100.1.D	963	857.505	232	10.7309
Gorai.005G239200.1.A	945	839.505	0	0
Gorai.005G239200.1.D	945	839.505	0	0
Gorai.005G239300.1.A	2680	2574.5	400.511	6.1703
Gorai.005G239300.1.D	2680	2574.5	52.4887	0.808643
Gorai.005G239400.1.A	1467	1361.5	116.525	3.39458
Gorai.005G239400.1.D	1467	1361.5	992.475	28.9125
Gorai.005G239500.1.A	1167	1061.5	3.13043	0.116968
Gorai.005G239500.1.D	1167	1061.5	20.8696	0.779788
Gorai.005G239600.1.A	845	739.505	67	3.59351
Gorai.005G239600.1.D	845	739.505	48	2.57445
Gorai.005G239700.1.A	9645	9539.5	37.234	0.15481
Gorai.005G239700.1.D	9645	9539.5	12.766	0.0530777
Gorai.005G239800.1.A	1873	1767.5	168.36	3.77802
Gorai.005G239800.1.D	1873	1767.5	269.64	6.05073
Gorai.005G239900.1.A	2131	2025.5	174.274	3.41258
Gorai.005G239900.1.D	2131	2025.5	202.726	3.96974
Gorai.005G240000.1.A	1461	1355.5	0	0
Gorai.005G240000.1.D	1461	1355.5	0	0
Gorai.005G240100.1.A	584	478.551	0	0
Gorai.005G240100.1.D	584	478.551	0	0
Gorai.005G240200.1.A	1478	1372.5	77	2.22516
Gorai.005G240200.1.D	1478	1372.5	77	2.22516
Gorai.005G240300.1.A	937	831.505	19.1176	0.911916
Gorai.005G240300.1.D	937	831.505	5.88235	0.280589
Gorai.005G240400.1.A	2444	2338.5	78.0088	1.32309
Gorai.005G240400.1.D	2444	2338.5	154.991	2.62878
Gorai.005G240500.1.A	1608	1502.5	28.102	0.741834
Gorai.005G240500.1.D	1608	1502.5	22.898	0.604458
Gorai.005G240600.1.A	2018	1912.5	80.6898	1.67341
Gorai.005G240600.1.D	2018	1912.5	110.31	2.28769
Gorai.005G240700.1.A	981	875.505	5	0.226515
Gorai.005G240700.1.D	981	875.505	2	0.0906059
Gorai.005G240800.1.A	1995	1889.5	1667.73	35.0076
Gorai.005G240800.1.D	1995	1889.5	8262.27	173.435
Gorai.005G240900.1.A	1721	1615.5	304.558	7.47734
Gorai.005G240900.1.D	1721	1615.5	222.442	5.46126
Gorai.005G241000.1.A	366	260.583	0	0
Gorai.005G241000.1.D	366	260.583	0	0
Gorai.005G241100.1.A	363	257.583	0	0
Gorai.005G241100.1.D	363	257.583	1	0.153981
Gorai.005G241200.1.A	1512	1406.5	19.2361	0.542453
Gorai.005G241200.1.D	1512	1406.5	9.24632	0.260743
Gorai.005G241300.1.A	360	254.63	15.5175	2.41712
Gorai.005G241300.1.D	360	254.63	0	0
Gorai.005G241400.1.A	1713	1607.5	172.138	4.24728
Gorai.005G241400.1.D	1713	1607.5	95.8615	2.36525
Gorai.005G241500.1.A	988	882.505	515.406	23.1642
Gorai.005G241500.1.D	988	882.505	207.594	9.33003
Gorai.005G241600.1.A	1826	1720.5	316.108	7.28727
Gorai.005G241600.1.D	1826	1720.5	511.892	11.8007
Gorai.005G241700.1.A	2315	2209.5	6.70492	0.12036
Gorai.005G241700.1.D	2315	2209.5	402.295	7.22162
Gorai.005G241800.1.A	1033	927.505	6.38889	0.273208
Gorai.005G241800.1.D	1033	927.505	16.6111	0.710342
Gorai.005G241900.1.A	2550	2444.5	2.2	0.0356958
Gorai.005G241900.1.D	2550	2444.5	8.8	0.142783
Gorai.005G242000.1.A	4156	4050.5	1527.19	14.9544
Gorai.005G242000.1.D	4156	4050.5	2398.81	23.4894
Gorai.005G242100.1.A	3231	3125.5	87.2935	1.10776
Gorai.005G242100.1.D	3231	3125.5	207.088	2.62797
Gorai.005G242200.1.A	2974	2868.5	119.85	1.65717
Gorai.005G242200.1.D	2974	2868.5	60.7685	0.840249
Gorai.005G242300.1.A	1947	1841.5	60.9187	1.31209
Gorai.005G242300.1.D	1947	1841.5	66.0813	1.42328
Gorai.005G242400.1.A	1812	1706.5	128.641	2.98991
Gorai.005G242400.1.D	1812	1706.5	167.359	3.88978
Gorai.005G242500.1.A	3158	3052.5	46.1839	0.600094
Gorai.005G242500.1.D	3158	3052.5	51.8161	0.673276
Gorai.005G242600.1.A	3555	3449.5	141.884	1.63141
Gorai.005G242600.1.D	3555	3449.5	154.116	1.77205
Gorai.005G242700.1.A	852	746.505	0	0
Gorai.005G242700.1.D	852	746.505	0	0
Gorai.005G242800.1.A	1273	1167.5	1185.08	40.26
Gorai.005G242800.1.D	1273	1167.5	2348.92	79.7984
Gorai.005G242900.1.A	3230	3124.5	3538.41	44.9171
Gorai.005G242900.1.D	3230	3124.5	2305.26	29.2633
Gorai.005G243000.1.A	1796	1690.5	370.864	8.70129
Gorai.005G243000.1.D	1796	1690.5	553.136	12.9778
Gorai.005G243100.1.A	1669	1563.5	3171.12	80.4448
Gorai.005G243100.1.D	1669	1563.5	3173.16	80.4967
Gorai.005G243200.1.A	1752	1646.5	300.335	7.23482
Gorai.005G243200.1.D	1752	1646.5	24.6652	0.594164
Gorai.005G243300.1.A	2402	2296.5	518.18	8.94949
Gorai.005G243300.1.D	2402	2296.5	640.82	11.0676
Gorai.005G243400.1.A	852	746.505	0	0
Gorai.005G243400.1.D	852	746.505	0	0
Gorai.005G243500.1.A	544	438.551	65.4713	5.92127
Gorai.005G243500.1.D	544	438.551	23.5287	2.12796
Gorai.005G243600.1.A	362	256.583	100.397	15.5195
Gorai.005G243600.1.D	362	256.583	36.6031	5.65815
Gorai.005G243700.1.A	1197	1091.5	752.62	27.3486
Gorai.005G243700.1.D	1197	1091.5	721.38	26.2134
Gorai.005G243800.1.A	3559	3453.5	54.8531	0.629979
Gorai.005G243800.1.D	3559	3453.5	93.1469	1.06978
Gorai.005G243900.1.A	792	686.505	2514.84	145.295
Gorai.005G243900.1.D	792	686.505	3806.16	219.902
Gorai.005G244000.1.A	567	461.551	0	0
Gorai.005G244000.1.D	567	461.551	0	0
Gorai.005G244100.1.A	2465	2359.5	16.5	0.277363
Gorai.005G244100.1.D	2465	2359.5	10.5	0.176504
Gorai.005G244200.1.A	1387	1281.5	0	0
Gorai.005G244200.1.D	1387	1281.5	0	0
Gorai.005G244300.1.A	1360	1254.5	0	0
Gorai.005G244300.1.D	1360	1254.5	0	0
Gorai.005G244400.1.A	1951	1845.5	0	0
Gorai.005G244400.1.D	1951	1845.5	116	2.49303
Gorai.005G244500.1.A	1554	1448.5	44.9029	1.22953
Gorai.005G244500.1.D	1554	1448.5	80.0971	2.19322
Gorai.005G244600.1.A	3028	2922.5	348.053	4.72362
Gorai.005G244600.1.D	3028	2922.5	421.947	5.72648
Gorai.005G244700.1.A	1217	1111.5	974.398	34.7704
Gorai.005G244700.1.D	1217	1111.5	1037.6	37.0258
Gorai.005G244800.1.A	1749	1643.5	0	0
Gorai.005G244800.1.D	1749	1643.5	0	0
Gorai.005G244900.1.A	2423	2317.5	1449.79	24.8124
Gorai.005G244900.1.D	2423	2317.5	1200.21	20.5411
Gorai.005G245000.1.A	750	644.505	1144.66	70.4424
Gorai.005G245000.1.D	750	644.505	1023.34	62.9768
Gorai.005G245100.1.A	940	834.505	12.6857	0.602936
Gorai.005G245100.1.D	940	834.505	24.3143	1.15563
Gorai.005G245200.1.A	1236	1130.5	0	0
Gorai.005G245200.1.D	1236	1130.5	0	0
Gorai.005G245300.1.A	1437	1331.5	0	0
Gorai.005G245300.1.D	1437	1331.5	0	0
Gorai.005G245400.1.A	2633	2527.5	520.08	8.16138
Gorai.005G245400.1.D	2633	2527.5	518.92	8.14316
Gorai.005G245500.1.A	2012	1906.5	1	0.020804
Gorai.005G245500.1.D	2012	1906.5	0	0
Gorai.005G245600.1.A	1992	1886.5	1213.9	25.5218
Gorai.005G245600.1.D	1992	1886.5	1362.1	28.6375
Gorai.005G245700.1.A	609	503.551	996.112	78.4602
Gorai.005G245700.1.D	609	503.551	1068.89	84.1925
Gorai.005G245800.1.A	835	729.505	12.0476	0.655025
Gorai.005G245800.1.D	835	729.505	10.9524	0.595478
Gorai.005G245900.1.A	947	841.505	2	0.0942667
Gorai.005G245900.1.D	947	841.505	0	0
Gorai.005G246000.1.A	1113	1007.5	83.5848	3.29053
Gorai.005G246000.1.D	1113	1007.5	153.415	6.03957
Gorai.005G246100.1.A	1098	992.505	0	0
Gorai.005G246100.1.D	1098	992.505	19	0.759287
Gorai.005G246200.1.A	2792	2686.5	0	0
Gorai.005G246200.1.D	2792	2686.5	0	0
Gorai.005G246300.1.A	2898	2792.5	114.392	1.62475
Gorai.005G246300.1.D	2898	2792.5	144.608	2.05392
Gorai.005G246400.1.A	2968	2862.5	162.414	2.25041
Gorai.005G246400.1.D	2968	2862.5	47.5862	0.659356
Gorai.005G246500.1.A	1797	1691.5	5.0259	0.117849
Gorai.005G246500.1.D	1797	1691.5	8.04144	0.188558
Gorai.005G246600.1.A	3220	3114.5	16.4199	0.209106
Gorai.005G246600.1.D	3220	3114.5	1184.58	15.0855
Gorai.005G246700.1.A	1220	1114.5	129.051	4.59265
Gorai.005G246700.1.D	1220	1114.5	256.949	9.1443
Gorai.005G246800.1.A	1502	1396.5	3	0.0852047
Gorai.005G246800.1.D	1502	1396.5	0	0
Gorai.005G246900.1.A	1607	1501.5	1253.87	33.1216
Gorai.005G246900.1.D	1607	1501.5	2371.13	62.6345
Gorai.005G247000.1.A	1429	1323.5	7700.13	230.758
Gorai.005G247000.1.D	1429	1323.5	15917.9	477.029
Gorai.005G247100.1.A	717	611.505	0	0
Gorai.005G247100.1.D	717	611.505	1	0.0648612
Gorai.005G247200.1.A	4178	4072.5	1496	14.5699
Gorai.005G247200.1.D	4178	4072.5	1880.75	18.317
Gorai.005G247300.1.A	4216	4110.5	980.755	9.46346
Gorai.005G247300.1.D	4216	4110.5	737.491	7.11617
Gorai.005G247400.1.A	2137	2031.5	0	0
Gorai.005G247400.1.D	2137	2031.5	20	0.390478
Gorai.005G247500.1.A	1974	1868.5	5	0.106136
Gorai.005G247500.1.D	1974	1868.5	3	0.0636813
Gorai.005G247600.1.A	2236	2130.5	71.4791	1.3307
Gorai.005G247600.1.D	2236	2130.5	154.521	2.87667
Gorai.005G247700.1.A	1919	1813.5	417.777	9.13714
Gorai.005G247700.1.D	1919	1813.5	745.223	16.2987
Gorai.005G247800.1.A	1649	1543.5	895.877	23.0211
Gorai.005G247800.1.D	1649	1543.5	821.123	21.1001
Gorai.005G247900.1.A	1617	1511.5	43.9437	1.15311
Gorai.005G247900.1.D	1617	1511.5	34.0563	0.893662
Gorai.005G248000.1.A	1836	1730.5	39	0.893875
Gorai.005G248000.1.D	1836	1730.5	35	0.802195
Gorai.005G248100.1.A	1064	958.505	106.232	4.3959
Gorai.005G248100.1.D	1064	958.505	144.768	5.99049
Gorai.005G248200.1.A	5690	5584.5	410.696	2.91689
Gorai.005G248200.1.D	5690	5584.5	482.304	3.42548
Gorai.005G248300.1.A	1185	1079.5	944.533	34.7039
Gorai.005G248300.1.D	1185	1079.5	585.467	21.5111
Gorai.005G248400.1.A	3381	3275.5	868.835	10.5207
Gorai.005G248400.1.D	3381	3275.5	1753.17	21.229
Gorai.005G248500.1.A	1384	1278.5	1339.69	41.561
Gorai.005G248500.1.D	1384	1278.5	1176.31	36.4926
Gorai.005G248600.1.A	1359	1253.5	35.5385	1.1245
Gorai.005G248600.1.D	1359	1253.5	20.4615	0.647437
Gorai.005G248700.1.A	2420	2314.5	181.841	3.11615
Gorai.005G248700.1.D	2420	2314.5	33.1592	0.568239
Gorai.005G248800.1.A	1083	977.505	3467.56	140.699
Gorai.005G248800.1.D	1083	977.505	3676.44	149.174
Gorai.005G248900.1.A	2327	2221.5	539.488	9.63206
Gorai.005G248900.1.D	2327	2221.5	505.512	9.02546
Gorai.005G249000.1.A	2230	2124.5	141.508	2.64186
Gorai.005G249000.1.D	2230	2124.5	111.492	2.08146
Gorai.005G249100.1.A	3215	3109.5	210.472	2.68466
Gorai.005G249100.1.D	3215	3109.5	261.528	3.33589
Gorai.005G249200.1.A	621	515.505	0	0
Gorai.005G249200.1.D	621	515.505	0	0
Gorai.005G249300.1.A	895	789.505	1	0.0502378
Gorai.005G249300.1.D	895	789.505	3	0.150713
Gorai.005G249400.1.A	522	416.551	0	0
Gorai.005G249400.1.D	522	416.551	0	0
Gorai.005G249500.1.A	240	135.211	0	0
Gorai.005G249500.1.D	240	135.211	0	0
Gorai.005G249600.1.A	186	83.2836	0	0
Gorai.005G249600.1.D	186	83.2836	0	0
Gorai.005G249700.1.A	796	690.505	0	0
Gorai.005G249700.1.D	796	690.505	0	0
Gorai.005G249800.1.A	237	132.247	1	0.299915
Gorai.005G249800.1.D	237	132.247	0.446862	0.13402
Gorai.005G249900.1.A	240	135.211	0	0
Gorai.005G249900.1.D	240	135.211	0	0
Gorai.005G250000.1.A	652	546.505	67.2774	4.8827
Gorai.005G250000.1.D	652	546.505	43.6713	3.16947
Gorai.005G250100.1.A	1181	1075.5	0	0
Gorai.005G250100.1.D	1181	1075.5	0	0
Gorai.005G250200.1.A	577	471.551	0	0
Gorai.005G250200.1.D	577	471.551	0	0
Gorai.005G250300.1.A	854	748.505	0	0
Gorai.005G250300.1.D	854	748.505	0	0
Gorai.005G250400.1.A	955	849.505	0	0
Gorai.005G250400.1.D	955	849.505	3.55314	0.165894
Gorai.005G250500.1.A	586	480.551	0	0
Gorai.005G250500.1.D	586	480.551	0	0
Gorai.005G250600.1.A	433	327.583	0	0
Gorai.005G250600.1.D	433	327.583	0	0
Gorai.005G250700.1.A	517	411.551	0	0
Gorai.005G250700.1.D	517	411.551	0	0
Gorai.005G250800.1.A	713	607.505	0	0
Gorai.005G250800.1.D	713	607.505	0	0
Gorai.005G250900.1.A	291	185.705	0	0
Gorai.005G250900.1.D	291	185.705	0	0
Gorai.005G251000.1.A	560	454.551	0	0
Gorai.005G251000.1.D	560	454.551	0	0
Gorai.005G251100.1.A	291	185.705	0	0
Gorai.005G251100.1.D	291	185.705	0	0
Gorai.005G251200.1.A	273	167.834	0	0
Gorai.005G251200.1.D	273	167.834	0	0
Gorai.005G251300.1.A	318	212.63	0	0
Gorai.005G251300.1.D	318	212.63	0	0
Gorai.005G251400.1.A	318	212.63	0	0
Gorai.005G251400.1.D	318	212.63	0	0
Gorai.005G251500.1.A	857	751.505	0	0
Gorai.005G251500.1.D	857	751.505	58	3.06113
Gorai.005G251600.1.A	512	406.551	14	1.36583
Gorai.005G251600.1.D	512	406.551	0	0
Gorai.005G251700.1.A	584	478.551	89	7.37643
Gorai.005G251700.1.D	584	478.551	37	3.06661
Gorai.005G251800.1.A	1862	1756.5	535.1	12.0829
Gorai.005G251800.1.D	1862	1756.5	223.9	5.05579
Gorai.005G251900.1.A	1489	1383.5	2393.3	68.6123
Gorai.005G251900.1.D	1489	1383.5	1328.7	38.0917
Gorai.005G252000.1.A	1391	1285.5	570.413	17.5995
Gorai.005G252000.1.D	1391	1285.5	618.587	19.0859
Gorai.005G252100.1.A	2133	2027.5	152.299	2.97934
Gorai.005G252100.1.D	2133	2027.5	148.701	2.90896
Gorai.005G252200.1.A	1923	1817.5	131.928	2.87903
Gorai.005G252200.1.D	1923	1817.5	41.0719	0.896303
Gorai.005G252300.1.A	1463	1357.5	214.399	6.26421
Gorai.005G252300.1.D	1463	1357.5	290.601	8.49065
Gorai.005G252400.1.A	1336	1230.5	2354.46	75.8914
Gorai.005G252400.1.D	1336	1230.5	1735.54	55.9418
Gorai.005G252500.1.A	2064	1958.5	63.0882	1.27764
Gorai.005G252500.1.D	2064	1958.5	14.9118	0.301988
Gorai.005G252600.1.A	1256	1150.5	473.515	16.3242
Gorai.005G252600.1.D	1256	1150.5	705.485	24.3211
Gorai.005G252700.1.A	1130	1024.5	5	0.193571
Gorai.005G252700.1.D	1130	1024.5	14	0.542
Gorai.005G252800.1.A	889	783.505	0	0
Gorai.005G252800.1.D	889	783.505	3	0.151867
Gorai.005G252900.1.A	2290	2184.5	29.5935	0.537314
Gorai.005G252900.1.D	2290	2184.5	100.407	1.82303
Gorai.005G253000.1.A	1428	1322.5	138.092	4.14147
Gorai.005G253000.1.D	1428	1322.5	266.908	8.00479
Gorai.005G253100.1.A	835	729.505	1.125	0.0611659
Gorai.005G253100.1.D	835	729.505	16.875	0.917489
Gorai.005G253200.1.A	523	417.551	15.098	1.43415
Gorai.005G253200.1.D	523	417.551	61.902	5.88003
Gorai.005G253300.1.A	1924	1818.5	7.28571	0.158907
Gorai.005G253300.1.D	1924	1818.5	9.71429	0.211876
Gorai.005G253400.1.A	699	593.505	1	0.0668284
Gorai.005G253400.1.D	699	593.505	1	0.0668284
Gorai.005G253500.1.A	1635	1529.5	98.5061	2.55445
Gorai.005G253500.1.D	1635	1529.5	260.494	6.7551
Gorai.005G253600.1.A	2346	2240.5	17.2401	0.305196
Gorai.005G253600.1.D	2346	2240.5	5	0.0885134
Gorai.005G253700.1.A	1816	1710.5	593.97	13.7729
Gorai.005G253700.1.D	1816	1710.5	752.394	17.4464
Gorai.005G253800.1.A	991	885.505	1435.04	64.2773
Gorai.005G253800.1.D	991	885.505	1944.8	87.1103
Gorai.005G253900.1.A	1200	1094.5	90.6667	3.2856
Gorai.005G253900.1.D	1200	1094.5	117.333	4.25196
Gorai.005G254000.1.A	1097	991.505	13.2671	0.530722
Gorai.005G254000.1.D	1097	991.505	0	0
Gorai.005G254100.1.A	1529	1423.5	945.412	26.3419
Gorai.005G254100.1.D	1529	1423.5	444.588	12.3875
Gorai.005G254200.1.A	2006	1900.5	57.0927	1.19151
Gorai.005G254200.1.D	2006	1900.5	151.907	3.17026
Gorai.005G254300.1.A	1076	970.505	7.29825	0.298267
Gorai.005G254300.1.D	1076	970.505	96.7018	3.95204
Gorai.005G254400.1.A	1329	1223.5	5.35609	0.173631
Gorai.005G254400.1.D	1329	1223.5	73.6462	2.38742
Gorai.005G254500.1.A	1720	1614.5	583.15	14.326
Gorai.005G254500.1.D	1720	1614.5	70.85	1.74055
Gorai.005G254600.1.A	876	770.505	174.46	8.98063
Gorai.005G254600.1.D	876	770.505	129.54	6.66825
Gorai.005G254700.1.A	910	804.505	613.114	30.2272
Gorai.005G254700.1.D	910	804.505	747.886	36.8716
Gorai.005G254800.1.A	2325	2219.5	347.142	6.20349
Gorai.005G254800.1.D	2325	2219.5	223.858	4.00038
Gorai.005G254900.1.A	2142	2036.5	171.601	3.3421
Gorai.005G254900.1.D	2142	2036.5	183.399	3.57187
Gorai.005G255000.1.A	2078	1972.5	629.583	12.6596
Gorai.005G255000.1.D	2078	1972.5	1210.42	24.339
Gorai.005G255100.1.A	2652	2546.5	3.16667	0.0493222
Gorai.005G255100.1.D	2652	2546.5	15.8333	0.246611
Gorai.005G255200.1.A	1951	1845.5	40.6525	0.87369
Gorai.005G255200.1.D	1951	1845.5	82.3475	1.76978
Gorai.005G255300.1.A	1101	995.505	19.9459	0.794687
Gorai.005G255300.1.D	1101	995.505	21.0541	0.838837
Gorai.005G255400.1.A	1143	1037.5	0	0
Gorai.005G255400.1.D	1143	1037.5	0	0
Gorai.005G255500.1.A	1953	1847.5	23.3662	0.501635
Gorai.005G255500.1.D	1953	1847.5	213.634	4.58637
Gorai.005G255600.1.A	2143	2037.5	55.093	1.07246
Gorai.005G255600.1.D	2143	2037.5	47.907	0.932578
Gorai.005G255700.1.A	1317	1211.5	11.3438	0.371378
Gorai.005G255700.1.D	1317	1211.5	21.6562	0.708995
Gorai.005G255800.1.A	2606	2500.5	1199.4	19.0249
Gorai.005G255800.1.D	2606	2500.5	1133.6	17.9811
Gorai.005G255900.1.A	426	320.583	6	0.742327
Gorai.005G255900.1.D	426	320.583	0	0
Gorai.005G256000.1.A	1873	1767.5	90.4667	2.03008
Gorai.005G256000.1.D	1873	1767.5	1.53333	0.0344081
Gorai.005G256100.1.A	1318	1212.5	4.8	0.157016
Gorai.005G256100.1.D	1318	1212.5	7.2	0.235523
Gorai.005G256200.1.A	1686	1580.5	0	0
Gorai.005G256200.1.D	1686	1580.5	0	0
Gorai.005G256300.1.A	567	461.551	0	0
Gorai.005G256300.1.D	567	461.551	0	0
Gorai.005G256400.1.A	528	422.551	1	0.0938654
Gorai.005G256400.1.D	528	422.551	1	0.0938654
Gorai.005G256500.1.A	646	540.505	0	0
Gorai.005G256500.1.D	646	540.505	0	0
Gorai.005G256600.1.A	762	656.505	9.18363	0.554832
Gorai.005G256600.1.D	762	656.505	19.3132	1.16681
Gorai.005G256700.1.A	925	819.505	26.0313	1.25988
Gorai.005G256700.1.D	925	819.505	2.47188	0.119636
Gorai.005G256800.1.A	456	350.551	0	0
Gorai.005G256800.1.D	456	350.551	1	0.113144
Gorai.005G256900.1.A	405	299.583	0	0
Gorai.005G256900.1.D	405	299.583	0	0
Gorai.005G257000.1.A	414	308.583	0	0
Gorai.005G257000.1.D	414	308.583	0	0
Gorai.005G257100.1.A	414	308.583	3	0.385597
Gorai.005G257100.1.D	414	308.583	3	0.385597
Gorai.005G257200.1.A	444	338.583	26	3.04574
Gorai.005G257200.1.D	444	338.583	13	1.52287
Gorai.005G257300.1.A	1683	1577.5	0	0
Gorai.005G257300.1.D	1683	1577.5	0	0
Gorai.005G257400.1.A	3724	3618.5	71.6557	0.785429
Gorai.005G257400.1.D	3724	3618.5	69.3443	0.760092
Gorai.005G257500.1.A	1328	1222.5	35.6364	1.15619
Gorai.005G257500.1.D	1328	1222.5	20.3636	0.660678
Gorai.005G257600.1.A	2198	2092.5	0	0
Gorai.005G257600.1.D	2198	2092.5	0	0
Gorai.005G257700.1.A	2358	2252.5	0	0
Gorai.005G257700.1.D	2358	2252.5	0	0
Gorai.005G257800.1.A	1520	1414.5	12	0.336482
Gorai.005G257800.1.D	1520	1414.5	7	0.196281
Gorai.005G257900.1.A	1402	1296.5	75.4811	2.30913
Gorai.005G257900.1.D	1402	1296.5	51.5189	1.57608
Gorai.005G258000.1.A	1184	1078.5	10.8	0.397179
Gorai.005G258000.1.D	1184	1078.5	7.2	0.264786
Gorai.005G258100.1.A	1201	1095.5	1.5	0.0543078
Gorai.005G258100.1.D	1201	1095.5	1.5	0.0543078
Gorai.005G258200.1.A	2896	2790.5	147.463	2.09597
Gorai.005G258200.1.D	2896	2790.5	39.5371	0.561963
Gorai.005G258300.1.A	1621	1515.5	0	0
Gorai.005G258300.1.D	1621	1515.5	5	0.130857
Gorai.005G258400.1.A	2743	2637.5	166.75	2.5076
Gorai.005G258400.1.D	2743	2637.5	362.25	5.44754
Gorai.005G258500.1.A	2025	1919.5	308.334	6.37115
Gorai.005G258500.1.D	2025	1919.5	424.666	8.77491
Gorai.005G258600.1.A	2365	2259.5	156.393	2.74529
Gorai.005G258600.1.D	2365	2259.5	104.607	1.83626
Gorai.005G258700.1.A	2495	2389.5	13.3012	0.220784
Gorai.005G258700.1.D	2495	2389.5	78.6988	1.30631
Gorai.005G258800.1.A	2309	2203.5	682.64	12.2875
Gorai.005G258800.1.D	2309	2203.5	483.36	8.70045
Gorai.005G258900.1.A	1312	1206.5	84.9734	2.79344
Gorai.005G258900.1.D	1312	1206.5	140.027	4.60327
Gorai.005G259000.1.A	855	749.505	0	0
Gorai.005G259000.1.D	855	749.505	0	0
Gorai.005G259100.1.A	2824	2718.5	0	0
Gorai.005G259100.1.D	2824	2718.5	2	0.02918
Gorai.005G259200.1.A	1896	1790.5	98.7272	2.18699
Gorai.005G259200.1.D	1896	1790.5	413.277	9.15483
Gorai.005G259300.1.A	555	449.551	33	2.91152
Gorai.005G259300.1.D	555	449.551	7	0.617595
Gorai.005G259400.1.A	1727	1621.5	156.689	3.83269
Gorai.005G259400.1.D	1727	1621.5	167.311	4.09254
Gorai.005G259500.1.A	1651	1545.5	14.7368	0.378198
Gorai.005G259500.1.D	1651	1545.5	5.26316	0.135071
Gorai.005G259600.1.A	2141	2035.5	220.733	4.30111
Gorai.005G259600.1.D	2141	2035.5	164.267	3.20083
Gorai.005G259700.1.A	1760	1654.5	641.243	15.3723
Gorai.005G259700.1.D	1760	1654.5	491.757	11.7887
Gorai.005G259800.1.A	3019	2913.5	183.066	2.49216
Gorai.005G259800.1.D	3019	2913.5	122.934	1.67357
Gorai.005G259900.1.A	473	367.551	16.4211	1.77202
Gorai.005G259900.1.D	473	367.551	35.5789	3.83937
Gorai.005G260000.1.A	1044	938.505	78.8018	3.33031
Gorai.005G260000.1.D	1044	938.505	149.198	6.30539
Gorai.005G260100.1.A	2190	2084.5	52.3497	0.996084
Gorai.005G260100.1.D	2190	2084.5	144.65	2.75234
Gorai.005G260200.1.A	1922	1816.5	218.883	4.77926
Gorai.005G260200.1.D	1922	1816.5	290.117	6.33464
Gorai.005G260300.1.A	1458	1352.5	48.5714	1.42438
Gorai.005G260300.1.D	1458	1352.5	19.4286	0.569754
Gorai.005G260400.1.A	2088	1982.5	4.75	0.0950308
Gorai.005G260400.1.D	2088	1982.5	14.25	0.285092
Gorai.005G260500.1.A	2962	2856.5	232.457	3.2277
Gorai.005G260500.1.D	2962	2856.5	86.5426	1.20166
Gorai.005G260600.1.A	1016	910.505	1	0.0435615
Gorai.005G260600.1.D	1016	910.505	1	0.0435615
Gorai.005G260700.1.A	2133	2027.5	257.816	5.0435
Gorai.005G260700.1.D	2133	2027.5	293.449	5.74057
Gorai.005G260800.1.A	952	846.505	0	0
Gorai.005G260800.1.D	952	846.505	0	0
Gorai.005G260900.1.A	2534	2428.5	610.566	9.97192
Gorai.005G260900.1.D	2534	2428.5	502.434	8.20587
Gorai.005G261000.1.A	1454	1348.5	0	0
Gorai.005G261000.1.D	1454	1348.5	0	0
Gorai.005G261100.1.A	1402	1296.5	118.932	3.63839
Gorai.005G261100.1.D	1402	1296.5	231.068	7.06888
Gorai.005G261200.1.A	1225	1119.5	0	0
Gorai.005G261200.1.D	1225	1119.5	14	0.496006
Gorai.005G261300.1.A	591	485.551	1	0.0816864
Gorai.005G261300.1.D	591	485.551	0	0
Gorai.005G261400.1.A	992	886.505	7	0.313186
Gorai.005G261400.1.D	992	886.505	5	0.223704
Gorai.005G261500.1.A	3237	3131.5	142.786	1.8085
Gorai.005G261500.1.D	3237	3131.5	62.2139	0.787988
Gorai.005G261600.1.A	716	610.505	21.7143	1.41072
Gorai.005G261600.1.D	716	610.505	10.2857	0.668237
Gorai.005G261700.1.A	1467	1361.5	19	0.553502
Gorai.005G261700.1.D	1467	1361.5	18	0.524371
Gorai.005G261800.1.A	717	611.505	10	0.648612
Gorai.005G261800.1.D	717	611.505	0	0
Gorai.005G261900.1.A	952	846.505	3.6	0.168678
Gorai.005G261900.1.D	952	846.505	2.4	0.112452
Gorai.005G262000.1.A	2881	2775.5	6.66667	0.095269
Gorai.005G262000.1.D	2881	2775.5	5.33333	0.0762152
Gorai.005G262100.1.A	503	397.551	22.449	2.23969
Gorai.005G262100.1.D	503	397.551	27.551	2.74871
Gorai.005G262200.1.A	1823	1717.5	498.21	11.5053
Gorai.005G262200.1.D	1823	1717.5	528.79	12.2115
Gorai.005G262300.1.A	2145	2039.5	4.28571	0.0833457
Gorai.005G262300.1.D	2145	2039.5	10.7143	0.208364
Gorai.005G262400.1.A	1545	1439.5	0	0
Gorai.005G262400.1.D	1545	1439.5	0	0
Gorai.005G262500.1.A	1892	1786.5	394.398	8.7562
Gorai.005G262500.1.D	1892	1786.5	396.602	8.80512
Gorai.005G262600.1.A	1204	1098.5	103.811	3.74822
Gorai.005G262600.1.D	1204	1098.5	131.189	4.73676
Gorai.005G262700.1.A	1790	1684.5	1284.01	30.233
Gorai.005G262700.1.D	1790	1684.5	1238.99	29.173
Gorai.005G262800.1.A	2159	2053.5	2524.48	48.7596
Gorai.005G262800.1.D	2159	2053.5	2253.52	43.5263
Gorai.005G262900.1.A	105	24.557	0	0
Gorai.005G262900.1.D	105	24.557	0	0
Gorai.005G263000.1.A	1908	1802.5	45	0.990196
Gorai.005G263000.1.D	1908	1802.5	9	0.198039
Gorai.005G263100.1.A	699	593.505	0	0
Gorai.005G263100.1.D	699	593.505	0	0
Gorai.005G263200.1.A	2252	2146.5	197.082	3.64166
Gorai.005G263200.1.D	2252	2146.5	140.918	2.60388
Gorai.005G263300.1.A	636	530.505	0	0
Gorai.005G263300.1.D	636	530.505	0	0
Gorai.005G263400.1.A	1079	973.505	0	0
Gorai.005G263400.1.D	1079	973.505	0	0
Gorai.005G263500.1.A	658	552.505	11	0.789663
Gorai.005G263500.1.D	658	552.505	2	0.143575
Gorai.005G263600.1.A	467	361.551	0	0
Gorai.005G263600.1.D	467	361.551	0	0
Gorai.005G263700.1.A	833	727.505	0	0
Gorai.005G263700.1.D	833	727.505	0	0
Gorai.005G263800.1.A	2003	1897.5	565.173	11.8136
Gorai.005G263800.1.D	2003	1897.5	3003.83	62.7881
Gorai.005G263900.1.A	1316	1210.5	131.498	4.30862
Gorai.005G263900.1.D	1316	1210.5	162.502	5.32447
Gorai.005G264000.1.A	1235	1129.5	94.987	3.3355
Gorai.005G264000.1.D	1235	1129.5	64.013	2.24784
Gorai.005G264100.1.A	626	520.505	5.33333	0.406405
Gorai.005G264100.1.D	626	520.505	6.66667	0.508006
Gorai.005G264200.1.A	315	209.649	0	0
Gorai.005G264200.1.D	315	209.649	0	0
Gorai.005G264300.1.A	324	218.63	0	0
Gorai.005G264300.1.D	324	218.63	0	0
Gorai.005G264400.1.A	2031	1925.5	351.996	7.25067
Gorai.005G264400.1.D	2031	1925.5	294.004	6.05611
Gorai.005G264500.1.A	375	269.583	0	0
Gorai.005G264500.1.D	375	269.583	0	0
Gorai.005G264600.1.A	2013	1907.5	1	0.0207931
Gorai.005G264600.1.D	2013	1907.5	0	0
Gorai.005G264700.1.A	850	744.505	0	0
Gorai.005G264700.1.D	850	744.505	0	0
Gorai.005G264800.1.A	1026	920.505	0	0
Gorai.005G264800.1.D	1026	920.505	0	0
Gorai.005G264900.1.A	1105	999.505	4.5	0.178572
Gorai.005G264900.1.D	1105	999.505	4.5	0.178572
Gorai.005G265000.1.A	1566	1460.5	0	0
Gorai.005G265000.1.D	1566	1460.5	1	0.027157
Gorai.005G265100.1.A	1041	935.505	229.474	9.72908
Gorai.005G265100.1.D	1041	935.505	10.5263	0.446288
Gorai.005G265200.1.A	3528	3422.5	176.709	2.04785
Gorai.005G265200.1.D	3528	3422.5	172.291	1.99666
Gorai.005G265300.1.A	2266	2160.5	1416.25	25.9997
Gorai.005G265300.1.D	2266	2160.5	1224.75	22.4842
Gorai.005G265400.1.A	3630	3524.5	18	0.202563
Gorai.005G265400.1.D	3630	3524.5	18	0.202563
Gorai.005G265500.1.A	592	486.551	15	1.22278
Gorai.005G265500.1.D	592	486.551	0	0
Gorai.005G265600.1.A	978	872.505	4.57143	0.207811
Gorai.005G265600.1.D	978	872.505	3.42857	0.155858
Gorai.005G265700.1.A	2390	2284.5	80.7207	1.40145
Gorai.005G265700.1.D	2390	2284.5	223.636	3.88271
Gorai.005G265800.1.A	904	798.505	1308.36	64.9883
Gorai.005G265800.1.D	904	798.505	1322.64	65.6975
Gorai.005G265900.1.A	1614	1508.5	695.416	18.2845
Gorai.005G265900.1.D	1614	1508.5	802.435	21.0983
Gorai.005G266000.1.A	1037	931.505	19.0228	0.80998
Gorai.005G266000.1.D	1037	931.505	93.126	3.96525
Gorai.005G266100.1.A	2534	2428.5	482.951	7.88767
Gorai.005G266100.1.D	2534	2428.5	472.049	7.70962
Gorai.005G266200.1.A	2521	2415.5	4	0.0656806
Gorai.005G266200.1.D	2521	2415.5	1	0.0164201
Gorai.005G266300.1.A	1168	1062.5	1602.1	59.8057
Gorai.005G266300.1.D	1168	1062.5	1132.9	42.2909
Gorai.005G266400.1.A	2060	1954.5	8	0.162345
Gorai.005G266400.1.D	2060	1954.5	3	0.0608793
Gorai.005G266500.1.A	2301	2195.5	9.58065	0.173079
Gorai.005G266500.1.D	2301	2195.5	23.4194	0.423083
Gorai.005G266600.1.A	3211	3105.5	5.02041	0.0641197
Gorai.005G266600.1.D	3211	3105.5	158.98	2.03046
Gorai.005G266700.1.A	2567	2461.5	754.92	12.1642
Gorai.005G266700.1.D	2567	2461.5	249.08	4.01349
Gorai.005G266800.1.A	3755	3649.5	955.434	10.3837
Gorai.005G266800.1.D	3755	3649.5	1495.57	16.2539
Gorai.005G266900.1.A	1156	1050.5	2.8	0.105717
Gorai.005G266900.1.D	1156	1050.5	11.2	0.422868
Gorai.005G267000.1.A	2631	2525.5	873.568	13.7193
Gorai.005G267000.1.D	2631	2525.5	997.432	15.6646
Gorai.005G267100.1.A	1545	1439.5	441.175	12.1558
Gorai.005G267100.1.D	1545	1439.5	581.825	16.0311
Gorai.005G267200.1.A	1978	1872.5	357.095	7.5639
Gorai.005G267200.1.D	1978	1872.5	212.905	4.50971
Gorai.005G267300.1.A	1126	1020.5	241.612	9.39049
Gorai.005G267300.1.D	1126	1020.5	159.388	6.19478
Gorai.005G267400.1.A	1984	1878.5	456.225	9.63279
Gorai.005G267400.1.D	1984	1878.5	1041.77	21.9961
Gorai.005G267500.1.A	987	881.505	0	0
Gorai.005G267500.1.D	987	881.505	0	0
Gorai.005G267600.1.A	966	860.505	2122.22	97.8186
Gorai.005G267600.1.D	966	860.505	1961.78	90.4238
Gorai.005G267700.1.A	970	864.505	8.76591	0.402174
Gorai.005G267700.1.D	970	864.505	31.3297	1.43739
Gorai.005G267800.1.A	887	781.505	24.1403	1.22517
Gorai.005G267800.1.D	887	781.505	69.7641	3.54067
Gorai.005G267900.1.A	2618	2512.5	64.9132	1.02473
Gorai.005G267900.1.D	2618	2512.5	410.087	6.47372
Gorai.005G268000.1.A	888	782.505	5	0.253436
Gorai.005G268000.1.D	888	782.505	5	0.253436
Gorai.005G268100.1.A	1618	1512.5	2	0.0524467
Gorai.005G268100.1.D	1618	1512.5	0	0
Gorai.005G268200.1.A	1323	1217.5	96.2632	3.13599
Gorai.005G268200.1.D	1323	1217.5	139.737	4.55224
Gorai.005G268300.1.A	1428	1322.5	247.945	7.43606
Gorai.005G268300.1.D	1428	1322.5	11.3706	0.341012
Gorai.005G268400.1.A	3517	3411.5	16.0741	0.186881
Gorai.005G268400.1.D	3517	3411.5	14.9259	0.173532
Gorai.005G268500.1.A	2288	2182.5	15.9178	0.289276
Gorai.005G268500.1.D	2288	2182.5	67.0822	1.21909
Gorai.005G268600.1.A	1624	1518.5	0	0
Gorai.005G268600.1.D	1624	1518.5	0	0
Gorai.005G268700.1.A	1407	1301.5	36.8941	1.12434
Gorai.005G268700.1.D	1407	1301.5	159.106	4.8487
Gorai.005G268800.1.A	2932	2826.5	0	0
Gorai.005G268800.1.D	2932	2826.5	0	0
Gorai.005G268900.1.A	2878	2772.5	0	0
Gorai.005G268900.1.D	2878	2772.5	7	0.100141
Gorai.005G269000.1.A	1322	1216.5	58.5148	1.90782
Gorai.005G269000.1.D	1322	1216.5	19.5422	0.637153
Gorai.005G269100.1.A	872	766.505	46.0656	2.38367
Gorai.005G269100.1.D	872	766.505	21.072	1.09038
Gorai.005G269200.1.A	590	484.551	2.42472	0.198476
Gorai.005G269200.1.D	590	484.551	2.42472	0.198476
Gorai.005G269300.1.A	803	697.505	6	0.341184
Gorai.005G269300.1.D	803	697.505	0	0
Gorai.005G269400.1.A	594	488.551	41.625	3.37932
Gorai.005G269400.1.D	594	488.551	3.375	0.273999
Gorai.005G269500.1.A	873	767.505	1.09744	0.0567132
Gorai.005G269500.1.D	873	767.505	1.09744	0.0567132
Gorai.005G269600.1.A	419	313.583	1.14061	0.144268
Gorai.005G269600.1.D	419	313.583	1.14061	0.144268
Gorai.005G269700.1.A	574	468.551	0	0
Gorai.005G269700.1.D	574	468.551	0	0
Gorai.005G269800.1.A	481	375.551	4.36303	0.460791
Gorai.005G269800.1.D	481	375.551	4.71747	0.498225
Gorai.006G000100.1.A	3391	3285.5	13.183	0.159146
Gorai.006G000100.1.D	3391	3285.5	903.079	10.9021
Gorai.006G000200.1.A	1470	1364.5	663.033	19.2728
Gorai.006G000200.1.D	1470	1364.5	14768	429.27
Gorai.006G000300.1.A	3879	3773.5	7962.3	83.6909
Gorai.006G000300.1.D	3879	3773.5	1413.34	14.8554
Gorai.006G000400.1.A	2432	2326.5	413.981	7.05767
Gorai.006G000400.1.D	2432	2326.5	392.019	6.68326
Gorai.006G000500.1.A	624	518.505	5	0.382474
Gorai.006G000500.1.D	624	518.505	0	0
Gorai.006G000600.1.A	981	875.505	2156.75	97.7071
Gorai.006G000600.1.D	981	875.505	587.25	26.6041
Gorai.006G000700.1.A	280	174.788	433.341	98.3339
Gorai.006G000700.1.D	280	174.788	165.659	37.5915
Gorai.006G000800.1.A	2482	2376.5	238.935	3.98774
Gorai.006G000800.1.D	2482	2376.5	71.0426	1.18567
Gorai.006G000900.1.A	976	870.505	1630.92	74.3098
Gorai.006G000900.1.D	976	870.505	3.08108	0.140384
Gorai.006G001000.1.A	2841	2735.5	782.957	11.3523
Gorai.006G001000.1.D	2841	2735.5	88.0433	1.27657
Gorai.006G001100.1.A	876	770.505	11.6282	0.598582
Gorai.006G001100.1.D	876	770.505	11.6282	0.598582
Gorai.006G001200.1.A	504	398.551	0	0
Gorai.006G001200.1.D	504	398.551	0	0
Gorai.006G001300.1.A	3583	3477.5	1454.34	16.5875
Gorai.006G001300.1.D	3583	3477.5	25.6647	0.292721
Gorai.006G001400.1.A	612	506.551	0	0
Gorai.006G001400.1.D	612	506.551	0	0
Gorai.006G001500.1.A	764	658.505	2	0.120464
Gorai.006G001500.1.D	764	658.505	2	0.120464
Gorai.006G001600.1.A	756	650.505	0	0
Gorai.006G001600.1.D	756	650.505	122	7.43865
Gorai.006G001700.1.A	2618	2512.5	391.725	6.18385
Gorai.006G001700.1.D	2618	2512.5	212.275	3.35102
Gorai.006G001800.1.A	883	777.505	181	9.23338
Gorai.006G001800.1.D	883	777.505	0	0
Gorai.006G001900.1.A	2036	1930.5	0	0
Gorai.006G001900.1.D	2036	1930.5	0	0
Gorai.006G002000.1.A	2927	2821.5	31.5185	0.443068
Gorai.006G002000.1.D	2927	2821.5	42.4815	0.597178
Gorai.006G002100.1.A	249	144.019	0	0
Gorai.006G002100.1.D	249	144.019	0	0
Gorai.006G002200.1.A	1155	1049.5	0	0
Gorai.006G002200.1.D	1155	1049.5	0	0
Gorai.006G002300.1.A	485	379.551	0	0
Gorai.006G002300.1.D	485	379.551	0	0
Gorai.006G002400.1.A	249	144.019	0	0
Gorai.006G002400.1.D	249	144.019	0	0
Gorai.006G002500.1.A	830	724.505	3.90077	0.213547
Gorai.006G002500.1.D	830	724.505	3.90077	0.213547
Gorai.006G002600.1.A	774	668.505	0	0
Gorai.006G002600.1.D	774	668.505	0	0
Gorai.006G002700.1.A	237	132.247	0	0
Gorai.006G002700.1.D	237	132.247	0	0
Gorai.006G002800.1.A	1178	1072.5	186.341	6.8912
Gorai.006G002800.1.D	1178	1072.5	371.659	13.7445
Gorai.006G002900.1.A	540	434.551	0	0
Gorai.006G002900.1.D	540	434.551	5	0.456367
Gorai.006G003000.1.A	643	537.505	4.28831	0.316438
Gorai.006G003000.1.D	643	537.505	4.28831	0.316438
Gorai.006G003100.1.A	3292	3186.5	53.1034	0.660987
Gorai.006G003100.1.D	3292	3186.5	56.8966	0.708201
Gorai.006G003200.1.A	1977	1871.5	25.8621	0.548097
Gorai.006G003200.1.D	1977	1871.5	49.1379	1.04138
Gorai.006G003300.1.A	921	815.505	5	0.24318
Gorai.006G003300.1.D	921	815.505	0	0
Gorai.006G003400.1.A	558	452.551	3.74783	0.32847
Gorai.006G003400.1.D	558	452.551	3.74783	0.32847
Gorai.006G003500.1.A	998	892.505	640.105	28.4463
Gorai.006G003500.1.D	998	892.505	520.895	23.1486
Gorai.006G003600.1.A	1526	1420.5	77.8947	2.17496
Gorai.006G003600.1.D	1526	1420.5	70.1053	1.95746
Gorai.006G003700.1.A	3065	2959.5	595.455	7.98021
Gorai.006G003700.1.D	3065	2959.5	452.545	6.06496
Gorai.006G003800.1.A	3561	3455.5	86.1429	0.988764
Gorai.006G003800.1.D	3561	3455.5	47.8571	0.549313
Gorai.006G003900.1.A	1541	1435.5	0	0
Gorai.006G003900.1.D	1541	1435.5	0	0
Gorai.006G004000.1.A	552	446.551	0	0
Gorai.006G004000.1.D	552	446.551	0	0
Gorai.006G004100.1.A	1336	1230.5	0	0
Gorai.006G004100.1.D	1336	1230.5	0	0
Gorai.006G004200.1.A	1392	1286.5	0	0
Gorai.006G004200.1.D	1392	1286.5	0	0
Gorai.006G004300.1.A	1548	1442.5	0	0
Gorai.006G004300.1.D	1548	1442.5	0	0
Gorai.006G004400.1.A	1491	1385.5	0	0
Gorai.006G004400.1.D	1491	1385.5	0	0
Gorai.006G004500.1.A	1443	1337.5	0	0
Gorai.006G004500.1.D	1443	1337.5	0	0
Gorai.006G004600.1.A	1882	1776.5	600.766	13.4129
Gorai.006G004600.1.D	1882	1776.5	284.234	6.34591
Gorai.006G004700.1.A	1234	1128.5	1.19355	0.041949
Gorai.006G004700.1.D	1234	1128.5	35.8065	1.25847
Gorai.006G004800.1.A	1210	1104.5	402.582	14.4568
Gorai.006G004800.1.D	1210	1104.5	344.418	12.3681
Gorai.006G004900.1.A	662	556.505	0	0
Gorai.006G004900.1.D	662	556.505	0	0
Gorai.006G005000.1.A	3809	3703.5	96.092	1.0291
Gorai.006G005000.1.D	3809	3703.5	188.908	2.02312
Gorai.006G005100.1.A	999	893.505	0	0
Gorai.006G005100.1.D	999	893.505	5	0.221952
Gorai.006G005200.1.A	1001	895.505	0	0
Gorai.006G005200.1.D	1001	895.505	69	3.05609
Gorai.006G005300.1.A	1670	1564.5	153.919	3.90211
Gorai.006G005300.1.D	1670	1564.5	306.576	7.77224
Gorai.006G005400.1.A	609	503.551	0	0
Gorai.006G005400.1.D	609	503.551	0	0
Gorai.006G005500.1.A	1431	1325.5	33.7556	1.01006
Gorai.006G005500.1.D	1431	1325.5	15.2444	0.456158
Gorai.006G005600.1.A	1052	946.505	7.06899	0.296223
Gorai.006G005600.1.D	1052	946.505	1.09968	0.0460815
Gorai.006G005700.1.A	2469	2363.5	19.3596	0.324882
Gorai.006G005700.1.D	2469	2363.5	0	0
Gorai.006G005800.1.A	1652	1546.5	169.462	4.34616
Gorai.006G005800.1.D	1652	1546.5	180.538	4.63023
Gorai.006G005900.1.A	465	359.551	0	0
Gorai.006G005900.1.D	465	359.551	0	0
Gorai.006G006000.1.A	2214	2108.5	37.9299	0.713497
Gorai.006G006000.1.D	2214	2108.5	359.07	6.75444
Gorai.006G006100.1.A	2683	2577.5	113.975	1.75386
Gorai.006G006100.1.D	2683	2577.5	139.025	2.13933
Gorai.006G006200.1.A	1195	1089.5	67.8993	2.47185
Gorai.006G006200.1.D	1195	1089.5	83.1007	3.02524
Gorai.006G006300.1.A	1278	1172.5	20	0.676551
Gorai.006G006300.1.D	1278	1172.5	19	0.642723
Gorai.006G006400.1.A	2855	2749.5	71.7108	1.03446
Gorai.006G006400.1.D	2855	2749.5	24.2892	0.350383
Gorai.006G006500.1.A	1599	1493.5	215.82	5.73151
Gorai.006G006500.1.D	1599	1493.5	342.18	9.08727
Gorai.006G006600.1.A	1515	1409.5	107.369	3.02133
Gorai.006G006600.1.D	1515	1409.5	10.6306	0.299142
Gorai.006G006700.1.A	1739	1633.5	0	0
Gorai.006G006700.1.D	1739	1633.5	10	0.242809
Gorai.006G006800.1.A	2983	2877.5	15.4918	0.213536
Gorai.006G006800.1.D	2983	2877.5	47.5082	0.654843
Gorai.006G006900.1.A	816	710.505	0	0
Gorai.006G006900.1.D	816	710.505	3	0.167471
Gorai.006G007000.1.A	2308	2202.5	139.462	2.51144
Gorai.006G007000.1.D	2308	2202.5	105.538	1.90055
Gorai.006G007100.1.A	1324	1218.5	90.0299	2.93052
Gorai.006G007100.1.D	1324	1218.5	141.97	4.6212
Gorai.006G007200.1.A	539	433.551	0	0
Gorai.006G007200.1.D	539	433.551	0	0
Gorai.006G007300.1.A	1819	1713.5	4.2	0.0972185
Gorai.006G007300.1.D	1819	1713.5	2.8	0.0648123
Gorai.006G007400.1.A	2053	1947.5	339.165	6.90744
Gorai.006G007400.1.D	2053	1947.5	120.937	2.463
Gorai.006G007500.1.A	4491	4385.5	34.5294	0.312287
Gorai.006G007500.1.D	4491	4385.5	88.333	0.798892
Gorai.006G007600.1.A	867	761.505	1.66667	0.0868083
Gorai.006G007600.1.D	867	761.505	3.33333	0.173617
Gorai.006G007700.1.A	2487	2381.5	36.3112	0.604748
Gorai.006G007700.1.D	2487	2381.5	413.689	6.88981
Gorai.006G007800.1.A	771	665.505	3	0.178795
Gorai.006G007800.1.D	771	665.505	0	0
Gorai.006G007900.1.A	2168	2062.5	54.9885	1.05745
Gorai.006G007900.1.D	2168	2062.5	49.0115	0.942514
Gorai.006G008000.1.A	2021	1915.5	176.891	3.66276
Gorai.006G008000.1.D	2021	1915.5	201.109	4.16421
Gorai.006G008100.1.A	1834	1728.5	257.128	5.90015
Gorai.006G008100.1.D	1834	1728.5	199.872	4.58635
Gorai.006G008200.1.A	909	803.505	0	0
Gorai.006G008200.1.D	909	803.505	0	0
Gorai.006G008300.1.A	204	100.177	0	0
Gorai.006G008300.1.D	204	100.177	0	0
Gorai.006G008400.1.A	2958	2852.5	13.75	0.191188
Gorai.006G008400.1.D	2958	2852.5	11.25	0.156427
Gorai.006G008500.1.A	2306	2200.5	71.8515	1.29509
Gorai.006G008500.1.D	2306	2200.5	51.1485	0.921925
Gorai.006G008600.1.A	1749	1643.5	1045.79	25.2382
Gorai.006G008600.1.D	1749	1643.5	872.209	21.0492
Gorai.006G008700.1.A	3648	3542.5	111.448	1.24781
Gorai.006G008700.1.D	3648	3542.5	80.5517	0.901881
Gorai.006G008800.1.A	1062	956.505	27.3929	1.13589
Gorai.006G008800.1.D	1062	956.505	31.6071	1.31064
Gorai.006G008900.1.A	2504	2398.5	1011.77	16.7312
Gorai.006G008900.1.D	2504	2398.5	1102.23	18.227
Gorai.006G009000.1.A	2222	2116.5	2	0.0374797
Gorai.006G009000.1.D	2222	2116.5	1	0.0187398
Gorai.006G009100.1.A	2005	1899.5	0	0
Gorai.006G009100.1.D	2005	1899.5	17	0.354971
Gorai.006G009200.1.A	346	240.63	0	0
Gorai.006G009200.1.D	346	240.63	10	1.6483
Gorai.006G009300.1.A	1800	1694.5	110.97	2.59746
Gorai.006G009300.1.D	1800	1694.5	70.0298	1.63917
Gorai.006G009400.1.A	1966	1860.5	3.42857	0.0730916
Gorai.006G009400.1.D	1966	1860.5	4.57143	0.0974554
Gorai.006G009500.1.A	2187	2081.5	86.3182	1.64479
Gorai.006G009500.1.D	2187	2081.5	335.682	6.3964
Gorai.006G009600.1.A	1746	1640.5	298.763	7.22328
Gorai.006G009600.1.D	1746	1640.5	218.237	5.27638
Gorai.006G009700.1.A	1799	1693.5	76.8421	1.79969
Gorai.006G009700.1.D	1799	1693.5	83.1579	1.94761
Gorai.006G009800.1.A	1508	1402.5	47	1.32916
Gorai.006G009800.1.D	1508	1402.5	0	0
Gorai.006G009900.1.A	1924	1818.5	417.21	9.09965
Gorai.006G009900.1.D	1924	1818.5	447.79	9.76664
Gorai.006G010000.1.A	1605	1499.5	139.327	3.68529
Gorai.006G010000.1.D	1605	1499.5	205.673	5.4402
Gorai.006G010100.1.A	4101	3995.5	81.8089	0.812108
Gorai.006G010100.1.D	4101	3995.5	87.1911	0.865536
Gorai.006G010200.1.A	746	640.505	42.7778	2.64899
Gorai.006G010200.1.D	746	640.505	62.2222	3.85308
Gorai.006G010300.1.A	1955	1849.5	11.4035	0.24455
Gorai.006G010300.1.D	1955	1849.5	53.5965	1.14939
Gorai.006G010400.1.A	966	860.505	13.8	0.636079
Gorai.006G010400.1.D	966	860.505	9.2	0.424052
Gorai.006G010500.1.A	2375	2269.5	317.982	5.5572
Gorai.006G010500.1.D	2375	2269.5	73.0181	1.2761
Gorai.006G010600.1.A	1609	1503.5	10	0.263803
Gorai.006G010600.1.D	1609	1503.5	3	0.079141
Gorai.006G010700.1.A	1811	1705.5	296.713	6.90031
Gorai.006G010700.1.D	1811	1705.5	283.287	6.58808
Gorai.006G010800.1.A	1534	1428.5	1.33333	0.0370205
Gorai.006G010800.1.D	1534	1428.5	6.66667	0.185102
Gorai.006G010900.1.A	1418	1312.5	278.711	8.42244
Gorai.006G010900.1.D	1418	1312.5	113.289	3.42351
Gorai.006G011000.1.A	6130	6024.5	311.392	2.05008
Gorai.006G011000.1.D	6130	6024.5	313.608	2.06467
Gorai.006G011100.1.A	1331	1225.5	595.37	19.2689
Gorai.006G011100.1.D	1331	1225.5	660.63	21.381
Gorai.006G011200.1.A	2242	2136.5	2790.28	51.8
Gorai.006G011200.1.D	2242	2136.5	2496.86	46.3527
Gorai.006G011300.1.A	1922	1816.5	30.45	0.664868
Gorai.006G011300.1.D	1922	1816.5	32.55	0.710721
Gorai.006G011400.1.A	2266	2160.5	7	0.128507
Gorai.006G011400.1.D	2266	2160.5	4.20675	0.0772282
Gorai.006G011500.1.A	3184	3078.5	2390.68	30.8011
Gorai.006G011500.1.D	3184	3078.5	1409.32	18.1574
Gorai.006G011600.1.A	2079	1973.5	253.528	5.09534
Gorai.006G011600.1.D	2079	1973.5	123.472	2.4815
Gorai.006G011700.1.A	1370	1264.5	116.855	3.66532
Gorai.006G011700.1.D	1370	1264.5	55.145	1.7297
Gorai.006G011800.1.A	3409	3303.5	271.501	3.25973
Gorai.006G011800.1.D	3409	3303.5	389.499	4.67645
Gorai.006G011900.1.A	2153	2047.5	69.593	1.34811
Gorai.006G011900.1.D	2153	2047.5	35.407	0.685881
Gorai.006G012000.1.A	907	801.505	17.5667	0.869297
Gorai.006G012000.1.D	907	801.505	44.4333	2.19881
Gorai.006G012100.1.A	1637	1531.5	76.8	1.98897
Gorai.006G012100.1.D	1637	1531.5	131.2	3.39782
Gorai.006G012200.1.A	1746	1640.5	0	0
Gorai.006G012200.1.D	1746	1640.5	0	0
Gorai.006G012300.1.A	1823	1717.5	19.35	0.446856
Gorai.006G012300.1.D	1823	1717.5	66.65	1.53917
Gorai.006G012400.1.A	1277	1171.5	99.6198	3.37277
Gorai.006G012400.1.D	1277	1171.5	23.3802	0.791568
Gorai.006G012500.1.A	2524	2418.5	21	0.344395
Gorai.006G012500.1.D	2524	2418.5	10	0.163998
Gorai.006G012600.1.A	2804	2698.5	16.4062	0.241141
Gorai.006G012600.1.D	2804	2698.5	18.5938	0.273293
Gorai.006G012700.1.A	2142	2036.5	0	0
Gorai.006G012700.1.D	2142	2036.5	0	0
Gorai.006G012800.1.A	2733	2627.5	0	0
Gorai.006G012800.1.D	2733	2627.5	0	0
Gorai.006G012900.1.A	3628	3522.5	1624.51	18.2918
Gorai.006G012900.1.D	3628	3522.5	932.489	10.4997
Gorai.006G013000.1.A	1249	1143.5	0	0
Gorai.006G013000.1.D	1249	1143.5	1	0.0346854
Gorai.006G013100.1.A	1362	1256.5	182.31	5.75481
Gorai.006G013100.1.D	1362	1256.5	23.69	0.747801
Gorai.006G013200.1.A	2703	2597.5	81.3939	1.24286
Gorai.006G013200.1.D	2703	2597.5	54.6061	0.833814
Gorai.006G013300.1.A	1915	1809.5	149.218	3.27073
Gorai.006G013300.1.D	1915	1809.5	221.782	4.8613
Gorai.006G013400.1.A	1690	1584.5	0	0
Gorai.006G013400.1.D	1690	1584.5	1	0.0250318
Gorai.006G013500.1.A	2243	2137.5	455.681	8.45549
Gorai.006G013500.1.D	2243	2137.5	838.839	15.5653
Gorai.006G013600.1.A	1107	1001.5	0	0
Gorai.006G013600.1.D	1107	1001.5	0	0
Gorai.006G013700.1.A	1370	1264.5	8.85286	0.277682
Gorai.006G013700.1.D	1370	1264.5	51.4305	1.61319
Gorai.006G013800.1.A	414	308.583	14.4444	1.85658
Gorai.006G013800.1.D	414	308.583	15.5556	1.99939
Gorai.006G013900.1.A	4992	4886.5	1350.74	10.9637
Gorai.006G013900.1.D	4992	4886.5	1505.26	12.218
Gorai.006G014000.1.A	1606	1500.5	1036.59	27.4003
Gorai.006G014000.1.D	1606	1500.5	1358.41	35.9069
Gorai.006G014100.1.A	958	852.505	4	0.186101
Gorai.006G014100.1.D	958	852.505	0	0
Gorai.006G014200.1.A	827	721.505	0	0
Gorai.006G014200.1.D	827	721.505	1	0.0549725
Gorai.006G014300.1.A	3098	2992.5	1929.46	25.5732
Gorai.006G014300.1.D	3098	2992.5	1422.54	18.8545
Gorai.006G014400.1.A	972	866.505	117	5.3555
Gorai.006G014400.1.D	972	866.505	0	0
Gorai.006G014500.1.A	282	176.772	5	1.12187
Gorai.006G014500.1.D	282	176.772	5	1.12187
Gorai.006G014600.1.A	377	271.583	6	0.876261
Gorai.006G014600.1.D	377	271.583	0	0
Gorai.006G014700.1.A	1698	1592.5	3.58458	0.0892776
Gorai.006G014700.1.D	1698	1592.5	102.426	2.55101
Gorai.006G014800.1.A	3643	3537.5	537.55	6.02707
Gorai.006G014800.1.D	3643	3537.5	478.44	5.36433
Gorai.006G014900.1.A	1682	1576.5	198.954	5.00545
Gorai.006G014900.1.D	1682	1576.5	213.783	5.37852
Gorai.006G015000.1.A	1431	1325.5	16.9952	0.508547
Gorai.006G015000.1.D	1431	1325.5	16.9952	0.508547
Gorai.006G015100.1.A	1345	1239.5	9.14286	0.292563
Gorai.006G015100.1.D	1345	1239.5	6.85714	0.219422
Gorai.006G015200.1.A	1554	1448.5	34.65	0.948786
Gorai.006G015200.1.D	1554	1448.5	7.35	0.201258
Gorai.006G015300.1.A	719	613.505	6	0.387899
Gorai.006G015300.1.D	719	613.505	8	0.517198
Gorai.006G015400.1.A	1707	1601.5	2	0.0495321
Gorai.006G015400.1.D	1707	1601.5	0	0
Gorai.006G015500.1.A	1519	1413.5	9	0.25254
Gorai.006G015500.1.D	1519	1413.5	8	0.22448
Gorai.006G015600.1.A	1160	1054.5	86.8181	3.26548
Gorai.006G015600.1.D	1160	1054.5	55.8949	2.10237
Gorai.006G015700.1.A	348	242.63	0	0
Gorai.006G015700.1.D	348	242.63	0	0
Gorai.006G015800.1.A	667	561.505	2.85714	0.20182
Gorai.006G015800.1.D	667	561.505	17.1429	1.21092
Gorai.006G015900.1.A	393	287.583	2	0.275836
Gorai.006G015900.1.D	393	287.583	13	1.79294
Gorai.006G016000.1.A	1010	904.505	3.491	0.153082
Gorai.006G016000.1.D	1010	904.505	3.491	0.153082
Gorai.006G016100.1.A	333	227.63	21	3.6591
Gorai.006G016100.1.D	333	227.63	1	0.174243
Gorai.006G016200.1.A	403	297.583	0	0
Gorai.006G016200.1.D	403	297.583	0	0
Gorai.006G016300.1.A	582	476.551	1	0.0832291
Gorai.006G016300.1.D	582	476.551	8	0.665833
Gorai.006G016400.1.A	2859	2753.5	55.3376	0.797112
Gorai.006G016400.1.D	2859	2753.5	123.405	1.77759
Gorai.006G016500.1.A	1176	1070.5	0	0
Gorai.006G016500.1.D	1176	1070.5	0	0
Gorai.006G016600.1.A	2612	2506.5	1	0.015824
Gorai.006G016600.1.D	2612	2506.5	2	0.031648
Gorai.006G016700.1.A	1414	1308.5	0	0
Gorai.006G016700.1.D	1414	1308.5	0	0
Gorai.006G016800.1.A	4141	4035.5	27.3	0.268318
Gorai.006G016800.1.D	4141	4035.5	37.7	0.370534
Gorai.006G016900.1.A	455	349.551	0	0
Gorai.006G016900.1.D	455	349.551	1	0.113468
Gorai.006G017000.1.A	866	760.505	70.2907	3.6659
Gorai.006G017000.1.D	866	760.505	735.709	38.3698
Gorai.006G017100.1.A	303	197.687	6	1.20381
Gorai.006G017100.1.D	303	197.687	0	0
Gorai.006G017200.1.A	1812	1706.5	74.1935	1.72442
Gorai.006G017200.1.D	1812	1706.5	17.8065	0.413861
Gorai.006G017300.1.A	387	281.583	126.313	17.7921
Gorai.006G017300.1.D	387	281.583	276.687	38.9732
Gorai.006G017400.1.A	1437	1331.5	0	0
Gorai.006G017400.1.D	1437	1331.5	1	0.0297881
Gorai.006G017500.1.A	1936	1830.5	84.6316	1.83378
Gorai.006G017500.1.D	1936	1830.5	131.368	2.84646
Gorai.006G017600.1.A	1185	1079.5	3574	131.315
Gorai.006G017600.1.D	1185	1079.5	3203	117.684
Gorai.006G017700.1.A	1161	1055.5	0	0
Gorai.006G017700.1.D	1161	1055.5	0	0
Gorai.006G017800.1.A	1725	1619.5	35.9859	0.881323
Gorai.006G017800.1.D	1725	1619.5	37.0141	0.906504
Gorai.006G017900.1.A	4160	4054.5	6.06818	0.0593616
Gorai.006G017900.1.D	4160	4054.5	82.9318	0.811275
Gorai.006G018000.1.A	7170	7064.5	277.12	1.55586
Gorai.006G018000.1.D	7170	7064.5	155.88	0.875172
Gorai.006G018100.1.A	996	890.505	0	0
Gorai.006G018100.1.D	996	890.505	0	0
Gorai.006G018200.1.A	2793	2687.5	0	0
Gorai.006G018200.1.D	2793	2687.5	0	0
Gorai.006G018300.1.A	2739	2633.5	0	0
Gorai.006G018300.1.D	2739	2633.5	0	0
Gorai.006G018400.1.A	889	783.505	8	0.40498
Gorai.006G018400.1.D	889	783.505	0	0
Gorai.006G018500.1.A	2700	2594.5	0	0
Gorai.006G018500.1.D	2700	2594.5	0	0
Gorai.006G018600.1.A	1276	1170.5	0	0
Gorai.006G018600.1.D	1276	1170.5	0	0
Gorai.006G018700.1.A	1521	1415.5	0	0
Gorai.006G018700.1.D	1521	1415.5	0	0
Gorai.006G018800.1.A	2676	2570.5	0	0
Gorai.006G018800.1.D	2676	2570.5	19	0.29317
Gorai.006G018900.1.A	1881	1775.5	0.5	0.0111695
Gorai.006G018900.1.D	1881	1775.5	0.5	0.0111695
Gorai.006G019000.1.A	1077	971.505	0	0
Gorai.006G019000.1.D	1077	971.505	0	0
Gorai.006G019100.1.A	945	839.505	0	0
Gorai.006G019100.1.D	945	839.505	0	0
Gorai.006G019200.1.A	2700	2594.5	0	0
Gorai.006G019200.1.D	2700	2594.5	0	0
Gorai.006G019300.1.A	2802	2696.5	0	0
Gorai.006G019300.1.D	2802	2696.5	0	0
Gorai.006G019400.1.A	678	572.505	0	0
Gorai.006G019400.1.D	678	572.505	0	0
Gorai.006G019500.1.A	2541	2435.5	0	0
Gorai.006G019500.1.D	2541	2435.5	0	0
Gorai.006G019600.1.A	1767	1661.5	0	0
Gorai.006G019600.1.D	1767	1661.5	0	0
Gorai.006G019700.1.A	1139	1033.5	0	0
Gorai.006G019700.1.D	1139	1033.5	0	0
Gorai.006G019800.1.A	2424	2318.5	0	0
Gorai.006G019800.1.D	2424	2318.5	0	0
Gorai.006G019900.1.A	1201	1095.5	0	0
Gorai.006G019900.1.D	1201	1095.5	0	0
Gorai.006G020000.1.A	2539	2433.5	0	0
Gorai.006G020000.1.D	2539	2433.5	0	0
Gorai.006G020100.1.A	3010	2904.5	0	0
Gorai.006G020100.1.D	3010	2904.5	6	0.081934
Gorai.006G020200.1.A	672	566.505	79.9174	5.59529
Gorai.006G020200.1.D	672	566.505	79.9174	5.59529
Gorai.006G020300.1.A	1035	929.505	0	0
Gorai.006G020300.1.D	1035	929.505	0	0
Gorai.006G020400.1.A	2532	2426.5	0	0
Gorai.006G020400.1.D	2532	2426.5	4	0.0653828
Gorai.006G020500.1.A	2775	2669.5	1185.93	17.6203
Gorai.006G020500.1.D	2775	2669.5	1824.07	27.1017
Gorai.006G020600.1.A	2540	2434.5	9.5	0.154774
Gorai.006G020600.1.D	2540	2434.5	9.5	0.154774
Gorai.006G020700.1.A	993	887.505	1083.23	48.41
Gorai.006G020700.1.D	993	887.505	1074.77	48.0318
Gorai.006G020800.1.A	3261	3155.5	1.0348	0.0130069
Gorai.006G020800.1.D	3261	3155.5	4.06462	0.05109
Gorai.006G020900.1.A	2205	2099.5	0	0
Gorai.006G020900.1.D	2205	2099.5	0	0
Gorai.006G021000.1.A	2433	2327.5	7.45415	0.127026
Gorai.006G021000.1.D	2433	2327.5	35.1792	0.599488
Gorai.006G021100.1.A	1722	1616.5	0	0
Gorai.006G021100.1.D	1722	1616.5	21.039	0.516219
Gorai.006G021200.1.A	996	890.505	15.3786	0.684962
Gorai.006G021200.1.D	996	890.505	15.3786	0.684962
Gorai.006G021300.1.A	1332	1226.5	29.2504	0.945906
Gorai.006G021300.1.D	1332	1226.5	2.06996	0.0669387
Gorai.006G021400.1.A	706	600.505	0	0
Gorai.006G021400.1.D	706	600.505	2	0.132099
Gorai.006G021500.1.A	711	605.505	0	0
Gorai.006G021500.1.D	711	605.505	0	0
Gorai.006G021600.1.A	4379	4273.5	336.309	3.12133
Gorai.006G021600.1.D	4379	4273.5	1206.69	11.1995
Gorai.006G021700.1.A	1194	1088.5	0	0
Gorai.006G021700.1.D	1194	1088.5	0	0
Gorai.006G021800.1.A	535	429.551	64.7449	5.97827
Gorai.006G021800.1.D	535	429.551	70.2551	6.48706
Gorai.006G021900.1.A	1867	1761.5	806.568	18.1611
Gorai.006G021900.1.D	1867	1761.5	887.432	19.9819
Gorai.006G022000.1.A	1134	1028.5	29.1429	1.12386
Gorai.006G022000.1.D	1134	1028.5	21.8571	0.842892
Gorai.006G022100.1.A	1440	1334.5	3	0.0891633
Gorai.006G022100.1.D	1440	1334.5	1	0.0297211
Gorai.006G022200.1.A	2520	2414.5	0	0
Gorai.006G022200.1.D	2520	2414.5	0	0
Gorai.006G022300.1.A	1719	1613.5	0	0
Gorai.006G022300.1.D	1719	1613.5	0	0
Gorai.006G022400.1.A	3006	2900.5	0	0
Gorai.006G022400.1.D	3006	2900.5	0	0
Gorai.006G022500.1.A	957	851.505	0	0
Gorai.006G022500.1.D	957	851.505	0	0
Gorai.006G022600.1.A	1026	920.505	8.61578	0.371239
Gorai.006G022600.1.D	1026	920.505	13.6124	0.586534
Gorai.006G022700.1.A	1266	1160.5	22.0083	0.752185
Gorai.006G022700.1.D	1266	1160.5	385.992	13.1922
Gorai.006G022800.1.A	2456	2350.5	23.8594	0.40261
Gorai.006G022800.1.D	2456	2350.5	941.82	15.8925
Gorai.006G022900.1.A	2436	2330.5	426.716	7.2623
Gorai.006G022900.1.D	2436	2330.5	273.789	4.65962
Gorai.006G023000.1.A	1431	1325.5	1	0.0299229
Gorai.006G023000.1.D	1431	1325.5	4	0.119692
Gorai.006G023100.1.A	2058	1952.5	1	0.0203139
Gorai.006G023100.1.D	2058	1952.5	1	0.0203139
Gorai.006G023200.1.A	1074	968.505	0	0
Gorai.006G023200.1.D	1074	968.505	0	0
Gorai.006G023300.1.A	2451	2345.5	10	0.169102
Gorai.006G023300.1.D	2451	2345.5	7	0.118371
Gorai.006G023400.1.A	3937	3831.5	4914.2	50.8707
Gorai.006G023400.1.D	3937	3831.5	567.804	5.87779
Gorai.006G023500.1.A	2013	1907.5	0	0
Gorai.006G023500.1.D	2013	1907.5	0	0
Gorai.006G023600.1.A	3510	3404.5	8248.06	96.0911
Gorai.006G023600.1.D	3510	3404.5	1215.94	14.1658
Gorai.006G023700.1.A	850	744.505	258.21	13.7559
Gorai.006G023700.1.D	850	744.505	973.79	51.878
Gorai.006G023800.1.A	387	281.583	0	0
Gorai.006G023800.1.D	387	281.583	0	0
Gorai.006G023900.1.A	1353	1247.5	6.7444	0.21443
Gorai.006G023900.1.D	1353	1247.5	1.12407	0.0357384
Gorai.006G024000.1.A	609	503.551	5.6	0.441092
Gorai.006G024000.1.D	609	503.551	8.4	0.661638
Gorai.006G024100.1.A	874	768.505	6	0.309663
Gorai.006G024100.1.D	874	768.505	0	0
Gorai.006G024200.1.A	1290	1184.5	1.13153	0.0378892
Gorai.006G024200.1.D	1290	1184.5	0	0
Gorai.006G024300.1.A	354	248.63	0	0
Gorai.006G024300.1.D	354	248.63	0	0
Gorai.006G024400.1.A	1209	1103.5	1	0.0359427
Gorai.006G024400.1.D	1209	1103.5	0	0
Gorai.006G024500.1.A	2083	1977.5	513.886	10.307
Gorai.006G024500.1.D	2083	1977.5	667.114	13.3803
Gorai.006G024600.1.A	2084	1978.5	44.5	0.892088
Gorai.006G024600.1.D	2084	1978.5	133.5	2.67626
Gorai.006G024700.1.A	1402	1296.5	621.107	19.001
Gorai.006G024700.1.D	1402	1296.5	637.893	19.5146
Gorai.006G024800.1.A	1365	1259.5	0	0
Gorai.006G024800.1.D	1365	1259.5	0	0
Gorai.006G024900.1.A	2392	2286.5	1490.59	25.8566
Gorai.006G024900.1.D	2392	2286.5	590.406	10.2415
Gorai.006G025000.1.A	855	749.505	0	0
Gorai.006G025000.1.D	855	749.505	0	0
Gorai.006G025100.1.A	1164	1058.5	0	0
Gorai.006G025100.1.D	1164	1058.5	0	0
Gorai.006G025200.1.A	825	719.505	0	0
Gorai.006G025200.1.D	825	719.505	0	0
Gorai.006G025300.1.A	1630	1524.5	1873.06	48.7313
Gorai.006G025300.1.D	1630	1524.5	2836.58	73.7992
Gorai.006G025400.1.A	2172	2066.5	34.7429	0.666828
Gorai.006G025400.1.D	2172	2066.5	3.25714	0.0625152
Gorai.006G025500.1.A	2037	1931.5	735.172	15.0966
Gorai.006G025500.1.D	2037	1931.5	824.828	16.9376
Gorai.006G025600.1.A	1467	1361.5	3.64286	0.106123
Gorai.006G025600.1.D	1467	1361.5	13.3571	0.389116
Gorai.006G025700.1.A	1671	1565.5	0	0
Gorai.006G025700.1.D	1671	1565.5	0	0
Gorai.006G025800.1.A	2780	2674.5	256.277	3.8006
Gorai.006G025800.1.D	2780	2674.5	102.723	1.52338
Gorai.006G025900.1.A	1825	1719.5	711.154	16.4038
Gorai.006G025900.1.D	1825	1719.5	394.846	9.10772
Gorai.006G026000.1.A	1560	1454.5	1	0.027269
Gorai.006G026000.1.D	1560	1454.5	1	0.027269
Gorai.006G026100.1.A	2187	2081.5	2	0.0381099
Gorai.006G026100.1.D	2187	2081.5	13	0.247714
Gorai.006G026200.1.A	1236	1130.5	779.907	27.3625
Gorai.006G026200.1.D	1236	1130.5	0	0
Gorai.006G026300.1.A	676	570.505	1.5	0.104284
Gorai.006G026300.1.D	676	570.505	1.5	0.104284
Gorai.006G026400.1.A	1200	1094.5	0	0
Gorai.006G026400.1.D	1200	1094.5	5	0.181191
Gorai.006G026500.1.A	1684	1578.5	1	0.0251269
Gorai.006G026500.1.D	1684	1578.5	2	0.0502538
Gorai.006G026600.1.A	903	797.505	0	0
Gorai.006G026600.1.D	903	797.505	2	0.0994676
Gorai.006G026700.1.A	2301	2195.5	69.6078	1.2575
Gorai.006G026700.1.D	2301	2195.5	1.39216	0.02515
Gorai.006G026800.1.A	3768	3662.5	0	0
Gorai.006G026800.1.D	3768	3662.5	0	0
Gorai.006G026900.1.A	1047	941.505	1	0.0421272
Gorai.006G026900.1.D	1047	941.505	2	0.0842544
Gorai.006G027000.1.A	1200	1094.5	5.30303	0.192173
Gorai.006G027000.1.D	1200	1094.5	64.697	2.34451
Gorai.006G027100.1.A	775	669.505	1	0.0592422
Gorai.006G027100.1.D	775	669.505	0	0
Gorai.006G027200.1.A	1097	991.505	0	0
Gorai.006G027200.1.D	1097	991.505	68	2.72019
Gorai.006G027300.1.A	4573	4467.5	395.062	3.5074
Gorai.006G027300.1.D	4573	4467.5	346.938	3.08015
Gorai.006G027400.1.A	1710	1604.5	15.75	0.389336
Gorai.006G027400.1.D	1710	1604.5	5.25	0.129779
Gorai.006G027500.1.A	4174	4068.5	147.248	1.43549
Gorai.006G027500.1.D	4174	4068.5	238.752	2.32754
Gorai.006G027600.1.A	2350	2244.5	45.7426	0.808323
Gorai.006G027600.1.D	2350	2244.5	174.257	3.07933
Gorai.006G027700.1.A	3898	3792.5	51.3931	0.537482
Gorai.006G027700.1.D	3898	3792.5	110.607	1.15675
Gorai.006G027800.1.A	1366	1260.5	0	0
Gorai.006G027800.1.D	1366	1260.5	1	0.0314659
Gorai.006G027900.1.A	585	479.551	0	0
Gorai.006G027900.1.D	585	479.551	0	0
Gorai.006G028000.1.A	829	723.505	86.8571	4.76156
Gorai.006G028000.1.D	829	723.505	97.1429	5.32543
Gorai.006G028100.1.A	1249	1143.5	80.16	2.78038
Gorai.006G028100.1.D	1249	1143.5	86.84	3.01208
Gorai.006G028200.1.A	812	706.505	0	0
Gorai.006G028200.1.D	812	706.505	0	0
Gorai.006G028300.1.A	1075	969.505	0	0
Gorai.006G028300.1.D	1075	969.505	0	0
Gorai.006G028400.1.A	2530	2424.5	778.738	12.7395
Gorai.006G028400.1.D	2530	2424.5	877.262	14.3513
Gorai.006G028500.1.A	2379	2273.5	104.913	1.83028
Gorai.006G028500.1.D	2379	2273.5	158.087	2.75795
Gorai.006G028600.1.A	788	682.505	59.5	3.45777
Gorai.006G028600.1.D	788	682.505	3.5	0.203398
Gorai.006G028700.1.A	758	652.505	1	0.0607857
Gorai.006G028700.1.D	758	652.505	5	0.303928
Gorai.006G028800.1.A	852	746.505	2	0.106263
Gorai.006G028800.1.D	852	746.505	0	0
Gorai.006G028900.1.A	2072	1966.5	25.1282	0.506817
Gorai.006G028900.1.D	2072	1966.5	23.8718	0.481476
Gorai.006G029000.1.A	1470	1364.5	54.2045	1.5756
Gorai.006G029000.1.D	1470	1364.5	51.7955	1.50557
Gorai.006G029100.1.A	2902	2796.5	617.461	8.75747
Gorai.006G029100.1.D	2902	2796.5	1889.54	26.7994
Gorai.006G029200.1.A	1909	1803.5	1	0.0219921
Gorai.006G029200.1.D	1909	1803.5	0	0
Gorai.006G029300.1.A	414	308.583	1	0.128532
Gorai.006G029300.1.D	414	308.583	0	0
Gorai.006G029400.1.A	1590	1484.5	705.863	18.8592
Gorai.006G029400.1.D	1590	1484.5	203.137	5.4274
Gorai.006G029500.1.A	459	353.551	0	0
Gorai.006G029500.1.D	459	353.551	0	0
Gorai.006G029600.1.A	7376	7270.5	270.819	1.4774
Gorai.006G029600.1.D	7376	7270.5	244.181	1.33209
Gorai.006G029700.1.A	1648	1542.5	39.1899	1.0077
Gorai.006G029700.1.D	1648	1542.5	46.8101	1.20364
Gorai.006G029800.1.A	1899	1793.5	141.029	3.11881
Gorai.006G029800.1.D	1899	1793.5	475.971	10.526
Gorai.006G029900.1.A	810	704.505	10.9995	0.619261
Gorai.006G029900.1.D	810	704.505	1.83325	0.10321
Gorai.006G030000.1.A	1139	1033.5	19.1083	0.733323
Gorai.006G030000.1.D	1139	1033.5	16.8603	0.647049
Gorai.006G030100.1.A	1020	914.505	0	0
Gorai.006G030100.1.D	1020	914.505	1.03139	0.0447323
Gorai.006G030200.1.A	2542	2436.5	152.507	2.4826
Gorai.006G030200.1.D	2542	2436.5	257.493	4.19164
Gorai.006G030300.1.A	1397	1291.5	13.5714	0.416787
Gorai.006G030300.1.D	1397	1291.5	5.42857	0.166715
Gorai.006G030400.1.A	3381	3275.5	729.924	8.83862
Gorai.006G030400.1.D	3381	3275.5	722.076	8.74358
Gorai.006G030500.1.A	1592	1486.5	371.496	9.91226
Gorai.006G030500.1.D	1592	1486.5	151.504	4.04243
Gorai.006G030600.1.A	1187	1081.5	54.9153	2.01395
Gorai.006G030600.1.D	1187	1081.5	5.08475	0.186477
Gorai.006G030700.1.A	1865	1759.5	1	0.0225421
Gorai.006G030700.1.D	1865	1759.5	1	0.0225421
Gorai.006G030800.1.A	927	821.505	0	0
Gorai.006G030800.1.D	927	821.505	0	0
Gorai.006G030900.1.A	687	581.505	0	0
Gorai.006G030900.1.D	687	581.505	0	0
Gorai.006G031000.1.A	2509	2403.5	307.094	5.0677
Gorai.006G031000.1.D	2509	2403.5	237.906	3.92596
Gorai.006G031100.1.A	993	887.505	0	0
Gorai.006G031100.1.D	993	887.505	1.43727	0.0642324
Gorai.006G031200.1.A	2840	2734.5	232.242	3.36858
Gorai.006G031200.1.D	2840	2734.5	259.758	3.7677
Gorai.006G031300.1.A	520	414.551	19.5938	1.87467
Gorai.006G031300.1.D	520	414.551	13.4062	1.28267
Gorai.006G031400.1.A	820	714.505	381.445	21.1745
Gorai.006G031400.1.D	820	714.505	703.555	39.0551
Gorai.006G031500.1.A	705	599.505	0	0
Gorai.006G031500.1.D	705	599.505	0	0
Gorai.006G031600.1.A	2034	1928.5	93.5579	1.92418
Gorai.006G031600.1.D	2034	1928.5	66.0983	1.35942
Gorai.006G031700.1.A	1449	1343.5	158.802	4.68814
Gorai.006G031700.1.D	1449	1343.5	237.356	7.00721
Gorai.006G031800.1.A	774	668.505	521	30.9114
Gorai.006G031800.1.D	774	668.505	976.843	57.9569
Gorai.006G031900.1.A	1393	1287.5	17.9394	0.552642
Gorai.006G031900.1.D	1393	1287.5	19.0606	0.587182
Gorai.006G032000.1.A	2434	2328.5	313.063	5.33261
Gorai.006G032000.1.D	2434	2328.5	710.937	12.1098
Gorai.006G032100.1.A	3889	3783.5	66.3923	0.695998
Gorai.006G032100.1.D	3889	3783.5	130.608	1.36918
Gorai.006G032200.1.A	2474	2368.5	5	0.0837299
Gorai.006G032200.1.D	2474	2368.5	6	0.100476
Gorai.006G032300.1.A	1176	1070.5	10.9268	0.404847
Gorai.006G032300.1.D	1176	1070.5	45.0732	1.66999
Gorai.006G032400.1.A	1031	925.505	3.06992	0.131563
Gorai.006G032400.1.D	1031	925.505	3.06992	0.131563
Gorai.006G032500.1.A	1458	1352.5	3.22151	0.0944724
Gorai.006G032500.1.D	1458	1352.5	0	0
Gorai.006G032600.1.A	1422	1316.5	1.1778	0.0354842
Gorai.006G032600.1.D	1422	1316.5	24.6007	0.741156
Gorai.006G032700.1.A	5791	5685.5	84.8187	0.591708
Gorai.006G032700.1.D	5791	5685.5	246.181	1.7174
Gorai.006G032800.1.A	3281	3175.5	188.407	2.35326
Gorai.006G032800.1.D	3281	3175.5	239.593	2.99258
Gorai.006G032900.1.A	2478	2372.5	5	0.0835888
Gorai.006G032900.1.D	2478	2372.5	0	0
Gorai.006G033000.1.A	1276	1170.5	2	0.0677707
Gorai.006G033000.1.D	1276	1170.5	0	0
Gorai.006G033100.1.A	937	831.505	0	0
Gorai.006G033100.1.D	937	831.505	0	0
Gorai.006G033200.1.A	1021	915.505	1772.35	76.7846
Gorai.006G033200.1.D	1021	915.505	1470.65	63.7138
Gorai.006G033300.1.A	1116	1010.5	0	0
Gorai.006G033300.1.D	1116	1010.5	3	0.117752
Gorai.006G033400.1.A	1220	1114.5	0	0
Gorai.006G033400.1.D	1220	1114.5	0	0
Gorai.006G033500.1.A	1053	947.505	0	0
Gorai.006G033500.1.D	1053	947.505	0	0
Gorai.006G033600.1.A	1905	1799.5	52.809	1.16396
Gorai.006G033600.1.D	1905	1799.5	41.191	0.907892
Gorai.006G033700.1.A	276	170.788	0	0
Gorai.006G033700.1.D	276	170.788	0	0
Gorai.006G033800.1.A	2495	2389.5	102	1.69308
Gorai.006G033800.1.D	2495	2389.5	102	1.69308
Gorai.006G033900.1.A	1581	1475.5	204.484	5.49673
Gorai.006G033900.1.D	1581	1475.5	244.516	6.57281
Gorai.006G034000.1.A	1051	945.505	0	0
Gorai.006G034000.1.D	1051	945.505	1	0.041949
Gorai.006G034100.1.A	1665	1559.5	419.288	10.6638
Gorai.006G034100.1.D	1665	1559.5	407.712	10.3694
Gorai.006G034200.1.A	2689	2583.5	96.3846	1.47973
Gorai.006G034200.1.D	2689	2583.5	82.6154	1.26834
Gorai.006G034300.1.A	2018	1912.5	1169.33	24.2505
Gorai.006G034300.1.D	2018	1912.5	104.666	2.17064
Gorai.006G034400.1.A	709	603.505	0	0
Gorai.006G034400.1.D	709	603.505	1	0.065721
Gorai.006G034500.1.A	1621	1515.5	29.4737	0.771369
Gorai.006G034500.1.D	1621	1515.5	10.5263	0.275489
Gorai.006G034600.1.A	1830	1724.5	25.9259	0.596286
Gorai.006G034600.1.D	1830	1724.5	2.07407	0.0477029
Gorai.006G034700.1.A	2153	2047.5	43.2162	0.837157
Gorai.006G034700.1.D	2153	2047.5	120.784	2.33975
Gorai.006G034800.1.A	1577	1471.5	542.544	14.6237
Gorai.006G034800.1.D	1577	1471.5	450.456	12.1416
Gorai.006G034900.1.A	2160	2054.5	382.759	7.3893
Gorai.006G034900.1.D	2160	2054.5	309.241	5.97001
Gorai.006G035000.1.A	1114	1008.5	864.703	34.0074
Gorai.006G035000.1.D	1114	1008.5	91.2975	3.59059
Gorai.006G035100.1.A	1114	1008.5	362.468	14.2553
Gorai.006G035100.1.D	1114	1008.5	155.532	6.11683
Gorai.006G035200.1.A	957	851.505	0	0
Gorai.006G035200.1.D	957	851.505	0	0
Gorai.006G035300.1.A	438	332.583	2.5	0.298143
Gorai.006G035300.1.D	438	332.583	2.5	0.298143
Gorai.006G035400.1.A	2302	2196.5	0	0
Gorai.006G035400.1.D	2302	2196.5	3	0.0541719
Gorai.006G035500.1.A	507	401.551	0.520748	0.0514365
Gorai.006G035500.1.D	507	401.551	0.520748	0.0514365
Gorai.006G035600.1.A	649	543.505	8	0.58381
Gorai.006G035600.1.D	649	543.505	8	0.58381
Gorai.006G035700.1.A	1949	1843.5	0	0
Gorai.006G035700.1.D	1949	1843.5	0	0
Gorai.006G035800.1.A	2159	2053.5	9.37574	0.18109
Gorai.006G035800.1.D	2159	2053.5	23.2772	0.449593
Gorai.006G035900.1.A	1338	1232.5	0	0
Gorai.006G035900.1.D	1338	1232.5	0	0
Gorai.006G036000.1.A	1148	1042.5	0	0
Gorai.006G036000.1.D	1148	1042.5	0	0
Gorai.006G036100.1.A	2020	1914.5	9.61962	0.19929
Gorai.006G036100.1.D	2020	1914.5	0	0
Gorai.006G036200.1.A	1757	1651.5	11.0835	0.266183
Gorai.006G036200.1.D	1757	1651.5	91.2121	2.19057
Gorai.006G036300.1.A	1522	1416.5	0	0
Gorai.006G036300.1.D	1522	1416.5	0	0
Gorai.006G036400.1.A	1615	1509.5	4	0.105102
Gorai.006G036400.1.D	1615	1509.5	2	0.0525509
Gorai.006G036500.1.A	318	212.63	4	0.74614
Gorai.006G036500.1.D	318	212.63	0	0
Gorai.006G036600.1.A	614	508.505	0	0
Gorai.006G036600.1.D	614	508.505	0	0
Gorai.006G036700.1.A	1006	900.505	2	0.0880905
Gorai.006G036700.1.D	1006	900.505	0	0
Gorai.006G036800.1.A	2686	2580.5	262.172	4.02965
Gorai.006G036800.1.D	2686	2580.5	577.828	8.88134
Gorai.006G036900.1.A	1724	1618.5	6	0.147036
Gorai.006G036900.1.D	1724	1618.5	25	0.612648
Gorai.006G037000.1.A	987	881.505	1097.46	49.3795
Gorai.006G037000.1.D	987	881.505	157.545	7.08867
Gorai.006G037100.1.A	2803	2697.5	92.2314	1.35613
Gorai.006G037100.1.D	2803	2697.5	31.7686	0.467112
Gorai.006G037200.1.A	3130	3024.5	952.847	12.4955
Gorai.006G037200.1.D	3130	3024.5	1097.15	14.3879
Gorai.006G037300.1.A	927	821.505	0	0
Gorai.006G037300.1.D	927	821.505	0	0
Gorai.006G037400.1.A	782	676.505	0	0
Gorai.006G037400.1.D	782	676.505	0	0
Gorai.006G037500.1.A	1237	1131.5	1	0.0350533
Gorai.006G037500.1.D	1237	1131.5	0	0
Gorai.006G037600.1.A	2259	2153.5	72.1491	1.32883
Gorai.006G037600.1.D	2259	2153.5	162.851	2.99936
Gorai.006G037700.1.A	1371	1265.5	4.8	0.15044
Gorai.006G037700.1.D	1371	1265.5	1.2	0.0376099
Gorai.006G037800.1.A	3619	3513.5	132.665	1.49762
Gorai.006G037800.1.D	3619	3513.5	100.335	1.13265
Gorai.006G037900.1.A	2109	2003.5	656.009	12.9869
Gorai.006G037900.1.D	2109	2003.5	769.374	15.2311
Gorai.006G038000.1.A	363	257.583	0	0
Gorai.006G038000.1.D	363	257.583	0	0
Gorai.006G038100.1.A	1115	1009.5	0	0
Gorai.006G038100.1.D	1115	1009.5	0	0
Gorai.006G038200.1.A	921	815.505	0	0
Gorai.006G038200.1.D	921	815.505	9	0.437725
Gorai.006G038300.1.A	1266	1160.5	0	0
Gorai.006G038300.1.D	1266	1160.5	0	0
Gorai.006G038400.1.A	2386	2280.5	65.52	1.13954
Gorai.006G038400.1.D	2386	2280.5	38.48	0.669251
Gorai.006G038500.1.A	2870	2764.5	259.691	3.72585
Gorai.006G038500.1.D	2870	2764.5	358.309	5.14073
Gorai.006G038600.1.A	2561	2455.5	201.367	3.25262
Gorai.006G038600.1.D	2561	2455.5	227.633	3.67687
Gorai.006G038700.1.A	2234	2128.5	45.3624	0.845291
Gorai.006G038700.1.D	2234	2128.5	2047.64	38.156
Gorai.006G038800.1.A	1399	1293.5	386.427	11.8491
Gorai.006G038800.1.D	1399	1293.5	196.573	6.02756
Gorai.006G038900.1.A	1594	1488.5	3822.74	101.861
Gorai.006G038900.1.D	1594	1488.5	3419.37	91.1132
Gorai.006G039000.1.A	755	649.505	292.567	17.866
Gorai.006G039000.1.D	755	649.505	310.433	18.9571
Gorai.006G039100.1.A	273	167.834	1	0.236322
Gorai.006G039100.1.D	273	167.834	3	0.708966
Gorai.006G039200.1.A	1952	1846.5	4.72727	0.101542
Gorai.006G039200.1.D	1952	1846.5	8.27273	0.177698
Gorai.006G039300.1.A	1260	1154.5	152.679	5.24526
Gorai.006G039300.1.D	1260	1154.5	132.321	4.5459
Gorai.006G039400.1.A	2894	2788.5	233.728	3.32448
Gorai.006G039400.1.D	2894	2788.5	259.272	3.68782
Gorai.006G039500.1.A	2084	1978.5	5	0.100235
Gorai.006G039500.1.D	2084	1978.5	5	0.100235
Gorai.006G039600.1.A	903	797.505	0	0
Gorai.006G039600.1.D	903	797.505	0	0
Gorai.006G039700.1.A	1582	1476.5	2689.97	72.2598
Gorai.006G039700.1.D	1582	1476.5	2674.03	71.8319
Gorai.006G039800.1.A	1570	1464.5	1	0.0270828
Gorai.006G039800.1.D	1570	1464.5	0	0
Gorai.006G039900.1.A	4032	3926.5	1796.26	18.1446
Gorai.006G039900.1.D	4032	3926.5	1554.74	15.705
Gorai.006G040000.1.A	1932	1826.5	672.83	14.6106
Gorai.006G040000.1.D	1932	1826.5	300.17	6.51826
Gorai.006G040100.1.A	1881	1775.5	18.071	0.403687
Gorai.006G040100.1.D	1881	1775.5	1254.93	28.0338
Gorai.006G040200.1.A	2777	2671.5	13.507	0.200533
Gorai.006G040200.1.D	2777	2671.5	359.493	5.33727
Gorai.006G040300.1.A	1579	1473.5	25	0.672935
Gorai.006G040300.1.D	1579	1473.5	0	0
Gorai.006G040400.1.A	276	170.788	0	0
Gorai.006G040400.1.D	276	170.788	0	0
Gorai.006G040500.1.A	2638	2532.5	19.76	0.309472
Gorai.006G040500.1.D	2638	2532.5	6.24	0.0977281
Gorai.006G040600.1.A	1231	1125.5	3258.6	114.834
Gorai.006G040600.1.D	1231	1125.5	1011.4	35.6418
Gorai.006G040700.1.A	714	608.505	3	0.195543
Gorai.006G040700.1.D	714	608.505	3	0.195543
Gorai.006G040800.1.A	390	284.583	0	0
Gorai.006G040800.1.D	390	284.583	0	0
Gorai.006G040900.1.A	1356	1250.5	12.232	0.387968
Gorai.006G040900.1.D	1356	1250.5	9.78557	0.310374
Gorai.006G041000.1.A	2085	1979.5	497.813	9.97458
Gorai.006G041000.1.D	2085	1979.5	11.1868	0.224148
Gorai.006G041100.1.A	1690	1584.5	143.858	3.60101
Gorai.006G041100.1.D	1690	1584.5	336.142	8.41424
Gorai.006G041200.1.A	2579	2473.5	34.764	0.557446
Gorai.006G041200.1.D	2579	2473.5	56.236	0.90175
Gorai.006G041300.1.A	1346	1240.5	0	0
Gorai.006G041300.1.D	1346	1240.5	449	14.356
Gorai.006G041400.1.A	2117	2011.5	76.3529	1.50553
Gorai.006G041400.1.D	2117	2011.5	100.647	1.98456
Gorai.006G041500.1.A	2466	2360.5	152.374	2.56031
Gorai.006G041500.1.D	2466	2360.5	56.6256	0.951465
Gorai.006G041600.1.A	1533	1427.5	47	1.30589
Gorai.006G041600.1.D	1533	1427.5	5	0.138924
Gorai.006G041700.1.A	2153	2047.5	645.187	12.4982
Gorai.006G041700.1.D	2153	2047.5	972.813	18.8447
Gorai.006G041800.1.A	579	473.551	3	0.251269
Gorai.006G041800.1.D	579	473.551	3	0.251269
Gorai.006G041900.1.A	1050	944.505	79.1429	3.32348
Gorai.006G041900.1.D	1050	944.505	197.857	8.30869
Gorai.006G042000.1.A	1803	1697.5	14.7179	0.343891
Gorai.006G042000.1.D	1803	1697.5	67.2821	1.57207
Gorai.006G042100.1.A	1158	1052.5	0	0
Gorai.006G042100.1.D	1158	1052.5	0	0
Gorai.006G042200.1.A	888	782.505	0	0
Gorai.006G042200.1.D	888	782.505	0	0
Gorai.006G042300.1.A	756	650.505	362.093	22.0777
Gorai.006G042300.1.D	756	650.505	312.907	19.0787
Gorai.006G042400.1.A	814	708.505	202.429	11.3322
Gorai.006G042400.1.D	814	708.505	124.571	6.97366
Gorai.006G042500.1.A	1731	1625.5	106.753	2.60482
Gorai.006G042500.1.D	1731	1625.5	60.2468	1.47005
Gorai.006G042600.1.A	1710	1604.5	0	0
Gorai.006G042600.1.D	1710	1604.5	0	0
Gorai.006G042700.1.A	688	582.505	0	0
Gorai.006G042700.1.D	688	582.505	0	0
Gorai.006G042800.1.A	384	278.583	0	0
Gorai.006G042800.1.D	384	278.583	0	0
Gorai.006G042900.1.A	1316	1210.5	2.25806	0.0739869
Gorai.006G042900.1.D	1316	1210.5	67.7419	2.21961
Gorai.006G043000.1.A	1040	934.505	8.10735	0.344098
Gorai.006G043000.1.D	1040	934.505	0	0
Gorai.006G043100.1.A	627	521.505	26.7121	2.03159
Gorai.006G043100.1.D	627	521.505	26.7121	2.03159
Gorai.006G043200.1.A	477	371.551	0	0
Gorai.006G043200.1.D	477	371.551	0	0
Gorai.006G043300.1.A	402	296.583	3	0.401199
Gorai.006G043300.1.D	402	296.583	3	0.401199
Gorai.006G043400.1.A	359	253.63	1	0.156381
Gorai.006G043400.1.D	359	253.63	1	0.156381
Gorai.006G043500.1.A	843	737.505	0	0
Gorai.006G043500.1.D	843	737.505	0	0
Gorai.006G043600.1.A	609	503.551	65.7818	5.1814
Gorai.006G043600.1.D	609	503.551	1.21818	0.0959518
Gorai.006G043700.1.A	972	866.505	4.28571	0.196172
Gorai.006G043700.1.D	972	866.505	5.71429	0.261563
Gorai.006G043800.1.A	2028	1922.5	15.3191	0.316047
Gorai.006G043800.1.D	2028	1922.5	32.6809	0.674234
Gorai.006G043900.1.A	1692	1586.5	20.2597	0.506498
Gorai.006G043900.1.D	1692	1586.5	174.74	4.36854
Gorai.006G044000.1.A	2775	2669.5	0	0
Gorai.006G044000.1.D	2775	2669.5	33	0.490307
Gorai.006G044100.1.A	517	411.551	0.5	0.0481871
Gorai.006G044100.1.D	517	411.551	0.5	0.0481871
Gorai.006G044200.1.A	5869	5763.5	260.027	1.78944
Gorai.006G044200.1.D	5869	5763.5	366.973	2.52541
Gorai.006G044300.1.A	2303	2197.5	13.0625	0.235766
Gorai.006G044300.1.D	2303	2197.5	5.9375	0.107166
Gorai.006G044400.1.A	1315	1209.5	76.2	2.4988
Gorai.006G044400.1.D	1315	1209.5	50.8	1.66587
Gorai.006G044500.1.A	2163	2057.5	125.271	2.41488
Gorai.006G044500.1.D	2163	2057.5	111.729	2.15381
Gorai.006G044600.1.A	1914	1808.5	7	0.153519
Gorai.006G044600.1.D	1914	1808.5	0	0
Gorai.006G044700.1.A	1826	1720.5	39.5135	0.910908
Gorai.006G044700.1.D	1826	1720.5	3.48649	0.0803743
Gorai.006G044800.1.A	1649	1543.5	49.875	1.28162
Gorai.006G044800.1.D	1649	1543.5	34.125	0.876899
Gorai.006G044900.1.A	2066	1960.5	1305.54	26.4123
Gorai.006G044900.1.D	2066	1960.5	943.082	19.0795
Gorai.006G045000.1.A	351	245.63	1	0.161474
Gorai.006G045000.1.D	351	245.63	0	0
Gorai.006G045100.1.A	1232	1126.5	0	0
Gorai.006G045100.1.D	1232	1126.5	7	0.246462
Gorai.006G045200.1.A	1899	1793.5	4	0.0884591
Gorai.006G045200.1.D	1899	1793.5	4	0.0884591
Gorai.006G045300.1.A	927	821.505	73.6109	3.554
Gorai.006G045300.1.D	927	821.505	73.6109	3.554
Gorai.006G045400.1.A	652	546.505	7.71429	0.559869
Gorai.006G045400.1.D	652	546.505	1.28571	0.0933116
Gorai.006G045500.1.A	456	350.551	0	0
Gorai.006G045500.1.D	456	350.551	54.5152	6.16809
Gorai.006G045600.1.A	914	808.505	2	0.0981143
Gorai.006G045600.1.D	914	808.505	2	0.0981143
Gorai.006G045700.1.A	339	233.63	1.5	0.254652
Gorai.006G045700.1.D	339	233.63	1.5	0.254652
Gorai.006G045800.1.A	1842	1736.5	17.6471	0.403071
Gorai.006G045800.1.D	1842	1736.5	2.35294	0.0537428
Gorai.006G045900.1.A	561	455.551	92.0659	8.01579
Gorai.006G045900.1.D	561	455.551	0	0
Gorai.006G046000.1.A	1547	1441.5	147.965	4.07124
Gorai.006G046000.1.D	1547	1441.5	308.035	8.47558
Gorai.006G046100.1.A	2188	2082.5	667.583	12.7146
Gorai.006G046100.1.D	2188	2082.5	500.417	9.53084
Gorai.006G046200.1.A	1189	1083.5	1	0.0366062
Gorai.006G046200.1.D	1189	1083.5	0	0
Gorai.006G046300.1.A	1400	1294.5	21.1429	0.647806
Gorai.006G046300.1.D	1400	1294.5	15.8571	0.485855
Gorai.006G046400.1.A	669	563.505	5.14815	0.362359
Gorai.006G046400.1.D	669	563.505	0	0
Gorai.006G046500.1.A	2030	1924.5	0	0
Gorai.006G046500.1.D	2030	1924.5	0	0
Gorai.006G046600.1.A	1657	1551.5	11	0.281206
Gorai.006G046600.1.D	1657	1551.5	11	0.281206
Gorai.006G046700.1.A	1035	929.505	12	0.512053
Gorai.006G046700.1.D	1035	929.505	12	0.512053
Gorai.006G046800.1.A	3313	3207.5	36.313	0.449035
Gorai.006G046800.1.D	3313	3207.5	79.687	0.985382
Gorai.006G046900.1.A	832	726.505	0	0
Gorai.006G046900.1.D	832	726.505	0	0
Gorai.006G047000.1.A	2888	2782.5	60.2025	0.858151
Gorai.006G047000.1.D	2888	2782.5	21.7975	0.31071
Gorai.006G047100.1.A	495	389.551	0	0
Gorai.006G047100.1.D	495	389.551	0	0
Gorai.006G047200.1.A	692	586.505	1.04922	0.0709543
Gorai.006G047200.1.D	692	586.505	1.04922	0.0709543
Gorai.006G047300.1.A	3002	2896.5	838.957	11.4882
Gorai.006G047300.1.D	3002	2896.5	1305.04	17.8705
Gorai.006G047400.1.A	734	628.505	0	0
Gorai.006G047400.1.D	734	628.505	0	0
Gorai.006G047500.1.A	265	159.879	1.00254	0.248712
Gorai.006G047500.1.D	265	159.879	1.00254	0.248712
Gorai.006G047600.1.A	918	812.505	3	0.146447
Gorai.006G047600.1.D	918	812.505	7	0.34171
Gorai.006G047700.1.A	875	769.505	3.02747	0.156047
Gorai.006G047700.1.D	875	769.505	0	0
Gorai.006G047800.1.A	1010	904.505	56	2.45563
Gorai.006G047800.1.D	1010	904.505	0	0
Gorai.006G047900.1.A	1241	1135.5	317.428	11.0877
Gorai.006G047900.1.D	1241	1135.5	377.572	13.1885
Gorai.006G048000.1.A	1129	1023.5	973.066	37.7083
Gorai.006G048000.1.D	1129	1023.5	588.934	22.8224
Gorai.006G048100.1.A	1598	1492.5	143.563	3.81516
Gorai.006G048100.1.D	1598	1492.5	141.437	3.75864
Gorai.006G048200.1.A	1133	1027.5	0	0
Gorai.006G048200.1.D	1133	1027.5	0	0
Gorai.006G048300.1.A	1740	1634.5	0	0
Gorai.006G048300.1.D	1740	1634.5	47	1.1405
Gorai.006G048400.1.A	2462	2356.5	507.291	8.53835
Gorai.006G048400.1.D	2462	2356.5	440.709	7.41769
Gorai.006G048500.1.A	817	711.505	1404.74	78.3077
Gorai.006G048500.1.D	817	711.505	342.255	19.0791
Gorai.006G048600.1.A	3559	3453.5	491.905	5.64945
Gorai.006G048600.1.D	3559	3453.5	461.095	5.2956
Gorai.006G048700.1.A	345	239.63	0	0
Gorai.006G048700.1.D	345	239.63	0	0
Gorai.006G048800.1.A	2333	2227.5	461.226	8.21259
Gorai.006G048800.1.D	2333	2227.5	269.774	4.80359
Gorai.006G048900.1.A	634	528.505	5.11533	0.383893
Gorai.006G048900.1.D	634	528.505	5.11533	0.383893
Gorai.006G049000.1.A	1897	1791.5	38544.2	853.349
Gorai.006G049000.1.D	1897	1791.5	18142.8	401.671
Gorai.006G049100.1.A	969	863.505	1	0.0459325
Gorai.006G049100.1.D	969	863.505	0	0
Gorai.006G049200.1.A	1122	1016.5	170.866	6.667
Gorai.006G049200.1.D	1122	1016.5	45.1343	1.76109
Gorai.006G049300.1.A	1339	1233.5	283.087	9.10258
Gorai.006G049300.1.D	1339	1233.5	82.9126	2.66603
Gorai.006G049400.1.A	1227	1121.5	49.5	1.75061
Gorai.006G049400.1.D	1227	1121.5	5.5	0.194512
Gorai.006G049500.1.A	3846	3740.5	245.593	2.60418
Gorai.006G049500.1.D	3846	3740.5	350.407	3.71559
Gorai.006G049600.1.A	1293	1187.5	43.5181	1.45351
Gorai.006G049600.1.D	1293	1187.5	42.4819	1.41891
Gorai.006G049700.1.A	1708	1602.5	2	0.0495012
Gorai.006G049700.1.D	1708	1602.5	2	0.0495012
Gorai.006G049800.1.A	1247	1141.5	31.8621	1.10709
Gorai.006G049800.1.D	1247	1141.5	1.13793	0.0395388
Gorai.006G049900.1.A	429	323.583	0	0
Gorai.006G049900.1.D	429	323.583	0	0
Gorai.006G050000.1.A	1291	1185.5	5.46875	0.182966
Gorai.006G050000.1.D	1291	1185.5	134.531	4.50096
Gorai.006G050100.1.A	1957	1851.5	1.68421	0.0360792
Gorai.006G050100.1.D	1957	1851.5	30.3158	0.649425
Gorai.006G050200.1.A	2598	2492.5	39.1143	0.622421
Gorai.006G050200.1.D	2598	2492.5	182.886	2.91024
Gorai.006G050300.1.A	504	398.551	0	0
Gorai.006G050300.1.D	504	398.551	0	0
Gorai.006G050400.1.A	2058	1952.5	0	0
Gorai.006G050400.1.D	2058	1952.5	0	0
Gorai.006G050500.1.A	285	179.772	0	0
Gorai.006G050500.1.D	285	179.772	0	0
Gorai.006G050600.1.A	690	584.505	0	0
Gorai.006G050600.1.D	690	584.505	0	0
Gorai.006G050700.1.A	2696	2590.5	0	0
Gorai.006G050700.1.D	2696	2590.5	0	0
Gorai.006G050800.1.A	1460	1354.5	188.264	5.5128
Gorai.006G050800.1.D	1460	1354.5	122.736	3.59398
Gorai.006G050900.1.A	336	230.63	0	0
Gorai.006G050900.1.D	336	230.63	0	0
Gorai.006G051000.1.A	613	507.551	0.5	0.0390728
Gorai.006G051000.1.D	613	507.551	0.5	0.0390728
Gorai.006G051100.1.A	1723	1617.5	171.301	4.20048
Gorai.006G051100.1.D	1723	1617.5	253.699	6.22097
Gorai.006G051200.1.A	833	727.505	9.9378e-05	5.418e-06
Gorai.006G051200.1.D	833	727.505	123.354	6.72517
Gorai.006G051300.1.A	892	786.505	940.632	47.4355
Gorai.006G051300.1.D	892	786.505	477.368	24.0734
Gorai.006G051400.1.A	1875	1769.5	3	0.0672441
Gorai.006G051400.1.D	1875	1769.5	0	0
Gorai.006G051500.1.A	2176	2070.5	0	0
Gorai.006G051500.1.D	2176	2070.5	0	0
Gorai.006G051600.1.A	657	551.505	0	0
Gorai.006G051600.1.D	657	551.505	0	0
Gorai.006G051700.1.A	715	609.505	0	0
Gorai.006G051700.1.D	715	609.505	0	0
Gorai.006G051800.1.A	1608	1502.5	0	0
Gorai.006G051800.1.D	1608	1502.5	0	0
Gorai.006G051900.1.A	1701	1595.5	0	0
Gorai.006G051900.1.D	1701	1595.5	122.402	3.04282
Gorai.006G052000.1.A	864	758.505	0	0
Gorai.006G052000.1.D	864	758.505	27	1.41186
Gorai.006G052100.1.A	1973	1867.5	4.45047	0.0945212
Gorai.006G052100.1.D	1973	1867.5	29.1474	0.619047
Gorai.006G052200.1.A	2348	2242.5	554.975	9.81578
Gorai.006G052200.1.D	2348	2242.5	833.025	14.7336
Gorai.006G052300.1.A	660	554.505	0	0
Gorai.006G052300.1.D	660	554.505	0	0
Gorai.006G052400.1.A	399	293.583	0	0
Gorai.006G052400.1.D	399	293.583	0	0
Gorai.006G052500.1.A	774	668.505	5.81391	0.344944
Gorai.006G052500.1.D	774	668.505	5.81391	0.344944
Gorai.006G052600.1.A	1126	1020.5	5002.22	194.416
Gorai.006G052600.1.D	1126	1020.5	8290.78	322.229
Gorai.006G052700.1.A	771	665.505	0	0
Gorai.006G052700.1.D	771	665.505	0	0
Gorai.006G052800.1.A	1229	1123.5	6890	243.237
Gorai.006G052800.1.D	1229	1123.5	6776	239.212
Gorai.006G052900.1.A	2720	2614.5	19.7917	0.300246
Gorai.006G052900.1.D	2720	2614.5	80.2083	1.21679
Gorai.006G053000.1.A	2090	1984.5	1892.64	37.8269
Gorai.006G053000.1.D	2090	1984.5	1170.36	23.3912
Gorai.006G053100.1.A	4542	4436.5	38.7	0.345983
Gorai.006G053100.1.D	4542	4436.5	4.3	0.0384426
Gorai.006G053200.1.A	696	590.505	2.4235	0.162781
Gorai.006G053200.1.D	696	590.505	0	0
Gorai.006G053300.1.A	2029	1923.5	264.82	5.46062
Gorai.006G053300.1.D	2029	1923.5	475.18	9.79829
Gorai.006G053400.1.A	2983	2877.5	53.5031	0.737475
Gorai.006G053400.1.D	2983	2877.5	117.497	1.61955
Gorai.006G053500.1.A	2370	2264.5	248.538	4.35317
Gorai.006G053500.1.D	2370	2264.5	828.462	14.5106
Gorai.006G053600.1.A	1645	1539.5	275.884	7.10772
Gorai.006G053600.1.D	1645	1539.5	898.116	23.1386
Gorai.006G053700.1.A	903	797.505	10.7887	0.536564
Gorai.006G053700.1.D	903	797.505	10.7887	0.536564
Gorai.006G053800.1.A	1712	1606.5	428.855	10.588
Gorai.006G053800.1.D	1712	1606.5	708.145	17.4834
Gorai.006G053900.1.A	542	436.551	0	0
Gorai.006G053900.1.D	542	436.551	0	0
Gorai.006G054000.1.A	2333	2227.5	985.24	17.5432
Gorai.006G054000.1.D	2333	2227.5	2096.76	37.3349
Gorai.006G054100.1.A	665	559.505	0	0
Gorai.006G054100.1.D	665	559.505	0	0
Gorai.006G054200.1.A	240	135.211	0	0
Gorai.006G054200.1.D	240	135.211	0	0
Gorai.006G054300.1.A	871	765.505	2	0.103626
Gorai.006G054300.1.D	871	765.505	5	0.259064
Gorai.006G054400.1.A	1128	1022.5	0	0
Gorai.006G054400.1.D	1128	1022.5	0	0
Gorai.006G054500.1.A	778	672.505	0	0
Gorai.006G054500.1.D	778	672.505	0	0
Gorai.006G054600.1.A	4703	4597.5	116.64	1.00626
Gorai.006G054600.1.D	4703	4597.5	99.36	0.857184
Gorai.006G054700.1.A	1844	1738.5	126.676	2.89003
Gorai.006G054700.1.D	1844	1738.5	88.3243	2.01507
Gorai.006G054800.1.A	1296	1190.5	20.0857	0.669177
Gorai.006G054800.1.D	1296	1190.5	16.9143	0.563518
Gorai.006G054900.1.A	1103	997.505	34	1.35191
Gorai.006G054900.1.D	1103	997.505	2	0.0795243
Gorai.006G055000.1.A	1127	1021.5	167.509	6.50403
Gorai.006G055000.1.D	1127	1021.5	122.491	4.75607
Gorai.006G055100.1.A	477	371.551	0	0
Gorai.006G055100.1.D	477	371.551	0	0
Gorai.006G055200.1.A	536	430.551	0	0
Gorai.006G055200.1.D	536	430.551	0	0
Gorai.006G055300.1.A	366	260.583	0.534089	0.0812928
Gorai.006G055300.1.D	366	260.583	0.534089	0.0812928
Gorai.006G055400.1.A	441	335.583	0	0
Gorai.006G055400.1.D	441	335.583	0	0
Gorai.006G055500.1.A	408	302.583	0	0
Gorai.006G055500.1.D	408	302.583	0	0
Gorai.006G055600.1.A	3394	3288.5	10.8277	0.130594
Gorai.006G055600.1.D	3394	3288.5	198.148	2.38988
Gorai.006G055700.1.A	1254	1148.5	5726.97	197.778
Gorai.006G055700.1.D	1254	1148.5	8330.03	287.673
Gorai.006G055800.1.A	1568	1462.5	7.30435	0.198093
Gorai.006G055800.1.D	1568	1462.5	16.6957	0.452784
Gorai.006G055900.1.A	1756	1650.5	5.3681	0.129
Gorai.006G055900.1.D	1756	1650.5	169.632	4.07639
Gorai.006G056000.1.A	1371	1265.5	242.723	7.60731
Gorai.006G056000.1.D	1371	1265.5	464.277	14.5512
Gorai.006G056100.1.A	3242	3136.5	1.33333	0.0168608
Gorai.006G056100.1.D	3242	3136.5	6.66667	0.0843039
Gorai.006G056200.1.A	1081	975.505	0	0
Gorai.006G056200.1.D	1081	975.505	6	0.243953
Gorai.006G056300.1.A	2907	2801.5	1	0.0141577
Gorai.006G056300.1.D	2907	2801.5	1	0.0141577
Gorai.006G056400.1.A	1823	1717.5	54.8406	1.26645
Gorai.006G056400.1.D	1823	1717.5	33.1594	0.765762
Gorai.006G056500.1.A	1135	1029.5	1	0.0385262
Gorai.006G056500.1.D	1135	1029.5	0	0
Gorai.006G056600.1.A	4441	4335.5	333.017	3.04657
Gorai.006G056600.1.D	4441	4335.5	370.983	3.3939
Gorai.006G056700.1.A	420	314.583	2.16892	0.273459
Gorai.006G056700.1.D	420	314.583	2.16892	0.273459
Gorai.006G056800.1.A	522	416.551	11	1.04739
Gorai.006G056800.1.D	522	416.551	3	0.285652
Gorai.006G056900.1.A	922	816.505	6.63124	0.322123
Gorai.006G056900.1.D	922	816.505	7.40615	0.359765
Gorai.006G057000.1.A	2798	2692.5	374.959	5.52347
Gorai.006G057000.1.D	2798	2692.5	15.0413	0.221572
Gorai.006G057100.1.A	2352	2246.5	0	0
Gorai.006G057100.1.D	2352	2246.5	0	0
Gorai.006G057200.1.A	1895	1789.5	207.783	4.60534
Gorai.006G057200.1.D	1895	1789.5	165.627	3.67099
Gorai.006G057300.1.A	846	740.505	20.5719	1.10187
Gorai.006G057300.1.D	846	740.505	24.5713	1.31609
Gorai.006G057400.1.A	2827	2721.5	146.134	2.12974
Gorai.006G057400.1.D	2827	2721.5	304.866	4.44309
Gorai.006G057500.1.A	1861	1755.5	2985.38	67.45
Gorai.006G057500.1.D	1861	1755.5	1461.62	33.0231
Gorai.006G057600.1.A	1637	1531.5	0	0
Gorai.006G057600.1.D	1637	1531.5	0	0
Gorai.006G057700.1.A	1615	1509.5	0	0
Gorai.006G057700.1.D	1615	1509.5	0	0
Gorai.006G057800.1.A	1652	1546.5	0	0
Gorai.006G057800.1.D	1652	1546.5	27	0.692464
Gorai.006G057900.1.A	1523	1417.5	0	0
Gorai.006G057900.1.D	1523	1417.5	12	0.33577
Gorai.006G058000.1.A	1582	1476.5	2.41608	0.0649026
Gorai.006G058000.1.D	1582	1476.5	166.66	4.47694
Gorai.006G058100.1.A	448	342.583	0	0
Gorai.006G058100.1.D	448	342.583	2	0.231552
Gorai.006G058200.1.A	1020	914.505	0	0
Gorai.006G058200.1.D	1020	914.505	6	0.260226
Gorai.006G058300.1.A	1930	1824.5	3	0.0652171
Gorai.006G058300.1.D	1930	1824.5	9	0.195651
Gorai.006G058400.1.A	1179	1073.5	0	0
Gorai.006G058400.1.D	1179	1073.5	0	0
Gorai.006G058500.1.A	963	857.505	13	0.601301
Gorai.006G058500.1.D	963	857.505	6	0.277523
Gorai.006G058600.1.A	4607	4501.5	582.497	5.13241
Gorai.006G058600.1.D	4607	4501.5	336.503	2.96494
Gorai.006G058700.1.A	3374	3268.5	19.5539	0.237285
Gorai.006G058700.1.D	3374	3268.5	6.29942	0.0764428
Gorai.006G058800.1.A	2492	2386.5	29.8487	0.496076
Gorai.006G058800.1.D	2492	2386.5	1.29792	0.021571
Gorai.006G058900.1.A	888	782.505	2.5	0.126718
Gorai.006G058900.1.D	888	782.505	12.5	0.63359
Gorai.006G059000.1.A	1227	1121.5	15.7143	0.555749
Gorai.006G059000.1.D	1227	1121.5	6.28571	0.222299
Gorai.006G059100.1.A	1137	1031.5	18.4783	0.710518
Gorai.006G059100.1.D	1137	1031.5	6.52174	0.250771
Gorai.006G059200.1.A	833	727.505	1.5	0.0817787
Gorai.006G059200.1.D	833	727.505	1.5	0.0817787
Gorai.006G059300.1.A	1362	1256.5	428.486	13.5256
Gorai.006G059300.1.D	1362	1256.5	92.514	2.92031
Gorai.006G059400.1.A	2575	2469.5	367.169	5.89713
Gorai.006G059400.1.D	2575	2469.5	158.831	2.55101
Gorai.006G059500.1.A	1053	947.505	0	0
Gorai.006G059500.1.D	1053	947.505	0	0
Gorai.006G059600.1.A	1051	945.505	0.5	0.0209745
Gorai.006G059600.1.D	1051	945.505	0.5	0.0209745
Gorai.006G059700.1.A	2074	1968.5	0	0
Gorai.006G059700.1.D	2074	1968.5	2	0.0402975
Gorai.006G059800.1.A	483	377.551	0	0
Gorai.006G059800.1.D	483	377.551	0	0
Gorai.006G059900.1.A	2041	1935.5	58.2844	1.19438
Gorai.006G059900.1.D	2041	1935.5	64.4849	1.32144
Gorai.006G060000.1.A	1260	1154.5	0	0
Gorai.006G060000.1.D	1260	1154.5	0	0
Gorai.006G060100.1.A	1284	1178.5	30.6667	1.0321
Gorai.006G060100.1.D	1284	1178.5	29.3333	0.987222
Gorai.006G060200.1.A	1055	949.505	1798.91	75.1445
Gorai.006G060200.1.D	1055	949.505	2459.8	102.752
Gorai.006G060300.1.A	1078	972.505	1	0.0407843
Gorai.006G060300.1.D	1078	972.505	0	0
Gorai.006G060400.1.A	1093	987.505	0	0
Gorai.006G060400.1.D	1093	987.505	0	0
Gorai.006G060500.1.A	2720	2614.5	285.543	4.33179
Gorai.006G060500.1.D	2720	2614.5	377.457	5.72615
Gorai.006G060600.1.A	1783	1677.5	71.6854	1.69493
Gorai.006G060600.1.D	1783	1677.5	160.315	3.79048
Gorai.006G060700.1.A	1036	930.505	0	0
Gorai.006G060700.1.D	1036	930.505	0	0
Gorai.006G060800.1.A	414	308.583	0	0
Gorai.006G060800.1.D	414	308.583	0	0
Gorai.006G060900.1.A	1409	1303.5	1	0.0304279
Gorai.006G060900.1.D	1409	1303.5	0	0
Gorai.006G061000.1.A	2957	2851.5	43.2	0.600889
Gorai.006G061000.1.D	2957	2851.5	10.8	0.150222
Gorai.006G061100.1.A	237	132.247	0	0
Gorai.006G061100.1.D	237	132.247	0	0
Gorai.006G061200.1.A	1099	993.505	72	2.8744
Gorai.006G061200.1.D	1099	993.505	0	0
Gorai.006G061300.1.A	762	656.505	0	0
Gorai.006G061300.1.D	762	656.505	7	0.422907
Gorai.006G061400.1.A	721	615.505	2052.18	132.242
Gorai.006G061400.1.D	721	615.505	465.825	30.0176
Gorai.006G061500.1.A	727	621.505	0	0
Gorai.006G061500.1.D	727	621.505	2	0.127635
Gorai.006G061600.1.A	1913	1807.5	130.504	2.86372
Gorai.006G061600.1.D	1913	1807.5	3.49565	0.0767068
Gorai.006G061700.1.A	132	39.2306	0	0
Gorai.006G061700.1.D	132	39.2306	0	0
Gorai.006G061800.1.A	1780	1674.5	0	0
Gorai.006G061800.1.D	1780	1674.5	2	0.0473727
Gorai.006G061900.1.A	372	266.583	21.6	3.2137
Gorai.006G061900.1.D	372	266.583	0	0
Gorai.006G062000.1.A	1655	1549.5	0	0
Gorai.006G062000.1.D	1655	1549.5	0	0
Gorai.006G062100.1.A	1645	1539.5	0	0
Gorai.006G062100.1.D	1645	1539.5	1	0.0257634
Gorai.006G062200.1.A	1761	1655.5	0	0
Gorai.006G062200.1.D	1761	1655.5	4	0.0958329
Gorai.006G062300.1.A	465	359.551	0	0
Gorai.006G062300.1.D	465	359.551	0	0
Gorai.006G062400.1.A	1085	979.505	11.2165	0.454187
Gorai.006G062400.1.D	1085	979.505	2.80412	0.113547
Gorai.006G062500.1.A	885	779.505	9.5	0.483381
Gorai.006G062500.1.D	885	779.505	9.5	0.483381
Gorai.006G062600.1.A	2653	2547.5	1143.25	17.7997
Gorai.006G062600.1.D	2653	2547.5	1283.75	19.9871
Gorai.006G062700.1.A	147	49.9717	0	0
Gorai.006G062700.1.D	147	49.9717	0	0
Gorai.006G062800.1.A	1314	1208.5	0	0
Gorai.006G062800.1.D	1314	1208.5	0	0
Gorai.006G062900.1.A	1052	946.505	86.319	3.61717
Gorai.006G062900.1.D	1052	946.505	114.681	4.80567
Gorai.006G063000.1.A	1483	1377.5	0	0
Gorai.006G063000.1.D	1483	1377.5	3	0.08638
Gorai.006G063100.1.A	257	151.95	0	0
Gorai.006G063100.1.D	257	151.95	0	0
Gorai.006G063200.1.A	2354	2248.5	80.934	1.42765
Gorai.006G063200.1.D	2354	2248.5	219.332	3.86894
Gorai.006G063300.1.A	3406	3300.5	496.255	5.96362
Gorai.006G063300.1.D	3406	3300.5	532.745	6.40212
Gorai.006G063400.1.A	279	173.788	0	0
Gorai.006G063400.1.D	279	173.788	0	0
Gorai.006G063500.1.A	2510	2404.5	78.2609	1.29093
Gorai.006G063500.1.D	2510	2404.5	121.739	2.00812
Gorai.006G063600.1.A	833	727.505	0	0
Gorai.006G063600.1.D	833	727.505	0	0
Gorai.006G063700.1.A	655	549.505	1	0.0721794
Gorai.006G063700.1.D	655	549.505	0	0
Gorai.006G063800.1.A	630	524.505	0	0
Gorai.006G063800.1.D	630	524.505	0	0
Gorai.006G063900.1.A	1653	1547.5	0.683373	0.017515
Gorai.006G063900.1.D	1653	1547.5	0.683373	0.017515
Gorai.006G064000.1.A	1104	998.505	1.5	0.0595835
Gorai.006G064000.1.D	1104	998.505	1.5	0.0595835
Gorai.006G064100.1.A	1465	1359.5	2.97718	0.0868579
Gorai.006G064100.1.D	1465	1359.5	2.97718	0.0868579
Gorai.006G064200.1.A	2811	2705.5	192.547	2.82276
Gorai.006G064200.1.D	2811	2705.5	132.453	1.94177
Gorai.006G064300.1.A	3768	3662.5	31.4737	0.340843
Gorai.006G064300.1.D	3768	3662.5	20.5263	0.222289
Gorai.006G064400.1.A	720	614.505	2.12268	0.137008
Gorai.006G064400.1.D	720	614.505	2.12268	0.137008
Gorai.006G064500.1.A	766	660.505	0	0
Gorai.006G064500.1.D	766	660.505	0	0
Gorai.006G064600.1.A	1647	1541.5	1288.2	33.1454
Gorai.006G064600.1.D	1647	1541.5	1198.8	30.8451
Gorai.006G064700.1.A	1005	899.505	243.092	10.719
Gorai.006G064700.1.D	1005	899.505	207.908	9.16753
Gorai.006G064800.1.A	2438	2332.5	3	0.0510133
Gorai.006G064800.1.D	2438	2332.5	2	0.0340089
Gorai.006G064900.1.A	1319	1213.5	809.187	26.448
Gorai.006G064900.1.D	1319	1213.5	782.813	25.586
Gorai.006G065000.1.A	2074	1968.5	299.361	6.03176
Gorai.006G065000.1.D	2074	1968.5	193.639	3.90158
Gorai.006G065100.1.A	2790	2684.5	11.55	0.170649
Gorai.006G065100.1.D	2790	2684.5	9.45	0.139622
Gorai.006G065200.1.A	1477	1371.5	171.973	4.97334
Gorai.006G065200.1.D	1477	1371.5	131.027	3.78921
Gorai.006G065300.1.A	5045	4939.5	130.323	1.04646
Gorai.006G065300.1.D	5045	4939.5	149.677	1.20187
Gorai.006G065400.1.A	1787	1681.5	200.039	4.71848
Gorai.006G065400.1.D	1787	1681.5	81.9606	1.93327
Gorai.006G065500.1.A	1746	1640.5	0	0
Gorai.006G065500.1.D	1746	1640.5	0	0
Gorai.006G065600.1.A	1738	1632.5	0	0
Gorai.006G065600.1.D	1738	1632.5	0	0
Gorai.006G065700.1.A	578	472.551	5.33523	0.447805
Gorai.006G065700.1.D	578	472.551	5.33523	0.447805
Gorai.006G065800.1.A	3216	3110.5	2227.3	28.4009
Gorai.006G065800.1.D	3216	3110.5	3260.7	41.5782
Gorai.006G065900.1.A	336	230.63	0	0
Gorai.006G065900.1.D	336	230.63	0	0
Gorai.006G066000.1.A	1974	1868.5	20.3663	0.432318
Gorai.006G066000.1.D	1974	1868.5	100.634	2.13616
Gorai.006G066100.1.A	1089	983.505	12	0.483938
Gorai.006G066100.1.D	1089	983.505	0	0
Gorai.006G066200.1.A	1362	1256.5	36	1.13638
Gorai.006G066200.1.D	1362	1256.5	0	0
Gorai.006G066300.1.A	1188	1082.5	0	0
Gorai.006G066300.1.D	1188	1082.5	0	0
Gorai.006G066400.1.A	1017	911.505	0	0
Gorai.006G066400.1.D	1017	911.505	0	0
Gorai.006G066500.1.A	2110	2004.5	25	0.494673
Gorai.006G066500.1.D	2110	2004.5	0	0
Gorai.006G066600.1.A	535	429.551	64.7843	5.98191
Gorai.006G066600.1.D	535	429.551	0	0
Gorai.006G066700.1.A	1650	1544.5	55.5429	1.42634
Gorai.006G066700.1.D	1650	1544.5	16.4571	0.42262
Gorai.006G066800.1.A	1602	1496.5	548.994	14.5504
Gorai.006G066800.1.D	1602	1496.5	550.006	14.5772
Gorai.006G066900.1.A	679	573.505	0	0
Gorai.006G066900.1.D	679	573.505	2	0.138318
Gorai.006G067000.1.A	2764	2658.5	200.224	2.9872
Gorai.006G067000.1.D	2764	2658.5	168.776	2.51801
Gorai.006G067100.1.A	862	756.505	0	0
Gorai.006G067100.1.D	862	756.505	3	0.157288
Gorai.006G067200.1.A	1662	1556.5	169.183	4.31113
Gorai.006G067200.1.D	1662	1556.5	64.8169	1.65167
Gorai.006G067300.1.A	2326	2220.5	25.7447	0.459855
Gorai.006G067300.1.D	2326	2220.5	29.2553	0.522562
Gorai.006G067400.1.A	1294	1188.5	135.474	4.52105
Gorai.006G067400.1.D	1294	1188.5	176.526	5.89106
Gorai.006G067500.1.A	1666	1560.5	691.778	17.5828
Gorai.006G067500.1.D	1666	1560.5	867.222	22.0419
Gorai.006G067600.1.A	781	675.505	7.5	0.44037
Gorai.006G067600.1.D	781	675.505	7.5	0.44037
Gorai.006G067700.1.A	1583	1477.5	18.1429	0.487038
Gorai.006G067700.1.D	1583	1477.5	18.1429	0.487038
Gorai.006G067800.1.A	500	394.551	0	0
Gorai.006G067800.1.D	500	394.551	0	0
Gorai.006G067900.1.A	773	667.505	0	0
Gorai.006G067900.1.D	773	667.505	4.08063	0.24247
Gorai.006G068000.1.A	591	485.551	0	0
Gorai.006G068000.1.D	591	485.551	0	0
Gorai.006G068100.1.A	447	341.583	0	0
Gorai.006G068100.1.D	447	341.583	0	0
Gorai.006G068200.1.A	615	509.505	2.9805	0.23202
Gorai.006G068200.1.D	615	509.505	2.9805	0.23202
Gorai.006G068300.1.A	1953	1847.5	179.748	3.8589
Gorai.006G068300.1.D	1953	1847.5	324.252	6.96116
Gorai.006G068400.1.A	988	882.505	6247.9	280.803
Gorai.006G068400.1.D	988	882.505	518.098	23.2852
Gorai.006G068500.1.A	1374	1268.5	34	1.06309
Gorai.006G068500.1.D	1374	1268.5	0	0
Gorai.006G068600.1.A	508	402.551	0.507052	0.0499593
Gorai.006G068600.1.D	508	402.551	0.507052	0.0499593
Gorai.006G068700.1.A	528	422.551	0	0
Gorai.006G068700.1.D	528	422.551	0	0
Gorai.006G068800.1.A	1028	922.505	0	0
Gorai.006G068800.1.D	1028	922.505	1.05426	0.0453279
Gorai.006G068900.1.A	384	278.583	0	0
Gorai.006G068900.1.D	384	278.583	0	0
Gorai.006G069000.1.A	516	410.551	6.02357	0.581931
Gorai.006G069000.1.D	516	410.551	0	0
Gorai.006G069100.1.A	766	660.505	1.5	0.0900742
Gorai.006G069100.1.D	766	660.505	1.5	0.0900742
Gorai.006G069200.1.A	2316	2210.5	47.0746	0.844657
Gorai.006G069200.1.D	2316	2210.5	35.9254	0.644607
Gorai.006G069300.1.A	1145	1039.5	47.6195	1.81695
Gorai.006G069300.1.D	1145	1039.5	47.6195	1.81695
Gorai.006G069400.1.A	750	644.505	364.895	22.4557
Gorai.006G069400.1.D	750	644.505	0	0
Gorai.006G069500.1.A	789	683.505	0	0
Gorai.006G069500.1.D	789	683.505	4	0.232115
Gorai.006G069600.1.A	1241	1135.5	715.22	24.9825
Gorai.006G069600.1.D	1241	1135.5	406.73	14.207
Gorai.006G069700.1.A	1301	1195.5	649.573	21.5507
Gorai.006G069700.1.D	1301	1195.5	484.427	16.0717
Gorai.006G069800.1.A	1822	1716.5	12.5106	0.289081
Gorai.006G069800.1.D	1822	1716.5	183.489	4.23985
Gorai.006G069900.1.A	901	795.505	5.13455	0.256003
Gorai.006G069900.1.D	901	795.505	0	0
Gorai.006G070000.1.A	3217	3111.5	75.8077	0.966335
Gorai.006G070000.1.D	3217	3111.5	86.1923	1.09871
Gorai.006G070100.1.A	1988	1882.5	89.1641	1.87862
Gorai.006G070100.1.D	1988	1882.5	143.477	3.02295
Gorai.006G070200.1.A	2139	2033.5	52.6047	1.02604
Gorai.006G070200.1.D	2139	2033.5	34.3953	0.670872
Gorai.006G070300.1.A	1812	1706.5	1346.21	31.289
Gorai.006G070300.1.D	1812	1706.5	1021.79	23.7486
Gorai.006G070400.1.A	1699	1593.5	384.441	9.56888
Gorai.006G070400.1.D	1699	1593.5	386.559	9.6216
Gorai.006G070500.1.A	460	354.551	0	0
Gorai.006G070500.1.D	460	354.551	36	4.02725
Gorai.006G070600.1.A	1271	1165.5	2616.18	89.0303
Gorai.006G070600.1.D	1271	1165.5	6527.71	222.143
Gorai.006G070700.1.A	765	659.505	0	0
Gorai.006G070700.1.D	765	659.505	4	0.240562
Gorai.006G070800.1.A	459	353.551	15.9113	1.785
Gorai.006G070800.1.D	459	353.551	15.9113	1.785
Gorai.006G070900.1.A	761	655.505	0	0
Gorai.006G070900.1.D	761	655.505	0	0
Gorai.006G071000.1.A	1017	911.505	0	0
Gorai.006G071000.1.D	1017	911.505	1	0.0435137
Gorai.006G071100.1.A	642	536.505	0.5	0.0369642
Gorai.006G071100.1.D	642	536.505	0.5	0.0369642
Gorai.006G071200.1.A	1134	1028.5	0	0
Gorai.006G071200.1.D	1134	1028.5	0	0
Gorai.006G071300.1.A	325	219.63	0	0
Gorai.006G071300.1.D	325	219.63	0	0
Gorai.006G071400.1.A	945	839.505	42.9229	2.02792
Gorai.006G071400.1.D	945	839.505	0	0
Gorai.006G071500.1.A	1014	908.505	0	0
Gorai.006G071500.1.D	1014	908.505	0	0
Gorai.006G071600.1.A	1131	1025.5	0	0
Gorai.006G071600.1.D	1131	1025.5	0	0
Gorai.006G071700.1.A	1077	971.505	0	0
Gorai.006G071700.1.D	1077	971.505	0	0
Gorai.006G071800.1.A	654	548.505	0	0
Gorai.006G071800.1.D	654	548.505	0	0
Gorai.006G071900.1.A	1053	947.505	3.5	0.146511
Gorai.006G071900.1.D	1053	947.505	17.5	0.732557
Gorai.006G072000.1.A	1203	1097.5	182.346	6.58983
Gorai.006G072000.1.D	1203	1097.5	239.654	8.66092
Gorai.006G072100.1.A	1961	1855.5	0	0
Gorai.006G072100.1.D	1961	1855.5	0	0
Gorai.006G072200.1.A	337	231.63	0	0
Gorai.006G072200.1.D	337	231.63	0	0
Gorai.006G072300.1.A	1137	1031.5	1072.98	41.2577
Gorai.006G072300.1.D	1137	1031.5	629.022	24.1869
Gorai.006G072400.1.A	1422	1316.5	2.44928	0.0737907
Gorai.006G072400.1.D	1422	1316.5	0	0
Gorai.006G072500.1.A	879	773.505	0	0
Gorai.006G072500.1.D	879	773.505	4	0.205108
Gorai.006G072600.1.A	1079	973.505	269.956	10.9987
Gorai.006G072600.1.D	1079	973.505	426.044	17.3581
Gorai.006G072700.1.A	1094	988.505	7.875	0.315978
Gorai.006G072700.1.D	1094	988.505	1.125	0.0451397
Gorai.006G072800.1.A	1106	1000.5	0.5	0.0198215
Gorai.006G072800.1.D	1106	1000.5	0.5	0.0198215
Gorai.006G072900.1.A	1054	948.505	15.0041	0.627416
Gorai.006G072900.1.D	1054	948.505	0	0
Gorai.006G073000.1.A	1188	1082.5	0	0
Gorai.006G073000.1.D	1188	1082.5	0	0
Gorai.006G073100.1.A	411	305.583	0	0
Gorai.006G073100.1.D	411	305.583	0	0
Gorai.006G073200.1.A	1093	987.505	0	0
Gorai.006G073200.1.D	1093	987.505	0	0
Gorai.006G073300.1.A	2052	1946.5	30.438	0.62022
Gorai.006G073300.1.D	2052	1946.5	96.562	1.96759
Gorai.006G073400.1.A	2009	1903.5	784.305	16.3424
Gorai.006G073400.1.D	2009	1903.5	509.695	10.6204
Gorai.006G073500.1.A	723	617.505	1.14286	0.0734069
Gorai.006G073500.1.D	723	617.505	6.85714	0.440441
Gorai.006G073600.1.A	2274	2168.5	1	0.0182905
Gorai.006G073600.1.D	2274	2168.5	34	0.621876
Gorai.006G073700.1.A	485	379.551	0	0
Gorai.006G073700.1.D	485	379.551	0	0
Gorai.006G073800.1.A	424	318.583	0	0
Gorai.006G073800.1.D	424	318.583	0	0
Gorai.006G073900.1.A	1230	1124.5	89.5229	3.15761
Gorai.006G073900.1.D	1230	1124.5	29.4771	1.0397
Gorai.006G074000.1.A	752	646.505	2	0.1227
Gorai.006G074000.1.D	752	646.505	1	0.0613498
Gorai.006G074100.1.A	796	690.505	0	0
Gorai.006G074100.1.D	796	690.505	7	0.402084
Gorai.006G074200.1.A	3096	2990.5	2293.95	30.4245
Gorai.006G074200.1.D	3096	2990.5	4295.05	56.9651
Gorai.006G074300.1.A	1648	1542.5	591.843	15.2183
Gorai.006G074300.1.D	1648	1542.5	670.157	17.232
Gorai.006G074400.1.A	2145	2039.5	440.693	8.5703
Gorai.006G074400.1.D	2145	2039.5	515.307	10.0214
Gorai.006G074500.1.A	1351	1245.5	192	6.11422
Gorai.006G074500.1.D	1351	1245.5	11	0.350294
Gorai.006G074600.1.A	2185	2079.5	2378.02	45.3567
Gorai.006G074600.1.D	2185	2079.5	2288.98	43.6582
Gorai.006G074700.1.A	1920	1814.5	122.176	2.67063
Gorai.006G074700.1.D	1920	1814.5	160.824	3.51542
Gorai.006G074800.1.A	623	517.505	118.194	9.0587
Gorai.006G074800.1.D	623	517.505	79.8061	6.11656
Gorai.006G074900.1.A	771	665.505	0	0
Gorai.006G074900.1.D	771	665.505	0	0
Gorai.006G075000.1.A	3206	3100.5	31.2	0.399123
Gorai.006G075000.1.D	3206	3100.5	7.8	0.0997808
Gorai.006G075100.1.A	2012	1906.5	565.134	11.7571
Gorai.006G075100.1.D	2012	1906.5	1026.87	21.3629
Gorai.006G075200.1.A	2138	2032.5	478	9.32784
Gorai.006G075200.1.D	2138	2032.5	0	0
Gorai.006G075300.1.A	1569	1463.5	64.9149	1.75928
Gorai.006G075300.1.D	1569	1463.5	48.0851	1.30317
Gorai.006G075400.1.A	1653	1547.5	67.9437	1.74141
Gorai.006G075400.1.D	1653	1547.5	4.05634	0.103965
Gorai.006G075500.1.A	1163	1057.5	127	4.76328
Gorai.006G075500.1.D	1163	1057.5	11	0.412568
Gorai.006G075600.1.A	1536	1430.5	150.301	4.16734
Gorai.006G075600.1.D	1536	1430.5	60.6986	1.68296
Gorai.006G075700.1.A	2376	2270.5	280.657	4.90274
Gorai.006G075700.1.D	2376	2270.5	229.343	4.00634
Gorai.006G075800.1.A	1629	1523.5	6	0.156204
Gorai.006G075800.1.D	1629	1523.5	6	0.156204
Gorai.006G075900.1.A	2950	2844.5	761.044	10.6118
Gorai.006G075900.1.D	2950	2844.5	1167.3	16.2765
Gorai.006G076000.1.A	2080	1974.5	194.656	3.91015
Gorai.006G076000.1.D	2080	1974.5	18.3445	0.368496
Gorai.006G076100.1.A	3885	3779.5	1864.29	19.5643
Gorai.006G076100.1.D	3885	3779.5	1468.31	15.4088
Gorai.006G076200.1.A	869	763.505	59.5	3.09094
Gorai.006G076200.1.D	869	763.505	59.5	3.09094
Gorai.006G076300.1.A	840	734.505	15.7391	0.849904
Gorai.006G076300.1.D	840	734.505	15.7391	0.849904
Gorai.006G076400.1.A	1994	1888.5	436.481	9.1671
Gorai.006G076400.1.D	1994	1888.5	873.677	18.3492
Gorai.006G076500.1.A	2493	2387.5	1044.77	17.3565
Gorai.006G076500.1.D	2493	2387.5	629.708	10.4612
Gorai.006G076600.1.A	2840	2734.5	1778.68	25.7991
Gorai.006G076600.1.D	2840	2734.5	2067.32	29.9857
Gorai.006G076700.1.A	4689	4583.5	4	0.0346136
Gorai.006G076700.1.D	4689	4583.5	8	0.0692273
Gorai.006G076800.1.A	1614	1508.5	0	0
Gorai.006G076800.1.D	1614	1508.5	0	0
Gorai.006G076900.1.A	258	152.936	0	0
Gorai.006G076900.1.D	258	152.936	0	0
Gorai.006G077000.1.A	2304	2198.5	291.829	5.26485
Gorai.006G077000.1.D	2304	2198.5	336.171	6.06481
Gorai.006G077100.1.A	1144	1038.5	22	0.840232
Gorai.006G077100.1.D	1144	1038.5	41	1.56589
Gorai.006G077200.1.A	2522	2416.5	290.4	4.76644
Gorai.006G077200.1.D	2522	2416.5	171.6	2.81653
Gorai.006G077300.1.A	4005	3899.5	597.664	6.079
Gorai.006G077300.1.D	4005	3899.5	474.336	4.82461
Gorai.006G077400.1.A	1758	1652.5	18.1579	0.435821
Gorai.006G077400.1.D	1758	1652.5	4.84211	0.116219
Gorai.006G077500.1.A	2336	2230.5	228.706	4.06686
Gorai.006G077500.1.D	2336	2230.5	113.294	2.0146
Gorai.006G077600.1.A	1363	1257.5	65	2.05016
Gorai.006G077600.1.D	1363	1257.5	76	2.39712
Gorai.006G077700.1.A	643	537.505	94.0331	6.93879
Gorai.006G077700.1.D	643	537.505	90.9669	6.71252
Gorai.006G077800.1.A	853	747.505	12	0.636726
Gorai.006G077800.1.D	853	747.505	10	0.530605
Gorai.006G077900.1.A	2039	1933.5	107.775	2.21084
Gorai.006G077900.1.D	2039	1933.5	208.225	4.27143
Gorai.006G078000.1.A	1276	1170.5	0	0
Gorai.006G078000.1.D	1276	1170.5	1	0.0338853
Gorai.006G078100.1.A	330	224.63	6	1.05942
Gorai.006G078100.1.D	330	224.63	0	0
Gorai.006G078200.1.A	2088	1982.5	0	0
Gorai.006G078200.1.D	2088	1982.5	0	0
Gorai.006G078300.1.A	918	812.505	0	0
Gorai.006G078300.1.D	918	812.505	0	0
Gorai.006G078400.1.A	2885	2779.5	6.75	0.0963211
Gorai.006G078400.1.D	2885	2779.5	2.25	0.032107
Gorai.006G078500.1.A	1950	1844.5	278.443	5.98744
Gorai.006G078500.1.D	1950	1844.5	318.557	6.85003
Gorai.006G078600.1.A	2040	1934.5	22.3636	0.458519
Gorai.006G078600.1.D	2040	1934.5	18.6364	0.382099
Gorai.006G078700.1.A	1222	1116.5	0	0
Gorai.006G078700.1.D	1222	1116.5	75	2.66432
Gorai.006G078800.1.A	1998	1892.5	0	0
Gorai.006G078800.1.D	1998	1892.5	43	0.90119
Gorai.006G078900.1.A	1409	1303.5	7933.19	241.391
Gorai.006G078900.1.D	1409	1303.5	11262.9	342.705
Gorai.006G079000.1.A	3461	3355.5	306.453	3.62236
Gorai.006G079000.1.D	3461	3355.5	354.547	4.19083
Gorai.006G079100.1.A	2704	2598.5	345.161	5.26846
Gorai.006G079100.1.D	2704	2598.5	255.839	3.90506
Gorai.006G079200.1.A	1293	1187.5	231.609	7.73581
Gorai.006G079200.1.D	1293	1187.5	148.391	4.95628
Gorai.006G079300.1.A	6116	6010.5	378.868	2.50013
Gorai.006G079300.1.D	6116	6010.5	402.132	2.65364
Gorai.006G079400.1.A	1295	1189.5	0	0
Gorai.006G079400.1.D	1295	1189.5	2	0.0666882
Gorai.006G079500.1.A	285	179.772	61.9267	13.6629
Gorai.006G079500.1.D	285	179.772	0	0
Gorai.006G079600.1.A	1315	1209.5	0	0
Gorai.006G079600.1.D	1315	1209.5	11	0.36072
Gorai.006G079700.1.A	384	278.583	0	0
Gorai.006G079700.1.D	384	278.583	0	0
Gorai.006G079800.1.A	938	832.505	0	0
Gorai.006G079800.1.D	938	832.505	0	0
Gorai.006G079900.1.A	785	679.505	56.7532	3.31271
Gorai.006G079900.1.D	785	679.505	38.2468	2.23248
Gorai.006G080000.1.A	913	807.505	104.945	5.1547
Gorai.006G080000.1.D	913	807.505	117.055	5.74947
Gorai.006G080100.1.A	3054	2948.5	90.7527	1.2208
Gorai.006G080100.1.D	3054	2948.5	108.247	1.45613
Gorai.006G080200.1.A	720	614.505	0	0
Gorai.006G080200.1.D	720	614.505	0	0
Gorai.006G080300.1.A	255	149.978	0	0
Gorai.006G080300.1.D	255	149.978	0	0
Gorai.006G080400.1.A	1616	1510.5	0	0
Gorai.006G080400.1.D	1616	1510.5	0	0
Gorai.006G080500.1.A	659	553.505	1	0.0716578
Gorai.006G080500.1.D	659	553.505	0	0
Gorai.006G080600.1.A	2265	2159.5	345.125	6.33881
Gorai.006G080600.1.D	2265	2159.5	74.8747	1.3752
Gorai.006G080700.1.A	2749	2643.5	64.1884	0.963078
Gorai.006G080700.1.D	2749	2643.5	38.8116	0.582326
Gorai.006G080800.1.A	1189	1083.5	0	0
Gorai.006G080800.1.D	1189	1083.5	0	0
Gorai.006G080900.1.A	592	486.551	0	0
Gorai.006G080900.1.D	592	486.551	1	0.0815185
Gorai.006G081000.1.A	1094	988.505	9	0.361118
Gorai.006G081000.1.D	1094	988.505	51	2.04633
Gorai.006G081100.1.A	1757	1651.5	2.39024	0.0574047
Gorai.006G081100.1.D	1757	1651.5	46.6098	1.11939
Gorai.006G081200.1.A	7404	7298.5	53.0246	0.288157
Gorai.006G081200.1.D	7404	7298.5	153.975	0.836763
Gorai.006G081300.1.A	5494	5388.5	313.956	2.31092
Gorai.006G081300.1.D	5494	5388.5	393.044	2.89306
Gorai.006G081400.1.A	2147	2041.5	195.643	3.80102
Gorai.006G081400.1.D	2147	2041.5	106.357	2.06633
Gorai.006G081500.1.A	660	554.505	43.6056	3.11905
Gorai.006G081500.1.D	660	554.505	28.3944	2.03101
Gorai.006G081600.1.A	2031	1925.5	506.544	10.4342
Gorai.006G081600.1.D	2031	1925.5	243.577	5.01738
Gorai.006G081700.1.A	4671	4565.5	1220.59	10.6039
Gorai.006G081700.1.D	4671	4565.5	896.499	7.78836
Gorai.006G081800.1.A	1317	1211.5	0	0
Gorai.006G081800.1.D	1317	1211.5	0	0
Gorai.006G081900.1.A	5103	4997.5	1455.87	11.5546
Gorai.006G081900.1.D	5103	4997.5	903.041	7.16703
Gorai.006G082000.1.A	5584	5478.5	224.034	1.62194
Gorai.006G082000.1.D	5584	5478.5	271.966	1.96897
Gorai.006G082100.1.A	1162	1056.5	36.5323	1.37148
Gorai.006G082100.1.D	1162	1056.5	0	0
Gorai.006G082200.1.A	307	201.687	2	0.393311
Gorai.006G082200.1.D	307	201.687	1	0.196656
Gorai.006G082300.1.A	2246	2140.5	105.304	1.95125
Gorai.006G082300.1.D	2246	2140.5	71.6962	1.32851
Gorai.006G082400.1.A	1395	1289.5	25.3704	0.780349
Gorai.006G082400.1.D	1395	1289.5	111.63	3.43354
Gorai.006G082500.1.A	1273	1167.5	129.877	4.41223
Gorai.006G082500.1.D	1273	1167.5	205.123	6.96852
Gorai.006G082600.1.A	3139	3033.5	331.387	4.33287
Gorai.006G082600.1.D	3139	3033.5	338.613	4.42735
Gorai.006G082700.1.A	2172	2066.5	0	0
Gorai.006G082700.1.D	2172	2066.5	0	0
Gorai.006G082800.1.A	995	889.505	274.286	12.2304
Gorai.006G082800.1.D	995	889.505	141.714	6.31903
Gorai.006G082900.1.A	522	416.551	0	0
Gorai.006G082900.1.D	522	416.551	1	0.0952174
Gorai.006G083000.1.A	1001	895.505	2.23077	0.0988034
Gorai.006G083000.1.D	1001	895.505	26.7692	1.18564
Gorai.006G083100.1.A	1207	1101.5	0	0
Gorai.006G083100.1.D	1207	1101.5	0	0
Gorai.006G083200.1.A	1123	1017.5	33.3837	1.30132
Gorai.006G083200.1.D	1123	1017.5	53.6163	2.08999
Gorai.006G083300.1.A	2099	1993.5	183.975	3.66038
Gorai.006G083300.1.D	2099	1993.5	154.025	3.0645
Gorai.006G083400.1.A	1950	1844.5	3.35714	0.0721897
Gorai.006G083400.1.D	1950	1844.5	43.6429	0.938466
Gorai.006G083500.1.A	2449	2343.5	111.229	1.88251
Gorai.006G083500.1.D	2449	2343.5	198.771	3.36412
Gorai.006G083600.1.A	576	470.551	4	0.337161
Gorai.006G083600.1.D	576	470.551	0	0
Gorai.006G083700.1.A	1281	1175.5	41.9958	1.41699
Gorai.006G083700.1.D	1281	1175.5	463.004	15.6223
Gorai.006G083800.1.A	633	527.505	416.739	31.3345
Gorai.006G083800.1.D	633	527.505	435.261	32.7272
Gorai.006G083900.1.A	1776	1670.5	5.89162	0.139885
Gorai.006G083900.1.D	1776	1670.5	7.85549	0.186514
Gorai.006G084000.1.A	2034	1928.5	0	0
Gorai.006G084000.1.D	2034	1928.5	0	0
Gorai.006G084100.1.A	2063	1957.5	1.72071	0.0348649
Gorai.006G084100.1.D	2063	1957.5	0	0
Gorai.006G084200.1.A	929	823.505	4.86199	0.234171
Gorai.006G084200.1.D	929	823.505	4.86199	0.234171
Gorai.006G084300.1.A	2466	2360.5	4	0.0672109
Gorai.006G084300.1.D	2466	2360.5	1.53218	0.0257448
Gorai.006G084400.1.A	933	827.505	0	0
Gorai.006G084400.1.D	933	827.505	0	0
Gorai.006G084500.1.A	2263	2157.5	0	0
Gorai.006G084500.1.D	2263	2157.5	3	0.0551511
Gorai.006G084600.1.A	1821	1715.5	2	0.0462406
Gorai.006G084600.1.D	1821	1715.5	0	0
Gorai.006G084700.1.A	2369	2263.5	343.826	6.02479
Gorai.006G084700.1.D	2369	2263.5	226.174	3.96321
Gorai.006G084800.1.A	396	290.583	2	0.272989
Gorai.006G084800.1.D	396	290.583	0	0
Gorai.006G084900.1.A	849	743.505	0	0
Gorai.006G084900.1.D	849	743.505	1	0.0533459
Gorai.006G085000.1.A	1589	1483.5	4	0.106944
Gorai.006G085000.1.D	1589	1483.5	0	0
Gorai.006G085100.1.A	2013	1907.5	0	0
Gorai.006G085100.1.D	2013	1907.5	4	0.0831724
Gorai.006G085200.1.A	2692	2586.5	455.85	6.99027
Gorai.006G085200.1.D	2692	2586.5	333.698	5.11712
Gorai.006G085300.1.A	642	536.505	0	0
Gorai.006G085300.1.D	642	536.505	0	0
Gorai.006G085400.1.A	1305	1199.5	1	0.0330661
Gorai.006G085400.1.D	1305	1199.5	1	0.0330661
Gorai.006G085500.1.A	381	275.583	22.8929	3.29483
Gorai.006G085500.1.D	381	275.583	22.8929	3.29483
Gorai.006G085600.1.A	1902	1796.5	2285.41	50.4569
Gorai.006G085600.1.D	1902	1796.5	1992.59	43.9921
Gorai.006G085700.1.A	1096	990.505	1	0.0400432
Gorai.006G085700.1.D	1096	990.505	0	0
Gorai.006G085800.1.A	522	416.551	0	0
Gorai.006G085800.1.D	522	416.551	0	0
Gorai.006G085900.1.A	873	767.505	0	0
Gorai.006G085900.1.D	873	767.505	0	0
Gorai.006G086000.1.A	3016	2910.5	3.1	0.0422453
Gorai.006G086000.1.D	3016	2910.5	27.9	0.380208
Gorai.006G086100.1.A	867	761.505	0	0
Gorai.006G086100.1.D	867	761.505	2	0.10417
Gorai.006G086200.1.A	1223	1117.5	331.185	11.7545
Gorai.006G086200.1.D	1223	1117.5	291.194	10.3352
Gorai.006G086300.1.A	1701	1595.5	0	0
Gorai.006G086300.1.D	1701	1595.5	0	0
Gorai.006G086400.1.A	1859	1753.5	0	0
Gorai.006G086400.1.D	1859	1753.5	0	0
Gorai.006G086500.1.A	279	173.788	19	4.3363
Gorai.006G086500.1.D	279	173.788	0	0
Gorai.006G086600.1.A	1620	1514.5	0	0
Gorai.006G086600.1.D	1620	1514.5	0	0
Gorai.006G086700.1.A	1326	1220.5	660.509	21.4647
Gorai.006G086700.1.D	1326	1220.5	581.491	18.8968
Gorai.006G086800.1.A	1227	1121.5	1.25	0.0442073
Gorai.006G086800.1.D	1227	1121.5	3.75	0.132622
Gorai.006G086900.1.A	1192	1086.5	87.9514	3.21067
Gorai.006G086900.1.D	1192	1086.5	61.0486	2.22858
Gorai.006G087000.1.A	2240	2134.5	99.7738	1.85398
Gorai.006G087000.1.D	2240	2134.5	145.226	2.69857
Gorai.006G087100.1.A	795	689.505	0	0
Gorai.006G087100.1.D	795	689.505	0	0
Gorai.006G087200.1.A	2943	2837.5	4	0.0559124
Gorai.006G087200.1.D	2943	2837.5	2	0.0279562
Gorai.006G087300.1.A	2224	2118.5	60.1969	1.12701
Gorai.006G087300.1.D	2224	2118.5	78.8031	1.47536
Gorai.006G087400.1.A	1108	1002.5	0	0
Gorai.006G087400.1.D	1108	1002.5	0	0
Gorai.006G087500.1.A	1254	1148.5	1.33333	0.0460459
Gorai.006G087500.1.D	1254	1148.5	2.66667	0.0920918
Gorai.006G087600.1.A	2385	2279.5	8	0.139198
Gorai.006G087600.1.D	2385	2279.5	7	0.121799
Gorai.006G087700.1.A	911	805.505	0	0
Gorai.006G087700.1.D	911	805.505	0	0
Gorai.006G087800.1.A	1368	1262.5	0	0
Gorai.006G087800.1.D	1368	1262.5	0	0
Gorai.006G087900.1.A	2694	2588.5	210.117	3.21956
Gorai.006G087900.1.D	2694	2588.5	329.883	5.05471
Gorai.006G088000.1.A	774	668.505	96.4691	5.72359
Gorai.006G088000.1.D	774	668.505	100.531	5.96458
Gorai.006G088100.1.A	1502	1396.5	82.2848	2.33702
Gorai.006G088100.1.D	1502	1396.5	92.7152	2.63326
Gorai.006G088200.1.A	1075	969.505	21.7391	0.889359
Gorai.006G088200.1.D	1075	969.505	28.2609	1.15617
Gorai.006G088300.1.A	1527	1421.5	194.952	5.43956
Gorai.006G088300.1.D	1527	1421.5	53.0481	1.48015
Gorai.006G088400.1.A	942	836.505	0	0
Gorai.006G088400.1.D	942	836.505	0	0
Gorai.006G088500.1.A	1826	1720.5	39.551	0.911773
Gorai.006G088500.1.D	1826	1720.5	17.449	0.402253
Gorai.006G088600.1.A	1175	1069.5	187.824	6.96553
Gorai.006G088600.1.D	1175	1069.5	211.176	7.83152
Gorai.006G088700.1.A	2433	2327.5	25.3151	0.431393
Gorai.006G088700.1.D	2433	2327.5	51.6849	0.880761
Gorai.006G088800.1.A	1143	1037.5	0	0
Gorai.006G088800.1.D	1143	1037.5	0	0
Gorai.006G088900.1.A	596	490.551	0	0
Gorai.006G088900.1.D	596	490.551	0	0
Gorai.006G089000.1.A	310	204.687	20.8387	4.03799
Gorai.006G089000.1.D	310	204.687	13.1613	2.55031
Gorai.006G089100.1.A	2311	2205.5	410.562	7.38339
Gorai.006G089100.1.D	2311	2205.5	226.438	4.07217
Gorai.006G089200.1.A	1473	1367.5	0	0
Gorai.006G089200.1.D	1473	1367.5	0	0
Gorai.006G089300.1.A	2215	2109.5	667.655	12.5533
Gorai.006G089300.1.D	2215	2109.5	965.823	18.1594
Gorai.006G089400.1.A	2297	2191.5	652.745	11.8137
Gorai.006G089400.1.D	2297	2191.5	856.777	15.5064
Gorai.006G089500.1.A	264	158.879	0	0
Gorai.006G089500.1.D	264	158.879	0	0
Gorai.006G089600.1.A	636	530.505	0	0
Gorai.006G089600.1.D	636	530.505	0	0
Gorai.006G089700.1.A	972	866.505	642.222	29.3968
Gorai.006G089700.1.D	972	866.505	1407.78	64.4389
Gorai.006G089800.1.A	5053	4947.5	79.4115	0.636622
Gorai.006G089800.1.D	5053	4947.5	339.589	2.7224
Gorai.006G089900.1.A	2804	2698.5	222.508	3.27045
Gorai.006G089900.1.D	2804	2698.5	141.492	2.07967
Gorai.006G090000.1.A	2136	2030.5	3	0.0586006
Gorai.006G090000.1.D	2136	2030.5	13	0.253936
Gorai.006G090100.1.A	1666	1560.5	0	0
Gorai.006G090100.1.D	1666	1560.5	0	0
Gorai.006G090200.1.A	999	893.505	0	0
Gorai.006G090200.1.D	999	893.505	0	0
Gorai.006G090300.1.A	5939	5833.5	168.653	1.1467
Gorai.006G090300.1.D	5939	5833.5	165.347	1.12422
Gorai.006G090400.1.A	850	744.505	9	0.479468
Gorai.006G090400.1.D	850	744.505	64	3.40955
Gorai.006G090500.1.A	1127	1021.5	252.065	9.78716
Gorai.006G090500.1.D	1127	1021.5	406.935	15.8005
Gorai.006G090600.1.A	1683	1577.5	77.5803	1.95059
Gorai.006G090600.1.D	1683	1577.5	753.137	18.936
Gorai.006G090700.1.A	309	203.687	0	0
Gorai.006G090700.1.D	309	203.687	0	0
Gorai.006G090800.1.A	1784	1678.5	0	0
Gorai.006G090800.1.D	1784	1678.5	11	0.259929
Gorai.006G090900.1.A	1200	1094.5	0	0
Gorai.006G090900.1.D	1200	1094.5	0	0
Gorai.006G091000.1.A	648	542.505	0	0
Gorai.006G091000.1.D	648	542.505	45	3.28999
Gorai.006G091100.1.A	1804	1698.5	196.34	4.58486
Gorai.006G091100.1.D	1804	1698.5	276.66	6.46049
Gorai.006G091200.1.A	235	130.368	0	0
Gorai.006G091200.1.D	235	130.368	0	0
Gorai.006G091300.1.A	279	173.788	0	0
Gorai.006G091300.1.D	279	173.788	0	0
Gorai.006G091400.1.A	2939	2833.5	108.621	1.52045
Gorai.006G091400.1.D	2939	2833.5	221.379	3.09883
Gorai.006G091500.1.A	649	543.505	11	0.802739
Gorai.006G091500.1.D	649	543.505	7	0.510834
Gorai.006G091600.1.A	2370	2264.5	344.395	6.0321
Gorai.006G091600.1.D	2370	2264.5	271.605	4.75718
Gorai.006G091700.1.A	1262	1156.5	160.291	5.49726
Gorai.006G091700.1.D	1262	1156.5	13.7091	0.470161
Gorai.006G091800.1.A	2522	2416.5	26.6047	0.436671
Gorai.006G091800.1.D	2522	2416.5	61.3953	1.0077
Gorai.006G091900.1.A	2378	2272.5	91.7105	1.60066
Gorai.006G091900.1.D	2378	2272.5	78.2895	1.36642
Gorai.006G092000.1.A	912	806.505	50.4	2.47861
Gorai.006G092000.1.D	912	806.505	21.6	1.06226
Gorai.006G092100.1.A	1868	1762.5	274.611	6.17978
Gorai.006G092100.1.D	1868	1762.5	629.389	14.1636
Gorai.006G092200.1.A	4537	4431.5	401.138	3.59027
Gorai.006G092200.1.D	4537	4431.5	471.862	4.22327
Gorai.006G092300.1.A	1547	1441.5	269.531	7.41615
Gorai.006G092300.1.D	1547	1441.5	434.469	11.9544
Gorai.006G092400.1.A	704	598.505	0	0
Gorai.006G092400.1.D	704	598.505	1	0.0662701
Gorai.006G092500.1.A	1743	1637.5	21.5512	0.522005
Gorai.006G092500.1.D	1743	1637.5	367.449	8.90019
Gorai.006G092600.1.A	2545	2439.5	276.931	4.50251
Gorai.006G092600.1.D	2545	2439.5	367.069	5.96803
Gorai.006G092700.1.A	178	75.9326	7.26029	3.79237
Gorai.006G092700.1.D	178	75.9326	0	0
Gorai.006G092800.1.A	1286	1180.5	0	0
Gorai.006G092800.1.D	1286	1180.5	0	0
Gorai.006G092900.1.A	1068	962.505	508.256	20.9442
Gorai.006G092900.1.D	1068	962.505	948.092	39.069
Gorai.006G093000.1.A	538	432.551	0	0
Gorai.006G093000.1.D	538	432.551	0	0
Gorai.006G093100.1.A	1294	1188.5	126.347	4.21647
Gorai.006G093100.1.D	1294	1188.5	175.653	5.86192
Gorai.006G093200.1.A	379	273.583	44	6.37894
Gorai.006G093200.1.D	379	273.583	21	3.04449
Gorai.006G093300.1.A	1312	1206.5	59.7931	1.96565
Gorai.006G093300.1.D	1312	1206.5	42.2069	1.38752
Gorai.006G093400.1.A	1470	1364.5	619.443	18.0058
Gorai.006G093400.1.D	1470	1364.5	646.557	18.7939
Gorai.006G093500.1.A	939	833.505	13.1538	0.625936
Gorai.006G093500.1.D	939	833.505	43.8462	2.08645
Gorai.006G093600.1.A	1014	908.505	37.7143	1.64651
Gorai.006G093600.1.D	1014	908.505	22.2857	0.972936
Gorai.006G093700.1.A	798	692.505	1	0.0572746
Gorai.006G093700.1.D	798	692.505	0	0
Gorai.006G093800.1.A	1009	903.505	211.706	9.2937
Gorai.006G093800.1.D	1009	903.505	171.431	7.52563
Gorai.006G093900.1.A	1647	1541.5	2	0.05146
Gorai.006G093900.1.D	1647	1541.5	4	0.10292
Gorai.006G094000.1.A	1214	1108.5	224.764	8.04219
Gorai.006G094000.1.D	1214	1108.5	217.236	7.77283
Gorai.006G094100.1.A	777	671.505	95.6156	5.64761
Gorai.006G094100.1.D	777	671.505	8.75573	0.517164
Gorai.006G094200.1.A	1421	1315.5	139.436	4.20403
Gorai.006G094200.1.D	1421	1315.5	89.5644	2.7004
Gorai.006G094300.1.A	407	301.583	0	0
Gorai.006G094300.1.D	407	301.583	2	0.263032
Gorai.006G094400.1.A	327	221.63	0	0
Gorai.006G094400.1.D	327	221.63	0	0
Gorai.006G094500.1.A	2693	2587.5	12	0.183944
Gorai.006G094500.1.D	2693	2587.5	12	0.183944
Gorai.006G094600.1.A	4342	4236.5	0	0
Gorai.006G094600.1.D	4342	4236.5	24	0.224692
Gorai.006G094700.1.A	3214	3108.5	160.968	2.05386
Gorai.006G094700.1.D	3214	3108.5	123.032	1.56983
Gorai.006G094800.1.A	3733	3627.5	352.573	3.85501
Gorai.006G094800.1.D	3733	3627.5	227.427	2.48668
Gorai.006G094900.1.A	2710	2604.5	102.088	1.55466
Gorai.006G094900.1.D	2710	2604.5	234.912	3.57738
Gorai.006G095000.1.A	411	305.583	2	0.259589
Gorai.006G095000.1.D	411	305.583	0	0
Gorai.006G095100.1.A	1157	1051.5	2	0.0754404
Gorai.006G095100.1.D	1157	1051.5	0	0
Gorai.006G095200.1.A	483	377.551	0	0
Gorai.006G095200.1.D	483	377.551	0	0
Gorai.006G095300.1.A	2843	2737.5	683.345	9.90079
Gorai.006G095300.1.D	2843	2737.5	390.655	5.6601
Gorai.006G095400.1.A	1655	1549.5	3185.33	81.5354
Gorai.006G095400.1.D	1655	1549.5	3699.67	94.7012
Gorai.006G095500.1.A	3630	3524.5	0	0
Gorai.006G095500.1.D	3630	3524.5	0	0
Gorai.006G095600.1.A	554	448.551	0	0
Gorai.006G095600.1.D	554	448.551	0	0
Gorai.006G095700.1.A	1257	1151.5	1	0.0344444
Gorai.006G095700.1.D	1257	1151.5	1	0.0344444
Gorai.006G095800.1.A	1167	1061.5	1.11905	0.041813
Gorai.006G095800.1.D	1167	1061.5	45.881	1.71433
Gorai.006G095900.1.A	2060	1954.5	230.822	4.6841
Gorai.006G095900.1.D	2060	1954.5	235.178	4.77248
Gorai.006G096000.1.A	1841	1735.5	17.7953	0.406691
Gorai.006G096000.1.D	1841	1735.5	0	0
Gorai.006G096100.1.A	1826	1720.5	1243.4	28.6642
Gorai.006G096100.1.D	1826	1720.5	1379.6	31.804
Gorai.006G096200.1.A	2989	2883.5	16.2963	0.224157
Gorai.006G096200.1.D	2989	2883.5	38.7037	0.532374
Gorai.006G096300.1.A	3765	3659.5	119.943	1.29998
Gorai.006G096300.1.D	3765	3659.5	113.284	1.22781
Gorai.006G096400.1.A	2505	2399.5	73.3407	1.21229
Gorai.006G096400.1.D	2505	2399.5	20.6593	0.341491
Gorai.006G096500.1.A	1328	1222.5	0	0
Gorai.006G096500.1.D	1328	1222.5	1	0.032444
Gorai.006G096600.1.A	1307	1201.5	1.54125	0.0508783
Gorai.006G096600.1.D	1307	1201.5	23.2532	0.767613
Gorai.006G096700.1.A	3163	3057.5	193.62	2.5117
Gorai.006G096700.1.D	3163	3057.5	267.38	3.46854
Gorai.006G096800.1.A	2094	1988.5	97.3273	1.9413
Gorai.006G096800.1.D	2094	1988.5	424.917	8.47544
Gorai.006G096900.1.A	3154	3048.5	410.879	5.34579
Gorai.006G096900.1.D	3154	3048.5	484.877	6.30854
Gorai.006G097000.1.A	732	626.505	0	0
Gorai.006G097000.1.D	732	626.505	11	0.696391
Gorai.006G097100.1.A	1877	1771.5	22.1667	0.496299
Gorai.006G097100.1.D	1877	1771.5	5.83333	0.130605
Gorai.006G097200.1.A	477	371.551	0	0
Gorai.006G097200.1.D	477	371.551	0	0
Gorai.006G097300.1.A	522	416.551	10	0.952174
Gorai.006G097300.1.D	522	416.551	0	0
Gorai.006G097400.1.A	879	773.505	228.563	11.72
Gorai.006G097400.1.D	879	773.505	177.437	9.09843
Gorai.006G097500.1.A	1701	1595.5	107.645	2.67596
Gorai.006G097500.1.D	1701	1595.5	226.355	5.62701
Gorai.006G097600.1.A	499	393.551	0	0
Gorai.006G097600.1.D	499	393.551	5	0.503911
Gorai.006G097700.1.A	661	555.505	658.065	46.9857
Gorai.006G097700.1.D	661	555.505	288.935	20.6299
Gorai.006G097800.1.A	679	573.505	83.954	5.80617
Gorai.006G097800.1.D	679	573.505	4.04598	0.279815
Gorai.006G097900.1.A	1154	1048.5	86.4729	3.27111
Gorai.006G097900.1.D	1154	1048.5	175.527	6.63986
Gorai.006G098000.1.A	915	809.505	0	0
Gorai.006G098000.1.D	915	809.505	0	0
Gorai.006G098100.1.A	1004	898.505	4	0.176573
Gorai.006G098100.1.D	1004	898.505	12	0.529719
Gorai.006G098200.1.A	636	530.505	3955.48	295.73
Gorai.006G098200.1.D	636	530.505	6687.52	499.99
Gorai.006G098300.1.A	1008	902.505	0	0
Gorai.006G098300.1.D	1008	902.505	0	0
Gorai.006G098400.1.A	1579	1473.5	22.449	0.604269
Gorai.006G098400.1.D	1579	1473.5	27.551	0.741602
Gorai.006G098500.1.A	3373	3267.5	5645.26	68.5256
Gorai.006G098500.1.D	3373	3267.5	5956.74	72.3064
Gorai.006G098600.1.A	2251	2145.5	139.36	2.57628
Gorai.006G098600.1.D	2251	2145.5	172.64	3.19151
Gorai.006G098700.1.A	2135	2029.5	270.735	5.29102
Gorai.006G098700.1.D	2135	2029.5	359.265	7.02117
Gorai.006G098800.1.A	2750	2644.5	92.2034	1.38289
Gorai.006G098800.1.D	2750	2644.5	163.797	2.45666
Gorai.006G098900.1.A	963	857.505	288.29	13.3345
Gorai.006G098900.1.D	963	857.505	204.71	9.46864
Gorai.006G099000.1.A	3400	3294.5	3332.69	40.1227
Gorai.006G099000.1.D	3400	3294.5	2640.96	31.7948
Gorai.006G099100.1.A	627	521.505	0	0
Gorai.006G099100.1.D	627	521.505	0	0
Gorai.006G099200.1.A	839	733.505	0	0
Gorai.006G099200.1.D	839	733.505	0	0
Gorai.006G099300.1.A	453	347.551	0	0
Gorai.006G099300.1.D	453	347.551	0	0
Gorai.006G099400.1.A	1285	1179.5	0	0
Gorai.006G099400.1.D	1285	1179.5	0	0
Gorai.006G099500.1.A	1449	1343.5	0	0
Gorai.006G099500.1.D	1449	1343.5	0	0
Gorai.006G099600.1.A	1665	1559.5	0	0
Gorai.006G099600.1.D	1665	1559.5	0	0
Gorai.006G099700.1.A	300	194.687	0	0
Gorai.006G099700.1.D	300	194.687	0	0
Gorai.006G099800.1.A	3120	3014.5	457.627	6.02116
Gorai.006G099800.1.D	3120	3014.5	496.373	6.53096
Gorai.006G099900.1.A	2636	2530.5	90.3117	1.41554
Gorai.006G099900.1.D	2636	2530.5	92.6883	1.45279
Gorai.006G100000.1.A	2098	1992.5	381.042	7.58505
Gorai.006G100000.1.D	2098	1992.5	613.958	12.2215
Gorai.006G100100.1.A	588	482.551	589.532	48.4562
Gorai.006G100100.1.D	588	482.551	1625.47	133.604
Gorai.006G100200.1.A	2007	1901.5	5	0.104294
Gorai.006G100200.1.D	2007	1901.5	6	0.125152
Gorai.006G100300.1.A	346	240.63	3	0.494489
Gorai.006G100300.1.D	346	240.63	19	3.13176
Gorai.006G100400.1.A	2069	1963.5	2394.87	48.3766
Gorai.006G100400.1.D	2069	1963.5	2267.13	45.7962
Gorai.006G100500.1.A	945	839.505	4	0.188983
Gorai.006G100500.1.D	945	839.505	0	0
Gorai.006G100600.1.A	942	836.505	212.108	10.0571
Gorai.006G100600.1.D	942	836.505	235.523	11.1673
Gorai.006G100700.1.A	1481	1375.5	245.026	7.06538
Gorai.006G100700.1.D	1481	1375.5	207.974	5.99696
Gorai.006G100800.1.A	3169	3063.5	158.271	2.04912
Gorai.006G100800.1.D	3169	3063.5	163.729	2.11978
Gorai.006G100900.1.A	664	558.505	0	0
Gorai.006G100900.1.D	664	558.505	0	0
Gorai.006G101000.1.A	809	703.505	128.378	7.23784
Gorai.006G101000.1.D	809	703.505	132.622	7.4771
Gorai.006G101100.1.A	1385	1279.5	212.85	6.59807
Gorai.006G101100.1.D	1385	1279.5	174.15	5.39842
Gorai.006G101200.1.A	600	494.551	0	0
Gorai.006G101200.1.D	600	494.551	0	0
Gorai.006G101300.1.A	874	768.505	0	0
Gorai.006G101300.1.D	874	768.505	0	0
Gorai.006G101400.1.A	749	643.505	106.65	6.57344
Gorai.006G101400.1.D	749	643.505	54.3503	3.34993
Gorai.006G101500.1.A	1129	1023.5	9.15517	0.354782
Gorai.006G101500.1.D	1129	1023.5	167.845	6.50434
Gorai.006G101600.1.A	2642	2536.5	69.8592	1.09238
Gorai.006G101600.1.D	2642	2536.5	85.1408	1.33133
Gorai.006G101700.1.A	1552	1446.5	3	0.0822595
Gorai.006G101700.1.D	1552	1446.5	15	0.411298
Gorai.006G101800.1.A	282	176.772	0	0
Gorai.006G101800.1.D	282	176.772	0	0
Gorai.006G101900.1.A	1096	990.505	7.83275	0.313648
Gorai.006G101900.1.D	1096	990.505	7.83275	0.313648
Gorai.006G102000.1.A	556	450.551	0	0
Gorai.006G102000.1.D	556	450.551	0	0
Gorai.006G102100.1.A	2890	2784.5	1292.94	18.4168
Gorai.006G102100.1.D	2890	2784.5	308.064	4.38812
Gorai.006G102200.1.A	1228	1122.5	71.1818	2.51516
Gorai.006G102200.1.D	1228	1122.5	36.8182	1.30095
Gorai.006G102300.1.A	4274	4168.5	1086.76	10.3405
Gorai.006G102300.1.D	4274	4168.5	1381.24	13.1423
Gorai.006G102400.1.A	688	582.505	1	0.0680903
Gorai.006G102400.1.D	688	582.505	2	0.136181
Gorai.006G102500.1.A	1062	956.505	0	0
Gorai.006G102500.1.D	1062	956.505	0	0
Gorai.006G102600.1.A	666	560.505	0	0
Gorai.006G102600.1.D	666	560.505	0	0
Gorai.006G102700.1.A	681	575.505	0	0
Gorai.006G102700.1.D	681	575.505	0	0
Gorai.006G102800.1.A	1990	1884.5	73.4919	1.54677
Gorai.006G102800.1.D	1990	1884.5	132.508	2.78888
Gorai.006G102900.1.A	2217	2111.5	338.564	6.35965
Gorai.006G102900.1.D	2217	2111.5	583.436	10.9594
Gorai.006G103000.1.A	3137	3031.5	641.789	8.3969
Gorai.006G103000.1.D	3137	3031.5	1297.83	16.9803
Gorai.006G103100.1.A	2820	2714.5	126.388	1.84672
Gorai.006G103100.1.D	2820	2714.5	37.9909	0.555103
Gorai.006G103200.1.A	1956	1850.5	40.842	0.875391
Gorai.006G103200.1.D	1956	1850.5	51.6532	1.10711
Gorai.006G103300.1.A	524	418.551	0	0
Gorai.006G103300.1.D	524	418.551	0	0
Gorai.006G103400.1.A	1723	1617.5	20.8058	0.51018
Gorai.006G103400.1.D	1723	1617.5	0	0
Gorai.006G103500.1.A	3153	3047.5	1021.97	13.3008
Gorai.006G103500.1.D	3153	3047.5	718.029	9.34507
Gorai.006G103600.1.A	1781	1675.5	2.5971	0.0614792
Gorai.006G103600.1.D	1781	1675.5	2.5971	0.0614792
Gorai.006G103700.1.A	2232	2126.5	6.31579	0.1178
Gorai.006G103700.1.D	2232	2126.5	33.6842	0.628268
Gorai.006G103800.1.A	389	283.583	2	0.279727
Gorai.006G103800.1.D	389	283.583	3	0.419591
Gorai.006G103900.1.A	1041	935.505	9	0.381576
Gorai.006G103900.1.D	1041	935.505	0	0
Gorai.006G104000.1.A	3268	3162.5	153.09	1.91999
Gorai.006G104000.1.D	3268	3162.5	109.91	1.37846
Gorai.006G104100.1.A	600	494.551	0	0
Gorai.006G104100.1.D	600	494.551	0	0
Gorai.006G104200.1.A	3372	3266.5	155.39	1.8868
Gorai.006G104200.1.D	3372	3266.5	121.61	1.47662
Gorai.006G104300.1.A	2141	2035.5	137.48	2.67888
Gorai.006G104300.1.D	2141	2035.5	439.52	8.56429
Gorai.006G104400.1.A	681	575.505	10.2704	0.707824
Gorai.006G104400.1.D	681	575.505	27.705	1.90939
Gorai.006G104500.1.A	902	796.505	44.916	2.23665
Gorai.006G104500.1.D	902	796.505	20.6881	1.03019
Gorai.006G104600.1.A	901	795.505	28.4204	1.41701
Gorai.006G104600.1.D	901	795.505	2	0.0997177
Gorai.006G104700.1.A	1131	1025.5	0	0
Gorai.006G104700.1.D	1131	1025.5	0	0
Gorai.006G104800.1.A	1639	1533.5	1094.59	28.3109
Gorai.006G104800.1.D	1639	1533.5	523.405	13.5375
Gorai.006G104900.1.A	1304	1198.5	1515.67	50.159
Gorai.006G104900.1.D	1304	1198.5	1202.33	39.7896
Gorai.006G105000.1.A	1323	1217.5	0	0
Gorai.006G105000.1.D	1323	1217.5	0	0
Gorai.006G105100.1.A	1231	1125.5	2.47265	0.0871364
Gorai.006G105100.1.D	1231	1125.5	3.21464e-07	1.13284e-08
Gorai.006G105200.1.A	2292	2186.5	28.8814	0.523904
Gorai.006G105200.1.D	2292	2186.5	42.1186	0.764027
Gorai.006G105300.1.A	1867	1761.5	7.5	0.168874
Gorai.006G105300.1.D	1867	1761.5	1.5	0.0337748
Gorai.006G105400.1.A	2237	2131.5	24	0.446591
Gorai.006G105400.1.D	2237	2131.5	0	0
Gorai.006G105500.1.A	1712	1606.5	122.456	3.0233
Gorai.006G105500.1.D	1712	1606.5	83.5444	2.06263
Gorai.006G105600.1.A	929	823.505	231.408	11.1454
Gorai.006G105600.1.D	929	823.505	290.907	14.0111
Gorai.006G105700.1.A	236	131.296	0	0
Gorai.006G105700.1.D	236	131.296	0	0
Gorai.006G105800.1.A	1755	1649.5	4	0.0961815
Gorai.006G105800.1.D	1755	1649.5	0	0
Gorai.006G105900.1.A	1006	900.505	1373.33	60.4885
Gorai.006G105900.1.D	1006	900.505	2052.67	90.4105
Gorai.006G106000.1.A	3621	3515.5	191.462	2.16013
Gorai.006G106000.1.D	3621	3515.5	177.538	2.00303
Gorai.006G106100.1.A	1625	1519.5	947.87	24.7418
Gorai.006G106100.1.D	1625	1519.5	366.13	9.55693
Gorai.006G106200.1.A	2025	1919.5	8.75	0.180802
Gorai.006G106200.1.D	2025	1919.5	1.25	0.0258289
Gorai.006G106300.1.A	2031	1925.5	0	0
Gorai.006G106300.1.D	2031	1925.5	0	0
Gorai.006G106400.1.A	2317	2211.5	114.336	2.05059
Gorai.006G106400.1.D	2317	2211.5	35.6643	0.639633
Gorai.006G106500.1.A	1305	1199.5	3	0.0991983
Gorai.006G106500.1.D	1305	1199.5	0	0
Gorai.006G106600.1.A	1233	1127.5	2376.25	83.5907
Gorai.006G106600.1.D	1233	1127.5	1913.75	67.3214
Gorai.006G106700.1.A	1652	1546.5	285.839	7.33085
Gorai.006G106700.1.D	1652	1546.5	313.161	8.0316
Gorai.006G106800.1.A	1389	1283.5	0	0
Gorai.006G106800.1.D	1389	1283.5	1	0.0309021
Gorai.006G106900.1.A	1946	1840.5	26.7692	0.576878
Gorai.006G106900.1.D	1946	1840.5	2.23077	0.0480732
Gorai.006G107000.1.A	1659	1553.5	194.032	4.95388
Gorai.006G107000.1.D	1659	1553.5	190.968	4.87566
Gorai.006G107100.1.A	1469	1363.5	375.122	10.9119
Gorai.006G107100.1.D	1469	1363.5	111.878	3.25443
Gorai.006G107200.1.A	963	857.505	141.626	6.55074
Gorai.006G107200.1.D	963	857.505	109.374	5.05899
Gorai.006G107300.1.A	2549	2443.5	193.562	3.14189
Gorai.006G107300.1.D	2549	2443.5	145.438	2.36076
Gorai.006G107400.1.A	909	803.505	112.706	5.56346
Gorai.006G107400.1.D	909	803.505	4.29358	0.211941
Gorai.006G107500.1.A	828	722.505	0	0
Gorai.006G107500.1.D	828	722.505	0	0
Gorai.006G107600.1.A	1985	1879.5	223.774	4.72227
Gorai.006G107600.1.D	1985	1879.5	151.226	3.19131
Gorai.006G107700.1.A	463	357.551	0	0
Gorai.006G107700.1.D	463	357.551	0	0
Gorai.006G107800.1.A	669	563.505	0	0
Gorai.006G107800.1.D	669	563.505	0	0
Gorai.006G107900.1.A	567	461.551	0	0
Gorai.006G107900.1.D	567	461.551	0	0
Gorai.006G108000.1.A	219	114.772	0	0
Gorai.006G108000.1.D	219	114.772	0	0
Gorai.006G108100.1.A	1817	1711.5	5429.38	125.822
Gorai.006G108100.1.D	1817	1711.5	2920.62	67.6832
Gorai.006G108200.1.A	765	659.505	0	0
Gorai.006G108200.1.D	765	659.505	10	0.601405
Gorai.006G108300.1.A	2996	2890.5	24.2105	0.332212
Gorai.006G108300.1.D	2996	2890.5	55.7895	0.765532
Gorai.006G108400.1.A	1984	1878.5	224.81	4.74666
Gorai.006G108400.1.D	1984	1878.5	159.19	3.36115
Gorai.006G108500.1.A	3725	3619.5	1356.53	14.865
Gorai.006G108500.1.D	3725	3619.5	1234.47	13.5275
Gorai.006G108600.1.A	5914	5808.5	415.419	2.83666
Gorai.006G108600.1.D	5914	5808.5	496.581	3.39086
Gorai.006G108700.1.A	575	469.551	10.1522	0.857558
Gorai.006G108700.1.D	575	469.551	5.77517	0.487828
Gorai.006G108800.1.A	2121	2015.5	13.3649	0.263007
Gorai.006G108800.1.D	2121	2015.5	29.3569	0.577713
Gorai.006G108900.1.A	814	708.505	47.8279	2.67746
Gorai.006G108900.1.D	814	708.505	91.2323	5.1073
Gorai.006G109000.1.A	2020	1914.5	20.0425	0.415223
Gorai.006G109000.1.D	2020	1914.5	63.248	1.31031
Gorai.006G109100.1.A	2355	2249.5	173.23	3.05437
Gorai.006G109100.1.D	2355	2249.5	2156.77	38.0279
Gorai.006G109200.1.A	1383	1277.5	283.855	8.81291
Gorai.006G109200.1.D	1383	1277.5	457.145	14.1931
Gorai.006G109300.1.A	1354	1248.5	879.194	27.9305
Gorai.006G109300.1.D	1354	1248.5	614.806	19.5314
Gorai.006G109400.1.A	1232	1126.5	275	9.68244
Gorai.006G109400.1.D	1232	1126.5	110	3.87297
Gorai.006G109500.1.A	472	366.551	0	0
Gorai.006G109500.1.D	472	366.551	0	0
Gorai.006G109600.1.A	1468	1362.5	1	0.0291103
Gorai.006G109600.1.D	1468	1362.5	0	0
Gorai.006G109700.1.A	1644	1538.5	29.6	0.763094
Gorai.006G109700.1.D	1644	1538.5	7.4	0.190773
Gorai.006G109800.1.A	1980	1874.5	294.295	6.22704
Gorai.006G109800.1.D	1980	1874.5	101.705	2.15199
Gorai.006G109900.1.A	1320	1214.5	1	0.0326577
Gorai.006G109900.1.D	1320	1214.5	3	0.0979731
Gorai.006G110000.1.A	1529	1423.5	32.5333	0.906472
Gorai.006G110000.1.D	1529	1423.5	28.4667	0.793163
Gorai.006G110100.1.A	1979	1873.5	74.304	1.57305
Gorai.006G110100.1.D	1979	1873.5	54.696	1.15794
Gorai.006G110200.1.A	1210	1104.5	95.8993	3.44376
Gorai.006G110200.1.D	1210	1104.5	59.1007	2.12232
Gorai.006G110300.1.A	942	836.505	1798.43	85.2727
Gorai.006G110300.1.D	942	836.505	2124.57	100.737
Gorai.006G110400.1.A	942	836.505	32.1156	1.52276
Gorai.006G110400.1.D	942	836.505	37.5342	1.77969
Gorai.006G110500.1.A	2022	1916.5	91.8266	1.90039
Gorai.006G110500.1.D	2022	1916.5	110.524	2.28734
Gorai.006G110600.1.A	864	758.505	2.18182	0.114089
Gorai.006G110600.1.D	864	758.505	21.8182	1.14089
Gorai.006G110700.1.A	2578	2472.5	310.293	4.9776
Gorai.006G110700.1.D	2578	2472.5	583.707	9.3636
Gorai.006G110800.1.A	1977	1871.5	62.2819	1.31994
Gorai.006G110800.1.D	1977	1871.5	97.7181	2.07095
Gorai.006G110900.1.A	1135	1029.5	63.5231	2.44731
Gorai.006G110900.1.D	1135	1029.5	63.5231	2.44731
Gorai.006G111000.1.A	1807	1701.5	0	0
Gorai.006G111000.1.D	1807	1701.5	0	0
Gorai.006G111100.1.A	1484	1378.5	1	0.0287724
Gorai.006G111100.1.D	1484	1378.5	1	0.0287724
Gorai.006G111200.1.A	2154	2048.5	0	0
Gorai.006G111200.1.D	2154	2048.5	0	0
Gorai.006G111300.1.A	1855	1749.5	1273.32	28.8675
Gorai.006G111300.1.D	1855	1749.5	971.338	22.0212
Gorai.006G111400.1.A	1711	1605.5	2.19048	0.0541143
Gorai.006G111400.1.D	1711	1605.5	20.8095	0.514086
Gorai.006G111500.1.A	1530	1424.5	26.5455	0.739114
Gorai.006G111500.1.D	1530	1424.5	46.4545	1.29345
Gorai.006G111600.1.A	1716	1610.5	6.25	0.153923
Gorai.006G111600.1.D	1716	1610.5	13.75	0.33863
Gorai.006G111700.1.A	3875	3769.5	64.6721	0.680484
Gorai.006G111700.1.D	3875	3769.5	198.328	2.08682
Gorai.006G111800.1.A	2274	2168.5	3	0.0548714
Gorai.006G111800.1.D	2274	2168.5	1	0.0182905
Gorai.006G111900.1.A	1852	1746.5	177.043	4.02062
Gorai.006G111900.1.D	1852	1746.5	34.9574	0.79388
Gorai.006G112000.1.A	940	834.505	1059.61	50.3618
Gorai.006G112000.1.D	940	834.505	874.392	41.5587
Gorai.006G112100.1.A	3516	3410.5	382.866	4.4526
Gorai.006G112100.1.D	3516	3410.5	256.134	2.97874
Gorai.006G112200.1.A	3288	3182.5	36.8491	0.459243
Gorai.006G112200.1.D	3288	3182.5	26.1509	0.325914
Gorai.006G112300.1.A	1893	1787.5	200.145	4.44103
Gorai.006G112300.1.D	1893	1787.5	143.855	3.19199
Gorai.006G112400.1.A	501	395.551	87.1954	8.7433
Gorai.006G112400.1.D	501	395.551	25.7289	2.57991
Gorai.006G112500.1.A	1365	1259.5	687.317	21.6442
Gorai.006G112500.1.D	1365	1259.5	365.612	11.5135
Gorai.006G112600.1.A	722	616.505	2067.51	133.013
Gorai.006G112600.1.D	722	616.505	906.45	58.3166
Gorai.006G112700.1.A	1291	1185.5	179.769	6.01446
Gorai.006G112700.1.D	1291	1185.5	239.231	8.00385
Gorai.006G112800.1.A	1191	1085.5	0	0
Gorai.006G112800.1.D	1191	1085.5	1	0.0365387
Gorai.006G112900.1.A	542	436.551	0	0
Gorai.006G112900.1.D	542	436.551	12	1.09026
Gorai.006G113000.1.A	1522	1416.5	0	0
Gorai.006G113000.1.D	1522	1416.5	0	0
Gorai.006G113100.1.A	1187	1081.5	34.7586	1.27473
Gorai.006G113100.1.D	1187	1081.5	37.2414	1.36578
Gorai.006G113200.1.A	1396	1290.5	125.432	3.8551
Gorai.006G113200.1.D	1396	1290.5	95.5676	2.93722
Gorai.006G113300.1.A	1966	1860.5	191	4.07181
Gorai.006G113300.1.D	1966	1860.5	0	0
Gorai.006G113400.1.A	2643	2537.5	597.318	9.33648
Gorai.006G113400.1.D	2643	2537.5	884.682	13.8282
Gorai.006G113500.1.A	2404	2298.5	599.197	10.3397
Gorai.006G113500.1.D	2404	2298.5	869.803	15.0093
Gorai.006G113600.1.A	1762	1656.5	59.5833	1.42665
Gorai.006G113600.1.D	1762	1656.5	105.417	2.52407
Gorai.006G113700.1.A	1488	1382.5	0	0
Gorai.006G113700.1.D	1488	1382.5	1	0.0286892
Gorai.006G113800.1.A	1003	897.505	102.397	4.52516
Gorai.006G113800.1.D	1003	897.505	192.603	8.51161
Gorai.006G113900.1.A	1057	951.505	418.186	17.4319
Gorai.006G113900.1.D	1057	951.505	969.814	40.4261
Gorai.006G114000.1.A	1247	1141.5	6	0.208477
Gorai.006G114000.1.D	1247	1141.5	8	0.27797
Gorai.006G114100.1.A	971	865.505	1	0.0458264
Gorai.006G114100.1.D	971	865.505	0	0
Gorai.006G114200.1.A	1462	1356.5	83.2925	2.4354
Gorai.006G114200.1.D	1462	1356.5	174.071	5.08966
Gorai.006G114300.1.A	2826	2720.5	5.51557	0.0804129
Gorai.006G114300.1.D	2826	2720.5	31.1213	0.453726
Gorai.006G114400.1.A	567	461.551	7	0.601538
Gorai.006G114400.1.D	567	461.551	3	0.257802
Gorai.006G114500.1.A	1112	1006.5	122.769	4.83792
Gorai.006G114500.1.D	1112	1006.5	3.23077	0.127314
Gorai.006G114600.1.A	1097	991.505	23	0.920064
Gorai.006G114600.1.D	1097	991.505	172	6.88048
Gorai.006G114700.1.A	1708	1602.5	2	0.0495012
Gorai.006G114700.1.D	1708	1602.5	0	0
Gorai.006G114800.1.A	5340	5234.5	89.1212	0.67529
Gorai.006G114800.1.D	5340	5234.5	85.9383	0.651172
Gorai.006G114900.1.A	387	281.583	0	0
Gorai.006G114900.1.D	387	281.583	0	0
Gorai.006G115000.1.A	1767	1661.5	15.1667	0.362054
Gorai.006G115000.1.D	1767	1661.5	33.8333	0.807659
Gorai.006G115100.1.A	1515	1409.5	4	0.112559
Gorai.006G115100.1.D	1515	1409.5	4	0.112559
Gorai.006G115200.1.A	3703	3597.5	576.996	6.36145
Gorai.006G115200.1.D	3703	3597.5	165.004	1.81919
Gorai.006G115300.1.A	1578	1472.5	0	0
Gorai.006G115300.1.D	1578	1472.5	11	0.296293
Gorai.006G115400.1.A	1714	1608.5	5.25	0.129456
Gorai.006G115400.1.D	1714	1608.5	15.75	0.388368
Gorai.006G115500.1.A	3442	3336.5	58.0588	0.690178
Gorai.006G115500.1.D	3442	3336.5	4.94118	0.0587386
Gorai.006G115600.1.A	2731	2625.5	30.16	0.455621
Gorai.006G115600.1.D	2731	2625.5	114.84	1.73486
Gorai.006G115700.1.A	567	461.551	0	0
Gorai.006G115700.1.D	567	461.551	0	0
Gorai.006G115800.1.A	1454	1348.5	139.19	4.09393
Gorai.006G115800.1.D	1454	1348.5	155.81	4.58276
Gorai.006G115900.1.A	555	449.551	0	0
Gorai.006G115900.1.D	555	449.551	0	0
Gorai.006G116000.1.A	297	191.687	0	0
Gorai.006G116000.1.D	297	191.687	0	0
Gorai.006G116100.1.A	794	688.505	266.323	15.3422
Gorai.006G116100.1.D	794	688.505	353.677	20.3744
Gorai.006G116200.1.A	1507	1401.5	72	2.03762
Gorai.006G116200.1.D	1507	1401.5	72	2.03762
Gorai.006G116300.1.A	1266	1160.5	0	0
Gorai.006G116300.1.D	1266	1160.5	4	0.136709
Gorai.006G116400.1.A	1443	1337.5	0	0
Gorai.006G116400.1.D	1443	1337.5	0	0
Gorai.006G116500.1.A	2253	2147.5	85.6195	1.58133
Gorai.006G116500.1.D	2253	2147.5	43.3805	0.801209
Gorai.006G116600.1.A	4339	4233.5	601.424	5.63463
Gorai.006G116600.1.D	4339	4233.5	531.385	4.97845
Gorai.006G116700.1.A	2397	2291.5	878.075	15.1983
Gorai.006G116700.1.D	2397	2291.5	573.925	9.9339
Gorai.006G116800.1.A	2304	2198.5	25.6599	0.462927
Gorai.006G116800.1.D	2304	2198.5	15.4055	0.277929
Gorai.006G116900.1.A	2961	2855.5	194.174	2.69707
Gorai.006G116900.1.D	2961	2855.5	271.761	3.77476
Gorai.006G117000.1.A	672	566.505	0	0
Gorai.006G117000.1.D	672	566.505	0	0
Gorai.006G117100.1.A	2538	2432.5	746.177	12.1667
Gorai.006G117100.1.D	2538	2432.5	984.823	16.0579
Gorai.006G117200.1.A	2289	2183.5	40.0204	0.726963
Gorai.006G117200.1.D	2289	2183.5	65.9796	1.19851
Gorai.006G117300.1.A	1629	1523.5	0	0
Gorai.006G117300.1.D	1629	1523.5	0	0
Gorai.006G117400.1.A	1042	936.505	0	0
Gorai.006G117400.1.D	1042	936.505	3	0.127056
Gorai.006G117500.1.A	1801	1695.5	5137.12	120.173
Gorai.006G117500.1.D	1801	1695.5	5971.88	139.7
Gorai.006G117600.1.A	512	406.551	0	0
Gorai.006G117600.1.D	512	406.551	3	0.292678
Gorai.006G117700.1.A	517	411.551	0	0
Gorai.006G117700.1.D	517	411.551	0	0
Gorai.006G117800.1.A	1141	1035.5	7.5	0.287273
Gorai.006G117800.1.D	1141	1035.5	2.5	0.0957575
Gorai.006G117900.1.A	3146	3040.5	219.728	2.86632
Gorai.006G117900.1.D	3146	3040.5	244.272	3.18649
Gorai.006G118000.1.A	207	103.083	0	0
Gorai.006G118000.1.D	207	103.083	0	0
Gorai.006G118100.1.A	1872	1766.5	634.308	14.242
Gorai.006G118100.1.D	1872	1766.5	317.692	7.13308
Gorai.006G118200.1.A	1179	1073.5	24.2637	0.896476
Gorai.006G118200.1.D	1179	1073.5	71.7363	2.65045
Gorai.006G118300.1.A	4587	4481.5	228.11	2.01886
Gorai.006G118300.1.D	4587	4481.5	182.89	1.61864
Gorai.006G118400.1.A	1542	1436.5	12162.1	335.804
Gorai.006G118400.1.D	1542	1436.5	9154.9	252.774
Gorai.006G118500.1.A	975	869.505	0	0
Gorai.006G118500.1.D	975	869.505	0	0
Gorai.006G118600.1.A	1753	1647.5	710.467	17.1042
Gorai.006G118600.1.D	1753	1647.5	1072.53	25.8207
Gorai.006G118700.1.A	856	750.505	69.6	3.67825
Gorai.006G118700.1.D	856	750.505	104.4	5.51737
Gorai.006G118800.1.A	840	734.505	2034.57	109.866
Gorai.006G118800.1.D	840	734.505	1667.28	90.0324
Gorai.006G118900.1.A	2999	2893.5	60.2083	0.82531
Gorai.006G118900.1.D	2999	2893.5	109.792	1.50498
Gorai.006G119000.1.A	2815	2709.5	447.709	6.55377
Gorai.006G119000.1.D	2815	2709.5	660.291	9.66563
Gorai.006G119100.1.A	1388	1282.5	265.378	8.20711
Gorai.006G119100.1.D	1388	1282.5	5.62241	0.173879
Gorai.006G119200.1.A	1749	1643.5	68.9252	1.66338
Gorai.006G119200.1.D	1749	1643.5	56.0748	1.35326
Gorai.006G119300.1.A	4115	4009.5	145.605	1.44035
Gorai.006G119300.1.D	4115	4009.5	307.499	3.04185
Gorai.006G119400.1.A	784	678.505	447.978	26.1872
Gorai.006G119400.1.D	784	678.505	396.022	23.15
Gorai.006G119500.1.A	1261	1155.5	0	0
Gorai.006G119500.1.D	1261	1155.5	9	0.308927
Gorai.006G119600.1.A	1738	1632.5	1.25	0.0303697
Gorai.006G119600.1.D	1738	1632.5	3.75	0.0911091
Gorai.006G119700.1.A	1158	1052.5	0	0
Gorai.006G119700.1.D	1158	1052.5	0	0
Gorai.006G119800.1.A	1440	1334.5	0	0
Gorai.006G119800.1.D	1440	1334.5	72	2.13992
Gorai.006G119900.1.A	1512	1406.5	102029	2877.19
Gorai.006G119900.1.D	1512	1406.5	114856	3238.89
Gorai.006G120000.1.A	2004	1898.5	4	0.0835667
Gorai.006G120000.1.D	2004	1898.5	0	0
Gorai.006G120100.1.A	684	578.505	0	0
Gorai.006G120100.1.D	684	578.505	0	0
Gorai.006G120200.1.A	1343	1237.5	6	0.192304
Gorai.006G120200.1.D	1343	1237.5	6	0.192304
Gorai.006G120300.1.A	767	661.505	0	0
Gorai.006G120300.1.D	767	661.505	0	0
Gorai.006G120400.1.A	3096	2990.5	82.0241	1.08788
Gorai.006G120400.1.D	3096	2990.5	101.976	1.3525
Gorai.006G120500.1.A	1584	1478.5	421.277	11.3013
Gorai.006G120500.1.D	1584	1478.5	632.723	16.9737
Gorai.006G120600.1.A	782	676.505	0	0
Gorai.006G120600.1.D	782	676.505	7	0.410405
Gorai.006G120700.1.A	2093	1987.5	196.108	3.91356
Gorai.006G120700.1.D	2093	1987.5	356.892	7.12219
Gorai.006G120800.1.A	1738	1632.5	0	0
Gorai.006G120800.1.D	1738	1632.5	1	0.0242958
Gorai.006G120900.1.A	970	864.505	1.25	0.0573492
Gorai.006G120900.1.D	970	864.505	3.75	0.172048
Gorai.006G121000.1.A	1413	1307.5	10.1333	0.307393
Gorai.006G121000.1.D	1413	1307.5	8.86667	0.268969
Gorai.006G121100.1.A	1297	1191.5	268.134	8.92567
Gorai.006G121100.1.D	1297	1191.5	1058.87	35.2477
Gorai.006G121200.1.A	3151	3045.5	19.0227	0.247741
Gorai.006G121200.1.D	3151	3045.5	73.9773	0.963438
Gorai.006G121300.1.A	1704	1598.5	96.7326	2.40018
Gorai.006G121300.1.D	1704	1598.5	80.2674	1.99164
Gorai.006G121400.1.A	1316	1210.5	860.993	28.211
Gorai.006G121400.1.D	1316	1210.5	759.503	24.8856
Gorai.006G121500.1.A	2019	1913.5	140	2.90191
Gorai.006G121500.1.D	2019	1913.5	680	14.095
Gorai.006G121600.1.A	1860	1754.5	835.417	18.8857
Gorai.006G121600.1.D	1860	1754.5	367.583	8.30972
Gorai.006G121700.1.A	1697	1591.5	215.214	5.36349
Gorai.006G121700.1.D	1697	1591.5	264.786	6.5989
Gorai.006G121800.1.A	1455	1349.5	1	0.0293907
Gorai.006G121800.1.D	1455	1349.5	0	0
Gorai.006G121900.1.A	1811	1705.5	6.46154	0.150268
Gorai.006G121900.1.D	1811	1705.5	7.53846	0.175313
Gorai.006G122000.1.A	1352	1246.5	785.565	24.9962
Gorai.006G122000.1.D	1352	1246.5	911.939	29.0173
Gorai.006G122100.1.A	866	760.505	489.083	25.5073
Gorai.006G122100.1.D	866	760.505	623.917	32.5394
Gorai.006G122200.1.A	878	772.505	160.463	8.23871
Gorai.006G122200.1.D	878	772.505	313.537	16.098
Gorai.006G122300.1.A	1137	1031.5	187.511	7.21008
Gorai.006G122300.1.D	1137	1031.5	221.489	8.5166
Gorai.006G122400.1.A	5838	5732.5	248.242	1.71758
Gorai.006G122400.1.D	5838	5732.5	519.758	3.59618
Gorai.006G122500.1.A	861	755.505	0	0
Gorai.006G122500.1.D	861	755.505	0	0
Gorai.006G122600.1.A	1058	952.505	678	28.2324
Gorai.006G122600.1.D	1058	952.505	411.133	17.1199
Gorai.006G122700.1.A	2001	1895.5	1360.77	28.4737
Gorai.006G122700.1.D	2001	1895.5	846.232	17.7072
Gorai.006G122800.1.A	1322	1216.5	0	0
Gorai.006G122800.1.D	1322	1216.5	15	0.48906
Gorai.006G122900.1.A	1244	1138.5	0	0
Gorai.006G122900.1.D	1244	1138.5	8.10882	0.282493
Gorai.006G123000.1.A	1444	1338.5	0	0
Gorai.006G123000.1.D	1444	1338.5	3	0.0888968
Gorai.006G123100.1.A	1699	1593.5	78.1379	1.94488
Gorai.006G123100.1.D	1699	1593.5	24.8621	0.618826
Gorai.006G123200.1.A	1909	1803.5	35	0.769725
Gorai.006G123200.1.D	1909	1803.5	14	0.30789
Gorai.006G123300.1.A	1952	1846.5	62.9514	1.3522
Gorai.006G123300.1.D	1952	1846.5	122.049	2.62161
Gorai.006G123400.1.A	1534	1428.5	47.6652	1.32344
Gorai.006G123400.1.D	1534	1428.5	181.335	5.03483
Gorai.006G123500.1.A	1074	968.505	656.059	26.8674
Gorai.006G123500.1.D	1074	968.505	562.941	23.054
Gorai.006G123600.1.A	1033	927.505	3.6	0.153947
Gorai.006G123600.1.D	1033	927.505	2.4	0.102631
Gorai.006G123700.1.A	2402	2296.5	1	0.017271
Gorai.006G123700.1.D	2402	2296.5	0	0
Gorai.006G123800.1.A	4555	4449.5	731.033	6.51643
Gorai.006G123800.1.D	4555	4449.5	1019.86	9.09102
Gorai.006G123900.1.A	2168	2062.5	74.5043	1.43275
Gorai.006G123900.1.D	2168	2062.5	44.4957	0.855672
Gorai.006G124000.1.A	1393	1287.5	75.8232	2.33581
Gorai.006G124000.1.D	1393	1287.5	112.177	3.45572
Gorai.006G124100.1.A	684	578.505	1	0.0685611
Gorai.006G124100.1.D	684	578.505	2	0.137122
Gorai.006G124200.1.A	2315	2209.5	329.147	5.90854
Gorai.006G124200.1.D	2315	2209.5	617.853	11.0911
Gorai.006G124300.1.A	2265	2159.5	1452.38	26.6754
Gorai.006G124300.1.D	2265	2159.5	1481.62	27.2124
Gorai.006G124400.1.A	3857	3751.5	576.355	6.09354
Gorai.006G124400.1.D	3857	3751.5	879.645	9.30008
Gorai.006G124500.1.A	1847	1741.5	30.2703	0.689408
Gorai.006G124500.1.D	1847	1741.5	9.72973	0.221596
Gorai.006G124600.1.A	2726	2620.5	393.046	5.94899
Gorai.006G124600.1.D	2726	2620.5	1138.95	17.2388
Gorai.006G124700.1.A	492	386.551	0	0
Gorai.006G124700.1.D	492	386.551	0	0
Gorai.006G124800.1.A	1669	1563.5	0	0
Gorai.006G124800.1.D	1669	1563.5	0	0
Gorai.006G124900.1.A	1666	1560.5	249.856	6.35051
Gorai.006G124900.1.D	1666	1560.5	46.1445	1.17284
Gorai.006G125000.1.A	1808	1702.5	0	0
Gorai.006G125000.1.D	1808	1702.5	0	0
Gorai.006G125100.1.A	1633	1527.5	227.352	5.90339
Gorai.006G125100.1.D	1633	1527.5	288.648	7.49499
Gorai.006G125200.1.A	1456	1350.5	335.993	9.86777
Gorai.006G125200.1.D	1456	1350.5	254.704	7.48041
Gorai.006G125300.1.A	948	842.505	1.07526e-06	5.06203e-08
Gorai.006G125300.1.D	948	842.505	42.5993	2.00547
Gorai.006G125400.1.A	2014	1908.5	8.28571	0.172195
Gorai.006G125400.1.D	2014	1908.5	20.7143	0.430489
Gorai.006G125500.1.A	6357	6251.5	183.803	1.16614
Gorai.006G125500.1.D	6357	6251.5	341.197	2.16474
Gorai.006G125600.1.A	1318	1212.5	1.25	0.0408895
Gorai.006G125600.1.D	1318	1212.5	3.75	0.122668
Gorai.006G125700.1.A	2809	2703.5	63.1761	0.926852
Gorai.006G125700.1.D	2809	2703.5	181.824	2.66753
Gorai.006G125800.1.A	1288	1182.5	1	0.0335415
Gorai.006G125800.1.D	1288	1182.5	8	0.268332
Gorai.006G125900.1.A	2595	2489.5	93.1654	1.48432
Gorai.006G125900.1.D	2595	2489.5	80.8346	1.28786
Gorai.006G126000.1.A	1602	1496.5	79.1538	2.09787
Gorai.006G126000.1.D	1602	1496.5	67.8462	1.79818
Gorai.006G126100.1.A	705	599.505	0	0
Gorai.006G126100.1.D	705	599.505	0	0
Gorai.006G126200.1.A	774	668.505	0	0
Gorai.006G126200.1.D	774	668.505	0	0
Gorai.006G126300.1.A	3165	3059.5	58.2254	0.754824
Gorai.006G126300.1.D	3165	3059.5	19.7746	0.256355
Gorai.006G126400.1.A	2731	2625.5	52.8	0.797638
Gorai.006G126400.1.D	2731	2625.5	46.2	0.697934
Gorai.006G126500.1.A	2134	2028.5	16.2857	0.318431
Gorai.006G126500.1.D	2134	2028.5	21.7143	0.424575
Gorai.006G126600.1.A	2886	2780.5	2.17778	0.0310652
Gorai.006G126600.1.D	2886	2780.5	193.822	2.76481
Gorai.006G126700.1.A	1543	1437.5	52.9492	1.46095
Gorai.006G126700.1.D	1543	1437.5	89.0508	2.45705
Gorai.006G126800.1.A	1569	1463.5	158.862	4.30537
Gorai.006G126800.1.D	1569	1463.5	59.1383	1.60273
Gorai.006G126900.1.A	2871	2765.5	13.8667	0.198876
Gorai.006G126900.1.D	2871	2765.5	50.1333	0.719014
Gorai.006G127000.1.A	1834	1728.5	74.3359	1.70574
Gorai.006G127000.1.D	1834	1728.5	98.6641	2.26398
Gorai.006G127100.1.A	2612	2506.5	389.972	6.17092
Gorai.006G127100.1.D	2612	2506.5	384.028	6.07686
Gorai.006G127200.1.A	2065	1959.5	0	0
Gorai.006G127200.1.D	2065	1959.5	2	0.0404826
Gorai.006G127300.1.A	543	437.551	2	0.181295
Gorai.006G127300.1.D	543	437.551	6	0.543885
Gorai.006G127400.1.A	1851	1745.5	55.8857	1.26989
Gorai.006G127400.1.D	1851	1745.5	270.114	6.13778
Gorai.006G127500.1.A	321	215.63	0	0
Gorai.006G127500.1.D	321	215.63	0	0
Gorai.006G127600.1.A	1996	1890.5	0	0
Gorai.006G127600.1.D	1996	1890.5	2	0.0419602
Gorai.006G127700.1.A	1032	926.505	0	0
Gorai.006G127700.1.D	1032	926.505	0	0
Gorai.006G127800.1.A	654	548.505	0	0
Gorai.006G127800.1.D	654	548.505	0	0
Gorai.006G127900.1.A	1791	1685.5	16	0.376509
Gorai.006G127900.1.D	1791	1685.5	48	1.12953
Gorai.006G128000.1.A	1412	1306.5	749.73	22.7603
Gorai.006G128000.1.D	1412	1306.5	1069.27	32.461
Gorai.006G128100.1.A	438	332.583	4.66667	0.556534
Gorai.006G128100.1.D	438	332.583	2.33333	0.278267
Gorai.006G128200.1.A	2507	2401.5	769.246	12.7048
Gorai.006G128200.1.D	2507	2401.5	1333.75	22.0281
Gorai.006G128300.1.A	1383	1277.5	19.5832	0.608003
Gorai.006G128300.1.D	1383	1277.5	19.5832	0.608003
Gorai.006G128400.1.A	1333	1227.5	10	0.323118
Gorai.006G128400.1.D	1333	1227.5	1	0.0323118
Gorai.006G128500.1.A	1574	1468.5	237.338	6.41027
Gorai.006G128500.1.D	1574	1468.5	145.662	3.9342
Gorai.006G128600.1.A	1106	1000.5	0	0
Gorai.006G128600.1.D	1106	1000.5	10	0.396429
Gorai.006G128700.1.A	2750	2644.5	190.843	2.86231
Gorai.006G128700.1.D	2750	2644.5	328.157	4.92178
Gorai.006G128800.1.A	1905	1799.5	1136.56	25.0509
Gorai.006G128800.1.D	1905	1799.5	860.444	18.9651
Gorai.006G128900.1.A	367	261.583	1.5	0.22744
Gorai.006G128900.1.D	367	261.583	1.5	0.22744
Gorai.006G129000.1.A	2511	2405.5	955.488	15.7545
Gorai.006G129000.1.D	2511	2405.5	640.361	10.5585
Gorai.006G129100.1.A	1234	1128.5	154.872	5.44319
Gorai.006G129100.1.D	1234	1128.5	600.128	21.0924
Gorai.006G129200.1.A	4495	4389.5	159.716	1.44317
Gorai.006G129200.1.D	4495	4389.5	296.284	2.67718
Gorai.006G129300.1.A	1388	1282.5	18.3061	0.566138
Gorai.006G129300.1.D	1388	1282.5	50.6939	1.56777
Gorai.006G129400.1.A	1716	1610.5	0	0
Gorai.006G129400.1.D	1716	1610.5	0	0
Gorai.006G129500.1.A	2076	1970.5	50.5312	1.01711
Gorai.006G129500.1.D	2076	1970.5	26.4688	0.532771
Gorai.006G129600.1.A	1976	1870.5	152.055	3.22423
Gorai.006G129600.1.D	1976	1870.5	49.9451	1.05906
Gorai.006G129700.1.A	1706	1600.5	857.333	21.246
Gorai.006G129700.1.D	1706	1600.5	806.667	19.9904
Gorai.006G129800.1.A	1860	1754.5	23.9412	0.541223
Gorai.006G129800.1.D	1860	1754.5	13.0588	0.295212
Gorai.006G129900.1.A	3119	3013.5	342.971	4.51409
Gorai.006G129900.1.D	3119	3013.5	197.041	2.5934
Gorai.006G130000.1.A	2408	2302.5	158.129	2.72394
Gorai.006G130000.1.D	2408	2302.5	155.871	2.68502
Gorai.006G130100.1.A	2003	1897.5	628.925	13.1462
Gorai.006G130100.1.D	2003	1897.5	667.075	13.9437
Gorai.006G130200.1.A	2363	2257.5	63.6632	1.11852
Gorai.006G130200.1.D	2363	2257.5	260.337	4.57395
Gorai.006G130300.1.A	640	534.505	0	0
Gorai.006G130300.1.D	640	534.505	4	0.29682
Gorai.006G130400.1.A	1304	1198.5	0	0
Gorai.006G130400.1.D	1304	1198.5	0	0
Gorai.006G130500.1.A	2251	2145.5	1208.61	22.343
Gorai.006G130500.1.D	2251	2145.5	1026.39	18.9744
Gorai.006G130600.1.A	1967	1861.5	895.573	19.0819
Gorai.006G130600.1.D	1967	1861.5	479.427	10.2151
Gorai.006G130700.1.A	2148	2042.5	4149.96	80.5872
Gorai.006G130700.1.D	2148	2042.5	1379.04	26.7792
Gorai.006G130800.1.A	564	458.551	3608.42	312.114
Gorai.006G130800.1.D	564	458.551	92.5843	8.00819
Gorai.006G130900.1.A	2696	2590.5	40	0.612436
Gorai.006G130900.1.D	2696	2590.5	10	0.153109
Gorai.006G131000.1.A	871	765.505	0	0
Gorai.006G131000.1.D	871	765.505	58	3.00514
Gorai.006G131100.1.A	567	461.551	27	2.32022
Gorai.006G131100.1.D	567	461.551	0	0
Gorai.006G131200.1.A	1215	1109.5	10	0.357483
Gorai.006G131200.1.D	1215	1109.5	0	0
Gorai.006G131300.1.A	2407	2301.5	2	0.034467
Gorai.006G131300.1.D	2407	2301.5	5	0.0861674
Gorai.006G131400.1.A	1810	1704.5	363.508	8.45865
Gorai.006G131400.1.D	1810	1704.5	345.492	8.03941
Gorai.006G131500.1.A	945	839.505	15.7895	0.745984
Gorai.006G131500.1.D	945	839.505	4.21053	0.198929
Gorai.006G131600.1.A	2734	2628.5	8.44444	0.127423
Gorai.006G131600.1.D	2734	2628.5	10.5556	0.159279
Gorai.006G131700.1.A	2122	2016.5	224.504	4.4158
Gorai.006G131700.1.D	2122	2016.5	263.496	5.18275
Gorai.006G131800.1.A	3703	3597.5	2241.41	24.7119
Gorai.006G131800.1.D	3703	3597.5	1139.59	12.5641
Gorai.006G131900.1.A	874	768.505	434.714	22.4358
Gorai.006G131900.1.D	874	768.505	526.286	27.1619
Gorai.006G132000.1.A	1026	920.505	0	0
Gorai.006G132000.1.D	1026	920.505	0	0
Gorai.006G132100.1.A	603	497.551	0	0
Gorai.006G132100.1.D	603	497.551	0	0
Gorai.006G132200.1.A	1498	1392.5	191.574	5.45662
Gorai.006G132200.1.D	1498	1392.5	63.4264	1.80658
Gorai.006G132300.1.A	1929	1823.5	175.043	3.80736
Gorai.006G132300.1.D	1929	1823.5	68.9565	1.49987
Gorai.006G132400.1.A	5682	5576.5	184.492	1.3122
Gorai.006G132400.1.D	5682	5576.5	64.5078	0.458812
Gorai.006G132500.1.A	1087	981.505	118.924	4.80577
Gorai.006G132500.1.D	1087	981.505	48.0758	1.94276
Gorai.006G132600.1.A	1337	1231.5	147.517	4.75107
Gorai.006G132600.1.D	1337	1231.5	162.483	5.23307
Gorai.006G132700.1.A	1791	1685.5	247.564	5.82563
Gorai.006G132700.1.D	1791	1685.5	152.436	3.58708
Gorai.006G132800.1.A	2108	2002.5	498.451	9.87266
Gorai.006G132800.1.D	2108	2002.5	610.549	12.0929
Gorai.006G132900.1.A	1194	1088.5	1233.13	44.9329
Gorai.006G132900.1.D	1194	1088.5	1594.87	58.1138
Gorai.006G133000.1.A	382	276.583	0	0
Gorai.006G133000.1.D	382	276.583	0	0
Gorai.006G133100.1.A	440	334.583	11.4667	1.35931
Gorai.006G133100.1.D	440	334.583	74.5333	8.83551
Gorai.006G133200.1.A	1446	1340.5	382.887	11.3289
Gorai.006G133200.1.D	1446	1340.5	420.113	12.4303
Gorai.006G133300.1.A	1012	906.505	163.919	7.17208
Gorai.006G133300.1.D	1012	906.505	263.081	11.5108
Gorai.006G133400.1.A	1600	1494.5	371.379	9.8561
Gorai.006G133400.1.D	1600	1494.5	503.621	13.3657
Gorai.006G133500.1.A	523	417.551	0	0
Gorai.006G133500.1.D	523	417.551	1	0.0949894
Gorai.006G133600.1.A	1583	1477.5	0	0
Gorai.006G133600.1.D	1583	1477.5	0	0
Gorai.006G133700.1.A	1159	1053.5	390.208	14.6908
Gorai.006G133700.1.D	1159	1053.5	929.792	35.0053
Gorai.006G133800.1.A	1326	1220.5	678.092	22.0361
Gorai.006G133800.1.D	1326	1220.5	464.908	15.1082
Gorai.006G133900.1.A	498	392.551	0	0
Gorai.006G133900.1.D	498	392.551	0	0
Gorai.006G134000.1.A	4644	4538.5	90.0465	0.786935
Gorai.006G134000.1.D	4644	4538.5	41.9535	0.36664
Gorai.006G134100.1.A	2196	2090.5	148.876	2.82461
Gorai.006G134100.1.D	2196	2090.5	348.124	6.60492
Gorai.006G134200.1.A	2567	2461.5	12.1622	0.195972
Gorai.006G134200.1.D	2567	2461.5	77.8378	1.25422
Gorai.006G134300.1.A	1799	1693.5	744.635	17.4398
Gorai.006G134300.1.D	1799	1693.5	899.365	21.0637
Gorai.006G134400.1.A	1537	1431.5	79.292	2.19696
Gorai.006G134400.1.D	1537	1431.5	73.708	2.04224
Gorai.006G134500.1.A	1799	1693.5	0	0
Gorai.006G134500.1.D	1799	1693.5	4	0.0936825
Gorai.006G134600.1.A	1330	1224.5	33	1.0689
Gorai.006G134600.1.D	1330	1224.5	35	1.13369
Gorai.006G134700.1.A	1379	1273.5	12	0.373737
Gorai.006G134700.1.D	1379	1273.5	0	0
Gorai.006G134800.1.A	2548	2442.5	1	0.0162386
Gorai.006G134800.1.D	2548	2442.5	3	0.0487159
Gorai.006G134900.1.A	909	803.505	33.5	1.65364
Gorai.006G134900.1.D	909	803.505	33.5	1.65364
Gorai.006G135000.1.A	5146	5040.5	198.058	1.55849
Gorai.006G135000.1.D	5146	5040.5	250.942	1.97463
Gorai.006G135100.1.A	991	885.505	0	0
Gorai.006G135100.1.D	991	885.505	4	0.179165
Gorai.006G135200.1.A	378	272.583	42.219	6.14318
Gorai.006G135200.1.D	378	272.583	0	0
Gorai.006G135300.1.A	1147	1041.5	1.00595	0.038309
Gorai.006G135300.1.D	1147	1041.5	336.994	12.8335
Gorai.006G135400.1.A	600	494.551	7.84615	0.62926
Gorai.006G135400.1.D	600	494.551	43.1538	3.46093
Gorai.006G135500.1.A	5436	5330.5	621.746	4.62626
Gorai.006G135500.1.D	5436	5330.5	1001.25	7.45008
Gorai.006G135600.1.A	1745	1639.5	0	0
Gorai.006G135600.1.D	1745	1639.5	2	0.0483841
Gorai.006G135700.1.A	2385	2279.5	1453.3	25.2871
Gorai.006G135700.1.D	2385	2279.5	1807.7	31.4537
Gorai.006G135800.1.A	1159	1053.5	169.371	6.37659
Gorai.006G135800.1.D	1159	1053.5	103.629	3.90147
Gorai.006G135900.1.A	1446	1340.5	2183.86	64.6162
Gorai.006G135900.1.D	1446	1340.5	577.139	17.0764
Gorai.006G136000.1.A	3828	3722.5	166.8	1.77724
Gorai.006G136000.1.D	3828	3722.5	111.2	1.18483
Gorai.006G136100.1.A	1526	1420.5	418.705	11.691
Gorai.006G136100.1.D	1526	1420.5	564.295	15.7561
Gorai.006G136200.1.A	2156	2050.5	1	0.019343
Gorai.006G136200.1.D	2156	2050.5	0	0
Gorai.006G136300.1.A	1507	1401.5	10.4407	0.295474
Gorai.006G136300.1.D	1507	1401.5	77.5593	2.19495
Gorai.006G136400.1.A	1323	1217.5	455.238	14.8304
Gorai.006G136400.1.D	1323	1217.5	660.762	21.5258
Gorai.006G136500.1.A	4569	4463.5	156.252	1.38846
Gorai.006G136500.1.D	4569	4463.5	11.7483	0.104396
Gorai.006G136600.1.A	2845	2739.5	1053.86	15.258
Gorai.006G136600.1.D	2845	2739.5	2847.77	41.2304
Gorai.006G136700.1.A	2211	2105.5	964.143	18.1623
Gorai.006G136700.1.D	2211	2105.5	1961.23	36.9451
Gorai.006G136800.1.A	390	284.583	4	0.557488
Gorai.006G136800.1.D	390	284.583	0	0
Gorai.006G136900.1.A	538	432.551	0	0
Gorai.006G136900.1.D	538	432.551	1	0.0916953
Gorai.006G137000.1.A	1481	1375.5	39.4444	1.13739
Gorai.006G137000.1.D	1481	1375.5	31.5556	0.90991
Gorai.006G137100.1.A	3474	3368.5	12.7273	0.149859
Gorai.006G137100.1.D	3474	3368.5	43.2727	0.509521
Gorai.006G137200.1.A	749	643.505	682.985	42.0964
Gorai.006G137200.1.D	749	643.505	461.015	28.415
Gorai.006G137300.1.A	571	465.551	0	0
Gorai.006G137300.1.D	571	465.551	0	0
Gorai.006G137400.1.A	1626	1520.5	235.976	6.15551
Gorai.006G137400.1.D	1626	1520.5	168.024	4.38298
Gorai.006G137500.1.A	999	893.505	1	0.0443903
Gorai.006G137500.1.D	999	893.505	0	0
Gorai.006G137600.1.A	2027	1921.5	380.554	7.85524
Gorai.006G137600.1.D	2027	1921.5	633.446	13.0753
Gorai.006G137700.1.A	2225	2119.5	67.5714	1.26448
Gorai.006G137700.1.D	2225	2119.5	97.4286	1.82321
Gorai.006G137800.1.A	2566	2460.5	1.156	0.0186345
Gorai.006G137800.1.D	2566	2460.5	287.844	4.64
Gorai.006G137900.1.A	2082	1976.5	465.697	9.34524
Gorai.006G137900.1.D	2082	1976.5	438.303	8.79552
Gorai.006G138000.1.A	3128	3022.5	771.03	10.1179
Gorai.006G138000.1.D	3128	3022.5	351.97	4.61874
Gorai.006G138100.1.A	2952	2846.5	609.256	8.48931
Gorai.006G138100.1.D	2952	2846.5	675.744	9.41576
Gorai.006G138200.1.A	2600	2494.5	291.971	4.64238
Gorai.006G138200.1.D	2600	2494.5	470.029	7.47352
Gorai.006G138300.1.A	2594	2488.5	243.989	3.88881
Gorai.006G138300.1.D	2594	2488.5	279.011	4.44701
Gorai.006G138400.1.A	2761	2655.5	65.561	0.979227
Gorai.006G138400.1.D	2761	2655.5	30.439	0.454641
Gorai.006G138500.1.A	676	570.505	5.52559	0.384153
Gorai.006G138500.1.D	676	570.505	0.0006921	4.81166e-05
Gorai.006G138600.1.A	1904	1798.5	754.821	16.6463
Gorai.006G138600.1.D	1904	1798.5	778.179	17.1614
Gorai.006G138700.1.A	1638	1532.5	17	0.439979
Gorai.006G138700.1.D	1638	1532.5	0	0
Gorai.006G138800.1.A	204	100.177	9	3.56336
Gorai.006G138800.1.D	204	100.177	9	3.56336
Gorai.006G138900.1.A	201	97.3325	36436.5	14847.8
Gorai.006G138900.1.D	201	97.3325	36436.5	14847.8
Gorai.006G139000.1.A	3351	3245.5	9767.52	119.368
Gorai.006G139000.1.D	3351	3245.5	12502.5	152.791
Gorai.006G139100.1.A	1208	1102.5	992.062	35.6897
Gorai.006G139100.1.D	1208	1102.5	1517.94	54.6083
Gorai.006G139200.1.A	3329	3223.5	371.549	4.57165
Gorai.006G139200.1.D	3329	3223.5	82.4506	1.0145
Gorai.006G139300.1.A	1531	1425.5	0	0
Gorai.006G139300.1.D	1531	1425.5	0	0
Gorai.006G139400.1.A	3040	2934.5	2005.02	27.0999
Gorai.006G139400.1.D	3040	2934.5	1862.98	25.1802
Gorai.006G139500.1.A	2661	2555.5	4.66667	0.0724294
Gorai.006G139500.1.D	2661	2555.5	9.33333	0.144859
Gorai.006G139600.1.A	2358	2252.5	0	0
Gorai.006G139600.1.D	2358	2252.5	0	0
Gorai.006G139700.1.A	1691	1585.5	942.237	23.571
Gorai.006G139700.1.D	1691	1585.5	704.763	17.6303
Gorai.006G139800.1.A	783	677.505	30	1.75628
Gorai.006G139800.1.D	783	677.505	36	2.10754
Gorai.006G139900.1.A	738	632.505	69.8367	4.3793
Gorai.006G139900.1.D	738	632.505	48.1633	3.02021
Gorai.006G140000.1.A	1180	1074.5	389.219	14.3672
Gorai.006G140000.1.D	1180	1074.5	303.781	11.2134
Gorai.006G140100.1.A	1679	1573.5	38	0.957857
Gorai.006G140100.1.D	1679	1573.5	88	2.21819
Gorai.006G140200.1.A	1546	1440.5	10.5882	0.291537
Gorai.006G140200.1.D	1546	1440.5	7.41176	0.204076
Gorai.006G140300.1.A	1255	1149.5	13.4146	0.462864
Gorai.006G140300.1.D	1255	1149.5	36.5854	1.26236
Gorai.006G140400.1.A	1555	1449.5	0	0
Gorai.006G140400.1.D	1555	1449.5	0	0
Gorai.006G140500.1.A	1468	1362.5	1	0.0291103
Gorai.006G140500.1.D	1468	1362.5	0	0
Gorai.006G140600.1.A	1729	1623.5	0	0
Gorai.006G140600.1.D	1729	1623.5	0	0
Gorai.006G140700.1.A	2250	2144.5	0	0
Gorai.006G140700.1.D	2250	2144.5	0	0
Gorai.006G140800.1.A	1354	1248.5	985.5	31.3077
Gorai.006G140800.1.D	1354	1248.5	985.5	31.3077
Gorai.006G140900.1.A	2859	2753.5	4.2	0.060499
Gorai.006G140900.1.D	2859	2753.5	9.8	0.141164
Gorai.006G141000.1.A	1938	1832.5	3	0.0649323
Gorai.006G141000.1.D	1938	1832.5	2	0.0432882
Gorai.006G141100.1.A	273	167.834	0	0
Gorai.006G141100.1.D	273	167.834	0	0
Gorai.006G141200.1.A	4110	4004.5	2417.69	23.9462
Gorai.006G141200.1.D	4110	4004.5	1721.31	17.0489
Gorai.006G141300.1.A	1827	1721.5	5.29725	0.122047
Gorai.006G141300.1.D	1827	1721.5	2.17929	0.0502102
Gorai.006G141400.1.A	2505	2399.5	236.491	3.9091
Gorai.006G141400.1.D	2505	2399.5	221.509	3.66147
Gorai.006G141500.1.A	1169	1063.5	609.963	22.7483
Gorai.006G141500.1.D	1169	1063.5	703.239	26.227
Gorai.006G141600.1.A	576	470.551	11.8759	1.00102
Gorai.006G141600.1.D	576	470.551	34.8697	2.93918
Gorai.006G141700.1.A	2270	2164.5	461.074	8.44884
Gorai.006G141700.1.D	2270	2164.5	482.926	8.84926
Gorai.006G141800.1.A	2154	2048.5	0	0
Gorai.006G141800.1.D	2154	2048.5	2	0.0387238
Gorai.006G141900.1.A	950	844.505	20.2315	0.95019
Gorai.006G141900.1.D	950	844.505	94.7685	4.45089
Gorai.006G142000.1.A	1254	1148.5	0	0
Gorai.006G142000.1.D	1254	1148.5	1	0.0345344
Gorai.006G142100.1.A	889	783.505	0	0
Gorai.006G142100.1.D	889	783.505	0	0
Gorai.006G142200.1.A	774	668.505	0	0
Gorai.006G142200.1.D	774	668.505	0	0
Gorai.006G142300.1.A	2619	2513.5	163.046	2.57285
Gorai.006G142300.1.D	2619	2513.5	133.434	2.10559
Gorai.006G142400.1.A	2525	2419.5	192.752	3.15978
Gorai.006G142400.1.D	2525	2419.5	157.768	2.58629
Gorai.006G142500.1.A	850	744.505	0	0
Gorai.006G142500.1.D	850	744.505	0	0
Gorai.006G142600.1.A	1485	1379.5	5.53846	0.15924
Gorai.006G142600.1.D	1485	1379.5	66.4615	1.91087
Gorai.006G142700.1.A	375	269.583	0.5	0.0735635
Gorai.006G142700.1.D	375	269.583	0.5	0.0735635
Gorai.006G142800.1.A	1396	1290.5	210.5	6.4696
Gorai.006G142800.1.D	1396	1290.5	210.5	6.4696
Gorai.006G142900.1.A	1351	1245.5	125.105	3.98395
Gorai.006G142900.1.D	1351	1245.5	78.895	2.5124
Gorai.006G143000.1.A	1296	1190.5	209.327	6.97396
Gorai.006G143000.1.D	1296	1190.5	173.673	5.78609
Gorai.006G143100.1.A	1487	1381.5	338.596	9.72106
Gorai.006G143100.1.D	1487	1381.5	665.404	19.1037
Gorai.006G143200.1.A	2158	2052.5	0	0
Gorai.006G143200.1.D	2158	2052.5	1	0.0193242
Gorai.006G143300.1.A	585	479.551	0	0
Gorai.006G143300.1.D	585	479.551	0	0
Gorai.006G143400.1.A	1374	1268.5	10.1818	0.31836
Gorai.006G143400.1.D	1374	1268.5	3.81818	0.119385
Gorai.006G143500.1.A	1846	1740.5	154.645	3.52407
Gorai.006G143500.1.D	1846	1740.5	167.355	3.81372
Gorai.006G143600.1.A	1845	1739.5	54.5211	1.24315
Gorai.006G143600.1.D	1845	1739.5	24.4789	0.55815
Gorai.006G143700.1.A	3636	3530.5	76.7795	0.862568
Gorai.006G143700.1.D	3636	3530.5	120.221	1.3506
Gorai.006G143800.1.A	1066	960.505	1829.55	75.5491
Gorai.006G143800.1.D	1066	960.505	1280.45	52.8748
Gorai.006G143900.1.A	3655	3549.5	423.748	4.73505
Gorai.006G143900.1.D	3655	3549.5	444.252	4.96417
Gorai.006G144000.1.A	429	323.583	0	0
Gorai.006G144000.1.D	429	323.583	0	0
Gorai.006G144100.1.A	1717	1611.5	265.294	6.52952
Gorai.006G144100.1.D	1717	1611.5	144.706	3.56155
Gorai.006G144200.1.A	859	753.505	1591.5	83.7733
Gorai.006G144200.1.D	859	753.505	2135.5	112.408
Gorai.006G144300.1.A	922	816.505	1356.29	65.8838
Gorai.006G144300.1.D	922	816.505	1779.71	86.4521
Gorai.006G144400.1.A	796	690.505	0	0
Gorai.006G144400.1.D	796	690.505	0	0
Gorai.006G144500.1.A	3201	3095.5	507.159	6.49826
Gorai.006G144500.1.D	3201	3095.5	428.243	5.48711
Gorai.006G144600.1.A	2017	1911.5	610.514	12.6679
Gorai.006G144600.1.D	2017	1911.5	513.486	10.6546
Gorai.006G144700.1.A	1972	1866.5	12.9231	0.274613
Gorai.006G144700.1.D	1972	1866.5	1.07692	0.0228845
Gorai.006G144800.1.A	1681	1575.5	57	1.43496
Gorai.006G144800.1.D	1681	1575.5	57	1.43496
Gorai.006G144900.1.A	1832	1726.5	1278.63	29.3739
Gorai.006G144900.1.D	1832	1726.5	672.371	15.4463
Gorai.006G145000.1.A	1457	1351.5	1117.23	32.7876
Gorai.006G145000.1.D	1457	1351.5	1004.77	29.4873
Gorai.006G145100.1.A	5997	5891.5	133.549	0.899081
Gorai.006G145100.1.D	5997	5891.5	234.593	1.57933
Gorai.006G145200.1.A	1142	1036.5	8	0.306128
Gorai.006G145200.1.D	1142	1036.5	2	0.0765321
Gorai.006G145300.1.A	4966	4860.5	415.45	3.39018
Gorai.006G145300.1.D	4966	4860.5	654.55	5.34129
Gorai.006G145400.1.A	701	595.505	0	0
Gorai.006G145400.1.D	701	595.505	4	0.266416
Gorai.006G145500.1.A	2187	2081.5	6.26374	0.119355
Gorai.006G145500.1.D	2187	2081.5	107.736	2.05291
Gorai.006G145600.1.A	3360	3254.5	1674.43	20.4065
Gorai.006G145600.1.D	3360	3254.5	497.597	6.06426
Gorai.006G145700.1.A	3244	3138.5	1460.08	18.4518
Gorai.006G145700.1.D	3244	3138.5	1909.89	24.1363
Gorai.006G145800.1.A	1898	1792.5	69.6585	1.54134
Gorai.006G145800.1.D	1898	1792.5	32.3415	0.715623
Gorai.006G145900.1.A	810	704.505	74.6384	4.20207
Gorai.006G145900.1.D	810	704.505	22.2741	1.25401
Gorai.006G146000.1.A	918	812.505	816.399	39.8531
Gorai.006G146000.1.D	918	812.505	1548.6	75.5959
Gorai.006G146100.1.A	1090	984.505	4.66328	0.187871
Gorai.006G146100.1.D	1090	984.505	8.8149	0.355128
Gorai.006G146200.1.A	1685	1579.5	619.124	15.5468
Gorai.006G146200.1.D	1685	1579.5	871.876	21.8937
Gorai.006G146300.1.A	1372	1266.5	0	0
Gorai.006G146300.1.D	1372	1266.5	0	0
Gorai.006G146400.1.A	1255	1149.5	1.125	0.0388174
Gorai.006G146400.1.D	1255	1149.5	34.875	1.20334
Gorai.006G146500.1.A	1744	1638.5	0	0
Gorai.006G146500.1.D	1744	1638.5	6	0.145241
Gorai.006G146600.1.A	867	761.505	0	0
Gorai.006G146600.1.D	867	761.505	0	0
Gorai.006G146700.1.A	996	890.505	1	0.0445398
Gorai.006G146700.1.D	996	890.505	1	0.0445398
Gorai.006G146800.1.A	1728	1622.5	219.525	5.36639
Gorai.006G146800.1.D	1728	1622.5	178.475	4.36292
Gorai.006G146900.1.A	2438	2332.5	809.313	13.7619
Gorai.006G146900.1.D	2438	2332.5	357.687	6.08227
Gorai.006G147000.1.A	2996	2890.5	1	0.0137218
Gorai.006G147000.1.D	2996	2890.5	1	0.0137218
Gorai.006G147100.1.A	861	755.505	0	0
Gorai.006G147100.1.D	861	755.505	0	0
Gorai.006G147200.1.A	327	221.63	0	0
Gorai.006G147200.1.D	327	221.63	0	0
Gorai.006G147300.1.A	1698	1592.5	81.4286	2.02806
Gorai.006G147300.1.D	1698	1592.5	8.57143	0.21348
Gorai.006G147400.1.A	2060	1954.5	112.798	2.28902
Gorai.006G147400.1.D	2060	1954.5	101.202	2.0537
Gorai.006G147500.1.A	2529	2423.5	5700.93	93.3012
Gorai.006G147500.1.D	2529	2423.5	2803.07	45.8748
Gorai.006G147600.1.A	2091	1985.5	0	0
Gorai.006G147600.1.D	2091	1985.5	8	0.15981
Gorai.006G147700.1.A	2616	2510.5	1060.35	16.7522
Gorai.006G147700.1.D	2616	2510.5	303.651	4.79732
Gorai.006G147800.1.A	1068	962.505	10.8333	0.446421
Gorai.006G147800.1.D	1068	962.505	2.16667	0.0892841
Gorai.006G147900.1.A	3367	3261.5	110.368	1.34217
Gorai.006G147900.1.D	3367	3261.5	126.632	1.53997
Gorai.006G148000.1.A	2817	2711.5	265.671	3.88614
Gorai.006G148000.1.D	2817	2711.5	163.322	2.38902
Gorai.006G148100.1.A	729	623.505	139.615	8.88134
Gorai.006G148100.1.D	729	623.505	100.385	6.38576
Gorai.006G148200.1.A	709	603.505	48	3.15461
Gorai.006G148200.1.D	709	603.505	0	0
Gorai.006G148300.1.A	510	404.551	7	0.686293
Gorai.006G148300.1.D	510	404.551	0	0
Gorai.006G148400.1.A	914	808.505	0	0
Gorai.006G148400.1.D	914	808.505	0	0
Gorai.006G148500.1.A	1254	1148.5	108.091	3.73286
Gorai.006G148500.1.D	1254	1148.5	123.909	4.27913
Gorai.006G148600.1.A	1932	1826.5	3022.96	65.6442
Gorai.006G148600.1.D	1932	1826.5	1172.04	25.4511
Gorai.006G148700.1.A	1497	1391.5	66	1.88124
Gorai.006G148700.1.D	1497	1391.5	0	0
Gorai.006G148800.1.A	834	728.505	0	0
Gorai.006G148800.1.D	834	728.505	0	0
Gorai.006G148900.1.A	1832	1726.5	0	0
Gorai.006G148900.1.D	1832	1726.5	0	0
Gorai.006G149000.1.A	1233	1127.5	24	0.844263
Gorai.006G149000.1.D	1233	1127.5	0	0
Gorai.006G149100.1.A	2927	2821.5	411.715	5.78764
Gorai.006G149100.1.D	2927	2821.5	641.285	9.01478
Gorai.006G149200.1.A	1758	1652.5	36.3158	0.871641
Gorai.006G149200.1.D	1758	1652.5	9.68421	0.232438
Gorai.006G149300.1.A	1293	1187.5	3478.52	116.183
Gorai.006G149300.1.D	1293	1187.5	1352.48	45.1731
Gorai.006G149400.1.A	1430	1324.5	123.367	3.6943
Gorai.006G149400.1.D	1430	1324.5	6.63265	0.198618
Gorai.006G149500.1.A	3225	3119.5	504.613	6.4159
Gorai.006G149500.1.D	3225	3119.5	1151.39	14.6393
Gorai.006G149600.1.A	3353	3247.5	33.8148	0.412992
Gorai.006G149600.1.D	3353	3247.5	49.1852	0.600716
Gorai.006G149700.1.A	1604	1498.5	5.32775	0.141017
Gorai.006G149700.1.D	1604	1498.5	10.928	0.289246
Gorai.006G149800.1.A	2176	2070.5	450.422	8.62837
Gorai.006G149800.1.D	2176	2070.5	484.578	9.28265
Gorai.006G149900.1.A	2322	2216.5	2046.02	36.6123
Gorai.006G149900.1.D	2322	2216.5	530.978	9.50152
Gorai.006G150000.1.A	1110	1004.5	0	0
Gorai.006G150000.1.D	1110	1004.5	0	0
Gorai.006G150100.1.A	979	873.505	160.986	7.30984
Gorai.006G150100.1.D	979	873.505	618.014	28.062
Gorai.006G150200.1.A	669	563.505	5.26316	0.370454
Gorai.006G150200.1.D	669	563.505	14.7368	1.03727
Gorai.006G150300.1.A	910	804.505	14	0.690215
Gorai.006G150300.1.D	910	804.505	16	0.788817
Gorai.006G150400.1.A	3231	3125.5	4.66667	0.0592204
Gorai.006G150400.1.D	3231	3125.5	2.33333	0.0296102
Gorai.006G150500.1.A	2966	2860.5	689.233	9.55671
Gorai.006G150500.1.D	2966	2860.5	813.767	11.2835
Gorai.006G150600.1.A	2329	2223.5	23773.7	424.076
Gorai.006G150600.1.D	2329	2223.5	9999.29	178.368
Gorai.006G150700.1.A	865	759.505	0	0
Gorai.006G150700.1.D	865	759.505	0	0
Gorai.006G150800.1.A	1161	1055.5	65	2.44252
Gorai.006G150800.1.D	1161	1055.5	0	0
Gorai.006G150900.1.A	1264	1158.5	1.08235	0.0370558
Gorai.006G150900.1.D	1264	1158.5	274.918	9.41217
Gorai.006G151000.1.A	203	99.2232	1	0.399735
Gorai.006G151000.1.D	203	99.2232	0	0
Gorai.006G151100.1.A	2309	2203.5	612.895	11.0321
Gorai.006G151100.1.D	2309	2203.5	1702.1	30.6378
Gorai.006G151200.1.A	1055	949.505	74	3.09115
Gorai.006G151200.1.D	1055	949.505	0	0
Gorai.006G151300.1.A	342	236.63	0	0
Gorai.006G151300.1.D	342	236.63	0	0
Gorai.006G151400.1.A	1541	1435.5	361	9.97442
Gorai.006G151400.1.D	1541	1435.5	0	0
Gorai.006G151500.1.A	1165	1059.5	0	0
Gorai.006G151500.1.D	1165	1059.5	0	0
Gorai.006G151600.1.A	1279	1173.5	113	3.81925
Gorai.006G151600.1.D	1279	1173.5	0	0
Gorai.006G151700.1.A	762	656.505	18.3551	1.10893
Gorai.006G151700.1.D	762	656.505	0	0
Gorai.006G151800.1.A	231	126.463	0	0
Gorai.006G151800.1.D	231	126.463	0	0
Gorai.006G151900.1.A	1213	1107.5	0	0
Gorai.006G151900.1.D	1213	1107.5	0	0
Gorai.006G152000.1.A	1150	1044.5	0	0
Gorai.006G152000.1.D	1150	1044.5	0	0
Gorai.006G152100.1.A	825	719.505	0	0
Gorai.006G152100.1.D	825	719.505	0	0
Gorai.006G152200.1.A	1029	923.505	0	0
Gorai.006G152200.1.D	1029	923.505	0	0
Gorai.006G152300.1.A	1371	1265.5	0	0
Gorai.006G152300.1.D	1371	1265.5	14	0.438782
Gorai.006G152400.1.A	1807	1701.5	0	0
Gorai.006G152400.1.D	1807	1701.5	6	0.139863
Gorai.006G152500.1.A	1289	1183.5	33.5052	1.12286
Gorai.006G152500.1.D	1289	1183.5	40.9508	1.37239
Gorai.006G152600.1.A	1254	1148.5	0	0
Gorai.006G152600.1.D	1254	1148.5	0	0
Gorai.006G152700.1.A	1109	1003.5	24.0732	0.951478
Gorai.006G152700.1.D	1109	1003.5	69.9268	2.76382
Gorai.006G152800.1.A	2281	2175.5	458.369	8.3568
Gorai.006G152800.1.D	2281	2175.5	358.631	6.53842
Gorai.006G152900.1.A	770	664.505	640.655	38.2394
Gorai.006G152900.1.D	770	664.505	607.345	36.2512
Gorai.006G153000.1.A	2634	2528.5	1194.55	18.7381
Gorai.006G153000.1.D	2634	2528.5	686.447	10.7678
Gorai.006G153100.1.A	1149	1043.5	74.6053	2.8357
Gorai.006G153100.1.D	1149	1043.5	15.3947	0.585144
Gorai.006G153200.1.A	920	814.505	874.069	42.5635
Gorai.006G153200.1.D	920	814.505	2022.93	98.5082
Gorai.006G153300.1.A	760	654.505	437.228	26.496
Gorai.006G153300.1.D	760	654.505	713.606	43.2445
Gorai.006G153400.1.A	1160	1054.5	0	0
Gorai.006G153400.1.D	1160	1054.5	0	0
Gorai.006G153500.1.A	1173	1067.5	0	0
Gorai.006G153500.1.D	1173	1067.5	0	0
Gorai.006G153600.1.A	773	667.505	503.116	29.895
Gorai.006G153600.1.D	773	667.505	83.0501	4.93482
Gorai.006G153700.1.A	2022	1916.5	3	0.0620864
Gorai.006G153700.1.D	2022	1916.5	11	0.22765
Gorai.006G153800.1.A	1497	1391.5	0	0
Gorai.006G153800.1.D	1497	1391.5	0	0
Gorai.006G153900.1.A	3648	3542.5	5	0.0559815
Gorai.006G153900.1.D	3648	3542.5	10	0.111963
Gorai.006G154000.1.A	801	695.505	0	0
Gorai.006G154000.1.D	801	695.505	2.22652	0.126973
Gorai.006G154100.1.A	1806	1700.5	0	0
Gorai.006G154100.1.D	1806	1700.5	0	0
Gorai.006G154200.1.A	1864	1758.5	357.397	8.06107
Gorai.006G154200.1.D	1864	1758.5	125.603	2.83296
Gorai.006G154300.1.A	614	508.505	3	0.233998
Gorai.006G154300.1.D	614	508.505	0	0
Gorai.006G154400.1.A	830	724.505	943.791	51.6677
Gorai.006G154400.1.D	830	724.505	484.152	26.5049
Gorai.006G154500.1.A	308	202.687	1	0.195685
Gorai.006G154500.1.D	308	202.687	0	0
Gorai.006G154600.1.A	2447	2341.5	3085	52.2571
Gorai.006G154600.1.D	2447	2341.5	3500	59.2867
Gorai.006G154700.1.A	714	608.505	0	0
Gorai.006G154700.1.D	714	608.505	0	0
Gorai.006G154800.1.A	2859	2753.5	34.2973	0.494036
Gorai.006G154800.1.D	2859	2753.5	12.7027	0.182976
Gorai.006G154900.1.A	1173	1067.5	2.18182	0.0810651
Gorai.006G154900.1.D	1173	1067.5	9.81818	0.364793
Gorai.006G155000.1.A	1631	1525.5	0	0
Gorai.006G155000.1.D	1631	1525.5	2	0.0519998
Gorai.006G155100.1.A	890	784.505	3	0.151674
Gorai.006G155100.1.D	890	784.505	1	0.0505579
Gorai.006G155200.1.A	880	774.505	800.42	40.9901
Gorai.006G155200.1.D	880	774.505	478.58	24.5084
Gorai.006G155300.1.A	1960	1854.5	228.027	4.87689
Gorai.006G155300.1.D	1960	1854.5	141.803	3.0328
Gorai.006G155400.1.A	1075	969.505	14	0.572747
Gorai.006G155400.1.D	1075	969.505	24	0.981853
Gorai.006G155500.1.A	396	290.583	0	0
Gorai.006G155500.1.D	396	290.583	0	0
Gorai.006G155600.1.A	2431	2325.5	20.0556	0.34206
Gorai.006G155600.1.D	2431	2325.5	17.9444	0.306054
Gorai.006G155700.1.A	1525	1419.5	41.2632	1.15295
Gorai.006G155700.1.D	1525	1419.5	7.73684	0.216178
Gorai.006G155800.1.A	687	581.505	0	0
Gorai.006G155800.1.D	687	581.505	0	0
Gorai.006G155900.1.A	543	437.551	0	0
Gorai.006G155900.1.D	543	437.551	0	0
Gorai.006G156000.1.A	1399	1293.5	1	0.0306632
Gorai.006G156000.1.D	1399	1293.5	2	0.0613263
Gorai.006G156100.1.A	1648	1542.5	7	0.179993
Gorai.006G156100.1.D	1648	1542.5	0	0
Gorai.006G156200.1.A	1323	1217.5	16.4	0.534267
Gorai.006G156200.1.D	1323	1217.5	24.6	0.8014
Gorai.006G156300.1.A	1573	1467.5	125.621	3.39522
Gorai.006G156300.1.D	1573	1467.5	217.379	5.8752
Gorai.006G156400.1.A	1581	1475.5	955.785	25.6924
Gorai.006G156400.1.D	1581	1475.5	800.215	21.5105
Gorai.006G156500.1.A	2298	2192.5	0	0
Gorai.006G156500.1.D	2298	2192.5	0	0
Gorai.006G156600.1.A	1317	1211.5	11.0303	0.361116
Gorai.006G156600.1.D	1317	1211.5	79.9697	2.61809
Gorai.006G156700.1.A	829	723.505	566.793	31.0719
Gorai.006G156700.1.D	829	723.505	187.207	10.2628
Gorai.006G156800.1.A	1932	1826.5	3912.5	84.9608
Gorai.006G156800.1.D	1932	1826.5	5258.84	114.197
Gorai.006G156900.1.A	3207	3101.5	89.7887	1.14824
Gorai.006G156900.1.D	3207	3101.5	135.211	1.72912
Gorai.006G157000.1.A	327	221.63	2	0.35792
Gorai.006G157000.1.D	327	221.63	2	0.35792
Gorai.006G157100.1.A	4320	4214.5	1.09091	0.0102666
Gorai.006G157100.1.D	4320	4214.5	10.9091	0.102666
Gorai.006G157200.1.A	2243	2137.5	0	0
Gorai.006G157200.1.D	2243	2137.5	0	0
Gorai.006G157300.1.A	2002	1896.5	0	0
Gorai.006G157300.1.D	2002	1896.5	3	0.0627411
Gorai.006G157400.1.A	1246	1140.5	290.151	10.0905
Gorai.006G157400.1.D	1246	1140.5	244.849	8.51502
Gorai.006G157500.1.A	2419	2313.5	4.66667	0.0800058
Gorai.006G157500.1.D	2419	2313.5	2.33333	0.0400029
Gorai.006G157600.1.A	594	488.551	0	0
Gorai.006G157600.1.D	594	488.551	0	0
Gorai.006G157700.1.A	402	296.583	16	2.13973
Gorai.006G157700.1.D	402	296.583	0	0
Gorai.006G157800.1.A	1981	1875.5	0	0
Gorai.006G157800.1.D	1981	1875.5	4	0.0845915
Gorai.006G157900.1.A	1344	1238.5	75.2247	2.40906
Gorai.006G157900.1.D	1344	1238.5	88.958	2.84887
Gorai.006G158000.1.A	3029	2923.5	10.9459	0.148503
Gorai.006G158000.1.D	3029	2923.5	34.0541	0.462008
Gorai.006G158100.1.A	477	371.551	0	0
Gorai.006G158100.1.D	477	371.551	0	0
Gorai.006G158200.1.A	3441	3335.5	159.128	1.89222
Gorai.006G158200.1.D	3441	3335.5	251.255	2.98771
Gorai.006G158300.1.A	6094	5988.5	239.282	1.5848
Gorai.006G158300.1.D	6094	5988.5	181.718	1.20355
Gorai.006G158400.1.A	1071	965.505	0	0
Gorai.006G158400.1.D	1071	965.505	1.00084	0.0411145
Gorai.006G158500.1.A	1595	1489.5	54.0604	1.43954
Gorai.006G158500.1.D	1595	1489.5	1815.94	48.3553
Gorai.006G158600.1.A	670	564.505	0	0
Gorai.006G158600.1.D	670	564.505	1	0.0702615
Gorai.006G158700.1.A	1516	1410.5	2	0.0562394
Gorai.006G158700.1.D	1516	1410.5	43	1.20915
Gorai.006G158800.1.A	1723	1617.5	250.091	6.1325
Gorai.006G158800.1.D	1723	1617.5	43.9091	1.0767
Gorai.006G158900.1.A	1970	1864.5	438.015	9.31773
Gorai.006G158900.1.D	1970	1864.5	605.985	12.8909
Gorai.006G159000.1.A	2179	2073.5	191.228	3.6579
Gorai.006G159000.1.D	2179	2073.5	209.772	4.01261
Gorai.006G159100.1.A	339	233.63	3	0.509304
Gorai.006G159100.1.D	339	233.63	0	0
Gorai.006G159200.1.A	1374	1268.5	204.47	6.39327
Gorai.006G159200.1.D	1374	1268.5	84.5296	2.64303
Gorai.006G159300.1.A	758	652.505	0	0
Gorai.006G159300.1.D	758	652.505	1	0.0607857
Gorai.006G159400.1.A	1061	955.505	1779.88	73.8826
Gorai.006G159400.1.D	1061	955.505	1602.04	66.5005
Gorai.006G159500.1.A	2321	2215.5	0	0
Gorai.006G159500.1.D	2321	2215.5	1	0.0179024
Gorai.006G159600.1.A	2584	2478.5	14.3	0.22884
Gorai.006G159600.1.D	2584	2478.5	29.7	0.475282
Gorai.006G159700.1.A	2296	2190.5	245.593	4.44689
Gorai.006G159700.1.D	2296	2190.5	293.407	5.31265
Gorai.006G159800.1.A	1878	1772.5	97.1053	2.1729
Gorai.006G159800.1.D	1878	1772.5	66.8947	1.49689
Gorai.006G159900.1.A	1650	1544.5	350.409	8.9985
Gorai.006G159900.1.D	1650	1544.5	334.591	8.59232
Gorai.006G160000.1.A	2141	2035.5	0	0
Gorai.006G160000.1.D	2141	2035.5	14	0.272798
Gorai.006G160100.1.A	2122	2016.5	4.72727	0.0929815
Gorai.006G160100.1.D	2122	2016.5	8.27273	0.162718
Gorai.006G160200.1.A	1170	1064.5	0.5	0.0186298
Gorai.006G160200.1.D	1170	1064.5	0.5	0.0186298
Gorai.006G160300.1.A	3639	3533.5	5.37037	0.0602814
Gorai.006G160300.1.D	3639	3533.5	23.6296	0.265238
Gorai.006G160400.1.A	873	767.505	6	0.310067
Gorai.006G160400.1.D	873	767.505	0	0
Gorai.006G160500.1.A	1733	1627.5	1612.24	39.291
Gorai.006G160500.1.D	1733	1627.5	1021.76	24.9006
Gorai.006G160600.1.A	1604	1498.5	0	0
Gorai.006G160600.1.D	1604	1498.5	0	0
Gorai.006G160700.1.A	1482	1376.5	0	0
Gorai.006G160700.1.D	1482	1376.5	0	0
Gorai.006G160800.1.A	5679	5573.5	120.949	0.860716
Gorai.006G160800.1.D	5679	5573.5	194.051	1.38093
Gorai.006G160900.1.A	1062	956.505	22	0.912264
Gorai.006G160900.1.D	1062	956.505	0	0
Gorai.006G161000.1.A	1495	1389.5	869.093	24.808
Gorai.006G161000.1.D	1495	1389.5	838.907	23.9463
Gorai.006G161100.1.A	922	816.505	766.912	37.2539
Gorai.006G161100.1.D	922	816.505	293.088	14.2372
Gorai.006G161200.1.A	843	737.505	21.3333	1.1473
Gorai.006G161200.1.D	843	737.505	2.66667	0.143413
Gorai.006G161300.1.A	818	712.505	33	1.83701
Gorai.006G161300.1.D	818	712.505	33	1.83701
Gorai.006G161400.1.A	2426	2320.5	29.1667	0.498528
Gorai.006G161400.1.D	2426	2320.5	120.833	2.06533
Gorai.006G161500.1.A	2099	1993.5	0	0
Gorai.006G161500.1.D	2099	1993.5	12	0.238753
Gorai.006G161600.1.A	1770	1664.5	0	0
Gorai.006G161600.1.D	1770	1664.5	0	0
Gorai.006G161700.1.A	1512	1406.5	0	0
Gorai.006G161700.1.D	1512	1406.5	0	0
Gorai.006G161800.1.A	1504	1398.5	93.3853	2.6485
Gorai.006G161800.1.D	1504	1398.5	23.6147	0.669735
Gorai.006G161900.1.A	657	551.505	0	0
Gorai.006G161900.1.D	657	551.505	0	0
Gorai.006G162000.1.A	1518	1412.5	0	0
Gorai.006G162000.1.D	1518	1412.5	0	0
Gorai.006G162100.1.A	812	706.505	129.809	7.28742
Gorai.006G162100.1.D	812	706.505	191.191	10.7334
Gorai.006G162200.1.A	881	775.505	524.327	26.8166
Gorai.006G162200.1.D	881	775.505	816.673	41.7685
Gorai.006G162300.1.A	2550	2444.5	74.9444	1.216
Gorai.006G162300.1.D	2550	2444.5	39.0556	0.63369
Gorai.006G162400.1.A	1494	1388.5	3.52941	0.100818
Gorai.006G162400.1.D	1494	1388.5	16.4706	0.470486
Gorai.006G162500.1.A	978	872.505	171.349	7.78933
Gorai.006G162500.1.D	978	872.505	234.651	10.6669
Gorai.006G162600.1.A	789	683.505	12	0.696345
Gorai.006G162600.1.D	789	683.505	0	0
Gorai.006G162700.1.A	1649	1543.5	260.416	6.69181
Gorai.006G162700.1.D	1649	1543.5	134.584	3.45837
Gorai.006G162800.1.A	1482	1376.5	0	0
Gorai.006G162800.1.D	1482	1376.5	1	0.0288142
Gorai.006G162900.1.A	1944	1838.5	62.8444	1.35577
Gorai.006G162900.1.D	1944	1838.5	38.1556	0.823148
Gorai.006G163000.1.A	4485	4379.5	863.958	7.82443
Gorai.006G163000.1.D	4485	4379.5	35.0417	0.317354
Gorai.006G163100.1.A	2270	2164.5	701.403	12.8527
Gorai.006G163100.1.D	2270	2164.5	517.597	9.48458
Gorai.006G163200.1.A	1627	1521.5	1050.7	27.3898
Gorai.006G163200.1.D	1627	1521.5	479.302	12.4946
Gorai.006G163300.1.A	1320	1214.5	260.726	8.51472
Gorai.006G163300.1.D	1320	1214.5	98.2737	3.2094
Gorai.006G163400.1.A	919	813.505	2.66667	0.130015
Gorai.006G163400.1.D	919	813.505	21.3333	1.04012
Gorai.006G163500.1.A	246	141.071	0	0
Gorai.006G163500.1.D	246	141.071	0	0
Gorai.006G163600.1.A	830	724.505	0	0
Gorai.006G163600.1.D	830	724.505	0	0
Gorai.006G163700.1.A	975	869.505	1.95655	0.089249
Gorai.006G163700.1.D	975	869.505	1.95655	0.089249
Gorai.006G163800.1.A	381	275.583	0	0
Gorai.006G163800.1.D	381	275.583	0	0
Gorai.006G163900.1.A	1350	1244.5	0	0
Gorai.006G163900.1.D	1350	1244.5	0	0
Gorai.006G164000.1.A	586	480.551	0	0
Gorai.006G164000.1.D	586	480.551	0	0
Gorai.006G164100.1.A	642	536.505	0	0
Gorai.006G164100.1.D	642	536.505	0	0
Gorai.006G164200.1.A	1004	898.505	9.54545	0.421368
Gorai.006G164200.1.D	1004	898.505	5.45455	0.240782
Gorai.006G164300.1.A	1263	1157.5	320.03	10.9661
Gorai.006G164300.1.D	1263	1157.5	271.97	9.31931
Gorai.006G164400.1.A	1656	1550.5	41.5395	1.06261
Gorai.006G164400.1.D	1656	1550.5	35.4605	0.907104
Gorai.006G164500.1.A	1197	1091.5	127.448	4.63118
Gorai.006G164500.1.D	1197	1091.5	93.5521	3.39948
Gorai.006G164600.1.A	651	545.505	322.334	23.4365
Gorai.006G164600.1.D	651	545.505	412.066	29.9608
Gorai.006G164700.1.A	2831	2725.5	5.41667	0.0788261
Gorai.006G164700.1.D	2831	2725.5	7.58333	0.110357
Gorai.006G164800.1.A	3017	2911.5	3116.99	42.4622
Gorai.006G164800.1.D	3017	2911.5	2458.01	33.4851
Gorai.006G164900.1.A	246	141.071	0	0
Gorai.006G164900.1.D	246	141.071	1	0.281156
Gorai.006G165000.1.A	1629	1523.5	0	0
Gorai.006G165000.1.D	1629	1523.5	0	0
Gorai.006G165100.1.A	1842	1736.5	42.3678	0.96771
Gorai.006G165100.1.D	1842	1736.5	54.6322	1.24784
Gorai.006G165200.1.A	2068	1962.5	7	0.141473
Gorai.006G165200.1.D	2068	1962.5	1	0.0202104
Gorai.006G165300.1.A	813	707.505	42.9524	2.40792
Gorai.006G165300.1.D	813	707.505	39.0476	2.18902
Gorai.006G165400.1.A	1532	1426.5	41.2174	1.14602
Gorai.006G165400.1.D	1532	1426.5	37.7826	1.05052
Gorai.006G165500.1.A	2011	1905.5	144.737	3.01269
Gorai.006G165500.1.D	2011	1905.5	75.2632	1.5666
Gorai.006G165600.1.A	372	266.583	0	0
Gorai.006G165600.1.D	372	266.583	0	0
Gorai.006G165700.1.A	1947	1841.5	212.118	4.56867
Gorai.006G165700.1.D	1947	1841.5	197.882	4.26205
Gorai.006G165800.1.A	1658	1552.5	12546.1	320.525
Gorai.006G165800.1.D	1658	1552.5	10889.9	278.211
Gorai.006G165900.1.A	1641	1535.5	2850.73	73.636
Gorai.006G165900.1.D	1641	1535.5	3049.27	78.7643
Gorai.006G166000.1.A	2856	2750.5	136.364	1.9664
Gorai.006G166000.1.D	2856	2750.5	235.636	3.39793
Gorai.006G166100.1.A	629	523.505	0	0
Gorai.006G166100.1.D	629	523.505	1	0.0757643
Gorai.006G166200.1.A	5151	5045.5	1227.97	9.6531
Gorai.006G166200.1.D	5151	5045.5	348.033	2.73591
Gorai.006G166300.1.A	1630	1524.5	291.473	7.58323
Gorai.006G166300.1.D	1630	1524.5	99.5273	2.58939
Gorai.006G166400.1.A	2977	2871.5	290.69	4.01519
Gorai.006G166400.1.D	2977	2871.5	246.31	3.40218
Gorai.006G166500.1.A	1067	961.505	237.98	9.81691
Gorai.006G166500.1.D	1067	961.505	483.02	19.925
Gorai.006G166600.1.A	1189	1083.5	494.699	18.109
Gorai.006G166600.1.D	1189	1083.5	421.301	15.4222
Gorai.006G166700.1.A	1723	1617.5	232.591	5.70338
Gorai.006G166700.1.D	1723	1617.5	124.409	3.05064
Gorai.006G166800.1.A	1234	1128.5	20.6452	0.725604
Gorai.006G166800.1.D	1234	1128.5	11.3548	0.399082
Gorai.006G166900.1.A	1253	1147.5	0	0
Gorai.006G166900.1.D	1253	1147.5	0	0
Gorai.006G167000.1.A	2292	2186.5	97.9839	1.77742
Gorai.006G167000.1.D	2292	2186.5	64.0161	1.16125
Gorai.006G167100.1.A	1652	1546.5	4.57143	0.117243
Gorai.006G167100.1.D	1652	1546.5	3.42857	0.087932
Gorai.006G167200.1.A	576	470.551	0	0
Gorai.006G167200.1.D	576	470.551	0	0
Gorai.006G167300.1.A	1746	1640.5	61.6659	1.49091
Gorai.006G167300.1.D	1746	1640.5	221.386	5.3525
Gorai.006G167400.1.A	2684	2578.5	133.437	2.05254
Gorai.006G167400.1.D	2684	2578.5	405.563	6.23844
Gorai.006G167500.1.A	1855	1749.5	254.09	5.76047
Gorai.006G167500.1.D	1855	1749.5	143.91	3.26257
Gorai.006G167600.1.A	2845	2739.5	11.2195	0.162438
Gorai.006G167600.1.D	2845	2739.5	34.7805	0.503557
Gorai.006G167700.1.A	4866	4760.5	470.828	3.92278
Gorai.006G167700.1.D	4866	4760.5	705.172	5.87526
Gorai.006G167800.1.A	1313	1207.5	278.645	9.15268
Gorai.006G167800.1.D	1313	1207.5	632.355	20.771
Gorai.006G167900.1.A	1202	1096.5	18	0.651099
Gorai.006G167900.1.D	1202	1096.5	18	0.651099
Gorai.006G168000.1.A	1598	1492.5	466.773	12.4044
Gorai.006G168000.1.D	1598	1492.5	22.2273	0.590684
Gorai.006G168100.1.A	1055	949.505	505.242	21.1051
Gorai.006G168100.1.D	1055	949.505	403.758	16.8659
Gorai.006G168200.1.A	1773	1667.5	3.15385	0.0750168
Gorai.006G168200.1.D	1773	1667.5	78.8462	1.87542
Gorai.006G168300.1.A	2891	2785.5	957.357	13.6319
Gorai.006G168300.1.D	2891	2785.5	813.643	11.5855
Gorai.006G168400.1.A	2389	2283.5	4669.1	81.0991
Gorai.006G168400.1.D	2389	2283.5	169.903	2.9511
Gorai.006G168500.1.A	1957	1851.5	12284.1	263.149
Gorai.006G168500.1.D	1957	1851.5	13757.9	294.722
Gorai.006G168600.1.A	2588	2482.5	89.64	1.43218
Gorai.006G168600.1.D	2588	2482.5	18.36	0.293337
Gorai.006G168700.1.A	788	682.505	1850.04	107.513
Gorai.006G168700.1.D	788	682.505	1108.96	64.446
Gorai.006G168800.1.A	1999	1893.5	27.322	0.57231
Gorai.006G168800.1.D	1999	1893.5	34.678	0.726394
Gorai.006G168900.1.A	2253	2147.5	28.4091	0.524696
Gorai.006G168900.1.D	2253	2147.5	46.5909	0.860502
Gorai.006G169000.1.A	3724	3618.5	183.855	2.01526
Gorai.006G169000.1.D	3724	3618.5	72.1455	0.790796
Gorai.006G169100.1.A	939	833.505	41.4634	1.97307
Gorai.006G169100.1.D	939	833.505	43.5366	2.07172
Gorai.006G169200.1.A	468	362.551	0	0
Gorai.006G169200.1.D	468	362.551	0	0
Gorai.006G169300.1.A	1530	1424.5	50.6897	1.41137
Gorai.006G169300.1.D	1530	1424.5	96.3103	2.6816
Gorai.006G169400.1.A	2354	2248.5	5.6	0.0987823
Gorai.006G169400.1.D	2354	2248.5	8.4	0.148173
Gorai.006G169500.1.A	1771	1665.5	93.8661	2.23536
Gorai.006G169500.1.D	1771	1665.5	37.1339	0.884319
Gorai.006G169600.1.A	1845	1739.5	91.9153	2.09579
Gorai.006G169600.1.D	1845	1739.5	95.0847	2.16805
Gorai.006G169700.1.A	255	149.978	0	0
Gorai.006G169700.1.D	255	149.978	0	0
Gorai.006G169800.1.A	729	623.505	2	0.127226
Gorai.006G169800.1.D	729	623.505	0	0
Gorai.006G169900.1.A	2453	2347.5	3	0.0506874
Gorai.006G169900.1.D	2453	2347.5	0	0
Gorai.006G170000.1.A	2502	2396.5	3	0.049651
Gorai.006G170000.1.D	2502	2396.5	0	0
Gorai.006G170100.1.A	2613	2507.5	129.682	2.05126
Gorai.006G170100.1.D	2613	2507.5	147.318	2.33024
Gorai.006G170200.1.A	1391	1285.5	304.329	9.38978
Gorai.006G170200.1.D	1391	1285.5	411.671	12.7017
Gorai.006G170300.1.A	1311	1205.5	0	0
Gorai.006G170300.1.D	1311	1205.5	1	0.0329015
Gorai.006G170400.1.A	1370	1264.5	213.011	6.68138
Gorai.006G170400.1.D	1370	1264.5	37.9892	1.19158
Gorai.006G170500.1.A	1505	1399.5	135.916	3.85195
Gorai.006G170500.1.D	1505	1399.5	133.084	3.7717
Gorai.006G170600.1.A	390	284.583	4	0.557488
Gorai.006G170600.1.D	390	284.583	0	0
Gorai.006G170700.1.A	2271	2165.5	1	0.0183158
Gorai.006G170700.1.D	2271	2165.5	2	0.0366316
Gorai.006G170800.1.A	3170	3064.5	549.404	7.11076
Gorai.006G170800.1.D	3170	3064.5	314.596	4.07172
Gorai.006G170900.1.A	1774	1668.5	100.609	2.39162
Gorai.006G170900.1.D	1774	1668.5	3.3913	0.0806166
Gorai.006G171000.1.A	2471	2365.5	1.6	0.0268276
Gorai.006G171000.1.D	2471	2365.5	6.4	0.10731
Gorai.006G171100.1.A	2290	2184.5	198.903	3.61137
Gorai.006G171100.1.D	2290	2184.5	85.0975	1.54507
Gorai.006G171200.1.A	851	745.505	3	0.159608
Gorai.006G171200.1.D	851	745.505	5	0.266014
Gorai.006G171300.1.A	1575	1469.5	0	0
Gorai.006G171300.1.D	1575	1469.5	0	0
Gorai.006G171400.1.A	1990	1884.5	21.3187	0.448692
Gorai.006G171400.1.D	1990	1884.5	75.6813	1.59286
Gorai.006G171500.1.A	2242	2136.5	15.1449	0.281155
Gorai.006G171500.1.D	2242	2136.5	1373.86	25.5048
Gorai.006G171600.1.A	1130	1024.5	0.5	0.0193571
Gorai.006G171600.1.D	1130	1024.5	0.5	0.0193571
Gorai.006G171700.1.A	1367	1261.5	0	0
Gorai.006G171700.1.D	1367	1261.5	165	5.18776
Gorai.006G171800.1.A	1854	1748.5	45.4571	1.03115
Gorai.006G171800.1.D	1854	1748.5	28.5429	0.647464
Gorai.006G171900.1.A	1666	1560.5	150.689	3.83003
Gorai.006G171900.1.D	1666	1560.5	8758.31	222.608
Gorai.006G172000.1.A	2261	2155.5	43.971	0.8091
Gorai.006G172000.1.D	2261	2155.5	30.029	0.552556
Gorai.006G172100.1.A	1901	1795.5	3941.07	87.0587
Gorai.006G172100.1.D	1901	1795.5	5450.62	120.405
Gorai.006G172200.1.A	1517	1411.5	1082.82	30.4269
Gorai.006G172200.1.D	1517	1411.5	2085.18	58.5931
Gorai.006G172300.1.A	2823	2717.5	62.5378	0.912761
Gorai.006G172300.1.D	2823	2717.5	59.4622	0.867872
Gorai.006G172400.1.A	1689	1583.5	111.724	2.79842
Gorai.006G172400.1.D	1689	1583.5	908.276	22.7501
Gorai.006G172500.1.A	1565	1459.5	338.125	9.18875
Gorai.006G172500.1.D	1565	1459.5	542.199	14.7346
Gorai.006G172600.1.A	2108	2002.5	388.359	7.6921
Gorai.006G172600.1.D	2108	2002.5	810.641	16.0561
Gorai.006G172700.1.A	7303	7197.5	323.269	1.78142
Gorai.006G172700.1.D	7303	7197.5	743.731	4.09844
Gorai.006G172800.1.A	2270	2164.5	80	1.46594
Gorai.006G172800.1.D	2270	2164.5	80	1.46594
Gorai.006G172900.1.A	2561	2455.5	0	0
Gorai.006G172900.1.D	2561	2455.5	11	0.177679
Gorai.006G173000.1.A	2059	1953.5	114.944	2.33377
Gorai.006G173000.1.D	2059	1953.5	107.056	2.17361
Gorai.006G173100.1.A	1340	1234.5	0	0
Gorai.006G173100.1.D	1340	1234.5	0	0
Gorai.006G173200.1.A	1236	1130.5	643.724	22.5846
Gorai.006G173200.1.D	1236	1130.5	18.2761	0.641203
Gorai.006G173300.1.A	2896	2790.5	2	0.0284271
Gorai.006G173300.1.D	2896	2790.5	2	0.0284271
Gorai.006G173400.1.A	1531	1425.5	5	0.139119
Gorai.006G173400.1.D	1531	1425.5	3	0.0834714
Gorai.006G173500.1.A	2211	2105.5	560.885	10.5658
Gorai.006G173500.1.D	2211	2105.5	531.115	10.005
Gorai.006G173600.1.A	444	338.583	1	0.117144
Gorai.006G173600.1.D	444	338.583	0	0
Gorai.006G173700.1.A	1548	1442.5	13.4118	0.368768
Gorai.006G173700.1.D	1548	1442.5	5.58824	0.153653
Gorai.006G173800.1.A	801	695.505	19.125	1.09065
Gorai.006G173800.1.D	801	695.505	34.875	1.98884
Gorai.006G173900.1.A	516	410.551	102.195	9.87299
Gorai.006G173900.1.D	516	410.551	420.805	40.6535
Gorai.006G174000.1.A	2377	2271.5	1389.13	24.2558
Gorai.006G174000.1.D	2377	2271.5	2302.87	40.2105
Gorai.006G174100.1.A	1536	1430.5	51.7391	1.43455
Gorai.006G174100.1.D	1536	1430.5	18.2609	0.506311
Gorai.006G174200.1.A	1325	1219.5	163.417	5.31494
Gorai.006G174200.1.D	1325	1219.5	182.583	5.9383
Gorai.006G174300.1.A	1359	1253.5	28.5864	0.90452
Gorai.006G174300.1.D	1359	1253.5	166.414	5.2656
Gorai.006G174400.1.A	1449	1343.5	5.74468	0.169594
Gorai.006G174400.1.D	1449	1343.5	48.2553	1.42459
Gorai.006G174500.1.A	2021	1915.5	715.083	14.8067
Gorai.006G174500.1.D	2021	1915.5	1263.92	26.171
Gorai.006G174600.1.A	1438	1332.5	24865.1	740.127
Gorai.006G174600.1.D	1438	1332.5	2144.92	63.845
Gorai.006G174700.1.A	363	257.583	18.5714	2.85965
Gorai.006G174700.1.D	363	257.583	11.4286	1.75978
Gorai.006G174800.1.A	2025	1919.5	168.064	3.47272
Gorai.006G174800.1.D	2025	1919.5	307.936	6.36292
Gorai.006G174900.1.A	575	469.551	13	1.09811
Gorai.006G174900.1.D	575	469.551	9	0.760229
Gorai.006G175000.1.A	1952	1846.5	121	2.59908
Gorai.006G175000.1.D	1952	1846.5	77	1.65396
Gorai.006G175100.1.A	1776	1670.5	87.7917	2.08445
Gorai.006G175100.1.D	1776	1670.5	157.208	3.73261
Gorai.006G175200.1.A	1170	1064.5	1267.11	47.2121
Gorai.006G175200.1.D	1170	1064.5	718.885	26.7853
Gorai.006G175300.1.A	129	37.0574	269.048	287.966
Gorai.006G175300.1.D	129	37.0574	133.952	143.37
Gorai.006G175400.1.A	809	703.505	216.818	12.224
Gorai.006G175400.1.D	809	703.505	207.182	11.6807
Gorai.006G175500.1.A	1381	1275.5	3412.6	106.118
Gorai.006G175500.1.D	1381	1275.5	5809.4	180.649
Gorai.006G175600.1.A	1344	1238.5	635.931	20.3656
Gorai.006G175600.1.D	1344	1238.5	953.577	30.5382
Gorai.006G175700.1.A	531	425.551	0	0
Gorai.006G175700.1.D	531	425.551	0	0
Gorai.006G175800.1.A	1723	1617.5	34.9318	0.856565
Gorai.006G175800.1.D	1723	1617.5	389.068	9.54037
Gorai.006G175900.1.A	2357	2251.5	2.26667	0.03993
Gorai.006G175900.1.D	2357	2251.5	14.7333	0.259545
Gorai.006G176000.1.A	743	637.505	0	0
Gorai.006G176000.1.D	743	637.505	0	0
Gorai.006G176100.1.A	626	520.505	0	0
Gorai.006G176100.1.D	626	520.505	0	0
Gorai.006G176200.1.A	633	527.505	0	0
Gorai.006G176200.1.D	633	527.505	7	0.526328
Gorai.006G176300.1.A	3562	3456.5	77.8626	0.893463
Gorai.006G176300.1.D	3562	3456.5	58.1374	0.667119
Gorai.006G176400.1.A	1605	1499.5	240.361	6.35772
Gorai.006G176400.1.D	1605	1499.5	210.639	5.57155
Gorai.006G176500.1.A	2368	2262.5	89.5833	1.57044
Gorai.006G176500.1.D	2368	2262.5	125.417	2.19862
Gorai.006G176600.1.A	2229	2123.5	291.5	5.44465
Gorai.006G176600.1.D	2229	2123.5	126.5	2.36277
Gorai.006G176700.1.A	1053	947.505	0.5	0.0209302
Gorai.006G176700.1.D	1053	947.505	0.5	0.0209302
Gorai.006G176800.1.A	3523	3417.5	47.3729	0.549801
Gorai.006G176800.1.D	3523	3417.5	82.6271	0.958955
Gorai.006G176900.1.A	2227	2121.5	7293.52	136.357
Gorai.006G176900.1.D	2227	2121.5	7775.48	145.368
Gorai.006G177000.1.A	452	346.551	1.5	0.171676
Gorai.006G177000.1.D	452	346.551	1.5	0.171676
Gorai.006G177100.1.A	561	455.551	0	0
Gorai.006G177100.1.D	561	455.551	1	0.0870658
Gorai.006G177200.1.A	2873	2767.5	38.5116	0.551936
Gorai.006G177200.1.D	2873	2767.5	53.4884	0.766577
Gorai.006G177300.1.A	1576	1470.5	0	0
Gorai.006G177300.1.D	1576	1470.5	2	0.0539447
Gorai.006G177400.1.A	2147	2041.5	13.3953	0.260249
Gorai.006G177400.1.D	2147	2041.5	34.6047	0.672309
Gorai.006G177500.1.A	2235	2129.5	205.232	3.82254
Gorai.006G177500.1.D	2235	2129.5	306.768	5.71368
Gorai.006G177600.1.A	1271	1165.5	186.287	6.33949
Gorai.006G177600.1.D	1271	1165.5	262.713	8.9403
Gorai.006G177700.1.A	665	559.505	0	0
Gorai.006G177700.1.D	665	559.505	0	0
Gorai.006G177800.1.A	3270	3164.5	984.717	12.3421
Gorai.006G177800.1.D	3270	3164.5	1679.5	21.0504
Gorai.006G177900.1.A	980	874.505	36.5238	1.65653
Gorai.006G177900.1.D	980	874.505	22.4762	1.0194
Gorai.006G178000.1.A	1529	1423.5	174.079	4.85035
Gorai.006G178000.1.D	1529	1423.5	61.9208	1.72529
Gorai.006G178100.1.A	1336	1230.5	104.583	3.37104
Gorai.006G178100.1.D	1336	1230.5	362.417	11.6818
Gorai.006G178200.1.A	712	606.505	42.25	2.76298
Gorai.006G178200.1.D	712	606.505	9.75	0.63761
Gorai.006G178300.1.A	2873	2767.5	515.538	7.38851
Gorai.006G178300.1.D	2873	2767.5	204.462	2.93029
Gorai.006G178400.1.A	780	674.505	0	0
Gorai.006G178400.1.D	780	674.505	0	0
Gorai.006G178500.1.A	363	257.583	0	0
Gorai.006G178500.1.D	363	257.583	0	0
Gorai.006G178600.1.A	1109	1003.5	32	1.26478
Gorai.006G178600.1.D	1109	1003.5	19	0.750964
Gorai.006G178700.1.A	594	488.551	4	0.324739
Gorai.006G178700.1.D	594	488.551	0	0
Gorai.006G178800.1.A	2306	2200.5	2268.88	40.8954
Gorai.006G178800.1.D	2306	2200.5	1043.12	18.8016
Gorai.006G178900.1.A	2283	2177.5	404.896	7.37511
Gorai.006G178900.1.D	2283	2177.5	658.104	11.9873
Gorai.006G179000.1.A	561	455.551	1	0.0870658
Gorai.006G179000.1.D	561	455.551	7	0.609461
Gorai.006G179100.1.A	480	374.551	5.12821	0.543049
Gorai.006G179100.1.D	480	374.551	34.8718	3.69273
Gorai.006G179200.1.A	3585	3479.5	132.511	1.5105
Gorai.006G179200.1.D	3585	3479.5	214.489	2.44496
Gorai.006G179300.1.A	1223	1117.5	46.8421	1.66254
Gorai.006G179300.1.D	1223	1117.5	42.1579	1.49629
Gorai.006G179400.1.A	2205	2099.5	275.426	5.20324
Gorai.006G179400.1.D	2205	2099.5	294.574	5.56496
Gorai.006G179500.1.A	2339	2233.5	17.3438	0.307993
Gorai.006G179500.1.D	2339	2233.5	19.6562	0.349059
Gorai.006G179600.1.A	1171	1065.5	2	0.0744491
Gorai.006G179600.1.D	1171	1065.5	5	0.186123
Gorai.006G179700.1.A	1774	1668.5	76.3423	1.81477
Gorai.006G179700.1.D	1774	1668.5	98.6577	2.34525
Gorai.006G179800.1.A	1773	1667.5	70.6866	1.68134
Gorai.006G179800.1.D	1773	1667.5	151.313	3.59911
Gorai.006G179900.1.A	1695	1589.5	21.4737	0.535833
Gorai.006G179900.1.D	1695	1589.5	29.5263	0.736771
Gorai.006G180000.1.A	1555	1449.5	35.4595	0.970281
Gorai.006G180000.1.D	1555	1449.5	46.5405	1.27349
Gorai.006G180100.1.A	2726	2620.5	151.765	2.29705
Gorai.006G180100.1.D	2726	2620.5	68.2353	1.03278
Gorai.006G180200.1.A	1943	1837.5	191.647	4.13674
Gorai.006G180200.1.D	1943	1837.5	132.353	2.85687
Gorai.006G180300.1.A	3121	3015.5	1700.31	22.3641
Gorai.006G180300.1.D	3121	3015.5	1379.69	18.1471
Gorai.006G180400.1.A	1405	1299.5	357.282	10.9048
Gorai.006G180400.1.D	1405	1299.5	406.718	12.4137
Gorai.006G180500.1.A	1962	1856.5	71.1176	1.51938
Gorai.006G180500.1.D	1962	1856.5	21.8824	0.467501
Gorai.006G180600.1.A	3497	3391.5	1.2	0.0140337
Gorai.006G180600.1.D	3497	3391.5	4.8	0.056135
Gorai.006G180700.1.A	2234	2128.5	71.7647	1.33728
Gorai.006G180700.1.D	2234	2128.5	48.2353	0.898825
Gorai.006G180800.1.A	516	410.551	0	0
Gorai.006G180800.1.D	516	410.551	0	0
Gorai.006G180900.1.A	1487	1381.5	2	0.0574199
Gorai.006G180900.1.D	1487	1381.5	0	0
Gorai.006G181000.1.A	961	855.505	20.9388	0.970764
Gorai.006G181000.1.D	961	855.505	33.0612	1.53279
Gorai.006G181100.1.A	1717	1611.5	273	6.71918
Gorai.006G181100.1.D	1717	1611.5	546	13.4384
Gorai.006G181200.1.A	1843	1737.5	734.139	16.7586
Gorai.006G181200.1.D	1843	1737.5	264.861	6.04613
Gorai.006G181300.1.A	1476	1370.5	299.013	8.65356
Gorai.006G181300.1.D	1476	1370.5	162.987	4.7169
Gorai.006G181400.1.A	2300	2194.5	18.9318	0.342169
Gorai.006G181400.1.D	2300	2194.5	30.0682	0.543445
Gorai.006G181500.1.A	588	482.551	0	0
Gorai.006G181500.1.D	588	482.551	0	0
Gorai.006G181600.1.A	1191	1085.5	0	0
Gorai.006G181600.1.D	1191	1085.5	0	0
Gorai.006G181700.1.A	1698	1592.5	52.2143	1.30045
Gorai.006G181700.1.D	1698	1592.5	76.7857	1.91243
Gorai.006G181800.1.A	840	734.505	57.7684	3.11947
Gorai.006G181800.1.D	840	734.505	40.2316	2.17249
Gorai.006G181900.1.A	963	857.505	64.651	2.99036
Gorai.006G181900.1.D	963	857.505	104.349	4.82655
Gorai.006G182000.1.A	1450	1344.5	60.7619	1.79248
Gorai.006G182000.1.D	1450	1344.5	49.2381	1.45253
Gorai.006G182100.1.A	890	784.505	5	0.25279
Gorai.006G182100.1.D	890	784.505	5	0.25279
Gorai.006G182200.1.A	300	194.687	4.4972	0.916198
Gorai.006G182200.1.D	300	194.687	4.4972	0.916198
Gorai.006G182300.1.A	2294	2188.5	15.8261	0.286821
Gorai.006G182300.1.D	2294	2188.5	10.1739	0.184385
Gorai.006G182400.1.A	1148	1042.5	61.9492	2.35691
Gorai.006G182400.1.D	1148	1042.5	153.051	5.82294
Gorai.006G182500.1.A	2200	2094.5	2265.27	42.8967
Gorai.006G182500.1.D	2200	2094.5	2588.73	49.0219
Gorai.006G182600.1.A	1642	1536.5	161.93	4.18002
Gorai.006G182600.1.D	1642	1536.5	193.07	4.98386
Gorai.006G182700.1.A	868	762.505	1	0.0520167
Gorai.006G182700.1.D	868	762.505	2	0.104033
Gorai.006G182800.1.A	999	893.505	13	0.577074
Gorai.006G182800.1.D	999	893.505	0	0
Gorai.006G182900.1.A	1359	1253.5	0	0
Gorai.006G182900.1.D	1359	1253.5	0	0
Gorai.006G183000.1.A	1459	1353.5	12.8571	0.376764
Gorai.006G183000.1.D	1459	1353.5	5.14286	0.150706
Gorai.006G183100.1.A	1992	1886.5	25	0.525614
Gorai.006G183100.1.D	1992	1886.5	7	0.147172
Gorai.006G183200.1.A	1948	1842.5	3.5	0.0753433
Gorai.006G183200.1.D	1948	1842.5	3.5	0.0753433
Gorai.006G183300.1.A	1725	1619.5	54.8782	1.34401
Gorai.006G183300.1.D	1725	1619.5	1089.12	26.6734
Gorai.006G183400.1.A	1460	1354.5	62.9474	1.84324
Gorai.006G183400.1.D	1460	1354.5	52.0526	1.52422
Gorai.006G183500.1.A	3308	3202.5	245.314	3.03821
Gorai.006G183500.1.D	3308	3202.5	621.686	7.69957
Gorai.006G183600.1.A	755	649.505	0	0
Gorai.006G183600.1.D	755	649.505	0	0
Gorai.006G183700.1.A	1756	1650.5	459.985	11.0538
Gorai.006G183700.1.D	1756	1650.5	605.015	14.539
Gorai.006G183800.1.A	2404	2298.5	185.893	3.20777
Gorai.006G183800.1.D	2404	2298.5	208.107	3.59109
Gorai.006G183900.1.A	2069	1963.5	585.109	11.8192
Gorai.006G183900.1.D	2069	1963.5	300.718	6.07452
Gorai.006G184000.1.A	2515	2409.5	120.638	1.98583
Gorai.006G184000.1.D	2515	2409.5	389.011	6.40352
Gorai.006G184100.1.A	4041	3935.5	2.04301	0.0205899
Gorai.006G184100.1.D	4041	3935.5	377.957	3.80914
Gorai.006G184200.1.A	1145	1039.5	0	0
Gorai.006G184200.1.D	1145	1039.5	30	1.14467
Gorai.006G184300.1.A	2093	1987.5	0	0
Gorai.006G184300.1.D	2093	1987.5	0	0
Gorai.006G184400.1.A	1584	1478.5	15.1304	0.405895
Gorai.006G184400.1.D	1584	1478.5	13.8696	0.37207
Gorai.006G184500.1.A	1159	1053.5	12.0833	0.45492
Gorai.006G184500.1.D	1159	1053.5	16.9167	0.636888
Gorai.006G184600.1.A	1184	1078.5	765.32	28.1453
Gorai.006G184600.1.D	1184	1078.5	887.074	32.6229
Gorai.006G184700.1.A	1273	1167.5	2731.64	92.8004
Gorai.006G184700.1.D	1273	1167.5	451.359	15.3338
Gorai.006G184800.1.A	1683	1577.5	0.5	0.0125714
Gorai.006G184800.1.D	1683	1577.5	0.5	0.0125714
Gorai.006G184900.1.A	1005	899.505	2989.49	131.819
Gorai.006G184900.1.D	1005	899.505	2146.51	94.6487
Gorai.006G185000.1.A	1348	1242.5	7	0.223452
Gorai.006G185000.1.D	1348	1242.5	1	0.0319218
Gorai.006G185100.1.A	1795	1689.5	12.7959	0.300398
Gorai.006G185100.1.D	1795	1689.5	329.204	7.72842
Gorai.006G185200.1.A	1758	1652.5	84.8522	2.0366
Gorai.006G185200.1.D	1758	1652.5	34.1478	0.819606
Gorai.006G185300.1.A	1177	1071.5	3.1875	0.117989
Gorai.006G185300.1.D	1177	1071.5	13.8125	0.511285
Gorai.006G185400.1.A	1151	1045.5	0	0
Gorai.006G185400.1.D	1151	1045.5	0	0
Gorai.006G185500.1.A	795	689.505	10.6364	0.611844
Gorai.006G185500.1.D	795	689.505	2.36364	0.135965
Gorai.006G185600.1.A	441	335.583	3.57043	0.421993
Gorai.006G185600.1.D	441	335.583	3.57043	0.421993
Gorai.006G185700.1.A	2438	2332.5	440.104	7.48372
Gorai.006G185700.1.D	2438	2332.5	120.896	2.05577
Gorai.006G185800.1.A	1813	1707.5	89.1	2.06967
Gorai.006G185800.1.D	1813	1707.5	42.9	0.996507
Gorai.006G185900.1.A	1543	1437.5	71.7059	1.97847
Gorai.006G185900.1.D	1543	1437.5	43.2941	1.19455
Gorai.006G186000.1.A	6019	5913.5	267.759	1.79591
Gorai.006G186000.1.D	6019	5913.5	171.241	1.14855
Gorai.006G186100.1.A	1827	1721.5	71.6559	1.65093
Gorai.006G186100.1.D	1827	1721.5	47.3441	1.09079
Gorai.006G186200.1.A	2474	2368.5	87.4554	1.46453
Gorai.006G186200.1.D	2474	2368.5	33.5446	0.561737
Gorai.006G186300.1.A	1501	1395.5	44.4059	1.2621
Gorai.006G186300.1.D	1501	1395.5	70.5941	2.00642
Gorai.006G186400.1.A	1444	1338.5	39.4639	1.16941
Gorai.006G186400.1.D	1444	1338.5	76.5361	2.26794
Gorai.006G186500.1.A	2929	2823.5	95.0807	1.33564
Gorai.006G186500.1.D	2929	2823.5	82.9193	1.1648
Gorai.006G186600.1.A	1441	1335.5	0	0
Gorai.006G186600.1.D	1441	1335.5	5	0.148494
Gorai.006G186700.1.A	3687	3581.5	1.42857	0.0158205
Gorai.006G186700.1.D	3687	3581.5	48.5714	0.537898
Gorai.006G186800.1.A	1202	1096.5	37.4744	1.35553
Gorai.006G186800.1.D	1202	1096.5	199.526	7.21727
Gorai.006G186900.1.A	1822	1716.5	41.1034	0.949769
Gorai.006G186900.1.D	1822	1716.5	107.897	2.49314
Gorai.006G187000.1.A	1392	1286.5	599.593	18.4855
Gorai.006G187000.1.D	1392	1286.5	137.407	4.23625
Gorai.006G187100.1.A	2731	2625.5	1184.51	17.8942
Gorai.006G187100.1.D	2731	2625.5	653.486	9.87208
Gorai.006G187200.1.A	1533	1427.5	419.88	11.6663
Gorai.006G187200.1.D	1533	1427.5	197.6	5.49027
Gorai.006G187300.1.A	1361	1255.5	238.391	7.53106
Gorai.006G187300.1.D	1361	1255.5	216.609	6.84295
Gorai.006G187400.1.A	1293	1187.5	81.4737	2.72124
Gorai.006G187400.1.D	1293	1187.5	520.526	17.3857
Gorai.006G187500.1.A	6119	6013.5	778.509	5.13477
Gorai.006G187500.1.D	6119	6013.5	729.772	4.81331
Gorai.006G187600.1.A	987	881.505	0	0
Gorai.006G187600.1.D	987	881.505	0	0
Gorai.006G187700.1.A	6113	6007.5	549.462	3.62768
Gorai.006G187700.1.D	6113	6007.5	759.257	5.01279
Gorai.006G187800.1.A	716	610.505	10	0.649675
Gorai.006G187800.1.D	716	610.505	0	0
Gorai.006G187900.1.A	2251	2145.5	77	1.42346
Gorai.006G187900.1.D	2251	2145.5	88	1.62681
Gorai.006G188000.1.A	1497	1391.5	44.6349	1.27226
Gorai.006G188000.1.D	1497	1391.5	406.292	11.5808
Gorai.006G188100.1.A	1866	1760.5	1	0.0225293
Gorai.006G188100.1.D	1866	1760.5	0	0
Gorai.006G188200.1.A	1085	979.505	47.3962	1.91921
Gorai.006G188200.1.D	1085	979.505	109.604	4.43817
Gorai.006G188300.1.A	1501	1395.5	35.4	1.00614
Gorai.006G188300.1.D	1501	1395.5	23.6	0.670758
Gorai.006G188400.1.A	1688	1582.5	733.084	18.3736
Gorai.006G188400.1.D	1688	1582.5	846.916	21.2266
Gorai.006G188500.1.A	1020	914.505	0	0
Gorai.006G188500.1.D	1020	914.505	1	0.043371
Gorai.006G188600.1.A	2031	1925.5	0	0
Gorai.006G188600.1.D	2031	1925.5	0	0
Gorai.006G188700.1.A	1819	1713.5	53.0169	1.2272
Gorai.006G188700.1.D	1819	1713.5	130.983	3.0319
Gorai.006G188800.1.A	1134	1028.5	169.057	6.51945
Gorai.006G188800.1.D	1134	1028.5	342.943	13.2252
Gorai.006G188900.1.A	1027	921.505	4.61538	0.198653
Gorai.006G188900.1.D	1027	921.505	35.3846	1.52301
Gorai.006G189000.1.A	1081	975.505	69.7469	2.83583
Gorai.006G189000.1.D	1081	975.505	69.7469	2.83583
Gorai.006G189100.1.A	9429	9323.5	135.94	0.578299
Gorai.006G189100.1.D	9429	9323.5	251.06	1.06803
Gorai.006G189200.1.A	2103	1997.5	290.42	5.76666
Gorai.006G189200.1.D	2103	1997.5	320.58	6.36551
Gorai.006G189300.1.A	1323	1217.5	583.581	19.0115
Gorai.006G189300.1.D	1323	1217.5	476.419	15.5204
Gorai.006G189400.1.A	4066	3960.5	806.292	8.0747
Gorai.006G189400.1.D	4066	3960.5	663.708	6.64678
Gorai.006G189500.1.A	2172	2066.5	475.01	9.11699
Gorai.006G189500.1.D	2172	2066.5	10.9899	0.210933
Gorai.006G189600.1.A	1091	985.505	1	0.0402463
Gorai.006G189600.1.D	1091	985.505	0	0
Gorai.006G189700.1.A	1510	1404.5	9.75	0.275338
Gorai.006G189700.1.D	1510	1404.5	3.25	0.0917794
Gorai.006G189800.1.A	2139	2033.5	28.6	0.557835
Gorai.006G189800.1.D	2139	2033.5	4.4	0.0858208
Gorai.006G189900.1.A	1602	1496.5	46	1.21917
Gorai.006G189900.1.D	1602	1496.5	4	0.106015
Gorai.006G190000.1.A	1825	1719.5	114.812	2.6483
Gorai.006G190000.1.D	1825	1719.5	118.188	2.72619
Gorai.006G190100.1.A	2391	2285.5	57.8462	1.00387
Gorai.006G190100.1.D	2391	2285.5	38.1538	0.662127
Gorai.006G190200.1.A	1681	1575.5	0	0
Gorai.006G190200.1.D	1681	1575.5	0	0
Gorai.006G190300.1.A	1129	1023.5	10648.8	412.664
Gorai.006G190300.1.D	1129	1023.5	4734.19	183.46
Gorai.006G190400.1.A	2988	2882.5	3.69138	0.050793
Gorai.006G190400.1.D	2988	2882.5	20.4724	0.281698
Gorai.006G190500.1.A	2056	1950.5	30.5556	0.621338
Gorai.006G190500.1.D	2056	1950.5	2.44444	0.0497071
Gorai.006G190600.1.A	1274	1168.5	0	0
Gorai.006G190600.1.D	1274	1168.5	0	0
Gorai.006G190700.1.A	2387	2281.5	127.376	2.21438
Gorai.006G190700.1.D	2387	2281.5	140.624	2.44468
Gorai.006G190800.1.A	1342	1236.5	220.718	7.07989
Gorai.006G190800.1.D	1342	1236.5	1081.28	34.6839
Gorai.006G190900.1.A	1734	1628.5	0	0
Gorai.006G190900.1.D	1734	1628.5	2	0.0487109
Gorai.006G191000.1.A	733	627.505	29.1667	1.84355
Gorai.006G191000.1.D	733	627.505	5.83333	0.36871
Gorai.006G191100.1.A	569	463.551	0	0
Gorai.006G191100.1.D	569	463.551	0	0
Gorai.006G191200.1.A	1769	1663.5	1008.69	24.0503
Gorai.006G191200.1.D	1769	1663.5	1342.31	32.0046
Gorai.006G191300.1.A	4537	4431.5	60.5973	0.54236
Gorai.006G191300.1.D	4537	4431.5	188.403	1.68625
Gorai.006G191400.1.A	2373	2267.5	153.657	2.68775
Gorai.006G191400.1.D	2373	2267.5	22.9163	0.40085
Gorai.006G191500.1.A	1494	1388.5	40.4726	1.15611
Gorai.006G191500.1.D	1494	1388.5	13.8341	0.395175
Gorai.006G191600.1.A	1471	1365.5	0	0
Gorai.006G191600.1.D	1471	1365.5	0	0
Gorai.006G191700.1.A	1027	921.505	5	0.215207
Gorai.006G191700.1.D	1027	921.505	1	0.0430415
Gorai.006G191800.1.A	2573	2467.5	81.8519	1.3157
Gorai.006G191800.1.D	2573	2467.5	48.1481	0.773939
Gorai.006G191900.1.A	1338	1232.5	0	0
Gorai.006G191900.1.D	1338	1232.5	0	0
Gorai.006G192000.1.A	1759	1653.5	52.9412	1.26991
Gorai.006G192000.1.D	1759	1653.5	1.05882	0.0253982
Gorai.006G192100.1.A	653	547.505	31	2.24574
Gorai.006G192100.1.D	653	547.505	0	0
Gorai.006G192200.1.A	1924	1818.5	1587.73	34.6296
Gorai.006G192200.1.D	1924	1818.5	2748.27	59.9418
Gorai.006G192300.1.A	960	854.505	67.4706	3.13173
Gorai.006G192300.1.D	960	854.505	80.5294	3.73788
Gorai.006G192400.1.A	1002	896.505	4.10811	0.18175
Gorai.006G192400.1.D	1002	896.505	71.8919	3.18062
Gorai.006G192500.1.A	1788	1682.5	366.569	8.6414
Gorai.006G192500.1.D	1788	1682.5	6.43103	0.151604
Gorai.006G192600.1.A	1534	1428.5	1277.14	35.4602
Gorai.006G192600.1.D	1534	1428.5	1175.86	32.6482
Gorai.006G192700.1.A	2406	2300.5	3.2	0.0551711
Gorai.006G192700.1.D	2406	2300.5	4.8	0.0827567
Gorai.006G192800.1.A	959	853.505	140.218	6.51605
Gorai.006G192800.1.D	959	853.505	124.782	5.79868
Gorai.006G192900.1.A	833	727.505	38.4231	2.09479
Gorai.006G192900.1.D	833	727.505	15.5769	0.849241
Gorai.006G193000.1.A	862	756.505	23.2571	1.21935
Gorai.006G193000.1.D	862	756.505	13.7429	0.720527
Gorai.006G193100.1.A	2337	2231.5	1357.65	24.1309
Gorai.006G193100.1.D	2337	2231.5	1670.35	29.689
Gorai.006G193200.1.A	4586	4480.5	31	0.274422
Gorai.006G193200.1.D	4586	4480.5	4	0.0354094
Gorai.006G193300.1.A	2145	2039.5	163.286	3.17547
Gorai.006G193300.1.D	2145	2039.5	169.714	3.30049
Gorai.006G193400.1.A	809	703.505	24.7619	1.39605
Gorai.006G193400.1.D	809	703.505	1.2381	0.0698027
Gorai.006G193500.1.A	2132	2026.5	3511.31	68.7237
Gorai.006G193500.1.D	2132	2026.5	2509.69	49.1199
Gorai.006G193600.1.A	3268	3162.5	435.779	5.46537
Gorai.006G193600.1.D	3268	3162.5	317.221	3.97847
Gorai.006G193700.1.A	417	311.583	0	0
Gorai.006G193700.1.D	417	311.583	0	0
Gorai.006G193800.1.A	2031	1925.5	77.2096	1.59042
Gorai.006G193800.1.D	2031	1925.5	22.179	0.456859
Gorai.006G193900.1.A	1102	996.505	220	8.75645
Gorai.006G193900.1.D	1102	996.505	135	5.37328
Gorai.006G194000.1.A	2498	2392.5	14.5952	0.241959
Gorai.006G194000.1.D	2498	2392.5	116.516	1.93159
Gorai.006G194100.1.A	2339	2233.5	0	0
Gorai.006G194100.1.D	2339	2233.5	230.889	4.10017
Gorai.006G194200.1.A	2470	2364.5	397	6.6594
Gorai.006G194200.1.D	2470	2364.5	397	6.6594
Gorai.006G194300.1.A	1355	1249.5	74.5385	2.36607
Gorai.006G194300.1.D	1355	1249.5	44.4615	1.41134
Gorai.006G194400.1.A	1035	929.505	1182.91	50.4761
Gorai.006G194400.1.D	1035	929.505	1474.09	62.9009
Gorai.006G194500.1.A	1118	1012.5	0	0
Gorai.006G194500.1.D	1118	1012.5	0	0
Gorai.006G194600.1.A	2518	2412.5	3.09091	0.0508163
Gorai.006G194600.1.D	2518	2412.5	13.9091	0.228673
Gorai.006G194700.1.A	1294	1188.5	4280.26	142.842
Gorai.006G194700.1.D	1294	1188.5	6851.74	228.657
Gorai.006G194800.1.A	1229	1123.5	57	2.01226
Gorai.006G194800.1.D	1229	1123.5	42	1.48272
Gorai.006G194900.1.A	1036	930.505	102.146	4.354
Gorai.006G194900.1.D	1036	930.505	168.854	7.19743
Gorai.006G195000.1.A	747	641.505	8.34615	0.516026
Gorai.006G195000.1.D	747	641.505	22.6538	1.40064
Gorai.006G195100.1.A	2856	2750.5	190.642	2.74911
Gorai.006G195100.1.D	2856	2750.5	464.358	6.69615
Gorai.006G195200.1.A	4102	3996.5	787.344	7.81392
Gorai.006G195200.1.D	4102	3996.5	1404.66	13.9404
Gorai.006G195300.1.A	807	701.505	0	0
Gorai.006G195300.1.D	807	701.505	0	0
Gorai.006G195400.1.A	1639	1533.5	1331.32	34.4337
Gorai.006G195400.1.D	1639	1533.5	3910.68	101.147
Gorai.006G195500.1.A	1592	1486.5	296.639	7.91493
Gorai.006G195500.1.D	1592	1486.5	651.361	17.3796
Gorai.006G195600.1.A	267	161.849	0	0
Gorai.006G195600.1.D	267	161.849	0	0
Gorai.006G195700.1.A	1480	1374.5	841.741	24.2894
Gorai.006G195700.1.D	1480	1374.5	132.259	3.81649
Gorai.006G195800.1.A	875	769.505	1079.47	55.6396
Gorai.006G195800.1.D	875	769.505	584.531	30.1287
Gorai.006G195900.1.A	1143	1037.5	877.01	33.5274
Gorai.006G195900.1.D	1143	1037.5	954.99	36.5085
Gorai.006G196000.1.A	2437	2331.5	83.9432	1.42802
Gorai.006G196000.1.D	2437	2331.5	5.05682	0.0860253
Gorai.006G196100.1.A	2294	2188.5	437.579	7.93037
Gorai.006G196100.1.D	2294	2188.5	167.421	3.03423
Gorai.006G196200.1.A	1536	1430.5	411.594	11.4121
Gorai.006G196200.1.D	1536	1430.5	309.406	8.57874
Gorai.006G196300.1.A	2160	2054.5	151.371	2.92228
Gorai.006G196300.1.D	2160	2054.5	158.629	3.06238
Gorai.006G196400.1.A	2629	2523.5	12.6923	0.19949
Gorai.006G196400.1.D	2629	2523.5	2.30769	0.0362709
Gorai.006G196500.1.A	1211	1105.5	0	0
Gorai.006G196500.1.D	1211	1105.5	0	0
Gorai.006G196600.1.A	2499	2393.5	36.5758	0.6061
Gorai.006G196600.1.D	2499	2393.5	105.424	1.74699
Gorai.006G196700.1.A	1769	1663.5	62.7943	1.4972
Gorai.006G196700.1.D	1769	1663.5	124.896	2.9779
Gorai.006G196800.1.A	2799	2693.5	0	0
Gorai.006G196800.1.D	2799	2693.5	0	0
Gorai.006G196900.1.A	1275	1169.5	134.71	4.5686
Gorai.006G196900.1.D	1275	1169.5	8.28986	0.281145
Gorai.006G197000.1.A	1216	1110.5	17.1429	0.612277
Gorai.006G197000.1.D	1216	1110.5	42.8571	1.53069
Gorai.006G197100.1.A	551	445.551	4.23529	0.377026
Gorai.006G197100.1.D	551	445.551	13.7647	1.22533
Gorai.006G197200.1.A	904	798.505	0	0
Gorai.006G197200.1.D	904	798.505	4	0.198686
Gorai.006G197300.1.A	1620	1514.5	99.6724	2.61029
Gorai.006G197300.1.D	1620	1514.5	41.3276	1.08232
Gorai.006G197400.1.A	1605	1499.5	1	0.0264507
Gorai.006G197400.1.D	1605	1499.5	1	0.0264507
Gorai.006G197500.1.A	685	579.505	38.2105	2.61524
Gorai.006G197500.1.D	685	579.505	5.78947	0.396248
Gorai.006G197600.1.A	240	135.211	6	1.76005
Gorai.006G197600.1.D	240	135.211	3	0.880025
Gorai.006G197700.1.A	1228	1122.5	1098.82	38.826
Gorai.006G197700.1.D	1228	1122.5	1010.06	35.6898
Gorai.006G197800.1.A	2221	2115.5	193.983	3.63692
Gorai.006G197800.1.D	2221	2115.5	629.017	11.7933
Gorai.006G197900.1.A	859	753.505	0	0
Gorai.006G197900.1.D	859	753.505	0	0
Gorai.006G198000.1.A	530	424.551	0	0
Gorai.006G198000.1.D	530	424.551	0	0
Gorai.006G198100.1.A	522	416.551	0	0
Gorai.006G198100.1.D	522	416.551	0	0
Gorai.006G198200.1.A	1570	1464.5	0	0
Gorai.006G198200.1.D	1570	1464.5	0	0
Gorai.006G198300.1.A	2207	2101.5	0	0
Gorai.006G198300.1.D	2207	2101.5	320	6.03955
Gorai.006G198400.1.A	1295	1189.5	0	0
Gorai.006G198400.1.D	1295	1189.5	13	0.433473
Gorai.006G198500.1.A	2390	2284.5	35.7288	0.620314
Gorai.006G198500.1.D	2390	2284.5	26.2712	0.456113
Gorai.006G198600.1.A	720	614.505	3.00383	0.193881
Gorai.006G198600.1.D	720	614.505	0	0
Gorai.006G198700.1.A	482	376.551	0	0
Gorai.006G198700.1.D	482	376.551	0	0
Gorai.006G198800.1.A	494	388.551	0	0
Gorai.006G198800.1.D	494	388.551	0	0
Gorai.006G198900.1.A	297	191.687	0	0
Gorai.006G198900.1.D	297	191.687	0	0
Gorai.006G199000.1.A	1432	1326.5	92.8	2.77475
Gorai.006G199000.1.D	1432	1326.5	19.2	0.574087
Gorai.006G199100.1.A	1608	1502.5	153.408	4.04965
Gorai.006G199100.1.D	1608	1502.5	118.592	3.13058
Gorai.006G199200.1.A	636	530.505	72.2835	5.40424
Gorai.006G199200.1.D	636	530.505	182.717	13.6607
Gorai.006G199300.1.A	159	59.4478	0	0
Gorai.006G199300.1.D	159	59.4478	20	13.3438
Gorai.006G199400.1.A	1542	1436.5	286.126	7.90014
Gorai.006G199400.1.D	1542	1436.5	282.874	7.81037
Gorai.006G199500.1.A	397	291.583	17	2.31245
Gorai.006G199500.1.D	397	291.583	3	0.408079
Gorai.006G199600.1.A	1956	1850.5	294.732	6.31716
Gorai.006G199600.1.D	1956	1850.5	341.268	7.3146
Gorai.006G199700.1.A	1038	932.505	0	0
Gorai.006G199700.1.D	1038	932.505	4	0.170135
Gorai.006G199800.1.A	612	506.551	4	0.3132
Gorai.006G199800.1.D	612	506.551	0	0
Gorai.006G199900.1.A	2194	2088.5	23.6923	0.449942
Gorai.006G199900.1.D	2194	2088.5	32.3077	0.613558
Gorai.006G200000.1.A	3330	3224.5	11.3953	0.140168
Gorai.006G200000.1.D	3330	3224.5	37.6047	0.462555
Gorai.006G200100.1.A	1174	1068.5	140.414	5.21218
Gorai.006G200100.1.D	1174	1068.5	198.586	7.37151
Gorai.006G200200.1.A	1399	1293.5	53	1.62515
Gorai.006G200200.1.D	1399	1293.5	42	1.28785
Gorai.006G200300.1.A	834	728.505	1097.91	59.7751
Gorai.006G200300.1.D	834	728.505	1041.09	56.6813
Gorai.006G200400.1.A	1788	1682.5	4.4	0.103724
Gorai.006G200400.1.D	1788	1682.5	6.6	0.155587
Gorai.006G200500.1.A	1244	1138.5	11	0.383215
Gorai.006G200500.1.D	1244	1138.5	2	0.0696755
Gorai.006G200600.1.A	2873	2767.5	75.285	1.07896
Gorai.006G200600.1.D	2873	2767.5	86.8798	1.24513
Gorai.006G200700.1.A	1264	1158.5	151.669	5.19258
Gorai.006G200700.1.D	1264	1158.5	189.331	6.48201
Gorai.006G200800.1.A	1232	1126.5	0	0
Gorai.006G200800.1.D	1232	1126.5	3	0.105627
Gorai.006G200900.1.A	3288	3182.5	145.578	1.81431
Gorai.006G200900.1.D	3288	3182.5	219.422	2.73461
Gorai.006G201000.1.A	1499	1393.5	2	0.0569255
Gorai.006G201000.1.D	1499	1393.5	0	0
Gorai.006G201100.1.A	2411	2305.5	318.015	5.471
Gorai.006G201100.1.D	2411	2305.5	216.985	3.73292
Gorai.006G201200.1.A	1392	1286.5	643.615	19.8426
Gorai.006G201200.1.D	1392	1286.5	779.385	24.0284
Gorai.006G201300.1.A	783	677.505	229	13.4063
Gorai.006G201300.1.D	783	677.505	0	0
Gorai.006G201400.1.A	1676	1570.5	541.383	13.6726
Gorai.006G201400.1.D	1676	1570.5	471.617	11.9106
Gorai.006G201500.1.A	2303	2197.5	256.324	4.62642
Gorai.006G201500.1.D	2303	2197.5	206.676	3.73031
Gorai.006G201600.1.A	2347	2241.5	8.82609	0.156176
Gorai.006G201600.1.D	2347	2241.5	20.1739	0.356973
Gorai.006G201700.1.A	973	867.505	11	0.502928
Gorai.006G201700.1.D	973	867.505	3	0.137162
Gorai.006G201800.1.A	692	586.505	156.492	10.5829
Gorai.006G201800.1.D	692	586.505	230.508	15.5883
Gorai.006G201900.1.A	2134	2028.5	9.78261	0.191277
Gorai.006G201900.1.D	2134	2028.5	40.2174	0.786362
Gorai.006G202000.1.A	3593	3487.5	3559.44	40.4811
Gorai.006G202000.1.D	3593	3487.5	1452.56	16.5198
Gorai.006G202100.1.A	3674	3568.5	302.357	3.36061
Gorai.006G202100.1.D	3674	3568.5	291.643	3.24153
Gorai.006G202200.1.A	2189	2083.5	797.26	15.1772
Gorai.006G202200.1.D	2189	2083.5	1388.74	26.4369
Gorai.006G202300.1.A	1934	1828.5	12.7826	0.277273
Gorai.006G202300.1.D	1934	1828.5	36.2174	0.785608
Gorai.006G202400.1.A	782	676.505	3.05436	0.179075
Gorai.006G202400.1.D	782	676.505	2.37872	0.139462
Gorai.006G202500.1.A	560	454.551	26.1176	2.27896
Gorai.006G202500.1.D	560	454.551	10.8824	0.949565
Gorai.006G202600.1.A	1971	1865.5	122.722	2.60923
Gorai.006G202600.1.D	1971	1865.5	158.278	3.36518
Gorai.006G202700.1.A	4088	3982.5	14.2787	0.142206
Gorai.006G202700.1.D	4088	3982.5	52.7213	0.525067
Gorai.006G202800.1.A	4932	4826.5	96.4054	0.792234
Gorai.006G202800.1.D	4932	4826.5	67.5946	0.555475
Gorai.006G202900.1.A	1855	1749.5	817.242	18.5277
Gorai.006G202900.1.D	1855	1749.5	172.857	3.91884
Gorai.006G203000.1.A	1322	1216.5	44.1587	1.43975
Gorai.006G203000.1.D	1322	1216.5	62.8413	2.04888
Gorai.006G203100.1.A	1610	1504.5	236.216	6.22732
Gorai.006G203100.1.D	1610	1504.5	741.784	19.5555
Gorai.006G203200.1.A	3171	3065.5	106.875	1.3828
Gorai.006G203200.1.D	3171	3065.5	91.125	1.17902
Gorai.006G203300.1.A	3224	3118.5	70.8834	0.901536
Gorai.006G203300.1.D	3224	3118.5	224.117	2.85044
Gorai.006G203400.1.A	2039	1933.5	560.354	11.4948
Gorai.006G203400.1.D	2039	1933.5	575.646	11.8085
Gorai.006G203500.1.A	980	874.505	1300.74	58.9945
Gorai.006G203500.1.D	980	874.505	1294.26	58.701
Gorai.006G203600.1.A	955	849.505	13	0.606963
Gorai.006G203600.1.D	955	849.505	2	0.093379
Gorai.006G203700.1.A	237	132.247	5	1.49957
Gorai.006G203700.1.D	237	132.247	0	0
Gorai.006G203800.1.A	2376	2270.5	371.137	6.48331
Gorai.006G203800.1.D	2376	2270.5	254.863	4.45215
Gorai.006G203900.1.A	2055	1949.5	21.011	0.427471
Gorai.006G203900.1.D	2055	1949.5	217.989	4.43502
Gorai.006G204000.1.A	1369	1263.5	1.05063	0.0329806
Gorai.006G204000.1.D	1369	1263.5	330.949	10.3889
Gorai.006G204100.1.A	975	869.505	0	0
Gorai.006G204100.1.D	975	869.505	2	0.0912311
Gorai.006G204200.1.A	986	880.505	12	0.540548
Gorai.006G204200.1.D	986	880.505	12	0.540548
Gorai.006G204300.1.A	780	674.505	0	0
Gorai.006G204300.1.D	780	674.505	10	0.588031
Gorai.006G204400.1.A	572	466.551	14.5714	1.23876
Gorai.006G204400.1.D	572	466.551	19.4286	1.65168
Gorai.006G204500.1.A	340	234.63	1.73902	0.293972
Gorai.006G204500.1.D	340	234.63	1.73902	0.293972
Gorai.006G204600.1.A	348	242.63	5.43508	0.888478
Gorai.006G204600.1.D	348	242.63	5.43508	0.888478
Gorai.006G204700.1.A	1468	1362.5	311.413	9.06534
Gorai.006G204700.1.D	1468	1362.5	405.587	11.8068
Gorai.006G204800.1.A	1843	1737.5	3189.57	72.8101
Gorai.006G204800.1.D	1843	1737.5	1211.43	27.6538
Gorai.006G204900.1.A	1160	1054.5	216.141	8.12967
Gorai.006G204900.1.D	1160	1054.5	540.859	20.3433
Gorai.006G205000.1.A	2538	2432.5	126.284	2.05911
Gorai.006G205000.1.D	2538	2432.5	296.746	4.83856
Gorai.006G205100.1.A	3583	3477.5	488.376	5.5702
Gorai.006G205100.1.D	3583	3477.5	236.624	2.69884
Gorai.006G205200.1.A	1148	1042.5	13	0.494596
Gorai.006G205200.1.D	1148	1042.5	1	0.0380458
Gorai.006G205300.1.A	1890	1784.5	4	0.0889052
Gorai.006G205300.1.D	1890	1784.5	3	0.0666789
Gorai.006G205400.1.A	789	683.505	0	0
Gorai.006G205400.1.D	789	683.505	0	0
Gorai.006G205500.1.A	1383	1277.5	1	0.0310472
Gorai.006G205500.1.D	1383	1277.5	0	0
Gorai.006G205600.1.A	1659	1553.5	0	0
Gorai.006G205600.1.D	1659	1553.5	0	0
Gorai.006G205700.1.A	830	724.505	0	0
Gorai.006G205700.1.D	830	724.505	0	0
Gorai.006G205800.1.A	1639	1533.5	2	0.0517285
Gorai.006G205800.1.D	1639	1533.5	0	0
Gorai.006G205900.1.A	1523	1417.5	42.0349	1.17617
Gorai.006G205900.1.D	1523	1417.5	116.832	3.26904
Gorai.006G206000.1.A	2179	2073.5	23.7419	0.454147
Gorai.006G206000.1.D	2179	2073.5	40.2581	0.770075
Gorai.006G206100.1.A	1302	1196.5	1.125	0.0372926
Gorai.006G206100.1.D	1302	1196.5	7.875	0.261048
Gorai.006G206200.1.A	575	469.551	307.981	26.0151
Gorai.006G206200.1.D	575	469.551	3.01942	0.25505
Gorai.006G206300.1.A	2600	2494.5	31564	501.871
Gorai.006G206300.1.D	2600	2494.5	44874	713.503
Gorai.006G206400.1.A	2304	2198.5	126.56	2.28325
Gorai.006G206400.1.D	2304	2198.5	99.44	1.79398
Gorai.006G206500.1.A	3345	3239.5	100.225	1.22711
Gorai.006G206500.1.D	3345	3239.5	60.7748	0.744098
Gorai.006G206600.1.A	2247	2141.5	0	0
Gorai.006G206600.1.D	2247	2141.5	0	0
Gorai.006G206700.1.A	2253	2147.5	0	0
Gorai.006G206700.1.D	2253	2147.5	0	0
Gorai.006G206800.1.A	2560	2454.5	0	0
Gorai.006G206800.1.D	2560	2454.5	1	0.0161592
Gorai.006G206900.1.A	1224	1118.5	1	0.0354607
Gorai.006G206900.1.D	1224	1118.5	2	0.0709214
Gorai.006G207000.1.A	1687	1581.5	29	0.727298
Gorai.006G207000.1.D	1687	1581.5	47	1.17872
Gorai.006G207100.1.A	984	878.505	10	0.451482
Gorai.006G207100.1.D	984	878.505	5	0.225741
Gorai.006G207200.1.A	1814	1708.5	12	0.27858
Gorai.006G207200.1.D	1814	1708.5	6	0.13929
Gorai.006G207300.1.A	2359	2253.5	2796.78	49.225
Gorai.006G207300.1.D	2359	2253.5	2390.98	42.0825
Gorai.006G207400.1.A	1370	1264.5	17.5	0.548912
Gorai.006G207400.1.D	1370	1264.5	17.5	0.548912
Gorai.006G207500.1.A	1358	1252.5	1018.87	32.2643
Gorai.006G207500.1.D	1358	1252.5	670.134	21.2211
Gorai.006G207600.1.A	714	608.505	1	0.065181
Gorai.006G207600.1.D	714	608.505	1	0.065181
Gorai.006G207700.1.A	1491	1385.5	1	0.0286271
Gorai.006G207700.1.D	1491	1385.5	1	0.0286271
Gorai.006G207800.1.A	1550	1444.5	0	0
Gorai.006G207800.1.D	1550	1444.5	0	0
Gorai.006G207900.1.A	4856	4750.5	225.755	1.88488
Gorai.006G207900.1.D	4856	4750.5	135.245	1.12919
Gorai.006G208000.1.A	1641	1535.5	9.81818	0.253609
Gorai.006G208000.1.D	1641	1535.5	2.18182	0.0563576
Gorai.006G208100.1.A	2160	2054.5	0	0
Gorai.006G208100.1.D	2160	2054.5	0	0
Gorai.006G208200.1.A	1683	1577.5	0	0
Gorai.006G208200.1.D	1683	1577.5	1	0.0251428
Gorai.006G208300.1.A	2846	2740.5	229.572	3.32257
Gorai.006G208300.1.D	2846	2740.5	218.428	3.16128
Gorai.006G208400.1.A	2607	2501.5	41.1429	0.652346
Gorai.006G208400.1.D	2607	2501.5	14.8571	0.235569
Gorai.006G208500.1.A	1318	1212.5	26.7938	0.876468
Gorai.006G208500.1.D	1318	1212.5	86.2062	2.81994
Gorai.006G208600.1.A	706	600.505	8	0.528395
Gorai.006G208600.1.D	706	600.505	6	0.396296
Gorai.006G208700.1.A	2494	2388.5	1254.42	20.8306
Gorai.006G208700.1.D	2494	2388.5	2305.65	38.287
Gorai.006G208800.1.A	3548	3442.5	22.4502	0.258661
Gorai.006G208800.1.D	3548	3442.5	24.484	0.282093
Gorai.006G208900.1.A	1797	1691.5	197.89	4.6402
Gorai.006G208900.1.D	1797	1691.5	268.11	6.28672
Gorai.006G209000.1.A	1224	1118.5	0	0
Gorai.006G209000.1.D	1224	1118.5	0	0
Gorai.006G209100.1.A	1986	1880.5	41.6087	0.877596
Gorai.006G209100.1.D	1986	1880.5	16.3913	0.34572
Gorai.006G209200.1.A	588	482.551	0	0
Gorai.006G209200.1.D	588	482.551	0	0
Gorai.006G209300.1.A	2861	2755.5	105.72	1.52174
Gorai.006G209300.1.D	2861	2755.5	87.2803	1.25632
Gorai.006G209400.1.A	2075	1969.5	1050.1	21.1475
Gorai.006G209400.1.D	2075	1969.5	750.898	15.122
Gorai.006G209500.1.A	2705	2599.5	119.34	1.82087
Gorai.006G209500.1.D	2705	2599.5	133.66	2.03937
Gorai.006G209600.1.A	466	360.551	0	0
Gorai.006G209600.1.D	466	360.551	0	0
Gorai.006G209700.1.A	2309	2203.5	512.681	9.22823
Gorai.006G209700.1.D	2309	2203.5	672.319	12.1017
Gorai.006G209800.1.A	2810	2704.5	61.4769	0.90159
Gorai.006G209800.1.D	2810	2704.5	86.5231	1.26891
Gorai.006G209900.1.A	225	120.599	1	0.328883
Gorai.006G209900.1.D	225	120.599	3	0.98665
Gorai.006G210000.1.A	2296	2190.5	577.922	10.4643
Gorai.006G210000.1.D	2296	2190.5	483.08	8.74702
Gorai.006G210100.1.A	1424	1318.5	44.94	1.35187
Gorai.006G210100.1.D	1424	1318.5	62.06	1.86687
Gorai.006G210200.1.A	2304	2198.5	392.653	7.08379
Gorai.006G210200.1.D	2304	2198.5	1158.46	20.8997
Gorai.006G210300.1.A	2624	2518.5	7.69243	0.121145
Gorai.006G210300.1.D	2624	2518.5	17.1915	0.270743
Gorai.006G210400.1.A	1579	1473.5	977.03	26.2991
Gorai.006G210400.1.D	1579	1473.5	1075.97	28.9623
Gorai.006G210500.1.A	2596	2490.5	69.9618	1.11419
Gorai.006G210500.1.D	2596	2490.5	71.0382	1.13133
Gorai.006G210600.1.A	2086	1980.5	217.266	4.35111
Gorai.006G210600.1.D	2086	1980.5	297.734	5.96263
Gorai.006G210700.1.A	927	821.505	2.42857	0.117253
Gorai.006G210700.1.D	927	821.505	167.571	8.09049
Gorai.006G210800.1.A	804	698.505	0	0
Gorai.006G210800.1.D	804	698.505	0	0
Gorai.006G210900.1.A	1407	1301.5	113.3	3.45278
Gorai.006G210900.1.D	1407	1301.5	84.7	2.58121
Gorai.006G211000.1.A	1829	1723.5	7.63636	0.175735
Gorai.006G211000.1.D	1829	1723.5	28.3636	0.652731
Gorai.006G211100.1.A	1503	1397.5	5	0.141906
Gorai.006G211100.1.D	1503	1397.5	7	0.198669
Gorai.006G211200.1.A	1113	1007.5	12	0.47241
Gorai.006G211200.1.D	1113	1007.5	0	0
Gorai.006G211300.1.A	1314	1208.5	424.641	13.9367
Gorai.006G211300.1.D	1314	1208.5	645.359	21.1806
Gorai.006G211400.1.A	3608	3502.5	119.692	1.35541
Gorai.006G211400.1.D	3608	3502.5	35.7957	0.405356
Gorai.006G211500.1.A	900	794.505	0	0
Gorai.006G211500.1.D	900	794.505	5	0.249608
Gorai.006G211600.1.A	2116	2010.5	9	0.177551
Gorai.006G211600.1.D	2116	2010.5	12	0.236734
Gorai.006G211700.1.A	1052	946.505	45.3934	1.9022
Gorai.006G211700.1.D	1052	946.505	25.6066	1.07303
Gorai.006G211800.1.A	1572	1466.5	478.619	12.9447
Gorai.006G211800.1.D	1572	1466.5	287.381	7.77247
Gorai.006G211900.1.A	773	667.505	0	0
Gorai.006G211900.1.D	773	667.505	0	0
Gorai.006G212000.1.A	867	761.505	115.045	5.9921
Gorai.006G212000.1.D	867	761.505	354.955	18.4878
Gorai.006G212100.1.A	642	536.505	0	0
Gorai.006G212100.1.D	642	536.505	0	0
Gorai.006G212200.1.A	591	485.551	0	0
Gorai.006G212200.1.D	591	485.551	0	0
Gorai.006G212300.1.A	2109	2003.5	1788.53	35.4071
Gorai.006G212300.1.D	2109	2003.5	2404.47	47.6008
Gorai.006G212400.1.A	210	105.986	1	0.374229
Gorai.006G212400.1.D	210	105.986	4	1.49691
Gorai.006G212500.1.A	2875	2769.5	1489.46	21.331
Gorai.006G212500.1.D	2875	2769.5	1372.49	19.6558
Gorai.006G212600.1.A	2326	2220.5	205.096	3.66344
Gorai.006G212600.1.D	2326	2220.5	319.904	5.71417
Gorai.006G212700.1.A	1592	1486.5	587.961	15.688
Gorai.006G212700.1.D	1592	1486.5	446.039	11.9012
Gorai.006G212800.1.A	2138	2032.5	200.753	3.91755
Gorai.006G212800.1.D	2138	2032.5	287.247	5.60543
Gorai.006G212900.1.A	2731	2625.5	133.316	2.01397
Gorai.006G212900.1.D	2731	2625.5	403.684	6.09838
Gorai.006G213000.1.A	612	506.551	2	0.1566
Gorai.006G213000.1.D	612	506.551	1	0.0782999
Gorai.006G213100.1.A	744	638.505	375.494	23.3251
Gorai.006G213100.1.D	744	638.505	139.506	8.66592
Gorai.006G213200.1.A	379	273.583	0	0
Gorai.006G213200.1.D	379	273.583	10	1.44976
Gorai.006G213300.1.A	1634	1528.5	20.5789	0.534
Gorai.006G213300.1.D	1634	1528.5	71.4211	1.85329
Gorai.006G213400.1.A	1425	1319.5	69.0855	2.07664
Gorai.006G213400.1.D	1425	1319.5	69.0855	2.07664
Gorai.006G213500.1.A	1718	1612.5	148.129	3.64355
Gorai.006G213500.1.D	1718	1612.5	216.675	5.32957
Gorai.006G213600.1.A	2306	2200.5	43.873	0.790787
Gorai.006G213600.1.D	2306	2200.5	63.3234	1.14137
Gorai.006G213700.1.A	922	816.505	0	0
Gorai.006G213700.1.D	922	816.505	8	0.388612
Gorai.006G213800.1.A	1346	1240.5	625.549	20.0008
Gorai.006G213800.1.D	1346	1240.5	1382.45	44.2014
Gorai.006G213900.1.A	2403	2297.5	102.222	1.76471
Gorai.006G213900.1.D	2403	2297.5	265.778	4.58825
Gorai.006G214000.1.A	2418	2312.5	232.952	3.99548
Gorai.006G214000.1.D	2418	2312.5	199.048	3.41397
Gorai.006G214100.1.A	1543	1437.5	6.35294	0.175287
Gorai.006G214100.1.D	1543	1437.5	11.6471	0.32136
Gorai.006G214200.1.A	1864	1758.5	1849.37	41.7125
Gorai.006G214200.1.D	1864	1758.5	1971.63	44.4699
Gorai.006G214300.1.A	1253	1147.5	1	0.0345645
Gorai.006G214300.1.D	1253	1147.5	8	0.276516
Gorai.006G214400.1.A	2808	2702.5	104.857	1.53892
Gorai.006G214400.1.D	2808	2702.5	7.18603	0.105465
Gorai.006G214500.1.A	2475	2369.5	1962.23	32.8456
Gorai.006G214500.1.D	2475	2369.5	1315.73	22.0239
Gorai.006G214600.1.A	1487	1381.5	118.626	3.40575
Gorai.006G214600.1.D	1487	1381.5	276.374	7.93468
Gorai.006G214700.1.A	937	831.505	90.4444	4.31422
Gorai.006G214700.1.D	937	831.505	30.5556	1.45751
Gorai.006G214800.1.A	1988	1882.5	655.654	13.8141
Gorai.006G214800.1.D	1988	1882.5	1110.35	23.3941
Gorai.006G214900.1.A	800	694.505	1197.48	68.3875
Gorai.006G214900.1.D	800	694.505	705.523	40.2922
Gorai.006G215000.1.A	518	412.551	96.3721	9.26527
Gorai.006G215000.1.D	518	412.551	162.628	15.6351
Gorai.006G215100.1.A	864	758.505	4	0.209164
Gorai.006G215100.1.D	864	758.505	0	0
Gorai.006G215200.1.A	1547	1441.5	320.923	8.83019
Gorai.006G215200.1.D	1547	1441.5	309.253	8.5091
Gorai.006G215300.1.A	4989	4883.5	280.195	2.27569
Gorai.006G215300.1.D	4989	4883.5	164.993	1.34004
Gorai.006G215400.1.A	818	712.505	143	7.96037
Gorai.006G215400.1.D	818	712.505	0	0
Gorai.006G215500.1.A	1164	1058.5	0	0
Gorai.006G215500.1.D	1164	1058.5	0	0
Gorai.006G215600.1.A	1512	1406.5	4024.05	113.477
Gorai.006G215600.1.D	1512	1406.5	2518.95	71.0334
Gorai.006G215700.1.A	2127	2021.5	18.6923	0.366752
Gorai.006G215700.1.D	2127	2021.5	8.30769	0.163001
Gorai.006G215800.1.A	564	458.551	18.8053	1.62659
Gorai.006G215800.1.D	564	458.551	106.195	9.18544
Gorai.006G215900.1.A	411	305.583	0	0
Gorai.006G215900.1.D	411	305.583	0	0
Gorai.006G216000.1.A	1025	919.505	107.046	4.61745
Gorai.006G216000.1.D	1025	919.505	153.954	6.64082
Gorai.006G216100.1.A	717	611.505	1	0.0648612
Gorai.006G216100.1.D	717	611.505	0	0
Gorai.006G216200.1.A	1638	1532.5	1	0.0258811
Gorai.006G216200.1.D	1638	1532.5	0	0
Gorai.006G216300.1.A	828	722.505	21.7143	1.19204
Gorai.006G216300.1.D	828	722.505	2.28571	0.125478
Gorai.006G216400.1.A	1110	1004.5	0	0
Gorai.006G216400.1.D	1110	1004.5	0	0
Gorai.006G216500.1.A	1311	1205.5	0	0
Gorai.006G216500.1.D	1311	1205.5	0	0
Gorai.006G216600.1.A	390	284.583	0	0
Gorai.006G216600.1.D	390	284.583	0	0
Gorai.006G216700.1.A	2439	2333.5	89.3443	1.5186
Gorai.006G216700.1.D	2439	2333.5	128.656	2.18678
Gorai.006G216800.1.A	1788	1682.5	353.69	8.33779
Gorai.006G216800.1.D	1788	1682.5	748.31	17.6405
Gorai.006G216900.1.A	1207	1101.5	1	0.036008
Gorai.006G216900.1.D	1207	1101.5	0	0
Gorai.006G217000.1.A	1248	1142.5	0	0
Gorai.006G217000.1.D	1248	1142.5	0	0
Gorai.006G217100.1.A	1146	1040.5	30.0541	1.14563
Gorai.006G217100.1.D	1146	1040.5	108.946	4.1529
Gorai.006G217200.1.A	1830	1724.5	15.8667	0.364927
Gorai.006G217200.1.D	1830	1724.5	1.13333	0.0260662
Gorai.006G217300.1.A	1162	1056.5	0	0
Gorai.006G217300.1.D	1162	1056.5	0	0
Gorai.006G217400.1.A	1484	1378.5	53.4105	1.53675
Gorai.006G217400.1.D	1484	1378.5	64.5895	1.8584
Gorai.006G217500.1.A	1905	1799.5	121.562	2.67936
Gorai.006G217500.1.D	1905	1799.5	151.438	3.33784
Gorai.006G217600.1.A	1405	1299.5	2.07742	0.0634061
Gorai.006G217600.1.D	1405	1299.5	158.923	4.85057
Gorai.006G217700.1.A	1979	1873.5	953.374	20.1834
Gorai.006G217700.1.D	1979	1873.5	434.626	9.20123
Gorai.006G217800.1.A	971	865.505	33.6	1.53977
Gorai.006G217800.1.D	971	865.505	78.4	3.59279
Gorai.006G217900.1.A	986	880.505	86.2013	3.883
Gorai.006G217900.1.D	986	880.505	90.7987	4.09009
Gorai.006G218000.1.A	1928	1822.5	96.9388	2.10967
Gorai.006G218000.1.D	1928	1822.5	93.0612	2.02528
Gorai.006G218100.1.A	1935	1829.5	0	0
Gorai.006G218100.1.D	1935	1829.5	8	0.173437
Gorai.006G218200.1.A	792	686.505	0	0
Gorai.006G218200.1.D	792	686.505	0	0
Gorai.006G218300.1.A	1686	1580.5	42.869	1.0758
Gorai.006G218300.1.D	1686	1580.5	125.131	3.14018
Gorai.006G218400.1.A	1910	1804.5	80.0752	1.76005
Gorai.006G218400.1.D	1910	1804.5	61.9248	1.3611
Gorai.006G218500.1.A	1735	1629.5	36.7949	0.895605
Gorai.006G218500.1.D	1735	1629.5	4.20513	0.102355
Gorai.006G218600.1.A	1458	1352.5	114.417	3.35535
Gorai.006G218600.1.D	1458	1352.5	27.5827	0.808879
Gorai.006G218700.1.A	5385	5279.5	56.1739	0.422014
Gorai.006G218700.1.D	5385	5279.5	45.8261	0.344274
Gorai.006G218800.1.A	2960	2854.5	105.739	1.46922
Gorai.006G218800.1.D	2960	2854.5	15.8976	0.220895
Gorai.006G218900.1.A	1906	1800.5	617.094	13.5938
Gorai.006G218900.1.D	1906	1800.5	805.906	17.7531
Gorai.006G219000.1.A	2919	2813.5	191.646	2.7017
Gorai.006G219000.1.D	2919	2813.5	182.354	2.57071
Gorai.006G219100.1.A	2347	2241.5	440.964	7.80277
Gorai.006G219100.1.D	2347	2241.5	342.047	6.05244
Gorai.006G219200.1.A	2429	2323.5	298.351	5.09294
Gorai.006G219200.1.D	2429	2323.5	239.638	4.0907
Gorai.006G219300.1.A	1493	1387.5	0	0
Gorai.006G219300.1.D	1493	1387.5	5	0.142929
Gorai.006G219400.1.A	4091	3985.5	46.2714	0.460484
Gorai.006G219400.1.D	4091	3985.5	32.7286	0.325708
Gorai.006G219500.1.A	655	549.505	199.337	14.388
Gorai.006G219500.1.D	655	549.505	17.6628	1.27489
Gorai.006G219600.1.A	1131	1025.5	199.352	7.71025
Gorai.006G219600.1.D	1131	1025.5	275.648	10.6611
Gorai.006G219700.1.A	638	532.505	0	0
Gorai.006G219700.1.D	638	532.505	1	0.0744837
Gorai.006G219800.1.A	2496	2390.5	15690.5	260.335
Gorai.006G219800.1.D	2496	2390.5	15635.4	259.42
Gorai.006G219900.1.A	1809	1703.5	0	0
Gorai.006G219900.1.D	1809	1703.5	0	0
Gorai.006G220000.1.A	2512	2406.5	292.597	4.82245
Gorai.006G220000.1.D	2512	2406.5	45.403	0.748312
Gorai.006G220100.1.A	3179	3073.5	442.784	5.71404
Gorai.006G220100.1.D	3179	3073.5	561.216	7.24237
Gorai.006G220200.1.A	1279	1173.5	49.2857	1.66579
Gorai.006G220200.1.D	1279	1173.5	10.7143	0.362129
Gorai.006G220300.1.A	1882	1776.5	304.115	6.78979
Gorai.006G220300.1.D	1882	1776.5	476.885	10.6471
Gorai.006G220400.1.A	2763	2657.5	159.13	2.375
Gorai.006G220400.1.D	2763	2657.5	339.87	5.07252
Gorai.006G220500.1.A	1227	1121.5	1202.23	42.5179
Gorai.006G220500.1.D	1227	1121.5	1583.77	56.0113
Gorai.006G220600.1.A	3028	2922.5	7	0.0950009
Gorai.006G220600.1.D	3028	2922.5	0	0
Gorai.006G220700.1.A	204	100.177	0	0
Gorai.006G220700.1.D	204	100.177	0	0
Gorai.006G220800.1.A	991	885.505	3	0.134374
Gorai.006G220800.1.D	991	885.505	17	0.761453
Gorai.006G220900.1.A	932	826.505	0	0
Gorai.006G220900.1.D	932	826.505	0	0
Gorai.006G221000.1.A	1089	983.505	38	1.53247
Gorai.006G221000.1.D	1089	983.505	0	0
Gorai.006G221100.1.A	2204	2098.5	134.806	2.5479
Gorai.006G221100.1.D	2204	2098.5	287.194	5.42814
Gorai.006G221200.1.A	4008	3902.5	252.284	2.56408
Gorai.006G221200.1.D	4008	3902.5	367.716	3.73727
Gorai.006G221300.1.A	1728	1622.5	1583.94	38.7202
Gorai.006G221300.1.D	1728	1622.5	1200.06	29.3361
Gorai.006G221400.1.A	1482	1376.5	0	0
Gorai.006G221400.1.D	1482	1376.5	0	0
Gorai.006G221500.1.A	740	634.505	5	0.31255
Gorai.006G221500.1.D	740	634.505	0	0
Gorai.006G221600.1.A	1916	1810.5	181.418	3.97435
Gorai.006G221600.1.D	1916	1810.5	109.582	2.40062
Gorai.006G221700.1.A	1044	938.505	437.684	18.4973
Gorai.006G221700.1.D	1044	938.505	455.316	19.2425
Gorai.006G221800.1.A	1613	1507.5	9.5625	0.251593
Gorai.006G221800.1.D	1613	1507.5	7.4375	0.195683
Gorai.006G221900.1.A	1829	1723.5	8.4	0.193309
Gorai.006G221900.1.D	1829	1723.5	9.6	0.220924
Gorai.006G222000.1.A	897	791.505	570.662	28.5963
Gorai.006G222000.1.D	897	791.505	366.338	18.3575
Gorai.006G222100.1.A	3888	3782.5	1281.69	13.4397
Gorai.006G222100.1.D	3888	3782.5	1315.31	13.7922
Gorai.006G222200.1.A	811	705.505	744.185	41.8375
Gorai.006G222200.1.D	811	705.505	1086.82	61.0999
Gorai.006G222300.1.A	1280	1174.5	0	0
Gorai.006G222300.1.D	1280	1174.5	0	0
Gorai.006G222400.1.A	1275	1169.5	1214.14	41.1767
Gorai.006G222400.1.D	1275	1169.5	31.8612	1.08055
Gorai.006G222500.1.A	2743	2637.5	1456.12	21.8972
Gorai.006G222500.1.D	2743	2637.5	1004.88	15.1115
Gorai.006G222600.1.A	948	842.505	130.296	6.13401
Gorai.006G222600.1.D	948	842.505	473.704	22.3008
Gorai.006G222700.1.A	2231	2125.5	19.3671	0.361399
Gorai.006G222700.1.D	2231	2125.5	65.6329	1.22474
Gorai.006G222800.1.A	5563	5457.5	282.634	2.05407
Gorai.006G222800.1.D	5563	5457.5	428.366	3.11319
Gorai.006G222900.1.A	830	724.505	2	0.10949
Gorai.006G222900.1.D	830	724.505	0	0
Gorai.006G223000.1.A	1793	1687.5	31.0351	0.729446
Gorai.006G223000.1.D	1793	1687.5	29.9649	0.704292
Gorai.006G223100.1.A	1165	1059.5	0	0
Gorai.006G223100.1.D	1165	1059.5	0	0
Gorai.006G223200.1.A	4485	4379.5	308.486	2.7938
Gorai.006G223200.1.D	4485	4379.5	67.5138	0.611438
Gorai.006G223300.1.A	1395	1289.5	211.891	6.51739
Gorai.006G223300.1.D	1395	1289.5	72.1094	2.21796
Gorai.006G223400.1.A	2831	2725.5	911.627	13.2665
Gorai.006G223400.1.D	2831	2725.5	1100.37	16.0132
Gorai.006G223500.1.A	3630	3524.5	200.59	2.25733
Gorai.006G223500.1.D	3630	3524.5	169.41	1.90645
Gorai.006G223600.1.A	2291	2185.5	2351.65	42.6781
Gorai.006G223600.1.D	2291	2185.5	3693.35	67.0277
Gorai.006G223700.1.A	713	607.505	98.2227	6.41279
Gorai.006G223700.1.D	713	607.505	142.777	9.32169
Gorai.006G223800.1.A	1612	1506.5	1287.47	33.8961
Gorai.006G223800.1.D	1612	1506.5	1468.53	38.6633
Gorai.006G223900.1.A	2004	1898.5	15428.1	322.319
Gorai.006G223900.1.D	2004	1898.5	15320.9	320.079
Gorai.006G224000.1.A	1892	1786.5	124.757	2.76978
Gorai.006G224000.1.D	1892	1786.5	56.2429	1.24867
Gorai.006G224100.1.A	1044	938.505	0	0
Gorai.006G224100.1.D	1044	938.505	0	0
Gorai.006G224200.1.A	1616	1510.5	2	0.0525161
Gorai.006G224200.1.D	1616	1510.5	1	0.0262581
Gorai.006G224300.1.A	1906	1800.5	6	0.132173
Gorai.006G224300.1.D	1906	1800.5	0	0
Gorai.006G224400.1.A	1678	1572.5	0	0
Gorai.006G224400.1.D	1678	1572.5	9	0.227005
Gorai.006G224500.1.A	1041	935.505	0	0
Gorai.006G224500.1.D	1041	935.505	0	0
Gorai.006G224600.1.A	849	743.505	9	0.480113
Gorai.006G224600.1.D	849	743.505	21	1.12026
Gorai.006G224700.1.A	1638	1532.5	0	0
Gorai.006G224700.1.D	1638	1532.5	0	0
Gorai.006G224800.1.A	2823	2717.5	0	0
Gorai.006G224800.1.D	2823	2717.5	0	0
Gorai.006G224900.1.A	2955	2849.5	5.20833	0.072496
Gorai.006G224900.1.D	2955	2849.5	19.7917	0.275485
Gorai.006G225000.1.A	3214	3108.5	29.7945	0.380163
Gorai.006G225000.1.D	3214	3108.5	45.2055	0.576799
Gorai.006G225100.1.A	603	497.551	0	0
Gorai.006G225100.1.D	603	497.551	1	0.0797163
Gorai.006G225200.1.A	1875	1769.5	38.6104	0.865442
Gorai.006G225200.1.D	1875	1769.5	38.6104	0.865442
Gorai.006G225300.1.A	3027	2921.5	2411.95	32.7451
Gorai.006G225300.1.D	3027	2921.5	2948.88	40.0346
Gorai.006G225400.1.A	2119	2013.5	283.44	5.58333
Gorai.006G225400.1.D	2119	2013.5	540.56	10.6482
Gorai.006G225500.1.A	336	230.63	0	0
Gorai.006G225500.1.D	336	230.63	0	0
Gorai.006G225600.1.A	437	331.583	0	0
Gorai.006G225600.1.D	437	331.583	0	0
Gorai.006G225700.1.A	1250	1144.5	3	0.103965
Gorai.006G225700.1.D	1250	1144.5	0	0
Gorai.006G225800.1.A	1710	1604.5	73.7618	1.82337
Gorai.006G225800.1.D	1710	1604.5	53.9401	1.33339
Gorai.006G225900.1.A	1014	908.505	0	0
Gorai.006G225900.1.D	1014	908.505	9	0.392917
Gorai.006G226000.1.A	1601	1495.5	0	0
Gorai.006G226000.1.D	1601	1495.5	4	0.106086
Gorai.006G226100.1.A	2279	2173.5	304.46	5.5559
Gorai.006G226100.1.D	2279	2173.5	269.54	4.91867
Gorai.006G226200.1.A	1116	1010.5	14	0.549509
Gorai.006G226200.1.D	1116	1010.5	0	0
Gorai.006G226300.1.A	3965	3859.5	0	0
Gorai.006G226300.1.D	3965	3859.5	28	0.287747
Gorai.006G226400.1.A	1720	1614.5	1	0.0245666
Gorai.006G226400.1.D	1720	1614.5	0	0
Gorai.006G226500.1.A	1770	1664.5	0	0
Gorai.006G226500.1.D	1770	1664.5	0	0
Gorai.006G226600.1.A	1050	944.505	0	0
Gorai.006G226600.1.D	1050	944.505	6	0.25196
Gorai.006G226700.1.A	1559	1453.5	1	0.0272878
Gorai.006G226700.1.D	1559	1453.5	20	0.545756
Gorai.006G226800.1.A	1625	1519.5	15.6522	0.408562
Gorai.006G226800.1.D	1625	1519.5	8.34783	0.2179
Gorai.006G226900.1.A	1735	1629.5	245.541	5.97659
Gorai.006G226900.1.D	1735	1629.5	126.459	3.07807
Gorai.006G227000.1.A	3393	3287.5	100.527	1.21284
Gorai.006G227000.1.D	3393	3287.5	70.4727	0.850236
Gorai.006G227100.1.A	1523	1417.5	861.617	24.1088
Gorai.006G227100.1.D	1523	1417.5	1088.88	30.4678
Gorai.006G227200.1.A	2472	2366.5	468.168	7.84656
Gorai.006G227200.1.D	2472	2366.5	13.8322	0.23183
Gorai.006G227300.1.A	911	805.505	41	2.01883
Gorai.006G227300.1.D	911	805.505	27	1.32948
Gorai.006G227400.1.A	2233	2127.5	7.51852	0.140167
Gorai.006G227400.1.D	2233	2127.5	21.4815	0.400478
Gorai.006G227500.1.A	1802	1696.5	93.0435	2.17528
Gorai.006G227500.1.D	1802	1696.5	13.9565	0.326292
Gorai.006G227600.1.A	1994	1888.5	38.2627	0.803605
Gorai.006G227600.1.D	1994	1888.5	90.7373	1.90569
Gorai.006G227700.1.A	992	886.505	181.689	8.1289
Gorai.006G227700.1.D	992	886.505	344.311	15.4048
Gorai.006G227800.1.A	2142	2036.5	44.0178	0.85729
Gorai.006G227800.1.D	2142	2036.5	10164	197.954
Gorai.006G227900.1.A	1613	1507.5	86.069	2.2645
Gorai.006G227900.1.D	1613	1507.5	233.931	6.1548
Gorai.006G228000.1.A	1299	1193.5	0	0
Gorai.006G228000.1.D	1299	1193.5	0	0
Gorai.006G228100.1.A	4163	4057.5	1195.55	11.6868
Gorai.006G228100.1.D	4163	4057.5	824.879	8.06336
Gorai.006G228200.1.A	3730	3624.5	101.004	1.10529
Gorai.006G228200.1.D	3730	3624.5	163.996	1.79461
Gorai.006G228300.1.A	1014	908.505	8.72727	0.38101
Gorai.006G228300.1.D	1014	908.505	3.27273	0.142879
Gorai.006G228400.1.A	576	470.551	0	0
Gorai.006G228400.1.D	576	470.551	0	0
Gorai.006G228500.1.A	1628	1522.5	3	0.0781533
Gorai.006G228500.1.D	1628	1522.5	0	0
Gorai.006G228600.1.A	1621	1515.5	2	0.0523429
Gorai.006G228600.1.D	1621	1515.5	0	0
Gorai.006G228700.1.A	983	877.505	0	0
Gorai.006G228700.1.D	983	877.505	0	0
Gorai.006G228800.1.A	1380	1274.5	0	0
Gorai.006G228800.1.D	1380	1274.5	0	0
Gorai.006G228900.1.A	870	764.505	1.19048	0.0617626
Gorai.006G228900.1.D	870	764.505	23.8095	1.23525
Gorai.006G229000.1.A	1687	1581.5	25.5319	0.640321
Gorai.006G229000.1.D	1687	1581.5	24.4681	0.613641
Gorai.006G229100.1.A	1436	1330.5	5369.01	160.053
Gorai.006G229100.1.D	1436	1330.5	8558.99	255.147
Gorai.006G229200.1.A	1071	965.505	8	0.32864
Gorai.006G229200.1.D	1071	965.505	2	0.08216
Gorai.006G229300.1.A	1532	1426.5	953.678	26.5163
Gorai.006G229300.1.D	1532	1426.5	507.322	14.1057
Gorai.006G229400.1.A	1578	1472.5	259.503	6.98989
Gorai.006G229400.1.D	1578	1472.5	304.497	8.20185
Gorai.006G229500.1.A	2082	1976.5	210.839	4.23095
Gorai.006G229500.1.D	2082	1976.5	305.161	6.12374
Gorai.006G229600.1.A	1506	1400.5	97.8674	2.77165
Gorai.006G229600.1.D	1506	1400.5	156.197	4.42358
Gorai.006G229700.1.A	2273	2167.5	383.783	7.0228
Gorai.006G229700.1.D	2273	2167.5	763.217	13.966
Gorai.006G229800.1.A	659	553.505	109.479	7.84506
Gorai.006G229800.1.D	659	553.505	260.521	18.6683
Gorai.006G229900.1.A	1398	1292.5	136.28	4.18201
Gorai.006G229900.1.D	1398	1292.5	80.7198	2.47704
Gorai.006G230000.1.A	2209	2103.5	267.419	5.04236
Gorai.006G230000.1.D	2209	2103.5	385.581	7.27038
Gorai.006G230100.1.A	703	597.505	1.06667	0.0708064
Gorai.006G230100.1.D	703	597.505	46.9333	3.11548
Gorai.006G230200.1.A	1318	1212.5	109.528	3.58284
Gorai.006G230200.1.D	1318	1212.5	105.472	3.45015
Gorai.006G230300.1.A	1158	1052.5	8.66667	0.326598
Gorai.006G230300.1.D	1158	1052.5	4.33333	0.163299
Gorai.006G230400.1.A	1051	945.505	0	0
Gorai.006G230400.1.D	1051	945.505	0	0
Gorai.006G230500.1.A	802	696.505	2.46154	0.140174
Gorai.006G230500.1.D	802	696.505	13.5385	0.770957
Gorai.006G230600.1.A	893	787.505	0	0
Gorai.006G230600.1.D	893	787.505	0	0
Gorai.006G230700.1.A	1192	1086.5	10	0.365051
Gorai.006G230700.1.D	1192	1086.5	4	0.14602
Gorai.006G230800.1.A	576	470.551	0	0
Gorai.006G230800.1.D	576	470.551	3	0.252871
Gorai.006G230900.1.A	807	701.505	0	0
Gorai.006G230900.1.D	807	701.505	63.7001	3.60159
Gorai.006G231000.1.A	1025	919.505	40.6493	1.75341
Gorai.006G231000.1.D	1025	919.505	159.091	6.86242
Gorai.006G231100.1.A	415	309.583	0	0
Gorai.006G231100.1.D	415	309.583	0	0
Gorai.006G231200.1.A	748	642.505	13.0505	0.805631
Gorai.006G231200.1.D	748	642.505	5.06405	0.312613
Gorai.006G231300.1.A	787	681.505	22.4449	1.30627
Gorai.006G231300.1.D	787	681.505	0	0
Gorai.006G231400.1.A	604	498.551	0	0
Gorai.006G231400.1.D	604	498.551	0	0
Gorai.006G231500.1.A	477	371.551	0	0
Gorai.006G231500.1.D	477	371.551	0	0
Gorai.006G231600.1.A	543	437.551	0	0
Gorai.006G231600.1.D	543	437.551	0	0
Gorai.006G231700.1.A	4251	4145.5	13.7429	0.131488
Gorai.006G231700.1.D	4251	4145.5	60.2571	0.576522
Gorai.006G231800.1.A	1405	1299.5	235.056	7.17428
Gorai.006G231800.1.D	1405	1299.5	107.944	3.29463
Gorai.006G231900.1.A	2188	2082.5	747.249	14.2319
Gorai.006G231900.1.D	2188	2082.5	398.751	7.59453
Gorai.006G232000.1.A	2035	1929.5	74.25	1.52628
Gorai.006G232000.1.D	2035	1929.5	114.75	2.3588
Gorai.006G232100.1.A	961	855.505	34.075	1.57979
Gorai.006G232100.1.D	961	855.505	12.925	0.599229
Gorai.006G232200.1.A	1696	1590.5	945.394	23.5756
Gorai.006G232200.1.D	1696	1590.5	748.606	18.6682
Gorai.006G232300.1.A	895	789.505	12.4138	0.623641
Gorai.006G232300.1.D	895	789.505	17.5862	0.883492
Gorai.006G232400.1.A	3753	3647.5	143.367	1.55897
Gorai.006G232400.1.D	3753	3647.5	88.5343	0.962721
Gorai.006G232500.1.A	3000	2894.5	65.0336	0.891145
Gorai.006G232500.1.D	3000	2894.5	61.0653	0.836769
Gorai.006G232600.1.A	5639	5533.5	1245.07	8.92439
Gorai.006G232600.1.D	5639	5533.5	1559.93	11.1812
Gorai.006G232700.1.A	900	794.505	104.79	5.23131
Gorai.006G232700.1.D	900	794.505	145.21	7.24909
Gorai.006G232800.1.A	1409	1303.5	8	0.243423
Gorai.006G232800.1.D	1409	1303.5	8	0.243423
Gorai.006G232900.1.A	507	401.551	0	0
Gorai.006G232900.1.D	507	401.551	0	0
Gorai.006G233000.1.A	853	747.505	1	0.0530605
Gorai.006G233000.1.D	853	747.505	1	0.0530605
Gorai.006G233100.1.A	1978	1872.5	7.85714	0.166428
Gorai.006G233100.1.D	1978	1872.5	3.14286	0.0665712
Gorai.006G233200.1.A	1132	1026.5	22.2	0.857782
Gorai.006G233200.1.D	1132	1026.5	14.8	0.571855
Gorai.006G233300.1.A	786	680.505	0	0
Gorai.006G233300.1.D	786	680.505	1	0.0582846
Gorai.006G233400.1.A	453	347.551	71.0448	8.10771
Gorai.006G233400.1.D	453	347.551	13.9552	1.59259
Gorai.006G233500.1.A	675	569.505	35.5504	2.4759
Gorai.006G233500.1.D	675	569.505	35.5504	2.4759
Gorai.006G233600.1.A	1860	1754.5	5039.79	113.931
Gorai.006G233600.1.D	1860	1754.5	5513.21	124.633
Gorai.006G233700.1.A	2046	1940.5	524.864	10.728
Gorai.006G233700.1.D	2046	1940.5	315.136	6.44122
Gorai.006G233800.1.A	951	845.505	1.75	0.0820932
Gorai.006G233800.1.D	951	845.505	1.75	0.0820932
Gorai.006G233900.1.A	951	845.505	1.75	0.0820932
Gorai.006G233900.1.D	951	845.505	1.75	0.0820932
Gorai.006G234000.1.A	325	219.63	0	0
Gorai.006G234000.1.D	325	219.63	0	0
Gorai.006G234100.1.A	921	815.505	0	0
Gorai.006G234100.1.D	921	815.505	0	0
Gorai.006G234200.1.A	1458	1352.5	0	0
Gorai.006G234200.1.D	1458	1352.5	0	0
Gorai.006G234300.1.A	1593	1487.5	89.7182	2.39225
Gorai.006G234300.1.D	1593	1487.5	49.2818	1.31405
Gorai.006G234400.1.A	679	573.505	0	0
Gorai.006G234400.1.D	679	573.505	0	0
Gorai.006G234500.1.A	207	103.083	2.00091	0.769887
Gorai.006G234500.1.D	207	103.083	0	0
Gorai.006G234600.1.A	1371	1265.5	139.92	4.38532
Gorai.006G234600.1.D	1371	1265.5	91.08	2.85459
Gorai.006G234700.1.A	1404	1298.5	0	0
Gorai.006G234700.1.D	1404	1298.5	0	0
Gorai.006G234800.1.A	2211	2105.5	186.902	3.52081
Gorai.006G234800.1.D	2211	2105.5	292.098	5.50247
Gorai.006G234900.1.A	2702	2596.5	299.268	4.57147
Gorai.006G234900.1.D	2702	2596.5	364.732	5.57147
Gorai.006G235000.1.A	778	672.505	0	0
Gorai.006G235000.1.D	778	672.505	2	0.117956
Gorai.006G235100.1.A	868	762.505	35380.8	1840.39
Gorai.006G235100.1.D	868	762.505	30647.2	1594.17
Gorai.006G235200.1.A	2161	2055.5	486.067	9.37913
Gorai.006G235200.1.D	2161	2055.5	511.933	9.87824
Gorai.006G235300.1.A	1181	1075.5	2	0.0737569
Gorai.006G235300.1.D	1181	1075.5	0	0
Gorai.006G235400.1.A	1153	1047.5	163.721	6.19916
Gorai.006G235400.1.D	1153	1047.5	166.279	6.29603
Gorai.006G235500.1.A	1533	1427.5	2	0.0555696
Gorai.006G235500.1.D	1533	1427.5	0	0
Gorai.006G235600.1.A	1797	1691.5	661.504	15.5112
Gorai.006G235600.1.D	1797	1691.5	706.496	16.5661
Gorai.006G235700.1.A	3564	3458.5	1878.98	21.5486
Gorai.006G235700.1.D	3564	3458.5	1196.02	13.7162
Gorai.006G235800.1.A	937	831.505	443.312	21.1461
Gorai.006G235800.1.D	937	831.505	87.6881	4.18274
Gorai.006G235900.1.A	1010	904.505	2393.85	104.972
Gorai.006G235900.1.D	1010	904.505	1198.15	52.5392
Gorai.006G236000.1.A	1932	1826.5	264.141	5.73587
Gorai.006G236000.1.D	1932	1826.5	282.859	6.14235
Gorai.006G236100.1.A	2955	2849.5	692.822	9.64355
Gorai.006G236100.1.D	2955	2849.5	823.178	11.458
Gorai.006G236200.1.A	2976	2870.5	950.925	13.1393
Gorai.006G236200.1.D	2976	2870.5	94.0754	1.29988
Gorai.006G236300.1.A	1154	1048.5	79	2.98842
Gorai.006G236300.1.D	1154	1048.5	0	0
Gorai.006G236400.1.A	1716	1610.5	1483.77	36.5418
Gorai.006G236400.1.D	1716	1610.5	906.231	22.3183
Gorai.006G236500.1.A	1880	1774.5	221.16	4.94327
Gorai.006G236500.1.D	1880	1774.5	100.84	2.25393
Gorai.006G236600.1.A	1989	1883.5	0	0
Gorai.006G236600.1.D	1989	1883.5	0	0
Gorai.006G236700.1.A	777	671.505	1	0.0590658
Gorai.006G236700.1.D	777	671.505	0	0
Gorai.006G236800.1.A	861	755.505	8	0.419989
Gorai.006G236800.1.D	861	755.505	0	0
Gorai.006G236900.1.A	2236	2130.5	101.951	1.89799
Gorai.006G236900.1.D	2236	2130.5	118.049	2.19768
Gorai.006G237000.1.A	1314	1208.5	37.5362	1.23193
Gorai.006G237000.1.D	1314	1208.5	32.4638	1.06546
Gorai.006G237100.1.A	2944	2838.5	701.166	9.79752
Gorai.006G237100.1.D	2944	2838.5	627.359	8.7662
Gorai.006G237200.1.A	2236	2130.5	323.844	6.0289
Gorai.006G237200.1.D	2236	2130.5	382.156	7.11449
Gorai.006G237300.1.A	1171	1065.5	161.542	6.01335
Gorai.006G237300.1.D	1171	1065.5	5.45752	0.203154
Gorai.006G237400.1.A	1846	1740.5	2	0.0455764
Gorai.006G237400.1.D	1846	1740.5	1	0.0227882
Gorai.006G237500.1.A	865	759.505	0	0
Gorai.006G237500.1.D	865	759.505	5	0.261111
Gorai.006G237600.1.A	1809	1703.5	7	0.162982
Gorai.006G237600.1.D	1809	1703.5	0	0
Gorai.006G237700.1.A	5680	5574.5	1018.48	7.24655
Gorai.006G237700.1.D	5680	5574.5	896.52	6.37879
Gorai.006G237800.1.A	588	482.551	0	0
Gorai.006G237800.1.D	588	482.551	0	0
Gorai.006G237900.1.A	526	420.551	0	0
Gorai.006G237900.1.D	526	420.551	0	0
Gorai.006G238000.1.A	2016	1910.5	538.056	11.1703
Gorai.006G238000.1.D	2016	1910.5	339.944	7.05738
Gorai.006G238100.1.A	1019	913.505	212.551	9.22862
Gorai.006G238100.1.D	1019	913.505	410.977	17.844
Gorai.006G238200.1.A	3005	2899.5	59.3347	0.811652
Gorai.006G238200.1.D	3005	2899.5	456.665	6.24682
Gorai.006G238300.1.A	1994	1888.5	0	0
Gorai.006G238300.1.D	1994	1888.5	2	0.0420046
Gorai.006G238400.1.A	2113	2007.5	744.245	14.7043
Gorai.006G238400.1.D	2113	2007.5	109.755	2.16847
Gorai.006G238500.1.A	1072	966.505	1	0.0410375
Gorai.006G238500.1.D	1072	966.505	0	0
Gorai.006G238600.1.A	1704	1598.5	2	0.0496251
Gorai.006G238600.1.D	1704	1598.5	0	0
Gorai.006G238700.1.A	623	517.505	271.235	20.7882
Gorai.006G238700.1.D	623	517.505	205.765	15.7704
Gorai.006G238800.1.A	887	781.505	269.792	13.6925
Gorai.006G238800.1.D	887	781.505	205.208	10.4147
Gorai.006G238900.1.A	1056	950.505	0	0
Gorai.006G238900.1.D	1056	950.505	1	0.0417283
Gorai.006G239000.1.A	4373	4267.5	812.738	7.55373
Gorai.006G239000.1.D	4373	4267.5	873.262	8.11625
Gorai.006G239100.1.A	1057	951.505	411.13	17.1377
Gorai.006G239100.1.D	1057	951.505	213.87	8.91507
Gorai.006G239200.1.A	532	426.551	0	0
Gorai.006G239200.1.D	532	426.551	0	0
Gorai.006G239300.1.A	2349	2243.5	2480.3	43.8492
Gorai.006G239300.1.D	2349	2243.5	2250.7	39.7902
Gorai.006G239400.1.A	1197	1091.5	1	0.0363379
Gorai.006G239400.1.D	1197	1091.5	13	0.472392
Gorai.006G239500.1.A	1370	1264.5	61.5108	1.92937
Gorai.006G239500.1.D	1370	1264.5	88.4892	2.77559
Gorai.006G239600.1.A	525	419.551	47	4.44322
Gorai.006G239600.1.D	525	419.551	57	5.38858
Gorai.006G239700.1.A	630	524.505	0	0
Gorai.006G239700.1.D	630	524.505	4	0.302479
Gorai.006G239800.1.A	2309	2203.5	747.626	13.4572
Gorai.006G239800.1.D	2309	2203.5	495.374	8.91669
Gorai.006G239900.1.A	1580	1474.5	171.674	4.61789
Gorai.006G239900.1.D	1580	1474.5	260.326	7.00254
Gorai.006G240000.1.A	896	790.505	2	0.100348
Gorai.006G240000.1.D	896	790.505	0	0
Gorai.006G240100.1.A	2036	1930.5	427.222	8.77744
Gorai.006G240100.1.D	2036	1930.5	341.778	7.02195
Gorai.006G240200.1.A	2303	2197.5	1497.95	27.0366
Gorai.006G240200.1.D	2303	2197.5	1416.05	25.5585
Gorai.006G240300.1.A	909	803.505	7	0.345537
Gorai.006G240300.1.D	909	803.505	1	0.0493624
Gorai.006G240400.1.A	750	644.505	18.9489	1.16612
Gorai.006G240400.1.D	750	644.505	0	0
Gorai.006G240500.1.A	770	664.505	0	0
Gorai.006G240500.1.D	770	664.505	1.05105	0.0627352
Gorai.006G240600.1.A	887	781.505	146.623	7.44139
Gorai.006G240600.1.D	887	781.505	345.377	17.5286
Gorai.006G240700.1.A	588	482.551	0	0
Gorai.006G240700.1.D	588	482.551	0	0
Gorai.006G240800.1.A	3083	2977.5	241.772	3.22061
Gorai.006G240800.1.D	3083	2977.5	257.228	3.4265
Gorai.006G240900.1.A	1025	919.505	732.061	31.5775
Gorai.006G240900.1.D	1025	919.505	437.939	18.8906
Gorai.006G241000.1.A	2165	2059.5	1	0.0192585
Gorai.006G241000.1.D	2165	2059.5	3	0.0577755
Gorai.006G241100.1.A	2256	2150.5	0	0
Gorai.006G241100.1.D	2256	2150.5	3	0.0553306
Gorai.006G241200.1.A	2850	2744.5	63.4933	0.91759
Gorai.006G241200.1.D	2850	2744.5	307.507	4.44402
Gorai.006G241300.1.A	473	367.551	0	0
Gorai.006G241300.1.D	473	367.551	0	0
Gorai.006G241400.1.A	2213	2107.5	107.872	2.03014
Gorai.006G241400.1.D	2213	2107.5	230.128	4.33097
Gorai.006G241500.1.A	2054	1948.5	541.955	11.0318
Gorai.006G241500.1.D	2054	1948.5	178.584	3.63518
Gorai.006G241600.1.A	6182	6076.5	4366.77	28.503
Gorai.006G241600.1.D	6182	6076.5	2931.23	19.1329
Gorai.006G241700.1.A	1196	1090.5	2420.59	88.0399
Gorai.006G241700.1.D	1196	1090.5	1413.27	51.4024
Gorai.006G241800.1.A	1751	1645.5	6.75	0.162701
Gorai.006G241800.1.D	1751	1645.5	11.25	0.271168
Gorai.006G241900.1.A	1137	1031.5	56.3784	2.16784
Gorai.006G241900.1.D	1137	1031.5	92.6216	3.56144
Gorai.006G242000.1.A	2144	2038.5	7.125	0.13863
Gorai.006G242000.1.D	2144	2038.5	11.875	0.23105
Gorai.006G242100.1.A	824	718.505	1.18421	0.0653709
Gorai.006G242100.1.D	824	718.505	43.8158	2.41872
Gorai.006G242200.1.A	271	165.849	2.13333	0.510187
Gorai.006G242200.1.D	271	165.849	13.8667	3.31622
Gorai.006G242300.1.A	958	852.505	298.951	13.9087
Gorai.006G242300.1.D	958	852.505	155.049	7.21369
Gorai.006G242400.1.A	1755	1649.5	8	0.192363
Gorai.006G242400.1.D	1755	1649.5	29	0.697316
Gorai.006G242500.1.A	2859	2753.5	674.519	9.71613
Gorai.006G242500.1.D	2859	2753.5	706.481	10.1765
Gorai.006G242600.1.A	1025	919.505	115.76	4.99331
Gorai.006G242600.1.D	1025	919.505	21.2403	0.916203
Gorai.006G242700.1.A	1008	902.505	15.3333	0.673864
Gorai.006G242700.1.D	1008	902.505	7.66667	0.336932
Gorai.006G242800.1.A	1426	1320.5	1543.39	46.3577
Gorai.006G242800.1.D	1426	1320.5	262.607	7.88772
Gorai.006G242900.1.A	1051	945.505	1070.53	44.9076
Gorai.006G242900.1.D	1051	945.505	988.471	41.4654
Gorai.006G243000.1.A	1221	1115.5	1	0.0355561
Gorai.006G243000.1.D	1221	1115.5	7	0.248892
Gorai.006G243100.1.A	1061	955.505	29.3478	1.21823
Gorai.006G243100.1.D	1061	955.505	20.6522	0.857271
Gorai.006G243200.1.A	3721	3615.5	144.126	1.58109
Gorai.006G243200.1.D	3721	3615.5	103.874	1.13953
Gorai.006G243300.1.A	1952	1846.5	14.3684	0.308634
Gorai.006G243300.1.D	1952	1846.5	6.63158	0.142446
Gorai.006G243400.1.A	1979	1873.5	176.176	3.72973
Gorai.006G243400.1.D	1979	1873.5	100.824	2.13448
Gorai.006G243500.1.A	3552	3446.5	9	0.103573
Gorai.006G243500.1.D	3552	3446.5	3	0.0345245
Gorai.006G243600.1.A	815	709.505	26.4074	1.47623
Gorai.006G243600.1.D	815	709.505	4.59259	0.256736
Gorai.006G243700.1.A	2083	1977.5	248.986	4.99394
Gorai.006G243700.1.D	2083	1977.5	178.014	3.57043
Gorai.006G243800.1.A	588	482.551	0	0
Gorai.006G243800.1.D	588	482.551	0	0
Gorai.006G243900.1.A	483	377.551	0	0
Gorai.006G243900.1.D	483	377.551	0	0
Gorai.006G244000.1.A	615	509.505	0	0
Gorai.006G244000.1.D	615	509.505	0	0
Gorai.006G244100.1.A	809	703.505	6.66667	0.375861
Gorai.006G244100.1.D	809	703.505	1.33333	0.0751721
Gorai.006G244200.1.A	853	747.505	3	0.159181
Gorai.006G244200.1.D	853	747.505	1	0.0530605
Gorai.006G244300.1.A	1093	987.505	948.102	38.0803
Gorai.006G244300.1.D	1093	987.505	1255.9	50.4429
Gorai.006G244400.1.A	2382	2276.5	1307.05	22.7723
Gorai.006G244400.1.D	2382	2276.5	1184.95	20.6451
Gorai.006G244500.1.A	993	887.505	0	0
Gorai.006G244500.1.D	993	887.505	1	0.0446904
Gorai.006G244600.1.A	1262	1156.5	6	0.205773
Gorai.006G244600.1.D	1262	1156.5	26	0.891684
Gorai.006G244700.1.A	2901	2795.5	0	0
Gorai.006G244700.1.D	2901	2795.5	0	0
Gorai.006G244800.1.A	1865	1759.5	1826.27	41.1679
Gorai.006G244800.1.D	1865	1759.5	164.735	3.71347
Gorai.006G244900.1.A	2876	2770.5	144.922	2.07472
Gorai.006G244900.1.D	2876	2770.5	120.078	1.71906
Gorai.006G245000.1.A	2047	1941.5	34491	704.616
Gorai.006G245000.1.D	2047	1941.5	24134	493.032
Gorai.006G245100.1.A	3835	3729.5	123.365	1.31198
Gorai.006G245100.1.D	3835	3729.5	283.635	3.01643
Gorai.006G245200.1.A	1784	1678.5	20.9655	0.495414
Gorai.006G245200.1.D	1784	1678.5	43.0345	1.0169
Gorai.006G245300.1.A	2635	2529.5	6.625	0.103881
Gorai.006G245300.1.D	2635	2529.5	46.375	0.727166
Gorai.006G245400.1.A	781	675.505	5	0.29358
Gorai.006G245400.1.D	781	675.505	66	3.87526
Gorai.006G245500.1.A	2884	2778.5	611.862	8.73428
Gorai.006G245500.1.D	2884	2778.5	457.138	6.52561
Gorai.006G245600.1.A	2308	2202.5	9.46452	0.170438
Gorai.006G245600.1.D	2308	2202.5	479.535	8.63553
Gorai.006G245700.1.A	3126	3020.5	57.9153	0.760498
Gorai.006G245700.1.D	3126	3020.5	277.085	3.63846
Gorai.006G245800.1.A	2629	2523.5	175.842	2.76378
Gorai.006G245800.1.D	2629	2523.5	92.1581	1.44849
Gorai.006G245900.1.A	1251	1145.5	21.3318	0.738612
Gorai.006G245900.1.D	1251	1145.5	12.2078	0.422692
Gorai.006G246000.1.A	1072	966.505	1686.05	69.1912
Gorai.006G246000.1.D	1072	966.505	7.95305	0.326373
Gorai.006G246100.1.A	2860	2754.5	713.486	10.2737
Gorai.006G246100.1.D	2860	2754.5	290.514	4.1832
Gorai.006G246200.1.A	1169	1063.5	570.27	21.268
Gorai.006G246200.1.D	1169	1063.5	405.73	15.1315
Gorai.006G246300.1.A	909	803.505	110.112	5.43541
Gorai.006G246300.1.D	909	803.505	107.888	5.3256
Gorai.006G246400.1.A	809	703.505	0	0
Gorai.006G246400.1.D	809	703.505	0	0
Gorai.006G246500.1.A	997	891.505	2365.58	105.244
Gorai.006G246500.1.D	997	891.505	1443.42	64.2178
Gorai.006G246600.1.A	2187	2081.5	4	0.0762197
Gorai.006G246600.1.D	2187	2081.5	9	0.171494
Gorai.006G246700.1.A	1652	1546.5	643.49	16.5035
Gorai.006G246700.1.D	1652	1546.5	627.51	16.0936
Gorai.006G246800.1.A	3030	2924.5	46	0.623865
Gorai.006G246800.1.D	3030	2924.5	47	0.637427
Gorai.006G246900.1.A	1016	910.505	10	0.435615
Gorai.006G246900.1.D	1016	910.505	16	0.696984
Gorai.006G247000.1.A	1449	1343.5	56.037	1.65433
Gorai.006G247000.1.D	1449	1343.5	32.963	0.973132
Gorai.006G247100.1.A	2326	2220.5	13.7712	0.245983
Gorai.006G247100.1.D	2326	2220.5	111.229	1.98678
Gorai.006G247200.1.A	3846	3740.5	331.219	3.51213
Gorai.006G247200.1.D	3846	3740.5	388.481	4.11931
Gorai.006G247300.1.A	2490	2384.5	0	0
Gorai.006G247300.1.D	2490	2384.5	2	0.0332672
Gorai.006G247400.1.A	2397	2291.5	10	0.173087
Gorai.006G247400.1.D	2397	2291.5	0	0
Gorai.006G247500.1.A	2516	2410.5	10.8511	0.178546
Gorai.006G247500.1.D	2516	2410.5	40.1489	0.660619
Gorai.006G247600.1.A	1765	1659.5	1.25	0.0298756
Gorai.006G247600.1.D	1765	1659.5	3.75	0.0896268
Gorai.006G247700.1.A	579	473.551	0	0
Gorai.006G247700.1.D	579	473.551	0	0
Gorai.006G247800.1.A	2979	2873.5	11.4286	0.157748
Gorai.006G247800.1.D	2979	2873.5	36.5714	0.504795
Gorai.006G247900.1.A	852	746.505	0	0
Gorai.006G247900.1.D	852	746.505	0	0
Gorai.006G248000.1.A	894	788.505	145.856	7.33678
Gorai.006G248000.1.D	894	788.505	72.1439	3.62894
Gorai.006G248100.1.A	757	651.505	0	0
Gorai.006G248100.1.D	757	651.505	0	0
Gorai.006G248200.1.A	573	467.551	0	0
Gorai.006G248200.1.D	573	467.551	0	0
Gorai.006G248300.1.A	754	648.505	0	0
Gorai.006G248300.1.D	754	648.505	0	0
Gorai.006G248400.1.A	2397	2291.5	156.207	2.70374
Gorai.006G248400.1.D	2397	2291.5	293.793	5.08517
Gorai.006G248500.1.A	1234	1128.5	0	0
Gorai.006G248500.1.D	1234	1128.5	19.9307	0.700493
Gorai.006G248600.1.A	1132	1026.5	0	0
Gorai.006G248600.1.D	1132	1026.5	124	4.79122
Gorai.006G248700.1.A	569	463.551	89.3574	7.6457
Gorai.006G248700.1.D	569	463.551	256.643	21.9592
Gorai.006G248800.1.A	3560	3454.5	1	0.0114815
Gorai.006G248800.1.D	3560	3454.5	9	0.103334
Gorai.006G248900.1.A	1995	1889.5	0	0
Gorai.006G248900.1.D	1995	1889.5	0	0
Gorai.006G249000.1.A	2004	1898.5	220.248	4.60135
Gorai.006G249000.1.D	2004	1898.5	178.752	3.73443
Gorai.006G249100.1.A	1213	1107.5	0.5	0.0179064
Gorai.006G249100.1.D	1213	1107.5	0.5	0.0179064
Gorai.006G249200.1.A	1479	1373.5	0	0
Gorai.006G249200.1.D	1479	1373.5	0	0
Gorai.006G249300.1.A	1294	1188.5	0	0
Gorai.006G249300.1.D	1294	1188.5	0	0
Gorai.006G249400.1.A	1415	1309.5	0	0
Gorai.006G249400.1.D	1415	1309.5	99.1558	3.00328
Gorai.006G249500.1.A	1296	1190.5	135.74	4.52234
Gorai.006G249500.1.D	1296	1190.5	8.1039	0.26999
Gorai.006G249600.1.A	1459	1353.5	0	0
Gorai.006G249600.1.D	1459	1353.5	7	0.205127
Gorai.006G249700.1.A	1354	1248.5	2	0.0635367
Gorai.006G249700.1.D	1354	1248.5	3	0.0953051
Gorai.006G249800.1.A	405	299.583	3	0.397181
Gorai.006G249800.1.D	405	299.583	0	0
Gorai.006G249900.1.A	408	302.583	0	0
Gorai.006G249900.1.D	408	302.583	0	0
Gorai.006G250000.1.A	399	293.583	0	0
Gorai.006G250000.1.D	399	293.583	0	0
Gorai.006G250100.1.A	399	293.583	0	0
Gorai.006G250100.1.D	399	293.583	0	0
Gorai.006G250200.1.A	1628	1522.5	0	0
Gorai.006G250200.1.D	1628	1522.5	3	0.0781533
Gorai.006G250300.1.A	1720	1614.5	50.1111	1.23106
Gorai.006G250300.1.D	1720	1614.5	26.8889	0.660569
Gorai.006G250400.1.A	1682	1576.5	0	0
Gorai.006G250400.1.D	1682	1576.5	54	1.35857
Gorai.006G250500.1.A	1692	1586.5	25.2169	0.630428
Gorai.006G250500.1.D	1692	1586.5	10.1966	0.254918
Gorai.006G250600.1.A	734	628.505	185	11.6748
Gorai.006G250600.1.D	734	628.505	281	17.733
Gorai.006G250700.1.A	1691	1585.5	327.262	8.18678
Gorai.006G250700.1.D	1691	1585.5	226.738	5.67207
Gorai.006G250800.1.A	2052	1946.5	640.15	13.044
Gorai.006G250800.1.D	2052	1946.5	791.85	16.1351
Gorai.006G250900.1.A	1382	1276.5	3.47368	0.107933
Gorai.006G250900.1.D	1382	1276.5	18.5263	0.575641
Gorai.006G251000.1.A	1960	1854.5	1.125	0.0240608
Gorai.006G251000.1.D	1960	1854.5	7.875	0.168425
Gorai.006G251100.1.A	1401	1295.5	0	0
Gorai.006G251100.1.D	1401	1295.5	4	0.122463
Gorai.006G251200.1.A	1210	1104.5	5.33784	0.191683
Gorai.006G251200.1.D	1210	1104.5	73.6622	2.64522
Gorai.006G251300.1.A	2269	2163.5	923.484	16.93
Gorai.006G251300.1.D	2269	2163.5	1170.52	21.4587
Gorai.006G251400.1.A	2557	2451.5	167.945	2.71719
Gorai.006G251400.1.D	2557	2451.5	98.0549	1.58643
Gorai.006G251500.1.A	791	685.505	1744.12	100.914
Gorai.006G251500.1.D	791	685.505	2668.88	154.42
Gorai.006G251600.1.A	872	766.505	37.6167	1.94648
Gorai.006G251600.1.D	872	766.505	23.3833	1.20998
Gorai.006G251700.1.A	1551	1445.5	33.9356	0.931152
Gorai.006G251700.1.D	1551	1445.5	365.064	10.0169
Gorai.006G251800.1.A	2713	2607.5	9.36	0.142376
Gorai.006G251800.1.D	2713	2607.5	16.64	0.253112
Gorai.006G251900.1.A	3559	3453.5	3.375	0.0387613
Gorai.006G251900.1.D	3559	3453.5	14.625	0.167966
Gorai.006G252000.1.A	814	708.505	659.915	36.9429
Gorai.006G252000.1.D	814	708.505	833.085	46.6371
Gorai.006G252100.1.A	1175	1069.5	418.511	15.5206
Gorai.006G252100.1.D	1175	1069.5	92.4887	3.42997
Gorai.006G252200.1.A	1192	1086.5	22	0.803112
Gorai.006G252200.1.D	1192	1086.5	13	0.474566
Gorai.006G252300.1.A	1040	934.505	153.543	6.5168
Gorai.006G252300.1.D	1040	934.505	106.457	4.51831
Gorai.006G252400.1.A	414	308.583	0	0
Gorai.006G252400.1.D	414	308.583	0	0
Gorai.006G252500.1.A	2500	2394.5	793.503	13.1437
Gorai.006G252500.1.D	2500	2394.5	1204.5	19.9515
Gorai.006G252600.1.A	1242	1136.5	547.362	19.1024
Gorai.006G252600.1.D	1242	1136.5	256.638	8.95644
Gorai.006G252700.1.A	929	823.505	638.375	30.7464
Gorai.006G252700.1.D	929	823.505	978.625	47.1341
Gorai.006G252800.1.A	1278	1172.5	94.3263	3.19083
Gorai.006G252800.1.D	1278	1172.5	8.67368	0.293409
Gorai.006G252900.1.A	4518	4412.5	148.936	1.33875
Gorai.006G252900.1.D	4518	4412.5	277.064	2.49046
Gorai.006G253000.1.A	2701	2595.5	791.915	12.1016
Gorai.006G253000.1.D	2701	2595.5	833.595	12.7385
Gorai.006G253100.1.A	1653	1547.5	15.2286	0.390312
Gorai.006G253100.1.D	1653	1547.5	25.7714	0.660528
Gorai.006G253200.1.A	2435	2329.5	142.1	2.41944
Gorai.006G253200.1.D	2435	2329.5	528.483	8.99813
Gorai.006G253300.1.A	1382	1276.5	0	0
Gorai.006G253300.1.D	1382	1276.5	0	0
Gorai.006G253400.1.A	3485	3379.5	4.62338	0.0542614
Gorai.006G253400.1.D	3485	3379.5	84.3766	0.990271
Gorai.006G253500.1.A	1211	1105.5	64.7172	2.3219
Gorai.006G253500.1.D	1211	1105.5	343.283	12.3162
Gorai.006G253600.1.A	962	856.505	83	3.84356
Gorai.006G253600.1.D	962	856.505	31	1.43555
Gorai.006G253700.1.A	2504	2398.5	1348.98	22.3075
Gorai.006G253700.1.D	2504	2398.5	575.018	9.5088
Gorai.006G253800.1.A	1847	1741.5	15.0526	0.342825
Gorai.006G253800.1.D	1847	1741.5	6.94737	0.158227
Gorai.006G253900.1.A	2047	1941.5	56.1892	1.14789
Gorai.006G253900.1.D	2047	1941.5	42.8108	0.874581
Gorai.006G254000.1.A	2894	2788.5	238.462	3.39182
Gorai.006G254000.1.D	2894	2788.5	184.538	2.62482
Gorai.006G254100.1.A	2361	2255.5	9	0.158265
Gorai.006G254100.1.D	2361	2255.5	48	0.844078
Gorai.006G254200.1.A	1085	979.505	5	0.202464
Gorai.006G254200.1.D	1085	979.505	0	0
Gorai.006G254300.1.A	1642	1536.5	411.25	10.6159
Gorai.006G254300.1.D	1642	1536.5	395.75	10.2158
Gorai.006G254400.1.A	952	846.505	0	0
Gorai.006G254400.1.D	952	846.505	0	0
Gorai.006G254500.1.A	3169	3063.5	395.05	5.11469
Gorai.006G254500.1.D	3169	3063.5	422.95	5.47589
Gorai.006G254600.1.A	627	521.505	21.4348	1.63022
Gorai.006G254600.1.D	627	521.505	36.5652	2.78096
Gorai.006G254700.1.A	603	497.551	228.067	18.1807
Gorai.006G254700.1.D	603	497.551	169.933	13.5464
Gorai.006G254800.1.A	3856	3750.5	31.7059	0.335301
Gorai.006G254800.1.D	3856	3750.5	45.2941	0.479002
Gorai.006G254900.1.A	979	873.505	0	0
Gorai.006G254900.1.D	979	873.505	0	0
Gorai.006G255000.1.A	2307	2201.5	63.2537	1.1396
Gorai.006G255000.1.D	2307	2201.5	99.7463	1.79706
Gorai.006G255100.1.A	380	274.583	0	0
Gorai.006G255100.1.D	380	274.583	0	0
Gorai.006G255200.1.A	1248	1142.5	8.28571	0.287645
Gorai.006G255200.1.D	1248	1142.5	20.7143	0.719113
Gorai.006G255300.1.A	3250	3144.5	465.602	5.87283
Gorai.006G255300.1.D	3250	3144.5	469.398	5.92071
Gorai.006G255400.1.A	2896	2790.5	107.64	1.52994
Gorai.006G255400.1.D	2896	2790.5	124.36	1.7676
Gorai.006G255500.1.A	1690	1584.5	181.201	4.53579
Gorai.006G255500.1.D	1690	1584.5	401.246	10.0439
Gorai.006G255600.1.A	2262	2156.5	329.466	6.05962
Gorai.006G255600.1.D	2262	2156.5	254.534	4.68144
Gorai.006G255700.1.A	2400	2294.5	408.606	7.06319
Gorai.006G255700.1.D	2400	2294.5	314.394	5.43463
Gorai.006G255800.1.A	2016	1910.5	16.6111	0.344854
Gorai.006G255800.1.D	2016	1910.5	6.38889	0.132636
Gorai.006G255900.1.A	2551	2445.5	230.585	3.73979
Gorai.006G255900.1.D	2551	2445.5	611.415	9.91637
Gorai.006G256000.1.A	5162	5056.5	247.23	1.93926
Gorai.006G256000.1.D	5162	5056.5	199.77	1.56699
Gorai.006G256100.1.A	1341	1235.5	95.8386	3.07667
Gorai.006G256100.1.D	1341	1235.5	321.161	10.3101
Gorai.006G256200.1.A	2963	2857.5	956.215	13.2725
Gorai.006G256200.1.D	2963	2857.5	874.785	12.1423
Gorai.006G256300.1.A	832	726.505	3	0.163783
Gorai.006G256300.1.D	832	726.505	3	0.163783
Gorai.006G256400.1.A	1738	1632.5	6	0.145775
Gorai.006G256400.1.D	1738	1632.5	0	0
Gorai.006G256500.1.A	1343	1237.5	44	1.41023
Gorai.006G256500.1.D	1343	1237.5	8	0.256406
Gorai.006G256600.1.A	1368	1262.5	42.3252	1.32969
Gorai.006G256600.1.D	1368	1262.5	26.4945	0.832354
Gorai.006G256700.1.A	3347	3241.5	2.13487	0.0261222
Gorai.006G256700.1.D	3347	3241.5	1.04541	0.0127916
Gorai.006G256800.1.A	834	728.505	505.255	27.5083
Gorai.006G256800.1.D	834	728.505	837.745	45.6105
Gorai.006G256900.1.A	519	413.551	100.8	9.66754
Gorai.006G256900.1.D	519	413.551	123.2	11.8159
Gorai.006G257000.1.A	8393	8287.5	1023.8	4.89978
Gorai.006G257000.1.D	8393	8287.5	1423.2	6.81125
Gorai.006G257100.1.A	873	767.505	1606.48	83.0195
Gorai.006G257100.1.D	873	767.505	1763.52	91.1346
Gorai.006G257200.1.A	2391	2285.5	2.29213	0.039778
Gorai.006G257200.1.D	2391	2285.5	99.7079	1.73034
Gorai.006G257300.1.A	568	462.551	5.77465	0.495166
Gorai.006G257300.1.D	568	462.551	76.2254	6.53619
Gorai.006G257400.1.A	1019	913.505	15.7143	0.68229
Gorai.006G257400.1.D	1019	913.505	6.28571	0.272916
Gorai.006G257500.1.A	983	877.505	2.01967	0.0912886
Gorai.006G257500.1.D	983	877.505	305.98	13.8302
Gorai.006G257600.1.A	1692	1586.5	217.121	5.42806
Gorai.006G257600.1.D	1692	1586.5	206.879	5.17202
Gorai.006G257700.1.A	434	328.583	0	0
Gorai.006G257700.1.D	434	328.583	0	0
Gorai.006G257800.1.A	667	561.505	13.4535	0.950313
Gorai.006G257800.1.D	667	561.505	75.5465	5.33637
Gorai.006G257900.1.A	1963	1857.5	418.082	8.92723
Gorai.006G257900.1.D	1963	1857.5	114.918	2.45382
Gorai.006G258000.1.A	1477	1371.5	9.6	0.277625
Gorai.006G258000.1.D	1477	1371.5	2.4	0.0694063
Gorai.006G258100.1.A	1065	959.505	0	0
Gorai.006G258100.1.D	1065	959.505	0	0
Gorai.006G258200.1.A	789	683.505	0	0
Gorai.006G258200.1.D	789	683.505	0	0
Gorai.006G258300.1.A	852	746.505	81.1189	4.30997
Gorai.006G258300.1.D	852	746.505	63.8811	3.3941
Gorai.006G258400.1.A	2938	2832.5	242.744	3.39909
Gorai.006G258400.1.D	2938	2832.5	157.256	2.20202
Gorai.006G258500.1.A	2552	2446.5	14.0833	0.22832
Gorai.006G258500.1.D	2552	2446.5	24.9167	0.403951
Gorai.006G258600.1.A	1609	1503.5	3	0.079141
Gorai.006G258600.1.D	1609	1503.5	1	0.0263803
Gorai.006G258700.1.A	1546	1440.5	1082.76	29.8129
Gorai.006G258700.1.D	1546	1440.5	1062.24	29.2477
Gorai.006G258800.1.A	1664	1558.5	0	0
Gorai.006G258800.1.D	1664	1558.5	0	0
Gorai.006G258900.1.A	1186	1080.5	285.839	10.4925
Gorai.006G258900.1.D	1186	1080.5	159.161	5.84243
Gorai.006G259000.1.A	1545	1439.5	55.1414	1.51932
Gorai.006G259000.1.D	1545	1439.5	47.8586	1.31866
Gorai.006G259100.1.A	1088	982.505	2.14286	0.0865055
Gorai.006G259100.1.D	1088	982.505	12.8571	0.519033
Gorai.006G259200.1.A	3572	3466.5	314.476	3.59816
Gorai.006G259200.1.D	3572	3466.5	275.056	3.14713
Gorai.006G259300.1.A	2268	2162.5	1143.24	20.9684
Gorai.006G259300.1.D	2268	2162.5	1153.76	21.1614
Gorai.006G259400.1.A	676	570.505	383.026	26.6289
Gorai.006G259400.1.D	676	570.505	921.974	64.098
Gorai.006G259500.1.A	2738	2632.5	3033.74	45.7083
Gorai.006G259500.1.D	2738	2632.5	1209.26	18.2194
Gorai.006G259600.1.A	474	368.551	313.75	33.7653
Gorai.006G259600.1.D	474	368.551	1518.25	163.392
Gorai.006G259700.1.A	2626	2520.5	494.977	7.78901
Gorai.006G259700.1.D	2626	2520.5	496.023	7.80548
Gorai.006G259800.1.A	1294	1188.5	1370.09	45.7229
Gorai.006G259800.1.D	1294	1188.5	731.909	24.4254
Gorai.006G259900.1.A	1245	1139.5	13.65	0.475118
Gorai.006G259900.1.D	1245	1139.5	7.35	0.255833
Gorai.006G260000.1.A	991	885.505	20.1176	0.901096
Gorai.006G260000.1.D	991	885.505	36.8824	1.65201
Gorai.006G260100.1.A	1834	1728.5	9.77778	0.224365
Gorai.006G260100.1.D	1834	1728.5	34.2222	0.785276
Gorai.006G260200.1.A	1298	1192.5	15.1014	0.502274
Gorai.006G260200.1.D	1298	1192.5	1027.9	34.1881
Gorai.006G260300.1.A	1271	1165.5	11	0.374338
Gorai.006G260300.1.D	1271	1165.5	8	0.272246
Gorai.006G260400.1.A	1119	1013.5	150.369	5.88462
Gorai.006G260400.1.D	1119	1013.5	152.631	5.97311
Gorai.006G260500.1.A	1281	1175.5	0	0
Gorai.006G260500.1.D	1281	1175.5	0	0
Gorai.006G260600.1.A	2120	2014.5	0	0
Gorai.006G260600.1.D	2120	2014.5	1	0.0196887
Gorai.006G260700.1.A	2009	1903.5	0	0
Gorai.006G260700.1.D	2009	1903.5	0	0
Gorai.006G260800.1.A	1961	1855.5	0	0
Gorai.006G260800.1.D	1961	1855.5	0	0
Gorai.006G260900.1.A	1958	1852.5	0	0
Gorai.006G260900.1.D	1958	1852.5	0	0
Gorai.006G261000.1.A	477	371.551	0	0
Gorai.006G261000.1.D	477	371.551	3	0.320249
Gorai.006G261100.1.A	1441	1335.5	103.539	3.075
Gorai.006G261100.1.D	1441	1335.5	88.4607	2.62718
Gorai.006G261200.1.A	1060	954.505	9.33333	0.387832
Gorai.006G261200.1.D	1060	954.505	2.66667	0.110809
Gorai.006G261300.1.A	1963	1857.5	316.953	6.76784
Gorai.006G261300.1.D	1963	1857.5	466.047	9.9514
Gorai.006G261400.1.A	888	782.505	145.288	7.36424
Gorai.006G261400.1.D	888	782.505	108.712	5.5103
Gorai.006G261500.1.A	937	831.505	4.5	0.214651
Gorai.006G261500.1.D	937	831.505	4.5	0.214651
Gorai.006G261600.1.A	1306	1200.5	0	0
Gorai.006G261600.1.D	1306	1200.5	0	0
Gorai.006G261700.1.A	2087	1981.5	13.3421	0.267063
Gorai.006G261700.1.D	2087	1981.5	25.6579	0.513583
Gorai.006G261800.1.A	4300	4194.5	231.123	2.18549
Gorai.006G261800.1.D	4300	4194.5	174.877	1.65362
Gorai.006G261900.1.A	1041	935.505	473.742	20.0854
Gorai.006G261900.1.D	1041	935.505	846.258	35.8791
Gorai.006G262000.1.A	613	507.551	0	0
Gorai.006G262000.1.D	613	507.551	0	0
Gorai.006G262100.1.A	964	858.505	14	0.6468
Gorai.006G262100.1.D	964	858.505	1	0.0462
Gorai.006G262200.1.A	3278	3172.5	716.876	8.96245
Gorai.006G262200.1.D	3278	3172.5	1135.59	14.1973
Gorai.006G262300.1.A	3269	3163.5	56.2386	0.705101
Gorai.006G262300.1.D	3269	3163.5	44.7614	0.561203
Gorai.006G262400.1.A	1315	1209.5	10.9524	0.359158
Gorai.006G262400.1.D	1315	1209.5	12.0476	0.395074
Gorai.006G262500.1.A	2212	2106.5	142.528	2.68363
Gorai.006G262500.1.D	2212	2106.5	119.472	2.24951
Gorai.006G262600.1.A	3468	3362.5	49.7761	0.587142
Gorai.006G262600.1.D	3468	3362.5	95.2239	1.12323
Gorai.006G262700.1.A	2001	1895.5	21.25	0.444651
Gorai.006G262700.1.D	2001	1895.5	48.75	1.02008
Gorai.006G262800.1.A	1380	1274.5	0	0
Gorai.006G262800.1.D	1380	1274.5	0	0
Gorai.006G262900.1.A	1647	1541.5	0	0
Gorai.006G262900.1.D	1647	1541.5	0	0
Gorai.006G263000.1.A	1650	1544.5	0	0
Gorai.006G263000.1.D	1650	1544.5	0	0
Gorai.006G263100.1.A	1650	1544.5	0	0
Gorai.006G263100.1.D	1650	1544.5	0	0
Gorai.006G263200.1.A	1025	919.505	48.6988	2.10063
Gorai.006G263200.1.D	1025	919.505	37.3012	1.60899
Gorai.006G263300.1.A	2266	2160.5	83.5468	1.53377
Gorai.006G263300.1.D	2266	2160.5	63.4532	1.16489
Gorai.006G263400.1.A	968	862.505	8.92308	0.410335
Gorai.006G263400.1.D	968	862.505	20.0769	0.923253
Gorai.006G263500.1.A	1117	1011.5	24.7059	0.968763
Gorai.006G263500.1.D	1117	1011.5	10.2941	0.403651
Gorai.006G263600.1.A	568	462.551	0	0
Gorai.006G263600.1.D	568	462.551	0	0
Gorai.006G263700.1.A	645	539.505	0	0
Gorai.006G263700.1.D	645	539.505	0	0
Gorai.006G263800.1.A	867	761.505	128.535	6.69473
Gorai.006G263800.1.D	867	761.505	271.465	14.1393
Gorai.006G263900.1.A	506	400.551	0	0
Gorai.006G263900.1.D	506	400.551	0	0
Gorai.006G264000.1.A	591	485.551	0	0
Gorai.006G264000.1.D	591	485.551	0	0
Gorai.006G264100.1.A	2301	2195.5	27.013	0.488004
Gorai.006G264100.1.D	2301	2195.5	52.987	0.957238
Gorai.006G264200.1.A	1814	1708.5	53.6986	1.24661
Gorai.006G264200.1.D	1814	1708.5	106.301	2.46779
Gorai.006G264300.1.A	825	719.505	0	0
Gorai.006G264300.1.D	825	719.505	0	0
Gorai.006G264400.1.A	1860	1754.5	3.18182	0.0719293
Gorai.006G264400.1.D	1860	1754.5	31.8182	0.719293
Gorai.006G264500.1.A	510	404.551	52	5.09817
Gorai.006G264500.1.D	510	404.551	0	0
Gorai.006G264600.1.A	2378	2272.5	23.0714	0.402675
Gorai.006G264600.1.D	2378	2272.5	61.9286	1.08086
Gorai.006G264700.1.A	603	497.551	0	0
Gorai.006G264700.1.D	603	497.551	0	0
Gorai.006G264800.1.A	2396	2290.5	199.291	3.45097
Gorai.006G264800.1.D	2396	2290.5	210.709	3.64869
Gorai.006G264900.1.A	3699	3593.5	671.884	7.41585
Gorai.006G264900.1.D	3699	3593.5	573.116	6.32571
Gorai.006G265000.1.A	1452	1346.5	519.827	15.3121
Gorai.006G265000.1.D	1452	1346.5	1318.17	38.8284
Gorai.006G265100.1.A	621	515.505	0	0
Gorai.006G265100.1.D	621	515.505	4	0.30776
Gorai.006G265200.1.A	1303	1197.5	1	0.0331213
Gorai.006G265200.1.D	1303	1197.5	1	0.0331213
Gorai.006G265300.1.A	1901	1795.5	112.391	2.48274
Gorai.006G265300.1.D	1901	1795.5	258.609	5.7127
Gorai.006G265400.1.A	1082	976.505	7.4375	0.302091
Gorai.006G265400.1.D	1082	976.505	26.5625	1.0789
Gorai.006G265500.1.A	552	446.551	55	4.88513
Gorai.006G265500.1.D	552	446.551	1	0.0888206
Gorai.006G265600.1.A	1029	923.505	0	0
Gorai.006G265600.1.D	1029	923.505	8	0.343586
Gorai.006G265700.1.A	3914	3808.5	636.771	6.63153
Gorai.006G265700.1.D	3914	3808.5	378.823	3.94518
Gorai.006G265800.1.A	1088	982.505	0	0
Gorai.006G265800.1.D	1088	982.505	0	0
Gorai.006G265900.1.A	1059	953.505	0	0
Gorai.006G265900.1.D	1059	953.505	0	0
Gorai.006G266000.1.A	1244	1138.5	0	0
Gorai.006G266000.1.D	1244	1138.5	0	0
Gorai.006G266100.1.A	2043	1937.5	17.6842	0.362016
Gorai.006G266100.1.D	2043	1937.5	10.3158	0.211176
Gorai.006G266200.1.A	2780	2674.5	0	0
Gorai.006G266200.1.D	2780	2674.5	5	0.0741501
Gorai.006G266300.1.A	1255	1149.5	0	0
Gorai.006G266300.1.D	1255	1149.5	0	0
Gorai.006G266400.1.A	1266	1160.5	23.0303	0.787114
Gorai.006G266400.1.D	1266	1160.5	166.97	5.70658
Gorai.006G266500.1.A	2239	2133.5	222.143	4.12975
Gorai.006G266500.1.D	2239	2133.5	88.8571	1.6519
Gorai.006G266600.1.A	2063	1957.5	25.0588	0.507742
Gorai.006G266600.1.D	2063	1957.5	45.9412	0.93086
Gorai.006G266700.1.A	2904	2798.5	231.351	3.27892
Gorai.006G266700.1.D	2904	2798.5	215.649	3.05637
Gorai.006G266800.1.A	387	281.583	0	0
Gorai.006G266800.1.D	387	281.583	1	0.140857
Gorai.006G266900.1.A	798	692.505	2	0.114549
Gorai.006G266900.1.D	798	692.505	2	0.114549
Gorai.006G267000.1.A	2037	1931.5	19.6552	0.403614
Gorai.006G267000.1.D	2037	1931.5	10.3448	0.212428
Gorai.006G267100.1.A	1241	1135.5	0	0
Gorai.006G267100.1.D	1241	1135.5	0	0
Gorai.006G267200.1.A	5532	5426.5	158.665	1.1597
Gorai.006G267200.1.D	5532	5426.5	36.3354	0.26558
Gorai.006G267300.1.A	3205	3099.5	10	0.127965
Gorai.006G267300.1.D	3205	3099.5	8	0.102372
Gorai.006G267400.1.A	1060	954.505	4970.92	206.559
Gorai.006G267400.1.D	1060	954.505	4472.08	185.83
Gorai.006G267500.1.A	2036	1930.5	23.8718	0.490455
Gorai.006G267500.1.D	2036	1930.5	25.1282	0.516268
Gorai.006G267600.1.A	1662	1556.5	94.9547	2.41964
Gorai.006G267600.1.D	1662	1556.5	183.045	4.66437
Gorai.006G267700.1.A	1163	1057.5	1270.09	47.6364
Gorai.006G267700.1.D	1163	1057.5	1155.91	43.3536
Gorai.006G267800.1.A	420	314.583	0	0
Gorai.006G267800.1.D	420	314.583	0	0
Gorai.006G267900.1.A	532	426.551	0	0
Gorai.006G267900.1.D	532	426.551	0	0
Gorai.006G268000.1.A	6289	6183.5	343.137	2.20099
Gorai.006G268000.1.D	6289	6183.5	356.863	2.28903
Gorai.006G268100.1.A	3166	3060.5	203.292	2.63459
Gorai.006G268100.1.D	3166	3060.5	316.708	4.10441
Gorai.006G268200.1.A	1104	998.505	7	0.278056
Gorai.006G268200.1.D	1104	998.505	4	0.158889
Gorai.006G268300.1.A	3822	3716.5	398.322	4.25093
Gorai.006G268300.1.D	3822	3716.5	1001.68	10.69
Gorai.006G268400.1.A	1143	1037.5	25.4118	0.971471
Gorai.006G268400.1.D	1143	1037.5	118.588	4.53353
Gorai.006G268500.1.A	1302	1196.5	0	0
Gorai.006G268500.1.D	1302	1196.5	81	2.68507
Gorai.006G268600.1.A	864	758.505	0	0
Gorai.006G268600.1.D	864	758.505	0	0
Gorai.006G268700.1.A	1570	1464.5	457.745	12.397
Gorai.006G268700.1.D	1570	1464.5	389.255	10.5421
Gorai.006G268800.1.A	894	788.505	0	0
Gorai.006G268800.1.D	894	788.505	0	0
Gorai.006G268900.1.A	1299	1193.5	10.5	0.348939
Gorai.006G268900.1.D	1299	1193.5	10.5	0.348939
Gorai.006G269000.1.A	1245	1139.5	0	0
Gorai.006G269000.1.D	1245	1139.5	0	0
Gorai.006G269100.1.A	1248	1142.5	0	0
Gorai.006G269100.1.D	1248	1142.5	0	0
Gorai.006G269200.1.A	2422	2316.5	114.124	1.95402
Gorai.006G269200.1.D	2422	2316.5	9.87611	0.169098
Gorai.006G269300.1.A	2541	2435.5	324.727	5.28827
Gorai.006G269300.1.D	2541	2435.5	228.273	3.7175
Gorai.006G269400.1.A	1163	1057.5	176.979	6.6378
Gorai.006G269400.1.D	1163	1057.5	214.021	8.02711
Gorai.006G269500.1.A	2755	2649.5	107.787	1.61357
Gorai.006G269500.1.D	2755	2649.5	179.213	2.6828
Gorai.006G269600.1.A	819	713.505	0	0
Gorai.006G269600.1.D	819	713.505	1	0.0555889
Gorai.006G269700.1.A	639	533.505	0	0
Gorai.006G269700.1.D	639	533.505	0	0
Gorai.006G269800.1.A	1863	1757.5	205.813	4.64474
Gorai.006G269800.1.D	1863	1757.5	51.1867	1.15517
Gorai.006G269900.1.A	2052	1946.5	444.103	9.04927
Gorai.006G269900.1.D	2052	1946.5	325.897	6.64063
Gorai.006G270000.1.A	1301	1195.5	31.6964	1.05158
Gorai.006G270000.1.D	1301	1195.5	39.3036	1.30396
Gorai.006G270100.1.A	5257	5151.5	288.652	2.22242
Gorai.006G270100.1.D	5257	5151.5	302.348	2.32786
Gorai.006G270200.1.A	222	117.654	0	0
Gorai.006G270200.1.D	222	117.654	0	0
Gorai.006G270300.1.A	2182	2076.5	14	0.267411
Gorai.006G270300.1.D	2182	2076.5	0	0
Gorai.006G270400.1.A	1629	1523.5	928.549	24.1739
Gorai.006G270400.1.D	1629	1523.5	758.451	19.7455
Gorai.006G270500.1.A	2497	2391.5	51.1402	0.848156
Gorai.006G270500.1.D	2497	2391.5	62.8598	1.04253
Gorai.006G270600.1.A	868	762.505	2	0.104033
Gorai.006G270600.1.D	868	762.505	5	0.260083
Gorai.006G270700.1.A	1054	948.505	68.4072	2.86053
Gorai.006G270700.1.D	1054	948.505	99.5928	4.1646
Gorai.006G270800.1.A	1572	1466.5	6	0.162275
Gorai.006G270800.1.D	1572	1466.5	0	0
Gorai.006G270900.1.A	2116	2010.5	101.972	2.01168
Gorai.006G270900.1.D	2116	2010.5	56.0284	1.10532
Gorai.006G271000.1.A	2118	2012.5	3400.17	67.0113
Gorai.006G271000.1.D	2118	2012.5	25.8322	0.509108
Gorai.006G271100.1.A	2007	1901.5	222.655	4.6443
Gorai.006G271100.1.D	2007	1901.5	30.8886	0.644296
Gorai.006G271200.1.A	1556	1450.5	361.204	9.87684
Gorai.006G271200.1.D	1556	1450.5	67.4284	1.84378
Gorai.006G271300.1.A	1756	1650.5	189.074	4.5436
Gorai.006G271300.1.D	1756	1650.5	236.926	5.69352
Gorai.006G271400.1.A	993	887.505	587.099	26.2377
Gorai.006G271400.1.D	993	887.505	1185.24	52.9687
Gorai.006G271500.1.A	1443	1337.5	1092.47	32.3967
Gorai.006G271500.1.D	1443	1337.5	590.526	17.5117
Gorai.006G271600.1.A	925	819.505	549.862	26.6126
Gorai.006G271600.1.D	925	819.505	0	0
Gorai.006G271700.1.A	879	773.505	51.612	2.64651
Gorai.006G271700.1.D	879	773.505	40.0133	2.05176
Gorai.006G271800.1.A	790	684.505	385.942	22.363
Gorai.006G271800.1.D	790	684.505	434.776	25.1927
Gorai.006G271900.1.A	1342	1236.5	78.3391	2.51286
Gorai.006G271900.1.D	1342	1236.5	64.6609	2.0741
Gorai.006G272000.1.A	818	712.505	0	0
Gorai.006G272000.1.D	818	712.505	0	0
Gorai.006G272100.1.A	834	728.505	1398.25	76.1267
Gorai.006G272100.1.D	834	728.505	312.752	17.0276
Gorai.006G272200.1.A	1593	1487.5	1930.65	51.479
Gorai.006G272200.1.D	1593	1487.5	475.35	12.6748
Gorai.006G272300.1.A	594	488.551	0	0
Gorai.006G272300.1.D	594	488.551	6.24781	0.507227
Gorai.006G272400.1.A	1466	1360.5	260.103	7.5828
Gorai.006G272400.1.D	1466	1360.5	333.649	9.72692
Gorai.006G272500.1.A	1135	1029.5	93.5046	3.60238
Gorai.006G272500.1.D	1135	1029.5	18.4954	0.712559
Gorai.006G272600.1.A	2225	2119.5	72	1.34736
Gorai.006G272600.1.D	2225	2119.5	4	0.0748532
Gorai.006G272700.1.A	929	823.505	0	0
Gorai.006G272700.1.D	929	823.505	7	0.337145
Gorai.006G272800.1.A	1975	1869.5	66.9091	1.41953
Gorai.006G272800.1.D	1975	1869.5	77.0909	1.63554
Gorai.006G272900.1.A	1760	1654.5	63.0333	1.51108
Gorai.006G272900.1.D	1760	1654.5	60.9667	1.46154
Gorai.006G273000.1.A	536	430.551	0	0
Gorai.006G273000.1.D	536	430.551	0	0
Gorai.006G273100.1.A	2370	2264.5	174.382	3.05431
Gorai.006G273100.1.D	2370	2264.5	175.618	3.07597
Gorai.006G273200.1.A	1610	1504.5	3.11483	0.0821157
Gorai.006G273200.1.D	1610	1504.5	213.885	5.63861
Gorai.006G273300.1.A	3090	2984.5	1108.83	14.736
Gorai.006G273300.1.D	3090	2984.5	718.168	9.54418
Gorai.006G273400.1.A	975	869.505	0	0
Gorai.006G273400.1.D	975	869.505	5.03121	0.229502
Gorai.006G273500.1.A	1992	1886.5	14152.6	297.552
Gorai.006G273500.1.D	1992	1886.5	3894.41	81.8782
Gorai.006G273600.1.A	3368	3262.5	43.2778	0.526137
Gorai.006G273600.1.D	3368	3262.5	13.7222	0.166824
Gorai.006G273700.1.A	2569	2463.5	126.147	2.031
Gorai.006G273700.1.D	2569	2463.5	97.8526	1.57545
Gorai.006G273800.1.A	4299	4193.5	13.963	0.132064
Gorai.006G273800.1.D	4299	4193.5	15.037	0.142223
Gorai.006G273900.1.A	1268	1162.5	0	0
Gorai.006G273900.1.D	1268	1162.5	0	0
Gorai.006G274000.1.A	1095	989.505	392.096	15.7166
Gorai.006G274000.1.D	1095	989.505	485.904	19.4768
Gorai.006G274100.1.A	813	707.505	0	0
Gorai.006G274100.1.D	813	707.505	2	0.112121
Gorai.006G274200.1.A	732	626.505	0	0
Gorai.006G274200.1.D	732	626.505	2	0.126617
Gorai.006G274300.1.A	528	422.551	0	0
Gorai.006G274300.1.D	528	422.551	0	0
Gorai.006G274400.1.A	2361	2255.5	453.913	7.98204
Gorai.006G274400.1.D	2361	2255.5	579.087	10.1832
Gorai.006G274500.1.A	543	437.551	1.04022	0.0942932
Gorai.006G274500.1.D	543	437.551	2.04843	0.185685
Gorai.006G274600.1.A	505	399.551	13.0069	1.29118
Gorai.006G274600.1.D	505	399.551	13.0069	1.29118
Gorai.006G274700.1.A	1063	957.505	0	0
Gorai.006G274700.1.D	1063	957.505	35.9314	1.4884
Gorai.006G274800.1.A	2263	2157.5	22.9873	0.422592
Gorai.006G274800.1.D	2263	2157.5	508.535	9.34876
Gorai.006G274900.1.A	1590	1484.5	6.66572	0.178095
Gorai.006G274900.1.D	1590	1484.5	103.16	2.75622
Gorai.006G275000.1.A	564	458.551	0	0
Gorai.006G275000.1.D	564	458.551	0	0
Gorai.006G275100.1.A	1305	1199.5	57.3489	1.8963
Gorai.006G275100.1.D	1305	1199.5	57.3489	1.8963
Gorai.006G275200.1.A	810	704.505	24.9083	1.40231
Gorai.006G275200.1.D	810	704.505	54.7936	3.08483
Gorai.006G275300.1.A	1257	1151.5	28.9351	0.996653
Gorai.006G275300.1.D	1257	1151.5	14.7499	0.508054
Gorai.006G275400.1.A	795	689.505	0	0
Gorai.006G275400.1.D	795	689.505	10	0.575238
Gorai.007G000100.1.A	848	742.505	17.0483	0.910681
Gorai.007G000100.1.D	848	742.505	0	0
Gorai.007G000200.1.A	498	392.551	2.15262	0.217498
Gorai.007G000200.1.D	498	392.551	2.15262	0.217498
Gorai.007G000300.1.A	792	686.505	0.597289	0.0345085
Gorai.007G000300.1.D	792	686.505	0.597289	0.0345085
Gorai.007G000400.1.A	2084	1978.5	4.34097	0.0870232
Gorai.007G000400.1.D	2084	1978.5	17.3639	0.348093
Gorai.007G000500.1.A	812	706.505	36.6901	2.05977
Gorai.007G000500.1.D	812	706.505	47.6243	2.67361
Gorai.007G000600.1.A	1349	1243.5	65.6128	2.09279
Gorai.007G000600.1.D	1349	1243.5	0	0
Gorai.007G000700.1.A	480	374.551	7	0.741262
Gorai.007G000700.1.D	480	374.551	8.37809	0.887194
Gorai.007G000800.1.A	1191	1085.5	0	0
Gorai.007G000800.1.D	1191	1085.5	0	0
Gorai.007G000900.1.A	576	470.551	0	0
Gorai.007G000900.1.D	576	470.551	0	0
Gorai.007G001000.1.A	1843	1737.5	0	0
Gorai.007G001000.1.D	1843	1737.5	8.20023	0.187191
Gorai.007G001100.1.A	2052	1946.5	5.34755	0.108964
Gorai.007G001100.1.D	2052	1946.5	1.33689	0.0272411
Gorai.007G001200.1.A	5950	5844.5	447.239	3.03512
Gorai.007G001200.1.D	5950	5844.5	269.492	1.82887
Gorai.007G001300.1.A	1204	1098.5	17.1429	0.618965
Gorai.007G001300.1.D	1204	1098.5	22.8571	0.825287
Gorai.007G001400.1.A	2710	2604.5	28.0099	0.426551
Gorai.007G001400.1.D	2710	2604.5	94.9901	1.44657
Gorai.007G001500.1.A	2663	2557.5	23	0.356694
Gorai.007G001500.1.D	2663	2557.5	0	0
Gorai.007G001600.1.A	3659	3553.5	24.9062	0.277994
Gorai.007G001600.1.D	3659	3553.5	422.094	4.71126
Gorai.007G001700.1.A	1844	1738.5	26.963	0.615144
Gorai.007G001700.1.D	1844	1738.5	1.03704	0.0236594
Gorai.007G001800.1.A	1005	899.505	31.8889	1.40612
Gorai.007G001800.1.D	1005	899.505	9.11111	0.401747
Gorai.007G001900.1.A	1246	1140.5	55.7895	1.94017
Gorai.007G001900.1.D	1246	1140.5	50.2105	1.74615
Gorai.007G002000.1.A	2843	2737.5	21.8571	0.316682
Gorai.007G002000.1.D	2843	2737.5	32.1429	0.465709
Gorai.007G002100.1.A	1808	1702.5	512.196	11.9325
Gorai.007G002100.1.D	1808	1702.5	304.804	7.10096
Gorai.007G002200.1.A	1109	1003.5	49.5	1.95646
Gorai.007G002200.1.D	1109	1003.5	49.5	1.95646
Gorai.007G002300.1.A	915	809.505	270.162	13.237
Gorai.007G002300.1.D	915	809.505	1806.84	88.529
Gorai.007G002400.1.A	4134	4028.5	79.42	0.781935
Gorai.007G002400.1.D	4134	4028.5	129.58	1.27579
Gorai.007G002500.1.A	463	357.551	0	0
Gorai.007G002500.1.D	463	357.551	0	0
Gorai.007G002600.1.A	2240	2134.5	1.15385	0.0214405
Gorai.007G002600.1.D	2240	2134.5	13.8462	0.257286
Gorai.007G002700.1.A	1794	1688.5	2	0.04698
Gorai.007G002700.1.D	1794	1688.5	1	0.02349
Gorai.007G002800.1.A	1519	1413.5	6	0.16836
Gorai.007G002800.1.D	1519	1413.5	2	0.05612
Gorai.007G002900.1.A	821	715.505	535.185	29.6672
Gorai.007G002900.1.D	821	715.505	314.815	17.4513
Gorai.007G003000.1.A	1312	1206.5	8	0.262994
Gorai.007G003000.1.D	1312	1206.5	14	0.46024
Gorai.007G003100.1.A	951	845.505	293.129	13.7508
Gorai.007G003100.1.D	951	845.505	203.871	9.56369
Gorai.007G003200.1.A	639	533.505	0	0
Gorai.007G003200.1.D	639	533.505	0	0
Gorai.007G003300.1.A	4806	4700.5	1315.24	11.098
Gorai.007G003300.1.D	4806	4700.5	1120.76	9.45703
Gorai.007G003400.1.A	1674	1568.5	391.41	9.89762
Gorai.007G003400.1.D	1674	1568.5	245.59	6.21027
Gorai.007G003500.1.A	2590	2484.5	1508.66	24.0844
Gorai.007G003500.1.D	2590	2484.5	1536.34	24.5263
Gorai.007G003600.1.A	1575	1469.5	146.016	3.94107
Gorai.007G003600.1.D	1575	1469.5	5.98425	0.161519
Gorai.007G003700.1.A	2141	2035.5	478.287	9.31969
Gorai.007G003700.1.D	2141	2035.5	438.713	8.54856
Gorai.007G003800.1.A	2503	2397.5	24.3478	0.402796
Gorai.007G003800.1.D	2503	2397.5	10.6522	0.176223
Gorai.007G003900.1.A	1618	1512.5	246.873	6.47383
Gorai.007G003900.1.D	1618	1512.5	525.127	13.7706
Gorai.007G004000.1.A	1261	1155.5	21.1429	0.725733
Gorai.007G004000.1.D	1261	1155.5	126.857	4.3544
Gorai.007G004100.1.A	1072	966.505	12.1579	0.49893
Gorai.007G004100.1.D	1072	966.505	8.84211	0.362858
Gorai.007G004200.1.A	1536	1430.5	623.536	17.2885
Gorai.007G004200.1.D	1536	1430.5	926.464	25.6876
Gorai.007G004300.1.A	2040	1934.5	1166.99	23.9266
Gorai.007G004300.1.D	2040	1934.5	913.012	18.7194
Gorai.007G004400.1.A	2513	2407.5	360.548	5.93992
Gorai.007G004400.1.D	2513	2407.5	331.809	5.46645
Gorai.007G004500.1.A	2611	2505.5	2683.29	42.4773
Gorai.007G004500.1.D	2611	2505.5	1896.71	30.0255
Gorai.007G004600.1.A	2660	2554.5	57.8652	0.898453
Gorai.007G004600.1.D	2660	2554.5	45.1348	0.700793
Gorai.007G004700.1.A	2049	1943.5	356.095	7.26716
Gorai.007G004700.1.D	2049	1943.5	610.905	12.4673
Gorai.007G004800.1.A	420	314.583	0	0
Gorai.007G004800.1.D	420	314.583	12	1.51297
Gorai.007G004900.1.A	1638	1532.5	2.66667	0.0690163
Gorai.007G004900.1.D	1638	1532.5	1.33333	0.0345082
Gorai.007G005000.1.A	462	356.551	0	0
Gorai.007G005000.1.D	462	356.551	0	0
Gorai.007G005100.1.A	553	447.551	0	0
Gorai.007G005100.1.D	553	447.551	0	0
Gorai.007G005200.1.A	3351	3245.5	19.5363	0.238751
Gorai.007G005200.1.D	3351	3245.5	64.9393	0.793616
Gorai.007G005300.1.A	2282	2176.5	74.3077	1.35413
Gorai.007G005300.1.D	2282	2176.5	109.692	1.99895
Gorai.007G005400.1.A	4413	4307.5	91.5976	0.843419
Gorai.007G005400.1.D	4413	4307.5	88.4024	0.813997
Gorai.007G005500.1.A	1981	1875.5	290.051	6.13395
Gorai.007G005500.1.D	1981	1875.5	397.949	8.41578
Gorai.007G005600.1.A	1029	923.505	742.153	31.8742
Gorai.007G005600.1.D	1029	923.505	1294.85	55.6114
Gorai.007G005700.1.A	1004	898.505	11.4179	0.504025
Gorai.007G005700.1.D	1004	898.505	19.4105	0.856842
Gorai.007G005800.1.A	552	446.551	1	0.0888206
Gorai.007G005800.1.D	552	446.551	2	0.177641
Gorai.007G005900.1.A	3362	3256.5	29.7	0.361734
Gorai.007G005900.1.D	3362	3256.5	3.3	0.0401927
Gorai.007G006000.1.A	1577	1471.5	648.92	17.491
Gorai.007G006000.1.D	1577	1471.5	1041.08	28.0613
Gorai.007G006100.1.A	2746	2640.5	889.77	13.3652
Gorai.007G006100.1.D	2746	2640.5	621.23	9.33148
Gorai.007G006200.1.A	2388	2282.5	1528.8	26.5659
Gorai.007G006200.1.D	2388	2282.5	622.199	10.8119
Gorai.007G006300.1.A	4581	4475.5	87.3196	0.773846
Gorai.007G006300.1.D	4581	4475.5	154.68	1.37081
Gorai.007G006400.1.A	1776	1670.5	963.804	22.8837
Gorai.007G006400.1.D	1776	1670.5	1051.2	24.9586
Gorai.007G006500.1.A	900	794.505	18.5243	0.924761
Gorai.007G006500.1.D	900	794.505	87.4757	4.36693
Gorai.007G006600.1.A	1413	1307.5	49.186	1.49205
Gorai.007G006600.1.D	1413	1307.5	91.814	2.78516
Gorai.007G006700.1.A	672	566.505	2	0.140027
Gorai.007G006700.1.D	672	566.505	8	0.560108
Gorai.007G006800.1.A	879	773.505	0	0
Gorai.007G006800.1.D	879	773.505	0	0
Gorai.007G006900.1.A	1621	1515.5	3	0.0785143
Gorai.007G006900.1.D	1621	1515.5	0	0
Gorai.007G007000.1.A	1809	1703.5	8.61538	0.200593
Gorai.007G007000.1.D	1809	1703.5	7.38462	0.171937
Gorai.007G007100.1.A	2984	2878.5	560.404	7.72181
Gorai.007G007100.1.D	2984	2878.5	244.596	3.37029
Gorai.007G007200.1.A	2718	2612.5	227.478	3.45356
Gorai.007G007200.1.D	2718	2612.5	1040.52	15.7972
Gorai.007G007300.1.A	612	506.551	0	0
Gorai.007G007300.1.D	612	506.551	1	0.0782999
Gorai.007G007400.1.A	3033	2927.5	713.834	9.67129
Gorai.007G007400.1.D	3033	2927.5	346.166	4.68999
Gorai.007G007500.1.A	1793	1687.5	0	0
Gorai.007G007500.1.D	1793	1687.5	0	0
Gorai.007G007600.1.A	644	538.505	0	0
Gorai.007G007600.1.D	644	538.505	0	0
Gorai.007G007700.1.A	1153	1047.5	1	0.0378642
Gorai.007G007700.1.D	1153	1047.5	0	0
Gorai.007G007800.1.A	1035	929.505	13.5909	0.579938
Gorai.007G007800.1.D	1035	929.505	9.40909	0.401496
Gorai.007G007900.1.A	510	404.551	0	0
Gorai.007G007900.1.D	510	404.551	0	0
Gorai.007G008000.1.A	2508	2402.5	168	2.77351
Gorai.007G008000.1.D	2508	2402.5	114	1.88203
Gorai.007G008100.1.A	2711	2605.5	73.152	1.11357
Gorai.007G008100.1.D	2711	2605.5	53.848	0.819715
Gorai.007G008200.1.A	1578	1472.5	114.549	3.08546
Gorai.007G008200.1.D	1578	1472.5	12.451	0.335376
Gorai.007G008300.1.A	878	772.505	340.255	17.4698
Gorai.007G008300.1.D	878	772.505	475.745	24.4263
Gorai.007G008400.1.A	919	813.505	0	0
Gorai.007G008400.1.D	919	813.505	1	0.0487556
Gorai.007G008500.1.A	1502	1396.5	0	0
Gorai.007G008500.1.D	1502	1396.5	0	0
Gorai.007G008600.1.A	987	881.505	0	0
Gorai.007G008600.1.D	987	881.505	0	0
Gorai.007G008700.1.A	1619	1513.5	0	0
Gorai.007G008700.1.D	1619	1513.5	0	0
Gorai.007G008800.1.A	301	195.687	7	1.4188
Gorai.007G008800.1.D	301	195.687	7	1.4188
Gorai.007G008900.1.A	1764	1658.5	0	0
Gorai.007G008900.1.D	1764	1658.5	9	0.215234
Gorai.007G009000.1.A	3520	3414.5	9	0.104544
Gorai.007G009000.1.D	3520	3414.5	0	0
Gorai.007G009100.1.A	1245	1139.5	0	0
Gorai.007G009100.1.D	1245	1139.5	0	0
Gorai.007G009200.1.A	731	625.505	26.5	1.68035
Gorai.007G009200.1.D	731	625.505	26.5	1.68035
Gorai.007G009300.1.A	2076	1970.5	38.6175	0.777305
Gorai.007G009300.1.D	2076	1970.5	152.383	3.0672
Gorai.007G009400.1.A	2626	2520.5	925.216	14.5593
Gorai.007G009400.1.D	2626	2520.5	1184.78	18.6439
Gorai.007G009500.1.A	1374	1268.5	0	0
Gorai.007G009500.1.D	1374	1268.5	0	0
Gorai.007G009600.1.A	633	527.505	0	0
Gorai.007G009600.1.D	633	527.505	0	0
Gorai.007G009700.1.A	576	470.551	14.0466	1.18399
Gorai.007G009700.1.D	576	470.551	14.0466	1.18399
Gorai.007G009800.1.A	1509	1403.5	38.4	1.08518
Gorai.007G009800.1.D	1509	1403.5	3.6	0.101736
Gorai.007G009900.1.A	2162	2056.5	0	0
Gorai.007G009900.1.D	2162	2056.5	229	4.41663
Gorai.007G010000.1.A	1757	1651.5	134.738	3.2359
Gorai.007G010000.1.D	1757	1651.5	120.262	2.88824
Gorai.007G010100.1.A	1332	1226.5	0	0
Gorai.007G010100.1.D	1332	1226.5	0	0
Gorai.007G010200.1.A	1166	1060.5	3	0.1122
Gorai.007G010200.1.D	1166	1060.5	0	0
Gorai.007G010300.1.A	1684	1578.5	0	0
Gorai.007G010300.1.D	1684	1578.5	0	0
Gorai.007G010400.1.A	1874	1768.5	16.4898	0.369823
Gorai.007G010400.1.D	1874	1768.5	84.5102	1.89534
Gorai.007G010500.1.A	3487	3381.5	53.5971	0.628661
Gorai.007G010500.1.D	3487	3381.5	95.4029	1.11902
Gorai.007G010600.1.A	1094	988.505	679.749	27.2744
Gorai.007G010600.1.D	1094	988.505	974.753	39.1112
Gorai.007G010700.1.A	495	389.551	0	0
Gorai.007G010700.1.D	495	389.551	0	0
Gorai.007G010800.1.A	958	852.505	0	0
Gorai.007G010800.1.D	958	852.505	2	0.0930504
Gorai.007G010900.1.A	1645	1539.5	34.5309	0.889636
Gorai.007G010900.1.D	1645	1539.5	168.469	4.34034
Gorai.007G011000.1.A	1744	1638.5	15	0.363102
Gorai.007G011000.1.D	1744	1638.5	0	0
Gorai.007G011100.1.A	1095	989.505	0	0
Gorai.007G011100.1.D	1095	989.505	1	0.0400836
Gorai.007G011200.1.A	4736	4630.5	1383.06	11.8467
Gorai.007G011200.1.D	4736	4630.5	2052.94	17.5846
Gorai.007G011300.1.A	1663	1557.5	0	0
Gorai.007G011300.1.D	1663	1557.5	46	1.17142
Gorai.007G011400.1.A	1920	1814.5	119.063	2.60257
Gorai.007G011400.1.D	1920	1814.5	49.7354	1.08716
Gorai.007G011500.1.A	1904	1798.5	1.09396	0.0241254
Gorai.007G011500.1.D	1904	1798.5	161.906	3.57056
Gorai.007G011600.1.A	1832	1726.5	65.948	1.51502
Gorai.007G011600.1.D	1832	1726.5	60.8527	1.39797
Gorai.007G011700.1.A	2933	2827.5	43.3837	0.608566
Gorai.007G011700.1.D	2933	2827.5	16.8286	0.236063
Gorai.007G011800.1.A	2128	2022.5	20.6602	0.405163
Gorai.007G011800.1.D	2128	2022.5	23.5287	0.461418
Gorai.007G011900.1.A	1080	974.505	0	0
Gorai.007G011900.1.D	1080	974.505	5	0.203503
Gorai.007G012000.1.A	1613	1507.5	1830.33	48.1566
Gorai.007G012000.1.D	1613	1507.5	35.6703	0.938496
Gorai.007G012100.1.A	942	836.505	0	0
Gorai.007G012100.1.D	942	836.505	0	0
Gorai.007G012200.1.A	1431	1325.5	370.01	11.0718
Gorai.007G012200.1.D	1431	1325.5	276.99	8.28836
Gorai.007G012300.1.A	2630	2524.5	4848.78	76.18
Gorai.007G012300.1.D	2630	2524.5	2956.22	46.4457
Gorai.007G012400.1.A	1656	1550.5	4.24242	0.108524
Gorai.007G012400.1.D	1656	1550.5	30.7576	0.786799
Gorai.007G012500.1.A	1098	992.505	41.2371	1.64794
Gorai.007G012500.1.D	1098	992.505	58.7629	2.34831
Gorai.007G012600.1.A	1537	1431.5	1105.4	30.6275
Gorai.007G012600.1.D	1537	1431.5	3024.6	83.8031
Gorai.007G012700.1.A	1047	941.505	30.6115	1.28957
Gorai.007G012700.1.D	1047	941.505	325.389	13.7077
Gorai.007G012800.1.A	2089	1983.5	40.0174	0.800204
Gorai.007G012800.1.D	2089	1983.5	77.9826	1.55937
Gorai.007G012900.1.A	1673	1567.5	0	0
Gorai.007G012900.1.D	1673	1567.5	7.94608	0.201062
Gorai.007G013000.1.A	2051	1945.5	501.141	10.2168
Gorai.007G013000.1.D	2051	1945.5	327.913	6.68514
Gorai.007G013100.1.A	2149	2043.5	24	0.465823
Gorai.007G013100.1.D	2149	2043.5	1	0.0194093
Gorai.007G013200.1.A	1456	1350.5	128	3.75923
Gorai.007G013200.1.D	1456	1350.5	112	3.28933
Gorai.007G013300.1.A	1458	1352.5	4	0.117302
Gorai.007G013300.1.D	1458	1352.5	0	0
Gorai.007G013400.1.A	957	851.505	1434.69	66.8274
Gorai.007G013400.1.D	957	851.505	1789.31	83.346
Gorai.007G013500.1.A	1063	957.505	631.199	26.1463
Gorai.007G013500.1.D	1063	957.505	483.801	20.0406
Gorai.007G013600.1.A	1262	1156.5	79.2	2.71621
Gorai.007G013600.1.D	1262	1156.5	52.8	1.8108
Gorai.007G013700.1.A	3249	3143.5	898.359	11.335
Gorai.007G013700.1.D	3249	3143.5	1692.64	21.3568
Gorai.007G013800.1.A	2328	2222.5	0	0
Gorai.007G013800.1.D	2328	2222.5	1255	22.3968
Gorai.007G013900.1.A	959	853.505	29.3946	1.36599
Gorai.007G013900.1.D	959	853.505	268.605	12.4823
Gorai.007G014000.1.A	889	783.505	3	0.151867
Gorai.007G014000.1.D	889	783.505	0	0
Gorai.007G014100.1.A	1557	1451.5	14.1818	0.387524
Gorai.007G014100.1.D	1557	1451.5	11.8182	0.322937
Gorai.007G014200.1.A	4646	4540.5	30.9091	0.270002
Gorai.007G014200.1.D	4646	4540.5	37.0909	0.324002
Gorai.007G014300.1.A	1545	1439.5	359.922	9.91701
Gorai.007G014300.1.D	1545	1439.5	302.078	8.3232
Gorai.007G014400.1.A	1358	1252.5	668.307	21.1632
Gorai.007G014400.1.D	1358	1252.5	622.693	19.7187
Gorai.007G014500.1.A	1030	924.505	3159.77	135.56
Gorai.007G014500.1.D	1030	924.505	3189.23	136.824
Gorai.007G014600.1.A	1190	1084.5	0	0
Gorai.007G014600.1.D	1190	1084.5	1	0.0365724
Gorai.007G014700.1.A	1182	1076.5	1	0.0368442
Gorai.007G014700.1.D	1182	1076.5	0	0
Gorai.007G014800.1.A	888	782.505	116	5.87971
Gorai.007G014800.1.D	888	782.505	143	7.24826
Gorai.007G014900.1.A	802	696.505	134.21	7.64266
Gorai.007G014900.1.D	802	696.505	119.79	6.82155
Gorai.007G015000.1.A	3579	3473.5	284.472	3.24831
Gorai.007G015000.1.D	3579	3473.5	225.528	2.57523
Gorai.007G015100.1.A	2079	1973.5	92.7895	1.86486
Gorai.007G015100.1.D	2079	1973.5	71.2105	1.43117
Gorai.007G015200.1.A	1502	1396.5	239.058	6.78962
Gorai.007G015200.1.D	1502	1396.5	474.942	13.4891
Gorai.007G015300.1.A	2226	2120.5	141.798	2.65225
Gorai.007G015300.1.D	2226	2120.5	135.202	2.52889
Gorai.007G015400.1.A	1525	1419.5	6.25	0.174634
Gorai.007G015400.1.D	1525	1419.5	3.75	0.10478
Gorai.007G015500.1.A	2558	2452.5	301.691	4.87907
Gorai.007G015500.1.D	2558	2452.5	345.309	5.58448
Gorai.007G015600.1.A	1539	1433.5	938.261	25.9603
Gorai.007G015600.1.D	1539	1433.5	1338.74	37.0409
Gorai.007G015700.1.A	4767	4661.5	1.11413	0.00947974
Gorai.007G015700.1.D	4767	4661.5	141.357	1.20275
Gorai.007G015800.1.A	560	454.551	0	0
Gorai.007G015800.1.D	560	454.551	4	0.349029
Gorai.007G015900.1.A	1054	948.505	113.042	4.72701
Gorai.007G015900.1.D	1054	948.505	180.477	7.5469
Gorai.007G016000.1.A	1154	1048.5	13.0918	0.495236
Gorai.007G016000.1.D	1154	1048.5	4.38848	0.166008
Gorai.007G016100.1.A	691	585.505	94.1205	6.37586
Gorai.007G016100.1.D	691	585.505	91.8795	6.22405
Gorai.007G016200.1.A	2715	2609.5	122.182	1.85709
Gorai.007G016200.1.D	2715	2609.5	101.818	1.54758
Gorai.007G016300.1.A	2532	2426.5	19.3448	0.316205
Gorai.007G016300.1.D	2532	2426.5	13.6552	0.223203
Gorai.007G016400.1.A	1401	1295.5	174.893	5.35449
Gorai.007G016400.1.D	1401	1295.5	287.107	8.79002
Gorai.007G016500.1.A	1903	1797.5	3132.68	69.1244
Gorai.007G016500.1.D	1903	1797.5	4083.9	90.1135
Gorai.007G016600.1.A	2519	2413.5	511.586	8.40728
Gorai.007G016600.1.D	2519	2413.5	673.414	11.0667
Gorai.007G016700.1.A	830	724.505	428.102	23.4364
Gorai.007G016700.1.D	830	724.505	565.898	30.98
Gorai.007G016800.1.A	1407	1301.5	1.5	0.045712
Gorai.007G016800.1.D	1407	1301.5	10.5	0.319984
Gorai.007G016900.1.A	1894	1788.5	780.842	17.3164
Gorai.007G016900.1.D	1894	1788.5	750.158	16.636
Gorai.007G017000.1.A	1411	1305.5	127.179	3.86386
Gorai.007G017000.1.D	1411	1305.5	183.821	5.58473
Gorai.007G017100.1.A	2535	2429.5	2	0.0326511
Gorai.007G017100.1.D	2535	2429.5	25	0.408138
Gorai.007G017200.1.A	1033	927.505	15.5909	0.666715
Gorai.007G017200.1.D	1033	927.505	33.4091	1.42868
Gorai.007G017300.1.A	843	737.505	17.4626	0.939136
Gorai.007G017300.1.D	843	737.505	133.537	7.18163
Gorai.007G017400.1.A	1281	1175.5	25.0986	0.846857
Gorai.007G017400.1.D	1281	1175.5	55.9014	1.88618
Gorai.007G017500.1.A	2123	2017.5	253.773	4.98902
Gorai.007G017500.1.D	2123	2017.5	227.227	4.46715
Gorai.007G017600.1.A	558	452.551	0	0
Gorai.007G017600.1.D	558	452.551	2	0.175286
Gorai.007G017700.1.A	840	734.505	156.852	8.46993
Gorai.007G017700.1.D	840	734.505	63.1481	3.40997
Gorai.007G017800.1.A	487	381.551	9	0.935566
Gorai.007G017800.1.D	487	381.551	0	0
Gorai.007G017900.1.A	1732	1626.5	307.548	7.49968
Gorai.007G017900.1.D	1732	1626.5	155.452	3.79075
Gorai.007G018000.1.A	1653	1547.5	221.937	5.6883
Gorai.007G018000.1.D	1653	1547.5	215.649	5.52714
Gorai.007G018100.1.A	1692	1586.5	502.901	12.5726
Gorai.007G018100.1.D	1692	1586.5	267.899	6.69753
Gorai.007G018200.1.A	787	681.505	17.6471	1.02704
Gorai.007G018200.1.D	787	681.505	7.35294	0.427934
Gorai.007G018300.1.A	891	785.505	1	0.0504936
Gorai.007G018300.1.D	891	785.505	0	0
Gorai.007G018400.1.A	1063	957.505	1301.02	53.8926
Gorai.007G018400.1.D	1063	957.505	1420.98	58.8614
Gorai.007G018500.1.A	3922	3816.5	109.211	1.13497
Gorai.007G018500.1.D	3922	3816.5	723.789	7.52196
Gorai.007G018600.1.A	1269	1163.5	248.139	8.45885
Gorai.007G018600.1.D	1269	1163.5	84.8613	2.89285
Gorai.007G018700.1.A	2331	2225.5	1187.1	21.1564
Gorai.007G018700.1.D	2331	2225.5	636.903	11.3509
Gorai.007G018800.1.A	489	383.551	6	0.620458
Gorai.007G018800.1.D	489	383.551	14	1.44774
Gorai.007G018900.1.A	1980	1874.5	76.1719	1.61173
Gorai.007G018900.1.D	1980	1874.5	118.828	2.5143
Gorai.007G019000.1.A	1694	1588.5	2052.41	51.246
Gorai.007G019000.1.D	1694	1588.5	760.409	18.9864
Gorai.007G019100.1.A	1196	1090.5	0	0
Gorai.007G019100.1.D	1196	1090.5	0	0
Gorai.007G019200.1.A	1302	1196.5	1019.09	33.7818
Gorai.007G019200.1.D	1302	1196.5	1117.91	37.0576
Gorai.007G019300.1.A	1314	1208.5	7	0.229739
Gorai.007G019300.1.D	1314	1208.5	0	0
Gorai.007G019400.1.A	1378	1272.5	1	0.0311692
Gorai.007G019400.1.D	1378	1272.5	0	0
Gorai.007G019500.1.A	1726	1620.5	357.296	8.74506
Gorai.007G019500.1.D	1726	1620.5	56.8878	1.39237
Gorai.007G019600.1.A	231	126.463	0	0
Gorai.007G019600.1.D	231	126.463	0	0
Gorai.007G019700.1.A	2221	2115.5	107.884	2.02269
Gorai.007G019700.1.D	2221	2115.5	14.1157	0.264651
Gorai.007G019800.1.A	1684	1578.5	19	0.477411
Gorai.007G019800.1.D	1684	1578.5	0	0
Gorai.007G019900.1.A	996	890.505	2981.79	132.809
Gorai.007G019900.1.D	996	890.505	31.2072	1.38996
Gorai.007G020000.1.A	2662	2556.5	819.565	12.7152
Gorai.007G020000.1.D	2662	2556.5	313.435	4.86279
Gorai.007G020100.1.A	2997	2891.5	99.4219	1.36378
Gorai.007G020100.1.D	2997	2891.5	203.578	2.79249
Gorai.007G020200.1.A	3050	2944.5	339.149	4.5684
Gorai.007G020200.1.D	3050	2944.5	419.851	5.65545
Gorai.007G020300.1.A	2478	2372.5	1986	33.2014
Gorai.007G020300.1.D	2478	2372.5	1802.03	30.1258
Gorai.007G020400.1.A	975	869.505	0	0
Gorai.007G020400.1.D	975	869.505	0	0
Gorai.007G020500.1.A	2072	1966.5	90.2672	1.82062
Gorai.007G020500.1.D	2072	1966.5	124.733	2.51577
Gorai.007G020600.1.A	2514	2408.5	1609.94	26.5123
Gorai.007G020600.1.D	2514	2408.5	799.514	13.1663
Gorai.007G020700.1.A	355	249.63	2.85714	0.453962
Gorai.007G020700.1.D	355	249.63	7.14286	1.13491
Gorai.007G020800.1.A	2188	2082.5	2588.18	49.294
Gorai.007G020800.1.D	2188	2082.5	2549.82	48.5633
Gorai.007G020900.1.A	2716	2610.5	165.767	2.5186
Gorai.007G020900.1.D	2716	2610.5	269.233	4.09061
Gorai.007G021000.1.A	1176	1070.5	41.0548	1.52111
Gorai.007G021000.1.D	1176	1070.5	39.9452	1.48
Gorai.007G021100.1.A	892	786.505	247.498	12.4812
Gorai.007G021100.1.D	892	786.505	2230.5	112.483
Gorai.007G021200.1.A	861	755.505	257.503	13.5186
Gorai.007G021200.1.D	861	755.505	36.4966	1.91602
Gorai.007G021300.1.A	1310	1204.5	762.117	25.0956
Gorai.007G021300.1.D	1310	1204.5	37.883	1.24744
Gorai.007G021400.1.A	1432	1326.5	876.624	26.2114
Gorai.007G021400.1.D	1432	1326.5	547.376	16.3667
Gorai.007G021500.1.A	1174	1068.5	78.0548	2.8974
Gorai.007G021500.1.D	1174	1068.5	69.9452	2.59637
Gorai.007G021600.1.A	1711	1605.5	724.049	17.8872
Gorai.007G021600.1.D	1711	1605.5	709.951	17.5389
Gorai.007G021700.1.A	1751	1645.5	44.7652	1.07901
Gorai.007G021700.1.D	1751	1645.5	98.2348	2.36783
Gorai.007G021800.1.A	2041	1935.5	1.25	0.0256154
Gorai.007G021800.1.D	2041	1935.5	3.75	0.0768461
Gorai.007G021900.1.A	1784	1678.5	261.191	6.17192
Gorai.007G021900.1.D	1784	1678.5	92.809	2.19307
Gorai.007G022000.1.A	1102	996.505	0.5	0.019901
Gorai.007G022000.1.D	1102	996.505	0.5	0.019901
Gorai.007G022100.1.A	2425	2319.5	139.698	2.38881
Gorai.007G022100.1.D	2425	2319.5	60.3015	1.03114
Gorai.007G022200.1.A	4194	4088.5	0	0
Gorai.007G022200.1.D	4194	4088.5	38	0.368641
Gorai.007G022300.1.A	1134	1028.5	120.361	4.64158
Gorai.007G022300.1.D	1134	1028.5	239.639	9.24135
Gorai.007G022400.1.A	2343	2237.5	46.125	0.817631
Gorai.007G022400.1.D	2343	2237.5	7.875	0.139596
Gorai.007G022500.1.A	1837	1731.5	398.076	9.11858
Gorai.007G022500.1.D	1837	1731.5	260.924	5.97689
Gorai.007G022600.1.A	900	794.505	1963.89	98.0406
Gorai.007G022600.1.D	900	794.505	1752.11	87.4681
Gorai.007G022700.1.A	3279	3173.5	35.0952	0.438626
Gorai.007G022700.1.D	3279	3173.5	31.9048	0.398751
Gorai.007G022800.1.A	1355	1249.5	95.0991	3.01872
Gorai.007G022800.1.D	1355	1249.5	136.901	4.34564
Gorai.007G022900.1.A	538	432.551	5	0.458477
Gorai.007G022900.1.D	538	432.551	1	0.0916953
Gorai.007G023000.1.A	527	421.551	0	0
Gorai.007G023000.1.D	527	421.551	0	0
Gorai.007G023100.1.A	960	854.505	0	0
Gorai.007G023100.1.D	960	854.505	0	0
Gorai.007G023200.1.A	657	551.505	112.881	8.11817
Gorai.007G023200.1.D	657	551.505	35.1186	2.52565
Gorai.007G023300.1.A	1128	1022.5	65.8158	2.55299
Gorai.007G023300.1.D	1128	1022.5	16.1842	0.627785
Gorai.007G023400.1.A	2267	2161.5	226.834	4.16233
Gorai.007G023400.1.D	2267	2161.5	121.166	2.22336
Gorai.007G023500.1.A	2435	2329.5	2	0.0340527
Gorai.007G023500.1.D	2435	2329.5	1	0.0170263
Gorai.007G023600.1.A	1517	1411.5	0	0
Gorai.007G023600.1.D	1517	1411.5	0	0
Gorai.007G023700.1.A	1043	937.505	352.2	14.9005
Gorai.007G023700.1.D	1043	937.505	286.581	12.1244
Gorai.007G023800.1.A	2739	2633.5	214.817	3.23534
Gorai.007G023800.1.D	2739	2633.5	31.1831	0.469645
Gorai.007G023900.1.A	1083	977.505	0.5	0.0202879
Gorai.007G023900.1.D	1083	977.505	0.5	0.0202879
Gorai.007G024000.1.A	408	302.583	0	0
Gorai.007G024000.1.D	408	302.583	0	0
Gorai.007G024100.1.A	483	377.551	0	0
Gorai.007G024100.1.D	483	377.551	0	0
Gorai.007G024200.1.A	499	393.551	0	0
Gorai.007G024200.1.D	499	393.551	0	0
Gorai.007G024300.1.A	492	386.551	0	0
Gorai.007G024300.1.D	492	386.551	0	0
Gorai.007G024400.1.A	1434	1328.5	0	0
Gorai.007G024400.1.D	1434	1328.5	0	0
Gorai.007G024500.1.A	838	732.505	19	1.02879
Gorai.007G024500.1.D	838	732.505	46	2.49076
Gorai.007G024600.1.A	2462	2356.5	193.902	3.26361
Gorai.007G024600.1.D	2462	2356.5	187.098	3.1491
Gorai.007G024700.1.A	651	545.505	0	0
Gorai.007G024700.1.D	651	545.505	0	0
Gorai.007G024800.1.A	522	416.551	13.7673	1.31089
Gorai.007G024800.1.D	522	416.551	4.23609	0.403349
Gorai.007G024900.1.A	1677	1571.5	121.18	3.05844
Gorai.007G024900.1.D	1677	1571.5	97.82	2.46886
Gorai.007G025000.1.A	2126	2020.5	119.545	2.34669
Gorai.007G025000.1.D	2126	2020.5	204.455	4.0135
Gorai.007G025100.1.A	2100	1994.5	127.626	2.53798
Gorai.007G025100.1.D	2100	1994.5	186.374	3.70626
Gorai.007G025200.1.A	901	795.505	4921.63	245.387
Gorai.007G025200.1.D	901	795.505	4243.08	211.555
Gorai.007G025300.1.A	646	540.505	32.5984	2.39212
Gorai.007G025300.1.D	646	540.505	105.402	7.73451
Gorai.007G025400.1.A	2750	2644.5	439.353	6.58953
Gorai.007G025400.1.D	2750	2644.5	452.977	6.79386
Gorai.007G025500.1.A	2552	2446.5	40.7903	0.661296
Gorai.007G025500.1.D	2552	2446.5	38.8541	0.629907
Gorai.007G025600.1.A	1674	1568.5	14.4281	0.364846
Gorai.007G025600.1.D	1674	1568.5	25.9274	0.655629
Gorai.007G025700.1.A	751	645.505	75	4.60836
Gorai.007G025700.1.D	751	645.505	91	5.59148
Gorai.007G025800.1.A	649	543.505	2	0.145953
Gorai.007G025800.1.D	649	543.505	0	0
Gorai.007G025900.1.A	660	554.505	56.4706	4.03926
Gorai.007G025900.1.D	660	554.505	3.52941	0.252454
Gorai.007G026000.1.A	1795	1689.5	1213.77	28.4946
Gorai.007G026000.1.D	1795	1689.5	422.228	9.91225
Gorai.007G026100.1.A	1274	1168.5	113.97	3.86853
Gorai.007G026100.1.D	1274	1168.5	70.0299	2.37705
Gorai.007G026200.1.A	1214	1108.5	12	0.429367
Gorai.007G026200.1.D	1214	1108.5	0	0
Gorai.007G026300.1.A	2278	2172.5	1762.59	32.1793
Gorai.007G026300.1.D	2278	2172.5	775.408	14.1565
Gorai.007G026400.1.A	432	326.583	0	0
Gorai.007G026400.1.D	432	326.583	0	0
Gorai.007G026500.1.A	216	111.866	0	0
Gorai.007G026500.1.D	216	111.866	1	0.354558
Gorai.007G026600.1.A	1338	1232.5	0	0
Gorai.007G026600.1.D	1338	1232.5	7	0.225265
Gorai.007G026700.1.A	1180	1074.5	130.435	4.81473
Gorai.007G026700.1.D	1180	1074.5	234.565	8.65843
Gorai.007G026800.1.A	1629	1523.5	0	0
Gorai.007G026800.1.D	1629	1523.5	1	0.026034
Gorai.007G026900.1.A	3187	3081.5	133.702	1.72091
Gorai.007G026900.1.D	3187	3081.5	307.298	3.95533
Gorai.007G027000.1.A	1368	1262.5	0	0
Gorai.007G027000.1.D	1368	1262.5	1	0.0314161
Gorai.007G027100.1.A	1464	1358.5	248.025	7.24135
Gorai.007G027100.1.D	1464	1358.5	458.975	13.4002
Gorai.007G027200.1.A	402	296.583	0.5	0.0668665
Gorai.007G027200.1.D	402	296.583	0.5	0.0668665
Gorai.007G027300.1.A	405	299.583	3	0.397181
Gorai.007G027300.1.D	405	299.583	0	0
Gorai.007G027400.1.A	995	889.505	0	0
Gorai.007G027400.1.D	995	889.505	35	1.56065
Gorai.007G027500.1.A	411	305.583	20.0769	2.60587
Gorai.007G027500.1.D	411	305.583	8.92308	1.15816
Gorai.007G027600.1.A	687	581.505	5	0.341037
Gorai.007G027600.1.D	687	581.505	1	0.0682074
Gorai.007G027700.1.A	411	305.583	6.66667	0.865295
Gorai.007G027700.1.D	411	305.583	3.33333	0.432648
Gorai.007G027800.1.A	1885	1779.5	29.0693	0.647919
Gorai.007G027800.1.D	1885	1779.5	27.9927	0.623922
Gorai.007G027900.1.A	726	620.505	0	0
Gorai.007G027900.1.D	726	620.505	0	0
Gorai.007G028000.1.A	1917	1811.5	63.1854	1.38345
Gorai.007G028000.1.D	1917	1811.5	89.093	1.95069
Gorai.007G028100.1.A	2163	2057.5	1310.08	25.2547
Gorai.007G028100.1.D	2163	2057.5	672.639	12.9666
Gorai.007G028200.1.A	1847	1741.5	18	0.409952
Gorai.007G028200.1.D	1847	1741.5	6	0.136651
Gorai.007G028300.1.A	1363	1257.5	1	0.031541
Gorai.007G028300.1.D	1363	1257.5	1	0.031541
Gorai.007G028400.1.A	1614	1508.5	3	0.0788787
Gorai.007G028400.1.D	1614	1508.5	0	0
Gorai.007G028500.1.A	7248	7142.5	285.124	1.58332
Gorai.007G028500.1.D	7248	7142.5	359.876	1.99842
Gorai.007G028600.1.A	1080	974.505	494.484	20.1258
Gorai.007G028600.1.D	1080	974.505	440.478	17.9277
Gorai.007G028700.1.A	747	641.505	11.55	0.714113
Gorai.007G028700.1.D	747	641.505	9.45	0.584274
Gorai.007G028800.1.A	1025	919.505	1	0.0431351
Gorai.007G028800.1.D	1025	919.505	6	0.258811
Gorai.007G028900.1.A	2501	2395.5	340.993	5.6459
Gorai.007G028900.1.D	2501	2395.5	846.007	14.0075
Gorai.007G029000.1.A	1050	944.505	0	0
Gorai.007G029000.1.D	1050	944.505	0	0
Gorai.007G029100.1.A	768	662.505	1.33869	0.0801449
Gorai.007G029100.1.D	768	662.505	1.33869	0.0801449
Gorai.007G029200.1.A	1429	1323.5	252.403	7.56405
Gorai.007G029200.1.D	1429	1323.5	561.597	16.83
Gorai.007G029300.1.A	1500	1394.5	47.6026	1.35393
Gorai.007G029300.1.D	1500	1394.5	31.3974	0.893016
Gorai.007G029400.1.A	1812	1706.5	699.756	16.2639
Gorai.007G029400.1.D	1812	1706.5	659.244	15.3223
Gorai.007G029500.1.A	1803	1697.5	8.88889	0.207693
Gorai.007G029500.1.D	1803	1697.5	1.11111	0.0259616
Gorai.007G029600.1.A	1154	1048.5	1452.03	54.9275
Gorai.007G029600.1.D	1154	1048.5	3334.97	126.156
Gorai.007G029700.1.A	1059	953.505	0	0
Gorai.007G029700.1.D	1059	953.505	5	0.207985
Gorai.007G029800.1.A	2906	2800.5	20.7832	0.294348
Gorai.007G029800.1.D	2906	2800.5	317.217	4.49267
Gorai.007G029900.1.A	1139	1033.5	444.379	17.054
Gorai.007G029900.1.D	1139	1033.5	690.621	26.504
Gorai.007G030000.1.A	1928	1822.5	91.1688	1.9841
Gorai.007G030000.1.D	1928	1822.5	64.8312	1.41091
Gorai.007G030100.1.A	2538	2432.5	173.511	2.82917
Gorai.007G030100.1.D	2538	2432.5	57.4887	0.937376
Gorai.007G030200.1.A	2258	2152.5	3	0.0552792
Gorai.007G030200.1.D	2258	2152.5	0	0
Gorai.007G030300.1.A	1531	1425.5	62.5088	1.73923
Gorai.007G030300.1.D	1531	1425.5	227.491	6.32967
Gorai.007G030400.1.A	1603	1497.5	131.686	3.48784
Gorai.007G030400.1.D	1603	1497.5	382.314	10.126
Gorai.007G030500.1.A	1356	1250.5	47.0345	1.49182
Gorai.007G030500.1.D	1356	1250.5	14.9655	0.47467
Gorai.007G030600.1.A	1858	1752.5	1.5	0.0339482
Gorai.007G030600.1.D	1858	1752.5	1.5	0.0339482
Gorai.007G030700.1.A	363	257.583	0	0
Gorai.007G030700.1.D	363	257.583	0	0
Gorai.007G030800.1.A	1671	1565.5	782.385	19.8222
Gorai.007G030800.1.D	1671	1565.5	681.615	17.2691
Gorai.007G030900.1.A	3190	3084.5	730.192	9.38937
Gorai.007G030900.1.D	3190	3084.5	2589.81	33.3018
Gorai.007G031000.1.A	2259	2153.5	361.636	6.66057
Gorai.007G031000.1.D	2259	2153.5	106.364	1.95899
Gorai.007G031100.1.A	862	756.505	6.4	0.335547
Gorai.007G031100.1.D	862	756.505	9.6	0.50332
Gorai.007G031200.1.A	2157	2051.5	34.9091	0.674918
Gorai.007G031200.1.D	2157	2051.5	37.0909	0.7171
Gorai.007G031300.1.A	1379	1273.5	0	0
Gorai.007G031300.1.D	1379	1273.5	1	0.0311447
Gorai.007G031400.1.A	1999	1893.5	2943.55	61.658
Gorai.007G031400.1.D	1999	1893.5	3310.45	69.3436
Gorai.007G031500.1.A	767	661.505	2	0.119917
Gorai.007G031500.1.D	767	661.505	10	0.599587
Gorai.007G031600.1.A	895	789.505	19.1667	0.96289
Gorai.007G031600.1.D	895	789.505	3.83333	0.192578
Gorai.007G031700.1.A	1304	1198.5	109.576	3.62626
Gorai.007G031700.1.D	1304	1198.5	193.694	6.41005
Gorai.007G031800.1.A	950	844.505	3	0.140898
Gorai.007G031800.1.D	950	844.505	9	0.422693
Gorai.007G031900.1.A	2001	1895.5	1614.15	33.7756
Gorai.007G031900.1.D	2001	1895.5	1275.85	26.6969
Gorai.007G032000.1.A	2769	2663.5	34.6593	0.516121
Gorai.007G032000.1.D	2769	2663.5	27.188	0.404864
Gorai.007G032100.1.A	261	155.894	6.16226	1.56782
Gorai.007G032100.1.D	261	155.894	0	0
Gorai.007G032200.1.A	1244	1138.5	315.826	11.0027
Gorai.007G032200.1.D	1244	1138.5	203.174	7.07814
Gorai.007G032300.1.A	1059	953.505	9	0.374373
Gorai.007G032300.1.D	1059	953.505	6	0.249582
Gorai.007G032400.1.A	1206	1100.5	41.4286	1.49311
Gorai.007G032400.1.D	1206	1100.5	16.5714	0.597246
Gorai.007G032500.1.A	1303	1197.5	15.0145	0.4973
Gorai.007G032500.1.D	1303	1197.5	58.9855	1.95368
Gorai.007G032600.1.A	1368	1262.5	59.8734	1.88099
Gorai.007G032600.1.D	1368	1262.5	50.1266	1.57478
Gorai.007G032700.1.A	766	660.505	1.25	0.0750618
Gorai.007G032700.1.D	766	660.505	3.75	0.225185
Gorai.007G032800.1.A	1799	1693.5	153.968	3.60602
Gorai.007G032800.1.D	1799	1693.5	91.0321	2.13203
Gorai.007G032900.1.A	312	206.649	0	0
Gorai.007G032900.1.D	312	206.649	0	0
Gorai.007G033000.1.A	1001	895.505	0	0
Gorai.007G033000.1.D	1001	895.505	0	0
Gorai.007G033100.1.A	1967	1861.5	158.169	3.37009
Gorai.007G033100.1.D	1967	1861.5	158.096	3.36853
Gorai.007G033200.1.A	3230	3124.5	419.966	5.33111
Gorai.007G033200.1.D	3230	3124.5	2720.77	34.5379
Gorai.007G033300.1.A	2137	2031.5	22.4242	0.437809
Gorai.007G033300.1.D	2137	2031.5	51.5758	1.00696
Gorai.007G033400.1.A	1438	1332.5	499.668	14.873
Gorai.007G033400.1.D	1438	1332.5	969.332	28.8529
Gorai.007G033500.1.A	1708	1602.5	68.3025	1.69053
Gorai.007G033500.1.D	1708	1602.5	185.697	4.59612
Gorai.007G033600.1.A	1744	1638.5	143.988	3.48548
Gorai.007G033600.1.D	1744	1638.5	202.012	4.89007
Gorai.007G033700.1.A	1446	1340.5	577.324	17.0819
Gorai.007G033700.1.D	1446	1340.5	700.676	20.7316
Gorai.007G033800.1.A	1157	1051.5	589.89	22.2508
Gorai.007G033800.1.D	1157	1051.5	744.11	28.068
Gorai.007G033900.1.A	1920	1814.5	77.7979	1.70057
Gorai.007G033900.1.D	1920	1814.5	117.202	2.5619
Gorai.007G034000.1.A	1092	986.505	496.424	19.959
Gorai.007G034000.1.D	1092	986.505	599.576	24.1063
Gorai.007G034100.1.A	417	311.583	0	0
Gorai.007G034100.1.D	417	311.583	4	0.50918
Gorai.007G034200.1.A	1736	1630.5	1	0.0243256
Gorai.007G034200.1.D	1736	1630.5	1	0.0243256
Gorai.007G034300.1.A	1530	1424.5	954.273	26.5701
Gorai.007G034300.1.D	1530	1424.5	1034.73	28.8102
Gorai.007G034400.1.A	1570	1464.5	61.718	1.6715
Gorai.007G034400.1.D	1570	1464.5	300.282	8.13249
Gorai.007G034500.1.A	1169	1063.5	22	0.82048
Gorai.007G034500.1.D	1169	1063.5	29	1.08154
Gorai.007G034600.1.A	1894	1788.5	141.867	3.14612
Gorai.007G034600.1.D	1894	1788.5	18.1333	0.402136
Gorai.007G034700.1.A	2083	1977.5	1.03813	0.0208219
Gorai.007G034700.1.D	2083	1977.5	2067.96	41.4772
Gorai.007G034800.1.A	894	788.505	0	0
Gorai.007G034800.1.D	894	788.505	0	0
Gorai.007G034900.1.A	5197	5091.5	366.048	2.85153
Gorai.007G034900.1.D	5197	5091.5	411.952	3.20911
Gorai.007G035000.1.A	3237	3131.5	112.177	1.42081
Gorai.007G035000.1.D	3237	3131.5	263.823	3.34153
Gorai.007G035100.1.A	2261	2155.5	668.168	12.2948
Gorai.007G035100.1.D	2261	2155.5	606.832	11.1662
Gorai.007G035200.1.A	2490	2384.5	51.94	0.86395
Gorai.007G035200.1.D	2490	2384.5	107.06	1.7808
Gorai.007G035300.1.A	939	833.505	0	0
Gorai.007G035300.1.D	939	833.505	0	0
Gorai.007G035400.1.A	1275	1169.5	3	0.101743
Gorai.007G035400.1.D	1275	1169.5	0	0
Gorai.007G035500.1.A	1286	1180.5	0	0
Gorai.007G035500.1.D	1286	1180.5	25	0.839957
Gorai.007G035600.1.A	775	669.505	1.10526	0.0654782
Gorai.007G035600.1.D	775	669.505	19.8947	1.17861
Gorai.007G035700.1.A	1176	1070.5	728.725	26.9998
Gorai.007G035700.1.D	1176	1070.5	523.275	19.3877
Gorai.007G035800.1.A	3036	2930.5	11395.3	154.23
Gorai.007G035800.1.D	3036	2930.5	16614.7	224.871
Gorai.007G035900.1.A	3220	3114.5	608.197	7.74533
Gorai.007G035900.1.D	3220	3114.5	451.803	5.75367
Gorai.007G036000.1.A	1059	953.505	0	0
Gorai.007G036000.1.D	1059	953.505	0	0
Gorai.007G036100.1.A	1121	1015.5	1273.16	49.7262
Gorai.007G036100.1.D	1121	1015.5	1358.63	53.0647
Gorai.007G036200.1.A	707	601.505	0	0
Gorai.007G036200.1.D	707	601.505	0	0
Gorai.007G036300.1.A	571	465.551	0	0
Gorai.007G036300.1.D	571	465.551	4	0.340783
Gorai.007G036400.1.A	723	617.505	417.074	26.7891
Gorai.007G036400.1.D	723	617.505	207.926	13.3553
Gorai.007G036500.1.A	1017	911.505	493.978	21.4948
Gorai.007G036500.1.D	1017	911.505	649.022	28.2414
Gorai.007G036600.1.A	3414	3308.5	96.6914	1.15915
Gorai.007G036600.1.D	3414	3308.5	81.3086	0.974742
Gorai.007G036700.1.A	1135	1029.5	225.653	8.69358
Gorai.007G036700.1.D	1135	1029.5	45.3466	1.74703
Gorai.007G036800.1.A	1689	1583.5	216.645	5.42643
Gorai.007G036800.1.D	1689	1583.5	151.355	3.79107
Gorai.007G036900.1.A	1457	1351.5	356.541	10.4635
Gorai.007G036900.1.D	1457	1351.5	353.459	10.373
Gorai.007G037000.1.A	2029	1923.5	1500.86	30.948
Gorai.007G037000.1.D	2029	1923.5	30.1378	0.621446
Gorai.007G037100.1.A	1434	1328.5	112.306	3.35293
Gorai.007G037100.1.D	1434	1328.5	36.694	1.09551
Gorai.007G037200.1.A	554	448.551	10.0253	0.886482
Gorai.007G037200.1.D	554	448.551	10.0253	0.886482
Gorai.007G037300.1.A	324	218.63	2.42857	0.440581
Gorai.007G037300.1.D	324	218.63	14.5714	2.64349
Gorai.007G037400.1.A	492	386.551	0	0
Gorai.007G037400.1.D	492	386.551	0	0
Gorai.007G037500.1.A	1575	1469.5	756.912	20.4296
Gorai.007G037500.1.D	1575	1469.5	546.088	14.7393
Gorai.007G037600.1.A	761	655.505	25	1.51269
Gorai.007G037600.1.D	761	655.505	0	0
Gorai.007G037700.1.A	995	889.505	92.7961	4.13777
Gorai.007G037700.1.D	995	889.505	124.204	5.53824
Gorai.007G037800.1.A	1459	1353.5	505.061	14.8002
Gorai.007G037800.1.D	1459	1353.5	1291.94	37.8588
Gorai.007G037900.1.A	1265	1159.5	0	0
Gorai.007G037900.1.D	1265	1159.5	0	0
Gorai.007G038000.1.A	409	303.583	2	0.261299
Gorai.007G038000.1.D	409	303.583	0	0
Gorai.007G038100.1.A	1592	1486.5	90.087	2.4037
Gorai.007G038100.1.D	1592	1486.5	57.913	1.54524
Gorai.007G038200.1.A	968	862.505	48.8734	2.24748
Gorai.007G038200.1.D	968	862.505	50.1266	2.30511
Gorai.007G038300.1.A	895	789.505	0	0
Gorai.007G038300.1.D	895	789.505	15	0.753566
Gorai.007G038400.1.A	3216	3110.5	262.798	3.35101
Gorai.007G038400.1.D	3216	3110.5	341.202	4.35076
Gorai.007G038500.1.A	1245	1139.5	141.24	4.91616
Gorai.007G038500.1.D	1245	1139.5	258.76	9.00671
Gorai.007G038600.1.A	8027	7921.5	357.867	1.79184
Gorai.007G038600.1.D	8027	7921.5	130.133	0.651577
Gorai.007G038700.1.A	889	783.505	760.845	38.5159
Gorai.007G038700.1.D	889	783.505	555.947	28.1434
Gorai.007G038800.1.A	3558	3452.5	0	0
Gorai.007G038800.1.D	3558	3452.5	0	0
Gorai.007G038900.1.A	1159	1053.5	1763.65	66.399
Gorai.007G038900.1.D	1159	1053.5	2109.35	79.4139
Gorai.007G039000.1.A	5454	5348.5	448.121	3.32313
Gorai.007G039000.1.D	5454	5348.5	270.879	2.00876
Gorai.007G039100.1.A	2488	2382.5	179.065	2.98099
Gorai.007G039100.1.D	2488	2382.5	102.935	1.71362
Gorai.007G039200.1.A	1591	1485.5	44.5221	1.18874
Gorai.007G039200.1.D	1591	1485.5	72.4779	1.93516
Gorai.007G039300.1.A	3466	3360.5	127.982	1.51053
Gorai.007G039300.1.D	3466	3360.5	97.0183	1.14508
Gorai.007G039400.1.A	1315	1209.5	941.764	30.883
Gorai.007G039400.1.D	1315	1209.5	763.236	25.0286
Gorai.007G039500.1.A	957	851.505	19.6364	0.914658
Gorai.007G039500.1.D	957	851.505	4.36364	0.203257
Gorai.007G039600.1.A	1883	1777.5	645.714	14.4084
Gorai.007G039600.1.D	1883	1777.5	484.286	10.8063
Gorai.007G039700.1.A	5671	5565.5	199.129	1.41911
Gorai.007G039700.1.D	5671	5565.5	172.871	1.23197
Gorai.007G039800.1.A	1607	1501.5	761.17	20.1066
Gorai.007G039800.1.D	1607	1501.5	1416.83	37.4262
Gorai.007G039900.1.A	856	750.505	5	0.264242
Gorai.007G039900.1.D	856	750.505	6	0.31709
Gorai.007G040000.1.A	2492	2386.5	171.868	2.8564
Gorai.007G040000.1.D	2492	2386.5	175.132	2.91063
Gorai.007G040100.1.A	1290	1184.5	223.127	7.47138
Gorai.007G040100.1.D	1290	1184.5	12.8727	0.431041
Gorai.007G040200.1.A	4014	3908.5	87.5	0.887937
Gorai.007G040200.1.D	4014	3908.5	87.5	0.887937
Gorai.007G040300.1.A	1452	1346.5	112.644	3.31808
Gorai.007G040300.1.D	1452	1346.5	24.3556	0.717423
Gorai.007G040400.1.A	1856	1750.5	417.792	9.46633
Gorai.007G040400.1.D	1856	1750.5	794.208	17.9952
Gorai.007G040500.1.A	2619	2513.5	1804.12	28.4688
Gorai.007G040500.1.D	2619	2513.5	2006.39	31.6607
Gorai.007G040600.1.A	3089	2983.5	80.2133	1.06636
Gorai.007G040600.1.D	3089	2983.5	201.787	2.68257
Gorai.007G040700.1.A	1206	1100.5	33.7905	1.21783
Gorai.007G040700.1.D	1206	1100.5	18.4312	0.664273
Gorai.007G040800.1.A	800	694.505	0	0
Gorai.007G040800.1.D	800	694.505	16	0.913755
Gorai.007G040900.1.A	1171	1065.5	124.078	4.61876
Gorai.007G040900.1.D	1171	1065.5	155.922	5.80411
Gorai.007G041000.1.A	765	659.505	1	0.0601405
Gorai.007G041000.1.D	765	659.505	0	0
Gorai.007G041100.1.A	815	709.505	0	0
Gorai.007G041100.1.D	815	709.505	0	0
Gorai.007G041200.1.A	1223	1117.5	14.2857	0.507035
Gorai.007G041200.1.D	1223	1117.5	5.71429	0.202814
Gorai.007G041300.1.A	405	299.583	0	0
Gorai.007G041300.1.D	405	299.583	0	0
Gorai.007G041400.1.A	1062	956.505	0	0
Gorai.007G041400.1.D	1062	956.505	0	0
Gorai.007G041500.1.A	2293	2187.5	0	0
Gorai.007G041500.1.D	2293	2187.5	0	0
Gorai.007G041600.1.A	2126	2020.5	329.078	6.45987
Gorai.007G041600.1.D	2126	2020.5	519.922	10.2062
Gorai.007G041700.1.A	890	784.505	0	0
Gorai.007G041700.1.D	890	784.505	4	0.202232
Gorai.007G041800.1.A	2074	1968.5	222.78	4.48875
Gorai.007G041800.1.D	2074	1968.5	257.22	5.18266
Gorai.007G041900.1.A	1575	1469.5	4091.38	110.429
Gorai.007G041900.1.D	1575	1469.5	38.6222	1.04244
Gorai.007G042000.1.A	2471	2365.5	176.522	2.95978
Gorai.007G042000.1.D	2471	2365.5	33.4783	0.561337
Gorai.007G042100.1.A	1603	1497.5	252.921	6.69886
Gorai.007G042100.1.D	1603	1497.5	508.079	13.457
Gorai.007G042200.1.A	2073	1967.5	268.504	5.41277
Gorai.007G042200.1.D	2073	1967.5	6.49606	0.130954
Gorai.007G042300.1.A	2112	2006.5	500.308	9.88969
Gorai.007G042300.1.D	2112	2006.5	436.692	8.63216
Gorai.007G042400.1.A	790	684.505	0	0
Gorai.007G042400.1.D	790	684.505	0	0
Gorai.007G042500.1.A	1795	1689.5	15	0.352141
Gorai.007G042500.1.D	1795	1689.5	0	0
Gorai.007G042600.1.A	899	793.505	126.915	6.3438
Gorai.007G042600.1.D	899	793.505	193.085	9.65125
Gorai.007G042700.1.A	1802	1696.5	120.019	2.80596
Gorai.007G042700.1.D	1802	1696.5	38.9806	0.911337
Gorai.007G042800.1.A	1663	1557.5	1263.56	32.1776
Gorai.007G042800.1.D	1663	1557.5	814.435	20.7402
Gorai.007G042900.1.A	781	675.505	21.525	1.26386
Gorai.007G042900.1.D	781	675.505	19.475	1.14349
Gorai.007G043000.1.A	2250	2144.5	104.441	1.93165
Gorai.007G043000.1.D	2250	2144.5	53.5593	0.990588
Gorai.007G043100.1.A	2470	2364.5	16.5455	0.277539
Gorai.007G043100.1.D	2470	2364.5	35.4545	0.594726
Gorai.007G043200.1.A	307	201.687	0	0
Gorai.007G043200.1.D	307	201.687	3	0.589967
Gorai.007G043300.1.A	848	742.505	0	0
Gorai.007G043300.1.D	848	742.505	6	0.320507
Gorai.007G043400.1.A	856	750.505	0	0
Gorai.007G043400.1.D	856	750.505	4	0.211393
Gorai.007G043500.1.A	1859	1753.5	30.6571	0.693441
Gorai.007G043500.1.D	1859	1753.5	6.34286	0.143471
Gorai.007G043600.1.A	1238	1132.5	1070.1	37.4773
Gorai.007G043600.1.D	1238	1132.5	719.903	25.2127
Gorai.007G043700.1.A	891	785.505	1.5	0.0757404
Gorai.007G043700.1.D	891	785.505	1.5	0.0757404
Gorai.007G043800.1.A	994	888.505	0	0
Gorai.007G043800.1.D	994	888.505	0	0
Gorai.007G043900.1.A	1752	1646.5	1	0.0240892
Gorai.007G043900.1.D	1752	1646.5	0	0
Gorai.007G044000.1.A	5499	5393.5	87.931	0.64663
Gorai.007G044000.1.D	5499	5393.5	2.06897	0.0152148
Gorai.007G044100.1.A	818	712.505	0	0
Gorai.007G044100.1.D	818	712.505	0	0
Gorai.007G044200.1.A	1049	943.505	13.5484	0.569546
Gorai.007G044200.1.D	1049	943.505	70.4516	2.96164
Gorai.007G044300.1.A	885	779.505	24.0222	1.2223
Gorai.007G044300.1.D	885	779.505	22.9778	1.16916
Gorai.007G044400.1.A	1662	1556.5	12	0.305785
Gorai.007G044400.1.D	1662	1556.5	0	0
Gorai.007G044500.1.A	1672	1566.5	1	0.0253194
Gorai.007G044500.1.D	1672	1566.5	20	0.506388
Gorai.007G044600.1.A	2115	2009.5	1304.54	25.7485
Gorai.007G044600.1.D	2115	2009.5	1339.46	26.4379
Gorai.007G044700.1.A	2093	1987.5	45	0.898027
Gorai.007G044700.1.D	2093	1987.5	15	0.299342
Gorai.007G044800.1.A	2202	2096.5	53.3333	1.00899
Gorai.007G044800.1.D	2202	2096.5	22.6667	0.428822
Gorai.007G044900.1.A	4074	3968.5	969.486	9.68946
Gorai.007G044900.1.D	4074	3968.5	1332.51	13.3177
Gorai.007G045000.1.A	2374	2268.5	857.308	14.9893
Gorai.007G045000.1.D	2374	2268.5	588.692	10.2928
Gorai.007G045100.1.A	1130	1024.5	8	0.309714
Gorai.007G045100.1.D	1130	1024.5	0	0
Gorai.007G045200.1.A	1194	1088.5	195.258	7.11483
Gorai.007G045200.1.D	1194	1088.5	244.742	8.9179
Gorai.007G045300.1.A	963	857.505	1.11111	0.0513932
Gorai.007G045300.1.D	963	857.505	8.88889	0.411146
Gorai.007G045400.1.A	1413	1307.5	47.3239	1.43556
Gorai.007G045400.1.D	1413	1307.5	32.6761	0.991223
Gorai.007G045500.1.A	1945	1839.5	892.279	19.2391
Gorai.007G045500.1.D	1945	1839.5	851.721	18.3646
Gorai.007G045600.1.A	3853	3747.5	4314.89	45.668
Gorai.007G045600.1.D	3853	3747.5	3349.11	35.4464
Gorai.007G045700.1.A	282	176.772	0	0
Gorai.007G045700.1.D	282	176.772	10	2.24374
Gorai.007G045800.1.A	3179	3073.5	39.1304	0.50497
Gorai.007G045800.1.D	3179	3073.5	10.8696	0.140269
Gorai.007G045900.1.A	4130	4024.5	95.4194	0.940392
Gorai.007G045900.1.D	4130	4024.5	6.58065	0.0648546
Gorai.007G046000.1.A	708	602.505	12	0.789961
Gorai.007G046000.1.D	708	602.505	1	0.0658301
Gorai.007G046100.1.A	1017	911.505	25.2308	1.09788
Gorai.007G046100.1.D	1017	911.505	15.7692	0.686178
Gorai.007G046200.1.A	3844	3738.5	140.212	1.48755
Gorai.007G046200.1.D	3844	3738.5	159.06	1.68752
Gorai.007G046300.1.A	1208	1102.5	0	0
Gorai.007G046300.1.D	1208	1102.5	0	0
Gorai.007G046400.1.A	1806	1700.5	0	0
Gorai.007G046400.1.D	1806	1700.5	9	0.209918
Gorai.007G046500.1.A	1026	920.505	611.572	26.3516
Gorai.007G046500.1.D	1026	920.505	545.428	23.5016
Gorai.007G046600.1.A	1727	1621.5	114.947	2.81168
Gorai.007G046600.1.D	1727	1621.5	29.0526	0.710644
Gorai.007G046700.1.A	1450	1344.5	0	0
Gorai.007G046700.1.D	1450	1344.5	0	0
Gorai.007G046800.1.A	2428	2322.5	26.8519	0.458567
Gorai.007G046800.1.D	2428	2322.5	2.14815	0.0366853
Gorai.007G046900.1.A	2923	2817.5	516.32	7.26841
Gorai.007G046900.1.D	2923	2817.5	239.68	3.37405
Gorai.007G047000.1.A	2386	2280.5	250.052	4.34895
Gorai.007G047000.1.D	2386	2280.5	266.948	4.6428
Gorai.007G047100.1.A	2893	2787.5	2.44444	0.0347816
Gorai.007G047100.1.D	2893	2787.5	30.5556	0.43477
Gorai.007G047200.1.A	2046	1940.5	4	0.081758
Gorai.007G047200.1.D	2046	1940.5	0	0
Gorai.007G047300.1.A	1055	949.505	398.784	16.6581
Gorai.007G047300.1.D	1055	949.505	911.216	38.0635
Gorai.007G047400.1.A	1704	1598.5	8637.88	214.328
Gorai.007G047400.1.D	1704	1598.5	2329.12	57.7914
Gorai.007G047500.1.A	1303	1197.5	280.671	9.29619
Gorai.007G047500.1.D	1303	1197.5	2.32922	0.0771468
Gorai.007G047600.1.A	2203	2097.5	112.901	2.1349
Gorai.007G047600.1.D	2203	2097.5	184.099	3.48124
Gorai.007G047700.1.A	1313	1207.5	38	1.24819
Gorai.007G047700.1.D	1313	1207.5	28	0.919717
Gorai.007G047800.1.A	2160	2054.5	142.86	2.75795
Gorai.007G047800.1.D	2160	2054.5	244.14	4.71322
Gorai.007G047900.1.A	1115	1009.5	1229.67	48.3132
Gorai.007G047900.1.D	1115	1009.5	897.621	35.2671
Gorai.007G048000.1.A	1419	1313.5	2	0.0603925
Gorai.007G048000.1.D	1419	1313.5	0	0
Gorai.007G048100.1.A	766	660.505	362.168	21.748
Gorai.007G048100.1.D	766	660.505	1077.4	64.6973
Gorai.007G048200.1.A	967	861.505	96.0614	4.42259
Gorai.007G048200.1.D	967	861.505	136.939	6.30454
Gorai.007G048300.1.A	3737	3631.5	107.262	1.17151
Gorai.007G048300.1.D	3737	3631.5	251.738	2.74946
Gorai.007G048400.1.A	534	428.551	0	0
Gorai.007G048400.1.D	534	428.551	0	0
Gorai.007G048500.1.A	1351	1245.5	98.7955	3.14613
Gorai.007G048500.1.D	1351	1245.5	203.204	6.47102
Gorai.007G048600.1.A	1339	1233.5	90.0676	2.89609
Gorai.007G048600.1.D	1339	1233.5	1242.93	39.9661
Gorai.007G048700.1.A	3024	2918.5	868.794	11.8071
Gorai.007G048700.1.D	3024	2918.5	601.206	8.17048
Gorai.007G048800.1.A	1022	916.505	0	0
Gorai.007G048800.1.D	1022	916.505	0	0
Gorai.007G048900.1.A	1483	1377.5	15.8333	0.455894
Gorai.007G048900.1.D	1483	1377.5	79.1667	2.27947
Gorai.007G049000.1.A	971	865.505	667.46	30.5873
Gorai.007G049000.1.D	971	865.505	482.54	22.1131
Gorai.007G049100.1.A	2849	2743.5	86.9798	1.25747
Gorai.007G049100.1.D	2849	2743.5	22.0202	0.318347
Gorai.007G049200.1.A	4394	4288.5	0	0
Gorai.007G049200.1.D	4394	4288.5	0	0
Gorai.007G049300.1.A	2486	2380.5	3	0.0499847
Gorai.007G049300.1.D	2486	2380.5	1	0.0166616
Gorai.007G049400.1.A	3143	3037.5	1002.59	13.0915
Gorai.007G049400.1.D	3143	3037.5	1024.41	13.3765
Gorai.007G049500.1.A	4297	4191.5	32.6667	0.309115
Gorai.007G049500.1.D	4297	4191.5	16.3333	0.154557
Gorai.007G049600.1.A	2031	1925.5	20	0.411974
Gorai.007G049600.1.D	2031	1925.5	10	0.205987
Gorai.007G049700.1.A	1494	1388.5	24	0.685565
Gorai.007G049700.1.D	1494	1388.5	48	1.37113
Gorai.007G049800.1.A	3189	3083.5	116.133	1.49382
Gorai.007G049800.1.D	3189	3083.5	151.867	1.95345
Gorai.007G049900.1.A	1280	1174.5	1	0.0337699
Gorai.007G049900.1.D	1280	1174.5	0	0
Gorai.007G050000.1.A	2171	2065.5	214.465	4.11828
Gorai.007G050000.1.D	2171	2065.5	423.535	8.13295
Gorai.007G050100.1.A	1645	1539.5	97.3636	2.50842
Gorai.007G050100.1.D	1645	1539.5	154.636	3.98397
Gorai.007G050200.1.A	927	821.505	1.5	0.0724213
Gorai.007G050200.1.D	927	821.505	1.5	0.0724213
Gorai.007G050300.1.A	2172	2066.5	567.084	10.8842
Gorai.007G050300.1.D	2172	2066.5	598.916	11.4951
Gorai.007G050400.1.A	1396	1290.5	12.3636	0.379989
Gorai.007G050400.1.D	1396	1290.5	21.6364	0.664982
Gorai.007G050500.1.A	1829	1723.5	8.8	0.202514
Gorai.007G050500.1.D	1829	1723.5	2.2	0.0506285
Gorai.007G050600.1.A	1796	1690.5	13	0.305008
Gorai.007G050600.1.D	1796	1690.5	0	0
Gorai.007G050700.1.A	1674	1568.5	86.0191	2.17517
Gorai.007G050700.1.D	1674	1568.5	98.9809	2.50294
Gorai.007G050800.1.A	893	787.505	401.176	20.2054
Gorai.007G050800.1.D	893	787.505	579.824	29.203
Gorai.007G050900.1.A	1883	1777.5	0	0
Gorai.007G050900.1.D	1883	1777.5	0	0
Gorai.007G051000.1.A	1549	1443.5	55.1765	1.51607
Gorai.007G051000.1.D	1549	1443.5	11.8235	0.324873
Gorai.007G051100.1.A	802	696.505	0	0
Gorai.007G051100.1.D	802	696.505	2	0.113891
Gorai.007G051200.1.A	1337	1231.5	2060.26	66.3544
Gorai.007G051200.1.D	1337	1231.5	1045.74	33.6802
Gorai.007G051300.1.A	2059	1953.5	239.25	4.85761
Gorai.007G051300.1.D	2059	1953.5	137.75	2.7968
Gorai.007G051400.1.A	1100	994.505	27	1.07682
Gorai.007G051400.1.D	1100	994.505	0	0
Gorai.007G051500.1.A	2323	2217.5	27.0161	0.483218
Gorai.007G051500.1.D	2323	2217.5	39.9839	0.715163
Gorai.007G051600.1.A	2407	2301.5	79.3198	1.36696
Gorai.007G051600.1.D	2407	2301.5	168.68	2.90695
Gorai.007G051700.1.A	2100	1994.5	1	0.0198861
Gorai.007G051700.1.D	2100	1994.5	9	0.178975
Gorai.007G051800.1.A	1848	1742.5	0	0
Gorai.007G051800.1.D	1848	1742.5	0	0
Gorai.007G051900.1.A	1302	1196.5	2545.08	84.3669
Gorai.007G051900.1.D	1302	1196.5	988.919	32.7817
Gorai.007G052000.1.A	756	650.505	0	0
Gorai.007G052000.1.D	756	650.505	0	0
Gorai.007G052100.1.A	1872	1766.5	130.573	2.93172
Gorai.007G052100.1.D	1872	1766.5	93.4271	2.0977
Gorai.007G052200.1.A	507	401.551	10	0.987743
Gorai.007G052200.1.D	507	401.551	10	0.987743
Gorai.007G052300.1.A	781	675.505	83.8351	4.92246
Gorai.007G052300.1.D	781	675.505	23.1649	1.36015
Gorai.007G052400.1.A	2388	2282.5	4.66667	0.0810924
Gorai.007G052400.1.D	2388	2282.5	2.33333	0.0405462
Gorai.007G052500.1.A	222	117.654	2	0.674231
Gorai.007G052500.1.D	222	117.654	5	1.68558
Gorai.007G052600.1.A	1207	1101.5	5.18316	0.186635
Gorai.007G052600.1.D	1207	1101.5	0	0
Gorai.007G052700.1.A	1157	1051.5	19.1044	0.720621
Gorai.007G052700.1.D	1157	1051.5	163.896	6.18217
Gorai.007G052800.1.A	1174	1068.5	79.4188	2.94803
Gorai.007G052800.1.D	1174	1068.5	12.3981	0.460217
Gorai.007G052900.1.A	2015	1909.5	57	1.18397
Gorai.007G052900.1.D	2015	1909.5	1	0.0207713
Gorai.007G053000.1.A	1929	1823.5	127.223	2.76723
Gorai.007G053000.1.D	1929	1823.5	223.777	4.86735
Gorai.007G053100.1.A	1816	1710.5	29	0.672448
Gorai.007G053100.1.D	1816	1710.5	9	0.208691
Gorai.007G053200.1.A	2205	2099.5	0	0
Gorai.007G053200.1.D	2205	2099.5	0	0
Gorai.007G053300.1.A	2913	2807.5	46.3667	0.655044
Gorai.007G053300.1.D	2913	2807.5	60.6333	0.856596
Gorai.007G053400.1.A	1130	1024.5	3.27273	0.126701
Gorai.007G053400.1.D	1130	1024.5	8.72727	0.33787
Gorai.007G053500.1.A	4405	4299.5	165.355	1.5254
Gorai.007G053500.1.D	4405	4299.5	177.645	1.63878
Gorai.007G053600.1.A	629	523.505	0	0
Gorai.007G053600.1.D	629	523.505	0	0
Gorai.007G053700.1.A	300	194.687	0	0
Gorai.007G053700.1.D	300	194.687	0	0
Gorai.007G053800.1.A	1271	1165.5	0	0
Gorai.007G053800.1.D	1271	1165.5	0	0
Gorai.007G053900.1.A	1617	1511.5	3	0.0787221
Gorai.007G053900.1.D	1617	1511.5	1	0.0262407
Gorai.007G054000.1.A	1704	1598.5	0	0
Gorai.007G054000.1.D	1704	1598.5	0	0
Gorai.007G054100.1.A	1963	1857.5	13	0.277587
Gorai.007G054100.1.D	1963	1857.5	0	0
Gorai.007G054200.1.A	1611	1505.5	0	0
Gorai.007G054200.1.D	1611	1505.5	0	0
Gorai.007G054300.1.A	941	835.505	0	0
Gorai.007G054300.1.D	941	835.505	0	0
Gorai.007G054400.1.A	1608	1502.5	0	0
Gorai.007G054400.1.D	1608	1502.5	0	0
Gorai.007G054500.1.A	1434	1328.5	0	0
Gorai.007G054500.1.D	1434	1328.5	0	0
Gorai.007G054600.1.A	1900	1794.5	552.872	12.2198
Gorai.007G054600.1.D	1900	1794.5	199.128	4.40121
Gorai.007G054700.1.A	2584	2478.5	546.75	8.74951
Gorai.007G054700.1.D	2584	2478.5	610.25	9.76569
Gorai.007G054800.1.A	1159	1053.5	2	0.0752971
Gorai.007G054800.1.D	1159	1053.5	1	0.0376486
Gorai.007G054900.1.A	216	111.866	15.9284	5.64755
Gorai.007G054900.1.D	216	111.866	15.9284	5.64755
Gorai.007G055000.1.A	351	245.63	20.7575	3.3518
Gorai.007G055000.1.D	351	245.63	20.7575	3.3518
Gorai.007G055100.1.A	1506	1400.5	1747.54	49.4911
Gorai.007G055100.1.D	1506	1400.5	1359.46	38.5006
Gorai.007G055200.1.A	2257	2151.5	58.4053	1.0767
Gorai.007G055200.1.D	2257	2151.5	63.0035	1.16147
Gorai.007G055300.1.A	1553	1447.5	113.63	3.11355
Gorai.007G055300.1.D	1553	1447.5	63.3704	1.73641
Gorai.007G055400.1.A	1610	1504.5	570.628	15.0433
Gorai.007G055400.1.D	1610	1504.5	3930.37	103.616
Gorai.007G055500.1.A	2497	2391.5	400.491	6.64212
Gorai.007G055500.1.D	2497	2391.5	477.509	7.91945
Gorai.007G055600.1.A	2024	1918.5	152.132	3.14516
Gorai.007G055600.1.D	2024	1918.5	191.868	3.96666
Gorai.007G055700.1.A	1493	1387.5	176.785	5.05354
Gorai.007G055700.1.D	1493	1387.5	189.215	5.40887
Gorai.007G055800.1.A	2353	2247.5	151.704	2.6772
Gorai.007G055800.1.D	2353	2247.5	360.296	6.35835
Gorai.007G055900.1.A	2249	2143.5	383.625	7.09851
Gorai.007G055900.1.D	2249	2143.5	174.375	3.2266
Gorai.007G056000.1.A	2470	2364.5	509.454	8.54573
Gorai.007G056000.1.D	2470	2364.5	687.546	11.5331
Gorai.007G056100.1.A	1988	1882.5	564.384	11.8911
Gorai.007G056100.1.D	1988	1882.5	457.189	9.63263
Gorai.007G056200.1.A	1368	1262.5	3	0.0942482
Gorai.007G056200.1.D	1368	1262.5	0	0
Gorai.007G056300.1.A	1007	901.505	5	0.219982
Gorai.007G056300.1.D	1007	901.505	0	0
Gorai.007G056400.1.A	1976	1870.5	2.14953	0.0455796
Gorai.007G056400.1.D	1976	1870.5	227.85	4.83143
Gorai.007G056500.1.A	1061	955.505	538.714	22.362
Gorai.007G056500.1.D	1061	955.505	183.286	7.60821
Gorai.007G056600.1.A	958	852.505	946.602	44.0408
Gorai.007G056600.1.D	958	852.505	752.398	35.0055
Gorai.007G056700.1.A	1768	1662.5	352.895	8.41914
Gorai.007G056700.1.D	1768	1662.5	181.105	4.32068
Gorai.007G056800.1.A	959	853.505	1.5	0.069706
Gorai.007G056800.1.D	959	853.505	1.5	0.069706
Gorai.007G056900.1.A	965	859.505	6	0.276878
Gorai.007G056900.1.D	965	859.505	0	0
Gorai.007G057000.1.A	1819	1713.5	0	0
Gorai.007G057000.1.D	1819	1713.5	0	0
Gorai.007G057100.1.A	1400	1294.5	71.25	2.18306
Gorai.007G057100.1.D	1400	1294.5	43.75	1.34048
Gorai.007G057200.1.A	350	244.63	1043	169.106
Gorai.007G057200.1.D	350	244.63	0	0
Gorai.007G057300.1.A	1204	1098.5	19.8391	0.716318
Gorai.007G057300.1.D	1204	1098.5	19.8391	0.716318
Gorai.007G057400.1.A	1381	1275.5	5310.07	165.121
Gorai.007G057400.1.D	1381	1275.5	39447.9	1226.67
Gorai.007G057500.1.A	1206	1100.5	61.8898	2.23055
Gorai.007G057500.1.D	1206	1100.5	69.1102	2.49078
Gorai.007G057600.1.A	1479	1373.5	6.66667	0.192515
Gorai.007G057600.1.D	1479	1373.5	5.33333	0.154012
Gorai.007G057700.1.A	748	642.505	0	0
Gorai.007G057700.1.D	748	642.505	0	0
Gorai.007G057800.1.A	1053	947.505	0	0
Gorai.007G057800.1.D	1053	947.505	0	0
Gorai.007G057900.1.A	1202	1096.5	430.526	15.5731
Gorai.007G057900.1.D	1202	1096.5	69.4737	2.51301
Gorai.007G058000.1.A	1769	1663.5	7.71429	0.183932
Gorai.007G058000.1.D	1769	1663.5	1.28571	0.0306553
Gorai.007G058100.1.A	665	559.505	7.85714	0.556988
Gorai.007G058100.1.D	665	559.505	3.14286	0.222795
Gorai.007G058200.1.A	926	820.505	0	0
Gorai.007G058200.1.D	926	820.505	0	0
Gorai.007G058300.1.A	1880	1774.5	2.04651	0.0457427
Gorai.007G058300.1.D	1880	1774.5	41.9535	0.937726
Gorai.007G058400.1.A	861	755.505	28	1.46996
Gorai.007G058400.1.D	861	755.505	10	0.524986
Gorai.007G058500.1.A	705	599.505	0	0
Gorai.007G058500.1.D	705	599.505	0	0
Gorai.007G058600.1.A	366	260.583	1	0.152208
Gorai.007G058600.1.D	366	260.583	1	0.152208
Gorai.007G058700.1.A	2917	2811.5	2849.9	40.2046
Gorai.007G058700.1.D	2917	2811.5	11915.1	168.091
Gorai.007G058800.1.A	852	746.505	0	0
Gorai.007G058800.1.D	852	746.505	4	0.212526
Gorai.007G058900.1.A	3437	3331.5	15.3333	0.18255
Gorai.007G058900.1.D	3437	3331.5	7.66667	0.0912748
Gorai.007G059000.1.A	1719	1613.5	44.5432	1.09495
Gorai.007G059000.1.D	1719	1613.5	37.4568	0.920757
Gorai.007G059100.1.A	1121	1015.5	2	0.0781147
Gorai.007G059100.1.D	1121	1015.5	7	0.273402
Gorai.007G059200.1.A	636	530.505	11	0.82241
Gorai.007G059200.1.D	636	530.505	28	2.09341
Gorai.007G059300.1.A	1777	1671.5	79.2931	1.88154
Gorai.007G059300.1.D	1777	1671.5	46.7069	1.1083
Gorai.007G059400.1.A	1383	1277.5	408.919	12.6958
Gorai.007G059400.1.D	1383	1277.5	170.081	5.28055
Gorai.007G059500.1.A	1042	936.505	26.4194	1.11892
Gorai.007G059500.1.D	1042	936.505	99.5806	4.21745
Gorai.007G059600.1.A	1123	1017.5	15.9712	0.622567
Gorai.007G059600.1.D	1123	1017.5	15.9712	0.622567
Gorai.007G059700.1.A	850	744.505	23.625	1.2586
Gorai.007G059700.1.D	850	744.505	21.375	1.13874
Gorai.007G059800.1.A	1839	1733.5	6.46154	0.147841
Gorai.007G059800.1.D	1839	1733.5	14.5385	0.332643
Gorai.007G059900.1.A	1847	1741.5	377.869	8.606
Gorai.007G059900.1.D	1847	1741.5	360.698	8.21494
Gorai.007G060000.1.A	1180	1074.5	148.455	5.47987
Gorai.007G060000.1.D	1180	1074.5	127.545	4.70806
Gorai.007G060100.1.A	1869	1763.5	460.493	10.3569
Gorai.007G060100.1.D	1869	1763.5	432.507	9.72751
Gorai.007G060200.1.A	1179	1073.5	0	0
Gorai.007G060200.1.D	1179	1073.5	0	0
Gorai.007G060300.1.A	1436	1330.5	19.4694	0.580391
Gorai.007G060300.1.D	1436	1330.5	33.5306	0.999563
Gorai.007G060400.1.A	3106	3000.5	54.2951	0.717713
Gorai.007G060400.1.D	3106	3000.5	14.7049	0.194381
Gorai.007G060500.1.A	2225	2119.5	269.97	5.05204
Gorai.007G060500.1.D	2225	2119.5	624.03	11.6777
Gorai.007G060600.1.A	1237	1131.5	37.3333	1.30866
Gorai.007G060600.1.D	1237	1131.5	34.6667	1.21518
Gorai.007G060700.1.A	1346	1240.5	75.2214	2.40507
Gorai.007G060700.1.D	1346	1240.5	184.878	5.91114
Gorai.007G060800.1.A	1638	1532.5	14.305	0.37023
Gorai.007G060800.1.D	1638	1532.5	270.695	7.00589
Gorai.007G060900.1.A	1427	1321.5	3076.6	92.3394
Gorai.007G060900.1.D	1427	1321.5	4464.4	133.992
Gorai.007G061000.1.A	1725	1619.5	441.859	10.8215
Gorai.007G061000.1.D	1725	1619.5	390.141	9.55485
Gorai.007G061100.1.A	508	402.551	0	0
Gorai.007G061100.1.D	508	402.551	0	0
Gorai.007G061200.1.A	2030	1924.5	14	0.288532
Gorai.007G061200.1.D	2030	1924.5	19	0.391579
Gorai.007G061300.1.A	1692	1586.5	19.0476	0.476194
Gorai.007G061300.1.D	1692	1586.5	5.95238	0.148811
Gorai.007G061400.1.A	2322	2216.5	25.969	0.464699
Gorai.007G061400.1.D	2322	2216.5	242.031	4.33099
Gorai.007G061500.1.A	1756	1650.5	8.94444	0.214942
Gorai.007G061500.1.D	1756	1650.5	14.0556	0.337766
Gorai.007G061600.1.A	901	795.505	2	0.0997177
Gorai.007G061600.1.D	901	795.505	0	0
Gorai.007G061700.1.A	1742	1636.5	205.116	4.97128
Gorai.007G061700.1.D	1742	1636.5	379.884	9.207
Gorai.007G061800.1.A	840	734.505	570.121	30.7863
Gorai.007G061800.1.D	840	734.505	768.879	41.5191
Gorai.007G061900.1.A	2148	2042.5	76	1.47583
Gorai.007G061900.1.D	2148	2042.5	7	0.135931
Gorai.007G062000.1.A	1288	1182.5	20.1724	0.676612
Gorai.007G062000.1.D	1288	1182.5	24.8276	0.832754
Gorai.007G062100.1.A	1902	1796.5	1	0.0220778
Gorai.007G062100.1.D	1902	1796.5	3	0.0662335
Gorai.007G062200.1.A	1740	1634.5	1245.78	30.2301
Gorai.007G062200.1.D	1740	1634.5	1557.22	37.7876
Gorai.007G062300.1.A	1742	1636.5	409.772	9.93138
Gorai.007G062300.1.D	1742	1636.5	394.228	9.55467
Gorai.007G062400.1.A	773	667.505	51.831	3.07978
Gorai.007G062400.1.D	773	667.505	28.169	1.6738
Gorai.007G062500.1.A	348	242.63	13	2.12512
Gorai.007G062500.1.D	348	242.63	51	8.33701
Gorai.007G062600.1.A	1940	1834.5	521.72	11.2799
Gorai.007G062600.1.D	1940	1834.5	363.28	7.8543
Gorai.007G062700.1.A	1378	1272.5	3285.44	102.405
Gorai.007G062700.1.D	1378	1272.5	3287.47	102.468
Gorai.007G062800.1.A	3585	3479.5	229.94	2.62109
Gorai.007G062800.1.D	3585	3479.5	413.06	4.70848
Gorai.007G062900.1.A	1815	1709.5	27	0.626438
Gorai.007G062900.1.D	1815	1709.5	27	0.626438
Gorai.007G063000.1.A	513	407.551	215.845	21.0061
Gorai.007G063000.1.D	513	407.551	112.155	10.9149
Gorai.007G063100.1.A	1213	1107.5	2	0.0716258
Gorai.007G063100.1.D	1213	1107.5	0	0
Gorai.007G063200.1.A	582	476.551	0	0
Gorai.007G063200.1.D	582	476.551	0	0
Gorai.007G063300.1.A	1208	1102.5	0	0
Gorai.007G063300.1.D	1208	1102.5	0	0
Gorai.007G063400.1.A	1729	1623.5	0	0
Gorai.007G063400.1.D	1729	1623.5	0	0
Gorai.007G063500.1.A	1987	1881.5	230.836	4.86613
Gorai.007G063500.1.D	1987	1881.5	45.1636	0.952069
Gorai.007G063600.1.A	1333	1227.5	14053	454.078
Gorai.007G063600.1.D	1333	1227.5	16362.9	528.714
Gorai.007G063700.1.A	904	798.505	15784	784.016
Gorai.007G063700.1.D	904	798.505	13925.2	691.684
Gorai.007G063800.1.A	1364	1258.5	108.215	3.41048
Gorai.007G063800.1.D	1364	1258.5	127.785	4.02727
Gorai.007G063900.1.A	800	694.505	976.918	55.7915
Gorai.007G063900.1.D	800	694.505	935.082	53.4022
Gorai.007G064000.1.A	642	536.505	10.6362	0.786321
Gorai.007G064000.1.D	642	536.505	10.6362	0.786321
Gorai.007G064100.1.A	1157	1051.5	313.36	11.82
Gorai.007G064100.1.D	1157	1051.5	170.536	6.43265
Gorai.007G064200.1.A	1524	1418.5	40.5	1.13242
Gorai.007G064200.1.D	1524	1418.5	562.5	15.7281
Gorai.007G064300.1.A	1441	1335.5	15.5	0.460332
Gorai.007G064300.1.D	1441	1335.5	15.5	0.460332
Gorai.007G064400.1.A	357	251.63	0	0
Gorai.007G064400.1.D	357	251.63	0	0
Gorai.007G064500.1.A	1517	1411.5	459.124	12.9013
Gorai.007G064500.1.D	1517	1411.5	3094.88	86.9653
Gorai.007G064600.1.A	234	129.404	1	0.306504
Gorai.007G064600.1.D	234	129.404	0	0
Gorai.007G064700.1.A	1700	1594.5	94.7944	2.35799
Gorai.007G064700.1.D	1700	1594.5	52.2056	1.2986
Gorai.007G064800.1.A	2363	2257.5	7614.66	133.785
Gorai.007G064800.1.D	2363	2257.5	2101.34	36.9192
Gorai.007G064900.1.A	2599	2493.5	241.787	3.84598
Gorai.007G064900.1.D	2599	2493.5	598.213	9.51548
Gorai.007G065000.1.A	1595	1489.5	71.6538	1.90802
Gorai.007G065000.1.D	1595	1489.5	9.34615	0.248872
Gorai.007G065100.1.A	1627	1521.5	0	0
Gorai.007G065100.1.D	1627	1521.5	13	0.338887
Gorai.007G065200.1.A	1005	899.505	0	0
Gorai.007G065200.1.D	1005	899.505	0	0
Gorai.007G065300.1.A	1779	1673.5	944.515	22.3855
Gorai.007G065300.1.D	1779	1673.5	1066.49	25.2763
Gorai.007G065400.1.A	1782	1676.5	0	0
Gorai.007G065400.1.D	1782	1676.5	4	0.0946325
Gorai.007G065500.1.A	2209	2103.5	0	0
Gorai.007G065500.1.D	2209	2103.5	0	0
Gorai.007G065600.1.A	3380	3274.5	105.507	1.27797
Gorai.007G065600.1.D	3380	3274.5	135.493	1.64118
Gorai.007G065700.1.A	1527	1421.5	0	0
Gorai.007G065700.1.D	1527	1421.5	12	0.334825
Gorai.007G065800.1.A	3691	3585.5	209.254	2.31477
Gorai.007G065800.1.D	3691	3585.5	243.746	2.69633
Gorai.007G065900.1.A	2436	2330.5	0	0
Gorai.007G065900.1.D	2436	2330.5	0	0
Gorai.007G066000.1.A	3226	3120.5	3.76415	0.047844
Gorai.007G066000.1.D	3226	3120.5	129.236	1.64264
Gorai.007G066100.1.A	615	509.505	0	0
Gorai.007G066100.1.D	615	509.505	0	0
Gorai.007G066200.1.A	459	353.551	0	0
Gorai.007G066200.1.D	459	353.551	0	0
Gorai.007G066300.1.A	1000	894.505	1	0.0443407
Gorai.007G066300.1.D	1000	894.505	4	0.177363
Gorai.007G066400.1.A	1576	1470.5	563.621	15.2022
Gorai.007G066400.1.D	1576	1470.5	410.379	11.0689
Gorai.007G066500.1.A	887	781.505	140.08	7.10936
Gorai.007G066500.1.D	887	781.505	61.9196	3.14254
Gorai.007G066600.1.A	1403	1297.5	63.5096	1.9414
Gorai.007G066600.1.D	1403	1297.5	105.49	3.2247
Gorai.007G066700.1.A	3304	3198.5	223.956	2.77716
Gorai.007G066700.1.D	3304	3198.5	5.04405	0.0625486
Gorai.007G066800.1.A	2066	1960.5	317.263	6.41855
Gorai.007G066800.1.D	2066	1960.5	93.7368	1.89639
Gorai.007G066900.1.A	3267	3161.5	2629.65	32.9906
Gorai.007G066900.1.D	3267	3161.5	2683.35	33.6642
Gorai.007G067000.1.A	2348	2242.5	296.525	5.24461
Gorai.007G067000.1.D	2348	2242.5	61.4747	1.0873
Gorai.007G067100.1.A	2036	1930.5	126.923	2.60768
Gorai.007G067100.1.D	2036	1930.5	203.077	4.17229
Gorai.007G067200.1.A	1431	1325.5	0	0
Gorai.007G067200.1.D	1431	1325.5	0	0
Gorai.007G067300.1.A	2769	2663.5	110.023	1.63838
Gorai.007G067300.1.D	2769	2663.5	77.9773	1.16118
Gorai.007G067400.1.A	599	493.551	3	0.241087
Gorai.007G067400.1.D	599	493.551	2	0.160725
Gorai.007G067500.1.A	3052	2946.5	2838.57	38.21
Gorai.007G067500.1.D	3052	2946.5	4538.43	61.0919
Gorai.007G067600.1.A	1610	1504.5	12	0.316353
Gorai.007G067600.1.D	1610	1504.5	12	0.316353
Gorai.007G067700.1.A	420	314.583	1	0.126081
Gorai.007G067700.1.D	420	314.583	0	0
Gorai.007G067800.1.A	627	521.505	8.80272	0.669489
Gorai.007G067800.1.D	627	521.505	8.80272	0.669489
Gorai.007G067900.1.A	1078	972.505	1528.33	62.3318
Gorai.007G067900.1.D	1078	972.505	1234.67	50.3552
Gorai.007G068000.1.A	1162	1056.5	1.52192e-05	5.71355e-07
Gorai.007G068000.1.D	1162	1056.5	57	2.13987
Gorai.007G068100.1.A	2072	1966.5	204.946	4.13362
Gorai.007G068100.1.D	2072	1966.5	172.054	3.4702
Gorai.007G068200.1.A	1401	1295.5	3382.27	103.551
Gorai.007G068200.1.D	1401	1295.5	2671.73	81.7972
Gorai.007G068300.1.A	2303	2197.5	486.025	8.7723
Gorai.007G068300.1.D	2303	2197.5	664.975	12.0022
Gorai.007G068400.1.A	1783	1677.5	596.408	14.1015
Gorai.007G068400.1.D	1783	1677.5	434.592	10.2755
Gorai.007G068500.1.A	813	707.505	0	0
Gorai.007G068500.1.D	813	707.505	0	0
Gorai.007G068600.1.A	712	606.505	7.06773	0.462201
Gorai.007G068600.1.D	712	606.505	7.06773	0.462201
Gorai.007G068700.1.A	1329	1223.5	268.959	8.71898
Gorai.007G068700.1.D	1329	1223.5	148.041	4.79911
Gorai.007G068800.1.A	1442	1336.5	701.835	20.8281
Gorai.007G068800.1.D	1442	1336.5	649.165	19.265
Gorai.007G068900.1.A	1770	1664.5	399.108	9.51022
Gorai.007G068900.1.D	1770	1664.5	286.892	6.83626
Gorai.007G069000.1.A	2190	2084.5	2240.7	42.6349
Gorai.007G069000.1.D	2190	2084.5	1726.3	32.8473
Gorai.007G069100.1.A	1489	1383.5	1251.43	35.8765
Gorai.007G069100.1.D	1489	1383.5	1295.57	37.142
Gorai.007G069200.1.A	2612	2506.5	836.398	13.2352
Gorai.007G069200.1.D	2612	2506.5	1870.21	29.5942
Gorai.007G069300.1.A	1863	1757.5	87.0606	1.96476
Gorai.007G069300.1.D	1863	1757.5	81.9394	1.84919
Gorai.007G069400.1.A	696	590.505	1	0.0671679
Gorai.007G069400.1.D	696	590.505	0	0
Gorai.007G069500.1.A	2240	2134.5	1.125	0.0209045
Gorai.007G069500.1.D	2240	2134.5	34.875	0.64804
Gorai.007G069600.1.A	1375	1269.5	1189.67	37.1686
Gorai.007G069600.1.D	1375	1269.5	878.332	27.4416
Gorai.007G069700.1.A	1383	1277.5	2972.89	92.2998
Gorai.007G069700.1.D	1383	1277.5	4086.11	126.862
Gorai.007G069800.1.A	423	317.583	21.8182	2.72487
Gorai.007G069800.1.D	423	317.583	26.1818	3.26985
Gorai.007G069900.1.A	1775	1669.5	790.381	18.7773
Gorai.007G069900.1.D	1775	1669.5	1673.62	39.7607
Gorai.007G070000.1.A	1120	1014.5	3.54545	0.138613
Gorai.007G070000.1.D	1120	1014.5	9.45455	0.369634
Gorai.007G070100.1.A	1608	1502.5	12	0.316775
Gorai.007G070100.1.D	1608	1502.5	1	0.0263979
Gorai.007G070200.1.A	3360	3254.5	14.3684	0.175109
Gorai.007G070200.1.D	3360	3254.5	6.63158	0.0808196
Gorai.007G070300.1.A	1681	1575.5	38.5067	0.969396
Gorai.007G070300.1.D	1681	1575.5	37.4933	0.943885
Gorai.007G070400.1.A	1754	1648.5	45.9537	1.10564
Gorai.007G070400.1.D	1754	1648.5	72.8375	1.75247
Gorai.007G070500.1.A	2743	2637.5	1.20877	0.0181776
Gorai.007G070500.1.D	2743	2637.5	0	0
Gorai.007G070600.1.A	1307	1201.5	240	7.92265
Gorai.007G070600.1.D	1307	1201.5	0	0
Gorai.007G070700.1.A	1238	1132.5	21.42	0.750178
Gorai.007G070700.1.D	1238	1132.5	41.58	1.45623
Gorai.007G070800.1.A	957	851.505	0	0
Gorai.007G070800.1.D	957	851.505	0	0
Gorai.007G070900.1.A	487	381.551	5.52343	0.574171
Gorai.007G070900.1.D	487	381.551	5.52343	0.574171
Gorai.007G071000.1.A	311	205.687	2.02512	0.390506
Gorai.007G071000.1.D	311	205.687	6.07535	1.17152
Gorai.007G071100.1.A	810	704.505	54.2609	3.05484
Gorai.007G071100.1.D	810	704.505	23.7391	1.33649
Gorai.007G071200.1.A	2088	1982.5	16.1765	0.323634
Gorai.007G071200.1.D	2088	1982.5	8.82353	0.176528
Gorai.007G071300.1.A	2088	1982.5	700.015	14.0048
Gorai.007G071300.1.D	2088	1982.5	535.985	10.7232
Gorai.007G071400.1.A	1070	964.505	1153.18	47.4217
Gorai.007G071400.1.D	1070	964.505	1079.82	44.4051
Gorai.007G071500.1.A	1781	1675.5	1671.75	39.574
Gorai.007G071500.1.D	1781	1675.5	269.251	6.37377
Gorai.007G071600.1.A	2868	2762.5	44	0.631734
Gorai.007G071600.1.D	2868	2762.5	0	0
Gorai.007G071700.1.A	5387	5281.5	199.528	1.49841
Gorai.007G071700.1.D	5387	5281.5	155.568	1.16828
Gorai.007G071800.1.A	5470	5364.5	320.243	2.36775
Gorai.007G071800.1.D	5470	5364.5	353.661	2.61483
Gorai.007G071900.1.A	1058	952.505	0.5	0.0208203
Gorai.007G071900.1.D	1058	952.505	0.5	0.0208203
Gorai.007G072000.1.A	1592	1486.5	0	0
Gorai.007G072000.1.D	1592	1486.5	0	0
Gorai.007G072100.1.A	2175	2069.5	1	0.0191654
Gorai.007G072100.1.D	2175	2069.5	0	0
Gorai.007G072200.1.A	921	815.505	0	0
Gorai.007G072200.1.D	921	815.505	0	0
Gorai.007G072300.1.A	751	645.505	983.041	60.4028
Gorai.007G072300.1.D	751	645.505	611.959	37.6017
Gorai.007G072400.1.A	2641	2535.5	478.481	7.48488
Gorai.007G072400.1.D	2641	2535.5	426.519	6.67205
Gorai.007G072500.1.A	1870	1764.5	618.269	13.8976
Gorai.007G072500.1.D	1870	1764.5	702.731	15.7962
Gorai.007G072600.1.A	2172	2066.5	91.2941	1.75223
Gorai.007G072600.1.D	2172	2066.5	5.70588	0.109514
Gorai.007G072700.1.A	842	736.505	0	0
Gorai.007G072700.1.D	842	736.505	0	0
Gorai.007G072800.1.A	1324	1218.5	2495.32	81.2238
Gorai.007G072800.1.D	1324	1218.5	2146.68	69.8756
Gorai.007G072900.1.A	1245	1139.5	47.7833	1.6632
Gorai.007G072900.1.D	1245	1139.5	13.2167	0.460035
Gorai.007G073000.1.A	3573	3467.5	160.16	1.83198
Gorai.007G073000.1.D	3573	3467.5	73.84	0.844616
Gorai.007G073100.1.A	3354	3248.5	12.32	0.150422
Gorai.007G073100.1.D	3354	3248.5	15.68	0.191447
Gorai.007G073200.1.A	1710	1604.5	157.206	3.8861
Gorai.007G073200.1.D	1710	1604.5	127.794	3.15902
Gorai.007G073300.1.A	2344	2238.5	1204.77	21.3468
Gorai.007G073300.1.D	2344	2238.5	1597.23	28.3005
Gorai.007G073400.1.A	635	529.505	312.075	23.3762
Gorai.007G073400.1.D	635	529.505	501.808	37.5883
Gorai.007G073500.1.A	1485	1379.5	5865.31	168.637
Gorai.007G073500.1.D	1485	1379.5	11332.7	325.833
Gorai.007G073600.1.A	1404	1298.5	52.2524	1.59606
Gorai.007G073600.1.D	1404	1298.5	64.7476	1.97772
Gorai.007G073700.1.A	705	599.505	2	0.132319
Gorai.007G073700.1.D	705	599.505	0	0
Gorai.007G073800.1.A	2231	2125.5	21.9545	0.409682
Gorai.007G073800.1.D	2231	2125.5	47.0455	0.877891
Gorai.007G073900.1.A	3101	2995.5	134.784	1.78466
Gorai.007G073900.1.D	3101	2995.5	48.2156	0.638414
Gorai.007G074000.1.A	1708	1602.5	1227.31	30.3767
Gorai.007G074000.1.D	1708	1602.5	731.69	18.1098
Gorai.007G074100.1.A	3038	2932.5	195.016	2.63765
Gorai.007G074100.1.D	3038	2932.5	247.984	3.35405
Gorai.007G074200.1.A	2837	2731.5	554.441	8.05079
Gorai.007G074200.1.D	2837	2731.5	498.559	7.23935
Gorai.007G074300.1.A	1934	1828.5	70.7395	1.53444
Gorai.007G074300.1.D	1934	1828.5	51.2605	1.11192
Gorai.007G074400.1.A	1716	1610.5	18	0.443298
Gorai.007G074400.1.D	1716	1610.5	3	0.0738829
Gorai.007G074500.1.A	762	656.505	0	0
Gorai.007G074500.1.D	762	656.505	0	0
Gorai.007G074600.1.A	1286	1180.5	391.504	13.1539
Gorai.007G074600.1.D	1286	1180.5	513.575	17.2552
Gorai.007G074700.1.A	1350	1244.5	21	0.66928
Gorai.007G074700.1.D	1350	1244.5	0	0
Gorai.007G074800.1.A	539	433.551	8	0.731871
Gorai.007G074800.1.D	539	433.551	1	0.0914838
Gorai.007G074900.1.A	600	494.551	15.9375	1.27819
Gorai.007G074900.1.D	600	494.551	1.0625	0.0852123
Gorai.007G075000.1.A	1051	945.505	280.08	11.7491
Gorai.007G075000.1.D	1051	945.505	886.92	37.2054
Gorai.007G075100.1.A	792	686.505	1132.7	65.4422
Gorai.007G075100.1.D	792	686.505	0	0
Gorai.007G075200.1.A	1211	1105.5	57.7347	2.07139
Gorai.007G075200.1.D	1211	1105.5	80.2653	2.87973
Gorai.007G075300.1.A	1154	1048.5	0	0
Gorai.007G075300.1.D	1154	1048.5	0	0
Gorai.007G075400.1.A	3007	2901.5	51.0769	0.69821
Gorai.007G075400.1.D	3007	2901.5	31.9231	0.436382
Gorai.007G075500.1.A	1776	1670.5	3.11335	0.0739205
Gorai.007G075500.1.D	1776	1670.5	3.09275	0.0734313
Gorai.007G075600.1.A	2922	2816.5	596.782	8.40408
Gorai.007G075600.1.D	2922	2816.5	557.012	7.84402
Gorai.007G075700.1.A	812	706.505	0	0
Gorai.007G075700.1.D	812	706.505	0	0
Gorai.007G075800.1.A	2199	2093.5	9	0.170511
Gorai.007G075800.1.D	2199	2093.5	12	0.227349
Gorai.007G075900.1.A	2095	1989.5	74.2644	1.48054
Gorai.007G075900.1.D	2095	1989.5	16.7356	0.333643
Gorai.007G076000.1.A	2257	2151.5	429.57	7.91912
Gorai.007G076000.1.D	2257	2151.5	425.43	7.84279
Gorai.007G076100.1.A	408	302.583	0	0
Gorai.007G076100.1.D	408	302.583	0	0
Gorai.007G076200.1.A	1005	899.505	55.0693	2.42824
Gorai.007G076200.1.D	1005	899.505	47.9307	2.11347
Gorai.007G076300.1.A	2983	2877.5	285.483	3.93504
Gorai.007G076300.1.D	2983	2877.5	257.517	3.54956
Gorai.007G076400.1.A	1817	1711.5	53.6159	1.24251
Gorai.007G076400.1.D	1817	1711.5	97.3841	2.25681
Gorai.007G076500.1.A	1328	1222.5	56.4754	1.83229
Gorai.007G076500.1.D	1328	1222.5	8.52459	0.276572
Gorai.007G076600.1.A	1812	1706.5	221.405	5.14594
Gorai.007G076600.1.D	1812	1706.5	334.595	7.77673
Gorai.007G076700.1.A	1645	1539.5	5.33333	0.137405
Gorai.007G076700.1.D	1645	1539.5	10.6667	0.27481
Gorai.007G076800.1.A	2677	2571.5	127.17	1.96147
Gorai.007G076800.1.D	2677	2571.5	183.83	2.8354
Gorai.007G076900.1.A	748	642.505	0	0
Gorai.007G076900.1.D	748	642.505	4	0.246927
Gorai.007G077000.1.A	2115	2009.5	0	0
Gorai.007G077000.1.D	2115	2009.5	3.72554	0.0735335
Gorai.007G077100.1.A	2778	2672.5	222.022	3.29506
Gorai.007G077100.1.D	2778	2672.5	238.252	3.53593
Gorai.007G077200.1.A	1537	1431.5	32.7619	0.90774
Gorai.007G077200.1.D	1537	1431.5	53.2381	1.47508
Gorai.007G077300.1.A	1788	1682.5	214.743	5.06229
Gorai.007G077300.1.D	1788	1682.5	80.2574	1.89197
Gorai.007G077400.1.A	977	871.505	0	0
Gorai.007G077400.1.D	977	871.505	1	0.0455109
Gorai.007G077500.1.A	582	476.551	6.95198	0.578607
Gorai.007G077500.1.D	582	476.551	6.95198	0.578607
Gorai.007G077600.1.A	828	722.505	0	0
Gorai.007G077600.1.D	828	722.505	0	0
Gorai.007G077700.1.A	1206	1100.5	1093.26	39.4017
Gorai.007G077700.1.D	1206	1100.5	655.743	23.6334
Gorai.007G077800.1.A	4799	4693.5	360.31	3.04484
Gorai.007G077800.1.D	4799	4693.5	413.69	3.49593
Gorai.007G077900.1.A	2368	2262.5	428.654	7.51454
Gorai.007G077900.1.D	2368	2262.5	1049.35	18.3956
Gorai.007G078000.1.A	1976	1870.5	104.456	2.21493
Gorai.007G078000.1.D	1976	1870.5	105.544	2.238
Gorai.007G078100.1.A	1939	1833.5	1035.51	22.4005
Gorai.007G078100.1.D	1939	1833.5	4.40381	0.0952646
Gorai.007G078200.1.A	1533	1427.5	0	0
Gorai.007G078200.1.D	1533	1427.5	2	0.0555696
Gorai.007G078300.1.A	1581	1475.5	0	0
Gorai.007G078300.1.D	1581	1475.5	1	0.0268809
Gorai.007G078400.1.A	1940	1834.5	104.873	2.26741
Gorai.007G078400.1.D	1940	1834.5	99.1268	2.14317
Gorai.007G078500.1.A	2538	2432.5	173.652	2.83146
Gorai.007G078500.1.D	2538	2432.5	146.348	2.38626
Gorai.007G078600.1.A	1589	1483.5	0.5	0.013368
Gorai.007G078600.1.D	1589	1483.5	0.5	0.013368
Gorai.007G078700.1.A	2491	2385.5	574.4	9.55035
Gorai.007G078700.1.D	2491	2385.5	503.6	8.37317
Gorai.007G078800.1.A	1147	1041.5	173.965	6.62501
Gorai.007G078800.1.D	1147	1041.5	2.03468	0.0774855
Gorai.007G078900.1.A	1467	1361.5	2	0.0582634
Gorai.007G078900.1.D	1467	1361.5	8	0.233054
Gorai.007G079000.1.A	1022	916.505	0	0
Gorai.007G079000.1.D	1022	916.505	0	0
Gorai.007G079100.1.A	1712	1606.5	364.645	9.00271
Gorai.007G079100.1.D	1712	1606.5	355.355	8.77334
Gorai.007G079200.1.A	720	614.505	169.034	10.9102
Gorai.007G079200.1.D	720	614.505	49.966	3.22504
Gorai.007G079300.1.A	2122	2016.5	114.689	2.25583
Gorai.007G079300.1.D	2122	2016.5	44.3115	0.871569
Gorai.007G079400.1.A	598	492.551	8.47865	0.682748
Gorai.007G079400.1.D	598	492.551	14.8376	1.19481
Gorai.007G079500.1.A	1731	1625.5	0	0
Gorai.007G079500.1.D	1731	1625.5	0	0
Gorai.007G079600.1.A	234	129.404	0	0
Gorai.007G079600.1.D	234	129.404	1	0.306504
Gorai.007G079700.1.A	732	626.505	2	0.126617
Gorai.007G079700.1.D	732	626.505	0	0
Gorai.007G079800.1.A	2831	2725.5	13.3158	0.193778
Gorai.007G079800.1.D	2831	2725.5	9.68421	0.14093
Gorai.007G079900.1.A	1654	1548.5	14.4	0.368837
Gorai.007G079900.1.D	1654	1548.5	33.6	0.86062
Gorai.007G080000.1.A	904	798.505	0	0
Gorai.007G080000.1.D	904	798.505	0	0
Gorai.007G080100.1.A	1274	1168.5	298.592	10.1352
Gorai.007G080100.1.D	1274	1168.5	185.408	6.29335
Gorai.007G080200.1.A	2023	1917.5	8.00358	0.165551
Gorai.007G080200.1.D	2023	1917.5	3.00134	0.0620818
Gorai.007G080300.1.A	459	353.551	345.133	38.7185
Gorai.007G080300.1.D	459	353.551	311.867	34.9866
Gorai.007G080400.1.A	1779	1673.5	215.89	5.1167
Gorai.007G080400.1.D	1779	1673.5	188.202	4.46048
Gorai.007G080500.1.A	2369	2263.5	29.1624	0.511007
Gorai.007G080500.1.D	2369	2263.5	196.634	3.44558
Gorai.007G080600.1.A	521	415.551	0	0
Gorai.007G080600.1.D	521	415.551	1	0.0954465
Gorai.007G080700.1.A	1050	944.505	3086.54	129.614
Gorai.007G080700.1.D	1050	944.505	2653.46	111.428
Gorai.007G080800.1.A	1659	1553.5	165.553	4.22677
Gorai.007G080800.1.D	1659	1553.5	177.356	4.52812
Gorai.007G080900.1.A	1402	1296.5	87.7432	2.68426
Gorai.007G080900.1.D	1402	1296.5	63.2568	1.93516
Gorai.007G081000.1.A	1838	1732.5	10	0.228934
Gorai.007G081000.1.D	1838	1732.5	0	0
Gorai.007G081100.1.A	1542	1436.5	7	0.193275
Gorai.007G081100.1.D	1542	1436.5	11	0.303718
Gorai.007G081200.1.A	1477	1371.5	36.6	1.05845
Gorai.007G081200.1.D	1477	1371.5	24.4	0.705631
Gorai.007G081300.1.A	2280	2174.5	65.6429	1.19733
Gorai.007G081300.1.D	2280	2174.5	56.891	1.03769
Gorai.007G081400.1.A	1914	1808.5	25.9194	0.568447
Gorai.007G081400.1.D	1914	1808.5	143.547	3.14817
Gorai.007G081500.1.A	2886	2780.5	172.811	2.46509
Gorai.007G081500.1.D	2886	2780.5	198.189	2.8271
Gorai.007G081600.1.A	2350	2244.5	24.2105	0.427827
Gorai.007G081600.1.D	2350	2244.5	55.7895	0.985863
Gorai.007G081700.1.A	2631	2525.5	97.3617	1.52906
Gorai.007G081700.1.D	2631	2525.5	58.6383	0.920912
Gorai.007G081800.1.A	1968	1862.5	6078.02	129.434
Gorai.007G081800.1.D	1968	1862.5	8700.98	185.292
Gorai.007G081900.1.A	2292	2186.5	1084.39	19.6708
Gorai.007G081900.1.D	2292	2186.5	1089.26	19.7591
Gorai.007G082000.1.A	1492	1386.5	447.616	12.8047
Gorai.007G082000.1.D	1492	1386.5	666.384	19.0629
Gorai.007G082100.1.A	651	545.505	3.8003	0.276315
Gorai.007G082100.1.D	651	545.505	3.8003	0.276315
Gorai.007G082200.1.A	1569	1463.5	4.62999	0.125479
Gorai.007G082200.1.D	1569	1463.5	161.717	4.38276
Gorai.007G082300.1.A	410	304.583	0	0
Gorai.007G082300.1.D	410	304.583	0	0
Gorai.007G082400.1.A	606	500.551	5.6527	0.447912
Gorai.007G082400.1.D	606	500.551	0	0
Gorai.007G082500.1.A	1138	1032.5	182.222	6.99995
Gorai.007G082500.1.D	1138	1032.5	636.778	24.4614
Gorai.007G082600.1.A	1166	1060.5	0	0
Gorai.007G082600.1.D	1166	1060.5	5	0.187
Gorai.007G082700.1.A	647	541.505	20.9455	1.53417
Gorai.007G082700.1.D	647	541.505	51.0545	3.73953
Gorai.007G082800.1.A	2465	2359.5	220.552	3.70744
Gorai.007G082800.1.D	2465	2359.5	148.448	2.49539
Gorai.007G082900.1.A	3546	3440.5	128.636	1.48295
Gorai.007G082900.1.D	3546	3440.5	363.364	4.18894
Gorai.007G083000.1.A	3953	3847.5	106.608	1.09899
Gorai.007G083000.1.D	3953	3847.5	135.392	1.39572
Gorai.007G083100.1.A	1803	1697.5	6	0.140193
Gorai.007G083100.1.D	1803	1697.5	0	0
Gorai.007G083200.1.A	1389	1283.5	0	0
Gorai.007G083200.1.D	1389	1283.5	5	0.15451
Gorai.007G083300.1.A	2340	2234.5	0	0
Gorai.007G083300.1.D	2340	2234.5	1	0.0177502
Gorai.007G083400.1.A	1377	1271.5	1	0.0311937
Gorai.007G083400.1.D	1377	1271.5	0	0
Gorai.007G083500.1.A	1557	1451.5	67.9257	1.8561
Gorai.007G083500.1.D	1557	1451.5	320.074	8.74616
Gorai.007G083600.1.A	3231	3125.5	75.0805	0.952778
Gorai.007G083600.1.D	3231	3125.5	108.92	1.3822
Gorai.007G083700.1.A	684	578.505	3	0.205683
Gorai.007G083700.1.D	684	578.505	6	0.411367
Gorai.007G083800.1.A	1320	1214.5	212.057	6.9253
Gorai.007G083800.1.D	1320	1214.5	1760.94	57.5084
Gorai.007G083900.1.A	273	167.834	0	0
Gorai.007G083900.1.D	273	167.834	1.13391	0.267967
Gorai.007G084000.1.A	1635	1529.5	52.7933	1.36903
Gorai.007G084000.1.D	1635	1529.5	325.207	8.43322
Gorai.007G084100.1.A	1618	1512.5	219.35	5.75209
Gorai.007G084100.1.D	1618	1512.5	1417.65	37.1755
Gorai.007G084200.1.A	348	242.63	69.5593	11.3709
Gorai.007G084200.1.D	348	242.63	74.4407	12.1689
Gorai.007G084300.1.A	1070	964.505	104.161	4.28337
Gorai.007G084300.1.D	1070	964.505	136.839	5.62718
Gorai.007G084400.1.A	954	848.505	0	0
Gorai.007G084400.1.D	954	848.505	0	0
Gorai.007G084500.1.A	829	723.505	725.478	39.7711
Gorai.007G084500.1.D	829	723.505	1445.52	79.2443
Gorai.007G084600.1.A	2223	2117.5	67.7791	1.26957
Gorai.007G084600.1.D	2223	2117.5	19.2209	0.360027
Gorai.007G084700.1.A	1920	1814.5	577.687	12.6276
Gorai.007G084700.1.D	1920	1814.5	256.112	5.5983
Gorai.007G084800.1.A	952	846.505	0	0
Gorai.007G084800.1.D	952	846.505	19.5322	0.915179
Gorai.007G084900.1.A	1754	1648.5	97	2.33382
Gorai.007G084900.1.D	1754	1648.5	0	0
Gorai.007G085000.1.A	306	200.687	19.1337	3.7815
Gorai.007G085000.1.D	306	200.687	19.1337	3.7815
Gorai.007G085100.1.A	3621	3515.5	955.801	10.7836
Gorai.007G085100.1.D	3621	3515.5	827.199	9.33269
Gorai.007G085200.1.A	1726	1620.5	107.036	2.61977
Gorai.007G085200.1.D	1726	1620.5	225.964	5.53063
Gorai.007G085300.1.A	1952	1846.5	29.4021	0.631557
Gorai.007G085300.1.D	1952	1846.5	94.5979	2.03196
Gorai.007G085400.1.A	936	830.505	5355.19	255.751
Gorai.007G085400.1.D	936	830.505	13408.8	640.372
Gorai.007G085500.1.A	1317	1211.5	818.891	26.8093
Gorai.007G085500.1.D	1317	1211.5	266.109	8.71204
Gorai.007G085600.1.A	1155	1049.5	548.262	20.7199
Gorai.007G085600.1.D	1155	1049.5	281.471	10.6374
Gorai.007G085700.1.A	2899	2793.5	591.178	8.3937
Gorai.007G085700.1.D	2899	2793.5	127.822	1.81485
Gorai.007G085800.1.A	234	129.404	0	0
Gorai.007G085800.1.D	234	129.404	0	0
Gorai.007G085900.1.A	1480	1374.5	166.182	4.79537
Gorai.007G085900.1.D	1480	1374.5	290.818	8.3919
Gorai.007G086000.1.A	740	634.505	0	0
Gorai.007G086000.1.D	740	634.505	0	0
Gorai.007G086100.1.A	699	593.505	1	0.0668284
Gorai.007G086100.1.D	699	593.505	0	0
Gorai.007G086200.1.A	297	191.687	26.4286	5.46846
Gorai.007G086200.1.D	297	191.687	10.5714	2.18739
Gorai.007G086300.1.A	2075	1969.5	3247.27	65.3952
Gorai.007G086300.1.D	2075	1969.5	1551.73	31.2496
Gorai.007G086400.1.A	1945	1839.5	27924.7	602.105
Gorai.007G086400.1.D	1945	1839.5	25374.7	547.123
Gorai.007G086500.1.A	1716	1610.5	977.89	24.0831
Gorai.007G086500.1.D	1716	1610.5	1112.11	27.3887
Gorai.007G086600.1.A	2099	1993.5	344.789	6.85995
Gorai.007G086600.1.D	2099	1993.5	77.545	1.54284
Gorai.007G086700.1.A	2682	2576.5	41.0922	0.632578
Gorai.007G086700.1.D	2682	2576.5	55.5738	0.855508
Gorai.007G086800.1.A	1842	1736.5	105.628	2.41261
Gorai.007G086800.1.D	1842	1736.5	138.372	3.16052
Gorai.007G086900.1.A	1514	1408.5	135.162	3.8061
Gorai.007G086900.1.D	1514	1408.5	35.8383	1.00919
Gorai.007G087000.1.A	1834	1728.5	2605.79	59.7935
Gorai.007G087000.1.D	1834	1728.5	6662.21	152.874
Gorai.007G087100.1.A	763	657.505	0	0
Gorai.007G087100.1.D	763	657.505	0	0
Gorai.007G087200.1.A	3316	3210.5	122.107	1.50853
Gorai.007G087200.1.D	3316	3210.5	140.893	1.74061
Gorai.007G087300.1.A	2207	2101.5	46.0952	0.869983
Gorai.007G087300.1.D	2207	2101.5	41.9048	0.790893
Gorai.007G087400.1.A	1396	1290.5	2.33333	0.0717137
Gorai.007G087400.1.D	1396	1290.5	4.66667	0.143427
Gorai.007G087500.1.A	1054	948.505	8.42029	0.352105
Gorai.007G087500.1.D	1054	948.505	74.5797	3.11865
Gorai.007G087600.1.A	2831	2725.5	33.0215	0.480545
Gorai.007G087600.1.D	2831	2725.5	213.201	3.10261
Gorai.007G087700.1.A	1931	1825.5	237.654	5.16353
Gorai.007G087700.1.D	1931	1825.5	168.684	3.66502
Gorai.007G087800.1.A	959	853.505	59.5	2.76501
Gorai.007G087800.1.D	959	853.505	59.5	2.76501
Gorai.007G087900.1.A	1934	1828.5	1.2	0.0260298
Gorai.007G087900.1.D	1934	1828.5	4.8	0.104119
Gorai.007G088000.1.A	1638	1532.5	570.28	14.7595
Gorai.007G088000.1.D	1638	1532.5	941.72	24.3728
Gorai.007G088100.1.A	7346	7240.5	675.854	3.70228
Gorai.007G088100.1.D	7346	7240.5	616.146	3.3752
Gorai.007G088200.1.A	623	517.505	253.876	19.4577
Gorai.007G088200.1.D	623	517.505	270.124	20.703
Gorai.007G088300.1.A	2235	2129.5	2.66667	0.0496678
Gorai.007G088300.1.D	2235	2129.5	1.33333	0.0248339
Gorai.007G088400.1.A	1180	1074.5	68.9189	2.54399
Gorai.007G088400.1.D	1180	1074.5	81.0811	2.99293
Gorai.007G088500.1.A	654	548.505	0	0
Gorai.007G088500.1.D	654	548.505	0	0
Gorai.007G088600.1.A	1380	1274.5	0	0
Gorai.007G088600.1.D	1380	1274.5	0	0
Gorai.007G088700.1.A	6152	6046.5	179.22	1.17562
Gorai.007G088700.1.D	6152	6046.5	405.78	2.66178
Gorai.007G088800.1.A	1428	1322.5	11.8519	0.355446
Gorai.007G088800.1.D	1428	1322.5	20.1481	0.604259
Gorai.007G088900.1.A	1606	1500.5	507.237	13.4078
Gorai.007G088900.1.D	1606	1500.5	263.763	6.97207
Gorai.007G089000.1.A	1264	1158.5	115.761	3.96324
Gorai.007G089000.1.D	1264	1158.5	161.239	5.52022
Gorai.007G089100.1.A	1954	1848.5	55	1.18012
Gorai.007G089100.1.D	1954	1848.5	39	0.836814
Gorai.007G089200.1.A	198	94.5106	0	0
Gorai.007G089200.1.D	198	94.5106	10	4.19667
Gorai.007G089300.1.A	987	881.505	15.2344	0.685464
Gorai.007G089300.1.D	987	881.505	114.766	5.16383
Gorai.007G089400.1.A	1882	1776.5	38.1053	0.850755
Gorai.007G089400.1.D	1882	1776.5	44.9469	1.0035
Gorai.007G089500.1.A	1814	1708.5	39	0.905385
Gorai.007G089500.1.D	1814	1708.5	4	0.09286
Gorai.007G089600.1.A	1671	1565.5	0	0
Gorai.007G089600.1.D	1671	1565.5	0	0
Gorai.007G089700.1.A	1304	1198.5	1	0.0330937
Gorai.007G089700.1.D	1304	1198.5	1	0.0330937
Gorai.007G089800.1.A	1796	1690.5	38.1985	0.89622
Gorai.007G089800.1.D	1796	1690.5	100.802	2.36502
Gorai.007G089900.1.A	504	398.551	1	0.0995178
Gorai.007G089900.1.D	504	398.551	6	0.597107
Gorai.007G090000.1.A	1313	1207.5	10	0.32847
Gorai.007G090000.1.D	1313	1207.5	4	0.131388
Gorai.007G090100.1.A	1994	1888.5	21918.1	460.331
Gorai.007G090100.1.D	1994	1888.5	7175.9	150.71
Gorai.007G090200.1.A	567	461.551	0	0
Gorai.007G090200.1.D	567	461.551	0	0
Gorai.007G090300.1.A	2252	2146.5	1975.72	36.5071
Gorai.007G090300.1.D	2252	2146.5	1891.28	34.947
Gorai.007G090400.1.A	2876	2770.5	3295.13	47.1735
Gorai.007G090400.1.D	2876	2770.5	3557.87	50.935
Gorai.007G090500.1.A	1774	1668.5	213.267	5.06968
Gorai.007G090500.1.D	1774	1668.5	243.733	5.79392
Gorai.007G090600.1.A	952	846.505	168.794	7.90885
Gorai.007G090600.1.D	952	846.505	6.20567	0.290767
Gorai.007G090700.1.A	1914	1808.5	14.6667	0.32166
Gorai.007G090700.1.D	1914	1808.5	57.3333	1.2574
Gorai.007G090800.1.A	1468	1362.5	660.154	19.2173
Gorai.007G090800.1.D	1468	1362.5	19.8464	0.577735
Gorai.007G090900.1.A	1702	1596.5	278.925	6.92951
Gorai.007G090900.1.D	1702	1596.5	191.075	4.74699
Gorai.007G091000.1.A	1111	1005.5	0	0
Gorai.007G091000.1.D	1111	1005.5	0	0
Gorai.007G091100.1.A	2465	2359.5	18	0.302577
Gorai.007G091100.1.D	2465	2359.5	59	0.991782
Gorai.007G091200.1.A	769	663.505	0	0
Gorai.007G091200.1.D	769	663.505	3	0.179334
Gorai.007G091300.1.A	486	380.551	0	0
Gorai.007G091300.1.D	486	380.551	0	0
Gorai.007G091400.1.A	1833	1727.5	252.5	5.79732
Gorai.007G091400.1.D	1833	1727.5	252.5	5.79732
Gorai.007G091500.1.A	3893	3787.5	134.692	1.4105
Gorai.007G091500.1.D	3893	3787.5	121.153	1.26872
Gorai.007G091600.1.A	912	806.505	1.15482	0.0567928
Gorai.007G091600.1.D	912	806.505	2	0.0983576
Gorai.007G091700.1.A	6134	6028.5	1773.14	11.6659
Gorai.007G091700.1.D	6134	6028.5	2034.86	13.3878
Gorai.007G091800.1.A	1768	1662.5	1	0.0238573
Gorai.007G091800.1.D	1768	1662.5	2	0.0477147
Gorai.007G091900.1.A	3308	3202.5	294.339	3.64538
Gorai.007G091900.1.D	3308	3202.5	131.333	1.62655
Gorai.007G092000.1.A	362	256.583	0	0
Gorai.007G092000.1.D	362	256.583	0	0
Gorai.007G092100.1.A	1140	1034.5	2	0.0766801
Gorai.007G092100.1.D	1140	1034.5	0	0
Gorai.007G092200.1.A	3107	3001.5	101.983	1.34764
Gorai.007G092200.1.D	3107	3001.5	91.017	1.20273
Gorai.007G092300.1.A	1674	1568.5	6	0.151723
Gorai.007G092300.1.D	1674	1568.5	76	1.92182
Gorai.007G092400.1.A	1838	1732.5	20.1633	0.461606
Gorai.007G092400.1.D	1838	1732.5	31.8367	0.728851
Gorai.007G092500.1.A	1742	1636.5	2	0.0484727
Gorai.007G092500.1.D	1742	1636.5	1	0.0242364
Gorai.007G092600.1.A	1949	1843.5	0	0
Gorai.007G092600.1.D	1949	1843.5	0	0
Gorai.007G092700.1.A	1974	1868.5	777.843	16.5113
Gorai.007G092700.1.D	1974	1868.5	1.0344	0.0219574
Gorai.007G092800.1.A	2348	2242.5	202.897	3.58862
Gorai.007G092800.1.D	2348	2242.5	185.226	3.27607
Gorai.007G092900.1.A	9706	9600.5	1799.31	7.43357
Gorai.007G092900.1.D	9706	9600.5	2352.69	9.71975
Gorai.007G093000.1.A	2121	2015.5	336.59	6.62373
Gorai.007G093000.1.D	2121	2015.5	588.41	11.5793
Gorai.007G093100.1.A	3226	3120.5	135.709	1.72492
Gorai.007G093100.1.D	3226	3120.5	162.291	2.06279
Gorai.007G093200.1.A	1475	1369.5	2	0.057923
Gorai.007G093200.1.D	1475	1369.5	5	0.144808
Gorai.007G093300.1.A	2702	2596.5	265.185	4.05084
Gorai.007G093300.1.D	2702	2596.5	63.8969	0.976058
Gorai.007G093400.1.A	939	833.505	1.2	0.0571029
Gorai.007G093400.1.D	939	833.505	10.8	0.513926
Gorai.007G093500.1.A	2709	2603.5	1495.24	22.7792
Gorai.007G093500.1.D	2709	2603.5	879.348	13.3964
Gorai.007G093600.1.A	1006	900.505	371.935	16.382
Gorai.007G093600.1.D	1006	900.505	449.065	19.7792
Gorai.007G093700.1.A	1152	1046.5	34.7143	1.31569
Gorai.007G093700.1.D	1152	1046.5	19.2857	0.730936
Gorai.007G093800.1.A	1199	1093.5	1	0.0362714
Gorai.007G093800.1.D	1199	1093.5	0	0
Gorai.007G093900.1.A	2302	2196.5	47.8676	0.86436
Gorai.007G093900.1.D	2302	2196.5	45.1324	0.814968
Gorai.007G094000.1.A	2443	2337.5	3	0.0509042
Gorai.007G094000.1.D	2443	2337.5	0	0
Gorai.007G094100.1.A	3637	3531.5	38.7121	0.434782
Gorai.007G094100.1.D	3637	3531.5	52.8677	0.593766
Gorai.007G094200.1.A	2062	1956.5	74.381	1.50788
Gorai.007G094200.1.D	2062	1956.5	79.619	1.61406
Gorai.007G094300.1.A	4337	4231.5	1181.74	11.0767
Gorai.007G094300.1.D	4337	4231.5	893.683	8.37672
Gorai.007G094400.1.A	1070	964.505	2	0.0822452
Gorai.007G094400.1.D	1070	964.505	0	0
Gorai.007G094500.1.A	515	409.551	2	0.19369
Gorai.007G094500.1.D	515	409.551	7	0.677914
Gorai.007G094600.1.A	840	734.505	259.301	14.0021
Gorai.007G094600.1.D	840	734.505	195.699	10.5677
Gorai.007G094700.1.A	369	263.583	5.09434	0.766576
Gorai.007G094700.1.D	369	263.583	48.9057	7.35913
Gorai.007G094800.1.A	2264	2158.5	1369.1	25.1575
Gorai.007G094800.1.D	2264	2158.5	662.898	12.1809
Gorai.007G094900.1.A	1565	1459.5	21.6279	0.587751
Gorai.007G094900.1.D	1565	1459.5	12.8178	0.348331
Gorai.007G095000.1.A	1120	1014.5	98.7907	3.86231
Gorai.007G095000.1.D	1120	1014.5	432.209	16.8976
Gorai.007G095100.1.A	1834	1728.5	3	0.0688392
Gorai.007G095100.1.D	1834	1728.5	45	1.03259
Gorai.007G095200.1.A	2694	2588.5	124.948	1.91455
Gorai.007G095200.1.D	2694	2588.5	189.052	2.89679
Gorai.007G095300.1.A	1261	1155.5	1010.46	34.6842
Gorai.007G095300.1.D	1261	1155.5	740.542	25.4192
Gorai.007G095400.1.A	1775	1669.5	382.897	9.09659
Gorai.007G095400.1.D	1775	1669.5	673.103	15.9911
Gorai.007G095500.1.A	379	273.583	0	0
Gorai.007G095500.1.D	379	273.583	0	0
Gorai.007G095600.1.A	1532	1426.5	1	0.0278043
Gorai.007G095600.1.D	1532	1426.5	3	0.0834129
Gorai.007G095700.1.A	2046	1940.5	0	0
Gorai.007G095700.1.D	2046	1940.5	0	0
Gorai.007G095800.1.A	2489	2383.5	628.668	10.4614
Gorai.007G095800.1.D	2489	2383.5	696.332	11.5874
Gorai.007G095900.1.A	2242	2136.5	1124.08	20.8679
Gorai.007G095900.1.D	2242	2136.5	1226.92	22.7771
Gorai.007G096000.1.A	3740	3634.5	146.211	1.59558
Gorai.007G096000.1.D	3740	3634.5	50.7891	0.554255
Gorai.007G096100.1.A	2286	2180.5	40.9091	0.744128
Gorai.007G096100.1.D	2286	2180.5	109.091	1.98434
Gorai.007G096200.1.A	2430	2324.5	19.4286	0.331509
Gorai.007G096200.1.D	2430	2324.5	14.5714	0.248632
Gorai.007G096300.1.A	1832	1726.5	10.4545	0.240172
Gorai.007G096300.1.D	1832	1726.5	58.5455	1.34496
Gorai.007G096400.1.A	528	422.551	0	0
Gorai.007G096400.1.D	528	422.551	9	0.844788
Gorai.007G096500.1.A	2137	2031.5	142.483	2.78183
Gorai.007G096500.1.D	2137	2031.5	183.477	3.58218
Gorai.007G096600.1.A	918	812.505	115.921	5.65874
Gorai.007G096600.1.D	918	812.505	162.12	7.91399
Gorai.007G096700.1.A	627	521.505	0	0
Gorai.007G096700.1.D	627	521.505	4	0.304219
Gorai.007G096800.1.A	1834	1728.5	213.514	4.89936
Gorai.007G096800.1.D	1834	1728.5	181.486	4.16446
Gorai.007G096900.1.A	1417	1311.5	1052.4	31.8269
Gorai.007G096900.1.D	1417	1311.5	874.604	26.4501
Gorai.007G097000.1.A	1918	1812.5	252.38	5.52281
Gorai.007G097000.1.D	1918	1812.5	745.62	16.3164
Gorai.007G097100.1.A	2146	2040.5	143.366	2.78673
Gorai.007G097100.1.D	2146	2040.5	118.252	2.29856
Gorai.007G097200.1.A	1190	1084.5	313.763	11.4751
Gorai.007G097200.1.D	1190	1084.5	333.237	12.1873
Gorai.007G097300.1.A	1688	1582.5	76.0535	1.90616
Gorai.007G097300.1.D	1688	1582.5	81.4341	2.04101
Gorai.007G097400.1.A	1083	977.505	0	0
Gorai.007G097400.1.D	1083	977.505	0	0
Gorai.007G097500.1.A	459	353.551	0	0
Gorai.007G097500.1.D	459	353.551	0	0
Gorai.007G097600.1.A	2794	2688.5	1125.35	16.602
Gorai.007G097600.1.D	2794	2688.5	1003.65	14.8067
Gorai.007G097700.1.A	997	891.505	794.803	35.3607
Gorai.007G097700.1.D	997	891.505	1090.2	48.5028
Gorai.007G097800.1.A	2601	2495.5	12.375	0.196685
Gorai.007G097800.1.D	2601	2495.5	5.625	0.0894024
Gorai.007G097900.1.A	2225	2119.5	22.5	0.421049
Gorai.007G097900.1.D	2225	2119.5	17.5	0.327483
Gorai.007G098000.1.A	2106	2000.5	6.4898	0.12867
Gorai.007G098000.1.D	2106	2000.5	46.5102	0.922133
Gorai.007G098100.1.A	1114	1008.5	6	0.235971
Gorai.007G098100.1.D	1114	1008.5	19	0.747241
Gorai.007G098200.1.A	3753	3647.5	1.18657	0.0129027
Gorai.007G098200.1.D	3753	3647.5	157.813	1.71606
Gorai.007G098300.1.A	234	129.404	0	0
Gorai.007G098300.1.D	234	129.404	2	0.613008
Gorai.007G098400.1.A	1590	1484.5	0	0
Gorai.007G098400.1.D	1590	1484.5	0	0
Gorai.007G098500.1.A	745	639.505	24	1.48851
Gorai.007G098500.1.D	745	639.505	5	0.310107
Gorai.007G098600.1.A	2001	1895.5	346.004	7.24005
Gorai.007G098600.1.D	2001	1895.5	295.996	6.19363
Gorai.007G098700.1.A	1131	1025.5	64.1951	2.48284
Gorai.007G098700.1.D	1131	1025.5	76.8049	2.97054
Gorai.007G098800.1.A	2292	2186.5	89.3047	1.61998
Gorai.007G098800.1.D	2292	2186.5	71.6953	1.30054
Gorai.007G098900.1.A	1001	895.505	67.7363	3.00012
Gorai.007G098900.1.D	1001	895.505	66.2637	2.9349
Gorai.007G099000.1.A	1389	1283.5	236.769	7.31666
Gorai.007G099000.1.D	1389	1283.5	87.2308	2.69561
Gorai.007G099100.1.A	2978	2872.5	164.629	2.27316
Gorai.007G099100.1.D	2978	2872.5	93.3714	1.28925
Gorai.007G099200.1.A	2323	2217.5	305.303	5.46075
Gorai.007G099200.1.D	2323	2217.5	564.697	10.1003
Gorai.007G099300.1.A	2602	2496.5	7	0.111212
Gorai.007G099300.1.D	2602	2496.5	3	0.0476622
Gorai.007G099400.1.A	3547	3441.5	92.6898	1.06824
Gorai.007G099400.1.D	3547	3441.5	82.1322	0.946564
Gorai.007G099500.1.A	7266	7160.5	544.597	3.01659
Gorai.007G099500.1.D	7266	7160.5	398.614	2.20797
Gorai.007G099600.1.A	2632	2526.5	137.835	2.16384
Gorai.007G099600.1.D	2632	2526.5	437.165	6.86293
Gorai.007G099700.1.A	2266	2160.5	347.661	6.38242
Gorai.007G099700.1.D	2266	2160.5	218.71	4.01512
Gorai.007G099800.1.A	385	279.583	1	0.141865
Gorai.007G099800.1.D	385	279.583	0	0
Gorai.007G099900.1.A	1245	1139.5	76.8257	2.67409
Gorai.007G099900.1.D	1245	1139.5	81.1743	2.82545
Gorai.007G100000.1.A	1345	1239.5	0	0
Gorai.007G100000.1.D	1345	1239.5	110	3.51989
Gorai.007G100100.1.A	2069	1963.5	5264.27	106.339
Gorai.007G100100.1.D	2069	1963.5	452.731	9.14519
Gorai.007G100200.1.A	2593	2487.5	29.5455	0.471098
Gorai.007G100200.1.D	2593	2487.5	45.4545	0.724767
Gorai.007G100300.1.A	2188	2082.5	14.52	0.276545
Gorai.007G100300.1.D	2188	2082.5	18.48	0.351966
Gorai.007G100400.1.A	2207	2101.5	6.51429	0.122948
Gorai.007G100400.1.D	2207	2101.5	31.4857	0.594249
Gorai.007G100500.1.A	1872	1766.5	3540	79.4828
Gorai.007G100500.1.D	1872	1766.5	4012	90.0806
Gorai.007G100600.1.A	1577	1471.5	728.02	19.6231
Gorai.007G100600.1.D	1577	1471.5	1149.98	30.9966
Gorai.007G100700.1.A	1643	1537.5	15.3947	0.397137
Gorai.007G100700.1.D	1643	1537.5	29.6053	0.763726
Gorai.007G100800.1.A	7503	7397.5	815.623	4.3731
Gorai.007G100800.1.D	7503	7397.5	543.377	2.9134
Gorai.007G100900.1.A	606	500.551	0	0
Gorai.007G100900.1.D	606	500.551	5	0.396193
Gorai.007G101000.1.A	1670	1564.5	15.5556	0.394361
Gorai.007G101000.1.D	1670	1564.5	12.4444	0.315489
Gorai.007G101100.1.A	524	418.551	0	0
Gorai.007G101100.1.D	524	418.551	0	0
Gorai.007G101200.1.A	1619	1513.5	139.455	3.65456
Gorai.007G101200.1.D	1619	1513.5	538.545	14.1131
Gorai.007G101300.1.A	3000	2894.5	1354.94	18.5665
Gorai.007G101300.1.D	3000	2894.5	1040.48	14.2576
Gorai.007G101400.1.A	3537	3431.5	270.034	3.12118
Gorai.007G101400.1.D	3537	3431.5	161.544	1.8672
Gorai.007G101500.1.A	1393	1287.5	122.355	3.76929
Gorai.007G101500.1.D	1393	1287.5	206.645	6.36591
Gorai.007G101600.1.A	1545	1439.5	4	0.110213
Gorai.007G101600.1.D	1545	1439.5	0	0
Gorai.007G101700.1.A	1305	1199.5	4	0.132264
Gorai.007G101700.1.D	1305	1199.5	3	0.0991983
Gorai.007G101800.1.A	2369	2263.5	13	0.227796
Gorai.007G101800.1.D	2369	2263.5	0	0
Gorai.007G101900.1.A	234	129.404	0	0
Gorai.007G101900.1.D	234	129.404	0	0
Gorai.007G102000.1.A	1263	1157.5	3012.96	103.242
Gorai.007G102000.1.D	1263	1157.5	291.043	9.97285
Gorai.007G102100.1.A	2418	2312.5	5.74074	0.0984624
Gorai.007G102100.1.D	2418	2312.5	25.2593	0.433234
Gorai.007G102200.1.A	1809	1703.5	23.5862	0.549161
Gorai.007G102200.1.D	1809	1703.5	48.4138	1.12723
Gorai.007G102300.1.A	1583	1477.5	1162.61	31.2098
Gorai.007G102300.1.D	1583	1477.5	854.389	22.9357
Gorai.007G102400.1.A	1854	1748.5	106.143	2.40775
Gorai.007G102400.1.D	1854	1748.5	204.857	4.64695
Gorai.007G102500.1.A	1774	1668.5	982.81	23.3629
Gorai.007G102500.1.D	1774	1668.5	2283.19	54.275
Gorai.007G102600.1.A	4428	4322.5	1007.83	9.2478
Gorai.007G102600.1.D	4428	4322.5	1053.17	9.66376
Gorai.007G102700.1.A	853	747.505	9.2093	0.48865
Gorai.007G102700.1.D	853	747.505	78.7907	4.18067
Gorai.007G102800.1.A	3701	3595.5	1226.76	13.5327
Gorai.007G102800.1.D	3701	3595.5	1072.24	11.8282
Gorai.007G102900.1.A	1514	1408.5	56.6069	1.59403
Gorai.007G102900.1.D	1514	1408.5	95.3931	2.68623
Gorai.007G103000.1.A	2651	2545.5	211.272	3.29194
Gorai.007G103000.1.D	2651	2545.5	206.728	3.22115
Gorai.007G103100.1.A	1859	1753.5	621.505	14.058
Gorai.007G103100.1.D	1859	1753.5	935.495	21.1602
Gorai.007G103200.1.A	1881	1775.5	0	0
Gorai.007G103200.1.D	1881	1775.5	1	0.022339
Gorai.007G103300.1.A	2739	2633.5	36.4737	0.549326
Gorai.007G103300.1.D	2739	2633.5	40.5263	0.610363
Gorai.007G103400.1.A	1638	1532.5	27.6774	0.716323
Gorai.007G103400.1.D	1638	1532.5	5.32258	0.137754
Gorai.007G103500.1.A	1788	1682.5	240.134	5.66085
Gorai.007G103500.1.D	1788	1682.5	467.866	11.0294
Gorai.007G103600.1.A	832	726.505	0	0
Gorai.007G103600.1.D	832	726.505	0	0
Gorai.007G103700.1.A	928	822.505	6.25	0.301388
Gorai.007G103700.1.D	928	822.505	38.75	1.86861
Gorai.007G103800.1.A	1355	1249.5	3	0.0952288
Gorai.007G103800.1.D	1355	1249.5	5	0.158715
Gorai.007G103900.1.A	2071	1965.5	793.884	16.0202
Gorai.007G103900.1.D	2071	1965.5	227.116	4.5831
Gorai.007G104000.1.A	528	422.551	7.91667	0.743101
Gorai.007G104000.1.D	528	422.551	11.0833	1.04034
Gorai.007G104100.1.A	2568	2462.5	24.8055	0.399536
Gorai.007G104100.1.D	2568	2462.5	58.2071	0.937527
Gorai.007G104200.1.A	2335	2229.5	127.168	2.26233
Gorai.007G104200.1.D	2335	2229.5	57.3651	1.02053
Gorai.007G104300.1.A	3786	3680.5	127.23	1.3711
Gorai.007G104300.1.D	3786	3680.5	145.237	1.56514
Gorai.007G104400.1.A	1102	996.505	3.13636	0.124834
Gorai.007G104400.1.D	1102	996.505	19.8636	0.790614
Gorai.007G104500.1.A	1121	1015.5	133.464	5.21276
Gorai.007G104500.1.D	1121	1015.5	125.536	4.90309
Gorai.007G104600.1.A	2587	2481.5	561.625	8.97669
Gorai.007G104600.1.D	2587	2481.5	1223.38	19.5537
Gorai.007G104700.1.A	2530	2424.5	44.9315	0.735043
Gorai.007G104700.1.D	2530	2424.5	37.0685	0.606411
Gorai.007G104800.1.A	2785	2679.5	396.049	5.86245
Gorai.007G104800.1.D	2785	2679.5	359.951	5.32812
Gorai.007G104900.1.A	1098	992.505	29.5918	1.18256
Gorai.007G104900.1.D	1098	992.505	20.4082	0.815561
Gorai.007G105000.1.A	1716	1610.5	15.4074	0.379448
Gorai.007G105000.1.D	1716	1610.5	16.5926	0.408637
Gorai.007G105100.1.A	1829	1723.5	81.9625	1.8862
Gorai.007G105100.1.D	1829	1723.5	250.037	5.7541
Gorai.007G105200.1.A	1432	1326.5	98.4756	2.94445
Gorai.007G105200.1.D	1432	1326.5	71.5244	2.1386
Gorai.007G105300.1.A	859	753.505	369.783	19.4646
Gorai.007G105300.1.D	859	753.505	197.217	10.3811
Gorai.007G105400.1.A	1636	1530.5	338.699	8.77736
Gorai.007G105400.1.D	1636	1530.5	163.301	4.23194
Gorai.007G105500.1.A	778	672.505	53.9381	3.18116
Gorai.007G105500.1.D	778	672.505	176.062	10.3838
Gorai.007G105600.1.A	894	788.505	1	0.0503015
Gorai.007G105600.1.D	894	788.505	0	0
Gorai.007G105700.1.A	1282	1176.5	8.8	0.29667
Gorai.007G105700.1.D	1282	1176.5	2.2	0.0741676
Gorai.007G105800.1.A	1866	1760.5	107.971	2.43251
Gorai.007G105800.1.D	1866	1760.5	109.029	2.45635
Gorai.007G105900.1.A	728	622.505	11.8421	0.754521
Gorai.007G105900.1.D	728	622.505	13.1579	0.838356
Gorai.007G106000.1.A	2263	2157.5	1110.65	20.4179
Gorai.007G106000.1.D	2263	2157.5	430.242	7.90944
Gorai.007G106100.1.A	1657	1551.5	14.3906	0.367883
Gorai.007G106100.1.D	1657	1551.5	65.7855	1.68175
Gorai.007G106200.1.A	2321	2215.5	20.8421	0.373125
Gorai.007G106200.1.D	2321	2215.5	23.1579	0.414583
Gorai.007G106300.1.A	4180	4074.5	25.2	0.245307
Gorai.007G106300.1.D	4180	4074.5	37.8	0.367961
Gorai.007G106400.1.A	1872	1766.5	485.7	10.9053
Gorai.007G106400.1.D	1872	1766.5	707.99	15.8964
Gorai.007G106500.1.A	1782	1676.5	0	0
Gorai.007G106500.1.D	1782	1676.5	1	0.0236581
Gorai.007G106600.1.A	1950	1844.5	74.831	1.60911
Gorai.007G106600.1.D	1950	1844.5	2.16901	0.046641
Gorai.007G106700.1.A	345	239.63	17.6	2.91311
Gorai.007G106700.1.D	345	239.63	4.4	0.728276
Gorai.007G106800.1.A	4369	4263.5	488.15	4.5412
Gorai.007G106800.1.D	4369	4263.5	410.85	3.8221
Gorai.007G106900.1.A	994	888.505	871.575	38.9072
Gorai.007G106900.1.D	994	888.505	856.425	38.2309
Gorai.007G107000.1.A	1200	1094.5	0	0
Gorai.007G107000.1.D	1200	1094.5	0	0
Gorai.007G107100.1.A	1884	1778.5	384.59	8.57686
Gorai.007G107100.1.D	1884	1778.5	643.41	14.3489
Gorai.007G107200.1.A	861	755.505	14.8571	0.779979
Gorai.007G107200.1.D	861	755.505	1.14286	0.0599984
Gorai.007G107300.1.A	1908	1802.5	0	0
Gorai.007G107300.1.D	1908	1802.5	3	0.066013
Gorai.007G107400.1.A	638	532.505	3	0.223451
Gorai.007G107400.1.D	638	532.505	2	0.148967
Gorai.007G107500.1.A	1678	1572.5	3.4	0.0857575
Gorai.007G107500.1.D	1678	1572.5	30.6	0.771817
Gorai.007G107600.1.A	1105	999.505	2	0.0793652
Gorai.007G107600.1.D	1105	999.505	0	0
Gorai.007G107700.1.A	4573	4467.5	26	0.230831
Gorai.007G107700.1.D	4573	4467.5	46	0.408392
Gorai.007G107800.1.A	2946	2840.5	152.246	2.12586
Gorai.007G107800.1.D	2946	2840.5	186.754	2.60772
Gorai.007G107900.1.A	1171	1065.5	125.083	4.65615
Gorai.007G107900.1.D	1171	1065.5	139.701	5.2003
Gorai.007G108000.1.A	1620	1514.5	82.9287	2.1718
Gorai.007G108000.1.D	1620	1514.5	180.554	4.72847
Gorai.007G108100.1.A	775	669.505	15	0.888633
Gorai.007G108100.1.D	775	669.505	40	2.36969
Gorai.007G108200.1.A	312	206.649	0	0
Gorai.007G108200.1.D	312	206.649	0	0
Gorai.007G108300.1.A	2555	2449.5	242.428	3.92544
Gorai.007G108300.1.D	2555	2449.5	396.572	6.42139
Gorai.007G108400.1.A	3857	3751.5	88.0805	0.931235
Gorai.007G108400.1.D	3857	3751.5	104.919	1.10927
Gorai.007G108500.1.A	1590	1484.5	387.85	10.3626
Gorai.007G108500.1.D	1590	1484.5	358.15	9.56904
Gorai.007G108600.1.A	639	533.505	0	0
Gorai.007G108600.1.D	639	533.505	0	0
Gorai.007G108700.1.A	2505	2399.5	0	0
Gorai.007G108700.1.D	2505	2399.5	0	0
Gorai.007G108800.1.A	1682	1576.5	214.699	5.40156
Gorai.007G108800.1.D	1682	1576.5	1.3012	0.0327367
Gorai.007G108900.1.A	276	170.788	0	0
Gorai.007G108900.1.D	276	170.788	0	0
Gorai.007G109000.1.A	1117	1011.5	12	0.470542
Gorai.007G109000.1.D	1117	1011.5	13	0.509754
Gorai.007G109100.1.A	3989	3883.5	15.0741	0.153954
Gorai.007G109100.1.D	3989	3883.5	21.9259	0.223933
Gorai.007G109200.1.A	1963	1857.5	51.6183	1.1022
Gorai.007G109200.1.D	1963	1857.5	86.3817	1.84449
Gorai.007G109300.1.A	2681	2575.5	155.779	2.399
Gorai.007G109300.1.D	2681	2575.5	206.221	3.17582
Gorai.007G109400.1.A	985	879.505	90.2637	4.07061
Gorai.007G109400.1.D	985	879.505	409.736	18.4778
Gorai.007G109500.1.A	2475	2369.5	109.587	1.83436
Gorai.007G109500.1.D	2475	2369.5	152.413	2.55124
Gorai.007G109600.1.A	1467	1361.5	32.2424	0.939277
Gorai.007G109600.1.D	1467	1361.5	100.758	2.93524
Gorai.007G109700.1.A	767	661.505	1608.56	96.447
Gorai.007G109700.1.D	767	661.505	1198.44	71.8569
Gorai.007G109800.1.A	1937	1831.5	25.1122	0.543829
Gorai.007G109800.1.D	1937	1831.5	81.8878	1.77336
Gorai.007G109900.1.A	8471	8365.5	547.684	2.59671
Gorai.007G109900.1.D	8471	8365.5	769.316	3.64752
Gorai.007G110000.1.A	1077	971.505	0	0
Gorai.007G110000.1.D	1077	971.505	0	0
Gorai.007G110100.1.A	1380	1274.5	55.3913	1.72379
Gorai.007G110100.1.D	1380	1274.5	42.6087	1.32599
Gorai.007G110200.1.A	2372	2266.5	0	0
Gorai.007G110200.1.D	2372	2266.5	0	0
Gorai.007G110300.1.A	790	684.505	126.084	7.30581
Gorai.007G110300.1.D	790	684.505	115.916	6.71664
Gorai.007G110400.1.A	210	105.986	0	0
Gorai.007G110400.1.D	210	105.986	2	0.748457
Gorai.007G110500.1.A	2277	2171.5	1	0.0182652
Gorai.007G110500.1.D	2277	2171.5	4	0.0730608
Gorai.007G110600.1.A	3579	3473.5	576.924	6.58772
Gorai.007G110600.1.D	3579	3473.5	836.076	9.54691
Gorai.007G110700.1.A	3839	3733.5	16.5672	0.176002
Gorai.007G110700.1.D	3839	3733.5	57.4328	0.610139
Gorai.007G110800.1.A	1197	1091.5	7.22468	0.262529
Gorai.007G110800.1.D	1197	1091.5	19.936	0.724432
Gorai.007G110900.1.A	1446	1340.5	3	0.0887642
Gorai.007G110900.1.D	1446	1340.5	0	0
Gorai.007G111000.1.A	1195	1089.5	25.6393	0.933389
Gorai.007G111000.1.D	1195	1089.5	66.3607	2.41583
Gorai.007G111100.1.A	2106	2000.5	25.52	0.505971
Gorai.007G111100.1.D	2106	2000.5	3.48	0.0689961
Gorai.007G111200.1.A	1581	1475.5	1.21429	0.0326411
Gorai.007G111200.1.D	1581	1475.5	66.7857	1.79526
Gorai.007G111300.1.A	2355	2249.5	37.125	0.654583
Gorai.007G111300.1.D	2355	2249.5	94.875	1.67282
Gorai.007G111400.1.A	1593	1487.5	3	0.0799922
Gorai.007G111400.1.D	1593	1487.5	2	0.0533282
Gorai.007G111500.1.A	370	264.583	1.5219	0.228144
Gorai.007G111500.1.D	370	264.583	1.5219	0.228144
Gorai.007G111600.1.A	2437	2331.5	814.873	13.8624
Gorai.007G111600.1.D	2437	2331.5	1398.59	23.7925
Gorai.007G111700.1.A	2139	2033.5	19.3684	0.377776
Gorai.007G111700.1.D	2139	2033.5	3.63158	0.0708329
Gorai.007G111800.1.A	1928	1822.5	1627.28	35.4142
Gorai.007G111800.1.D	1928	1822.5	16.7222	0.363923
Gorai.007G111900.1.A	506	400.551	30.3477	3.00506
Gorai.007G111900.1.D	506	400.551	30.3477	3.00506
Gorai.007G112000.1.A	1002	896.505	256	11.3259
Gorai.007G112000.1.D	1002	896.505	0	0
Gorai.007G112100.1.A	1892	1786.5	207.669	4.61055
Gorai.007G112100.1.D	1892	1786.5	741.331	16.4586
Gorai.007G112200.1.A	760	654.505	8	0.4848
Gorai.007G112200.1.D	760	654.505	8	0.4848
Gorai.007G112300.1.A	2490	2384.5	551.607	9.17523
Gorai.007G112300.1.D	2490	2384.5	462.393	7.69126
Gorai.007G112400.1.A	2413	2307.5	15.6471	0.268952
Gorai.007G112400.1.D	2413	2307.5	3.35294	0.0576326
Gorai.007G112500.1.A	1452	1346.5	563.328	16.5935
Gorai.007G112500.1.D	1452	1346.5	515.672	15.1897
Gorai.007G112600.1.A	1230	1124.5	0	0
Gorai.007G112600.1.D	1230	1124.5	0	0
Gorai.007G112700.1.A	1794	1688.5	1	0.02349
Gorai.007G112700.1.D	1794	1688.5	3	0.0704699
Gorai.007G112800.1.A	616	510.505	243.008	18.8802
Gorai.007G112800.1.D	616	510.505	155.992	12.1196
Gorai.007G112900.1.A	1782	1676.5	1303.72	30.8435
Gorai.007G112900.1.D	1782	1676.5	1460.17	34.5448
Gorai.007G113000.1.A	2322	2216.5	88.7118	1.58744
Gorai.007G113000.1.D	2322	2216.5	150.288	2.68931
Gorai.007G113100.1.A	1148	1042.5	6	0.228275
Gorai.007G113100.1.D	1148	1042.5	3	0.114137
Gorai.007G113200.1.A	2483	2377.5	50.1484	0.836606
Gorai.007G113200.1.D	2483	2377.5	47.2657	0.788514
Gorai.007G113300.1.A	2536	2430.5	4.71549	0.0769512
Gorai.007G113300.1.D	2536	2430.5	51.8704	0.846463
Gorai.007G113400.1.A	851	745.505	2.66667	0.141874
Gorai.007G113400.1.D	851	745.505	1.33333	0.0709371
Gorai.007G113500.1.A	654	548.505	1.125	0.0813499
Gorai.007G113500.1.D	654	548.505	16.875	1.22025
Gorai.007G113600.1.A	1085	979.505	0	0
Gorai.007G113600.1.D	1085	979.505	2	0.0809857
Gorai.007G113700.1.A	1240	1134.5	0	0
Gorai.007G113700.1.D	1240	1134.5	0	0
Gorai.007G113800.1.A	2391	2285.5	0	0
Gorai.007G113800.1.D	2391	2285.5	0	0
Gorai.007G113900.1.A	3290	3184.5	185.127	2.30575
Gorai.007G113900.1.D	3290	3184.5	110.873	1.38092
Gorai.007G114000.1.A	2967	2861.5	75.9495	1.05273
Gorai.007G114000.1.D	2967	2861.5	27.0505	0.374943
Gorai.007G114100.1.A	2052	1946.5	0	0
Gorai.007G114100.1.D	2052	1946.5	0	0
Gorai.007G114200.1.A	2029	1923.5	171.515	3.53666
Gorai.007G114200.1.D	2029	1923.5	72.4854	1.49466
Gorai.007G114300.1.A	1447	1341.5	52.2019	1.5434
Gorai.007G114300.1.D	1447	1341.5	98.1411	2.90164
Gorai.007G114400.1.A	1946	1840.5	22.448	0.483755
Gorai.007G114400.1.D	1946	1840.5	19.209	0.413955
Gorai.007G114500.1.A	1814	1708.5	18	0.41787
Gorai.007G114500.1.D	1814	1708.5	96	2.22864
Gorai.007G114600.1.A	2319	2213.5	104.848	1.87872
Gorai.007G114600.1.D	2319	2213.5	76.1524	1.36455
Gorai.007G114700.1.A	716	610.505	696.536	45.2522
Gorai.007G114700.1.D	716	610.505	1076.46	69.9352
Gorai.007G114800.1.A	1462	1356.5	57.4933	1.68105
Gorai.007G114800.1.D	1462	1356.5	173.507	5.07317
Gorai.007G114900.1.A	1289	1183.5	254.29	8.52205
Gorai.007G114900.1.D	1289	1183.5	218.71	7.32966
Gorai.007G115000.1.A	1518	1412.5	0	0
Gorai.007G115000.1.D	1518	1412.5	2	0.0561597
Gorai.007G115100.1.A	1321	1215.5	21.15	0.690142
Gorai.007G115100.1.D	1321	1215.5	72.85	2.37716
Gorai.007G115200.1.A	1368	1262.5	0	0
Gorai.007G115200.1.D	1368	1262.5	0	0
Gorai.007G115300.1.A	2381	2275.5	88.8508	1.5487
Gorai.007G115300.1.D	2381	2275.5	98.1492	1.71078
Gorai.007G115400.1.A	1666	1560.5	43.05	1.09419
Gorai.007G115400.1.D	1666	1560.5	161.95	4.11624
Gorai.007G115500.1.A	466	360.551	0	0
Gorai.007G115500.1.D	466	360.551	1	0.110006
Gorai.007G115600.1.A	1758	1652.5	4130.9	99.1486
Gorai.007G115600.1.D	1758	1652.5	2445.1	58.6867
Gorai.007G115700.1.A	4893	4787.5	74.4578	0.616859
Gorai.007G115700.1.D	4893	4787.5	28.5422	0.236463
Gorai.007G115800.1.A	624	518.505	0	0
Gorai.007G115800.1.D	624	518.505	0	0
Gorai.007G115900.1.A	3919	3813.5	0	0
Gorai.007G115900.1.D	3919	3813.5	0	0
Gorai.007G116000.1.A	4480	4374.5	6.5	0.0589345
Gorai.007G116000.1.D	4480	4374.5	6.5	0.0589345
Gorai.007G116100.1.A	4012	3906.5	609.541	6.1887
Gorai.007G116100.1.D	4012	3906.5	642.459	6.52292
Gorai.007G116200.1.A	3552	3446.5	234.214	2.69537
Gorai.007G116200.1.D	3552	3446.5	214.786	2.47179
Gorai.007G116300.1.A	2107	2001.5	36.3721	0.72077
Gorai.007G116300.1.D	2107	2001.5	55.6279	1.10235
Gorai.007G116400.1.A	1085	979.505	322.796	13.0709
Gorai.007G116400.1.D	1085	979.505	401.204	16.2459
Gorai.007G116500.1.A	1868	1762.5	435.7	9.80489
Gorai.007G116500.1.D	1868	1762.5	515.3	11.5962
Gorai.007G116600.1.A	1612	1506.5	7	0.184295
Gorai.007G116600.1.D	1612	1506.5	4	0.105311
Gorai.007G116700.1.A	4030	3924.5	0	0
Gorai.007G116700.1.D	4030	3924.5	1	0.0101065
Gorai.007G116800.1.A	1685	1579.5	801.814	20.1343
Gorai.007G116800.1.D	1685	1579.5	812.186	20.3948
Gorai.007G116900.1.A	2121	2015.5	275.499	5.42152
Gorai.007G116900.1.D	2121	2015.5	141.501	2.78459
Gorai.007G117000.1.A	3413	3307.5	448.87	5.38276
Gorai.007G117000.1.D	3413	3307.5	547.13	6.56107
Gorai.007G117100.1.A	1119	1013.5	5	0.195672
Gorai.007G117100.1.D	1119	1013.5	43	1.68278
Gorai.007G117200.1.A	1959	1853.5	0	0
Gorai.007G117200.1.D	1959	1853.5	0	0
Gorai.007G117300.1.A	3222	3116.5	10.6875	0.136017
Gorai.007G117300.1.D	3222	3116.5	8.3125	0.105791
Gorai.007G117400.1.A	2742	2636.5	18.5373	0.278871
Gorai.007G117400.1.D	2742	2636.5	50.4627	0.759148
Gorai.007G117500.1.A	348	242.63	24.4229	3.99242
Gorai.007G117500.1.D	348	242.63	24.4229	3.99242
Gorai.007G117600.1.A	1423	1317.5	0	0
Gorai.007G117600.1.D	1423	1317.5	25	0.752615
Gorai.007G117700.1.A	1124	1018.5	673.242	26.2176
Gorai.007G117700.1.D	1124	1018.5	1957.76	76.2397
Gorai.007G117800.1.A	2402	2296.5	200.996	3.47141
Gorai.007G117800.1.D	2402	2296.5	433.004	7.47841
Gorai.007G117900.1.A	3538	3432.5	55.6089	0.642566
Gorai.007G117900.1.D	3538	3432.5	218.391	2.52353
Gorai.007G118000.1.A	385	279.583	1	0.141865
Gorai.007G118000.1.D	385	279.583	0	0
Gorai.007G118100.1.A	2132	2026.5	90	1.76149
Gorai.007G118100.1.D	2132	2026.5	0	0
Gorai.007G118200.1.A	2565	2459.5	813.671	13.1216
Gorai.007G118200.1.D	2565	2459.5	861.329	13.8901
Gorai.007G118300.1.A	1518	1412.5	0	0
Gorai.007G118300.1.D	1518	1412.5	6	0.168479
Gorai.007G118400.1.A	2686	2580.5	40.5106	0.622658
Gorai.007G118400.1.D	2686	2580.5	15.4894	0.238075
Gorai.007G118500.1.A	2288	2182.5	391.309	7.1113
Gorai.007G118500.1.D	2288	2182.5	268.691	4.88296
Gorai.007G118600.1.A	3920	3814.5	346.028	3.59798
Gorai.007G118600.1.D	3920	3814.5	268.972	2.79675
Gorai.007G118700.1.A	618	512.505	0	0
Gorai.007G118700.1.D	618	512.505	0	0
Gorai.007G118800.1.A	1501	1395.5	37.8982	1.07714
Gorai.007G118800.1.D	1501	1395.5	348.102	9.89373
Gorai.007G118900.1.A	1086	980.505	0	0
Gorai.007G118900.1.D	1086	980.505	0	0
Gorai.007G119000.1.A	634	528.505	3.68935	0.276877
Gorai.007G119000.1.D	634	528.505	3.68935	0.276877
Gorai.007G119100.1.A	1779	1673.5	8351.26	197.929
Gorai.007G119100.1.D	1779	1673.5	45.7442	1.08416
Gorai.007G119200.1.A	1773	1667.5	377.993	8.99086
Gorai.007G119200.1.D	1773	1667.5	1924.42	45.7739
Gorai.007G119300.1.A	800	694.505	191.401	10.9308
Gorai.007G119300.1.D	800	694.505	331.599	18.9375
Gorai.007G119400.1.A	2104	1998.5	5.33333	0.105847
Gorai.007G119400.1.D	2104	1998.5	26.6667	0.529235
Gorai.007G119500.1.A	1255	1149.5	2199.15	75.8803
Gorai.007G119500.1.D	1255	1149.5	1268.1	43.755
Gorai.007G119600.1.A	424	318.583	0	0
Gorai.007G119600.1.D	424	318.583	0	0
Gorai.007G119700.1.A	952	846.505	2.03376	0.0952918
Gorai.007G119700.1.D	952	846.505	2.03376	0.0952918
Gorai.007G119800.1.A	1092	986.505	2	0.0804111
Gorai.007G119800.1.D	1092	986.505	11	0.442261
Gorai.007G119900.1.A	1183	1077.5	64.3636	2.36923
Gorai.007G119900.1.D	1183	1077.5	55.6364	2.04797
Gorai.007G120000.1.A	2250	2144.5	2	0.0369903
Gorai.007G120000.1.D	2250	2144.5	5	0.0924758
Gorai.007G120100.1.A	499	393.551	0	0
Gorai.007G120100.1.D	499	393.551	1	0.100782
Gorai.007G120200.1.A	989	883.505	2	0.0897855
Gorai.007G120200.1.D	989	883.505	1	0.0448927
Gorai.007G120300.1.A	1420	1314.5	2	0.0603466
Gorai.007G120300.1.D	1420	1314.5	0	0
Gorai.007G120400.1.A	1826	1720.5	3	0.0691593
Gorai.007G120400.1.D	1826	1720.5	15	0.345796
Gorai.007G120500.1.A	1091	985.505	14.5161	0.584221
Gorai.007G120500.1.D	1091	985.505	185.484	7.46504
Gorai.007G120600.1.A	1160	1054.5	2822.78	106.173
Gorai.007G120600.1.D	1160	1054.5	2185.2	82.1917
Gorai.007G120700.1.A	2025	1919.5	50.0652	1.0345
Gorai.007G120700.1.D	2025	1919.5	96.9348	2.00297
Gorai.007G120800.1.A	414	308.583	0	0
Gorai.007G120800.1.D	414	308.583	0	0
Gorai.007G120900.1.A	1600	1494.5	3721.26	98.7591
Gorai.007G120900.1.D	1600	1494.5	6240.74	165.624
Gorai.007G121000.1.A	1726	1620.5	2	0.0489513
Gorai.007G121000.1.D	1726	1620.5	2	0.0489513
Gorai.007G121100.1.A	1734	1628.5	6	0.146133
Gorai.007G121100.1.D	1734	1628.5	0	0
Gorai.007G121200.1.A	1650	1544.5	28.1111	0.721894
Gorai.007G121200.1.D	1650	1544.5	4.88889	0.125547
Gorai.007G121300.1.A	3343	3237.5	82.6759	1.01287
Gorai.007G121300.1.D	3343	3237.5	79.3241	0.971807
Gorai.007G121400.1.A	2999	2893.5	45.6842	0.62622
Gorai.007G121400.1.D	2999	2893.5	16.3158	0.22365
Gorai.007G121500.1.A	1815	1709.5	501.197	11.6285
Gorai.007G121500.1.D	1815	1709.5	539.333	12.5133
Gorai.007G121600.1.A	1488	1382.5	23.5227	0.674848
Gorai.007G121600.1.D	1488	1382.5	66.4773	1.90718
Gorai.007G121700.1.A	873	767.505	0	0
Gorai.007G121700.1.D	873	767.505	0	0
Gorai.007G121800.1.A	819	713.505	0	0
Gorai.007G121800.1.D	819	713.505	0	0
Gorai.007G121900.1.A	962	856.505	0	0
Gorai.007G121900.1.D	962	856.505	1	0.0463079
Gorai.007G122000.1.A	648	542.505	0	0
Gorai.007G122000.1.D	648	542.505	0	0
Gorai.007G122100.1.A	966	860.505	0	0
Gorai.007G122100.1.D	966	860.505	0	0
Gorai.007G122200.1.A	1304	1198.5	171.728	5.68312
Gorai.007G122200.1.D	1304	1198.5	224.272	7.42198
Gorai.007G122300.1.A	1449	1343.5	12	0.354264
Gorai.007G122300.1.D	1449	1343.5	6	0.177132
Gorai.007G122400.1.A	1326	1220.5	2	0.0649943
Gorai.007G122400.1.D	1326	1220.5	1	0.0324972
Gorai.007G122500.1.A	1329	1223.5	7.98298	0.258788
Gorai.007G122500.1.D	1329	1223.5	260.017	8.4291
Gorai.007G122600.1.A	1518	1412.5	4.31333	0.121118
Gorai.007G122600.1.D	1518	1412.5	1055.69	29.6435
Gorai.007G122700.1.A	1276	1170.5	0	0
Gorai.007G122700.1.D	1276	1170.5	9	0.304968
Gorai.007G122800.1.A	480	374.551	70	7.41262
Gorai.007G122800.1.D	480	374.551	70	7.41262
Gorai.007G122900.1.A	2331	2225.5	10.9091	0.194422
Gorai.007G122900.1.D	2331	2225.5	1.09091	0.0194422
Gorai.007G123000.1.A	2820	2714.5	73.3643	1.07196
Gorai.007G123000.1.D	2820	2714.5	108.636	1.58733
Gorai.007G123100.1.A	939	833.505	30	1.42757
Gorai.007G123100.1.D	939	833.505	11	0.523443
Gorai.007G123200.1.A	932	826.505	4.75	0.227947
Gorai.007G123200.1.D	932	826.505	14.25	0.68384
Gorai.007G123300.1.A	1425	1319.5	1.10294	0.0331533
Gorai.007G123300.1.D	1425	1319.5	73.8971	2.22127
Gorai.007G123400.1.A	2363	2257.5	86.2222	1.51487
Gorai.007G123400.1.D	2363	2257.5	107.778	1.89359
Gorai.007G123500.1.A	1860	1754.5	848.777	19.1877
Gorai.007G123500.1.D	1860	1754.5	637.051	14.4014
Gorai.007G123600.1.A	2807	2701.5	85.5705	1.25633
Gorai.007G123600.1.D	2807	2701.5	84.4295	1.23958
Gorai.007G123700.1.A	1757	1651.5	419.127	10.0659
Gorai.007G123700.1.D	1757	1651.5	272.268	6.53885
Gorai.007G123800.1.A	514	408.551	2.75378	0.267343
Gorai.007G123800.1.D	514	408.551	2.75378	0.267343
Gorai.007G123900.1.A	1790	1684.5	776.338	18.2795
Gorai.007G123900.1.D	1790	1684.5	611.267	14.3928
Gorai.007G124000.1.A	1392	1286.5	0	0
Gorai.007G124000.1.D	1392	1286.5	12	0.36996
Gorai.007G124100.1.A	1389	1283.5	38.6324	1.19382
Gorai.007G124100.1.D	1389	1283.5	32.3676	1.00023
Gorai.007G124200.1.A	1071	965.505	2.44444	0.100418
Gorai.007G124200.1.D	1071	965.505	8.55556	0.351462
Gorai.007G124300.1.A	1427	1321.5	11.4151	0.342607
Gorai.007G124300.1.D	1427	1321.5	43.5849	1.30813
Gorai.007G124400.1.A	2545	2439.5	429.277	6.97944
Gorai.007G124400.1.D	2545	2439.5	350.723	5.70227
Gorai.007G124500.1.A	1763	1657.5	262.6	6.28384
Gorai.007G124500.1.D	1763	1657.5	205.4	4.91508
Gorai.007G124600.1.A	2354	2248.5	51.8636	0.914859
Gorai.007G124600.1.D	2354	2248.5	111.136	1.96041
Gorai.007G124700.1.A	1263	1157.5	8	0.274127
Gorai.007G124700.1.D	1263	1157.5	0	0
Gorai.007G124800.1.A	783	677.505	6.75	0.395163
Gorai.007G124800.1.D	783	677.505	2.25	0.131721
Gorai.007G124900.1.A	2347	2241.5	825.164	14.6011
Gorai.007G124900.1.D	2347	2241.5	842.836	14.9138
Gorai.007G125000.1.A	1075	969.505	0	0
Gorai.007G125000.1.D	1075	969.505	0	0
Gorai.007G125100.1.A	531	425.551	0	0
Gorai.007G125100.1.D	531	425.551	0	0
Gorai.007G125200.1.A	1116	1010.5	11.375	0.446476
Gorai.007G125200.1.D	1116	1010.5	40.625	1.59456
Gorai.007G125300.1.A	883	777.505	1	0.0510131
Gorai.007G125300.1.D	883	777.505	0	0
Gorai.007G125400.1.A	1134	1028.5	104.288	4.02172
Gorai.007G125400.1.D	1134	1028.5	46.7122	1.8014
Gorai.007G125500.1.A	406	300.583	0	0
Gorai.007G125500.1.D	406	300.583	3	0.39586
Gorai.007G125600.1.A	2305	2199.5	763.701	13.7716
Gorai.007G125600.1.D	2305	2199.5	270.299	4.87421
Gorai.007G125700.1.A	2234	2128.5	1	0.0186342
Gorai.007G125700.1.D	2234	2128.5	3	0.0559025
Gorai.007G125800.1.A	1461	1355.5	2	0.0585213
Gorai.007G125800.1.D	1461	1355.5	0	0
Gorai.007G125900.1.A	1663	1557.5	71.068	1.8098
Gorai.007G125900.1.D	1663	1557.5	48.932	1.24609
Gorai.007G126000.1.A	1473	1367.5	101.633	2.94776
Gorai.007G126000.1.D	1473	1367.5	124.367	3.60712
Gorai.007G126100.1.A	1768	1662.5	7.71429	0.184042
Gorai.007G126100.1.D	1768	1662.5	19.2857	0.460106
Gorai.007G126200.1.A	1591	1485.5	0	0
Gorai.007G126200.1.D	1591	1485.5	0	0
Gorai.007G126300.1.A	2575	2469.5	586.674	9.42262
Gorai.007G126300.1.D	2575	2469.5	280.326	4.50234
Gorai.007G126400.1.A	1009	903.505	3651.19	160.283
Gorai.007G126400.1.D	1009	903.505	1406.78	61.7561
Gorai.007G126500.1.A	639	533.505	0	0
Gorai.007G126500.1.D	639	533.505	0	0
Gorai.007G126600.1.A	742	636.505	0	0
Gorai.007G126600.1.D	742	636.505	0	0
Gorai.007G126700.1.A	1673	1567.5	0	0
Gorai.007G126700.1.D	1673	1567.5	0	0
Gorai.007G126800.1.A	998	892.505	0	0
Gorai.007G126800.1.D	998	892.505	0	0
Gorai.007G126900.1.A	2502	2396.5	12.6486	0.209339
Gorai.007G126900.1.D	2502	2396.5	26.3514	0.436124
Gorai.007G127000.1.A	2292	2186.5	159.203	2.88793
Gorai.007G127000.1.D	2292	2186.5	395.797	7.17971
Gorai.007G127100.1.A	1680	1574.5	0	0
Gorai.007G127100.1.D	1680	1574.5	0	0
Gorai.007G127200.1.A	765	659.505	0	0
Gorai.007G127200.1.D	765	659.505	13	0.781827
Gorai.007G127300.1.A	963	857.505	980.837	45.3675
Gorai.007G127300.1.D	963	857.505	1099.24	50.8441
Gorai.007G127400.1.A	3099	2993.5	170.5	2.25907
Gorai.007G127400.1.D	3099	2993.5	170.5	2.25907
Gorai.007G127500.1.A	893	787.505	3.27273	0.164832
Gorai.007G127500.1.D	893	787.505	8.72727	0.439552
Gorai.007G127600.1.A	2275	2169.5	81.0783	1.48227
Gorai.007G127600.1.D	2275	2169.5	44.9217	0.82126
Gorai.007G127700.1.A	2789	2683.5	337.153	4.98322
Gorai.007G127700.1.D	2789	2683.5	282.847	4.18055
Gorai.007G127800.1.A	1985	1879.5	1003.68	21.1805
Gorai.007G127800.1.D	1985	1879.5	1176.32	24.8237
Gorai.007G127900.1.A	2524	2418.5	3	0.0491993
Gorai.007G127900.1.D	2524	2418.5	21	0.344395
Gorai.007G128000.1.A	1164	1058.5	153.17	5.73938
Gorai.007G128000.1.D	1164	1058.5	297.83	11.1599
Gorai.007G128100.1.A	1833	1727.5	3.42857	0.0787189
Gorai.007G128100.1.D	1833	1727.5	4.57143	0.104959
Gorai.007G128200.1.A	1917	1811.5	29341.2	642.427
Gorai.007G128200.1.D	1917	1811.5	1982.78	43.413
Gorai.007G128300.1.A	1238	1132.5	576.074	20.1754
Gorai.007G128300.1.D	1238	1132.5	782.926	27.4199
Gorai.007G128400.1.A	709	603.505	214.019	14.0655
Gorai.007G128400.1.D	709	603.505	367.981	24.1841
Gorai.007G128500.1.A	627	521.505	0	0
Gorai.007G128500.1.D	627	521.505	0	0
Gorai.007G128600.1.A	4919	4813.5	19.3846	0.159728
Gorai.007G128600.1.D	4919	4813.5	8.61538	0.0709902
Gorai.007G128700.1.A	4514	4408.5	902.434	8.11912
Gorai.007G128700.1.D	4514	4408.5	827.566	7.44554
Gorai.007G128800.1.A	2177	2071.5	41.3636	0.791986
Gorai.007G128800.1.D	2177	2071.5	28.6364	0.548298
Gorai.007G128900.1.A	803	697.505	5196.22	295.478
Gorai.007G128900.1.D	803	697.505	3934.48	223.73
Gorai.007G129000.1.A	626	520.505	194.719	14.8378
Gorai.007G129000.1.D	626	520.505	542.281	41.3223
Gorai.007G129100.1.A	1723	1617.5	164.267	4.02799
Gorai.007G129100.1.D	1723	1617.5	66.7333	1.63637
Gorai.007G129200.1.A	2165	2059.5	0	0
Gorai.007G129200.1.D	2165	2059.5	2	0.038517
Gorai.007G129300.1.A	843	737.505	0	0
Gorai.007G129300.1.D	843	737.505	0	0
Gorai.007G129400.1.A	1019	913.505	0	0
Gorai.007G129400.1.D	1019	913.505	0	0
Gorai.007G129500.1.A	1755	1649.5	913.736	21.9711
Gorai.007G129500.1.D	1755	1649.5	635.264	15.2752
Gorai.007G129600.1.A	708	602.505	0	0
Gorai.007G129600.1.D	708	602.505	0	0
Gorai.007G129700.1.A	2191	2085.5	301.096	5.72636
Gorai.007G129700.1.D	2191	2085.5	339.904	6.46443
Gorai.007G129800.1.A	2283	2177.5	0	0
Gorai.007G129800.1.D	2283	2177.5	0	0
Gorai.007G129900.1.A	525	419.551	14	1.32351
Gorai.007G129900.1.D	525	419.551	0	0
Gorai.007G130000.1.A	3442	3336.5	100.254	1.19178
Gorai.007G130000.1.D	3442	3336.5	68.7458	0.81722
Gorai.007G130100.1.A	2508	2402.5	20.7	0.341736
Gorai.007G130100.1.D	2508	2402.5	2.3	0.0379707
Gorai.007G130200.1.A	2779	2673.5	427.397	6.34068
Gorai.007G130200.1.D	2779	2673.5	398.085	5.90582
Gorai.007G130300.1.A	6914	6808.5	203.453	1.18521
Gorai.007G130300.1.D	6914	6808.5	319.337	1.8603
Gorai.007G130400.1.A	2910	2804.5	44.7222	0.632488
Gorai.007G130400.1.D	2910	2804.5	116.278	1.64447
Gorai.007G130500.1.A	2475	2369.5	20.7925	0.348043
Gorai.007G130500.1.D	2475	2369.5	37.2075	0.622814
Gorai.007G130600.1.A	2515	2409.5	16.3564	0.269243
Gorai.007G130600.1.D	2515	2409.5	188.644	3.10527
Gorai.007G130700.1.A	309	203.687	5	0.973623
Gorai.007G130700.1.D	309	203.687	0	0
Gorai.007G130800.1.A	740	634.505	0	0
Gorai.007G130800.1.D	740	634.505	0	0
Gorai.007G130900.1.A	797	691.505	3.3	0.18928
Gorai.007G130900.1.D	797	691.505	7.7	0.441652
Gorai.007G131000.1.A	621	515.505	6	0.46164
Gorai.007G131000.1.D	621	515.505	0	0
Gorai.007G131100.1.A	1265	1159.5	18	0.615722
Gorai.007G131100.1.D	1265	1159.5	18	0.615722
Gorai.007G131200.1.A	985	879.505	143.901	6.48949
Gorai.007G131200.1.D	985	879.505	147.099	6.63371
Gorai.007G131300.1.A	2492	2386.5	17.2615	0.286881
Gorai.007G131300.1.D	2492	2386.5	48.7385	0.810018
Gorai.007G131400.1.A	906	800.505	2584.72	128.066
Gorai.007G131400.1.D	906	800.505	1903.28	94.3027
Gorai.007G131500.1.A	2506	2400.5	399.015	6.59283
Gorai.007G131500.1.D	2506	2400.5	1163.98	19.2322
Gorai.007G131600.1.A	463	357.551	0.669182	0.074232
Gorai.007G131600.1.D	463	357.551	0.669182	0.074232
Gorai.007G131700.1.A	1006	900.505	2	0.0880905
Gorai.007G131700.1.D	1006	900.505	2	0.0880905
Gorai.007G131800.1.A	723	617.505	4.08889	0.262633
Gorai.007G131800.1.D	723	617.505	41.9111	2.69199
Gorai.007G131900.1.A	2444	2338.5	9	0.152647
Gorai.007G131900.1.D	2444	2338.5	2	0.0339216
Gorai.007G132000.1.A	1916	1810.5	2	0.0438142
Gorai.007G132000.1.D	1916	1810.5	1	0.0219071
Gorai.007G132100.1.A	1281	1175.5	3	0.101224
Gorai.007G132100.1.D	1281	1175.5	19	0.641083
Gorai.007G132200.1.A	1454	1348.5	285.465	8.39626
Gorai.007G132200.1.D	1454	1348.5	258.535	7.60416
Gorai.007G132300.1.A	1858	1752.5	157.477	3.56405
Gorai.007G132300.1.D	1858	1752.5	72.5225	1.64134
Gorai.007G132400.1.A	1890	1784.5	31.4634	0.699315
Gorai.007G132400.1.D	1890	1784.5	11.5366	0.256416
Gorai.007G132500.1.A	4157	4051.5	472.828	4.62883
Gorai.007G132500.1.D	4157	4051.5	500.172	4.89653
Gorai.007G132600.1.A	1465	1359.5	39.2727	1.14576
Gorai.007G132600.1.D	1465	1359.5	14.7273	0.429662
Gorai.007G132700.1.A	3113	3007.5	14.2888	0.18844
Gorai.007G132700.1.D	3113	3007.5	240.711	3.1745
Gorai.007G132800.1.A	1886	1780.5	18.5294	0.412766
Gorai.007G132800.1.D	1886	1780.5	51.4706	1.14657
Gorai.007G132900.1.A	889	783.505	3.23421	0.163724
Gorai.007G132900.1.D	889	783.505	5.39035	0.272873
Gorai.007G133000.1.A	2051	1945.5	4	0.0815479
Gorai.007G133000.1.D	2051	1945.5	1	0.020387
Gorai.007G133100.1.A	1908	1802.5	3	0.066013
Gorai.007G133100.1.D	1908	1802.5	12	0.264052
Gorai.007G133200.1.A	2151	2045.5	7.80153	0.151274
Gorai.007G133200.1.D	2151	2045.5	138.198	2.67971
Gorai.007G133300.1.A	8077	7971.5	141.742	0.705251
Gorai.007G133300.1.D	8077	7971.5	126.258	0.628207
Gorai.007G133400.1.A	1684	1578.5	1	0.0251269
Gorai.007G133400.1.D	1684	1578.5	1	0.0251269
Gorai.007G133500.1.A	2334	2228.5	136.12	2.42267
Gorai.007G133500.1.D	2334	2228.5	9.8797	0.175839
Gorai.007G133600.1.A	827	721.505	17	0.934533
Gorai.007G133600.1.D	827	721.505	2	0.109945
Gorai.007G133700.1.A	1884	1778.5	10	0.223013
Gorai.007G133700.1.D	1884	1778.5	2	0.0446026
Gorai.007G133800.1.A	2081	1975.5	711.254	14.2801
Gorai.007G133800.1.D	2081	1975.5	581.746	11.6799
Gorai.007G133900.1.A	388	282.583	5	0.701792
Gorai.007G133900.1.D	388	282.583	0	0
Gorai.007G134000.1.A	303	197.687	0	0
Gorai.007G134000.1.D	303	197.687	0	0
Gorai.007G134100.1.A	1886	1780.5	103.842	2.31322
Gorai.007G134100.1.D	1886	1780.5	89.1576	1.9861
Gorai.007G134200.1.A	534	428.551	56	5.18287
Gorai.007G134200.1.D	534	428.551	87	8.05195
Gorai.007G134300.1.A	720	614.505	1	0.0645446
Gorai.007G134300.1.D	720	614.505	3	0.193634
Gorai.007G134400.1.A	1612	1506.5	119.039	3.13405
Gorai.007G134400.1.D	1612	1506.5	129.961	3.42157
Gorai.007G134500.1.A	4527	4421.5	326.245	2.92657
Gorai.007G134500.1.D	4527	4421.5	189.755	1.70219
Gorai.007G134600.1.A	3398	3292.5	202.135	2.435
Gorai.007G134600.1.D	3398	3292.5	233.865	2.81724
Gorai.007G134700.1.A	2816	2710.5	41.4286	0.606226
Gorai.007G134700.1.D	2816	2710.5	16.5714	0.24249
Gorai.007G134800.1.A	5256	5150.5	296.588	2.28396
Gorai.007G134800.1.D	5256	5150.5	260.846	2.00872
Gorai.007G134900.1.A	2444	2338.5	103.074	1.74822
Gorai.007G134900.1.D	2444	2338.5	149.926	2.54287
Gorai.007G135000.1.A	5322	5216.5	205.73	1.56424
Gorai.007G135000.1.D	5322	5216.5	186.836	1.42058
Gorai.007G135100.1.A	1273	1167.5	1.5	0.0509586
Gorai.007G135100.1.D	1273	1167.5	4.5	0.152876
Gorai.007G135200.1.A	496	390.551	0	0
Gorai.007G135200.1.D	496	390.551	0	0
Gorai.007G135300.1.A	790	684.505	0	0
Gorai.007G135300.1.D	790	684.505	0	0
Gorai.007G135400.1.A	1645	1539.5	0	0
Gorai.007G135400.1.D	1645	1539.5	1	0.0257634
Gorai.007G135500.1.A	897	791.505	110.689	5.54674
Gorai.007G135500.1.D	897	791.505	1.38238	0.069272
Gorai.007G135600.1.A	2164	2058.5	65.6227	1.26441
Gorai.007G135600.1.D	2164	2058.5	2.30546	0.0444212
Gorai.007G135700.1.A	795	689.505	107.173	6.16499
Gorai.007G135700.1.D	795	689.505	178.621	10.275
Gorai.007G135800.1.A	1793	1687.5	704.634	16.5616
Gorai.007G135800.1.D	1793	1687.5	268.366	6.30766
Gorai.007G135900.1.A	2091	1985.5	29.1176	0.581661
Gorai.007G135900.1.D	2091	1985.5	25.8824	0.517032
Gorai.007G136000.1.A	589	483.551	6.11321	0.501431
Gorai.007G136000.1.D	589	483.551	47.8868	3.92788
Gorai.007G136100.1.A	1422	1316.5	0	0
Gorai.007G136100.1.D	1422	1316.5	0	0
Gorai.007G136200.1.A	2039	1933.5	16.9269	0.34723
Gorai.007G136200.1.D	2039	1933.5	16.9269	0.34723
Gorai.007G136300.1.A	954	848.505	59.6696	2.78923
Gorai.007G136300.1.D	954	848.505	6.70673	0.313503
Gorai.007G136400.1.A	3065	2959.5	110.636	1.48273
Gorai.007G136400.1.D	3065	2959.5	998.385	13.3802
Gorai.007G136500.1.A	3049	2943.5	100.906	1.35968
Gorai.007G136500.1.D	3049	2943.5	35.0717	0.472582
Gorai.007G136600.1.A	1325	1219.5	31.0667	1.01041
Gorai.007G136600.1.D	1325	1219.5	31.0667	1.01041
Gorai.007G136700.1.A	873	767.505	2.28571	0.118121
Gorai.007G136700.1.D	873	767.505	5.71429	0.295302
Gorai.007G136800.1.A	1278	1172.5	0	0
Gorai.007G136800.1.D	1278	1172.5	0	0
Gorai.007G136900.1.A	1116	1010.5	48.7407	1.9131
Gorai.007G136900.1.D	1116	1010.5	147.259	5.78002
Gorai.007G137000.1.A	1657	1551.5	219.83	5.61977
Gorai.007G137000.1.D	1657	1551.5	67.1702	1.71715
Gorai.007G137100.1.A	2502	2396.5	548.222	9.07325
Gorai.007G137100.1.D	2502	2396.5	24.7784	0.41009
Gorai.007G137200.1.A	1084	978.505	104.649	4.24185
Gorai.007G137200.1.D	1084	978.505	16.3514	0.66279
Gorai.007G137300.1.A	1760	1654.5	855.463	20.5077
Gorai.007G137300.1.D	1760	1654.5	432.537	10.3691
Gorai.007G137400.1.A	2691	2585.5	83.9935	1.2885
Gorai.007G137400.1.D	2691	2585.5	97.0065	1.48813
Gorai.007G137500.1.A	384	278.583	0	0
Gorai.007G137500.1.D	384	278.583	0	0
Gorai.007G137600.1.A	2822	2716.5	196.308	2.86624
Gorai.007G137600.1.D	2822	2716.5	197.117	2.87805
Gorai.007G137700.1.A	1338	1232.5	22.6381	0.728511
Gorai.007G137700.1.D	1338	1232.5	19.9369	0.641585
Gorai.007G137800.1.A	921	815.505	130.142	6.32959
Gorai.007G137800.1.D	921	815.505	115.858	5.63488
Gorai.007G137900.1.A	774	668.505	142.696	8.4663
Gorai.007G137900.1.D	774	668.505	40.3036	2.39124
Gorai.007G138000.1.A	1599	1493.5	0	0
Gorai.007G138000.1.D	1599	1493.5	0	0
Gorai.007G138100.1.A	927	821.505	5	0.241404
Gorai.007G138100.1.D	927	821.505	0	0
Gorai.007G138200.1.A	970	864.505	1	0.0458794
Gorai.007G138200.1.D	970	864.505	0	0
Gorai.007G138300.1.A	2602	2496.5	0	0
Gorai.007G138300.1.D	2602	2496.5	0	0
Gorai.007G138400.1.A	2869	2763.5	60.4702	0.867892
Gorai.007G138400.1.D	2869	2763.5	178.722	2.5651
Gorai.007G138500.1.A	1690	1584.5	36.9286	0.924387
Gorai.007G138500.1.D	1690	1584.5	10.0714	0.252106
Gorai.007G138600.1.A	873	767.505	9719.18	502.266
Gorai.007G138600.1.D	873	767.505	127.818	6.60535
Gorai.007G138700.1.A	943	837.505	1250.82	59.2368
Gorai.007G138700.1.D	943	837.505	9.18219	0.434854
Gorai.007G138800.1.A	361	255.607	12	1.86206
Gorai.007G138800.1.D	361	255.607	0	0
Gorai.007G138900.1.A	1125	1019.5	6	0.233425
Gorai.007G138900.1.D	1125	1019.5	2	0.0778083
Gorai.007G139000.1.A	1287	1181.5	746.26	25.0518
Gorai.007G139000.1.D	1287	1181.5	287.74	9.65938
Gorai.007G139100.1.A	2937	2831.5	31.2188	0.437304
Gorai.007G139100.1.D	2937	2831.5	5.78125	0.0809822
Gorai.007G139200.1.A	1350	1244.5	9.5	0.302769
Gorai.007G139200.1.D	1350	1244.5	9.5	0.302769
Gorai.007G139300.1.A	6454	6348.5	1186.02	7.40978
Gorai.007G139300.1.D	6454	6348.5	2480.98	15.5002
Gorai.007G139400.1.A	2484	2378.5	1	0.0166756
Gorai.007G139400.1.D	2484	2378.5	3	0.0500267
Gorai.007G139500.1.A	3603	3497.5	858.03	9.73037
Gorai.007G139500.1.D	3603	3497.5	611.97	6.93995
Gorai.007G139600.1.A	1691	1585.5	9.36	0.234149
Gorai.007G139600.1.D	1691	1585.5	16.64	0.416266
Gorai.007G139700.1.A	858	752.505	0	0
Gorai.007G139700.1.D	858	752.505	0	0
Gorai.007G139800.1.A	2473	2367.5	18.4737	0.309491
Gorai.007G139800.1.D	2473	2367.5	8.52632	0.142842
Gorai.007G139900.1.A	1397	1291.5	14.56	0.447147
Gorai.007G139900.1.D	1397	1291.5	11.44	0.35133
Gorai.007G140000.1.A	12055	11949.5	2612.84	8.67258
Gorai.007G140000.1.D	12055	11949.5	3353.04	11.1294
Gorai.007G140100.1.A	207	103.083	50.9272	19.5952
Gorai.007G140100.1.D	207	103.083	50.9272	19.5952
Gorai.007G140200.1.A	415	309.583	7.07214	0.906064
Gorai.007G140200.1.D	415	309.583	7.07214	0.906064
Gorai.007G140300.1.A	732	626.505	0	0
Gorai.007G140300.1.D	732	626.505	0	0
Gorai.007G140400.1.A	1833	1727.5	78.0436	1.79186
Gorai.007G140400.1.D	1833	1727.5	215.956	4.95829
Gorai.007G140500.1.A	366	260.583	0	0
Gorai.007G140500.1.D	366	260.583	1	0.152208
Gorai.007G140600.1.A	2042	1936.5	0	0
Gorai.007G140600.1.D	2042	1936.5	0	0
Gorai.007G140700.1.A	1479	1373.5	10.2564	0.296176
Gorai.007G140700.1.D	1479	1373.5	29.7436	0.858911
Gorai.007G140800.1.A	1731	1625.5	14.8889	0.363295
Gorai.007G140800.1.D	1731	1625.5	52.1111	1.27153
Gorai.007G140900.1.A	3128	3022.5	113.723	1.49233
Gorai.007G140900.1.D	3128	3022.5	541.277	7.10293
Gorai.007G141000.1.A	928	822.505	32.9666	1.58972
Gorai.007G141000.1.D	928	822.505	1228.99	59.2646
Gorai.007G141100.1.A	690	584.505	2.00027	0.135733
Gorai.007G141100.1.D	690	584.505	8.00981	0.543525
Gorai.007G141200.1.A	2400	2294.5	176.143	3.04482
Gorai.007G141200.1.D	2400	2294.5	111.857	1.93357
Gorai.007G141300.1.A	1568	1462.5	11144.3	302.232
Gorai.007G141300.1.D	1568	1462.5	2394.71	64.9443
Gorai.007G141400.1.A	2256	2150.5	290.192	5.35217
Gorai.007G141400.1.D	2256	2150.5	147.808	2.72611
Gorai.007G141500.1.A	1721	1615.5	150.542	3.69602
Gorai.007G141500.1.D	1721	1615.5	189.458	4.65146
Gorai.007G141600.1.A	831	725.505	6	0.328017
Gorai.007G141600.1.D	831	725.505	15	0.820042
Gorai.007G141700.1.A	1786	1680.5	0	0
Gorai.007G141700.1.D	1786	1680.5	42	0.991276
Gorai.007G141800.1.A	1733	1627.5	258.501	6.29978
Gorai.007G141800.1.D	1733	1627.5	243.499	5.93416
Gorai.007G141900.1.A	1468	1362.5	124.25	3.61696
Gorai.007G141900.1.D	1468	1362.5	17.75	0.516708
Gorai.007G142000.1.A	1566	1460.5	159.124	4.32134
Gorai.007G142000.1.D	1566	1460.5	55.8757	1.51742
Gorai.007G142100.1.A	2972	2866.5	898.034	12.4258
Gorai.007G142100.1.D	2972	2866.5	207.966	2.87756
Gorai.007G142200.1.A	1898	1792.5	200.127	4.42822
Gorai.007G142200.1.D	1898	1792.5	224.873	4.9758
Gorai.007G142300.1.A	873	767.505	4	0.206711
Gorai.007G142300.1.D	873	767.505	7	0.361745
Gorai.007G142400.1.A	2848	2742.5	296.311	4.28534
Gorai.007G142400.1.D	2848	2742.5	248.689	3.59662
Gorai.007G142500.1.A	2173	2067.5	92.4067	1.77273
Gorai.007G142500.1.D	2173	2067.5	74.5933	1.431
Gorai.007G142600.1.A	882	776.505	3.10714	0.158709
Gorai.007G142600.1.D	882	776.505	25.8929	1.32258
Gorai.007G142700.1.A	908	802.505	85.1621	4.20904
Gorai.007G142700.1.D	908	802.505	313.838	15.5111
Gorai.007G142800.1.A	1977	1871.5	10.2857	0.217986
Gorai.007G142800.1.D	1977	1871.5	7.71429	0.163489
Gorai.007G142900.1.A	857	751.505	7.5	0.395835
Gorai.007G142900.1.D	857	751.505	7.5	0.395835
Gorai.007G143000.1.A	1309	1203.5	524.942	17.3001
Gorai.007G143000.1.D	1309	1203.5	397.058	13.0855
Gorai.007G143100.1.A	1865	1759.5	27.9153	0.629269
Gorai.007G143100.1.D	1865	1759.5	33.0847	0.7458
Gorai.007G143200.1.A	1437	1331.5	30.4	0.905557
Gorai.007G143200.1.D	1437	1331.5	7.6	0.226389
Gorai.007G143300.1.A	2101	1995.5	719.344	14.2978
Gorai.007G143300.1.D	2101	1995.5	293.656	5.83675
Gorai.007G143400.1.A	330	224.63	0	0
Gorai.007G143400.1.D	330	224.63	0	0
Gorai.007G143500.1.A	533	427.551	7	0.649374
Gorai.007G143500.1.D	533	427.551	0	0
Gorai.007G143600.1.A	594	488.551	0	0
Gorai.007G143600.1.D	594	488.551	0	0
Gorai.007G143700.1.A	201	97.3325	0	0
Gorai.007G143700.1.D	201	97.3325	0	0
Gorai.007G143800.1.A	2527	2421.5	183.102	2.99911
Gorai.007G143800.1.D	2527	2421.5	307.898	5.0432
Gorai.007G143900.1.A	489	383.551	0	0
Gorai.007G143900.1.D	489	383.551	0	0
Gorai.007G144000.1.A	1107	1001.5	0	0
Gorai.007G144000.1.D	1107	1001.5	0	0
Gorai.007G144100.1.A	648	542.505	160.821	11.7577
Gorai.007G144100.1.D	648	542.505	104.179	7.61664
Gorai.007G144200.1.A	2524	2418.5	21.913	0.359369
Gorai.007G144200.1.D	2524	2418.5	2.08696	0.0342256
Gorai.007G144300.1.A	3503	3397.5	36.4599	0.425638
Gorai.007G144300.1.D	3503	3397.5	290.54	3.3918
Gorai.007G144400.1.A	1130	1024.5	0.5	0.0193571
Gorai.007G144400.1.D	1130	1024.5	0.5	0.0193571
Gorai.007G144500.1.A	705	599.505	0	0
Gorai.007G144500.1.D	705	599.505	2	0.132319
Gorai.007G144600.1.A	285	179.772	0	0
Gorai.007G144600.1.D	285	179.772	0	0
Gorai.007G144700.1.A	489	383.551	4	0.413639
Gorai.007G144700.1.D	489	383.551	12	1.24092
Gorai.007G144800.1.A	1086	980.505	0	0
Gorai.007G144800.1.D	1086	980.505	12	0.485419
Gorai.007G144900.1.A	840	734.505	1	0.0539996
Gorai.007G144900.1.D	840	734.505	1	0.0539996
Gorai.007G145000.1.A	1240	1134.5	0	0
Gorai.007G145000.1.D	1240	1134.5	0	0
Gorai.007G145100.1.A	2228	2122.5	37.4568	0.69995
Gorai.007G145100.1.D	2228	2122.5	44.5432	0.832373
Gorai.007G145200.1.A	3208	3102.5	126.407	1.616
Gorai.007G145200.1.D	3208	3102.5	145.593	1.86129
Gorai.007G145300.1.A	2373	2267.5	107.471	1.87986
Gorai.007G145300.1.D	2373	2267.5	95.5294	1.67099
Gorai.007G145400.1.A	1793	1687.5	1.03846	0.0244079
Gorai.007G145400.1.D	1793	1687.5	52.9615	1.2448
Gorai.007G145500.1.A	1429	1323.5	0	0
Gorai.007G145500.1.D	1429	1323.5	1	0.0299681
Gorai.007G145600.1.A	1874	1768.5	178.227	3.99717
Gorai.007G145600.1.D	1874	1768.5	30.773	0.690158
Gorai.007G145700.1.A	710	604.505	1	0.0656123
Gorai.007G145700.1.D	710	604.505	0	0
Gorai.007G145800.1.A	1185	1079.5	37.44	1.37561
Gorai.007G145800.1.D	1185	1079.5	40.56	1.49025
Gorai.007G145900.1.A	1188	1082.5	3	0.10992
Gorai.007G145900.1.D	1188	1082.5	2	0.0732799
Gorai.007G146000.1.A	1893	1787.5	0	0
Gorai.007G146000.1.D	1893	1787.5	0	0
Gorai.007G146100.1.A	1298	1192.5	16.4571	0.547368
Gorai.007G146100.1.D	1298	1192.5	19.5429	0.649999
Gorai.007G146200.1.A	1095	989.505	27	1.08226
Gorai.007G146200.1.D	1095	989.505	0	0
Gorai.007G146300.1.A	483	377.551	0	0
Gorai.007G146300.1.D	483	377.551	0	0
Gorai.007G146400.1.A	1590	1484.5	0	0
Gorai.007G146400.1.D	1590	1484.5	0	0
Gorai.007G146500.1.A	1712	1606.5	388.544	9.59276
Gorai.007G146500.1.D	1712	1606.5	359.456	8.87459
Gorai.007G146600.1.A	1464	1358.5	9.25714	0.270272
Gorai.007G146600.1.D	1464	1358.5	26.7429	0.780785
Gorai.007G146700.1.A	2041	1935.5	3.05505	0.0626049
Gorai.007G146700.1.D	2041	1935.5	107.945	2.21204
Gorai.007G146800.1.A	3156	3050.5	158.241	2.05747
Gorai.007G146800.1.D	3156	3050.5	24.7588	0.321916
Gorai.007G146900.1.A	1144	1038.5	0	0
Gorai.007G146900.1.D	1144	1038.5	0	0
Gorai.007G147000.1.A	1093	987.505	1	0.0401648
Gorai.007G147000.1.D	1093	987.505	0	0
Gorai.007G147100.1.A	1530	1424.5	31.2168	0.869179
Gorai.007G147100.1.D	1530	1424.5	112.783	3.14026
Gorai.007G147200.1.A	1297	1191.5	0	0
Gorai.007G147200.1.D	1297	1191.5	1	0.0332881
Gorai.007G147300.1.A	1613	1507.5	0	0
Gorai.007G147300.1.D	1613	1507.5	5	0.131552
Gorai.007G147400.1.A	600	494.551	0	0
Gorai.007G147400.1.D	600	494.551	0	0
Gorai.007G147500.1.A	1701	1595.5	23.6216	0.587214
Gorai.007G147500.1.D	1701	1595.5	22.3784	0.556308
Gorai.007G147600.1.A	2541	2435.5	1393.24	22.6893
Gorai.007G147600.1.D	2541	2435.5	992.761	16.1674
Gorai.007G147700.1.A	2804	2698.5	142.892	2.10025
Gorai.007G147700.1.D	2804	2698.5	29.1077	0.427828
Gorai.007G147800.1.A	2551	2445.5	324.298	5.2597
Gorai.007G147800.1.D	2551	2445.5	290.596	4.71309
Gorai.007G147900.1.A	674	568.505	213.042	14.8633
Gorai.007G147900.1.D	674	568.505	163.958	11.4389
Gorai.007G148000.1.A	1707	1601.5	0	0
Gorai.007G148000.1.D	1707	1601.5	30	0.742981
Gorai.007G148100.1.A	702	596.505	6	0.398954
Gorai.007G148100.1.D	702	596.505	0	0
Gorai.007G148200.1.A	2384	2278.5	54.9351	0.956279
Gorai.007G148200.1.D	2384	2278.5	35.0649	0.610391
Gorai.007G148300.1.A	1036	930.505	69.1327	2.9468
Gorai.007G148300.1.D	1036	930.505	54.8673	2.33873
Gorai.007G148400.1.A	1342	1236.5	235.565	7.55615
Gorai.007G148400.1.D	1342	1236.5	65.4348	2.09893
Gorai.007G148500.1.A	2841	2735.5	684.273	9.92148
Gorai.007G148500.1.D	2841	2735.5	888.727	12.8859
Gorai.007G148600.1.A	1288	1182.5	463.197	15.5363
Gorai.007G148600.1.D	1288	1182.5	318.235	10.6741
Gorai.007G148700.1.A	3306	3200.5	52.193	0.646813
Gorai.007G148700.1.D	3306	3200.5	66.807	0.82792
Gorai.007G148800.1.A	1525	1419.5	131.736	3.68089
Gorai.007G148800.1.D	1525	1419.5	192.264	5.37212
Gorai.007G148900.1.A	4641	4535.5	2	0.01749
Gorai.007G148900.1.D	4641	4535.5	4	0.03498
Gorai.007G149000.1.A	605	499.551	0	0
Gorai.007G149000.1.D	605	499.551	0	0
Gorai.007G149100.1.A	2388	2282.5	191.593	3.3293
Gorai.007G149100.1.D	2388	2282.5	182.407	3.16968
Gorai.007G149200.1.A	249	144.019	0	0
Gorai.007G149200.1.D	249	144.019	0	0
Gorai.007G149300.1.A	2231	2125.5	27	0.503833
Gorai.007G149300.1.D	2231	2125.5	12	0.223926
Gorai.007G149400.1.A	933	827.505	1351.91	64.7979
Gorai.007G149400.1.D	933	827.505	1361.09	65.2383
Gorai.007G149500.1.A	327	221.63	9	1.61064
Gorai.007G149500.1.D	327	221.63	7	1.25272
Gorai.007G149600.1.A	2691	2585.5	120.714	1.85182
Gorai.007G149600.1.D	2691	2585.5	48.2857	0.740727
Gorai.007G149700.1.A	3240	3134.5	151.575	1.91798
Gorai.007G149700.1.D	3240	3134.5	278.425	3.52309
Gorai.007G149800.1.A	2067	1961.5	1033.37	20.8955
Gorai.007G149800.1.D	2067	1961.5	1315.63	26.6029
Gorai.007G149900.1.A	2456	2350.5	135.53	2.28696
Gorai.007G149900.1.D	2456	2350.5	339.47	5.72829
Gorai.007G150000.1.A	1774	1668.5	245.207	5.82895
Gorai.007G150000.1.D	1774	1668.5	272.793	6.48471
Gorai.007G150100.1.A	2375	2269.5	253.412	4.42874
Gorai.007G150100.1.D	2375	2269.5	105.588	1.84531
Gorai.007G150200.1.A	1943	1837.5	3926.36	84.7513
Gorai.007G150200.1.D	1943	1837.5	2365.64	51.0629
Gorai.007G150300.1.A	5420	5314.5	391.598	2.92255
Gorai.007G150300.1.D	5420	5314.5	293.402	2.18971
Gorai.007G150400.1.A	4502	4396.5	148.347	1.33831
Gorai.007G150400.1.D	4502	4396.5	187.653	1.6929
Gorai.007G150500.1.A	2685	2579.5	77.9213	1.19813
Gorai.007G150500.1.D	2685	2579.5	112.079	1.72334
Gorai.007G150600.1.A	798	692.505	198.847	11.3889
Gorai.007G150600.1.D	798	692.505	174.153	9.97456
Gorai.007G150700.1.A	1720	1614.5	5	0.122833
Gorai.007G150700.1.D	1720	1614.5	11	0.270233
Gorai.007G150800.1.A	547	441.551	3070.58	275.819
Gorai.007G150800.1.D	547	441.551	0	0
Gorai.007G150900.1.A	5486	5380.5	857.973	6.32463
Gorai.007G150900.1.D	5486	5380.5	386.027	2.84564
Gorai.007G151000.1.A	1073	967.505	0	0
Gorai.007G151000.1.D	1073	967.505	110.424	4.52685
Gorai.007G151100.1.A	1423	1317.5	3.15789	0.0950671
Gorai.007G151100.1.D	1423	1317.5	16.8421	0.507025
Gorai.007G151200.1.A	2031	1925.5	220.434	4.54065
Gorai.007G151200.1.D	2031	1925.5	176.566	3.63704
Gorai.007G151300.1.A	966	860.505	93.2381	4.29759
Gorai.007G151300.1.D	966	860.505	148.762	6.85683
Gorai.007G151400.1.A	926	820.505	4	0.193359
Gorai.007G151400.1.D	926	820.505	1	0.0483397
Gorai.007G151500.1.A	965	859.505	1.25	0.0576828
Gorai.007G151500.1.D	965	859.505	3.75	0.173049
Gorai.007G151600.1.A	3071	2965.5	102.892	1.37615
Gorai.007G151600.1.D	3071	2965.5	75.8645	1.01467
Gorai.007G151700.1.A	2149	2043.5	353.733	6.86571
Gorai.007G151700.1.D	2149	2043.5	404.267	7.84652
Gorai.007G151800.1.A	779	673.505	3.23376	0.190437
Gorai.007G151800.1.D	779	673.505	3.23376	0.190437
Gorai.007G151900.1.A	2258	2152.5	47.3521	0.87253
Gorai.007G151900.1.D	2258	2152.5	34.6479	0.638436
Gorai.007G152000.1.A	600	494.551	11	0.882198
Gorai.007G152000.1.D	600	494.551	33	2.64659
Gorai.007G152100.1.A	1212	1106.5	831.052	29.7893
Gorai.007G152100.1.D	1212	1106.5	924.948	33.155
Gorai.007G152200.1.A	727	621.505	23.8723	1.52348
Gorai.007G152200.1.D	727	621.505	27.1277	1.73122
Gorai.007G152300.1.A	2339	2233.5	63.2658	1.12348
Gorai.007G152300.1.D	2339	2233.5	38.7342	0.687848
Gorai.007G152400.1.A	2434	2328.5	12	0.204404
Gorai.007G152400.1.D	2434	2328.5	6	0.102202
Gorai.007G152500.1.A	1882	1776.5	24	0.535833
Gorai.007G152500.1.D	1882	1776.5	0	0
Gorai.007G152600.1.A	1798	1692.5	1720.11	40.3098
Gorai.007G152600.1.D	1798	1692.5	2322.89	54.4357
Gorai.007G152700.1.A	925	819.505	39.4839	1.91097
Gorai.007G152700.1.D	925	819.505	62.5161	3.0257
Gorai.007G152800.1.A	1041	935.505	0	0
Gorai.007G152800.1.D	1041	935.505	0	0
Gorai.007G152900.1.A	1853	1747.5	336	7.62616
Gorai.007G152900.1.D	1853	1747.5	296	6.71828
Gorai.007G153000.1.A	1669	1563.5	1434.08	36.3797
Gorai.007G153000.1.D	1669	1563.5	1289.92	32.7227
Gorai.007G153100.1.A	1272	1166.5	158.118	5.37624
Gorai.007G153100.1.D	1272	1166.5	33.8824	1.15205
Gorai.007G153200.1.A	1248	1142.5	722.819	25.0932
Gorai.007G153200.1.D	1248	1142.5	1106.18	38.4019
Gorai.007G153300.1.A	2091	1985.5	225.665	4.50793
Gorai.007G153300.1.D	2091	1985.5	277.335	5.54012
Gorai.007G153400.1.A	2324	2218.5	37.5	0.670434
Gorai.007G153400.1.D	2324	2218.5	37.5	0.670434
Gorai.007G153500.1.A	883	777.505	0	0
Gorai.007G153500.1.D	883	777.505	3	0.153039
Gorai.007G153600.1.A	2309	2203.5	68.4565	1.23221
Gorai.007G153600.1.D	2309	2203.5	25.5435	0.459781
Gorai.007G153700.1.A	1321	1215.5	0	0
Gorai.007G153700.1.D	1321	1215.5	2	0.0652617
Gorai.007G153800.1.A	1731	1625.5	243.822	5.94935
Gorai.007G153800.1.D	1731	1625.5	239.178	5.83603
Gorai.007G153900.1.A	1403	1297.5	1309.16	40.0193
Gorai.007G153900.1.D	1403	1297.5	1181.84	36.1272
Gorai.007G154000.1.A	3233	3127.5	133.552	1.6937
Gorai.007G154000.1.D	3233	3127.5	131.448	1.66703
Gorai.007G154100.1.A	2057	1951.5	288.053	5.85448
Gorai.007G154100.1.D	2057	1951.5	571.947	11.6244
Gorai.007G154200.1.A	1366	1260.5	38.4486	1.20982
Gorai.007G154200.1.D	1366	1260.5	82.5514	2.59756
Gorai.007G154300.1.A	2494	2388.5	85.2353	1.4154
Gorai.007G154300.1.D	2494	2388.5	75.7647	1.25813
Gorai.007G154400.1.A	1018	912.505	5.1087	0.222055
Gorai.007G154400.1.D	1018	912.505	41.8913	1.82085
Gorai.007G154500.1.A	1013	907.505	2079.2	90.8725
Gorai.007G154500.1.D	1013	907.505	1950.8	85.2607
Gorai.007G154600.1.A	1138	1032.5	194.957	7.48915
Gorai.007G154600.1.D	1138	1032.5	162.043	6.22475
Gorai.007G154700.1.A	1791	1685.5	8	0.188254
Gorai.007G154700.1.D	1791	1685.5	0	0
Gorai.007G154800.1.A	2751	2645.5	90.1452	1.35151
Gorai.007G154800.1.D	2751	2645.5	737.855	11.0623
Gorai.007G154900.1.A	1337	1231.5	7	0.225448
Gorai.007G154900.1.D	1337	1231.5	15	0.483103
Gorai.007G155000.1.A	7101	6995.5	279.589	1.58521
Gorai.007G155000.1.D	7101	6995.5	313.411	1.77697
Gorai.007G155100.1.A	1442	1336.5	6.5	0.192898
Gorai.007G155100.1.D	1442	1336.5	6.5	0.192898
Gorai.007G155200.1.A	570	464.551	15.433	1.31765
Gorai.007G155200.1.D	570	464.551	15.433	1.31765
Gorai.007G155300.1.A	605	499.551	3.5	0.27789
Gorai.007G155300.1.D	605	499.551	3.5	0.27789
Gorai.007G155400.1.A	2295	2189.5	86.2439	1.56231
Gorai.007G155400.1.D	2295	2189.5	69.7561	1.26363
Gorai.007G155500.1.A	2138	2032.5	216.512	4.22508
Gorai.007G155500.1.D	2138	2032.5	191.488	3.73676
Gorai.007G155600.1.A	2357	2251.5	1473.17	25.9516
Gorai.007G155600.1.D	2357	2251.5	1215.83	21.4184
Gorai.007G155700.1.A	777	671.505	0	0
Gorai.007G155700.1.D	777	671.505	0	0
Gorai.007G155800.1.A	1830	1724.5	35	0.804986
Gorai.007G155800.1.D	1830	1724.5	0	0
Gorai.007G155900.1.A	1387	1281.5	71.8434	2.22357
Gorai.007G155900.1.D	1387	1281.5	17.1566	0.531003
Gorai.007G156000.1.A	2350	2244.5	0	0
Gorai.007G156000.1.D	2350	2244.5	0	0
Gorai.007G156100.1.A	2725	2619.5	524.783	7.94595
Gorai.007G156100.1.D	2725	2619.5	350.217	5.30277
Gorai.007G156200.1.A	1836	1730.5	159.448	3.65453
Gorai.007G156200.1.D	1836	1730.5	112.552	2.57967
Gorai.007G156300.1.A	1798	1692.5	1	0.0234345
Gorai.007G156300.1.D	1798	1692.5	3	0.0703034
Gorai.007G156400.1.A	1326	1220.5	2206.75	71.7133
Gorai.007G156400.1.D	1326	1220.5	42.2452	1.37285
Gorai.007G156500.1.A	2195	2089.5	1085.74	20.6094
Gorai.007G156500.1.D	2195	2089.5	1384.26	26.2761
Gorai.007G156600.1.A	1975	1869.5	14.7518	0.31297
Gorai.007G156600.1.D	1975	1869.5	0	0
Gorai.007G156700.1.A	1839	1733.5	0	0
Gorai.007G156700.1.D	1839	1733.5	0	0
Gorai.007G156800.1.A	1748	1642.5	0	0
Gorai.007G156800.1.D	1748	1642.5	0	0
Gorai.007G156900.1.A	1394	1288.5	700.196	21.5535
Gorai.007G156900.1.D	1394	1288.5	445.804	13.7228
Gorai.007G157000.1.A	1650	1544.5	118.857	3.05226
Gorai.007G157000.1.D	1650	1544.5	508.143	13.0491
Gorai.007G157100.1.A	436	330.583	0	0
Gorai.007G157100.1.D	436	330.583	0	0
Gorai.007G157200.1.A	1689	1583.5	0	0
Gorai.007G157200.1.D	1689	1583.5	4	0.10019
Gorai.007G157300.1.A	2084	1978.5	531.986	10.6647
Gorai.007G157300.1.D	2084	1978.5	208.502	4.17982
Gorai.007G157400.1.A	1979	1873.5	60.6838	1.2847
Gorai.007G157400.1.D	1979	1873.5	81.3162	1.7215
Gorai.007G157500.1.A	1131	1025.5	1005.98	38.9079
Gorai.007G157500.1.D	1131	1025.5	1585.02	61.3029
Gorai.007G157600.1.A	2322	2216.5	1102.92	19.736
Gorai.007G157600.1.D	2322	2216.5	1267.79	22.6863
Gorai.007G157700.1.A	2313	2207.5	138.894	2.49555
Gorai.007G157700.1.D	2313	2207.5	65.1064	1.16979
Gorai.007G157800.1.A	2163	2057.5	19.8824	0.383276
Gorai.007G157800.1.D	2163	2057.5	6.11765	0.117931
Gorai.007G157900.1.A	2192	2086.5	58.5484	1.11296
Gorai.007G157900.1.D	2192	2086.5	7.45161	0.14165
Gorai.007G158000.1.A	1210	1104.5	40.4762	1.45351
Gorai.007G158000.1.D	1210	1104.5	59.5238	2.13751
Gorai.007G158100.1.A	2079	1973.5	0	0
Gorai.007G158100.1.D	2079	1973.5	0	0
Gorai.007G158200.1.A	987	881.505	90.4138	4.06813
Gorai.007G158200.1.D	987	881.505	47.5862	2.14112
Gorai.007G158300.1.A	546	440.551	655.524	59.017
Gorai.007G158300.1.D	546	440.551	528.476	47.5788
Gorai.007G158400.1.A	1762	1656.5	15281.2	365.889
Gorai.007G158400.1.D	1762	1656.5	29230.8	699.895
Gorai.007G158500.1.A	3598	3492.5	702.704	7.98032
Gorai.007G158500.1.D	3598	3492.5	917.296	10.4174
Gorai.007G158600.1.A	420	314.583	0	0
Gorai.007G158600.1.D	420	314.583	2	0.252162
Gorai.007G158700.1.A	2387	2281.5	2	0.0347691
Gorai.007G158700.1.D	2387	2281.5	4	0.0695382
Gorai.007G158800.1.A	666	560.505	98.7407	6.98718
Gorai.007G158800.1.D	666	560.505	87.2593	6.17472
Gorai.007G158900.1.A	717	611.505	109.697	7.11511
Gorai.007G158900.1.D	717	611.505	12.3025	0.797957
Gorai.007G159000.1.A	914	808.505	15	0.735857
Gorai.007G159000.1.D	914	808.505	0	0
Gorai.007G159100.1.A	3041	2935.5	685.251	9.25873
Gorai.007G159100.1.D	3041	2935.5	464.749	6.27944
Gorai.007G159200.1.A	1210	1104.5	136.751	4.91076
Gorai.007G159200.1.D	1210	1104.5	71.2486	2.55855
Gorai.007G159300.1.A	1417	1311.5	17.3913	0.525953
Gorai.007G159300.1.D	1417	1311.5	57.6087	1.74222
Gorai.007G159400.1.A	934	828.505	7	0.33511
Gorai.007G159400.1.D	934	828.505	15	0.718094
Gorai.007G159500.1.A	873	767.505	0	0
Gorai.007G159500.1.D	873	767.505	0	0
Gorai.007G159600.1.A	847	741.505	264.799	14.1641
Gorai.007G159600.1.D	847	741.505	792.201	42.3747
Gorai.007G159700.1.A	2224	2118.5	431.786	8.08395
Gorai.007G159700.1.D	2224	2118.5	465.214	8.70981
Gorai.007G159800.1.A	1738	1632.5	309.468	7.51877
Gorai.007G159800.1.D	1738	1632.5	697.532	16.9471
Gorai.007G159900.1.A	2797	2691.5	719.361	10.6008
Gorai.007G159900.1.D	2797	2691.5	1.63864	0.0241475
Gorai.007G160000.1.A	2056	1950.5	326.775	6.64487
Gorai.007G160000.1.D	2056	1950.5	160.225	3.25813
Gorai.007G160100.1.A	2468	2362.5	26.6753	0.447839
Gorai.007G160100.1.D	2468	2362.5	52.3247	0.878453
Gorai.007G160200.1.A	1897	1791.5	0	0
Gorai.007G160200.1.D	1897	1791.5	118	2.61246
Gorai.007G160300.1.A	992	886.505	1210.08	54.1398
Gorai.007G160300.1.D	992	886.505	1004.92	44.9612
Gorai.007G160400.1.A	1401	1295.5	5	0.153079
Gorai.007G160400.1.D	1401	1295.5	0	0
Gorai.007G160500.1.A	408	302.583	0	0
Gorai.007G160500.1.D	408	302.583	0	0
Gorai.007G160600.1.A	1997	1891.5	52	1.09039
Gorai.007G160600.1.D	1997	1891.5	9	0.188721
Gorai.007G160700.1.A	1031	925.505	64.0476	2.74479
Gorai.007G160700.1.D	1031	925.505	204.952	8.78333
Gorai.007G160800.1.A	2729	2623.5	8.91429	0.134769
Gorai.007G160800.1.D	2729	2623.5	30.0857	0.454845
Gorai.007G160900.1.A	3474	3368.5	18.8889	0.22241
Gorai.007G160900.1.D	3474	3368.5	1.11111	0.0130829
Gorai.007G161000.1.A	1740	1634.5	201.928	4.9
Gorai.007G161000.1.D	1740	1634.5	126.072	3.05926
Gorai.007G161100.1.A	1577	1471.5	8.75	0.235848
Gorai.007G161100.1.D	1577	1471.5	1.25	0.0336925
Gorai.007G161200.1.A	1413	1307.5	18.3704	0.557262
Gorai.007G161200.1.D	1413	1307.5	12.6296	0.383118
Gorai.007G161300.1.A	2922	2816.5	2	0.0281647
Gorai.007G161300.1.D	2922	2816.5	2	0.0281647
Gorai.007G161400.1.A	2524	2418.5	902.242	14.7966
Gorai.007G161400.1.D	2524	2418.5	632.758	10.3771
Gorai.007G161500.1.A	3091	2985.5	57.3357	0.761714
Gorai.007G161500.1.D	3091	2985.5	81.1595	1.07822
Gorai.007G161600.1.A	4174	4068.5	738.009	7.19468
Gorai.007G161600.1.D	4174	4068.5	1030.8	10.0491
Gorai.007G161700.1.A	984	878.505	147	6.63679
Gorai.007G161700.1.D	984	878.505	0	0
Gorai.007G161800.1.A	2413	2307.5	43.4152	0.74625
Gorai.007G161800.1.D	2413	2307.5	12.6781	0.217919
Gorai.007G161900.1.A	1461	1355.5	247.907	7.25391
Gorai.007G161900.1.D	1461	1355.5	64	1.87268
Gorai.007G162000.1.A	1527	1421.5	150.142	4.18927
Gorai.007G162000.1.D	1527	1421.5	139.858	3.90233
Gorai.007G162100.1.A	1337	1231.5	1170.19	37.6882
Gorai.007G162100.1.D	1337	1231.5	1278.81	41.1865
Gorai.007G162200.1.A	1441	1335.5	1	0.0296988
Gorai.007G162200.1.D	1441	1335.5	12	0.356386
Gorai.007G162300.1.A	578	472.551	14	1.17507
Gorai.007G162300.1.D	578	472.551	409	34.3288
Gorai.007G162400.1.A	1503	1397.5	58.6277	1.66393
Gorai.007G162400.1.D	1503	1397.5	994.372	28.2215
Gorai.007G162500.1.A	3825	3719.5	1870.02	19.941
Gorai.007G162500.1.D	3825	3719.5	2186.98	23.3208
Gorai.007G162600.1.A	563	457.551	0	0
Gorai.007G162600.1.D	563	457.551	0	0
Gorai.007G162700.1.A	4080	3974.5	85.0248	0.848492
Gorai.007G162700.1.D	4080	3974.5	83.9752	0.838017
Gorai.007G162800.1.A	1271	1165.5	66.3056	2.25642
Gorai.007G162800.1.D	1271	1165.5	10.6944	0.363939
Gorai.007G162900.1.A	1017	911.505	2	0.0870274
Gorai.007G162900.1.D	1017	911.505	0	0
Gorai.007G163000.1.A	1164	1058.5	778.1	29.156
Gorai.007G163000.1.D	1164	1058.5	818.9	30.6848
Gorai.007G163100.1.A	1962	1856.5	168.085	3.59102
Gorai.007G163100.1.D	1962	1856.5	81.9149	1.75006
Gorai.007G163200.1.A	858	752.505	32.5714	1.71677
Gorai.007G163200.1.D	858	752.505	27.4286	1.4457
Gorai.007G163300.1.A	2817	2711.5	1030.31	15.0711
Gorai.007G163300.1.D	2817	2711.5	1303.69	19.0699
Gorai.007G163400.1.A	1498	1392.5	4.33333	0.123427
Gorai.007G163400.1.D	1498	1392.5	8.66667	0.246854
Gorai.007G163500.1.A	954	848.505	40.4783	1.89214
Gorai.007G163500.1.D	954	848.505	8.52174	0.398345
Gorai.007G163600.1.A	843	737.505	29.8286	1.60418
Gorai.007G163600.1.D	843	737.505	6.17143	0.331899
Gorai.007G163700.1.A	1948	1842.5	591.175	12.726
Gorai.007G163700.1.D	1948	1842.5	1040.6	22.4006
Gorai.007G163800.1.A	893	787.505	70.8202	3.56688
Gorai.007G163800.1.D	893	787.505	170.18	8.57117
Gorai.007G163900.1.A	1717	1611.5	13.9333	0.342932
Gorai.007G163900.1.D	1717	1611.5	5.06667	0.124703
Gorai.007G164000.1.A	2552	2446.5	0	0
Gorai.007G164000.1.D	2552	2446.5	0	0
Gorai.007G164100.1.A	886	780.505	0	0
Gorai.007G164100.1.D	886	780.505	0	0
Gorai.007G164200.1.A	1549	1443.5	8.69437	0.238894
Gorai.007G164200.1.D	1549	1443.5	8.69437	0.238894
Gorai.007G164300.1.A	741	635.505	0	0
Gorai.007G164300.1.D	741	635.505	0	0
Gorai.007G164400.1.A	1716	1610.5	2.2	0.0541808
Gorai.007G164400.1.D	1716	1610.5	8.8	0.216723
Gorai.007G164500.1.A	4439	4333.5	96.0622	0.879221
Gorai.007G164500.1.D	4439	4333.5	109.938	1.00622
Gorai.007G164600.1.A	2386	2280.5	114.151	1.98533
Gorai.007G164600.1.D	2386	2280.5	105.849	1.84095
Gorai.007G164700.1.A	1397	1291.5	9.2	0.282538
Gorai.007G164700.1.D	1397	1291.5	128.8	3.95553
Gorai.007G164800.1.A	474	368.551	5	0.538092
Gorai.007G164800.1.D	474	368.551	9	0.968566
Gorai.007G164900.1.A	789	683.505	0	0
Gorai.007G164900.1.D	789	683.505	0	0
Gorai.007G165000.1.A	1156	1050.5	97.7853	3.69199
Gorai.007G165000.1.D	1156	1050.5	316.215	11.939
Gorai.007G165100.1.A	3182	3076.5	45.5556	0.587312
Gorai.007G165100.1.D	3182	3076.5	34.4444	0.444065
Gorai.007G165200.1.A	3784	3678.5	284.15	3.06381
Gorai.007G165200.1.D	3784	3678.5	333.85	3.59969
Gorai.007G165300.1.A	1509	1403.5	85.2135	2.40813
Gorai.007G165300.1.D	1509	1403.5	10.7865	0.304826
Gorai.007G165400.1.A	1385	1279.5	13	0.402983
Gorai.007G165400.1.D	1385	1279.5	15	0.46498
Gorai.007G165500.1.A	861	755.505	91.383	4.79748
Gorai.007G165500.1.D	861	755.505	1101.62	57.8334
Gorai.007G165600.1.A	1783	1677.5	1437.95	33.9989
Gorai.007G165600.1.D	1783	1677.5	1513.05	35.7746
Gorai.007G165700.1.A	2410	2304.5	15.6522	0.26939
Gorai.007G165700.1.D	2410	2304.5	8.34783	0.143675
Gorai.007G165800.1.A	1651	1545.5	35.404	0.908587
Gorai.007G165800.1.D	1651	1545.5	162.596	4.17277
Gorai.007G165900.1.A	2068	1962.5	29.9531	0.605363
Gorai.007G165900.1.D	2068	1962.5	29.9531	0.605363
Gorai.007G166000.1.A	1619	1513.5	5	0.13103
Gorai.007G166000.1.D	1619	1513.5	0	0
Gorai.007G166100.1.A	1437	1331.5	169.549	5.05053
Gorai.007G166100.1.D	1437	1331.5	240.451	7.16257
Gorai.007G166200.1.A	2325	2219.5	100.5	1.79595
Gorai.007G166200.1.D	2325	2219.5	234.5	4.19056
Gorai.007G166300.1.A	4683	4577.5	305.97	2.65115
Gorai.007G166300.1.D	4683	4577.5	366.03	3.17156
Gorai.007G166400.1.A	3006	2900.5	14.4	0.196913
Gorai.007G166400.1.D	3006	2900.5	3.6	0.0492282
Gorai.007G166500.1.A	2222	2116.5	4	0.0749593
Gorai.007G166500.1.D	2222	2116.5	2	0.0374797
Gorai.007G166600.1.A	2390	2284.5	24	0.416681
Gorai.007G166600.1.D	2390	2284.5	24	0.416681
Gorai.007G166700.1.A	3945	3839.5	566.823	5.85541
Gorai.007G166700.1.D	3945	3839.5	537.177	5.54916
Gorai.007G166800.1.A	1365	1259.5	690.075	21.7311
Gorai.007G166800.1.D	1365	1259.5	222.925	7.02012
Gorai.007G166900.1.A	4952	4846.5	126	1.03116
Gorai.007G166900.1.D	4952	4846.5	63	0.515581
Gorai.007G167000.1.A	2835	2729.5	576.287	8.37414
Gorai.007G167000.1.D	2835	2729.5	1324.71	19.2496
Gorai.007G167100.1.A	1958	1852.5	225.129	4.82012
Gorai.007G167100.1.D	1958	1852.5	234.871	5.02868
Gorai.007G167200.1.A	2061	1955.5	197.372	4.00324
Gorai.007G167200.1.D	2061	1955.5	171.628	3.48108
Gorai.007G167300.1.A	1474	1368.5	64.4074	1.8667
Gorai.007G167300.1.D	1474	1368.5	9.59259	0.278019
Gorai.007G167400.1.A	1153	1047.5	48.5091	1.83676
Gorai.007G167400.1.D	1153	1047.5	9.49091	0.359366
Gorai.007G167500.1.A	1963	1857.5	549.643	11.7364
Gorai.007G167500.1.D	1963	1857.5	849.149	18.1317
Gorai.007G167600.1.A	1566	1460.5	1	0.027157
Gorai.007G167600.1.D	1566	1460.5	1	0.027157
Gorai.007G167700.1.A	1173	1067.5	1	0.0371548
Gorai.007G167700.1.D	1173	1067.5	1	0.0371548
Gorai.007G167800.1.A	1188	1082.5	0	0
Gorai.007G167800.1.D	1188	1082.5	0	0
Gorai.007G167900.1.A	1408	1302.5	2.0214	0.0615541
Gorai.007G167900.1.D	1408	1302.5	0	0
Gorai.007G168000.1.A	410	304.583	3	0.390661
Gorai.007G168000.1.D	410	304.583	0	0
Gorai.007G168100.1.A	1191	1085.5	2.5	0.0913468
Gorai.007G168100.1.D	1191	1085.5	2.5	0.0913468
Gorai.007G168200.1.A	1227	1121.5	0	0
Gorai.007G168200.1.D	1227	1121.5	0	0
Gorai.007G168300.1.A	1200	1094.5	0	0
Gorai.007G168300.1.D	1200	1094.5	0	0
Gorai.007G168400.1.A	891	785.505	0	0
Gorai.007G168400.1.D	891	785.505	0	0
Gorai.007G168500.1.A	443	337.583	131.561	15.4572
Gorai.007G168500.1.D	443	337.583	1004.44	118.012
Gorai.007G168600.1.A	662	556.505	475.84	33.9138
Gorai.007G168600.1.D	662	556.505	2553.16	181.968
Gorai.007G168700.1.A	3843	3737.5	93.2185	0.989249
Gorai.007G168700.1.D	3843	3737.5	59.7815	0.634409
Gorai.007G168800.1.A	2222	2116.5	147	2.75476
Gorai.007G168800.1.D	2222	2116.5	0	0
Gorai.007G168900.1.A	952	846.505	382.533	17.9236
Gorai.007G168900.1.D	952	846.505	422.467	19.7947
Gorai.007G169000.1.A	1479	1373.5	430.126	12.4208
Gorai.007G169000.1.D	1479	1373.5	311.874	9.00604
Gorai.007G169100.1.A	1683	1577.5	87.8041	2.20764
Gorai.007G169100.1.D	1683	1577.5	253.001	6.36117
Gorai.007G169200.1.A	2147	2041.5	75.569	1.46818
Gorai.007G169200.1.D	2147	2041.5	81.6257	1.58585
Gorai.007G169300.1.A	1485	1379.5	113.9	3.27479
Gorai.007G169300.1.D	1485	1379.5	181.1	5.20692
Gorai.007G169400.1.A	1365	1259.5	108	3.40102
Gorai.007G169400.1.D	1365	1259.5	0	0
Gorai.007G169500.1.A	870	764.505	0	0
Gorai.007G169500.1.D	870	764.505	1	0.0518806
Gorai.007G169600.1.A	2313	2207.5	14.1818	0.254809
Gorai.007G169600.1.D	2313	2207.5	9.81818	0.176406
Gorai.007G169700.1.A	1775	1669.5	1745.85	41.4768
Gorai.007G169700.1.D	1775	1669.5	2817.15	66.9279
Gorai.007G169800.1.A	1224	1118.5	1.50148	0.0532435
Gorai.007G169800.1.D	1224	1118.5	1.50148	0.0532435
Gorai.007G169900.1.A	1308	1202.5	0	0
Gorai.007G169900.1.D	1308	1202.5	0	0
Gorai.007G170000.1.A	2671	2565.5	299.7	4.6334
Gorai.007G170000.1.D	2671	2565.5	263.3	4.07064
Gorai.007G170100.1.A	1331	1225.5	0	0
Gorai.007G170100.1.D	1331	1225.5	1	0.0323646
Gorai.007G170200.1.A	1191	1085.5	3	0.109616
Gorai.007G170200.1.D	1191	1085.5	8	0.29231
Gorai.007G170300.1.A	3458	3352.5	395.161	4.67509
Gorai.007G170300.1.D	3458	3352.5	415.839	4.91972
Gorai.007G170400.1.A	2313	2207.5	0	0
Gorai.007G170400.1.D	2313	2207.5	0	0
Gorai.007G170500.1.A	1908	1802.5	13.8039	0.303746
Gorai.007G170500.1.D	1908	1802.5	50.1961	1.10453
Gorai.007G170600.1.A	1772	1666.5	8.41346	0.200241
Gorai.007G170600.1.D	1772	1666.5	116.587	2.77477
Gorai.007G170700.1.A	540	434.551	6.15005	0.561335
Gorai.007G170700.1.D	540	434.551	1.26223	0.115208
Gorai.007G170800.1.A	2288	2182.5	3	0.0545194
Gorai.007G170800.1.D	2288	2182.5	0	0
Gorai.007G170900.1.A	1739	1633.5	9	0.218528
Gorai.007G170900.1.D	1739	1633.5	0	0
Gorai.007G171000.1.A	3262	3156.5	38.6845	0.486089
Gorai.007G171000.1.D	3262	3156.5	12.4128	0.155972
Gorai.007G171100.1.A	2448	2342.5	86.8296	1.47019
Gorai.007G171100.1.D	2448	2342.5	82.0731	1.38965
Gorai.007G171200.1.A	936	830.505	0.5	0.0238788
Gorai.007G171200.1.D	936	830.505	0.5	0.0238788
Gorai.007G171300.1.A	2547	2441.5	12.1237	0.196953
Gorai.007G171300.1.D	2547	2441.5	85.8763	1.39508
Gorai.007G171400.1.A	1254	1148.5	132.812	4.58659
Gorai.007G171400.1.D	1254	1148.5	78.1878	2.70017
Gorai.007G171500.1.A	2515	2409.5	2	0.0329221
Gorai.007G171500.1.D	2515	2409.5	0	0
Gorai.007G171600.1.A	1821	1715.5	51.9777	1.20174
Gorai.007G171600.1.D	1821	1715.5	89.2087	2.06253
Gorai.007G171700.1.A	1066	960.505	508.946	21.0163
Gorai.007G171700.1.D	1066	960.505	422.868	17.4618
Gorai.007G171800.1.A	2537	2431.5	1	0.0163121
Gorai.007G171800.1.D	2537	2431.5	0	0
Gorai.007G171900.1.A	1563	1457.5	0	0
Gorai.007G171900.1.D	1563	1457.5	0	0
Gorai.007G172000.1.A	1804	1698.5	1415.54	33.0552
Gorai.007G172000.1.D	1804	1698.5	1939.46	45.2897
Gorai.007G172100.1.A	1830	1724.5	215.995	4.96779
Gorai.007G172100.1.D	1830	1724.5	173.005	3.97906
Gorai.007G172200.1.A	1672	1566.5	734.26	18.591
Gorai.007G172200.1.D	1672	1566.5	100.74	2.55068
Gorai.007G172300.1.A	852	746.505	0	0
Gorai.007G172300.1.D	852	746.505	40	2.12526
Gorai.007G172400.1.A	884	778.505	433.144	22.0676
Gorai.007G172400.1.D	884	778.505	487.856	24.8551
Gorai.007G172500.1.A	983	877.505	6.53234	0.29526
Gorai.007G172500.1.D	983	877.505	0	0
Gorai.007G172600.1.A	1018	912.505	5.33333	0.231819
Gorai.007G172600.1.D	1018	912.505	2.66667	0.115909
Gorai.007G172700.1.A	1419	1313.5	146.814	4.43323
Gorai.007G172700.1.D	1419	1313.5	148.186	4.47467
Gorai.007G172800.1.A	207	103.083	44.3171	17.0518
Gorai.007G172800.1.D	207	103.083	34.6829	13.3449
Gorai.007G172900.1.A	300	194.687	1.01573	0.206931
Gorai.007G172900.1.D	300	194.687	1.01573	0.206931
Gorai.007G173000.1.A	571	465.551	30	2.55587
Gorai.007G173000.1.D	571	465.551	12	1.02235
Gorai.007G173100.1.A	1835	1729.5	2	0.0458662
Gorai.007G173100.1.D	1835	1729.5	2	0.0458662
Gorai.007G173200.1.A	1523	1417.5	150.733	4.21764
Gorai.007G173200.1.D	1523	1417.5	1.26667	0.0354424
Gorai.007G173300.1.A	714	608.505	15	0.977715
Gorai.007G173300.1.D	714	608.505	5	0.325905
Gorai.007G173400.1.A	3317	3211.5	240.143	2.96583
Gorai.007G173400.1.D	3317	3211.5	242.857	2.99935
Gorai.007G173500.1.A	1659	1553.5	598.855	15.2895
Gorai.007G173500.1.D	1659	1553.5	1120.14	28.5987
Gorai.007G173600.1.A	1392	1286.5	82.8148	2.55318
Gorai.007G173600.1.D	1392	1286.5	3.18519	0.0981993
Gorai.007G173700.1.A	345	239.63	0	0
Gorai.007G173700.1.D	345	239.63	0	0
Gorai.007G173800.1.A	2063	1957.5	936.839	18.9822
Gorai.007G173800.1.D	2063	1957.5	2668.16	54.0622
Gorai.007G173900.1.A	1015	909.505	8	0.348875
Gorai.007G173900.1.D	1015	909.505	1	0.0436094
Gorai.007G174000.1.A	4829	4723.5	3269.11	27.4505
Gorai.007G174000.1.D	4829	4723.5	964.891	8.10212
Gorai.007G174100.1.A	1048	942.505	1092.02	45.9551
Gorai.007G174100.1.D	1048	942.505	1408.98	59.2932
Gorai.007G174200.1.A	3702	3596.5	548.618	6.05026
Gorai.007G174200.1.D	3702	3596.5	431.382	4.75736
Gorai.007G174300.1.A	858	752.505	46.5	2.45092
Gorai.007G174300.1.D	858	752.505	325.5	17.1564
Gorai.007G174400.1.A	471	365.551	4	0.434007
Gorai.007G174400.1.D	471	365.551	9	0.976515
Gorai.007G174500.1.A	2139	2033.5	0	0
Gorai.007G174500.1.D	2139	2033.5	30	0.585142
Gorai.007G174600.1.A	1122	1016.5	0	0
Gorai.007G174600.1.D	1122	1016.5	1	0.0390189
Gorai.007G174700.1.A	1990	1884.5	66.4029	1.39757
Gorai.007G174700.1.D	1990	1884.5	75.5971	1.59108
Gorai.007G174800.1.A	927	821.505	565.366	27.2964
Gorai.007G174800.1.D	927	821.505	143.634	6.93475
Gorai.007G174900.1.A	2193	2087.5	121.071	2.30038
Gorai.007G174900.1.D	2193	2087.5	133.929	2.54467
Gorai.007G175000.1.A	3071	2965.5	141.438	1.8917
Gorai.007G175000.1.D	3071	2965.5	256.562	3.43146
Gorai.007G175100.1.A	1220	1114.5	6121.01	217.834
Gorai.007G175100.1.D	1220	1114.5	5092.81	181.243
Gorai.007G175200.1.A	622	516.505	3.15457	0.242242
Gorai.007G175200.1.D	622	516.505	1.05152	0.0807475
Gorai.007G175300.1.A	551	445.551	33.397	2.97299
Gorai.007G175300.1.D	551	445.551	33.397	2.97299
Gorai.007G175400.1.A	895	789.505	2579.99	129.613
Gorai.007G175400.1.D	895	789.505	35.0134	1.75899
Gorai.007G175500.1.A	2913	2807.5	796.849	11.2575
Gorai.007G175500.1.D	2913	2807.5	356.151	5.03152
Gorai.007G175600.1.A	3019	2913.5	164.267	2.23624
Gorai.007G175600.1.D	3019	2913.5	66.7333	0.908473
Gorai.007G175700.1.A	1283	1177.5	26	0.875781
Gorai.007G175700.1.D	1283	1177.5	9	0.303155
Gorai.007G175800.1.A	3374	3268.5	22.8	0.276675
Gorai.007G175800.1.D	3374	3268.5	34.2	0.415013
Gorai.007G175900.1.A	1210	1104.5	83.7883	3.00885
Gorai.007G175900.1.D	1210	1104.5	0	0
Gorai.007G176000.1.A	2415	2309.5	35.2792	0.605877
Gorai.007G176000.1.D	2415	2309.5	11.7597	0.201959
Gorai.007G176100.1.A	2652	2546.5	36.3411	0.566029
Gorai.007G176100.1.D	2652	2546.5	10.8316	0.168707
Gorai.007G176200.1.A	1107	1001.5	0	0
Gorai.007G176200.1.D	1107	1001.5	0	0
Gorai.007G176300.1.A	1353	1247.5	0	0
Gorai.007G176300.1.D	1353	1247.5	0	0
Gorai.007G176400.1.A	1828	1722.5	8457.35	194.742
Gorai.007G176400.1.D	1828	1722.5	5544.65	127.673
Gorai.007G176500.1.A	770	664.505	0	0
Gorai.007G176500.1.D	770	664.505	0	0
Gorai.007G176600.1.A	1643	1537.5	3	0.0773909
Gorai.007G176600.1.D	1643	1537.5	0	0
Gorai.007G176700.1.A	1431	1325.5	5.68182	0.170016
Gorai.007G176700.1.D	1431	1325.5	19.3182	0.578056
Gorai.007G176800.1.A	2376	2270.5	114.154	1.99413
Gorai.007G176800.1.D	2376	2270.5	221.846	3.87538
Gorai.007G176900.1.A	2148	2042.5	77.9618	1.51392
Gorai.007G176900.1.D	2148	2042.5	92.0382	1.78727
Gorai.007G177000.1.A	1463	1357.5	38.1097	1.11347
Gorai.007G177000.1.D	1463	1357.5	140.89	4.11647
Gorai.007G177100.1.A	497	391.551	0	0
Gorai.007G177100.1.D	497	391.551	0	0
Gorai.007G177200.1.A	3023	2917.5	22.0678	0.300008
Gorai.007G177200.1.D	3023	2917.5	101.932	1.38575
Gorai.007G177300.1.A	1262	1156.5	0	0
Gorai.007G177300.1.D	1262	1156.5	0	0
Gorai.007G177400.1.A	2373	2267.5	41.6538	0.728604
Gorai.007G177400.1.D	2373	2267.5	15.3462	0.268433
Gorai.007G177500.1.A	1209	1103.5	0	0
Gorai.007G177500.1.D	1209	1103.5	1	0.0359427
Gorai.007G177600.1.A	750	644.505	0	0
Gorai.007G177600.1.D	750	644.505	0	0
Gorai.007G177700.1.A	573	467.551	0	0
Gorai.007G177700.1.D	573	467.551	0	0
Gorai.007G177800.1.A	2612	2506.5	90.8947	1.43832
Gorai.007G177800.1.D	2612	2506.5	66.1053	1.04605
Gorai.007G177900.1.A	684	578.505	13	0.891295
Gorai.007G177900.1.D	684	578.505	0	0
Gorai.007G178000.1.A	2546	2440.5	174.945	2.8432
Gorai.007G178000.1.D	2546	2440.5	24.0549	0.39094
Gorai.007G178100.1.A	3985	3879.5	65.5714	0.670383
Gorai.007G178100.1.D	3985	3879.5	70.4286	0.720041
Gorai.007G178200.1.A	2340	2234.5	407.643	7.23576
Gorai.007G178200.1.D	2340	2234.5	586.357	10.408
Gorai.007G178300.1.A	249	144.019	0	0
Gorai.007G178300.1.D	249	144.019	3	0.826203
Gorai.007G178400.1.A	459	353.551	0	0
Gorai.007G178400.1.D	459	353.551	0	0
Gorai.007G178500.1.A	4174	4068.5	370.879	3.61562
Gorai.007G178500.1.D	4174	4068.5	238.121	2.32139
Gorai.007G178600.1.A	2385	2279.5	109.594	1.90691
Gorai.007G178600.1.D	2385	2279.5	59.4061	1.03365
Gorai.007G178700.1.A	1095	989.505	71.3869	2.86144
Gorai.007G178700.1.D	1095	989.505	91.6131	3.67219
Gorai.007G178800.1.A	1340	1234.5	113.406	3.64357
Gorai.007G178800.1.D	1340	1234.5	128.594	4.13155
Gorai.007G178900.1.A	3674	3568.5	0	0
Gorai.007G178900.1.D	3674	3568.5	65	0.722457
Gorai.007G179000.1.A	2472	2366.5	12	0.201122
Gorai.007G179000.1.D	2472	2366.5	0	0
Gorai.007G179100.1.A	2199	2093.5	0	0
Gorai.007G179100.1.D	2199	2093.5	0	0
Gorai.007G179200.1.A	576	470.551	4	0.337161
Gorai.007G179200.1.D	576	470.551	0	0
Gorai.007G179300.1.A	1292	1186.5	64.6856	2.16233
Gorai.007G179300.1.D	1292	1186.5	202.314	6.76305
Gorai.007G179400.1.A	1627	1521.5	113.115	2.9487
Gorai.007G179400.1.D	1627	1521.5	93.8852	2.44742
Gorai.007G179500.1.A	602	496.551	0	0
Gorai.007G179500.1.D	602	496.551	0	0
Gorai.007G179600.1.A	414	308.583	0	0
Gorai.007G179600.1.D	414	308.583	0	0
Gorai.007G179700.1.A	1702	1596.5	39.4149	0.979208
Gorai.007G179700.1.D	1702	1596.5	55.5851	1.38093
Gorai.007G179800.1.A	3775	3669.5	693.788	7.49901
Gorai.007G179800.1.D	3775	3669.5	768.212	8.30345
Gorai.007G179900.1.A	577	471.551	16.9231	1.42343
Gorai.007G179900.1.D	577	471.551	5.07692	0.427028
Gorai.007G180000.1.A	1801	1695.5	132.235	3.09338
Gorai.007G180000.1.D	1801	1695.5	254.765	5.95972
Gorai.007G180100.1.A	2108	2002.5	132.639	2.62714
Gorai.007G180100.1.D	2108	2002.5	128.361	2.5424
Gorai.007G180200.1.A	1336	1230.5	26.125	0.842089
Gorai.007G180200.1.D	1336	1230.5	28.875	0.93073
Gorai.007G180300.1.A	1563	1457.5	21.5	0.585078
Gorai.007G180300.1.D	1563	1457.5	64.5	1.75523
Gorai.007G180400.1.A	1026	920.505	0	0
Gorai.007G180400.1.D	1026	920.505	0	0
Gorai.007G180500.1.A	1480	1374.5	372.692	10.7545
Gorai.007G180500.1.D	1480	1374.5	511.308	14.7544
Gorai.007G180600.1.A	1806	1700.5	6.76	0.157672
Gorai.007G180600.1.D	1806	1700.5	162.24	3.78412
Gorai.007G180700.1.A	706	600.505	0.537459	0.0354988
Gorai.007G180700.1.D	706	600.505	0.537459	0.0354988
Gorai.007G180800.1.A	405	299.583	0	0
Gorai.007G180800.1.D	405	299.583	0	0
Gorai.007G180900.1.A	762	656.505	73.6364	4.44876
Gorai.007G180900.1.D	762	656.505	106.364	6.42599
Gorai.007G181000.1.A	3323	3217.5	4.23529	0.0522095
Gorai.007G181000.1.D	3323	3217.5	13.7647	0.169681
Gorai.007G181100.1.A	1906	1800.5	0	0
Gorai.007G181100.1.D	1906	1800.5	0	0
Gorai.007G181200.1.A	2743	2637.5	206.061	3.09875
Gorai.007G181200.1.D	2743	2637.5	218.939	3.29242
Gorai.007G181300.1.A	1023	917.505	6.71961	0.290483
Gorai.007G181300.1.D	1023	917.505	15.6834	0.677979
Gorai.007G181400.1.A	901	795.505	8.59701	0.428637
Gorai.007G181400.1.D	901	795.505	0	0
Gorai.007G181500.1.A	1427	1321.5	2174.61	65.2676
Gorai.007G181500.1.D	1427	1321.5	707.391	21.2312
Gorai.007G181600.1.A	1755	1649.5	26.9241	0.6474
Gorai.007G181600.1.D	1755	1649.5	40.4595	0.972863
Gorai.007G181700.1.A	1165	1059.5	1.27457	0.0477139
Gorai.007G181700.1.D	1165	1059.5	3.34182	0.125102
Gorai.007G181800.1.A	2078	1972.5	0	0
Gorai.007G181800.1.D	2078	1972.5	291	5.8514
Gorai.007G181900.1.A	3892	3786.5	39.6872	0.415716
Gorai.007G181900.1.D	3892	3786.5	152.313	1.59545
Gorai.007G182000.1.A	561	455.551	7.11111	0.619135
Gorai.007G182000.1.D	561	455.551	8.88889	0.773918
Gorai.007G182100.1.A	498	392.551	0	0
Gorai.007G182100.1.D	498	392.551	0	0
Gorai.007G182200.1.A	3004	2898.5	1370.63	18.7556
Gorai.007G182200.1.D	3004	2898.5	852.686	11.6681
Gorai.007G182300.1.A	826	720.505	40.5135	2.23022
Gorai.007G182300.1.D	826	720.505	28.1689	1.55066
Gorai.007G182400.1.A	3460	3354.5	57.8736	0.684285
Gorai.007G182400.1.D	3460	3354.5	37.1264	0.438975
Gorai.007G182500.1.A	1350	1244.5	0	0
Gorai.007G182500.1.D	1350	1244.5	3	0.0956114
Gorai.007G182600.1.A	768	662.505	0	0
Gorai.007G182600.1.D	768	662.505	0	0
Gorai.007G182700.1.A	1990	1884.5	0.120139	0.00252855
Gorai.007G182700.1.D	1990	1884.5	4.91665	0.10348
Gorai.007G182800.1.A	2433	2327.5	104.312	1.77757
Gorai.007G182800.1.D	2433	2327.5	113.688	1.93736
Gorai.007G182900.1.A	2865	2759.5	4	0.0574928
Gorai.007G182900.1.D	2865	2759.5	0	0
Gorai.007G183000.1.A	720	614.505	0	0
Gorai.007G183000.1.D	720	614.505	0	0
Gorai.007G183100.1.A	2446	2340.5	0	0
Gorai.007G183100.1.D	2446	2340.5	37	0.627014
Gorai.007G183200.1.A	1987	1881.5	0	0
Gorai.007G183200.1.D	1987	1881.5	0	0
Gorai.007G183300.1.A	1638	1532.5	10.8	0.279516
Gorai.007G183300.1.D	1638	1532.5	1.2	0.0310573
Gorai.007G183400.1.A	1841	1735.5	139.806	3.1951
Gorai.007G183400.1.D	1841	1735.5	180.194	4.11813
Gorai.007G183500.1.A	585	479.551	0	0
Gorai.007G183500.1.D	585	479.551	0	0
Gorai.007G183600.1.A	2546	2440.5	30.284	0.492174
Gorai.007G183600.1.D	2546	2440.5	327.709	5.32591
Gorai.007G183700.1.A	986	880.505	3.08694	0.139053
Gorai.007G183700.1.D	986	880.505	101.876	4.58909
Gorai.007G183800.1.A	1646	1540.5	73.9286	1.90342
Gorai.007G183800.1.D	1646	1540.5	41.0714	1.05745
Gorai.007G183900.1.A	2237	2131.5	2.00696	0.0373455
Gorai.007G183900.1.D	2237	2131.5	0	0
Gorai.007G184000.1.A	504	398.551	0	0
Gorai.007G184000.1.D	504	398.551	0	0
Gorai.007G184100.1.A	1954	1848.5	0	0
Gorai.007G184100.1.D	1954	1848.5	22	0.472049
Gorai.007G184200.1.A	411	305.583	0	0
Gorai.007G184200.1.D	411	305.583	0	0
Gorai.007G184300.1.A	603	497.551	119.38	9.51654
Gorai.007G184300.1.D	603	497.551	150.62	12.0069
Gorai.007G184400.1.A	4381	4275.5	350.019	3.24705
Gorai.007G184400.1.D	4381	4275.5	186.981	1.73458
Gorai.007G184500.1.A	2281	2175.5	3.85714	0.0703219
Gorai.007G184500.1.D	2281	2175.5	14.1429	0.257847
Gorai.007G184600.1.A	1458	1352.5	0	0
Gorai.007G184600.1.D	1458	1352.5	0	0
Gorai.007G184700.1.A	1129	1023.5	23	0.891298
Gorai.007G184700.1.D	1129	1023.5	10	0.387521
Gorai.007G184800.1.A	2338	2232.5	2.66667	0.0473763
Gorai.007G184800.1.D	2338	2232.5	1.33333	0.0236882
Gorai.007G184900.1.A	2045	1939.5	252.886	5.17153
Gorai.007G184900.1.D	2045	1939.5	336.114	6.87355
Gorai.007G185000.1.A	300	194.687	1	0.203726
Gorai.007G185000.1.D	300	194.687	0	0
Gorai.007G185100.1.A	682	576.505	1	0.068799
Gorai.007G185100.1.D	682	576.505	8	0.550392
Gorai.007G185200.1.A	4004	3898.5	26.125	0.265793
Gorai.007G185200.1.D	4004	3898.5	49.875	0.507423
Gorai.007G185300.1.A	2275	2169.5	2397.48	43.8309
Gorai.007G185300.1.D	2275	2169.5	1813.52	33.1547
Gorai.007G185400.1.A	1543	1437.5	164.744	4.54554
Gorai.007G185400.1.D	1543	1437.5	187.256	5.16667
Gorai.007G185500.1.A	4637	4531.5	67.7333	0.59285
Gorai.007G185500.1.D	4637	4531.5	59.2667	0.518744
Gorai.007G185600.1.A	1817	1711.5	704.725	16.3315
Gorai.007G185600.1.D	1817	1711.5	481.275	11.1532
Gorai.007G185700.1.A	1220	1114.5	1250.98	44.5199
Gorai.007G185700.1.D	1220	1114.5	253.019	9.00442
Gorai.007G185800.1.A	1870	1764.5	59	1.32622
Gorai.007G185800.1.D	1870	1764.5	66	1.48356
Gorai.007G185900.1.A	1836	1730.5	211.013	4.83639
Gorai.007G185900.1.D	1836	1730.5	183.987	4.21695
Gorai.007G186000.1.A	2657	2551.5	706.405	10.981
Gorai.007G186000.1.D	2657	2551.5	515.595	8.01488
Gorai.007G186100.1.A	560	454.551	0	0
Gorai.007G186100.1.D	560	454.551	0	0
Gorai.007G186200.1.A	2151	2045.5	119.914	2.32517
Gorai.007G186200.1.D	2151	2045.5	134.086	2.59996
Gorai.007G186300.1.A	2672	2566.5	120.128	1.85647
Gorai.007G186300.1.D	2672	2566.5	87.8717	1.35797
Gorai.007G186400.1.A	687	581.505	0	0
Gorai.007G186400.1.D	687	581.505	0	0
Gorai.007G186500.1.A	625	519.505	0	0
Gorai.007G186500.1.D	625	519.505	27	2.06139
Gorai.007G186600.1.A	1816	1710.5	271.211	6.28881
Gorai.007G186600.1.D	1816	1710.5	392.789	9.10793
Gorai.007G186700.1.A	885	779.505	0	0
Gorai.007G186700.1.D	885	779.505	0	0
Gorai.007G186800.1.A	2040	1934.5	130.491	2.67543
Gorai.007G186800.1.D	2040	1934.5	233.509	4.78762
Gorai.007G186900.1.A	1491	1385.5	3.10714	0.0889484
Gorai.007G186900.1.D	1491	1385.5	25.8929	0.741237
Gorai.007G187000.1.A	1721	1615.5	18.0145	0.442281
Gorai.007G187000.1.D	1721	1615.5	94.9855	2.33203
Gorai.007G187100.1.A	1426	1320.5	415.403	12.4771
Gorai.007G187100.1.D	1426	1320.5	132.597	3.98272
Gorai.007G187200.1.A	3550	3444.5	217.427	2.50364
Gorai.007G187200.1.D	3550	3444.5	201.573	2.32108
Gorai.007G187300.1.A	1397	1291.5	0	0
Gorai.007G187300.1.D	1397	1291.5	2	0.0614213
Gorai.007G187400.1.A	1408	1302.5	0	0
Gorai.007G187400.1.D	1408	1302.5	0	0
Gorai.007G187500.1.A	3467	3361.5	12.9412	0.152695
Gorai.007G187500.1.D	3467	3361.5	42.0588	0.496259
Gorai.007G187600.1.A	3113	3007.5	1772.04	23.3697
Gorai.007G187600.1.D	3113	3007.5	2344.96	30.9253
Gorai.007G187700.1.A	1868	1762.5	1.36008	0.0306068
Gorai.007G187700.1.D	1868	1762.5	118.294	2.66205
Gorai.007G187800.1.A	1323	1217.5	11	0.35835
Gorai.007G187800.1.D	1323	1217.5	5	0.162886
Gorai.007G187900.1.A	3479	3373.5	216.062	2.54028
Gorai.007G187900.1.D	3479	3373.5	180.938	2.12733
Gorai.007G188000.1.A	953	847.505	15.6977	0.734646
Gorai.007G188000.1.D	953	847.505	29.3023	1.37134
Gorai.007G188100.1.A	1116	1010.5	257.659	10.1133
Gorai.007G188100.1.D	1116	1010.5	133.341	5.23372
Gorai.007G188200.1.A	2199	2093.5	25.982	0.492247
Gorai.007G188200.1.D	2199	2093.5	695.018	13.1676
Gorai.007G188300.1.A	1891	1785.5	6093.59	135.362
Gorai.007G188300.1.D	1891	1785.5	2743.22	60.9374
Gorai.007G188400.1.A	1948	1842.5	9363.4	201.563
Gorai.007G188400.1.D	1948	1842.5	8143.1	175.294
Gorai.007G188500.1.A	1128	1022.5	5.65868	0.2195
Gorai.007G188500.1.D	1128	1022.5	1.41467	0.0548751
Gorai.007G188600.1.A	1707	1601.5	215.364	5.33371
Gorai.007G188600.1.D	1707	1601.5	299.636	7.42081
Gorai.007G188700.1.A	312	206.649	2.72424	0.522872
Gorai.007G188700.1.D	312	206.649	1.10273	0.211651
Gorai.007G188800.1.A	2130	2024.5	0	0
Gorai.007G188800.1.D	2130	2024.5	0	0
Gorai.007G188900.1.A	513	407.551	0	0
Gorai.007G188900.1.D	513	407.551	0	0
Gorai.007G189000.1.A	3879	3773.5	123.459	1.29767
Gorai.007G189000.1.D	3879	3773.5	209.541	2.20246
Gorai.007G189100.1.A	765	659.505	0	0
Gorai.007G189100.1.D	765	659.505	0	0
Gorai.007G189200.1.A	2206	2100.5	1	0.0188826
Gorai.007G189200.1.D	2206	2100.5	2	0.0377652
Gorai.007G189300.1.A	843	737.505	1236.15	66.4798
Gorai.007G189300.1.D	843	737.505	862.854	46.4042
Gorai.007G189400.1.A	2312	2206.5	7	0.125828
Gorai.007G189400.1.D	2312	2206.5	11	0.19773
Gorai.007G189500.1.A	1041	935.505	0	0
Gorai.007G189500.1.D	1041	935.505	7	0.296782
Gorai.007G189600.1.A	882	776.505	0	0
Gorai.007G189600.1.D	882	776.505	0	0
Gorai.007G189700.1.A	1104	998.505	3	0.119167
Gorai.007G189700.1.D	1104	998.505	0	0
Gorai.007G189800.1.A	1608	1502.5	176.219	4.65181
Gorai.007G189800.1.D	1608	1502.5	76.7811	2.02686
Gorai.007G189900.1.A	1570	1464.5	323.851	8.7708
Gorai.007G189900.1.D	1570	1464.5	579.149	15.685
Gorai.007G190000.1.A	1089	983.505	0.5	0.0201641
Gorai.007G190000.1.D	1089	983.505	0.5	0.0201641
Gorai.007G190100.1.A	2662	2556.5	236.025	3.66182
Gorai.007G190100.1.D	2662	2556.5	140.975	2.18715
Gorai.007G190200.1.A	2263	2157.5	108.506	1.99474
Gorai.007G190200.1.D	2263	2157.5	42.6914	0.784826
Gorai.007G190300.1.A	1536	1430.5	40.4494	1.12152
Gorai.007G190300.1.D	1536	1430.5	49.5506	1.37387
Gorai.007G190400.1.A	1486	1380.5	0	0
Gorai.007G190400.1.D	1486	1380.5	30.7405	0.883198
Gorai.007G190500.1.A	6219	6113.5	349.417	2.26693
Gorai.007G190500.1.D	6219	6113.5	395.146	2.56361
Gorai.007G190600.1.A	1771	1665.5	986.891	23.5022
Gorai.007G190600.1.D	1771	1665.5	1154.11	27.4844
Gorai.007G190700.1.A	1450	1344.5	561.827	16.5739
Gorai.007G190700.1.D	1450	1344.5	939.173	27.7056
Gorai.007G190800.1.A	1478	1372.5	1	0.0288982
Gorai.007G190800.1.D	1478	1372.5	0	0
Gorai.007G190900.1.A	1900	1794.5	274.015	6.0564
Gorai.007G190900.1.D	1900	1794.5	269.985	5.96733
Gorai.007G191000.1.A	2968	2862.5	244.392	3.3863
Gorai.007G191000.1.D	2968	2862.5	236.608	3.27845
Gorai.007G191100.1.A	1126	1020.5	2	0.077732
Gorai.007G191100.1.D	1126	1020.5	5	0.19433
Gorai.007G191200.1.A	1790	1684.5	8.61538	0.202856
Gorai.007G191200.1.D	1790	1684.5	5.38462	0.126785
Gorai.007G191300.1.A	1311	1205.5	10.1088	0.332595
Gorai.007G191300.1.D	1311	1205.5	79.6068	2.61918
Gorai.007G191400.1.A	1978	1872.5	48.7669	1.03297
Gorai.007G191400.1.D	1978	1872.5	365.233	7.73628
Gorai.007G191500.1.A	594	488.551	1	0.0811848
Gorai.007G191500.1.D	594	488.551	0	0
Gorai.007G191600.1.A	1072	966.505	0	0
Gorai.007G191600.1.D	1072	966.505	2	0.082075
Gorai.007G191700.1.A	2555	2449.5	251.855	4.0781
Gorai.007G191700.1.D	2555	2449.5	203.199	3.29024
Gorai.007G191800.1.A	801	695.505	0	0
Gorai.007G191800.1.D	801	695.505	2	0.114055
Gorai.007G191900.1.A	903	797.505	385.372	19.166
Gorai.007G191900.1.D	903	797.505	311.628	15.4984
Gorai.007G192000.1.A	2249	2143.5	581.363	10.7574
Gorai.007G192000.1.D	2249	2143.5	249.637	4.61923
Gorai.007G192100.1.A	1738	1632.5	2	0.0485915
Gorai.007G192100.1.D	1738	1632.5	1	0.0242958
Gorai.007G192200.1.A	869	763.505	36.9811	1.92112
Gorai.007G192200.1.D	869	763.505	33.0189	1.71528
Gorai.007G192300.1.A	594	488.551	99.9592	8.11517
Gorai.007G192300.1.D	594	488.551	24.0408	1.95175
Gorai.007G192400.1.A	1402	1296.5	233.02	7.12859
Gorai.007G192400.1.D	1402	1296.5	248.98	7.61685
Gorai.007G192500.1.A	1122	1016.5	25	0.975474
Gorai.007G192500.1.D	1122	1016.5	15	0.585284
Gorai.007G192600.1.A	1862	1756.5	2.4	0.0541935
Gorai.007G192600.1.D	1862	1756.5	3.6	0.0812902
Gorai.007G192700.1.A	1866	1760.5	3.6	0.0811055
Gorai.007G192700.1.D	1866	1760.5	2.4	0.0540703
Gorai.007G192800.1.A	530	424.551	6.6	0.616593
Gorai.007G192800.1.D	530	424.551	15.4	1.43872
Gorai.007G192900.1.A	1662	1556.5	613.974	15.6453
Gorai.007G192900.1.D	1662	1556.5	317.026	8.07848
Gorai.007G193000.1.A	823	717.505	108.597	6.00315
Gorai.007G193000.1.D	823	717.505	141.403	7.8166
Gorai.007G193100.1.A	1280	1174.5	778.34	26.2845
Gorai.007G193100.1.D	1280	1174.5	614.66	20.757
Gorai.007G193200.1.A	2228	2122.5	76.6119	1.43164
Gorai.007G193200.1.D	2228	2122.5	10.3881	0.19412
Gorai.007G193300.1.A	1625	1519.5	529.956	13.8332
Gorai.007G193300.1.D	1625	1519.5	479.044	12.5043
Gorai.007G193400.1.A	1372	1266.5	2.5	0.0782921
Gorai.007G193400.1.D	1372	1266.5	2.5	0.0782921
Gorai.007G193500.1.A	410	304.583	0	0
Gorai.007G193500.1.D	410	304.583	0	0
Gorai.007G193600.1.A	1478	1372.5	0	0
Gorai.007G193600.1.D	1478	1372.5	44	1.27152
Gorai.007G193700.1.A	1149	1043.5	236.627	8.99404
Gorai.007G193700.1.D	1149	1043.5	447.373	17.0044
Gorai.007G193800.1.A	1710	1604.5	2	0.0494395
Gorai.007G193800.1.D	1710	1604.5	1	0.0247197
Gorai.007G193900.1.A	2392	2286.5	154.956	2.68795
Gorai.007G193900.1.D	2392	2286.5	102.044	1.77011
Gorai.007G194000.1.A	1617	1511.5	9.13532	0.239717
Gorai.007G194000.1.D	1617	1511.5	9.13532	0.239717
Gorai.007G194100.1.A	1263	1157.5	167.494	5.73932
Gorai.007G194100.1.D	1263	1157.5	235.506	8.06984
Gorai.007G194200.1.A	585	479.551	0	0
Gorai.007G194200.1.D	585	479.551	0	0
Gorai.007G194300.1.A	2458	2352.5	86.2414	1.45402
Gorai.007G194300.1.D	2458	2352.5	96.7586	1.63134
Gorai.007G194400.1.A	1546	1440.5	3.26471	0.0898906
Gorai.007G194400.1.D	1546	1440.5	70.7353	1.94763
Gorai.007G194500.1.A	2302	2196.5	188.53	3.40434
Gorai.007G194500.1.D	2302	2196.5	387.47	6.99666
Gorai.007G194600.1.A	308	202.687	19	3.71802
Gorai.007G194600.1.D	308	202.687	19	3.71802
Gorai.007G194700.1.A	1661	1555.5	3962.11	101.028
Gorai.007G194700.1.D	1661	1555.5	9797.89	249.831
Gorai.007G194800.1.A	600	494.551	0	0
Gorai.007G194800.1.D	600	494.551	0	0
Gorai.007G194900.1.A	2197	2091.5	0.5	0.00948192
Gorai.007G194900.1.D	2197	2091.5	0.5	0.00948192
Gorai.007G195000.1.A	1643	1537.5	13.5773	0.350253
Gorai.007G195000.1.D	1643	1537.5	11.126	0.287017
Gorai.007G195100.1.A	11952	11846.5	666.605	2.23184
Gorai.007G195100.1.D	11952	11846.5	841.692	2.81804
Gorai.007G195200.1.A	974	868.505	0	0
Gorai.007G195200.1.D	974	868.505	1	0.0456681
Gorai.007G195300.1.A	834	728.505	0	0
Gorai.007G195300.1.D	834	728.505	0	0
Gorai.007G195400.1.A	2267	2161.5	343.158	6.29684
Gorai.007G195400.1.D	2267	2161.5	356.842	6.54794
Gorai.007G195500.1.A	1696	1590.5	62.2029	1.55117
Gorai.007G195500.1.D	1696	1590.5	85.7971	2.13955
Gorai.007G195600.1.A	2606	2500.5	116.748	1.85185
Gorai.007G195600.1.D	2606	2500.5	20.2522	0.321239
Gorai.007G195700.1.A	1563	1457.5	0	0
Gorai.007G195700.1.D	1563	1457.5	0	0
Gorai.007G195800.1.A	2025	1919.5	770.795	15.927
Gorai.007G195800.1.D	2025	1919.5	585.664	12.1016
Gorai.007G195900.1.A	792	686.505	0	0
Gorai.007G195900.1.D	792	686.505	0	0
Gorai.007G196000.1.A	2196	2090.5	40.7528	0.773199
Gorai.007G196000.1.D	2196	2090.5	52.2472	0.991281
Gorai.007G196100.1.A	1837	1731.5	2632.63	60.3047
Gorai.007G196100.1.D	1837	1731.5	2884.37	66.0712
Gorai.007G196200.1.A	3443	3337.5	291.245	3.46116
Gorai.007G196200.1.D	3443	3337.5	185.755	2.20751
Gorai.007G196300.1.A	1196	1090.5	396.657	14.4269
Gorai.007G196300.1.D	1196	1090.5	380.343	13.8335
Gorai.007G196400.1.A	1623	1517.5	5	0.130685
Gorai.007G196400.1.D	1623	1517.5	5	0.130685
Gorai.007G196500.1.A	787	681.505	1318.5	76.7357
Gorai.007G196500.1.D	787	681.505	2005.2	116.701
Gorai.007G196600.1.A	1260	1154.5	10	0.343549
Gorai.007G196600.1.D	1260	1154.5	0	0
Gorai.007G196700.1.A	4189	4083.5	113.143	1.09895
Gorai.007G196700.1.D	4189	4083.5	94.8571	0.921344
Gorai.007G196800.1.A	3285	3179.5	51.9109	0.647566
Gorai.007G196800.1.D	3285	3179.5	55.0891	0.687213
Gorai.007G196900.1.A	804	698.505	14.9364	0.848131
Gorai.007G196900.1.D	804	698.505	9.19166	0.521927
Gorai.007G197000.1.A	2105	1999.5	86.0571	1.70706
Gorai.007G197000.1.D	2105	1999.5	352.943	7.00111
Gorai.007G197100.1.A	1929	1823.5	360.198	7.83465
Gorai.007G197100.1.D	1929	1823.5	319.802	6.95599
Gorai.007G197200.1.A	5037	4931.5	287.967	2.31605
Gorai.007G197200.1.D	5037	4931.5	219.033	1.76163
Gorai.007G197300.1.A	426	320.583	0	0
Gorai.007G197300.1.D	426	320.583	0	0
Gorai.007G197400.1.A	2524	2418.5	673.004	11.0371
Gorai.007G197400.1.D	2524	2418.5	379.996	6.23184
Gorai.007G197500.1.A	1331	1225.5	77.2321	2.49959
Gorai.007G197500.1.D	1331	1225.5	95.7679	3.09949
Gorai.007G197600.1.A	1359	1253.5	3	0.0949249
Gorai.007G197600.1.D	1359	1253.5	3	0.0949249
Gorai.007G197700.1.A	2161	2055.5	324.551	6.26253
Gorai.007G197700.1.D	2161	2055.5	904.449	17.4522
Gorai.007G197800.1.A	1751	1645.5	29.2446	0.704907
Gorai.007G197800.1.D	1751	1645.5	23.194	0.559064
Gorai.007G197900.1.A	1652	1546.5	324.798	8.33004
Gorai.007G197900.1.D	1652	1546.5	105.202	2.6981
Gorai.007G198000.1.A	2903	2797.5	398.525	5.65027
Gorai.007G198000.1.D	2903	2797.5	259.475	3.67884
Gorai.007G198100.1.A	1851	1745.5	122.296	2.77893
Gorai.007G198100.1.D	1851	1745.5	4.7037	0.106882
Gorai.007G198200.1.A	1092	986.505	0	0
Gorai.007G198200.1.D	1092	986.505	0	0
Gorai.007G198300.1.A	2201	2095.5	0	0
Gorai.007G198300.1.D	2201	2095.5	2	0.0378553
Gorai.007G198400.1.A	2563	2457.5	109.615	1.76914
Gorai.007G198400.1.D	2563	2457.5	70.3846	1.13597
Gorai.007G198500.1.A	369	263.583	0	0
Gorai.007G198500.1.D	369	263.583	1.21976	0.183545
Gorai.007G198600.1.A	279	173.788	12.3528	2.81924
Gorai.007G198600.1.D	279	173.788	12.3528	2.81924
Gorai.007G198700.1.A	1143	1037.5	71.2903	2.72537
Gorai.007G198700.1.D	1143	1037.5	58.7097	2.24442
Gorai.007G198800.1.A	1064	958.505	137.125	5.67425
Gorai.007G198800.1.D	1064	958.505	334.875	13.8571
Gorai.007G198900.1.A	3472	3366.5	1230.52	14.4975
Gorai.007G198900.1.D	3472	3366.5	573.48	6.75653
Gorai.007G199000.1.A	1796	1690.5	319.84	7.50414
Gorai.007G199000.1.D	1796	1690.5	284.16	6.66702
Gorai.007G199100.1.A	2258	2152.5	1	0.0184264
Gorai.007G199100.1.D	2258	2152.5	4	0.0737057
Gorai.007G199200.1.A	399	293.583	0	0
Gorai.007G199200.1.D	399	293.583	0	0
Gorai.007G199300.1.A	2260	2154.5	155.817	2.86848
Gorai.007G199300.1.D	2260	2154.5	143.183	2.6359
Gorai.007G199400.1.A	1395	1289.5	0	0
Gorai.007G199400.1.D	1395	1289.5	0	0
Gorai.007G199500.1.A	2675	2569.5	6.37054	0.0983359
Gorai.007G199500.1.D	2675	2569.5	2.14385	0.0330925
Gorai.007G199600.1.A	1368	1262.5	208.054	6.53623
Gorai.007G199600.1.D	1368	1262.5	123.432	3.87775
Gorai.007G199700.1.A	1373	1267.5	0	0
Gorai.007G199700.1.D	1373	1267.5	2	0.0625843
Gorai.007G199800.1.A	1824	1718.5	193.93	4.47589
Gorai.007G199800.1.D	1824	1718.5	728.07	16.8038
Gorai.007G199900.1.A	871	765.505	0	0
Gorai.007G199900.1.D	871	765.505	0	0
Gorai.007G200000.1.A	1635	1529.5	62.7	1.62593
Gorai.007G200000.1.D	1635	1529.5	3.3	0.0855752
Gorai.007G200100.1.A	763	657.505	4	0.241294
Gorai.007G200100.1.D	763	657.505	0	0
Gorai.007G200200.1.A	1945	1839.5	0	0
Gorai.007G200200.1.D	1945	1839.5	4.01703	0.0866142
Gorai.007G200300.1.A	358	252.63	3	0.471
Gorai.007G200300.1.D	358	252.63	3	0.471
Gorai.007G200400.1.A	668	562.505	25.0556	1.7667
Gorai.007G200400.1.D	668	562.505	25.0556	1.7667
Gorai.007G200500.1.A	1957	1851.5	135.983	2.91303
Gorai.007G200500.1.D	1957	1851.5	114.017	2.44247
Gorai.007G200600.1.A	609	503.551	2	0.157533
Gorai.007G200600.1.D	609	503.551	10	0.787664
Gorai.007G200700.1.A	2016	1910.5	0	0
Gorai.007G200700.1.D	2016	1910.5	2	0.0415209
Gorai.007G200800.1.A	277	171.788	0	0
Gorai.007G200800.1.D	277	171.788	0	0
Gorai.007G200900.1.A	1371	1265.5	4	0.125366
Gorai.007G200900.1.D	1371	1265.5	29	0.908906
Gorai.007G201000.1.A	1865	1759.5	89.2987	2.01298
Gorai.007G201000.1.D	1865	1759.5	101.701	2.29256
Gorai.007G201100.1.A	623	517.505	0	0
Gorai.007G201100.1.D	623	517.505	0	0
Gorai.007G201200.1.A	2759	2653.5	3240.12	48.4313
Gorai.007G201200.1.D	2759	2653.5	547.879	8.18936
Gorai.007G201300.1.A	1170	1064.5	3.1295	0.116604
Gorai.007G201300.1.D	1170	1064.5	9.38849	0.349811
Gorai.007G201400.1.A	1098	992.505	1	0.0399625
Gorai.007G201400.1.D	1098	992.505	0	0
Gorai.007G201500.1.A	1412	1306.5	17	0.516087
Gorai.007G201500.1.D	1412	1306.5	10	0.303581
Gorai.007G201600.1.A	4068	3962.5	84.2655	0.843461
Gorai.007G201600.1.D	4068	3962.5	53.7345	0.537859
Gorai.007G201700.1.A	789	683.505	0	0
Gorai.007G201700.1.D	789	683.505	1	0.0580288
Gorai.007G201800.1.A	4697	4591.5	0	0
Gorai.007G201800.1.D	4697	4591.5	29	0.250512
Gorai.007G201900.1.A	1342	1236.5	625.741	20.0717
Gorai.007G201900.1.D	1342	1236.5	737.259	23.6488
Gorai.007G202000.1.A	1423	1317.5	231.833	6.97923
Gorai.007G202000.1.D	1423	1317.5	201.167	6.05605
Gorai.007G202100.1.A	3808	3702.5	28.3279	0.303461
Gorai.007G202100.1.D	3808	3702.5	35.6721	0.382136
Gorai.007G202200.1.A	267	161.849	1	0.245061
Gorai.007G202200.1.D	267	161.849	0	0
Gorai.007G202300.1.A	899	793.505	2	0.099969
Gorai.007G202300.1.D	899	793.505	0	0
Gorai.007G202400.1.A	2446	2340.5	182.797	3.09774
Gorai.007G202400.1.D	2446	2340.5	185.203	3.1385
Gorai.007G202500.1.A	2192	2086.5	7.38889	0.140457
Gorai.007G202500.1.D	2192	2086.5	11.6111	0.220719
Gorai.007G202600.1.A	412	306.583	24	3.1049
Gorai.007G202600.1.D	412	306.583	2	0.258742
Gorai.007G202700.1.A	1731	1625.5	496.781	12.1217
Gorai.007G202700.1.D	1731	1625.5	996.219	24.3081
Gorai.007G202800.1.A	1459	1353.5	35.283	1.03393
Gorai.007G202800.1.D	1459	1353.5	19.717	0.577784
Gorai.007G202900.1.A	2045	1939.5	1.5	0.0306751
Gorai.007G202900.1.D	2045	1939.5	1.5	0.0306751
Gorai.007G203000.1.A	427	321.583	0	0
Gorai.007G203000.1.D	427	321.583	0	0
Gorai.007G203100.1.A	3427	3321.5	48.699	0.581528
Gorai.007G203100.1.D	3427	3321.5	65.301	0.779776
Gorai.007G203200.1.A	1110	1004.5	26.6695	1.05305
Gorai.007G203200.1.D	1110	1004.5	212.33	8.38388
Gorai.007G203300.1.A	696	590.505	1	0.0671679
Gorai.007G203300.1.D	696	590.505	2	0.134336
Gorai.007G203400.1.A	3426	3320.5	995.605	11.8924
Gorai.007G203400.1.D	3426	3320.5	1214.39	14.5058
Gorai.007G203500.1.A	692	586.505	138.826	9.38823
Gorai.007G203500.1.D	692	586.505	79.1741	5.35423
Gorai.007G203600.1.A	1034	928.505	478.409	20.4362
Gorai.007G203600.1.D	1034	928.505	273.881	11.6994
Gorai.007G203700.1.A	2007	1901.5	17.2	0.35877
Gorai.007G203700.1.D	2007	1901.5	25.8	0.538155
Gorai.007G203800.1.A	1979	1873.5	0	0
Gorai.007G203800.1.D	1979	1873.5	11	0.232875
Gorai.007G203900.1.A	1149	1043.5	9	0.342084
Gorai.007G203900.1.D	1149	1043.5	0	0
Gorai.007G204000.1.A	2419	2313.5	185.921	3.18744
Gorai.007G204000.1.D	2419	2313.5	35.0794	0.601404
Gorai.007G204100.1.A	1947	1841.5	22	0.473843
Gorai.007G204100.1.D	1947	1841.5	51	1.09845
Gorai.007G204200.1.A	1740	1634.5	46.5349	1.12922
Gorai.007G204200.1.D	1740	1634.5	40.4651	0.981928
Gorai.007G204300.1.A	486	380.551	0	0
Gorai.007G204300.1.D	486	380.551	0	0
Gorai.007G204400.1.A	2646	2540.5	344.801	5.38312
Gorai.007G204400.1.D	2646	2540.5	390.199	6.09187
Gorai.007G204500.1.A	2434	2328.5	157.83	2.68842
Gorai.007G204500.1.D	2434	2328.5	81.1698	1.38262
Gorai.007G204600.1.A	1150	1044.5	183.582	6.97115
Gorai.007G204600.1.D	1150	1044.5	408.418	15.5088
Gorai.007G204700.1.A	210	105.986	0	0
Gorai.007G204700.1.D	210	105.986	0	0
Gorai.007G204800.1.A	225	120.599	0	0
Gorai.007G204800.1.D	225	120.599	0	0
Gorai.007G204900.1.A	628	522.505	1	0.0759093
Gorai.007G204900.1.D	628	522.505	1	0.0759093
Gorai.007G205000.1.A	1038	932.505	4.34221	0.18469
Gorai.007G205000.1.D	1038	932.505	8.34666	0.355015
Gorai.007G205100.1.A	867	761.505	3.5	0.182297
Gorai.007G205100.1.D	867	761.505	3.5	0.182297
Gorai.007G205200.1.A	2327	2221.5	247.25	4.41441
Gorai.007G205200.1.D	2327	2221.5	156.285	2.79033
Gorai.007G205300.1.A	2556	2450.5	49.641	0.803471
Gorai.007G205300.1.D	2556	2450.5	71.359	1.15499
Gorai.007G205400.1.A	1548	1442.5	0	0
Gorai.007G205400.1.D	1548	1442.5	0	0
Gorai.007G205500.1.A	1768	1662.5	27.0476	0.645284
Gorai.007G205500.1.D	1768	1662.5	114.952	2.74246
Gorai.007G205600.1.A	2383	2277.5	41.925	0.730127
Gorai.007G205600.1.D	2383	2277.5	44.075	0.76757
Gorai.007G205700.1.A	1695	1589.5	5	0.124765
Gorai.007G205700.1.D	1695	1589.5	5	0.124765
Gorai.007G205800.1.A	1487	1381.5	2	0.0574199
Gorai.007G205800.1.D	1487	1381.5	3	0.0861299
Gorai.007G205900.1.A	238	133.223	0	0
Gorai.007G205900.1.D	238	133.223	0	0
Gorai.007G206000.1.A	999	893.505	30.2889	1.34453
Gorai.007G206000.1.D	999	893.505	16.7111	0.741811
Gorai.007G206100.1.A	1280	1174.5	466.128	15.7411
Gorai.007G206100.1.D	1280	1174.5	113.872	3.84543
Gorai.007G206200.1.A	3052	2946.5	49.7549	0.669752
Gorai.007G206200.1.D	3052	2946.5	9.75663	0.131334
Gorai.007G206300.1.A	2162	2056.5	1246.1	24.033
Gorai.007G206300.1.D	2162	2056.5	2260.39	43.5951
Gorai.007G206400.1.A	816	710.505	0	0
Gorai.007G206400.1.D	816	710.505	0	0
Gorai.007G206500.1.A	552	446.551	0	0
Gorai.007G206500.1.D	552	446.551	0	0
Gorai.007G206600.1.A	549	443.551	0	0
Gorai.007G206600.1.D	549	443.551	0	0
Gorai.007G206700.1.A	1729	1623.5	422.196	10.3144
Gorai.007G206700.1.D	1729	1623.5	3.80357	0.0929229
Gorai.007G206800.1.A	1548	1442.5	270.237	7.4304
Gorai.007G206800.1.D	1548	1442.5	43.7631	1.2033
Gorai.007G206900.1.A	1152	1046.5	0	0
Gorai.007G206900.1.D	1152	1046.5	0	0
Gorai.007G207000.1.A	1776	1670.5	166.317	3.94889
Gorai.007G207000.1.D	1776	1670.5	171.683	4.07627
Gorai.007G207100.1.A	1071	965.505	40.7333	1.67333
Gorai.007G207100.1.D	1071	965.505	6.26667	0.257435
Gorai.007G207200.1.A	3239	3133.5	158.172	2.0021
Gorai.007G207200.1.D	3239	3133.5	242.828	3.07364
Gorai.007G207300.1.A	2812	2706.5	7.08221	0.103788
Gorai.007G207300.1.D	2812	2706.5	595.918	8.73298
Gorai.007G207400.1.A	531	425.551	0	0
Gorai.007G207400.1.D	531	425.551	0	0
Gorai.007G207500.1.A	753	647.505	0	0
Gorai.007G207500.1.D	753	647.505	1	0.0612551
Gorai.007G207600.1.A	402	296.583	1	0.133733
Gorai.007G207600.1.D	402	296.583	20	2.67466
Gorai.007G207700.1.A	1132	1026.5	25.2439	0.975395
Gorai.007G207700.1.D	1132	1026.5	19.7561	0.763353
Gorai.007G207800.1.A	696	590.505	0	0
Gorai.007G207800.1.D	696	590.505	0	0
Gorai.007G207900.1.A	1040	934.505	227.041	9.63626
Gorai.007G207900.1.D	1040	934.505	180.959	7.68038
Gorai.007G208000.1.A	1374	1268.5	71.3939	2.23231
Gorai.007G208000.1.D	1374	1268.5	80.6061	2.52035
Gorai.007G208100.1.A	403	297.583	0	0
Gorai.007G208100.1.D	403	297.583	0	0
Gorai.007G208200.1.A	2000	1894.5	81.3939	1.70405
Gorai.007G208200.1.D	2000	1894.5	20.6061	0.431404
Gorai.007G208300.1.A	2410	2304.5	168.286	2.89639
Gorai.007G208300.1.D	2410	2304.5	240.714	4.14293
Gorai.007G208400.1.A	9687	9581.5	101.878	0.421726
Gorai.007G208400.1.D	9687	9581.5	254.122	1.05195
Gorai.007G208500.1.A	1272	1166.5	0	0
Gorai.007G208500.1.D	1272	1166.5	0	0
Gorai.007G208600.1.A	1011	905.505	5.11932	0.224236
Gorai.007G208600.1.D	1011	905.505	11.7895	0.516406
Gorai.007G208700.1.A	2473	2367.5	0	0
Gorai.007G208700.1.D	2473	2367.5	3.09114	0.0517861
Gorai.007G208800.1.A	2239	2133.5	0	0
Gorai.007G208800.1.D	2239	2133.5	3	0.0557715
Gorai.007G208900.1.A	516	410.551	2.59661	0.250856
Gorai.007G208900.1.D	516	410.551	2.59661	0.250856
Gorai.007G209000.1.A	447	341.583	0	0
Gorai.007G209000.1.D	447	341.583	0	0
Gorai.007G209100.1.A	542	436.551	0	0
Gorai.007G209100.1.D	542	436.551	0	0
Gorai.007G209200.1.A	2144	2038.5	1	0.0194569
Gorai.007G209200.1.D	2144	2038.5	0	0
Gorai.007G209300.1.A	2835	2729.5	400.035	5.81298
Gorai.007G209300.1.D	2835	2729.5	272.965	3.96651
Gorai.007G209400.1.A	2131	2025.5	56.5278	1.10691
Gorai.007G209400.1.D	2131	2025.5	17.4722	0.342137
Gorai.007G209500.1.A	1279	1173.5	32.0508	1.08328
Gorai.007G209500.1.D	1279	1173.5	28.9492	0.978444
Gorai.007G209600.1.A	1254	1148.5	0	0
Gorai.007G209600.1.D	1254	1148.5	1	0.0345344
Gorai.007G209700.1.A	1818	1712.5	0	0
Gorai.007G209700.1.D	1818	1712.5	0	0
Gorai.007G209800.1.A	831	725.505	73.5887	4.02305
Gorai.007G209800.1.D	831	725.505	51.4113	2.81063
Gorai.007G209900.1.A	1941	1835.5	263.625	5.6966
Gorai.007G209900.1.D	1941	1835.5	21.375	0.461887
Gorai.007G210000.1.A	2931	2825.5	162.165	2.27639
Gorai.007G210000.1.D	2931	2825.5	144.835	2.03311
Gorai.007G210100.1.A	2521	2415.5	18.0737	0.296772
Gorai.007G210100.1.D	2521	2415.5	12.0491	0.197848
Gorai.007G210200.1.A	1066	960.505	0	0
Gorai.007G210200.1.D	1066	960.505	19	0.784583
Gorai.007G210300.1.A	1540	1434.5	339.125	9.37655
Gorai.007G210300.1.D	1540	1434.5	228.875	6.32821
Gorai.007G210400.1.A	2283	2177.5	108.568	1.97755
Gorai.007G210400.1.D	2283	2177.5	104.432	1.90221
Gorai.007G210500.1.A	1648	1542.5	66.7	1.71508
Gorai.007G210500.1.D	1648	1542.5	2.3	0.0591407
Gorai.007G210600.1.A	1336	1230.5	509.273	16.4154
Gorai.007G210600.1.D	1336	1230.5	409.727	13.2068
Gorai.007G210700.1.A	2661	2555.5	794.62	12.333
Gorai.007G210700.1.D	2661	2555.5	798.38	12.3913
Gorai.007G210800.1.A	1374	1268.5	115.664	3.61651
Gorai.007G210800.1.D	1374	1268.5	3.33645	0.104322
Gorai.007G210900.1.A	1056	950.505	0	0
Gorai.007G210900.1.D	1056	950.505	0	0
Gorai.007G211000.1.A	5061	4955.5	1.61538	0.0129292
Gorai.007G211000.1.D	5061	4955.5	19.3846	0.155151
Gorai.007G211100.1.A	2651	2545.5	11.8963	0.185363
Gorai.007G211100.1.D	2651	2545.5	134.104	2.08955
Gorai.007G211200.1.A	452	346.551	0	0
Gorai.007G211200.1.D	452	346.551	0	0
Gorai.007G211300.1.A	1929	1823.5	9.28125	0.201876
Gorai.007G211300.1.D	1929	1823.5	23.7188	0.515905
Gorai.007G211400.1.A	2645	2539.5	84.3038	1.31669
Gorai.007G211400.1.D	2645	2539.5	100.696	1.57271
Gorai.007G211500.1.A	607	501.551	0	0
Gorai.007G211500.1.D	607	501.551	0	0
Gorai.007G211600.1.A	1503	1397.5	0	0
Gorai.007G211600.1.D	1503	1397.5	2	0.0567625
Gorai.007G211700.1.A	1583	1477.5	158.794	4.26275
Gorai.007G211700.1.D	1583	1477.5	182.206	4.89124
Gorai.007G211800.1.A	1306	1200.5	832.261	27.4967
Gorai.007G211800.1.D	1306	1200.5	942.739	31.1467
Gorai.007G211900.1.A	2778	2672.5	18.3421	0.272217
Gorai.007G211900.1.D	2778	2672.5	63.6579	0.944754
Gorai.007G212000.1.A	1065	959.505	79.1432	3.27153
Gorai.007G212000.1.D	1065	959.505	79.1432	3.27153
Gorai.007G212100.1.A	1835	1729.5	137.893	3.16231
Gorai.007G212100.1.D	1835	1729.5	159.107	3.64882
Gorai.007G212200.1.A	905	799.505	467.459	23.1904
Gorai.007G212200.1.D	905	799.505	190.541	9.4526
Gorai.007G212300.1.A	567	461.551	0	0
Gorai.007G212300.1.D	567	461.551	0	0
Gorai.007G212400.1.A	817	711.505	32.4091	1.80665
Gorai.007G212400.1.D	817	711.505	13.5909	0.757627
Gorai.007G212500.1.A	1997	1891.5	0	0
Gorai.007G212500.1.D	1997	1891.5	342	7.17139
Gorai.007G212600.1.A	3404	3298.5	14.6667	0.17636
Gorai.007G212600.1.D	3404	3298.5	7.33333	0.0881798
Gorai.007G212700.1.A	1544	1438.5	219.688	6.05733
Gorai.007G212700.1.D	1544	1438.5	124.312	3.42756
Gorai.007G212800.1.A	867	761.505	7.51806	0.391578
Gorai.007G212800.1.D	867	761.505	7.51806	0.391578
Gorai.007G212900.1.A	1587	1481.5	5.97301	0.15991
Gorai.007G212900.1.D	1587	1481.5	5.97301	0.15991
Gorai.007G213000.1.A	1050	944.505	103.672	4.35354
Gorai.007G213000.1.D	1050	944.505	20.3279	0.853636
Gorai.007G213100.1.A	318	212.63	2.26534	0.422565
Gorai.007G213100.1.D	318	212.63	2.26534	0.422565
Gorai.007G213200.1.A	183	80.4906	0	0
Gorai.007G213200.1.D	183	80.4906	0	0
Gorai.007G213300.1.A	1915	1809.5	287.973	6.31215
Gorai.007G213300.1.D	1915	1809.5	326.027	7.14625
Gorai.007G213400.1.A	1496	1390.5	70.6964	2.01655
Gorai.007G213400.1.D	1496	1390.5	624.304	17.8077
Gorai.007G213500.1.A	2471	2365.5	100.848	1.69095
Gorai.007G213500.1.D	2471	2365.5	155.152	2.60146
Gorai.007G213600.1.A	1605	1499.5	452.849	11.9782
Gorai.007G213600.1.D	1605	1499.5	437.151	11.5629
Gorai.007G213700.1.A	804	698.505	0	0
Gorai.007G213700.1.D	804	698.505	0	0
Gorai.007G213800.1.A	1074	968.505	678.827	27.7998
Gorai.007G213800.1.D	1074	968.505	447.173	18.313
Gorai.007G213900.1.A	1841	1735.5	20.3846	0.465867
Gorai.007G213900.1.D	1841	1735.5	85.6154	1.95664
Gorai.007G214000.1.A	1803	1697.5	122.757	2.86827
Gorai.007G214000.1.D	1803	1697.5	71.2429	1.66462
Gorai.007G214100.1.A	2277	2171.5	0	0
Gorai.007G214100.1.D	2277	2171.5	8	0.146122
Gorai.007G214200.1.A	439	333.583	0.5	0.0594499
Gorai.007G214200.1.D	439	333.583	0.5	0.0594499
Gorai.007G214300.1.A	549	443.551	0	0
Gorai.007G214300.1.D	549	443.551	1	0.0894213
Gorai.007G214400.1.A	1494	1388.5	3015.48	86.1379
Gorai.007G214400.1.D	1494	1388.5	1978.53	56.517
Gorai.007G214500.1.A	3115	3009.5	828.164	10.9146
Gorai.007G214500.1.D	3115	3009.5	374.829	4.93995
Gorai.007G214600.1.A	4952	4846.5	28.2708	0.231364
Gorai.007G214600.1.D	4952	4846.5	30.7292	0.251482
Gorai.007G214700.1.A	2285	2179.5	384.072	6.9894
Gorai.007G214700.1.D	2285	2179.5	789.928	14.3752
Gorai.007G214800.1.A	1772	1666.5	5.4	0.12852
Gorai.007G214800.1.D	1772	1666.5	21.6	0.514082
Gorai.007G214900.1.A	1959	1853.5	80.5844	1.72442
Gorai.007G214900.1.D	1959	1853.5	4.41558	0.0944886
Gorai.007G215000.1.A	1920	1814.5	0.5	0.0109294
Gorai.007G215000.1.D	1920	1814.5	0.5	0.0109294
Gorai.007G215100.1.A	296	190.687	0	0
Gorai.007G215100.1.D	296	190.687	0	0
Gorai.007G215200.1.A	3020	2914.5	158.237	2.15342
Gorai.007G215200.1.D	3020	2914.5	60.763	0.826912
Gorai.007G215300.1.A	1874	1768.5	65.0704	1.45936
Gorai.007G215300.1.D	1874	1768.5	11.9296	0.267549
Gorai.007G215400.1.A	1236	1130.5	13	0.456096
Gorai.007G215400.1.D	1236	1130.5	0	0
Gorai.007G215500.1.A	1353	1247.5	1	0.0317938
Gorai.007G215500.1.D	1353	1247.5	0	0
Gorai.007G215600.1.A	1302	1196.5	0	0
Gorai.007G215600.1.D	1302	1196.5	0	0
Gorai.007G215700.1.A	1468	1362.5	52.6452	1.53252
Gorai.007G215700.1.D	1468	1362.5	11.3548	0.330543
Gorai.007G215800.1.A	3676	3570.5	333.696	3.70686
Gorai.007G215800.1.D	3676	3570.5	691.304	7.67935
Gorai.007G215900.1.A	2520	2414.5	113.042	1.85693
Gorai.007G215900.1.D	2520	2414.5	134.958	2.21695
Gorai.007G216000.1.A	433	327.583	0.579408	0.0701533
Gorai.007G216000.1.D	433	327.583	0.579408	0.0701533
Gorai.007G216100.1.A	743	637.505	1.5	0.0933239
Gorai.007G216100.1.D	743	637.505	1.5	0.0933239
Gorai.007G216200.1.A	1690	1584.5	102.952	2.57707
Gorai.007G216200.1.D	1690	1584.5	155.048	3.88113
Gorai.007G216300.1.A	1127	1021.5	1417.13	55.0241
Gorai.007G216300.1.D	1127	1021.5	1764.02	68.4933
Gorai.007G216400.1.A	4610	4504.5	91.3486	0.80434
Gorai.007G216400.1.D	4610	4504.5	117.458	1.03424
Gorai.007G216500.1.A	2602	2496.5	67.2772	1.06886
Gorai.007G216500.1.D	2602	2496.5	24.5188	0.38954
Gorai.007G216600.1.A	1917	1811.5	1762.08	38.5808
Gorai.007G216600.1.D	1917	1811.5	3282.92	71.8796
Gorai.007G216700.1.A	1619	1513.5	301.84	7.91003
Gorai.007G216700.1.D	1619	1513.5	83.16	2.17929
Gorai.007G216800.1.A	2197	2091.5	1378.88	26.1488
Gorai.007G216800.1.D	2197	2091.5	512.12	9.71177
Gorai.007G216900.1.A	1588	1482.5	18.9	0.505651
Gorai.007G216900.1.D	1588	1482.5	2.1	0.0561834
Gorai.007G217000.1.A	1994	1888.5	276.257	5.80204
Gorai.007G217000.1.D	1994	1888.5	16.7429	0.351638
Gorai.007G217100.1.A	1666	1560.5	624.627	15.876
Gorai.007G217100.1.D	1666	1560.5	502.373	12.7687
Gorai.007G217200.1.A	981	875.505	0	0
Gorai.007G217200.1.D	981	875.505	59.5721	2.69879
Gorai.007G217300.1.A	1599	1493.5	6.7304e-05	1.78739e-06
Gorai.007G217300.1.D	1599	1493.5	62.9999	1.67309
Gorai.007G217400.1.A	915	809.505	18.6667	0.914602
Gorai.007G217400.1.D	915	809.505	25.3333	1.24125
Gorai.007G217500.1.A	508	402.551	1	0.0985289
Gorai.007G217500.1.D	508	402.551	0	0
Gorai.007G217600.1.A	1435	1329.5	1.45204	0.0433186
Gorai.007G217600.1.D	1435	1329.5	5.40792	0.161334
Gorai.007G217700.1.A	1780	1674.5	4.85347	0.114961
Gorai.007G217700.1.D	1780	1674.5	18.2005	0.431104
Gorai.007G217800.1.A	399	293.583	0	0
Gorai.007G217800.1.D	399	293.583	0	0
Gorai.007G217900.1.A	2996	2890.5	258.775	3.55087
Gorai.007G217900.1.D	2996	2890.5	287.973	3.95151
Gorai.007G218000.1.A	1733	1627.5	1.34384	0.03275
Gorai.007G218000.1.D	1733	1627.5	159.825	3.895
Gorai.007G218100.1.A	933	827.505	442.877	21.2274
Gorai.007G218100.1.D	933	827.505	331.123	15.871
Gorai.007G218200.1.A	3059	2953.5	369.434	4.96118
Gorai.007G218200.1.D	3059	2953.5	429.57	5.76874
Gorai.007G218300.1.A	1797	1691.5	0	0
Gorai.007G218300.1.D	1797	1691.5	2	0.0468966
Gorai.007G218400.1.A	1637	1531.5	0	0
Gorai.007G218400.1.D	1637	1531.5	0	0
Gorai.007G218500.1.A	1354	1248.5	0	0
Gorai.007G218500.1.D	1354	1248.5	0	0
Gorai.007G218600.1.A	2505	2399.5	0	0
Gorai.007G218600.1.D	2505	2399.5	37	0.611597
Gorai.007G218700.1.A	2004	1898.5	1.07692	0.0224987
Gorai.007G218700.1.D	2004	1898.5	12.9231	0.269985
Gorai.007G218800.1.A	1743	1637.5	340.824	8.2553
Gorai.007G218800.1.D	1743	1637.5	437.176	10.5891
Gorai.007G218900.1.A	2535	2429.5	1	0.0163255
Gorai.007G218900.1.D	2535	2429.5	3	0.0489766
Gorai.007G219000.1.A	2505	2399.5	0	0
Gorai.007G219000.1.D	2505	2399.5	1	0.0165296
Gorai.007G219100.1.A	1682	1576.5	1	0.0251588
Gorai.007G219100.1.D	1682	1576.5	1	0.0251588
Gorai.007G219200.1.A	1218	1112.5	0	0
Gorai.007G219200.1.D	1218	1112.5	0	0
Gorai.007G219300.1.A	529	423.551	0	0
Gorai.007G219300.1.D	529	423.551	0	0
Gorai.007G219400.1.A	753	647.505	0	0
Gorai.007G219400.1.D	753	647.505	0	0
Gorai.007G219500.1.A	2288	2182.5	81.6876	1.48452
Gorai.007G219500.1.D	2288	2182.5	595.312	10.8187
Gorai.007G219600.1.A	1491	1385.5	55	1.57449
Gorai.007G219600.1.D	1491	1385.5	0	0
Gorai.007G219700.1.A	2216	2110.5	941.655	17.6966
Gorai.007G219700.1.D	2216	2110.5	604.345	11.3575
Gorai.007G219800.1.A	2434	2328.5	4.88889	0.0832756
Gorai.007G219800.1.D	2434	2328.5	6.11111	0.104095
Gorai.007G219900.1.A	3298	3192.5	814.161	10.115
Gorai.007G219900.1.D	3298	3192.5	593.607	7.37483
Gorai.007G220000.1.A	458	352.551	4	0.45001
Gorai.007G220000.1.D	458	352.551	0	0
Gorai.007G220100.1.A	2022	1916.5	165.47	3.42447
Gorai.007G220100.1.D	2022	1916.5	102.53	2.12191
Gorai.007G220200.1.A	911	805.505	400.339	19.7126
Gorai.007G220200.1.D	911	805.505	36.6611	1.80519
Gorai.007G220300.1.A	606	500.551	93	7.36918
Gorai.007G220300.1.D	606	500.551	0	0
Gorai.007G220400.1.A	753	647.505	12	0.735061
Gorai.007G220400.1.D	753	647.505	10	0.612551
Gorai.007G220500.1.A	518	412.551	15	1.44211
Gorai.007G220500.1.D	518	412.551	3	0.288422
Gorai.007G220600.1.A	3027	2921.5	151.389	2.05529
Gorai.007G220600.1.D	3027	2921.5	52.6105	0.714251
Gorai.007G220700.1.A	3814	3708.5	877.989	9.3902
Gorai.007G220700.1.D	3814	3708.5	1144.01	12.2353
Gorai.007G220800.1.A	2056	1950.5	33.4404	0.68
Gorai.007G220800.1.D	2056	1950.5	101.56	2.06519
Gorai.007G220900.1.A	1065	959.505	0	0
Gorai.007G220900.1.D	1065	959.505	8	0.330695
Gorai.007G221000.1.A	1102	996.505	2	0.0796041
Gorai.007G221000.1.D	1102	996.505	32	1.27367
Gorai.007G221100.1.A	3352	3246.5	763.905	9.33272
Gorai.007G221100.1.D	3352	3246.5	1484.1	18.1314
Gorai.007G221200.1.A	965	859.505	4.96116	0.228939
Gorai.007G221200.1.D	965	859.505	0	0
Gorai.007G221300.1.A	2312	2206.5	9.11278	0.163806
Gorai.007G221300.1.D	2312	2206.5	1.60961	0.0289336
Gorai.007G221400.1.A	2308	2202.5	295.858	5.32785
Gorai.007G221400.1.D	2308	2202.5	113.419	2.04247
Gorai.007G221500.1.A	1346	1240.5	1842.66	58.9158
Gorai.007G221500.1.D	1346	1240.5	857.341	27.412
Gorai.007G221600.1.A	2699	2593.5	133.926	2.04815
Gorai.007G221600.1.D	2699	2593.5	346.074	5.29257
Gorai.007G221700.1.A	2074	1968.5	34.0063	0.685186
Gorai.007G221700.1.D	2074	1968.5	164.994	3.32442
Gorai.007G221800.1.A	1779	1673.5	26.9231	0.638091
Gorai.007G221800.1.D	1779	1673.5	43.0769	1.02095
Gorai.007G221900.1.A	1353	1247.5	0	0
Gorai.007G221900.1.D	1353	1247.5	0	0
Gorai.007G222000.1.A	1362	1256.5	318.452	10.0523
Gorai.007G222000.1.D	1362	1256.5	138.548	4.3734
Gorai.007G222100.1.A	1990	1884.5	607.096	12.7775
Gorai.007G222100.1.D	1990	1884.5	125.904	2.64988
Gorai.007G222200.1.A	1908	1802.5	436.782	9.6111
Gorai.007G222200.1.D	1908	1802.5	628.218	13.8235
Gorai.007G222300.1.A	1951	1845.5	0	0
Gorai.007G222300.1.D	1951	1845.5	0	0
Gorai.007G222400.1.A	2658	2552.5	176.092	2.73626
Gorai.007G222400.1.D	2658	2552.5	115.908	1.80108
Gorai.007G222500.1.A	732	626.505	4	0.253233
Gorai.007G222500.1.D	732	626.505	0	0
Gorai.007G222600.1.A	3524	3418.5	293.266	3.4026
Gorai.007G222600.1.D	3524	3418.5	936.734	10.8684
Gorai.007G222700.1.A	1965	1859.5	29.0769	0.620206
Gorai.007G222700.1.D	1965	1859.5	24.9231	0.531605
Gorai.007G222800.1.A	2127	2021.5	42.5	0.833871
Gorai.007G222800.1.D	2127	2021.5	76.5	1.50097
Gorai.007G222900.1.A	3902	3796.5	27	0.282075
Gorai.007G222900.1.D	3902	3796.5	27	0.282075
Gorai.007G223000.1.A	1370	1264.5	28.6116	0.897443
Gorai.007G223000.1.D	1370	1264.5	1904.39	59.7338
Gorai.007G223100.1.A	555	449.551	535.387	47.236
Gorai.007G223100.1.D	555	449.551	1374.61	121.279
Gorai.007G223200.1.A	697	591.505	0	0
Gorai.007G223200.1.D	697	591.505	38	2.54806
Gorai.007G223300.1.A	946	840.505	2.66667	0.125838
Gorai.007G223300.1.D	946	840.505	1.33333	0.0629192
Gorai.007G223400.1.A	1111	1005.5	33	1.30171
Gorai.007G223400.1.D	1111	1005.5	12	0.47335
Gorai.007G223500.1.A	2192	2086.5	3.6	0.0684334
Gorai.007G223500.1.D	2192	2086.5	2.4	0.0456223
Gorai.007G223600.1.A	1742	1636.5	0	0
Gorai.007G223600.1.D	1742	1636.5	0	0
Gorai.007G223700.1.A	126	35.2253	1	1.12598
Gorai.007G223700.1.D	126	35.2253	1	1.12598
Gorai.007G223800.1.A	297	191.687	0	0
Gorai.007G223800.1.D	297	191.687	0	0
Gorai.007G223900.1.A	813	707.505	170.024	9.53158
Gorai.007G223900.1.D	813	707.505	258.976	14.5183
Gorai.007G224000.1.A	3230	3124.5	23.4831	0.298099
Gorai.007G224000.1.D	3230	3124.5	71.5169	0.907846
Gorai.007G224100.1.A	603	497.551	0	0
Gorai.007G224100.1.D	603	497.551	0	0
Gorai.007G224200.1.A	2197	2091.5	128.824	2.443
Gorai.007G224200.1.D	2197	2091.5	92.1759	1.74801
Gorai.007G224300.1.A	2183	2077.5	0	0
Gorai.007G224300.1.D	2183	2077.5	0	0
Gorai.007G224400.1.A	917	811.505	5	0.244379
Gorai.007G224400.1.D	917	811.505	30	1.46627
Gorai.007G224500.1.A	1361	1255.5	0	0
Gorai.007G224500.1.D	1361	1255.5	1	0.0315912
Gorai.007G224600.1.A	981	875.505	0	0
Gorai.007G224600.1.D	981	875.505	3	0.135909
Gorai.007G224700.1.A	1833	1727.5	210.462	4.83213
Gorai.007G224700.1.D	1833	1727.5	437.538	10.0457
Gorai.007G224800.1.A	1768	1662.5	7.93333	0.189268
Gorai.007G224800.1.D	1768	1662.5	9.06667	0.216307
Gorai.007G224900.1.A	2067	1961.5	306.798	6.20367
Gorai.007G224900.1.D	2067	1961.5	403.815	8.1654
Gorai.007G225000.1.A	1075	969.505	12	0.490926
Gorai.007G225000.1.D	1075	969.505	7	0.286374
Gorai.007G225100.1.A	941	835.505	1	0.0474718
Gorai.007G225100.1.D	941	835.505	10	0.474718
Gorai.007G225200.1.A	718	612.505	1	0.0647553
Gorai.007G225200.1.D	718	612.505	1	0.0647553
Gorai.007G225300.1.A	1996	1890.5	29.7398	0.623943
Gorai.007G225300.1.D	1996	1890.5	171.26	3.59305
Gorai.007G225400.1.A	1879	1773.5	66.3273	1.48335
Gorai.007G225400.1.D	1879	1773.5	47.6727	1.06616
Gorai.007G225500.1.A	931	825.505	0	0
Gorai.007G225500.1.D	931	825.505	0	0
Gorai.007G225600.1.A	945	839.505	73.9437	3.49352
Gorai.007G225600.1.D	945	839.505	31.0563	1.46728
Gorai.007G225700.1.A	2070	1964.5	112.564	2.27265
Gorai.007G225700.1.D	2070	1964.5	603	12.1744
Gorai.007G225800.1.A	2968	2862.5	13.4356	0.186164
Gorai.007G225800.1.D	2968	2862.5	0	0
Gorai.007G225900.1.A	1399	1293.5	2	0.0613263
Gorai.007G225900.1.D	1399	1293.5	558	17.11
Gorai.007G226000.1.A	862	756.505	190.527	9.98915
Gorai.007G226000.1.D	862	756.505	90.4735	4.74345
Gorai.007G226100.1.A	240	135.211	21.5	6.30685
Gorai.007G226100.1.D	240	135.211	21.5	6.30685
Gorai.007G226200.1.A	853	747.505	0	0
Gorai.007G226200.1.D	853	747.505	0	0
Gorai.007G226300.1.A	289	183.705	0	0
Gorai.007G226300.1.D	289	183.705	0	0
Gorai.007G226400.1.A	345	239.63	0	0
Gorai.007G226400.1.D	345	239.63	0	0
Gorai.007G226500.1.A	2562	2456.5	3	0.0484383
Gorai.007G226500.1.D	2562	2456.5	1	0.0161461
Gorai.007G226600.1.A	177	75.0539	0.861854	0.455455
Gorai.007G226600.1.D	177	75.0539	0.861854	0.455455
Gorai.007G226700.1.A	1445	1339.5	4	0.118441
Gorai.007G226700.1.D	1445	1339.5	7	0.207271
Gorai.007G226800.1.A	2217	2111.5	160.692	3.01847
Gorai.007G226800.1.D	2217	2111.5	204.308	3.83777
Gorai.007G226900.1.A	1566	1460.5	6	0.162942
Gorai.007G226900.1.D	1566	1460.5	108	2.93296
Gorai.007G227000.1.A	2397	2291.5	42.9245	0.742967
Gorai.007G227000.1.D	2397	2291.5	87.0755	1.50716
Gorai.007G227100.1.A	333	227.63	0	0
Gorai.007G227100.1.D	333	227.63	0	0
Gorai.007G227200.1.A	657	551.505	24.932	1.79305
Gorai.007G227200.1.D	657	551.505	82.068	5.90214
Gorai.007G227300.1.A	1256	1150.5	989.188	34.1016
Gorai.007G227300.1.D	1256	1150.5	1487.81	51.2914
Gorai.007G227400.1.A	1673	1567.5	0.5	0.0126516
Gorai.007G227400.1.D	1673	1567.5	0.5	0.0126516
Gorai.007G227500.1.A	1359	1253.5	1	0.0316416
Gorai.007G227500.1.D	1359	1253.5	0	0
Gorai.007G227600.1.A	1636	1530.5	367.944	9.53524
Gorai.007G227600.1.D	1636	1530.5	565.056	14.6434
Gorai.007G227700.1.A	234	129.404	0	0
Gorai.007G227700.1.D	234	129.404	0	0
Gorai.007G227800.1.A	3964	3858.5	120.588	1.23956
Gorai.007G227800.1.D	3964	3858.5	112.412	1.15553
Gorai.007G227900.1.A	216	111.866	0	0
Gorai.007G227900.1.D	216	111.866	0	0
Gorai.007G228000.1.A	1392	1286.5	58.8769	1.81518
Gorai.007G228000.1.D	1392	1286.5	30.1231	0.928695
Gorai.007G228100.1.A	1887	1781.5	7.99057	0.1779
Gorai.007G228100.1.D	1887	1781.5	113.009	2.51601
Gorai.007G228200.1.A	1330	1224.5	0	0
Gorai.007G228200.1.D	1330	1224.5	2	0.064782
Gorai.007G228300.1.A	928	822.505	351.273	16.9391
Gorai.007G228300.1.D	928	822.505	292.727	14.1159
Gorai.007G228400.1.A	600	494.551	0	0
Gorai.007G228400.1.D	600	494.551	0	0
Gorai.007G228500.1.A	1751	1645.5	2	0.0482076
Gorai.007G228500.1.D	1751	1645.5	0	0
Gorai.007G228600.1.A	2327	2221.5	0	0
Gorai.007G228600.1.D	2327	2221.5	0	0
Gorai.007G228700.1.A	3358	3252.5	8.47059	0.103295
Gorai.007G228700.1.D	3358	3252.5	9.52941	0.116207
Gorai.007G228800.1.A	2270	2164.5	326.178	5.97698
Gorai.007G228800.1.D	2270	2164.5	194.822	3.56996
Gorai.007G228900.1.A	1839	1733.5	0	0
Gorai.007G228900.1.D	1839	1733.5	0	0
Gorai.007G229000.1.A	1683	1577.5	0	0
Gorai.007G229000.1.D	1683	1577.5	0	0
Gorai.007G229100.1.A	3164	3058.5	41.1676	0.533864
Gorai.007G229100.1.D	3164	3058.5	196.832	2.55254
Gorai.007G229200.1.A	255	149.978	0	0
Gorai.007G229200.1.D	255	149.978	0	0
Gorai.007G229300.1.A	2322	2216.5	382.727	6.84866
Gorai.007G229300.1.D	2322	2216.5	574.886	10.2872
Gorai.007G229400.1.A	2459	2353.5	0	0
Gorai.007G229400.1.D	2459	2353.5	4	0.0674109
Gorai.007G229500.1.A	282	176.772	125.5	28.1589
Gorai.007G229500.1.D	282	176.772	125.5	28.1589
Gorai.007G229600.1.A	346	240.63	0	0
Gorai.007G229600.1.D	346	240.63	0	0
Gorai.007G229700.1.A	987	881.505	0	0
Gorai.007G229700.1.D	987	881.505	0	0
Gorai.007G229800.1.A	1127	1021.5	13	0.504763
Gorai.007G229800.1.D	1127	1021.5	0	0
Gorai.007G229900.1.A	1408	1302.5	4.30769	0.131175
Gorai.007G229900.1.D	1408	1302.5	9.69231	0.295143
Gorai.007G230000.1.A	3023	2917.5	384.08	5.2215
Gorai.007G230000.1.D	3023	2917.5	401.92	5.46403
Gorai.007G230100.1.A	546	440.551	7	0.630212
Gorai.007G230100.1.D	546	440.551	2	0.18006
Gorai.007G230200.1.A	2349	2243.5	3	0.053037
Gorai.007G230200.1.D	2349	2243.5	1	0.017679
Gorai.007G230300.1.A	399	293.583	0	0
Gorai.007G230300.1.D	399	293.583	0	0
Gorai.007G230400.1.A	843	737.505	5	0.2689
Gorai.007G230400.1.D	843	737.505	1	0.0537799
Gorai.007G230500.1.A	634	528.505	663.847	49.82
Gorai.007G230500.1.D	634	528.505	681.153	51.1189
Gorai.007G230600.1.A	828	722.505	0	0
Gorai.007G230600.1.D	828	722.505	2	0.109793
Gorai.007G230700.1.A	3006	2900.5	1690.92	23.1225
Gorai.007G230700.1.D	3006	2900.5	52.0817	0.712191
Gorai.007G230800.1.A	2372	2266.5	26.9655	0.471886
Gorai.007G230800.1.D	2372	2266.5	7.03448	0.123101
Gorai.007G230900.1.A	1427	1321.5	120.03	3.60253
Gorai.007G230900.1.D	1427	1321.5	112.97	3.39061
Gorai.007G231000.1.A	1965	1859.5	0	0
Gorai.007G231000.1.D	1965	1859.5	18	0.383937
Gorai.007G231100.1.A	1950	1844.5	0	0
Gorai.007G231100.1.D	1950	1844.5	2	0.0430066
Gorai.007G231200.1.A	2015	1909.5	0	0
Gorai.007G231200.1.D	2015	1909.5	0	0
Gorai.007G231300.1.A	1947	1841.5	0	0
Gorai.007G231300.1.D	1947	1841.5	0	0
Gorai.007G231400.1.A	1881	1775.5	0	0
Gorai.007G231400.1.D	1881	1775.5	0	0
Gorai.007G231500.1.A	1971	1865.5	0	0
Gorai.007G231500.1.D	1971	1865.5	12	0.255135
Gorai.007G231600.1.A	2526	2420.5	3.14754	0.0515763
Gorai.007G231600.1.D	2526	2420.5	60.8525	0.997142
Gorai.007G231700.1.A	945	839.505	0	0
Gorai.007G231700.1.D	945	839.505	0	0
Gorai.007G231800.1.A	1607	1501.5	96.7611	2.55599
Gorai.007G231800.1.D	1607	1501.5	249.33	6.58616
Gorai.007G231900.1.A	912	806.505	0	0
Gorai.007G231900.1.D	912	806.505	0	0
Gorai.007G232000.1.A	1343	1237.5	22.2353	0.712658
Gorai.007G232000.1.D	1343	1237.5	19.7647	0.633473
Gorai.007G232100.1.A	783	677.505	0	0
Gorai.007G232100.1.D	783	677.505	0	0
Gorai.007G232200.1.A	2059	1953.5	36.931	0.749828
Gorai.007G232200.1.D	2059	1953.5	26.069	0.529291
Gorai.007G232300.1.A	1410	1304.5	206.571	6.2807
Gorai.007G232300.1.D	1410	1304.5	52.4291	1.59409
Gorai.007G232400.1.A	4272	4166.5	69.4615	0.661237
Gorai.007G232400.1.D	4272	4166.5	59.5385	0.566775
Gorai.007G232500.1.A	5097	4991.5	14.3515	0.114038
Gorai.007G232500.1.D	5097	4991.5	16.3421	0.129855
Gorai.007G232600.1.A	2163	2057.5	23.2512	0.448219
Gorai.007G232600.1.D	2163	2057.5	40.7344	0.785246
Gorai.007G232700.1.A	2250	2144.5	115.709	2.14006
Gorai.007G232700.1.D	2250	2144.5	35.3049	0.652969
Gorai.007G232800.1.A	1542	1436.5	0	0
Gorai.007G232800.1.D	1542	1436.5	0	0
Gorai.007G232900.1.A	820	714.505	63.8095	3.54214
Gorai.007G232900.1.D	820	714.505	3.19048	0.177107
Gorai.007G233000.1.A	1248	1142.5	794.162	27.57
Gorai.007G233000.1.D	1248	1142.5	1467.84	50.9571
Gorai.007G233100.1.A	4503	4397.5	1184.36	10.6822
Gorai.007G233100.1.D	4503	4397.5	2201.64	19.8575
Gorai.007G233200.1.A	1416	1310.5	52.9244	1.60178
Gorai.007G233200.1.D	1416	1310.5	176.076	5.329
Gorai.007G233300.1.A	1601	1495.5	69.831	1.85202
Gorai.007G233300.1.D	1601	1495.5	4.16901	0.110568
Gorai.007G233400.1.A	1071	965.505	1584.47	65.09
Gorai.007G233400.1.D	1071	965.505	7886.53	323.979
Gorai.007G233500.1.A	3917	3811.5	362.593	3.77319
Gorai.007G233500.1.D	3917	3811.5	202.407	2.10627
Gorai.007G233600.1.A	2050	1944.5	55.5882	1.13386
Gorai.007G233600.1.D	2050	1944.5	28.4118	0.579528
Gorai.007G233700.1.A	1235	1129.5	0	0
Gorai.007G233700.1.D	1235	1129.5	12	0.421384
Gorai.007G233800.1.A	2132	2026.5	28.459	0.557003
Gorai.007G233800.1.D	2132	2026.5	33.541	0.656467
Gorai.007G233900.1.A	1464	1358.5	4.15385	0.121276
Gorai.007G233900.1.D	1464	1358.5	22.8462	0.667017
Gorai.007G234000.1.A	2379	2273.5	0	0
Gorai.007G234000.1.D	2379	2273.5	0	0
Gorai.007G234100.1.A	717	611.505	0	0
Gorai.007G234100.1.D	717	611.505	0	0
Gorai.007G234200.1.A	844	738.505	0.5	0.0268535
Gorai.007G234200.1.D	844	738.505	0.5	0.0268535
Gorai.007G234300.1.A	1188	1082.5	1093.26	40.057
Gorai.007G234300.1.D	1188	1082.5	1627.74	59.6404
Gorai.007G234400.1.A	369	263.583	0	0
Gorai.007G234400.1.D	369	263.583	0	0
Gorai.007G234500.1.A	582	476.551	0.5	0.0416146
Gorai.007G234500.1.D	582	476.551	0.5	0.0416146
Gorai.007G234600.1.A	1460	1354.5	13.9333	0.407999
Gorai.007G234600.1.D	1460	1354.5	5.06667	0.148363
Gorai.007G234700.1.A	1211	1105.5	1404.14	50.3772
Gorai.007G234700.1.D	1211	1105.5	1667.16	59.8137
Gorai.007G234800.1.A	1314	1208.5	69.7502	2.28919
Gorai.007G234800.1.D	1314	1208.5	2.6827	0.0880458
Gorai.007G234900.1.A	2755	2649.5	23.2174	0.347563
Gorai.007G234900.1.D	2755	2649.5	139.304	2.08538
Gorai.007G235000.1.A	2749	2643.5	1111.1	16.6708
Gorai.007G235000.1.D	2749	2643.5	1259.9	18.9035
Gorai.007G235100.1.A	699	593.505	6.66667	0.445522
Gorai.007G235100.1.D	699	593.505	1.33333	0.0891045
Gorai.007G235200.1.A	1920	1814.5	170.768	3.73279
Gorai.007G235200.1.D	1920	1814.5	157.232	3.4369
Gorai.007G235300.1.A	3470	3364.5	811.672	9.56851
Gorai.007G235300.1.D	3470	3364.5	783.328	9.23437
Gorai.007G235400.1.A	1270	1164.5	36.6923	1.24974
Gorai.007G235400.1.D	1270	1164.5	69.3077	2.36061
Gorai.007G235500.1.A	560	454.551	3.09069	0.269685
Gorai.007G235500.1.D	560	454.551	0	0
Gorai.007G235600.1.A	725	619.505	0.5	0.0320118
Gorai.007G235600.1.D	725	619.505	0.5	0.0320118
Gorai.007G235700.1.A	1447	1341.5	0	0
Gorai.007G235700.1.D	1447	1341.5	2	0.059132
Gorai.007G235800.1.A	1862	1756.5	1.25	0.0282258
Gorai.007G235800.1.D	1862	1756.5	3.75	0.0846773
Gorai.007G235900.1.A	435	329.583	202.368	24.3536
Gorai.007G235900.1.D	435	329.583	236.632	28.4769
Gorai.007G236000.1.A	748	642.505	33	2.03715
Gorai.007G236000.1.D	748	642.505	77	4.75335
Gorai.007G236100.1.A	1649	1543.5	9.95436	0.255794
Gorai.007G236100.1.D	1649	1543.5	100.323	2.57798
Gorai.007G236200.1.A	2519	2413.5	6.5	0.106819
Gorai.007G236200.1.D	2519	2413.5	6.5	0.106819
Gorai.007G236300.1.A	882	776.505	84	4.29062
Gorai.007G236300.1.D	882	776.505	0	0
Gorai.007G236400.1.A	1249	1143.5	46.0462	1.59713
Gorai.007G236400.1.D	1249	1143.5	99.9538	3.46694
Gorai.007G236500.1.A	2804	2698.5	196.286	2.88503
Gorai.007G236500.1.D	2804	2698.5	261.714	3.84671
Gorai.007G236600.1.A	1134	1028.5	0	0
Gorai.007G236600.1.D	1134	1028.5	0	0
Gorai.007G236700.1.A	1155	1049.5	0	0
Gorai.007G236700.1.D	1155	1049.5	0	0
Gorai.007G236800.1.A	1081	975.505	0	0
Gorai.007G236800.1.D	1081	975.505	0	0
Gorai.007G236900.1.A	440	334.583	0	0
Gorai.007G236900.1.D	440	334.583	1	0.118544
Gorai.007G237000.1.A	2923	2817.5	204.953	2.88519
Gorai.007G237000.1.D	2923	2817.5	160.047	2.25304
Gorai.007G237100.1.A	939	833.505	330.625	15.733
Gorai.007G237100.1.D	939	833.505	474.375	22.5735
Gorai.007G237200.1.A	1770	1664.5	438.624	10.4518
Gorai.007G237200.1.D	1770	1664.5	405.376	9.65957
Gorai.007G237300.1.A	806	700.505	11.0721	0.626907
Gorai.007G237300.1.D	806	700.505	11.0721	0.626907
Gorai.007G237400.1.A	255	149.978	3.64264	0.963326
Gorai.007G237400.1.D	255	149.978	3.64264	0.963326
Gorai.007G237500.1.A	567	461.551	0	0
Gorai.007G237500.1.D	567	461.551	0	0
Gorai.007G237600.1.A	366	260.583	0.582133	0.0886056
Gorai.007G237600.1.D	366	260.583	0.582133	0.0886056
Gorai.007G237700.1.A	1689	1583.5	0	0
Gorai.007G237700.1.D	1689	1583.5	24.6256	0.616813
Gorai.007G237800.1.A	595	489.551	13.2223	1.07126
Gorai.007G237800.1.D	595	489.551	0	0
Gorai.007G237900.1.A	622	516.505	2621.71	201.324
Gorai.007G237900.1.D	622	516.505	0	0
Gorai.007G238000.1.A	2193	2087.5	0	0
Gorai.007G238000.1.D	2193	2087.5	0	0
Gorai.007G238100.1.A	1666	1560.5	227.679	5.78685
Gorai.007G238100.1.D	1666	1560.5	282.321	7.17569
Gorai.007G238200.1.A	348	242.63	0	0
Gorai.007G238200.1.D	348	242.63	0	0
Gorai.007G238300.1.A	570	464.551	0	0
Gorai.007G238300.1.D	570	464.551	0	0
Gorai.007G238400.1.A	1695	1589.5	269.111	6.71513
Gorai.007G238400.1.D	1695	1589.5	76.8889	1.91861
Gorai.007G238500.1.A	1130	1024.5	549.242	21.2635
Gorai.007G238500.1.D	1130	1024.5	639.578	24.7608
Gorai.007G238600.1.A	1261	1155.5	771.368	26.4774
Gorai.007G238600.1.D	1261	1155.5	784.632	26.9327
Gorai.007G238700.1.A	1296	1190.5	378.526	12.611
Gorai.007G238700.1.D	1296	1190.5	259.474	8.64464
Gorai.007G238800.1.A	1203	1097.5	1	0.0361392
Gorai.007G238800.1.D	1203	1097.5	0	0
Gorai.007G238900.1.A	825	719.505	0	0
Gorai.007G238900.1.D	825	719.505	0	0
Gorai.007G239000.1.A	1424	1318.5	2335.94	70.2691
Gorai.007G239000.1.D	1424	1318.5	6643.06	199.835
Gorai.007G239100.1.A	603	497.551	0	0
Gorai.007G239100.1.D	603	497.551	0	0
Gorai.007G239200.1.A	5148	5042.5	415.452	3.26783
Gorai.007G239200.1.D	5148	5042.5	1013.19	7.9695
Gorai.007G239300.1.A	444	338.583	0	0
Gorai.007G239300.1.D	444	338.583	5	0.585719
Gorai.007G239400.1.A	1227	1121.5	27	0.954877
Gorai.007G239400.1.D	1227	1121.5	0	0
Gorai.007G239500.1.A	564	458.551	0	0
Gorai.007G239500.1.D	564	458.551	0	0
Gorai.007G239600.1.A	746	640.505	0	0
Gorai.007G239600.1.D	746	640.505	0	0
Gorai.007G239700.1.A	1033	927.505	30	1.28289
Gorai.007G239700.1.D	1033	927.505	0	0
Gorai.007G239800.1.A	952	846.505	1	0.046855
Gorai.007G239800.1.D	952	846.505	19	0.890244
Gorai.007G239900.1.A	497	391.551	1.77806	0.180112
Gorai.007G239900.1.D	497	391.551	5.11527	0.518161
Gorai.007G240000.1.A	1558	1452.5	39.9211	1.09011
Gorai.007G240000.1.D	1558	1452.5	1.07895	0.0294624
Gorai.007G240100.1.A	1737	1631.5	0	0
Gorai.007G240100.1.D	1737	1631.5	0	0
Gorai.007G240200.1.A	1644	1538.5	1484.59	38.273
Gorai.007G240200.1.D	1644	1538.5	2476.41	63.8423
Gorai.007G240300.1.A	794	688.505	6.18826	0.356489
Gorai.007G240300.1.D	794	688.505	12.3143	0.709395
Gorai.007G240400.1.A	978	872.505	5	0.227294
Gorai.007G240400.1.D	978	872.505	0	0
Gorai.007G240500.1.A	564	458.551	0.5	0.0432481
Gorai.007G240500.1.D	564	458.551	0.5	0.0432481
Gorai.007G240600.1.A	1583	1477.5	0	0
Gorai.007G240600.1.D	1583	1477.5	0	0
Gorai.007G240700.1.A	1059	953.505	35.8788	1.49245
Gorai.007G240700.1.D	1059	953.505	38.1212	1.58573
Gorai.007G240800.1.A	2481	2375.5	83.8268	1.39963
Gorai.007G240800.1.D	2481	2375.5	1663.17	27.7694
Gorai.007G240900.1.A	657	551.505	0.503699	0.0362249
Gorai.007G240900.1.D	657	551.505	0.503699	0.0362249
Gorai.007G241000.1.A	1791	1685.5	0	0
Gorai.007G241000.1.D	1791	1685.5	0	0
Gorai.007G241100.1.A	606	500.551	24.1646	1.91476
Gorai.007G241100.1.D	606	500.551	24.1646	1.91476
Gorai.007G241200.1.A	306	200.687	6.95623	1.3748
Gorai.007G241200.1.D	306	200.687	6.95623	1.3748
Gorai.007G241300.1.A	1722	1616.5	139.957	3.43401
Gorai.007G241300.1.D	1722	1616.5	34.0435	0.835299
Gorai.007G241400.1.A	675	569.505	1.5	0.104467
Gorai.007G241400.1.D	675	569.505	1.5	0.104467
Gorai.007G241500.1.A	674	568.505	8.53333	0.595346
Gorai.007G241500.1.D	674	568.505	7.46667	0.520928
Gorai.007G241600.1.A	1947	1841.5	474.049	10.2102
Gorai.007G241600.1.D	1947	1841.5	281.951	6.07275
Gorai.007G241700.1.A	654	548.505	8	0.578488
Gorai.007G241700.1.D	654	548.505	7	0.506177
Gorai.007G241800.1.A	2014	1908.5	148.176	3.07942
Gorai.007G241800.1.D	2014	1908.5	123.646	2.56965
Gorai.007G241900.1.A	1363	1257.5	2	0.063082
Gorai.007G241900.1.D	1363	1257.5	0	0
Gorai.007G242000.1.A	1091	985.505	0	0
Gorai.007G242000.1.D	1091	985.505	0	0
Gorai.007G242100.1.A	1300	1194.5	9.77778	0.324666
Gorai.007G242100.1.D	1300	1194.5	23.2222	0.771082
Gorai.007G242200.1.A	783	677.505	1	0.0585427
Gorai.007G242200.1.D	783	677.505	1	0.0585427
Gorai.007G242300.1.A	409	303.583	0	0
Gorai.007G242300.1.D	409	303.583	0	0
Gorai.007G242400.1.A	7302	7196.5	8799.6	48.4983
Gorai.007G242400.1.D	7302	7196.5	8492.4	46.8052
Gorai.007G242500.1.A	2803	2697.5	638.438	9.38732
Gorai.007G242500.1.D	2803	2697.5	315.562	4.63989
Gorai.007G242600.1.A	2164	2058.5	8.24379	0.15884
Gorai.007G242600.1.D	2164	2058.5	0	0
Gorai.007G242700.1.A	435	329.583	7.44632	0.89611
Gorai.007G242700.1.D	435	329.583	0	0
Gorai.007G242800.1.A	795	689.505	0	0
Gorai.007G242800.1.D	795	689.505	0	0
Gorai.007G242900.1.A	661	555.505	164.699	11.7595
Gorai.007G242900.1.D	661	555.505	681.301	48.6448
Gorai.007G243000.1.A	1374	1268.5	4.27671	0.133722
Gorai.007G243000.1.D	1374	1268.5	1216.72	38.0439
Gorai.007G243100.1.A	1665	1559.5	642.183	16.3327
Gorai.007G243100.1.D	1665	1559.5	532.732	13.549
Gorai.007G243200.1.A	1263	1157.5	0	0
Gorai.007G243200.1.D	1263	1157.5	2	0.0685318
Gorai.007G243300.1.A	1546	1440.5	16.8051	0.462712
Gorai.007G243300.1.D	1546	1440.5	32.7257	0.901072
Gorai.007G243400.1.A	582	476.551	0	0
Gorai.007G243400.1.D	582	476.551	0	0
Gorai.007G243500.1.A	324	218.63	0	0
Gorai.007G243500.1.D	324	218.63	0	0
Gorai.007G243600.1.A	825	719.505	21.1827	1.16771
Gorai.007G243600.1.D	825	719.505	0	0
Gorai.007G243700.1.A	484	378.551	46	4.81968
Gorai.007G243700.1.D	484	378.551	0	0
Gorai.007G243800.1.A	193	89.7761	18	7.95237
Gorai.007G243800.1.D	193	89.7761	0	0
Gorai.007G243900.1.A	114	28.4159	0	0
Gorai.007G243900.1.D	114	28.4159	0	0
Gorai.007G244000.1.A	3699	3593.5	619.563	6.83836
Gorai.007G244000.1.D	3699	3593.5	502.437	5.5456
Gorai.007G244100.1.A	730	624.505	7.9678	0.506043
Gorai.007G244100.1.D	730	624.505	17.43	1.107
Gorai.007G244200.1.A	2065	1959.5	85.8252	1.73722
Gorai.007G244200.1.D	2065	1959.5	84.1748	1.70381
Gorai.007G244300.1.A	351	245.63	0	0
Gorai.007G244300.1.D	351	245.63	0	0
Gorai.007G244400.1.A	367	261.583	0	0
Gorai.007G244400.1.D	367	261.583	0	0
Gorai.007G244500.1.A	1648	1542.5	132.371	3.4037
Gorai.007G244500.1.D	1648	1542.5	537.629	13.8242
Gorai.007G244600.1.A	2506	2400.5	203.691	3.36554
Gorai.007G244600.1.D	2506	2400.5	135.309	2.23568
Gorai.007G244700.1.A	1577	1471.5	61.9189	1.66896
Gorai.007G244700.1.D	1577	1471.5	96.0811	2.58977
Gorai.007G244800.1.A	1605	1499.5	0	0
Gorai.007G244800.1.D	1605	1499.5	6	0.158704
Gorai.007G244900.1.A	779	673.505	0	0
Gorai.007G244900.1.D	779	673.505	37	2.17894
Gorai.007G245000.1.A	936	830.505	76.3974	3.64856
Gorai.007G245000.1.D	936	830.505	401.603	19.1796
Gorai.007G245100.1.A	1595	1489.5	582.251	15.5043
Gorai.007G245100.1.D	1595	1489.5	181.749	4.83967
Gorai.007G245200.1.A	1310	1204.5	1	0.0329288
Gorai.007G245200.1.D	1310	1204.5	0	0
Gorai.007G245300.1.A	920	814.505	0	0
Gorai.007G245300.1.D	920	814.505	1	0.0486958
Gorai.007G245400.1.A	800	694.505	4.89678	0.279653
Gorai.007G245400.1.D	800	694.505	11.2341	0.641575
Gorai.007G245500.1.A	1420	1314.5	2010.83	60.6732
Gorai.007G245500.1.D	1420	1314.5	2823.17	85.1845
Gorai.007G245600.1.A	571	465.551	0	0
Gorai.007G245600.1.D	571	465.551	0	0
Gorai.007G245700.1.A	3165	3059.5	44.9286	0.582447
Gorai.007G245700.1.D	3165	3059.5	103.071	1.3362
Gorai.007G245800.1.A	495	389.551	0	0
Gorai.007G245800.1.D	495	389.551	0	0
Gorai.007G245900.1.A	243	138.135	1	0.287132
Gorai.007G245900.1.D	243	138.135	1	0.287132
Gorai.007G246000.1.A	901	795.505	0	0
Gorai.007G246000.1.D	901	795.505	0	0
Gorai.007G246100.1.A	1606	1500.5	57.037	1.50766
Gorai.007G246100.1.D	1606	1500.5	82.963	2.19297
Gorai.007G246200.1.A	261	155.894	0	0
Gorai.007G246200.1.D	261	155.894	0	0
Gorai.007G246300.1.A	1117	1011.5	227.332	8.91412
Gorai.007G246300.1.D	1117	1011.5	864.751	33.9085
Gorai.007G246400.1.A	2090	1984.5	1.03125	0.0206109
Gorai.007G246400.1.D	2090	1984.5	31.9688	0.638938
Gorai.007G246500.1.A	1237	1131.5	0	0
Gorai.007G246500.1.D	1237	1131.5	3	0.10516
Gorai.007G246600.1.A	1416	1310.5	151.429	4.58305
Gorai.007G246600.1.D	1416	1310.5	113.571	3.43728
Gorai.007G246700.1.A	1212	1106.5	6.85714	0.245796
Gorai.007G246700.1.D	1212	1106.5	1.14286	0.040966
Gorai.007G246800.1.A	801	695.505	349.924	19.9553
Gorai.007G246800.1.D	801	695.505	251.076	14.3182
Gorai.007G246900.1.A	1856	1750.5	35.9318	0.814143
Gorai.007G246900.1.D	1856	1750.5	117.068	2.65253
Gorai.007G247000.1.A	445	339.583	4.5	0.525595
Gorai.007G247000.1.D	445	339.583	4.5	0.525595
Gorai.007G247100.1.A	487	381.551	0	0
Gorai.007G247100.1.D	487	381.551	0	0
Gorai.007G247200.1.A	570	464.551	0	0
Gorai.007G247200.1.D	570	464.551	0	0
Gorai.007G247300.1.A	3983	3877.5	244.398	2.49995
Gorai.007G247300.1.D	3983	3877.5	174.57	1.78568
Gorai.007G247400.1.A	683	577.505	0	0
Gorai.007G247400.1.D	683	577.505	0	0
Gorai.007G247500.1.A	2211	2105.5	87.8049	1.65405
Gorai.007G247500.1.D	2211	2105.5	47.1951	0.889049
Gorai.007G247600.1.A	4142	4036.5	1750.7	17.2025
Gorai.007G247600.1.D	4142	4036.5	1949.3	19.1539
Gorai.007G247700.1.A	1368	1262.5	0	0
Gorai.007G247700.1.D	1368	1262.5	0	0
Gorai.007G247800.1.A	963	857.505	12.5	0.578174
Gorai.007G247800.1.D	963	857.505	12.5	0.578174
Gorai.007G247900.1.A	1397	1291.5	0	0
Gorai.007G247900.1.D	1397	1291.5	0	0
Gorai.007G248000.1.A	950	844.505	0	0
Gorai.007G248000.1.D	950	844.505	366	17.1895
Gorai.007G248100.1.A	3649	3543.5	19.871	0.222419
Gorai.007G248100.1.D	3649	3543.5	24.129	0.27008
Gorai.007G248200.1.A	1276	1170.5	96.4479	3.26817
Gorai.007G248200.1.D	1276	1170.5	297.552	10.0827
Gorai.007G248300.1.A	955	849.505	27	1.26062
Gorai.007G248300.1.D	955	849.505	3	0.140068
Gorai.007G248400.1.A	590	484.551	3.07507	0.25171
Gorai.007G248400.1.D	590	484.551	3.07507	0.25171
Gorai.007G248500.1.A	1684	1578.5	2	0.0502538
Gorai.007G248500.1.D	1684	1578.5	62	1.55787
Gorai.007G248600.1.A	2524	2418.5	95.2577	1.56221
Gorai.007G248600.1.D	2524	2418.5	144.742	2.37374
Gorai.007G248700.1.A	2013	1907.5	508.209	10.5672
Gorai.007G248700.1.D	2013	1907.5	172.791	3.59286
Gorai.007G248800.1.A	821	715.505	8.46269	0.469117
Gorai.007G248800.1.D	821	715.505	72.5373	4.021
Gorai.007G248900.1.A	1152	1046.5	0	0
Gorai.007G248900.1.D	1152	1046.5	0	0
Gorai.007G249000.1.A	1152	1046.5	0	0
Gorai.007G249000.1.D	1152	1046.5	0	0
Gorai.007G249100.1.A	219	114.772	0	0
Gorai.007G249100.1.D	219	114.772	0	0
Gorai.007G249200.1.A	957	851.505	611.946	28.5043
Gorai.007G249200.1.D	957	851.505	77.0891	3.5908
Gorai.007G249300.1.A	2718	2612.5	16.6667	0.253033
Gorai.007G249300.1.D	2718	2612.5	3.33333	0.0506065
Gorai.007G249400.1.A	1668	1562.5	0	0
Gorai.007G249400.1.D	1668	1562.5	0	0
Gorai.007G249500.1.A	1239	1133.5	0	0
Gorai.007G249500.1.D	1239	1133.5	0	0
Gorai.007G249600.1.A	1888	1782.5	33.641	0.748555
Gorai.007G249600.1.D	1888	1782.5	7.35897	0.163746
Gorai.007G249700.1.A	657	551.505	0	0
Gorai.007G249700.1.D	657	551.505	0	0
Gorai.007G249800.1.A	7024	6918.5	280.124	1.60592
Gorai.007G249800.1.D	7024	6918.5	283.876	1.62743
Gorai.007G249900.1.A	2016	1910.5	375.55	7.79659
Gorai.007G249900.1.D	2016	1910.5	195.45	4.05763
Gorai.007G250000.1.A	1506	1400.5	1943.64	55.0447
Gorai.007G250000.1.D	1506	1400.5	2715.36	76.9003
Gorai.007G250100.1.A	1459	1353.5	27.2	0.797066
Gorai.007G250100.1.D	1459	1353.5	6.8	0.199266
Gorai.007G250200.1.A	1751	1645.5	11.0426	0.266168
Gorai.007G250200.1.D	1751	1645.5	60.1637	1.45018
Gorai.007G250300.1.A	1711	1605.5	26.5498	0.655896
Gorai.007G250300.1.D	1711	1605.5	182.244	4.50222
Gorai.007G250400.1.A	246	141.071	0	0
Gorai.007G250400.1.D	246	141.071	0	0
Gorai.007G250500.1.A	291	185.705	1444.27	308.468
Gorai.007G250500.1.D	291	185.705	1.00157	0.213917
Gorai.007G250600.1.A	2400	2294.5	522.341	9.02921
Gorai.007G250600.1.D	2400	2294.5	525.781	9.08867
Gorai.007G250700.1.A	1675	1569.5	0	0
Gorai.007G250700.1.D	1675	1569.5	0	0
Gorai.007G250800.1.A	5129	5023.5	229.603	1.81283
Gorai.007G250800.1.D	5129	5023.5	239.397	1.89015
Gorai.007G250900.1.A	1365	1259.5	41.28	1.29994
Gorai.007G250900.1.D	1365	1259.5	44.72	1.40827
Gorai.007G251000.1.A	1621	1515.5	51.23	1.34076
Gorai.007G251000.1.D	1621	1515.5	57.77	1.51192
Gorai.007G251100.1.A	483	377.551	0	0
Gorai.007G251100.1.D	483	377.551	0	0
Gorai.007G251200.1.A	408	302.583	0	0
Gorai.007G251200.1.D	408	302.583	0	0
Gorai.007G251300.1.A	3091	2985.5	7.49174	0.099529
Gorai.007G251300.1.D	3091	2985.5	251.508	3.34133
Gorai.007G251400.1.A	1503	1397.5	35.5366	1.00857
Gorai.007G251400.1.D	1503	1397.5	11.4634	0.325346
Gorai.007G251500.1.A	1721	1615.5	371.571	9.12261
Gorai.007G251500.1.D	1721	1615.5	2.42857	0.0596249
Gorai.007G251600.1.A	315	209.649	1.48816	0.28154
Gorai.007G251600.1.D	315	209.649	1.48816	0.28154
Gorai.007G251700.1.A	1937	1831.5	0	0
Gorai.007G251700.1.D	1937	1831.5	0	0
Gorai.007G251800.1.A	2213	2107.5	16.5	0.310528
Gorai.007G251800.1.D	2213	2107.5	16.5	0.310528
Gorai.007G251900.1.A	834	728.505	0.59692	0.0324989
Gorai.007G251900.1.D	834	728.505	0.59692	0.0324989
Gorai.007G252000.1.A	582	476.551	8.5	0.707447
Gorai.007G252000.1.D	582	476.551	8.5	0.707447
Gorai.007G252100.1.A	474	368.551	8	0.860948
Gorai.007G252100.1.D	474	368.551	8	0.860948
Gorai.007G252200.1.A	492	386.551	2.5	0.256518
Gorai.007G252200.1.D	492	386.551	2.5	0.256518
Gorai.007G252300.1.A	1933	1827.5	148.014	3.2124
Gorai.007G252300.1.D	1933	1827.5	159.986	3.47223
Gorai.007G252400.1.A	2395	2289.5	254.224	4.40414
Gorai.007G252400.1.D	2395	2289.5	358.776	6.21536
Gorai.007G252500.1.A	1996	1890.5	185.03	3.88194
Gorai.007G252500.1.D	1996	1890.5	198.97	4.17441
Gorai.007G252600.1.A	285	179.772	2336.34	515.467
Gorai.007G252600.1.D	285	179.772	2336.34	515.467
Gorai.007G252700.1.A	1553	1447.5	22	0.60282
Gorai.007G252700.1.D	1553	1447.5	11	0.30141
Gorai.007G252800.1.A	2161	2055.5	1	0.019296
Gorai.007G252800.1.D	2161	2055.5	3	0.0578879
Gorai.007G252900.1.A	1252	1146.5	44.9222	1.55407
Gorai.007G252900.1.D	1252	1146.5	19.4646	0.673371
Gorai.007G253000.1.A	303	197.687	4	0.802539
Gorai.007G253000.1.D	303	197.687	0	0
Gorai.007G253100.1.A	1907	1801.5	1024.29	22.5514
Gorai.007G253100.1.D	1907	1801.5	1187.32	26.1407
Gorai.007G253200.1.A	1959	1853.5	17.5484	0.375516
Gorai.007G253200.1.D	1959	1853.5	14.4516	0.309248
Gorai.007G253300.1.A	957	851.505	0	0
Gorai.007G253300.1.D	957	851.505	0	0
Gorai.007G253400.1.A	187	84.2364	17	8.00449
Gorai.007G253400.1.D	187	84.2364	0	0
Gorai.007G253500.1.A	2439	2333.5	217.946	3.70446
Gorai.007G253500.1.D	2439	2333.5	70.0541	1.19072
Gorai.007G253600.1.A	812	706.505	81.6884	4.58596
Gorai.007G253600.1.D	812	706.505	274.312	15.3998
Gorai.007G253700.1.A	567	461.551	65.9127	5.66414
Gorai.007G253700.1.D	567	461.551	85.0873	7.31189
Gorai.007G253800.1.A	324	218.63	0	0
Gorai.007G253800.1.D	324	218.63	0	0
Gorai.007G253900.1.A	1431	1325.5	58.7647	1.75841
Gorai.007G253900.1.D	1431	1325.5	15.2353	0.455884
Gorai.007G254000.1.A	924	818.505	5.26797	0.255274
Gorai.007G254000.1.D	924	818.505	0	0
Gorai.007G254100.1.A	1516	1410.5	427.383	12.0179
Gorai.007G254100.1.D	1516	1410.5	151.617	4.26341
Gorai.007G254200.1.A	1894	1788.5	581.737	12.901
Gorai.007G254200.1.D	1894	1788.5	44.2626	0.981594
Gorai.007G254300.1.A	1479	1373.5	0	0
Gorai.007G254300.1.D	1479	1373.5	0	0
Gorai.007G254400.1.A	1800	1694.5	6.52778	0.152794
Gorai.007G254400.1.D	1800	1694.5	40.4722	0.947325
Gorai.007G254500.1.A	1057	951.505	0	0
Gorai.007G254500.1.D	1057	951.505	0	0
Gorai.007G254600.1.A	1014	908.505	2.29519	0.100202
Gorai.007G254600.1.D	1014	908.505	4.09699	0.178864
Gorai.007G254700.1.A	469	363.551	0	0
Gorai.007G254700.1.D	469	363.551	0	0
Gorai.007G254800.1.A	1097	991.505	0	0
Gorai.007G254800.1.D	1097	991.505	2	0.0800056
Gorai.007G254900.1.A	1086	980.505	2.22952	0.0901874
Gorai.007G254900.1.D	1086	980.505	1.11476	0.0450937
Gorai.007G255000.1.A	1136	1030.5	1.18367	0.0455583
Gorai.007G255000.1.D	1136	1030.5	6.69454	0.257665
Gorai.007G255100.1.A	462	356.551	21.7775	2.42254
Gorai.007G255100.1.D	462	356.551	0	0
Gorai.007G255200.1.A	1032	926.505	1	0.0428092
Gorai.007G255200.1.D	1032	926.505	0	0
Gorai.007G255300.1.A	3357	3251.5	53.878	0.657222
Gorai.007G255300.1.D	3357	3251.5	40.122	0.489421
Gorai.007G255400.1.A	1575	1469.5	170.836	4.61099
Gorai.007G255400.1.D	1575	1469.5	127.164	3.43224
Gorai.007G255500.1.A	1735	1629.5	325.46	7.92186
Gorai.007G255500.1.D	1735	1629.5	658.54	16.0292
Gorai.007G255600.1.A	786	680.505	94.6316	5.51556
Gorai.007G255600.1.D	786	680.505	91.3684	5.32537
Gorai.007G255700.1.A	2715	2609.5	1690.2	25.69
Gorai.007G255700.1.D	2715	2609.5	1704.55	25.9081
Gorai.007G255800.1.A	2438	2332.5	456.3	7.75913
Gorai.007G255800.1.D	2438	2332.5	219.7	3.73588
Gorai.007G255900.1.A	1846	1740.5	330.786	7.53801
Gorai.007G255900.1.D	1846	1740.5	388.214	8.84669
Gorai.007G256000.1.A	450	344.583	0	0
Gorai.007G256000.1.D	450	344.583	0	0
Gorai.007G256100.1.A	339	233.63	1	0.169768
Gorai.007G256100.1.D	339	233.63	1	0.169768
Gorai.007G256200.1.A	2025	1919.5	203.263	4.20005
Gorai.007G256200.1.D	2025	1919.5	169.764	3.50786
Gorai.007G256300.1.A	1253	1147.5	2239.85	77.4195
Gorai.007G256300.1.D	1253	1147.5	4387.6	151.655
Gorai.007G256400.1.A	1455	1349.5	45	1.32258
Gorai.007G256400.1.D	1455	1349.5	81	2.38065
Gorai.007G256500.1.A	2100	1994.5	94.5882	1.88099
Gorai.007G256500.1.D	2100	1994.5	106.412	2.11612
Gorai.007G256600.1.A	2899	2793.5	800.542	11.3663
Gorai.007G256600.1.D	2899	2793.5	1203.46	17.087
Gorai.007G256700.1.A	1425	1319.5	24.375	0.732687
Gorai.007G256700.1.D	1425	1319.5	53.625	1.61191
Gorai.007G256800.1.A	1380	1274.5	315.096	9.80588
Gorai.007G256800.1.D	1380	1274.5	440.904	13.721
Gorai.007G256900.1.A	3250	3144.5	430.823	5.43415
Gorai.007G256900.1.D	3250	3144.5	317.177	4.00068
Gorai.007G257000.1.A	2447	2341.5	0	0
Gorai.007G257000.1.D	2447	2341.5	9	0.152452
Gorai.007G257100.1.A	908	802.505	0	0
Gorai.007G257100.1.D	908	802.505	0	0
Gorai.007G257200.1.A	1410	1304.5	0	0
Gorai.007G257200.1.D	1410	1304.5	0	0
Gorai.007G257300.1.A	494	388.551	0	0
Gorai.007G257300.1.D	494	388.551	29	2.96029
Gorai.007G257400.1.A	2265	2159.5	5	0.0918334
Gorai.007G257400.1.D	2265	2159.5	0	0
Gorai.007G257500.1.A	2679	2573.5	11311.2	174.328
Gorai.007G257500.1.D	2679	2573.5	37.7453	0.581732
Gorai.007G257600.1.A	1074	968.505	25	1.02382
Gorai.007G257600.1.D	1074	968.505	0	0
Gorai.007G257700.1.A	1026	920.505	4.74449	0.204432
Gorai.007G257700.1.D	1026	920.505	4.74449	0.204432
Gorai.007G257800.1.A	937	831.505	1.0278	0.0490262
Gorai.007G257800.1.D	937	831.505	13.5952	0.648495
Gorai.007G257900.1.A	523	417.551	3.5	0.332463
Gorai.007G257900.1.D	523	417.551	3.5	0.332463
Gorai.007G258000.1.A	1243	1137.5	0	0
Gorai.007G258000.1.D	1243	1137.5	2	0.0697368
Gorai.007G258100.1.A	495	389.551	0	0
Gorai.007G258100.1.D	495	389.551	0	0
Gorai.007G258200.1.A	507	401.551	0	0
Gorai.007G258200.1.D	507	401.551	0	0
Gorai.007G258300.1.A	384	278.583	0	0
Gorai.007G258300.1.D	384	278.583	0	0
Gorai.007G258400.1.A	2788	2682.5	257.613	3.80901
Gorai.007G258400.1.D	2788	2682.5	237.387	3.50995
Gorai.007G258500.1.A	747	641.505	1	0.061828
Gorai.007G258500.1.D	747	641.505	0	0
Gorai.007G258600.1.A	2377	2271.5	542.588	9.47418
Gorai.007G258600.1.D	2377	2271.5	376.004	6.56544
Gorai.007G258700.1.A	177	75.0539	8116	4288.98
Gorai.007G258700.1.D	177	75.0539	0	0
Gorai.007G258800.1.A	489	383.551	0	0
Gorai.007G258800.1.D	489	383.551	0	0
Gorai.007G258900.1.A	794	688.505	16.0284	0.923352
Gorai.007G258900.1.D	794	688.505	3.20637	0.184711
Gorai.007G259000.1.A	600	494.551	0.509077	0.0408279
Gorai.007G259000.1.D	600	494.551	0.509077	0.0408279
Gorai.007G259100.1.A	489	383.551	0	0
Gorai.007G259100.1.D	489	383.551	0	0
Gorai.007G259200.1.A	411	305.583	0	0
Gorai.007G259200.1.D	411	305.583	0	0
Gorai.007G259300.1.A	780	674.505	0	0
Gorai.007G259300.1.D	780	674.505	0	0
Gorai.007G259400.1.A	1000	894.505	1	0.0443407
Gorai.007G259400.1.D	1000	894.505	0	0
Gorai.007G259500.1.A	821	715.505	0	0
Gorai.007G259500.1.D	821	715.505	0	0
Gorai.007G259600.1.A	1335	1229.5	2991.57	96.5059
Gorai.007G259600.1.D	1335	1229.5	1235.43	39.8541
Gorai.007G259700.1.A	4051	3945.5	207.193	2.08285
Gorai.007G259700.1.D	4051	3945.5	328.807	3.30539
Gorai.007G259800.1.A	962	856.505	5.85	0.270901
Gorai.007G259800.1.D	962	856.505	72.15	3.34112
Gorai.007G259900.1.A	3545	3439.5	54.7371	0.631205
Gorai.007G259900.1.D	3545	3439.5	443.263	5.11152
Gorai.007G260000.1.A	2372	2266.5	1.07033	0.0187303
Gorai.007G260000.1.D	2372	2266.5	2433.93	42.5928
Gorai.007G260100.1.A	2976	2870.5	40.9302	0.56555
Gorai.007G260100.1.D	2976	2870.5	2423.07	33.4805
Gorai.007G260200.1.A	2578	2472.5	1576.11	25.2833
Gorai.007G260200.1.D	2578	2472.5	2659.89	42.669
Gorai.007G260300.1.A	1460	1354.5	91.2295	2.67141
Gorai.007G260300.1.D	1460	1354.5	67.7705	1.98447
Gorai.007G260400.1.A	2788	2682.5	95.4019	1.41059
Gorai.007G260400.1.D	2788	2682.5	136.598	2.01971
Gorai.007G260500.1.A	863	757.505	2.21486	0.11597
Gorai.007G260500.1.D	863	757.505	1.10743	0.0579851
Gorai.007G260600.1.A	1868	1762.5	85.883	1.93269
Gorai.007G260600.1.D	1868	1762.5	31.117	0.700249
Gorai.007G260700.1.A	1388	1282.5	5.15899	0.159548
Gorai.007G260700.1.D	1388	1282.5	5.15899	0.159548
Gorai.007G260800.1.A	3912	3806.5	629.48	6.55904
Gorai.007G260800.1.D	3912	3806.5	1862.52	19.407
Gorai.007G260900.1.A	1374	1268.5	2.33333	0.0729574
Gorai.007G260900.1.D	1374	1268.5	4.66667	0.145915
Gorai.007G261000.1.A	1769	1663.5	13484.1	321.502
Gorai.007G261000.1.D	1769	1663.5	63.8849	1.52321
Gorai.007G261100.1.A	1558	1452.5	335.702	9.16689
Gorai.007G261100.1.D	1558	1452.5	183.298	5.00523
Gorai.007G261200.1.A	534	428.551	0	0
Gorai.007G261200.1.D	534	428.551	0	0
Gorai.007G261300.1.A	1784	1678.5	0	0
Gorai.007G261300.1.D	1784	1678.5	0	0
Gorai.007G261400.1.A	687	581.505	2	0.136415
Gorai.007G261400.1.D	687	581.505	0	0
Gorai.007G261500.1.A	3014	2908.5	56.6087	0.771966
Gorai.007G261500.1.D	3014	2908.5	5.3913	0.0735206
Gorai.007G261600.1.A	521	415.551	2	0.190893
Gorai.007G261600.1.D	521	415.551	0	0
Gorai.007G261700.1.A	2133	2027.5	49.1667	0.96182
Gorai.007G261700.1.D	2133	2027.5	9.83333	0.192364
Gorai.007G261800.1.A	2369	2263.5	15	0.262842
Gorai.007G261800.1.D	2369	2263.5	3	0.0525684
Gorai.007G261900.1.A	1809	1703.5	480.618	11.1903
Gorai.007G261900.1.D	1809	1703.5	357.382	8.32098
Gorai.007G262000.1.A	1536	1430.5	963.936	26.7266
Gorai.007G262000.1.D	1536	1430.5	761.064	21.1017
Gorai.007G262100.1.A	930	824.505	0	0
Gorai.007G262100.1.D	930	824.505	0	0
Gorai.007G262200.1.A	1783	1677.5	199.096	4.70742
Gorai.007G262200.1.D	1783	1677.5	2016.45	47.6769
Gorai.007G262300.1.A	549	443.551	1	0.0894213
Gorai.007G262300.1.D	549	443.551	1	0.0894213
Gorai.007G262400.1.A	667	561.505	69.0219	4.87549
Gorai.007G262400.1.D	667	561.505	1349.44	95.3199
Gorai.007G262500.1.A	597	491.551	774.255	62.4741
Gorai.007G262500.1.D	597	491.551	186.745	15.0683
Gorai.007G262600.1.A	1504	1398.5	842.239	23.8867
Gorai.007G262600.1.D	1504	1398.5	559.761	15.8754
Gorai.007G262700.1.A	4245	4139.5	14	0.134142
Gorai.007G262700.1.D	4245	4139.5	0	0
Gorai.007G262800.1.A	575	469.551	1.50818	0.127396
Gorai.007G262800.1.D	575	469.551	1.50818	0.127396
Gorai.007G262900.1.A	3626	3520.5	253	2.85037
Gorai.007G262900.1.D	3626	3520.5	0	0
Gorai.007G263000.1.A	2895	2789.5	14.3889	0.20459
Gorai.007G263000.1.D	2895	2789.5	22.6111	0.321499
Gorai.007G263100.1.A	966	860.505	0	0
Gorai.007G263100.1.D	966	860.505	0	0
Gorai.007G263200.1.A	738	632.505	0	0
Gorai.007G263200.1.D	738	632.505	0	0
Gorai.007G263300.1.A	4314	4208.5	487.377	4.59327
Gorai.007G263300.1.D	4314	4208.5	512.623	4.83121
Gorai.007G263400.1.A	670	564.505	5	0.351307
Gorai.007G263400.1.D	670	564.505	0	0
Gorai.007G263500.1.A	944	838.505	1135.15	53.695
Gorai.007G263500.1.D	944	838.505	1186.85	56.1402
Gorai.007G263600.1.A	685	579.505	0	0
Gorai.007G263600.1.D	685	579.505	1	0.0684428
Gorai.007G263700.1.A	1749	1643.5	30.4615	0.735133
Gorai.007G263700.1.D	1749	1643.5	41.5385	1.00245
Gorai.007G263800.1.A	2811	2705.5	32.2653	0.473012
Gorai.007G263800.1.D	2811	2705.5	18.7347	0.274652
Gorai.007G263900.1.A	3981	3875.5	1081.89	11.0724
Gorai.007G263900.1.D	3981	3875.5	1520.11	15.5572
Gorai.007G264000.1.A	2066	1960.5	52	1.05201
Gorai.007G264000.1.D	2066	1960.5	52	1.05201
Gorai.007G264100.1.A	1838	1732.5	7.9183	0.181277
Gorai.007G264100.1.D	1838	1732.5	7.9183	0.181277
Gorai.007G264200.1.A	1533	1427.5	345.989	9.61324
Gorai.007G264200.1.D	1533	1427.5	383.923	10.6672
Gorai.007G264300.1.A	1117	1011.5	1463.13	57.3719
Gorai.007G264300.1.D	1117	1011.5	1244.87	48.8137
Gorai.007G264400.1.A	1844	1738.5	2337.5	53.3287
Gorai.007G264400.1.D	1844	1738.5	1342.5	30.6283
Gorai.007G264500.1.A	2403	2297.5	423.639	7.31349
Gorai.007G264500.1.D	2403	2297.5	73.7064	1.27243
Gorai.007G264600.1.A	794	688.505	33.3333	1.92025
Gorai.007G264600.1.D	794	688.505	66.6667	3.84049
Gorai.007G264700.1.A	948	842.505	0	0
Gorai.007G264700.1.D	948	842.505	0	0
Gorai.007G264800.1.A	243	138.135	6.13591	1.76182
Gorai.007G264800.1.D	243	138.135	5.11326	1.46818
Gorai.007G264900.1.A	234	129.404	0	0
Gorai.007G264900.1.D	234	129.404	11.9963	3.67692
Gorai.007G265000.1.A	722	616.505	31.9	2.05229
Gorai.007G265000.1.D	722	616.505	1.1	0.0707687
Gorai.007G265100.1.A	1718	1612.5	0	0
Gorai.007G265100.1.D	1718	1612.5	13	0.319762
Gorai.007G265200.1.A	833	727.505	2	0.109038
Gorai.007G265200.1.D	833	727.505	0	0
Gorai.007G265300.1.A	1704	1598.5	0	0
Gorai.007G265300.1.D	1704	1598.5	0	0
Gorai.007G265400.1.A	1099	993.505	29.58	1.1809
Gorai.007G265400.1.D	1099	993.505	21.42	0.855135
Gorai.007G265500.1.A	775	669.505	0	0
Gorai.007G265500.1.D	775	669.505	0	0
Gorai.007G265600.1.A	890	784.505	5	0.25279
Gorai.007G265600.1.D	890	784.505	2	0.101116
Gorai.007G265700.1.A	225	120.599	0	0
Gorai.007G265700.1.D	225	120.599	0	0
Gorai.007G265800.1.A	612	506.551	0	0
Gorai.007G265800.1.D	612	506.551	0	0
Gorai.007G265900.1.A	868	762.505	0	0
Gorai.007G265900.1.D	868	762.505	0	0
Gorai.007G266000.1.A	429	323.583	0	0
Gorai.007G266000.1.D	429	323.583	0	0
Gorai.007G266100.1.A	1256	1150.5	0	0
Gorai.007G266100.1.D	1256	1150.5	0	0
Gorai.007G266200.1.A	285	179.772	0	0
Gorai.007G266200.1.D	285	179.772	0	0
Gorai.007G266300.1.A	316	210.63	15.5	2.91875
Gorai.007G266300.1.D	316	210.63	15.5	2.91875
Gorai.007G266400.1.A	1548	1442.5	4	0.109984
Gorai.007G266400.1.D	1548	1442.5	3	0.0824877
Gorai.007G266500.1.A	213	108.896	0	0
Gorai.007G266500.1.D	213	108.896	0	0
Gorai.007G266600.1.A	599	493.551	1	0.0803623
Gorai.007G266600.1.D	599	493.551	0	0
Gorai.007G266700.1.A	1185	1079.5	16.0656	0.59028
Gorai.007G266700.1.D	1185	1079.5	34.2121	1.25701
Gorai.007G266800.1.A	246	141.071	0	0
Gorai.007G266800.1.D	246	141.071	9.19953	2.5865
Gorai.007G266900.1.A	1594	1488.5	0	0
Gorai.007G266900.1.D	1594	1488.5	10	0.266462
Gorai.007G267000.1.A	2444	2338.5	226.166	3.83596
Gorai.007G267000.1.D	2444	2338.5	167.834	2.8466
Gorai.007G267100.1.A	1957	1851.5	0	0
Gorai.007G267100.1.D	1957	1851.5	1	0.021422
Gorai.007G267200.1.A	1833	1727.5	41.0034	0.941425
Gorai.007G267200.1.D	1833	1727.5	265.997	6.10719
Gorai.007G267300.1.A	1206	1100.5	0	0
Gorai.007G267300.1.D	1206	1100.5	0	0
Gorai.007G267400.1.A	2802	2696.5	7	0.102963
Gorai.007G267400.1.D	2802	2696.5	28	0.411853
Gorai.007G267500.1.A	1805	1699.5	8	0.186704
Gorai.007G267500.1.D	1805	1699.5	4	0.0933518
Gorai.007G267600.1.A	2119	2013.5	167.874	3.30686
Gorai.007G267600.1.D	2119	2013.5	195.126	3.84368
Gorai.007G267700.1.A	1735	1629.5	136.917	3.33262
Gorai.007G267700.1.D	1735	1629.5	297.083	7.23115
Gorai.007G267800.1.A	1400	1294.5	1	0.0306395
Gorai.007G267800.1.D	1400	1294.5	0	0
Gorai.007G267900.1.A	1703	1597.5	14.6667	0.364145
Gorai.007G267900.1.D	1703	1597.5	7.33333	0.182072
Gorai.007G268000.1.A	807	701.505	199.564	11.2833
Gorai.007G268000.1.D	807	701.505	162.436	9.1841
Gorai.007G268100.1.A	806	700.505	57.5685	3.25956
Gorai.007G268100.1.D	806	700.505	57.5685	3.25956
Gorai.007G268200.1.A	2291	2185.5	2363.04	42.885
Gorai.007G268200.1.D	2291	2185.5	1302.96	23.6463
Gorai.007G268300.1.A	1343	1237.5	443.405	14.2115
Gorai.007G268300.1.D	1343	1237.5	1569.59	50.3067
Gorai.007G268400.1.A	2526	2420.5	1.13165	0.0185434
Gorai.007G268400.1.D	2526	2420.5	0	0
Gorai.007G268500.1.A	2022	1916.5	81.5827	1.68839
Gorai.007G268500.1.D	2022	1916.5	80.4173	1.66427
Gorai.007G268600.1.A	1381	1275.5	9.25714	0.287859
Gorai.007G268600.1.D	1381	1275.5	134.743	4.18995
Gorai.007G268700.1.A	1822	1716.5	450.227	10.4033
Gorai.007G268700.1.D	1822	1716.5	1442.77	33.3379
Gorai.007G268800.1.A	1205	1099.5	4	0.144294
Gorai.007G268800.1.D	1205	1099.5	0	0
Gorai.007G268900.1.A	1143	1037.5	19.6364	0.750682
Gorai.007G268900.1.D	1143	1037.5	40.3636	1.54307
Gorai.007G269000.1.A	312	206.649	0	0
Gorai.007G269000.1.D	312	206.649	0	0
Gorai.007G269100.1.A	684	578.505	0	0
Gorai.007G269100.1.D	684	578.505	0	0
Gorai.007G269200.1.A	1259	1153.5	0	0
Gorai.007G269200.1.D	1259	1153.5	4	0.137539
Gorai.007G269300.1.A	1001	895.505	2.5	0.110728
Gorai.007G269300.1.D	1001	895.505	2.5	0.110728
Gorai.007G269400.1.A	486	380.551	0	0
Gorai.007G269400.1.D	486	380.551	0	0
Gorai.007G269500.1.A	615	509.505	0	0
Gorai.007G269500.1.D	615	509.505	0	0
Gorai.007G269600.1.A	678	572.505	0	0
Gorai.007G269600.1.D	678	572.505	0	0
Gorai.007G269700.1.A	465	359.551	0	0
Gorai.007G269700.1.D	465	359.551	0	0
Gorai.007G269800.1.A	711	605.505	0	0
Gorai.007G269800.1.D	711	605.505	0	0
Gorai.007G269900.1.A	588	482.551	0	0
Gorai.007G269900.1.D	588	482.551	0	0
Gorai.007G270000.1.A	471	365.551	0	0
Gorai.007G270000.1.D	471	365.551	0	0
Gorai.007G270100.1.A	882	776.505	0	0
Gorai.007G270100.1.D	882	776.505	0	0
Gorai.007G270200.1.A	678	572.505	0	0
Gorai.007G270200.1.D	678	572.505	0	0
Gorai.007G270300.1.A	693	587.505	0.5	0.0337554
Gorai.007G270300.1.D	693	587.505	0.5	0.0337554
Gorai.007G270400.1.A	1719	1613.5	4.00255	0.0983901
Gorai.007G270400.1.D	1719	1613.5	4.00255	0.0983901
Gorai.007G270500.1.A	684	578.505	0	0
Gorai.007G270500.1.D	684	578.505	0	0
Gorai.007G270600.1.A	678	572.505	0	0
Gorai.007G270600.1.D	678	572.505	0	0
Gorai.007G270700.1.A	704	598.505	0	0
Gorai.007G270700.1.D	704	598.505	0	0
Gorai.007G270800.1.A	585	479.551	0	0
Gorai.007G270800.1.D	585	479.551	0	0
Gorai.007G270900.1.A	1308	1202.5	1	0.0329836
Gorai.007G270900.1.D	1308	1202.5	0	0
Gorai.007G271000.1.A	980	874.505	0	0
Gorai.007G271000.1.D	980	874.505	0	0
Gorai.007G271100.1.A	3728	3622.5	1219.78	13.3554
Gorai.007G271100.1.D	3728	3622.5	2084.86	22.8273
Gorai.007G271200.1.A	798	692.505	4.56976	0.261731
Gorai.007G271200.1.D	798	692.505	0	0
Gorai.007G271300.1.A	4226	4120.5	1108.67	10.6718
Gorai.007G271300.1.D	4226	4120.5	523.325	5.0374
Gorai.007G271400.1.A	1612	1506.5	0	0
Gorai.007G271400.1.D	1612	1506.5	0	0
Gorai.007G271500.1.A	807	701.505	81.7612	4.62276
Gorai.007G271500.1.D	807	701.505	81.7612	4.62276
Gorai.007G271600.1.A	807	701.505	0	0
Gorai.007G271600.1.D	807	701.505	1.03072	0.058277
Gorai.007G271700.1.A	1447	1341.5	0	0
Gorai.007G271700.1.D	1447	1341.5	0	0
Gorai.007G271800.1.A	786	680.505	0	0
Gorai.007G271800.1.D	786	680.505	0	0
Gorai.007G271900.1.A	648	542.505	0	0
Gorai.007G271900.1.D	648	542.505	0	0
Gorai.007G272000.1.A	8298	8192.5	990.54	4.79557
Gorai.007G272000.1.D	8298	8192.5	1238.46	5.99584
Gorai.007G272100.1.A	360	254.63	0	0
Gorai.007G272100.1.D	360	254.63	0	0
Gorai.007G272200.1.A	479	373.551	0	0
Gorai.007G272200.1.D	479	373.551	0	0
Gorai.007G272300.1.A	699	593.505	3	0.200485
Gorai.007G272300.1.D	699	593.505	3	0.200485
Gorai.007G272400.1.A	464	358.551	0	0
Gorai.007G272400.1.D	464	358.551	0	0
Gorai.007G272500.1.A	354	248.63	0	0
Gorai.007G272500.1.D	354	248.63	0	0
Gorai.007G272600.1.A	1207	1101.5	230.649	8.30521
Gorai.007G272600.1.D	1207	1101.5	230.649	8.30521
Gorai.007G272700.1.A	738	632.505	0	0
Gorai.007G272700.1.D	738	632.505	0	0
Gorai.007G272800.1.A	1346	1240.5	26.2981	0.840834
Gorai.007G272800.1.D	1346	1240.5	4.38301	0.140139
Gorai.007G272900.1.A	418	312.583	0	0
Gorai.007G272900.1.D	418	312.583	0	0
Gorai.007G273000.1.A	1963	1857.5	152.586	3.25814
Gorai.007G273000.1.D	1963	1857.5	24.4138	0.521303
Gorai.007G273100.1.A	2172	2066.5	1	0.0191932
Gorai.007G273100.1.D	2172	2066.5	1	0.0191932
Gorai.007G273200.1.A	1316	1210.5	186.412	6.10791
Gorai.007G273200.1.D	1316	1210.5	67.588	2.21456
Gorai.007G273300.1.A	2282	2176.5	180.843	3.29555
Gorai.007G273300.1.D	2282	2176.5	227.157	4.13953
Gorai.007G273400.1.A	678	572.505	3	0.207839
Gorai.007G273400.1.D	678	572.505	4	0.277119
Gorai.007G273500.1.A	1260	1154.5	72.8571	2.503
Gorai.007G273500.1.D	1260	1154.5	17.1429	0.588942
Gorai.007G273600.1.A	3108	3002.5	103.536	1.3677
Gorai.007G273600.1.D	3108	3002.5	119.464	1.57812
Gorai.007G273700.1.A	3115	3009.5	81.6552	1.07615
Gorai.007G273700.1.D	3115	3009.5	46.3448	0.610789
Gorai.007G273800.1.A	4860	4754.5	182.755	1.52458
Gorai.007G273800.1.D	4860	4754.5	314.737	2.62559
Gorai.007G273900.1.A	5376	5270.5	309.422	2.32854
Gorai.007G273900.1.D	5376	5270.5	268.578	2.02117
Gorai.007G274000.1.A	2682	2576.5	1832.51	28.2098
Gorai.007G274000.1.D	2682	2576.5	1244.49	19.1578
Gorai.007G274100.1.A	375	269.583	121.633	17.8955
Gorai.007G274100.1.D	375	269.583	109.367	16.0909
Gorai.007G274200.1.A	1110	1004.5	0	0
Gorai.007G274200.1.D	1110	1004.5	0	0
Gorai.007G274300.1.A	1240	1134.5	0	0
Gorai.007G274300.1.D	1240	1134.5	0	0
Gorai.007G274400.1.A	1487	1381.5	2.21053	0.0634641
Gorai.007G274400.1.D	1487	1381.5	18.7895	0.539445
Gorai.007G274500.1.A	2567	2461.5	2	0.0322266
Gorai.007G274500.1.D	2567	2461.5	5	0.0805665
Gorai.007G274600.1.A	549	443.551	0	0
Gorai.007G274600.1.D	549	443.551	18	1.60958
Gorai.007G274700.1.A	2019	1913.5	76.9369	1.59474
Gorai.007G274700.1.D	2019	1913.5	45.0631	0.934063
Gorai.007G274800.1.A	1749	1643.5	68.6493	1.65672
Gorai.007G274800.1.D	1749	1643.5	61.2156	1.47733
Gorai.007G274900.1.A	2554	2448.5	11.0744	0.179393
Gorai.007G274900.1.D	2554	2448.5	4.06064	0.0657777
Gorai.007G275000.1.A	729	623.505	0	0
Gorai.007G275000.1.D	729	623.505	0	0
Gorai.007G275100.1.A	639	533.505	9	0.669097
Gorai.007G275100.1.D	639	533.505	30	2.23032
Gorai.007G275200.1.A	2984	2878.5	41.8144	0.576161
Gorai.007G275200.1.D	2984	2878.5	62.1856	0.856855
Gorai.007G275300.1.A	2521	2415.5	2	0.0328403
Gorai.007G275300.1.D	2521	2415.5	3	0.0492604
Gorai.007G275400.1.A	3088	2982.5	103.586	1.37754
Gorai.007G275400.1.D	3088	2982.5	315.414	4.19454
Gorai.007G275500.1.A	3681	3575.5	196.816	2.18327
Gorai.007G275500.1.D	3681	3575.5	241.184	2.67545
Gorai.007G275600.1.A	2668	2562.5	518.888	8.03145
Gorai.007G275600.1.D	2668	2562.5	542.82	8.40188
Gorai.007G275700.1.A	754	648.505	2.4153	0.147721
Gorai.007G275700.1.D	754	648.505	67.6285	4.1362
Gorai.007G275800.1.A	2283	2177.5	374	6.81236
Gorai.007G275800.1.D	2283	2177.5	550	10.0182
Gorai.007G275900.1.A	1831	1725.5	5.83333	0.134087
Gorai.007G275900.1.D	1831	1725.5	1.16667	0.0268173
Gorai.007G276000.1.A	2285	2179.5	3.10345	0.056477
Gorai.007G276000.1.D	2285	2179.5	26.8966	0.489467
Gorai.007G276100.1.A	1230	1124.5	116.988	4.12635
Gorai.007G276100.1.D	1230	1124.5	166.012	5.85548
Gorai.007G276200.1.A	4342	4236.5	330.283	3.09217
Gorai.007G276200.1.D	4342	4236.5	492.717	4.61291
Gorai.007G276300.1.A	1749	1643.5	5	0.120666
Gorai.007G276300.1.D	1749	1643.5	0	0
Gorai.007G276400.1.A	1799	1693.5	0	0
Gorai.007G276400.1.D	1799	1693.5	1	0.0234206
Gorai.007G276500.1.A	3365	3259.5	317.988	3.86941
Gorai.007G276500.1.D	3365	3259.5	258.012	3.13959
Gorai.007G276600.1.A	1521	1415.5	637.394	17.86
Gorai.007G276600.1.D	1521	1415.5	258.606	7.24623
Gorai.007G276700.1.A	389	283.583	0	0
Gorai.007G276700.1.D	389	283.583	0	0
Gorai.007G276800.1.A	500	394.551	5.02975	0.505624
Gorai.007G276800.1.D	500	394.551	5.02975	0.505624
Gorai.007G276900.1.A	1574	1468.5	54.1237	1.46183
Gorai.007G276900.1.D	1574	1468.5	50.8763	1.37412
Gorai.007G277000.1.A	1198	1092.5	10.5	0.381198
Gorai.007G277000.1.D	1198	1092.5	52.5	1.90599
Gorai.007G277100.1.A	674	568.505	3.3282	0.232199
Gorai.007G277100.1.D	674	568.505	47.1239	3.2877
Gorai.007G277200.1.A	2108	2002.5	49.6774	0.983944
Gorai.007G277200.1.D	2108	2002.5	20.3226	0.402523
Gorai.007G277300.1.A	1689	1583.5	22	0.551046
Gorai.007G277300.1.D	1689	1583.5	28	0.701332
Gorai.007G277400.1.A	1110	1004.5	0	0
Gorai.007G277400.1.D	1110	1004.5	0	0
Gorai.007G277500.1.A	3181	3075.5	0	0
Gorai.007G277500.1.D	3181	3075.5	4	0.0515856
Gorai.007G277600.1.A	3337	3231.5	26.9231	0.330449
Gorai.007G277600.1.D	3337	3231.5	1.07692	0.013218
Gorai.007G277700.1.A	1197	1091.5	41	1.48985
Gorai.007G277700.1.D	1197	1091.5	0	0
Gorai.007G277800.1.A	354	248.63	6	0.957155
Gorai.007G277800.1.D	354	248.63	0	0
Gorai.007G277900.1.A	549	443.551	5	0.447107
Gorai.007G277900.1.D	549	443.551	5	0.447107
Gorai.007G278000.1.A	2081	1975.5	148.268	2.97683
Gorai.007G278000.1.D	2081	1975.5	298.732	5.99776
Gorai.007G278100.1.A	1392	1286.5	62.9947	1.94213
Gorai.007G278100.1.D	1392	1286.5	127.005	3.91558
Gorai.007G278200.1.A	527	421.551	0	0
Gorai.007G278200.1.D	527	421.551	1	0.094088
Gorai.007G278300.1.A	629	523.505	0	0
Gorai.007G278300.1.D	629	523.505	0	0
Gorai.007G278400.1.A	1749	1643.5	7.17647	0.173191
Gorai.007G278400.1.D	1749	1643.5	53.8235	1.29893
Gorai.007G278500.1.A	513	407.551	6	0.583921
Gorai.007G278500.1.D	513	407.551	0	0
Gorai.007G278600.1.A	1348	1242.5	38.2677	1.22157
Gorai.007G278600.1.D	1348	1242.5	96.7323	3.08787
Gorai.007G278700.1.A	934	828.505	5.55556	0.265961
Gorai.007G278700.1.D	934	828.505	4.44444	0.212769
Gorai.007G278800.1.A	1971	1865.5	322.747	6.86199
Gorai.007G278800.1.D	1971	1865.5	435.253	9.25403
Gorai.007G278900.1.A	3117	3011.5	119.751	1.57718
Gorai.007G278900.1.D	3117	3011.5	96.2487	1.26764
Gorai.007G279000.1.A	156	56.9452	0	0
Gorai.007G279000.1.D	156	56.9452	0	0
Gorai.007G279100.1.A	3161	3055.5	1130.31	14.6723
Gorai.007G279100.1.D	3161	3055.5	2085.69	27.074
Gorai.007G279200.1.A	355	249.63	0	0
Gorai.007G279200.1.D	355	249.63	0	0
Gorai.007G279300.1.A	2566	2460.5	160.288	2.58382
Gorai.007G279300.1.D	2566	2460.5	13.4511	0.21683
Gorai.007G279400.1.A	601	495.551	1	0.080038
Gorai.007G279400.1.D	601	495.551	0	0
Gorai.007G279500.1.A	586	480.551	17.9448	1.4811
Gorai.007G279500.1.D	586	480.551	0	0
Gorai.007G279600.1.A	1254	1148.5	148.52	5.12904
Gorai.007G279600.1.D	1254	1148.5	224.48	7.75229
Gorai.007G279700.1.A	4871	4765.5	1.25	0.0104037
Gorai.007G279700.1.D	4871	4765.5	8.75	0.0728256
Gorai.007G279800.1.A	1464	1358.5	138.1	4.03198
Gorai.007G279800.1.D	1464	1358.5	393.9	11.5003
Gorai.007G279900.1.A	1389	1283.5	0	0
Gorai.007G279900.1.D	1389	1283.5	0	0
Gorai.007G280000.1.A	1746	1640.5	105.756	2.55689
Gorai.007G280000.1.D	1746	1640.5	108.244	2.61705
Gorai.007G280100.1.A	2998	2892.5	232.217	3.18424
Gorai.007G280100.1.D	2998	2892.5	94.7826	1.29969
Gorai.007G280200.1.A	1776	1670.5	9.75	0.231495
Gorai.007G280200.1.D	1776	1670.5	3.25	0.077165
Gorai.007G280300.1.A	569	463.551	1	0.0855632
Gorai.007G280300.1.D	569	463.551	2	0.171126
Gorai.007G280400.1.A	909	803.505	7	0.345537
Gorai.007G280400.1.D	909	803.505	0	0
Gorai.007G280500.1.A	1879	1773.5	286.317	6.40324
Gorai.007G280500.1.D	1879	1773.5	272.683	6.09832
Gorai.007G280600.1.A	2409	2303.5	0	0
Gorai.007G280600.1.D	2409	2303.5	1	0.0172185
Gorai.007G280700.1.A	2802	2696.5	0	0
Gorai.007G280700.1.D	2802	2696.5	0	0
Gorai.007G280800.1.A	744	638.505	0	0
Gorai.007G280800.1.D	744	638.505	0	0
Gorai.007G280900.1.A	681	575.505	0	0
Gorai.007G280900.1.D	681	575.505	0	0
Gorai.007G281000.1.A	992	886.505	0	0
Gorai.007G281000.1.D	992	886.505	0	0
Gorai.007G281100.1.A	3451	3345.5	0	0
Gorai.007G281100.1.D	3451	3345.5	11	0.130412
Gorai.007G281200.1.A	913	807.505	0	0
Gorai.007G281200.1.D	913	807.505	7.97074	0.391506
Gorai.007G281300.1.A	1174	1068.5	5.75551	0.213645
Gorai.007G281300.1.D	1174	1068.5	5.75551	0.213645
Gorai.007G281400.1.A	821	715.505	0	0
Gorai.007G281400.1.D	821	715.505	0	0
Gorai.007G281500.1.A	628	522.505	0	0
Gorai.007G281500.1.D	628	522.505	0	0
Gorai.007G281600.1.A	2397	2291.5	5	0.0865434
Gorai.007G281600.1.D	2397	2291.5	1	0.0173087
Gorai.007G281700.1.A	510	404.551	0	0
Gorai.007G281700.1.D	510	404.551	0	0
Gorai.007G281800.1.A	900	794.505	0	0
Gorai.007G281800.1.D	900	794.505	0	0
Gorai.007G281900.1.A	912	806.505	5	0.245894
Gorai.007G281900.1.D	912	806.505	0	0
Gorai.007G282000.1.A	285	179.772	0	0
Gorai.007G282000.1.D	285	179.772	0	0
Gorai.007G282100.1.A	1210	1104.5	205.718	7.38738
Gorai.007G282100.1.D	1210	1104.5	12.2817	0.441037
Gorai.007G282200.1.A	1795	1689.5	17.6842	0.415156
Gorai.007G282200.1.D	1795	1689.5	30.3158	0.711696
Gorai.007G282300.1.A	1389	1283.5	0	0
Gorai.007G282300.1.D	1389	1283.5	0	0
Gorai.007G282400.1.A	465	359.551	0	0
Gorai.007G282400.1.D	465	359.551	0	0
Gorai.007G282500.1.A	1344	1238.5	1	0.0320249
Gorai.007G282500.1.D	1344	1238.5	0	0
Gorai.007G282600.1.A	1044	938.505	25.4536	1.07572
Gorai.007G282600.1.D	1044	938.505	0	0
Gorai.007G282700.1.A	558	452.551	1	0.087643
Gorai.007G282700.1.D	558	452.551	0	0
Gorai.007G282800.1.A	237	132.247	0	0
Gorai.007G282800.1.D	237	132.247	0	0
Gorai.007G282900.1.A	951	845.505	8.61904	0.404322
Gorai.007G282900.1.D	951	845.505	4.1548	0.194903
Gorai.007G283000.1.A	1628	1522.5	0	0
Gorai.007G283000.1.D	1628	1522.5	0	0
Gorai.007G283100.1.A	558	452.551	0	0
Gorai.007G283100.1.D	558	452.551	0	0
Gorai.007G283200.1.A	1190	1084.5	0	0
Gorai.007G283200.1.D	1190	1084.5	0	0
Gorai.007G283300.1.A	477	371.551	0	0
Gorai.007G283300.1.D	477	371.551	0	0
Gorai.007G283400.1.A	1697	1591.5	2.18182	0.0543745
Gorai.007G283400.1.D	1697	1591.5	9.81818	0.244685
Gorai.007G283500.1.A	2709	2603.5	255.693	3.89533
Gorai.007G283500.1.D	2709	2603.5	283.307	4.31603
Gorai.007G283600.1.A	402	296.583	4.25	0.568365
Gorai.007G283600.1.D	402	296.583	12.75	1.7051
Gorai.007G283700.1.A	846	740.505	19.375	1.03776
Gorai.007G283700.1.D	846	740.505	135.625	7.26435
Gorai.007G283800.1.A	2595	2489.5	448.87	7.15143
Gorai.007G283800.1.D	2595	2489.5	686.13	10.9315
Gorai.007G283900.1.A	2982	2876.5	61.4247	0.846959
Gorai.007G283900.1.D	2982	2876.5	14.5753	0.200973
Gorai.007G284000.1.A	2928	2822.5	110.985	1.55961
Gorai.007G284000.1.D	2928	2822.5	175.015	2.45938
Gorai.007G284100.1.A	1517	1411.5	44.1817	1.24149
Gorai.007G284100.1.D	1517	1411.5	566.818	15.9275
Gorai.007G284200.1.A	2594	2488.5	27.6316	0.440405
Gorai.007G284200.1.D	2594	2488.5	35.3684	0.563718
Gorai.007G284300.1.A	1743	1637.5	0	0
Gorai.007G284300.1.D	1743	1637.5	0	0
Gorai.007G284400.1.A	1546	1440.5	0	0
Gorai.007G284400.1.D	1546	1440.5	17	0.468079
Gorai.007G284500.1.A	1692	1586.5	57.375	1.43439
Gorai.007G284500.1.D	1692	1586.5	14.625	0.365628
Gorai.007G284600.1.A	2055	1949.5	41.6667	0.847714
Gorai.007G284600.1.D	2055	1949.5	33.3333	0.678171
Gorai.007G284700.1.A	1628	1522.5	53.0565	1.38218
Gorai.007G284700.1.D	1628	1522.5	99.9435	2.60364
Gorai.007G284800.1.A	786	680.505	61.9556	3.61105
Gorai.007G284800.1.D	786	680.505	6.04444	0.352298
Gorai.007G284900.1.A	2353	2247.5	142.867	2.52126
Gorai.007G284900.1.D	2353	2247.5	53.1325	0.937659
Gorai.007G285000.1.A	1257	1151.5	1098.03	37.8211
Gorai.007G285000.1.D	1257	1151.5	3186.97	109.773
Gorai.007G285100.1.A	1112	1006.5	33.9808	1.33907
Gorai.007G285100.1.D	1112	1006.5	80.0192	3.15329
Gorai.007G285200.1.A	393	287.583	0	0
Gorai.007G285200.1.D	393	287.583	0	0
Gorai.007G285300.1.A	2805	2699.5	46.0496	0.676592
Gorai.007G285300.1.D	2805	2699.5	104.95	1.542
Gorai.007G285400.1.A	1206	1100.5	55.2553	1.99144
Gorai.007G285400.1.D	1206	1100.5	50.7447	1.82887
Gorai.007G285500.1.A	1052	946.505	1185.75	49.6885
Gorai.007G285500.1.D	1052	946.505	528.249	22.1361
Gorai.007G285600.1.A	1173	1067.5	80.3571	2.98566
Gorai.007G285600.1.D	1173	1067.5	144.643	5.37418
Gorai.007G285700.1.A	1934	1828.5	145.348	3.1528
Gorai.007G285700.1.D	1934	1828.5	150.652	3.26787
Gorai.007G285800.1.A	1455	1349.5	48	1.41076
Gorai.007G285800.1.D	1455	1349.5	51	1.49893
Gorai.007G285900.1.A	3573	3467.5	131.353	1.50248
Gorai.007G285900.1.D	3573	3467.5	187.647	2.14639
Gorai.007G286000.1.A	5415	5309.5	378.756	2.82938
Gorai.007G286000.1.D	5415	5309.5	416.244	3.10942
Gorai.007G286100.1.A	1665	1559.5	0	0
Gorai.007G286100.1.D	1665	1559.5	0	0
Gorai.007G286200.1.A	3372	3266.5	570.784	6.93064
Gorai.007G286200.1.D	3372	3266.5	605.216	7.34873
Gorai.007G286300.1.A	991	885.505	158.815	7.11352
Gorai.007G286300.1.D	991	885.505	259.185	11.6093
Gorai.007G286400.1.A	3191	3085.5	602.779	7.74849
Gorai.007G286400.1.D	3191	3085.5	448.221	5.7617
Gorai.007G286500.1.A	1068	962.505	29.702	1.22396
Gorai.007G286500.1.D	1068	962.505	61.964	2.55342
Gorai.007G286600.1.A	1541	1435.5	501.495	13.8563
Gorai.007G286600.1.D	1541	1435.5	503.505	13.9118
Gorai.007G286700.1.A	455	349.551	0	0
Gorai.007G286700.1.D	455	349.551	0	0
Gorai.007G286800.1.A	2968	2862.5	112.769	1.56253
Gorai.007G286800.1.D	2968	2862.5	142.231	1.97076
Gorai.007G286900.1.A	3243	3137.5	156.911	1.9836
Gorai.007G286900.1.D	3243	3137.5	146.089	1.8468
Gorai.007G287000.1.A	2100	1994.5	103.897	2.06611
Gorai.007G287000.1.D	2100	1994.5	53.1029	1.05601
Gorai.007G287100.1.A	2257	2151.5	541.245	9.97784
Gorai.007G287100.1.D	2257	2151.5	351.755	6.48459
Gorai.007G287200.1.A	2569	2463.5	1047.2	16.8601
Gorai.007G287200.1.D	2569	2463.5	904.804	14.5675
Gorai.007G287300.1.A	955	849.505	328.719	15.3477
Gorai.007G287300.1.D	955	849.505	48.2807	2.2542
Gorai.007G287400.1.A	603	497.551	1147.19	91.4496
Gorai.007G287400.1.D	603	497.551	2014.81	160.613
Gorai.007G287500.1.A	1644	1538.5	16.5926	0.42776
Gorai.007G287500.1.D	1644	1538.5	15.4074	0.397206
Gorai.007G287600.1.A	3469	3363.5	456.837	5.38709
Gorai.007G287600.1.D	3469	3363.5	227.163	2.67874
Gorai.007G287700.1.A	2509	2403.5	75.7595	1.25019
Gorai.007G287700.1.D	2509	2403.5	95.2405	1.57167
Gorai.007G287800.1.A	1743	1637.5	26	0.629761
Gorai.007G287800.1.D	1743	1637.5	26	0.629761
Gorai.007G287900.1.A	1516	1410.5	23.3846	0.657568
Gorai.007G287900.1.D	1516	1410.5	14.6154	0.41098
Gorai.007G288000.1.A	2123	2017.5	217.251	4.27102
Gorai.007G288000.1.D	2123	2017.5	214.024	4.20759
Gorai.007G288100.1.A	523	417.551	0	0
Gorai.007G288100.1.D	523	417.551	2	0.189979
Gorai.007G288200.1.A	1176	1070.5	586.634	21.7352
Gorai.007G288200.1.D	1176	1070.5	338.366	12.5367
Gorai.007G288300.1.A	1684	1578.5	56.8644	1.42883
Gorai.007G288300.1.D	1684	1578.5	4.13559	0.103915
Gorai.007G288400.1.A	3362	3256.5	6.57143	0.0800374
Gorai.007G288400.1.D	3362	3256.5	16.4286	0.200094
Gorai.007G288500.1.A	1295	1189.5	133.868	4.46371
Gorai.007G288500.1.D	1295	1189.5	73.1317	2.43851
Gorai.007G288600.1.A	1750	1644.5	2	0.0482369
Gorai.007G288600.1.D	1750	1644.5	0	0
Gorai.007G288700.1.A	1475	1369.5	0	0
Gorai.007G288700.1.D	1475	1369.5	1	0.0289615
Gorai.007G288800.1.A	2299	2193.5	1712.15	30.9591
Gorai.007G288800.1.D	2299	2193.5	1526.37	27.5998
Gorai.007G288900.1.A	2503	2397.5	392.473	6.49285
Gorai.007G288900.1.D	2503	2397.5	407.527	6.74189
Gorai.007G289000.1.A	881	775.505	4.01536	0.205364
Gorai.007G289000.1.D	881	775.505	4.01536	0.205364
Gorai.007G289100.1.A	2871	2765.5	108.361	1.55412
Gorai.007G289100.1.D	2871	2765.5	223.639	3.20743
Gorai.007G289200.1.A	4688	4582.5	1359.83	11.7698
Gorai.007G289200.1.D	4688	4582.5	1383.17	11.9717
Gorai.007G289300.1.A	1406	1300.5	123.208	3.75761
Gorai.007G289300.1.D	1406	1300.5	155.792	4.75136
Gorai.007G289400.1.A	1037	931.505	0	0
Gorai.007G289400.1.D	1037	931.505	2.31597	0.0986125
Gorai.007G289500.1.A	2937	2831.5	441.58	6.18553
Gorai.007G289500.1.D	2937	2831.5	460.42	6.44944
Gorai.007G289600.1.A	1881	1775.5	0	0
Gorai.007G289600.1.D	1881	1775.5	0	0
Gorai.007G289700.1.A	1727	1621.5	114.947	2.81168
Gorai.007G289700.1.D	1727	1621.5	93.0526	2.27612
Gorai.007G289800.1.A	340	234.63	3.55811	0.601478
Gorai.007G289800.1.D	340	234.63	3.55811	0.601478
Gorai.007G289900.1.A	1532	1426.5	50.7692	1.4116
Gorai.007G289900.1.D	1532	1426.5	114.231	3.1761
Gorai.007G290000.1.A	2449	2343.5	0	0
Gorai.007G290000.1.D	2449	2343.5	2	0.0338493
Gorai.007G290100.1.A	1375	1269.5	0	0
Gorai.007G290100.1.D	1375	1269.5	0	0
Gorai.007G290200.1.A	4297	4191.5	5.55556	0.0525705
Gorai.007G290200.1.D	4297	4191.5	4.44444	0.0420564
Gorai.007G290300.1.A	8113	8007.5	59.7333	0.295872
Gorai.007G290300.1.D	8113	8007.5	4.26667	0.0211337
Gorai.007G290400.1.A	6324	6218.5	0.5	0.00318911
Gorai.007G290400.1.D	6324	6218.5	0.5	0.00318911
Gorai.007G290500.1.A	2670	2564.5	0	0
Gorai.007G290500.1.D	2670	2564.5	18	0.27839
Gorai.007G290600.1.A	1656	1550.5	1.5	0.038371
Gorai.007G290600.1.D	1656	1550.5	1.5	0.038371
Gorai.007G290700.1.A	7844	7738.5	1.17528	0.00602376
Gorai.007G290700.1.D	7844	7738.5	32.351	0.165812
Gorai.007G290800.1.A	782	676.505	0	0
Gorai.007G290800.1.D	782	676.505	0	0
Gorai.007G290900.1.A	2756	2650.5	1	0.0149643
Gorai.007G290900.1.D	2756	2650.5	13	0.194536
Gorai.007G291000.1.A	6876	6770.5	0	0
Gorai.007G291000.1.D	6876	6770.5	25.4737	0.14923
Gorai.007G291100.1.A	1753	1647.5	1.33333	0.0320994
Gorai.007G291100.1.D	1753	1647.5	2.66667	0.0641988
Gorai.007G291200.1.A	840	734.505	111.275	6.00881
Gorai.007G291200.1.D	840	734.505	162.725	8.78708
Gorai.007G291300.1.A	1786	1680.5	36.4444	0.860155
Gorai.007G291300.1.D	1786	1680.5	4.55556	0.107519
Gorai.007G291400.1.A	1968	1862.5	0	0
Gorai.007G291400.1.D	1968	1862.5	5	0.106477
Gorai.007G291500.1.A	973	867.505	0	0
Gorai.007G291500.1.D	973	867.505	5	0.228604
Gorai.007G291600.1.A	3403	3297.5	0	0
Gorai.007G291600.1.D	3403	3297.5	0	0
Gorai.007G291700.1.A	898	792.505	50.7353	2.53918
Gorai.007G291700.1.D	898	792.505	24.2647	1.21439
Gorai.007G291800.1.A	3643	3537.5	141.221	1.58339
Gorai.007G291800.1.D	3643	3537.5	192.779	2.16146
Gorai.007G291900.1.A	2275	2169.5	252.222	4.61113
Gorai.007G291900.1.D	2275	2169.5	207.778	3.7986
Gorai.007G292000.1.A	2009	1903.5	0	0
Gorai.007G292000.1.D	2009	1903.5	0	0
Gorai.007G292100.1.A	1803	1697.5	0	0
Gorai.007G292100.1.D	1803	1697.5	0	0
Gorai.007G292200.1.A	1028	922.505	3	0.128985
Gorai.007G292200.1.D	1028	922.505	2	0.0859897
Gorai.007G292300.1.A	2002	1896.5	0	0
Gorai.007G292300.1.D	2002	1896.5	14	0.292792
Gorai.007G292400.1.A	1245	1139.5	1	0.0348072
Gorai.007G292400.1.D	1245	1139.5	1	0.0348072
Gorai.007G292500.1.A	2041	1935.5	0	0
Gorai.007G292500.1.D	2041	1935.5	330.977	6.78248
Gorai.007G292600.1.A	1172	1066.5	8	0.297517
Gorai.007G292600.1.D	1172	1066.5	8	0.297517
Gorai.007G292700.1.A	1909	1803.5	7.20187	0.158384
Gorai.007G292700.1.D	1909	1803.5	716.821	15.7644
Gorai.007G292800.1.A	4082	3976.5	50.0311	0.499026
Gorai.007G292800.1.D	4082	3976.5	128.969	1.28638
Gorai.007G292900.1.A	990	884.505	0	0
Gorai.007G292900.1.D	990	884.505	0	0
Gorai.007G293000.1.A	1825	1719.5	0	0
Gorai.007G293000.1.D	1825	1719.5	6	0.138399
Gorai.007G293100.1.A	2232	2126.5	1540.85	28.7395
Gorai.007G293100.1.D	2232	2126.5	56.1487	1.04727
Gorai.007G293200.1.A	1990	1884.5	0	0
Gorai.007G293200.1.D	1990	1884.5	18	0.378844
Gorai.007G293300.1.A	387	281.583	0	0
Gorai.007G293300.1.D	387	281.583	0	0
Gorai.007G293400.1.A	493	387.551	0	0
Gorai.007G293400.1.D	493	387.551	0	0
Gorai.007G293500.1.A	842	736.505	0	0
Gorai.007G293500.1.D	842	736.505	0	0
Gorai.007G293600.1.A	1641	1535.5	0	0
Gorai.007G293600.1.D	1641	1535.5	0	0
Gorai.007G293700.1.A	2228	2122.5	305.75	5.7135
Gorai.007G293700.1.D	2228	2122.5	364.25	6.8067
Gorai.007G293800.1.A	1360	1254.5	34.3636	1.08646
Gorai.007G293800.1.D	1360	1254.5	49.6364	1.56932
Gorai.007G293900.1.A	810	704.505	203.746	11.4707
Gorai.007G293900.1.D	810	704.505	69.2537	3.89892
Gorai.007G294000.1.A	2144	2038.5	859.003	16.7135
Gorai.007G294000.1.D	2144	2038.5	2159	42.0073
Gorai.007G294100.1.A	1051	945.505	38.8235	1.62861
Gorai.007G294100.1.D	1051	945.505	71.1765	2.98578
Gorai.007G294200.1.A	1397	1291.5	39.6	1.21614
Gorai.007G294200.1.D	1397	1291.5	81.4	2.49985
Gorai.007G294300.1.A	1945	1839.5	7604.73	163.971
Gorai.007G294300.1.D	1945	1839.5	2610.27	56.282
Gorai.007G294400.1.A	449	343.583	0	0
Gorai.007G294400.1.D	449	343.583	1	0.115439
Gorai.007G294500.1.A	676	570.505	14	0.973316
Gorai.007G294500.1.D	676	570.505	83	5.77037
Gorai.007G294600.1.A	1872	1766.5	10	0.224528
Gorai.007G294600.1.D	1872	1766.5	0	0
Gorai.007G294700.1.A	687	581.505	0	0
Gorai.007G294700.1.D	687	581.505	0	0
Gorai.007G294800.1.A	1526	1420.5	11.5385	0.322174
Gorai.007G294800.1.D	1526	1420.5	3.46154	0.0966521
Gorai.007G294900.1.A	1632	1526.5	58.05	1.5083
Gorai.007G294900.1.D	1632	1526.5	27.95	0.726221
Gorai.007G295000.1.A	1380	1274.5	0	0
Gorai.007G295000.1.D	1380	1274.5	0	0
Gorai.007G295100.1.A	2054	1948.5	42.92	0.873661
Gorai.007G295100.1.D	2054	1948.5	102.08	2.0779
Gorai.007G295200.1.A	821	715.505	1	0.0554335
Gorai.007G295200.1.D	821	715.505	3	0.166301
Gorai.007G295300.1.A	2788	2682.5	1180.48	17.4544
Gorai.007G295300.1.D	2788	2682.5	831.518	12.2946
Gorai.007G295400.1.A	1349	1243.5	9.42857	0.300735
Gorai.007G295400.1.D	1349	1243.5	12.5714	0.400979
Gorai.007G295500.1.A	2520	2414.5	375.728	6.17206
Gorai.007G295500.1.D	2520	2414.5	387.272	6.3617
Gorai.007G295600.1.A	1365	1259.5	191.972	6.04538
Gorai.007G295600.1.D	1365	1259.5	100.028	3.14996
Gorai.007G295700.1.A	1543	1437.5	2	0.055183
Gorai.007G295700.1.D	1543	1437.5	1	0.0275915
Gorai.007G295800.1.A	3084	2978.5	15	0.199746
Gorai.007G295800.1.D	3084	2978.5	0	0
Gorai.007G295900.1.A	1527	1421.5	6.11765	0.170695
Gorai.007G295900.1.D	1527	1421.5	45.8824	1.28021
Gorai.007G296000.1.A	1059	953.505	0	0
Gorai.007G296000.1.D	1059	953.505	22	0.915134
Gorai.007G296100.1.A	615	509.505	0	0
Gorai.007G296100.1.D	615	509.505	0	0
Gorai.007G296200.1.A	3525	3419.5	895.083	10.3821
Gorai.007G296200.1.D	3525	3419.5	1739.92	20.1813
Gorai.007G296300.1.A	502	396.551	0	0
Gorai.007G296300.1.D	502	396.551	0	0
Gorai.007G296400.1.A	1316	1210.5	637.776	20.8971
Gorai.007G296400.1.D	1316	1210.5	831.224	27.2356
Gorai.007G296500.1.A	1581	1475.5	38.5954	1.03748
Gorai.007G296500.1.D	1581	1475.5	119.405	3.20971
Gorai.007G296600.1.A	1816	1710.5	0	0
Gorai.007G296600.1.D	1816	1710.5	5	0.115939
Gorai.007G296700.1.A	2411	2305.5	147.642	2.53998
Gorai.007G296700.1.D	2411	2305.5	74.694	1.285
Gorai.007G296800.1.A	2390	2284.5	23.5184	0.40832
Gorai.007G296800.1.D	2390	2284.5	14.1452	0.245586
Gorai.007G296900.1.A	2888	2782.5	23.9474	0.341355
Gorai.007G296900.1.D	2888	2782.5	67.0526	0.955795
Gorai.007G297000.1.A	2150	2044.5	7.9084	0.153421
Gorai.007G297000.1.D	2150	2044.5	125.234	2.42952
Gorai.007G297100.1.A	1595	1489.5	8.81414	0.234705
Gorai.007G297100.1.D	1595	1489.5	50.0431	1.33256
Gorai.007G297200.1.A	3397	3291.5	599.435	7.22325
Gorai.007G297200.1.D	3397	3291.5	544.565	6.56206
Gorai.007G297300.1.A	2542	2436.5	32.0109	0.521093
Gorai.007G297300.1.D	2542	2436.5	62.9891	1.02538
Gorai.007G297400.1.A	385	279.583	0	0
Gorai.007G297400.1.D	385	279.583	2	0.283729
Gorai.007G297500.1.A	461	355.551	0	0
Gorai.007G297500.1.D	461	355.551	0	0
Gorai.007G297600.1.A	395	289.583	0	0
Gorai.007G297600.1.D	395	289.583	0	0
Gorai.007G297700.1.A	3015	2909.5	48	0.654345
Gorai.007G297700.1.D	3015	2909.5	65	0.886093
Gorai.007G297800.1.A	560	454.551	0	0
Gorai.007G297800.1.D	560	454.551	0	0
Gorai.007G297900.1.A	1179	1073.5	68.6891	2.53787
Gorai.007G297900.1.D	1179	1073.5	53.3109	1.96969
Gorai.007G298000.1.A	841	735.505	200.332	10.8032
Gorai.007G298000.1.D	841	735.505	246.668	13.3018
Gorai.007G298100.1.A	2834	2728.5	1176.57	17.1032
Gorai.007G298100.1.D	2834	2728.5	631.432	9.17882
Gorai.007G298200.1.A	615	509.505	0	0
Gorai.007G298200.1.D	615	509.505	0	0
Gorai.007G298300.1.A	573	467.551	0	0
Gorai.007G298300.1.D	573	467.551	0	0
Gorai.007G298400.1.A	937	831.505	6	0.286201
Gorai.007G298400.1.D	937	831.505	3	0.143101
Gorai.007G298500.1.A	1553	1447.5	431.943	11.8356
Gorai.007G298500.1.D	1553	1447.5	156.057	4.2761
Gorai.007G298600.1.A	2132	2026.5	6.46154	0.126466
Gorai.007G298600.1.D	2132	2026.5	7.53846	0.147543
Gorai.007G298700.1.A	992	886.505	0	0
Gorai.007G298700.1.D	992	886.505	0	0
Gorai.007G298800.1.A	2549	2443.5	2833.22	45.9888
Gorai.007G298800.1.D	2549	2443.5	2703.78	43.8877
Gorai.007G298900.1.A	1312	1206.5	17.8824	0.587869
Gorai.007G298900.1.D	1312	1206.5	1.11765	0.0367418
Gorai.007G299000.1.A	859	753.505	0	0
Gorai.007G299000.1.D	859	753.505	3	0.157914
Gorai.007G299100.1.A	351	245.63	26.25	4.2387
Gorai.007G299100.1.D	351	245.63	8.75	1.4129
Gorai.007G299200.1.A	2649	2543.5	70.3232	1.09661
Gorai.007G299200.1.D	2649	2543.5	47.6768	0.743463
Gorai.007G299300.1.A	1583	1477.5	0	0
Gorai.007G299300.1.D	1583	1477.5	1	0.0268445
Gorai.007G299400.1.A	3151	3045.5	9	0.117211
Gorai.007G299400.1.D	3151	3045.5	0	0
Gorai.007G299500.1.A	2979	2873.5	0	0
Gorai.007G299500.1.D	2979	2873.5	1	0.013803
Gorai.007G299600.1.A	1584	1478.5	601.42	16.1339
Gorai.007G299600.1.D	1584	1478.5	848.58	22.7643
Gorai.007G299700.1.A	755	649.505	837.614	51.1501
Gorai.007G299700.1.D	755	649.505	845.756	51.6473
Gorai.007G299800.1.A	1871	1765.5	53.4476	1.20073
Gorai.007G299800.1.D	1871	1765.5	68.5524	1.54006
Gorai.007G299900.1.A	743	637.505	693.02	43.1169
Gorai.007G299900.1.D	743	637.505	1503.98	93.5715
Gorai.007G300000.1.A	1298	1192.5	3314.63	110.245
Gorai.007G300000.1.D	1298	1192.5	11858.4	394.412
Gorai.007G300100.1.A	1437	1331.5	1844.83	54.9539
Gorai.007G300100.1.D	1437	1331.5	4523.17	134.736
Gorai.007G300200.1.A	1785	1679.5	24.5333	0.579376
Gorai.007G300200.1.D	1785	1679.5	39.4667	0.932039
Gorai.007G300300.1.A	1146	1040.5	641.409	24.4498
Gorai.007G300300.1.D	1146	1040.5	5404.59	206.017
Gorai.007G300400.1.A	1658	1552.5	587.21	15.0019
Gorai.007G300400.1.D	1658	1552.5	1044.79	26.692
Gorai.007G300500.1.A	988	882.505	157.889	7.0961
Gorai.007G300500.1.D	988	882.505	283.111	12.724
Gorai.007G300600.1.A	3496	3390.5	885.135	10.3545
Gorai.007G300600.1.D	3496	3390.5	825.075	9.65193
Gorai.007G300700.1.A	860	754.505	417.338	21.9387
Gorai.007G300700.1.D	860	754.505	899.662	47.2936
Gorai.007G300800.1.A	225	120.599	0	0
Gorai.007G300800.1.D	225	120.599	0	0
Gorai.007G300900.1.A	1201	1095.5	513.771	18.6012
Gorai.007G300900.1.D	1201	1095.5	633.229	22.9262
Gorai.007G301000.1.A	1325	1219.5	0	0
Gorai.007G301000.1.D	1325	1219.5	5	0.162619
Gorai.007G301100.1.A	758	652.505	208.466	12.6718
Gorai.007G301100.1.D	758	652.505	8.53371	0.518727
Gorai.007G301200.1.A	1140	1034.5	0	0
Gorai.007G301200.1.D	1140	1034.5	0	0
Gorai.007G301300.1.A	1233	1127.5	0	0
Gorai.007G301300.1.D	1233	1127.5	0	0
Gorai.007G301400.1.A	1669	1563.5	0	0
Gorai.007G301400.1.D	1669	1563.5	0	0
Gorai.007G301500.1.A	1323	1217.5	558.807	18.2044
Gorai.007G301500.1.D	1323	1217.5	42.1935	1.37455
Gorai.007G301600.1.A	1242	1136.5	1193.22	41.6421
Gorai.007G301600.1.D	1242	1136.5	850.784	29.6916
Gorai.007G301700.1.A	733	627.505	450.828	28.4957
Gorai.007G301700.1.D	733	627.505	434.172	27.4429
Gorai.007G301800.1.A	1570	1464.5	236.922	6.41652
Gorai.007G301800.1.D	1570	1464.5	534.078	14.4644
Gorai.007G301900.1.A	1087	981.505	487.177	19.687
Gorai.007G301900.1.D	1087	981.505	310.823	12.5605
Gorai.007G302000.1.A	1767	1661.5	0	0
Gorai.007G302000.1.D	1767	1661.5	0	0
Gorai.007G302100.1.A	1695	1589.5	0	0
Gorai.007G302100.1.D	1695	1589.5	0	0
Gorai.007G302200.1.A	2871	2765.5	204.893	2.93858
Gorai.007G302200.1.D	2871	2765.5	153.107	2.19586
Gorai.007G302300.1.A	2529	2423.5	3.13043	0.0512325
Gorai.007G302300.1.D	2529	2423.5	20.8696	0.34155
Gorai.007G302400.1.A	1815	1709.5	0	0
Gorai.007G302400.1.D	1815	1709.5	46	1.06727
Gorai.007G302500.1.A	1001	895.505	4.125	0.182701
Gorai.007G302500.1.D	1001	895.505	61.875	2.74052
Gorai.007G302600.1.A	931	825.505	5.75493	0.276507
Gorai.007G302600.1.D	931	825.505	5.75493	0.276507
Gorai.007G302700.1.A	1411	1305.5	97.1695	2.95214
Gorai.007G302700.1.D	1411	1305.5	28.8305	0.875909
Gorai.007G302800.1.A	3258	3152.5	2	0.0251628
Gorai.007G302800.1.D	3258	3152.5	1	0.0125814
Gorai.007G302900.1.A	1748	1642.5	32.0902	0.774908
Gorai.007G302900.1.D	1748	1642.5	102.91	2.48505
Gorai.007G303000.1.A	1218	1112.5	2.875	0.102499
Gorai.007G303000.1.D	1218	1112.5	20.125	0.717495
Gorai.007G303100.1.A	876	770.505	0	0
Gorai.007G303100.1.D	876	770.505	0	0
Gorai.007G303200.1.A	422	316.583	5545	694.702
Gorai.007G303200.1.D	422	316.583	0	0
Gorai.007G303300.1.A	2466	2360.5	47.0492	0.790555
Gorai.007G303300.1.D	2466	2360.5	22.9508	0.385637
Gorai.007G303400.1.A	1091	985.505	0	0
Gorai.007G303400.1.D	1091	985.505	0	0
Gorai.007G303500.1.A	2020	1914.5	972.937	20.1564
Gorai.007G303500.1.D	2020	1914.5	540.063	11.1885
Gorai.007G303600.1.A	3411	3305.5	4.5	0.0539958
Gorai.007G303600.1.D	3411	3305.5	4.5	0.0539958
Gorai.007G303700.1.A	3019	2913.5	119.586	1.62798
Gorai.007G303700.1.D	3019	2913.5	84.4138	1.14917
Gorai.007G303800.1.A	1375	1269.5	1281.26	40.0301
Gorai.007G303800.1.D	1375	1269.5	898.745	28.0793
Gorai.007G303900.1.A	1788	1682.5	152.941	3.60539
Gorai.007G303900.1.D	1788	1682.5	36.0592	0.850051
Gorai.007G304000.1.A	318	212.63	5	0.932675
Gorai.007G304000.1.D	318	212.63	5	0.932675
Gorai.007G304100.1.A	1329	1223.5	329	10.6654
Gorai.007G304100.1.D	1329	1223.5	188	6.09449
Gorai.007G304200.1.A	239	134.211	0	0
Gorai.007G304200.1.D	239	134.211	0	0
Gorai.007G304300.1.A	2126	2020.5	79.223	1.55516
Gorai.007G304300.1.D	2126	2020.5	59.4282	1.16659
Gorai.007G304400.1.A	976	870.505	76.4138	3.48165
Gorai.007G304400.1.D	976	870.505	200.586	9.13934
Gorai.007G304500.1.A	1045	939.505	27	1.13986
Gorai.007G304500.1.D	1045	939.505	63	2.65966
Gorai.007G304600.1.A	1181	1075.5	881.839	32.5208
Gorai.007G304600.1.D	1181	1075.5	651.204	24.0154
Gorai.007G304700.1.A	768	662.505	0	0
Gorai.007G304700.1.D	768	662.505	0	0
Gorai.007G304800.1.A	892	786.505	0	0
Gorai.007G304800.1.D	892	786.505	0	0
Gorai.007G304900.1.A	1885	1779.5	0	0
Gorai.007G304900.1.D	1885	1779.5	0	0
Gorai.007G305000.1.A	1449	1343.5	5.83333	0.172212
Gorai.007G305000.1.D	1449	1343.5	1.16667	0.0344423
Gorai.007G305100.1.A	1458	1352.5	7	0.205279
Gorai.007G305100.1.D	1458	1352.5	11	0.322581
Gorai.007G305200.1.A	1146	1040.5	28.4455	1.08431
Gorai.007G305200.1.D	1146	1040.5	120.555	4.59541
Gorai.007G305300.1.A	3293	3187.5	181.274	2.25564
Gorai.007G305300.1.D	3293	3187.5	202.726	2.52257
Gorai.007G305400.1.A	2413	2307.5	2	0.0343773
Gorai.007G305400.1.D	2413	2307.5	1	0.0171887
Gorai.007G305500.1.A	715	609.505	3	0.195222
Gorai.007G305500.1.D	715	609.505	0	0
Gorai.007G305600.1.A	615	509.505	0	0
Gorai.007G305600.1.D	615	509.505	0	0
Gorai.007G305700.1.A	2634	2528.5	0	0
Gorai.007G305700.1.D	2634	2528.5	0	0
Gorai.007G305800.1.A	1762	1656.5	6987.6	167.309
Gorai.007G305800.1.D	1762	1656.5	8268.24	197.973
Gorai.007G305900.1.A	1136	1030.5	98.5414	3.79275
Gorai.007G305900.1.D	1136	1030.5	83.4586	3.21222
Gorai.007G306000.1.A	1502	1396.5	113.069	3.21133
Gorai.007G306000.1.D	1502	1396.5	105.576	2.99852
Gorai.007G306100.1.A	1245	1139.5	0	0
Gorai.007G306100.1.D	1245	1139.5	0	0
Gorai.007G306200.1.A	3242	3136.5	156.089	1.97383
Gorai.007G306200.1.D	3242	3136.5	109.376	1.38313
Gorai.007G306300.1.A	1829	1723.5	17.3333	0.398891
Gorai.007G306300.1.D	1829	1723.5	8.66667	0.199446
Gorai.007G306400.1.A	960	854.505	4	0.185665
Gorai.007G306400.1.D	960	854.505	1	0.0464163
Gorai.007G306500.1.A	1688	1582.5	0	0
Gorai.007G306500.1.D	1688	1582.5	3	0.0751902
Gorai.007G306600.1.A	4078	3972.5	494	4.93228
Gorai.007G306600.1.D	4078	3972.5	130	1.29797
Gorai.007G306700.1.A	2099	1993.5	87.9564	1.74999
Gorai.007G306700.1.D	2099	1993.5	129.506	2.57667
Gorai.007G306800.1.A	2456	2350.5	271.587	4.58283
Gorai.007G306800.1.D	2456	2350.5	437.413	7.381
Gorai.007G306900.1.A	3998	3892.5	0	0
Gorai.007G306900.1.D	3998	3892.5	58.3711	0.594777
Gorai.007G307000.1.A	1342	1236.5	1486.14	47.6703
Gorai.007G307000.1.D	1342	1236.5	1843.02	59.118
Gorai.007G307100.1.A	4951	4845.5	481.438	3.94081
Gorai.007G307100.1.D	4951	4845.5	165.562	1.35521
Gorai.007G307200.1.A	2498	2392.5	2.20513	0.0365566
Gorai.007G307200.1.D	2498	2392.5	40.7949	0.676297
Gorai.007G307300.1.A	244	139.11	7	1.99584
Gorai.007G307300.1.D	244	139.11	0	0
Gorai.007G307400.1.A	1009	903.505	0	0
Gorai.007G307400.1.D	1009	903.505	0	0
Gorai.007G307500.1.A	922	816.505	36.7059	1.78304
Gorai.007G307500.1.D	922	816.505	15.2941	0.742935
Gorai.007G307600.1.A	658	552.505	779.332	55.9463
Gorai.007G307600.1.D	658	552.505	22.6676	1.62725
Gorai.007G307700.1.A	2973	2867.5	9.09091	0.125744
Gorai.007G307700.1.D	2973	2867.5	15.9091	0.220052
Gorai.007G307800.1.A	810	704.505	0	0
Gorai.007G307800.1.D	810	704.505	0	0
Gorai.007G307900.1.A	555	449.551	0	0
Gorai.007G307900.1.D	555	449.551	0	0
Gorai.007G308000.1.A	789	683.505	0	0
Gorai.007G308000.1.D	789	683.505	0	0
Gorai.007G308100.1.A	2180	2074.5	0	0
Gorai.007G308100.1.D	2180	2074.5	0	0
Gorai.007G308200.1.A	1056	950.505	5122.41	213.749
Gorai.007G308200.1.D	1056	950.505	3125.59	130.426
Gorai.007G308300.1.A	1861	1755.5	1.12433	0.0254026
Gorai.007G308300.1.D	1861	1755.5	0	0
Gorai.007G308400.1.A	2753	2647.5	27.2946	0.408907
Gorai.007G308400.1.D	2753	2647.5	201.581	3.01994
Gorai.007G308500.1.A	1847	1741.5	3531.19	80.4231
Gorai.007G308500.1.D	1847	1741.5	3405.81	77.5677
Gorai.007G308600.1.A	3991	3885.5	266.021	2.71552
Gorai.007G308600.1.D	3991	3885.5	201.979	2.06179
Gorai.007G308700.1.A	1882	1776.5	3922.15	87.5676
Gorai.007G308700.1.D	1882	1776.5	3601.85	80.4162
Gorai.007G308800.1.A	3313	3207.5	91.1538	1.12718
Gorai.007G308800.1.D	3313	3207.5	43.8462	0.542187
Gorai.007G308900.1.A	2565	2459.5	9090.07	146.59
Gorai.007G308900.1.D	2565	2459.5	6877.93	110.916
Gorai.007G309000.1.A	1949	1843.5	199.859	4.29996
Gorai.007G309000.1.D	1949	1843.5	130.141	2.79998
Gorai.007G309100.1.A	3089	2983.5	63.8873	0.849323
Gorai.007G309100.1.D	3089	2983.5	80.1127	1.06502
Gorai.007G309200.1.A	3094	2988.5	287.182	3.81143
Gorai.007G309200.1.D	3094	2988.5	171.818	2.28034
Gorai.007G309300.1.A	1901	1795.5	79.2093	1.74974
Gorai.007G309300.1.D	1901	1795.5	182.791	4.03787
Gorai.007G309400.1.A	2137	2031.5	29.1667	0.569448
Gorai.007G309400.1.D	2137	2031.5	45.8333	0.894846
Gorai.007G309500.1.A	1962	1856.5	45.8427	0.979398
Gorai.007G309500.1.D	1962	1856.5	56.1573	1.19976
Gorai.007G309600.1.A	354	248.63	0	0
Gorai.007G309600.1.D	354	248.63	0	0
Gorai.007G309700.1.A	2274	2168.5	1491.78	27.2853
Gorai.007G309700.1.D	2274	2168.5	1543.22	28.2262
Gorai.007G309800.1.A	2869	2763.5	157.563	2.26141
Gorai.007G309800.1.D	2869	2763.5	140.437	2.01561
Gorai.007G309900.1.A	2361	2255.5	64.0571	1.12644
Gorai.007G309900.1.D	2361	2255.5	171.943	3.02361
Gorai.007G310000.1.A	2805	2699.5	134.925	1.98241
Gorai.007G310000.1.D	2805	2699.5	140.075	2.05807
Gorai.007G310100.1.A	1454	1348.5	2239.3	65.8634
Gorai.007G310100.1.D	1454	1348.5	2656.7	78.1403
Gorai.007G310200.1.A	724	618.505	1395.65	89.4994
Gorai.007G310200.1.D	724	618.505	1134.35	72.7423
Gorai.007G310300.1.A	3774	3668.5	4.33333	0.0468509
Gorai.007G310300.1.D	3774	3668.5	34.6667	0.374807
Gorai.007G310400.1.A	1039	933.505	69.1087	2.9363
Gorai.007G310400.1.D	1039	933.505	117.891	5.00899
Gorai.007G310500.1.A	4497	4391.5	0	0
Gorai.007G310500.1.D	4497	4391.5	0	0
Gorai.007G310600.1.A	4712	4606.5	12.1321	0.10446
Gorai.007G310600.1.D	4712	4606.5	12.1175	0.104334
Gorai.007G310700.1.A	3054	2948.5	3.2697	0.0439836
Gorai.007G310700.1.D	3054	2948.5	7.93484	0.106739
Gorai.007G310800.1.A	4670	4564.5	7.07829	0.0615063
Gorai.007G310800.1.D	4670	4564.5	3.09643	0.0269062
Gorai.007G310900.1.A	2152	2046.5	253.631	4.91557
Gorai.007G310900.1.D	2152	2046.5	691.369	13.3993
Gorai.007G311000.1.A	1705	1599.5	206.992	5.13278
Gorai.007G311000.1.D	1705	1599.5	61.0081	1.51282
Gorai.007G311100.1.A	512	406.551	4	0.390238
Gorai.007G311100.1.D	512	406.551	14	1.36583
Gorai.007G311200.1.A	4022	3916.5	269.934	2.73365
Gorai.007G311200.1.D	4022	3916.5	55.0664	0.557665
Gorai.007G311300.1.A	441	335.583	0	0
Gorai.007G311300.1.D	441	335.583	0	0
Gorai.007G311400.1.A	723	617.505	0	0
Gorai.007G311400.1.D	723	617.505	0	0
Gorai.007G311500.1.A	477	371.551	0	0
Gorai.007G311500.1.D	477	371.551	0	0
Gorai.007G311600.1.A	513	407.551	3	0.29196
Gorai.007G311600.1.D	513	407.551	0	0
Gorai.007G311700.1.A	2909	2803.5	327.854	4.63835
Gorai.007G311700.1.D	2909	2803.5	244.146	3.45409
Gorai.007G311800.1.A	3499	3393.5	392.782	4.5908
Gorai.007G311800.1.D	3499	3393.5	370.609	4.33164
Gorai.007G311900.1.A	1862	1756.5	291.327	6.57835
Gorai.007G311900.1.D	1862	1756.5	659.673	14.8958
Gorai.007G312000.1.A	1409	1303.5	80.2397	2.44153
Gorai.007G312000.1.D	1409	1303.5	52.7603	1.60539
Gorai.007G312100.1.A	1554	1448.5	7	0.191674
Gorai.007G312100.1.D	1554	1448.5	7	0.191674
Gorai.007G312200.1.A	1196	1090.5	388.681	14.1368
Gorai.007G312200.1.D	1196	1090.5	428.319	15.5785
Gorai.007G312300.1.A	628	522.505	14	1.06273
Gorai.007G312300.1.D	628	522.505	32	2.4291
Gorai.007G312400.1.A	1505	1399.5	3	0.0850221
Gorai.007G312400.1.D	1505	1399.5	0	0
Gorai.007G312500.1.A	1194	1088.5	0	0
Gorai.007G312500.1.D	1194	1088.5	0	0
Gorai.007G312600.1.A	1107	1001.5	0	0
Gorai.007G312600.1.D	1107	1001.5	13.139	0.520348
Gorai.007G312700.1.A	1778	1672.5	4	0.0948588
Gorai.007G312700.1.D	1778	1672.5	2	0.0474294
Gorai.007G312800.1.A	1470	1364.5	0	0
Gorai.007G312800.1.D	1470	1364.5	0	0
Gorai.007G312900.1.A	868	762.505	1.0309	0.053624
Gorai.007G312900.1.D	868	762.505	1.0309	0.053624
Gorai.007G313000.1.A	903	797.505	0	0
Gorai.007G313000.1.D	903	797.505	0	0
Gorai.007G313100.1.A	2475	2369.5	0	0
Gorai.007G313100.1.D	2475	2369.5	0	0
Gorai.007G313200.1.A	2591	2485.5	5	0.0797885
Gorai.007G313200.1.D	2591	2485.5	1	0.0159577
Gorai.007G313300.1.A	2665	2559.5	20.6202	0.319537
Gorai.007G313300.1.D	2665	2559.5	245.38	3.80249
Gorai.007G313400.1.A	1596	1490.5	18	0.478987
Gorai.007G313400.1.D	1596	1490.5	0	0
Gorai.007G313500.1.A	1198	1092.5	0	0
Gorai.007G313500.1.D	1198	1092.5	0	0
Gorai.007G313600.1.A	665	559.505	137.843	9.77163
Gorai.007G313600.1.D	665	559.505	144.157	10.2192
Gorai.007G313700.1.A	1745	1639.5	7.72414	0.186863
Gorai.007G313700.1.D	1745	1639.5	88.2759	2.13557
Gorai.007G313800.1.A	2004	1898.5	26.4898	0.553416
Gorai.007G313800.1.D	2004	1898.5	32.5102	0.679193
Gorai.007G313900.1.A	1720	1614.5	2	0.0491333
Gorai.007G313900.1.D	1720	1614.5	6	0.1474
Gorai.007G314000.1.A	564	458.551	0	0
Gorai.007G314000.1.D	564	458.551	0	0
Gorai.007G314100.1.A	881	775.505	1	0.0511447
Gorai.007G314100.1.D	881	775.505	1	0.0511447
Gorai.007G314200.1.A	1006	900.505	511.379	22.5238
Gorai.007G314200.1.D	1006	900.505	340.589	15.0013
Gorai.007G314300.1.A	608	502.551	20	1.57846
Gorai.007G314300.1.D	608	502.551	23	1.81523
Gorai.007G314400.1.A	1103	997.505	157.297	6.25445
Gorai.007G314400.1.D	1103	997.505	105.703	4.20299
Gorai.007G314500.1.A	1396	1290.5	4965.74	152.619
Gorai.007G314500.1.D	1396	1290.5	1882.26	57.8503
Gorai.007G314600.1.A	3159	3053.5	212.206	2.75641
Gorai.007G314600.1.D	3159	3053.5	194.794	2.53024
Gorai.007G314700.1.A	2963	2857.5	0	0
Gorai.007G314700.1.D	2963	2857.5	0	0
Gorai.007G314800.1.A	1233	1127.5	177.869	6.257
Gorai.007G314800.1.D	1233	1127.5	8.13115	0.286034
Gorai.007G314900.1.A	1988	1882.5	0	0
Gorai.007G314900.1.D	1988	1882.5	0	0
Gorai.007G315000.1.A	1158	1052.5	0	0
Gorai.007G315000.1.D	1158	1052.5	0	0
Gorai.007G315100.1.A	1572	1466.5	0	0
Gorai.007G315100.1.D	1572	1466.5	0	0
Gorai.007G315200.1.A	698	592.505	7	0.468588
Gorai.007G315200.1.D	698	592.505	2	0.133882
Gorai.007G315300.1.A	2021	1915.5	0	0
Gorai.007G315300.1.D	2021	1915.5	0	0
Gorai.007G315400.1.A	1124	1018.5	0	0
Gorai.007G315400.1.D	1124	1018.5	0	0
Gorai.007G315500.1.A	2030	1924.5	0	0
Gorai.007G315500.1.D	2030	1924.5	0	0
Gorai.007G315600.1.A	1359	1253.5	0	0
Gorai.007G315600.1.D	1359	1253.5	0	0
Gorai.007G315700.1.A	1274	1168.5	0	0
Gorai.007G315700.1.D	1274	1168.5	0	0
Gorai.007G315800.1.A	945	839.505	0	0
Gorai.007G315800.1.D	945	839.505	0	0
Gorai.007G315900.1.A	1611	1505.5	0	0
Gorai.007G315900.1.D	1611	1505.5	0	0
Gorai.007G316000.1.A	573	467.551	0	0
Gorai.007G316000.1.D	573	467.551	0	0
Gorai.007G316100.1.A	935	829.505	0	0
Gorai.007G316100.1.D	935	829.505	36.6146	1.75073
Gorai.007G316200.1.A	1907	1801.5	0	0
Gorai.007G316200.1.D	1907	1801.5	0	0
Gorai.007G316300.1.A	1482	1376.5	0	0
Gorai.007G316300.1.D	1482	1376.5	0	0
Gorai.007G316400.1.A	336	230.63	0	0
Gorai.007G316400.1.D	336	230.63	0	0
Gorai.007G316500.1.A	1856	1750.5	0	0
Gorai.007G316500.1.D	1856	1750.5	0	0
Gorai.007G316600.1.A	447	341.583	0	0
Gorai.007G316600.1.D	447	341.583	0	0
Gorai.007G316700.1.A	1551	1445.5	0	0
Gorai.007G316700.1.D	1551	1445.5	0	0
Gorai.007G316800.1.A	1988	1882.5	0	0
Gorai.007G316800.1.D	1988	1882.5	0	0
Gorai.007G316900.1.A	1016	910.505	808.386	35.2145
Gorai.007G316900.1.D	1016	910.505	859.614	37.4461
Gorai.007G317000.1.A	637	531.505	740	55.2217
Gorai.007G317000.1.D	637	531.505	0	0
Gorai.007G317100.1.A	543	437.551	0	0
Gorai.007G317100.1.D	543	437.551	2	0.181295
Gorai.007G317200.1.A	1469	1363.5	471.486	13.715
Gorai.007G317200.1.D	1469	1363.5	194.514	5.65822
Gorai.007G317300.1.A	1107	1001.5	0	0
Gorai.007G317300.1.D	1107	1001.5	0	0
Gorai.007G317400.1.A	246	141.071	0	0
Gorai.007G317400.1.D	246	141.071	0	0
Gorai.007G317500.1.A	896	790.505	20	1.00348
Gorai.007G317500.1.D	896	790.505	6	0.301045
Gorai.007G317600.1.A	1083	977.505	11.9231	0.483787
Gorai.007G317600.1.D	1083	977.505	19.0769	0.77406
Gorai.007G317700.1.A	2931	2825.5	0	0
Gorai.007G317700.1.D	2931	2825.5	0	0
Gorai.007G317800.1.A	2511	2405.5	0	0
Gorai.007G317800.1.D	2511	2405.5	0	0
Gorai.007G317900.1.A	1291	1185.5	22.1608	0.741424
Gorai.007G317900.1.D	1291	1185.5	22.1608	0.741424
Gorai.007G318000.1.A	1404	1298.5	0	0
Gorai.007G318000.1.D	1404	1298.5	0	0
Gorai.007G318100.1.A	2295	2189.5	0	0
Gorai.007G318100.1.D	2295	2189.5	0	0
Gorai.007G318200.1.A	1260	1154.5	86.0494	2.95622
Gorai.007G318200.1.D	1260	1154.5	159.951	5.49509
Gorai.007G318300.1.A	647	541.505	73.0485	5.3505
Gorai.007G318300.1.D	647	541.505	135.951	9.95787
Gorai.007G318400.1.A	593	487.551	112.383	9.14249
Gorai.007G318400.1.D	593	487.551	161.617	13.1478
Gorai.007G318500.1.A	3912	3806.5	28.9563	0.301718
Gorai.007G318500.1.D	3912	3806.5	1.03964	0.0108328
Gorai.007G318600.1.A	618	512.505	1	0.0773904
Gorai.007G318600.1.D	618	512.505	1	0.0773904
Gorai.007G318700.1.A	2556	2450.5	54.3242	0.87927
Gorai.007G318700.1.D	2556	2450.5	8.5712	0.13873
Gorai.007G318800.1.A	2528	2422.5	44.9869	0.736557
Gorai.007G318800.1.D	2528	2422.5	16.9196	0.277019
Gorai.007G318900.1.A	3997	3891.5	32.6682	0.33296
Gorai.007G318900.1.D	3997	3891.5	3.14645	0.0320692
Gorai.007G319000.1.A	2846	2740.5	6.14479	0.0889326
Gorai.007G319000.1.D	2846	2740.5	1.41023	0.02041
Gorai.007G319100.1.A	213	108.896	0	0
Gorai.007G319100.1.D	213	108.896	0	0
Gorai.007G319200.1.A	1520	1414.5	20.8327	0.584151
Gorai.007G319200.1.D	1520	1414.5	0	0
Gorai.007G319300.1.A	4489	4383.5	146.959	1.32972
Gorai.007G319300.1.D	4489	4383.5	27.0405	0.244669
Gorai.007G319400.1.A	1756	1650.5	59.45	1.42863
Gorai.007G319400.1.D	1756	1650.5	22.55	0.541894
Gorai.007G319500.1.A	1897	1791.5	33.8211	0.748782
Gorai.007G319500.1.D	1897	1791.5	96.1789	2.12935
Gorai.007G319600.1.A	1345	1239.5	143.617	4.5956
Gorai.007G319600.1.D	1345	1239.5	72.383	2.31618
Gorai.007G319700.1.A	880	774.505	18.9611	0.971011
Gorai.007G319700.1.D	880	774.505	25.2484	1.29299
Gorai.007G319800.1.A	1977	1871.5	2	0.0423862
Gorai.007G319800.1.D	1977	1871.5	0	0
Gorai.007G319900.1.A	3391	3285.5	13	0.156937
Gorai.007G319900.1.D	3391	3285.5	94	1.13478
Gorai.007G320000.1.A	282	176.772	162.676	36.5003
Gorai.007G320000.1.D	282	176.772	2.32394	0.521433
Gorai.007G320100.1.A	954	848.505	0	0
Gorai.007G320100.1.D	954	848.505	0	0
Gorai.007G320200.1.A	1446	1340.5	0	0
Gorai.007G320200.1.D	1446	1340.5	0	0
Gorai.007G320300.1.A	2727	2621.5	0	0
Gorai.007G320300.1.D	2727	2621.5	0	0
Gorai.007G320400.1.A	783	677.505	0	0
Gorai.007G320400.1.D	783	677.505	0	0
Gorai.007G320500.1.A	2523	2417.5	0	0
Gorai.007G320500.1.D	2523	2417.5	0	0
Gorai.007G320600.1.A	288	182.738	0	0
Gorai.007G320600.1.D	288	182.738	209.771	45.5304
Gorai.007G320700.1.A	282	176.772	0	0
Gorai.007G320700.1.D	282	176.772	23	5.1606
Gorai.007G320800.1.A	755	649.505	4.95288	0.302455
Gorai.007G320800.1.D	755	649.505	216.276	13.2072
Gorai.007G320900.1.A	2700	2594.5	0	0
Gorai.007G320900.1.D	2700	2594.5	4	0.0611492
Gorai.007G321000.1.A	1734	1628.5	53.9608	1.31424
Gorai.007G321000.1.D	1734	1628.5	10.0392	0.244509
Gorai.007G321100.1.A	1599	1493.5	1	0.026557
Gorai.007G321100.1.D	1599	1493.5	0	0
Gorai.007G321200.1.A	2515	2409.5	534.96	8.806
Gorai.007G321200.1.D	2515	2409.5	235.04	3.869
Gorai.007G321300.1.A	744	638.505	0	0
Gorai.007G321300.1.D	744	638.505	2	0.124237
Gorai.007G321400.1.A	750	644.505	0	0
Gorai.007G321400.1.D	750	644.505	1	0.0615402
Gorai.007G321500.1.A	1275	1169.5	0	0
Gorai.007G321500.1.D	1275	1169.5	0	0
Gorai.007G321600.1.A	1107	1001.5	4	0.158413
Gorai.007G321600.1.D	1107	1001.5	0	0
Gorai.007G321700.1.A	4304	4198.5	16.9047	0.159697
Gorai.007G321700.1.D	4304	4198.5	6.11486	0.0577666
Gorai.007G321800.1.A	4468	4362.5	16.0487	0.145911
Gorai.007G321800.1.D	4468	4362.5	43.0555	0.391451
Gorai.007G321900.1.A	1270	1164.5	60.5911	2.06373
Gorai.007G321900.1.D	1270	1164.5	1.31793	0.0448885
Gorai.007G322000.1.A	904	798.505	0.54403	0.0270228
Gorai.007G322000.1.D	904	798.505	0.54403	0.0270228
Gorai.007G322100.1.A	228	123.486	195.053	62.6497
Gorai.007G322100.1.D	228	123.486	22.9474	7.37055
Gorai.007G322200.1.A	228	123.486	0	0
Gorai.007G322200.1.D	228	123.486	0	0
Gorai.007G322300.1.A	3711	3605.5	33.9481	0.373451
Gorai.007G322300.1.D	3711	3605.5	0	0
Gorai.007G322400.1.A	3128	3022.5	7.77778	0.102064
Gorai.007G322400.1.D	3128	3022.5	2.22222	0.0291612
Gorai.007G322500.1.A	2412	2306.5	487.99	8.39154
Gorai.007G322500.1.D	2412	2306.5	170.01	2.92351
Gorai.007G322600.1.A	546	440.551	357.671	32.2012
Gorai.007G322600.1.D	546	440.551	498.329	44.8646
Gorai.007G322700.1.A	752	646.505	63	3.86504
Gorai.007G322700.1.D	752	646.505	43	2.63804
Gorai.007G322800.1.A	3428	3322.5	1016.47	12.1342
Gorai.007G322800.1.D	3428	3322.5	720.533	8.60148
Gorai.007G322900.1.A	3377	3271.5	656.897	7.96406
Gorai.007G322900.1.D	3377	3271.5	467.103	5.66305
Gorai.007G323000.1.A	1957	1851.5	204.942	4.39026
Gorai.007G323000.1.D	1957	1851.5	4.05825	0.0869359
Gorai.007G323100.1.A	3391	3285.5	46	0.555317
Gorai.007G323100.1.D	3391	3285.5	0	0
Gorai.007G323200.1.A	1613	1507.5	2	0.0526207
Gorai.007G323200.1.D	1613	1507.5	0	0
Gorai.007G323300.1.A	2802	2696.5	3	0.0441271
Gorai.007G323300.1.D	2802	2696.5	1	0.014709
Gorai.007G323400.1.A	1943	1837.5	45.1052	0.973607
Gorai.007G323400.1.D	1943	1837.5	5.01169	0.108179
Gorai.007G323500.1.A	1908	1802.5	62	1.36427
Gorai.007G323500.1.D	1908	1802.5	0	0
Gorai.007G323600.1.A	1821	1715.5	12.0039	0.277534
Gorai.007G323600.1.D	1821	1715.5	66.8791	1.54626
Gorai.007G323700.1.A	951	845.505	0	0
Gorai.007G323700.1.D	951	845.505	0	0
Gorai.007G323800.1.A	255	149.978	1	0.264458
Gorai.007G323800.1.D	255	149.978	0	0
Gorai.007G323900.1.A	1477	1371.5	0	0
Gorai.007G323900.1.D	1477	1371.5	0	0
Gorai.007G324000.1.A	379	273.583	0	0
Gorai.007G324000.1.D	379	273.583	0	0
Gorai.007G324100.1.A	2941	2835.5	0	0
Gorai.007G324100.1.D	2941	2835.5	0	0
Gorai.007G324200.1.A	2979	2873.5	0	0
Gorai.007G324200.1.D	2979	2873.5	0	0
Gorai.007G324300.1.A	2811	2705.5	0	0
Gorai.007G324300.1.D	2811	2705.5	2	0.0293202
Gorai.007G324400.1.A	2871	2765.5	0	0
Gorai.007G324400.1.D	2871	2765.5	0	0
Gorai.007G324500.1.A	1488	1382.5	0	0
Gorai.007G324500.1.D	1488	1382.5	0	0
Gorai.007G324600.1.A	3130	3024.5	0	0
Gorai.007G324600.1.D	3130	3024.5	0	0
Gorai.007G324700.1.A	3071	2965.5	0	0
Gorai.007G324700.1.D	3071	2965.5	0	0
Gorai.007G324800.1.A	1149	1043.5	0	0
Gorai.007G324800.1.D	1149	1043.5	0	0
Gorai.007G324900.1.A	1098	992.505	3.18519	0.127288
Gorai.007G324900.1.D	1098	992.505	3.18519	0.127288
Gorai.007G325000.1.A	403	297.583	1.14558	0.152687
Gorai.007G325000.1.D	403	297.583	2.10937	0.281144
Gorai.007G325100.1.A	3228	3122.5	0	0
Gorai.007G325100.1.D	3228	3122.5	0	0
Gorai.007G325200.1.A	366	260.583	0	0
Gorai.007G325200.1.D	366	260.583	0	0
Gorai.007G325300.1.A	690	584.505	0	0
Gorai.007G325300.1.D	690	584.505	0	0
Gorai.007G325400.1.A	450	344.583	0	0
Gorai.007G325400.1.D	450	344.583	0	0
Gorai.007G325500.1.A	1109	1003.5	8	0.316195
Gorai.007G325500.1.D	1109	1003.5	0	0
Gorai.007G325600.1.A	2107	2001.5	97.5401	1.93291
Gorai.007G325600.1.D	2107	2001.5	92.4599	1.83224
Gorai.007G325700.1.A	1047	941.505	0	0
Gorai.007G325700.1.D	1047	941.505	0	0
Gorai.007G325800.1.A	2501	2395.5	257.06	4.25621
Gorai.007G325800.1.D	2501	2395.5	1415.94	23.444
Gorai.007G325900.1.A	1773	1667.5	139.215	3.31134
Gorai.007G325900.1.D	1773	1667.5	84.785	2.01668
Gorai.007G326000.1.A	1970	1864.5	19.5517	0.415917
Gorai.007G326000.1.D	1970	1864.5	43.4483	0.92426
Gorai.007G326100.1.A	225	120.599	589.612	193.914
Gorai.007G326100.1.D	225	120.599	0	0
Gorai.007G326200.1.A	216	111.866	0	0
Gorai.007G326200.1.D	216	111.866	0	0
Gorai.007G326300.1.A	4874	4768.5	227.792	1.8947
Gorai.007G326300.1.D	4874	4768.5	284.208	2.36395
Gorai.007G326400.1.A	964	858.505	10.1837	0.470487
Gorai.007G326400.1.D	964	858.505	10.1837	0.470487
Gorai.007G326500.1.A	766	660.505	33.6558	2.02101
Gorai.007G326500.1.D	766	660.505	35.9768	2.16039
Gorai.007G326600.1.A	1048	942.505	2468.97	103.9
Gorai.007G326600.1.D	1048	942.505	1171.45	49.2974
Gorai.007G326700.1.A	1056	950.505	0	0
Gorai.007G326700.1.D	1056	950.505	0	0
Gorai.007G326800.1.A	1455	1349.5	1	0.0293907
Gorai.007G326800.1.D	1455	1349.5	0	0
Gorai.007G326900.1.A	1563	1457.5	14.8571	0.404306
Gorai.007G326900.1.D	1563	1457.5	1.14286	0.0311005
Gorai.007G327000.1.A	1878	1772.5	81.4369	1.8223
Gorai.007G327000.1.D	1878	1772.5	151.563	3.39149
Gorai.007G327100.1.A	1688	1582.5	35.3737	0.886586
Gorai.007G327100.1.D	1688	1582.5	67.6263	1.69494
Gorai.007G327200.1.A	3576	3470.5	38.7433	0.442781
Gorai.007G327200.1.D	3576	3470.5	157.108	1.79553
Gorai.007G327300.1.A	1518	1412.5	0	0
Gorai.007G327300.1.D	1518	1412.5	0	0
Gorai.007G327400.1.A	1224	1118.5	0	0
Gorai.007G327400.1.D	1224	1118.5	0	0
Gorai.007G327500.1.A	2253	2147.5	6.07365	0.112176
Gorai.007G327500.1.D	2253	2147.5	6.07365	0.112176
Gorai.007G327600.1.A	1245	1139.5	0	0
Gorai.007G327600.1.D	1245	1139.5	0	0
Gorai.007G327700.1.A	2800	2694.5	0	0
Gorai.007G327700.1.D	2800	2694.5	0	0
Gorai.007G327800.1.A	1110	1004.5	0	0
Gorai.007G327800.1.D	1110	1004.5	0	0
Gorai.007G327900.1.A	561	455.551	0	0
Gorai.007G327900.1.D	561	455.551	0	0
Gorai.007G328000.1.A	1122	1016.5	0	0
Gorai.007G328000.1.D	1122	1016.5	1	0.0390189
Gorai.007G328100.1.A	411	305.583	0	0
Gorai.007G328100.1.D	411	305.583	0	0
Gorai.007G328200.1.A	1140	1034.5	0	0
Gorai.007G328200.1.D	1140	1034.5	7	0.26838
Gorai.007G328300.1.A	2007	1901.5	0.5	0.0104294
Gorai.007G328300.1.D	2007	1901.5	0.5	0.0104294
Gorai.007G328400.1.A	2572	2466.5	16.0299	0.257771
Gorai.007G328400.1.D	2572	2466.5	16.0299	0.257771
Gorai.007G328500.1.A	1149	1043.5	0	0
Gorai.007G328500.1.D	1149	1043.5	0	0
Gorai.007G328600.1.A	1197	1091.5	0	0
Gorai.007G328600.1.D	1197	1091.5	0	0
Gorai.007G328700.1.A	1255	1149.5	0	0
Gorai.007G328700.1.D	1255	1149.5	0	0
Gorai.007G328800.1.A	1257	1151.5	0	0
Gorai.007G328800.1.D	1257	1151.5	0	0
Gorai.007G328900.1.A	1239	1133.5	0	0
Gorai.007G328900.1.D	1239	1133.5	0	0
Gorai.007G329000.1.A	747	641.505	0	0
Gorai.007G329000.1.D	747	641.505	0	0
Gorai.007G329100.1.A	1173	1067.5	0	0
Gorai.007G329100.1.D	1173	1067.5	0	0
Gorai.007G329200.1.A	771	665.505	0	0
Gorai.007G329200.1.D	771	665.505	0	0
Gorai.007G329300.1.A	1011	905.505	0	0
Gorai.007G329300.1.D	1011	905.505	0	0
Gorai.007G329400.1.A	1113	1007.5	0	0
Gorai.007G329400.1.D	1113	1007.5	0	0
Gorai.007G329500.1.A	747	641.505	0	0
Gorai.007G329500.1.D	747	641.505	0	0
Gorai.007G329600.1.A	1445	1339.5	0	0
Gorai.007G329600.1.D	1445	1339.5	24	0.710644
Gorai.007G329700.1.A	343	237.63	0	0
Gorai.007G329700.1.D	343	237.63	3	0.500731
Gorai.007G329800.1.A	1746	1640.5	0	0
Gorai.007G329800.1.D	1746	1640.5	0	0
Gorai.007G329900.1.A	495	389.551	0	0
Gorai.007G329900.1.D	495	389.551	0	0
Gorai.007G330000.1.A	2334	2228.5	0	0
Gorai.007G330000.1.D	2334	2228.5	2	0.035596
Gorai.007G330100.1.A	933	827.505	0	0
Gorai.007G330100.1.D	933	827.505	0	0
Gorai.007G330200.1.A	482	376.551	0	0
Gorai.007G330200.1.D	482	376.551	3	0.315996
Gorai.007G330300.1.A	2992	2886.5	20.6386	0.283591
Gorai.007G330300.1.D	2992	2886.5	111.151	1.5273
Gorai.007G330400.1.A	555	449.551	1	0.0882278
Gorai.007G330400.1.D	555	449.551	0	0
Gorai.007G330500.1.A	2310	2204.5	17.7931	0.32013
Gorai.007G330500.1.D	2310	2204.5	104.418	1.87866
Gorai.007G330600.1.A	3005	2899.5	0	0
Gorai.007G330600.1.D	3005	2899.5	0	0
Gorai.007G330700.1.A	2631	2525.5	0	0
Gorai.007G330700.1.D	2631	2525.5	0	0
Gorai.007G330800.1.A	252	147.005	0	0
Gorai.007G330800.1.D	252	147.005	0	0
Gorai.007G330900.1.A	3738	3632.5	3.54621	0.0387206
Gorai.007G330900.1.D	3738	3632.5	49.2436	0.537685
Gorai.007G331000.1.A	4469	4363.5	28.1518	0.255892
Gorai.007G331000.1.D	4469	4363.5	0	0
Gorai.007G331100.1.A	1230	1124.5	0	0
Gorai.007G331100.1.D	1230	1124.5	0	0
Gorai.007G331200.1.A	1326	1220.5	43.5273	1.41451
Gorai.007G331200.1.D	1326	1220.5	89.4727	2.90761
Gorai.007G331300.1.A	1740	1634.5	121.015	2.93656
Gorai.007G331300.1.D	1740	1634.5	154.985	3.76086
Gorai.007G331400.1.A	2833	2727.5	30.303	0.440661
Gorai.007G331400.1.D	2833	2727.5	23.0053	0.33454
Gorai.007G331500.1.A	2564	2458.5	14.5717	0.235085
Gorai.007G331500.1.D	2564	2458.5	25.12	0.405259
Gorai.007G331600.1.A	2906	2800.5	168.481	2.38616
Gorai.007G331600.1.D	2906	2800.5	73.519	1.04123
Gorai.007G331700.1.A	1648	1542.5	16	0.411413
Gorai.007G331700.1.D	1648	1542.5	15	0.3857
Gorai.007G331800.1.A	1028	922.505	0	0
Gorai.007G331800.1.D	1028	922.505	0	0
Gorai.007G331900.1.A	2658	2552.5	165.606	2.57332
Gorai.007G331900.1.D	2658	2552.5	135.394	2.10387
Gorai.007G332000.1.A	2644	2538.5	453.093	7.07936
Gorai.007G332000.1.D	2644	2538.5	715.907	11.1857
Gorai.007G332100.1.A	1465	1359.5	112.116	3.27092
Gorai.007G332100.1.D	1465	1359.5	88.8844	2.59316
Gorai.007G332200.1.A	730	624.505	0	0
Gorai.007G332200.1.D	730	624.505	0	0
Gorai.007G332300.1.A	2505	2399.5	1160.73	19.1865
Gorai.007G332300.1.D	2505	2399.5	1273.27	21.0466
Gorai.007G332400.1.A	2640	2534.5	63.7049	0.99693
Gorai.007G332400.1.D	2640	2534.5	74.2116	1.16135
Gorai.007G332500.1.A	1128	1022.5	0	0
Gorai.007G332500.1.D	1128	1022.5	0	0
Gorai.007G332600.1.A	2937	2831.5	4.03693	0.0565482
Gorai.007G332600.1.D	2937	2831.5	1.6434	0.0230204
Gorai.007G332700.1.A	2867	2761.5	5.66538	0.0813707
Gorai.007G332700.1.D	2867	2761.5	17.2605	0.247909
Gorai.007G332800.1.A	1391	1285.5	13.4308	0.414393
Gorai.007G332800.1.D	1391	1285.5	2.42399	0.0747897
Gorai.007G332900.1.A	3568	3462.5	2.45549	0.0281276
Gorai.007G332900.1.D	3568	3462.5	28.2381	0.323467
Gorai.007G333000.1.A	890	784.505	0	0
Gorai.007G333000.1.D	890	784.505	6.37887	0.322502
Gorai.007G333100.1.A	416	310.583	0	0
Gorai.007G333100.1.D	416	310.583	0	0
Gorai.007G333200.1.A	3355	3249.5	0.56646	0.00691413
Gorai.007G333200.1.D	3355	3249.5	0.56646	0.00691413
Gorai.007G333300.1.A	2871	2765.5	0.5	0.00717101
Gorai.007G333300.1.D	2871	2765.5	0.5	0.00717101
Gorai.007G333400.1.A	975	869.505	3.59214e-05	1.63858e-06
Gorai.007G333400.1.D	975	869.505	3.59214e-05	1.63858e-06
Gorai.007G333500.1.A	357	251.63	0.5	0.078812
Gorai.007G333500.1.D	357	251.63	0.5	0.078812
Gorai.007G333600.1.A	1188	1082.5	0	0
Gorai.007G333600.1.D	1188	1082.5	0	0
Gorai.007G333700.1.A	553	447.551	0	0
Gorai.007G333700.1.D	553	447.551	0	0
Gorai.007G333800.1.A	2862	2756.5	0	0
Gorai.007G333800.1.D	2862	2756.5	0	0
Gorai.007G333900.1.A	3176	3070.5	0	0
Gorai.007G333900.1.D	3176	3070.5	2.63774	0.0340727
Gorai.007G334000.1.A	1674	1568.5	1.91079	0.0483184
Gorai.007G334000.1.D	1674	1568.5	1.91079	0.0483184
Gorai.007G334100.1.A	3171	3065.5	2.55923	0.0331125
Gorai.007G334100.1.D	3171	3065.5	3.29619	0.0426477
Gorai.007G334200.1.A	666	560.505	0.607962	0.0430211
Gorai.007G334200.1.D	666	560.505	0.607962	0.0430211
Gorai.007G334300.1.A	1239	1133.5	4.56002	0.159562
Gorai.007G334300.1.D	1239	1133.5	4.56002	0.159562
Gorai.007G334400.1.A	1114	1008.5	1	0.0393285
Gorai.007G334400.1.D	1114	1008.5	1	0.0393285
Gorai.007G334500.1.A	1011	905.505	0	0
Gorai.007G334500.1.D	1011	905.505	0	0
Gorai.007G334600.1.A	1023	917.505	0	0
Gorai.007G334600.1.D	1023	917.505	0	0
Gorai.007G334700.1.A	2882	2776.5	13.6659	0.19522
Gorai.007G334700.1.D	2882	2776.5	21.8718	0.312443
Gorai.007G334800.1.A	5872	5766.5	31.8926	0.219362
Gorai.007G334800.1.D	5872	5766.5	43.2526	0.297498
Gorai.007G334900.1.A	2435	2329.5	2.46951	0.0420467
Gorai.007G334900.1.D	2435	2329.5	0	0
Gorai.007G335000.1.A	2380	2274.5	7.26688	0.12672
Gorai.007G335000.1.D	2380	2274.5	1.26362	0.022035
Gorai.007G335100.1.A	2204	2098.5	37.5	0.708771
Gorai.007G335100.1.D	2204	2098.5	62.5	1.18129
Gorai.007G335200.1.A	3641	3535.5	86.635	0.971912
Gorai.007G335200.1.D	3641	3535.5	56.365	0.632328
Gorai.007G335300.1.A	1715	1609.5	104.46	2.57421
Gorai.007G335300.1.D	1715	1609.5	187.205	4.61328
Gorai.007G335400.1.A	1317	1211.5	0	0
Gorai.007G335400.1.D	1317	1211.5	0	0
Gorai.007G335500.1.A	2833	2727.5	277.442	4.03452
Gorai.007G335500.1.D	2833	2727.5	37.5577	0.546158
Gorai.007G335600.1.A	1288	1182.5	93.7686	3.14514
Gorai.007G335600.1.D	1288	1182.5	28.2314	0.946923
Gorai.007G335700.1.A	2312	2206.5	170.503	3.06487
Gorai.007G335700.1.D	2312	2206.5	152.98	2.74989
Gorai.007G335800.1.A	3009	2903.5	1.72234	0.0235279
Gorai.007G335800.1.D	3009	2903.5	1.14186	0.0155982
Gorai.007G335900.1.A	822	716.505	6.20145	0.343288
Gorai.007G335900.1.D	822	716.505	9.31583	0.515689
Gorai.007G336000.1.A	2844	2738.5	1.01744	0.014736
Gorai.007G336000.1.D	2844	2738.5	2.03488	0.0294721
Gorai.007G336100.1.A	1353	1247.5	0	0
Gorai.007G336100.1.D	1353	1247.5	0	0
Gorai.007G336200.1.A	1970	1864.5	2.3622	0.0502502
Gorai.007G336200.1.D	1970	1864.5	0	0
Gorai.007G336300.1.A	1585	1479.5	1215.56	32.5871
Gorai.007G336300.1.D	1585	1479.5	685.438	18.3754
Gorai.007G336400.1.A	710	604.505	11	0.721735
Gorai.007G336400.1.D	710	604.505	15	0.984185
Gorai.007G336500.1.A	396	290.583	14	1.91092
Gorai.007G336500.1.D	396	290.583	0	0
Gorai.007G336600.1.A	919	813.505	105.51	5.14419
Gorai.007G336600.1.D	919	813.505	101.49	4.94822
Gorai.007G336700.1.A	1870	1764.5	17	0.38213
Gorai.007G336700.1.D	1870	1764.5	0	0
Gorai.007G336800.1.A	1403	1297.5	148.185	4.52981
Gorai.007G336800.1.D	1403	1297.5	93.815	2.8678
Gorai.007G336900.1.A	1854	1748.5	814.711	18.4808
Gorai.007G336900.1.D	1854	1748.5	889.289	20.1726
Gorai.007G337000.1.A	585	479.551	0	0
Gorai.007G337000.1.D	585	479.551	1	0.0827084
Gorai.007G337100.1.A	2457	2351.5	0	0
Gorai.007G337100.1.D	2457	2351.5	5.12174	0.0863886
Gorai.007G337200.1.A	2880	2774.5	0	0
Gorai.007G337200.1.D	2880	2774.5	1.07753	0.0154038
Gorai.007G337300.1.A	2492	2386.5	0	0
Gorai.007G337300.1.D	2492	2386.5	152.509	2.53465
Gorai.007G337400.1.A	2370	2264.5	0	0
Gorai.007G337400.1.D	2370	2264.5	123.137	2.15676
Gorai.007G337500.1.A	976	870.505	0	0
Gorai.007G337500.1.D	976	870.505	0	0
Gorai.007G337600.1.A	642	536.505	0	0
Gorai.007G337600.1.D	642	536.505	0	0
Gorai.007G337700.1.A	751	645.505	0	0
Gorai.007G337700.1.D	751	645.505	0	0
Gorai.007G337800.1.A	1254	1148.5	0	0
Gorai.007G337800.1.D	1254	1148.5	0	0
Gorai.007G337900.1.A	1417	1311.5	32.2955	0.976689
Gorai.007G337900.1.D	1417	1311.5	16.7045	0.505184
Gorai.007G338000.1.A	666	560.505	3	0.212289
Gorai.007G338000.1.D	666	560.505	1	0.0707629
Gorai.007G338100.1.A	2865	2759.5	2.81476	0.0404572
Gorai.007G338100.1.D	2865	2759.5	0	0
Gorai.007G338200.1.A	675	569.505	0	0
Gorai.007G338200.1.D	675	569.505	177.294	12.3476
Gorai.007G338300.1.A	2814	2708.5	0	0
Gorai.007G338300.1.D	2814	2708.5	0	0
Gorai.007G338400.1.A	2409	2303.5	0	0
Gorai.007G338400.1.D	2409	2303.5	0	0
Gorai.007G338500.1.A	675	569.505	0	0
Gorai.007G338500.1.D	675	569.505	17.5193	1.22013
Gorai.007G338600.1.A	675	569.505	0	0
Gorai.007G338600.1.D	675	569.505	975.187	67.9165
Gorai.007G338700.1.A	3180	3074.5	8.25283	0.106466
Gorai.007G338700.1.D	3180	3074.5	8.93196	0.115228
Gorai.007G338800.1.A	2088	1982.5	0	0
Gorai.007G338800.1.D	2088	1982.5	2.87597	0.057538
Gorai.007G338900.1.A	2910	2804.5	0	0
Gorai.007G338900.1.D	2910	2804.5	28	0.395992
Gorai.007G339000.1.A	1956	1850.5	0	0
Gorai.007G339000.1.D	1956	1850.5	0	0
Gorai.007G339100.1.A	2916	2810.5	2	0.0282248
Gorai.007G339100.1.D	2916	2810.5	1	0.0141124
Gorai.007G339200.1.A	1053	947.505	0	0
Gorai.007G339200.1.D	1053	947.505	0	0
Gorai.007G339300.1.A	2877	2771.5	128.536	1.83948
Gorai.007G339300.1.D	2877	2771.5	0	0
Gorai.007G339400.1.A	611	505.551	1	0.0784548
Gorai.007G339400.1.D	611	505.551	0	0
Gorai.007G339500.1.A	582	476.551	339.953	28.294
Gorai.007G339500.1.D	582	476.551	4.04706	0.336833
Gorai.007G339600.1.A	2538	2432.5	69	1.12507
Gorai.007G339600.1.D	2538	2432.5	0	0
Gorai.007G339700.1.A	2610	2504.5	0	0
Gorai.007G339700.1.D	2610	2504.5	0	0
Gorai.007G339800.1.A	822	716.505	0	0
Gorai.007G339800.1.D	822	716.505	0	0
Gorai.007G339900.1.A	2883	2777.5	0	0
Gorai.007G339900.1.D	2883	2777.5	0	0
Gorai.007G340000.1.A	2823	2717.5	0	0
Gorai.007G340000.1.D	2823	2717.5	0	0
Gorai.007G340100.1.A	2142	2036.5	0	0
Gorai.007G340100.1.D	2142	2036.5	0	0
Gorai.007G340200.1.A	2832	2726.5	0	0
Gorai.007G340200.1.D	2832	2726.5	1	0.0145472
Gorai.007G340300.1.A	2442	2336.5	0	0
Gorai.007G340300.1.D	2442	2336.5	13	0.220679
Gorai.007G340400.1.A	1951	1845.5	14.4181	0.309869
Gorai.007G340400.1.D	1951	1845.5	32.7766	0.704424
Gorai.007G340500.1.A	921	815.505	0	0
Gorai.007G340500.1.D	921	815.505	0	0
Gorai.007G340600.1.A	1056	950.505	0	0
Gorai.007G340600.1.D	1056	950.505	0	0
Gorai.007G340700.1.A	2529	2423.5	5.46356	0.0894163
Gorai.007G340700.1.D	2529	2423.5	0	0
Gorai.007G340800.1.A	3786	3680.5	0	0
Gorai.007G340800.1.D	3786	3680.5	0	0
Gorai.007G340900.1.A	1246	1140.5	0	0
Gorai.007G340900.1.D	1246	1140.5	0	0
Gorai.007G341000.1.A	1064	958.505	11	0.45518
Gorai.007G341000.1.D	1064	958.505	12	0.49656
Gorai.007G341100.1.A	1215	1109.5	35.7938	1.27957
Gorai.007G341100.1.D	1215	1109.5	147.151	5.26039
Gorai.007G341200.1.A	1837	1731.5	2051.33	46.989
Gorai.007G341200.1.D	1837	1731.5	1493.67	34.215
Gorai.007G341300.1.A	1473	1367.5	212.114	6.15212
Gorai.007G341300.1.D	1473	1367.5	115.886	3.36116
Gorai.007G341400.1.A	1819	1713.5	163.709	3.78941
Gorai.007G341400.1.D	1819	1713.5	145.291	3.3631
Gorai.007G341500.1.A	3216	3110.5	91.3295	1.16457
Gorai.007G341500.1.D	3216	3110.5	1488.67	18.9825
Gorai.007G341600.1.A	728	622.505	86.4611	5.50888
Gorai.007G341600.1.D	728	622.505	110.539	7.043
Gorai.007G341700.1.A	1190	1084.5	33	1.20689
Gorai.007G341700.1.D	1190	1084.5	33	1.20689
Gorai.007G341800.1.A	894	788.505	0	0
Gorai.007G341800.1.D	894	788.505	4	0.201206
Gorai.007G341900.1.A	495	389.551	0	0
Gorai.007G341900.1.D	495	389.551	0	0
Gorai.007G342000.1.A	2397	2291.5	563.387	9.75149
Gorai.007G342000.1.D	2397	2291.5	627.613	10.8632
Gorai.007G342100.1.A	3148	3042.5	231.985	3.02422
Gorai.007G342100.1.D	3148	3042.5	312.015	4.06751
Gorai.007G342200.1.A	3801	3695.5	58.3009	0.625729
Gorai.007G342200.1.D	3801	3695.5	63.6991	0.683667
Gorai.007G342300.1.A	2712	2606.5	24.9412	0.379528
Gorai.007G342300.1.D	2712	2606.5	187.059	2.84646
Gorai.007G342400.1.A	2474	2368.5	463.222	7.75711
Gorai.007G342400.1.D	2474	2368.5	673.778	11.2831
Gorai.007G342500.1.A	2959	2853.5	37.4634	0.520731
Gorai.007G342500.1.D	2959	2853.5	10.5366	0.146456
Gorai.007G342600.1.A	2223	2117.5	145.007	2.71612
Gorai.007G342600.1.D	2223	2117.5	176.993	3.31526
Gorai.007G342700.1.A	1892	1786.5	0	0
Gorai.007G342700.1.D	1892	1786.5	0	0
Gorai.007G342800.1.A	2073	1967.5	89.1192	1.79655
Gorai.007G342800.1.D	2073	1967.5	110.881	2.23525
Gorai.007G342900.1.A	1154	1048.5	22.05	0.83411
Gorai.007G342900.1.D	1154	1048.5	26.95	1.01947
Gorai.007G343000.1.A	996	890.505	3	0.13362
Gorai.007G343000.1.D	996	890.505	17	0.757177
Gorai.007G343100.1.A	1928	1822.5	8	0.174103
Gorai.007G343100.1.D	1928	1822.5	21	0.45702
Gorai.007G343200.1.A	1503	1397.5	79.6165	2.25962
Gorai.007G343200.1.D	1503	1397.5	133.383	3.78559
Gorai.007G343300.1.A	898	792.505	102.5	5.12988
Gorai.007G343300.1.D	898	792.505	61.5	3.07793
Gorai.007G343400.1.A	1096	990.505	98.6364	3.94971
Gorai.007G343400.1.D	1096	990.505	56.3636	2.25698
Gorai.007G343500.1.A	2450	2344.5	792.833	13.4127
Gorai.007G343500.1.D	2450	2344.5	903.167	15.2792
Gorai.007G343600.1.A	2325	2219.5	233.038	4.16442
Gorai.007G343600.1.D	2325	2219.5	384.438	6.86997
Gorai.007G343700.1.A	841	735.505	25	1.34815
Gorai.007G343700.1.D	841	735.505	0	0
Gorai.007G343800.1.A	996	890.505	0	0
Gorai.007G343800.1.D	996	890.505	1	0.0445398
Gorai.007G343900.1.A	1068	962.505	0	0
Gorai.007G343900.1.D	1068	962.505	0	0
Gorai.007G344000.1.A	3836	3730.5	128.219	1.36323
Gorai.007G344000.1.D	3836	3730.5	96.5074	1.02607
Gorai.007G344100.1.A	504	398.551	0	0
Gorai.007G344100.1.D	504	398.551	0	0
Gorai.007G344200.1.A	771	665.505	9	0.536385
Gorai.007G344200.1.D	771	665.505	9	0.536385
Gorai.007G344300.1.A	1035	929.505	0	0
Gorai.007G344300.1.D	1035	929.505	0	0
Gorai.007G344400.1.A	2501	2395.5	29.9744	0.496293
Gorai.007G344400.1.D	2501	2395.5	137.026	2.26877
Gorai.007G344500.1.A	950	844.505	274.847	12.9084
Gorai.007G344500.1.D	950	844.505	251.153	11.7956
Gorai.007G344600.1.A	863	757.505	0	0
Gorai.007G344600.1.D	863	757.505	0	0
Gorai.007G344700.1.A	1672	1566.5	20.2258	0.512105
Gorai.007G344700.1.D	1672	1566.5	12.7742	0.323435
Gorai.007G344800.1.A	989	883.505	3	0.134678
Gorai.007G344800.1.D	989	883.505	6	0.269356
Gorai.007G344900.1.A	957	851.505	16.5714	0.771894
Gorai.007G344900.1.D	957	851.505	12.4286	0.578921
Gorai.007G345000.1.A	564	458.551	11	0.951458
Gorai.007G345000.1.D	564	458.551	0	0
Gorai.007G345100.1.A	1740	1634.5	1734.4	42.0869
Gorai.007G345100.1.D	1740	1634.5	1829.6	44.3972
Gorai.007G345200.1.A	1667	1561.5	73.2984	1.86181
Gorai.007G345200.1.D	1667	1561.5	75.7016	1.92286
Gorai.007G345300.1.A	477	371.551	0	0
Gorai.007G345300.1.D	477	371.551	2	0.213499
Gorai.007G345400.1.A	1454	1348.5	128.8	3.78833
Gorai.007G345400.1.D	1454	1348.5	170.2	5.00601
Gorai.007G345500.1.A	1511	1405.5	118.364	3.34019
Gorai.007G345500.1.D	1511	1405.5	98.6364	2.78349
Gorai.007G345600.1.A	1188	1082.5	0	0
Gorai.007G345600.1.D	1188	1082.5	0	0
Gorai.007G345700.1.A	1344	1238.5	10	0.320249
Gorai.007G345700.1.D	1344	1238.5	0	0
Gorai.007G345800.1.A	1432	1326.5	5	0.149502
Gorai.007G345800.1.D	1432	1326.5	4	0.119601
Gorai.007G345900.1.A	1564	1458.5	183.068	4.9784
Gorai.007G345900.1.D	1564	1458.5	176.932	4.81153
Gorai.007G346000.1.A	2518	2412.5	1.56453	0.0257218
Gorai.007G346000.1.D	2518	2412.5	21.1759	0.348143
Gorai.007G346100.1.A	2711	2605.5	6667.6	101.499
Gorai.007G346100.1.D	2711	2605.5	10148.4	154.487
Gorai.007G346200.1.A	1019	913.505	8	0.347347
Gorai.007G346200.1.D	1019	913.505	14	0.607858
Gorai.007G346300.1.A	1180	1074.5	5	0.184564
Gorai.007G346300.1.D	1180	1074.5	0	0
Gorai.007G346400.1.A	1695	1589.5	24.4	0.608854
Gorai.007G346400.1.D	1695	1589.5	36.6	0.913281
Gorai.007G346500.1.A	2820	2714.5	181.91	2.65798
Gorai.007G346500.1.D	2820	2714.5	155.09	2.26609
Gorai.007G346600.1.A	803	697.505	0	0
Gorai.007G346600.1.D	803	697.505	12	0.682369
Gorai.007G346700.1.A	1905	1799.5	0	0
Gorai.007G346700.1.D	1905	1799.5	0	0
Gorai.007G346800.1.A	1920	1814.5	30.1151	0.658281
Gorai.007G346800.1.D	1920	1814.5	6.81578	0.148985
Gorai.007G346900.1.A	3477	3371.5	207.031	2.43555
Gorai.007G346900.1.D	3477	3371.5	64.8448	0.762845
Gorai.007G347000.1.A	612	506.551	12	0.939599
Gorai.007G347000.1.D	612	506.551	0	0
Gorai.007G347100.1.A	1196	1090.5	107.058	3.89382
Gorai.007G347100.1.D	1196	1090.5	37.4673	1.36273
Gorai.007G347200.1.A	2147	2041.5	150.207	2.91826
Gorai.007G347200.1.D	2147	2041.5	91.7931	1.78338
Gorai.007G347300.1.A	2190	2084.5	10.3333	0.196618
Gorai.007G347300.1.D	2190	2084.5	20.6667	0.393235
Gorai.007G347400.1.A	609	503.551	0	0
Gorai.007G347400.1.D	609	503.551	0	0
Gorai.007G347500.1.A	2024	1918.5	56.3544	1.16506
Gorai.007G347500.1.D	2024	1918.5	102.646	2.12208
Gorai.007G347600.1.A	789	683.505	543.803	31.5562
Gorai.007G347600.1.D	789	683.505	318.197	18.4646
Gorai.007G347700.1.A	1542	1436.5	7	0.193275
Gorai.007G347700.1.D	1542	1436.5	3.00637	0.083008
Gorai.007G347800.1.A	1815	1709.5	4.00692	0.0929663
Gorai.007G347800.1.D	1815	1709.5	0	0
Gorai.007G347900.1.A	2262	2156.5	666.88	12.2654
Gorai.007G347900.1.D	2262	2156.5	1455.11	26.7627
Gorai.007G348000.1.A	850	744.505	0	0
Gorai.007G348000.1.D	850	744.505	16	0.852388
Gorai.007G348100.1.A	627	521.505	0	0
Gorai.007G348100.1.D	627	521.505	0	0
Gorai.007G348200.1.A	4382	4276.5	480.152	4.45323
Gorai.007G348200.1.D	4382	4276.5	747.848	6.936
Gorai.007G348300.1.A	903	797.505	769.804	38.2853
Gorai.007G348300.1.D	903	797.505	426.196	21.1964
Gorai.007G348400.1.A	3132	3026.5	150.877	1.97727
Gorai.007G348400.1.D	3132	3026.5	403.123	5.28301
Gorai.007G348500.1.A	716	610.505	0	0
Gorai.007G348500.1.D	716	610.505	5	0.324837
Gorai.007G348600.1.A	1211	1105.5	0	0
Gorai.007G348600.1.D	1211	1105.5	0	0
Gorai.007G348700.1.A	1145	1039.5	0	0
Gorai.007G348700.1.D	1145	1039.5	0	0
Gorai.007G348800.1.A	2417	2311.5	37.6119	0.645381
Gorai.007G348800.1.D	2417	2311.5	32.3881	0.555744
Gorai.007G348900.1.A	693	587.505	0	0
Gorai.007G348900.1.D	693	587.505	0	0
Gorai.007G349000.1.A	1355	1249.5	278.67	8.84581
Gorai.007G349000.1.D	1355	1249.5	209.33	6.64474
Gorai.007G349100.1.A	1492	1386.5	0	0
Gorai.007G349100.1.D	1492	1386.5	0	0
Gorai.007G349200.1.A	1900	1794.5	0	0
Gorai.007G349200.1.D	1900	1794.5	0	0
Gorai.007G349300.1.A	1134	1028.5	0	0
Gorai.007G349300.1.D	1134	1028.5	0	0
Gorai.007G349400.1.A	1828	1722.5	0	0
Gorai.007G349400.1.D	1828	1722.5	28	0.644737
Gorai.007G349500.1.A	803	697.505	0	0
Gorai.007G349500.1.D	803	697.505	6	0.341184
Gorai.007G349600.1.A	1887	1781.5	60.2791	1.34204
Gorai.007G349600.1.D	1887	1781.5	35.7209	0.795281
Gorai.007G349700.1.A	1898	1792.5	3.31034	0.0732484
Gorai.007G349700.1.D	1898	1792.5	28.6897	0.634819
Gorai.007G349800.1.A	790	684.505	1463.78	84.8173
Gorai.007G349800.1.D	790	684.505	1680.22	97.3586
Gorai.007G349900.1.A	258	152.936	8065.44	2091.71
Gorai.007G349900.1.D	258	152.936	7979.56	2069.44
Gorai.007G350000.1.A	3082	2976.5	243.934	3.2505
Gorai.007G350000.1.D	3082	2976.5	126.066	1.67988
Gorai.007G350100.1.A	976	870.505	0	0
Gorai.007G350100.1.D	976	870.505	34	1.54915
Gorai.007G350200.1.A	1569	1463.5	2073.05	56.1824
Gorai.007G350200.1.D	1569	1463.5	1812.95	49.1334
Gorai.007G350300.1.A	1294	1188.5	0	0
Gorai.007G350300.1.D	1294	1188.5	0	0
Gorai.007G350400.1.A	1062	956.505	1	0.0414665
Gorai.007G350400.1.D	1062	956.505	0	0
Gorai.007G350500.1.A	1395	1289.5	1169.5	35.9718
Gorai.007G350500.1.D	1395	1289.5	859.5	26.4367
Gorai.007G350600.1.A	1174	1068.5	6.45	0.239424
Gorai.007G350600.1.D	1174	1068.5	36.55	1.35674
Gorai.007G350700.1.A	2608	2502.5	463.966	7.35353
Gorai.007G350700.1.D	2608	2502.5	705.034	11.1743
Gorai.007G350800.1.A	1190	1084.5	593.545	21.7074
Gorai.007G350800.1.D	1190	1084.5	735.455	26.8974
Gorai.007G350900.1.A	2968	2862.5	240.442	3.33157
Gorai.007G350900.1.D	2968	2862.5	182.558	2.52953
Gorai.007G351000.1.A	1616	1510.5	249.189	6.54321
Gorai.007G351000.1.D	1616	1510.5	118.811	3.11976
Gorai.007G351100.1.A	781	675.505	81	4.756
Gorai.007G351100.1.D	781	675.505	30	1.76148
Gorai.007G351200.1.A	961	855.505	30.7313	1.42477
Gorai.007G351200.1.D	961	855.505	40.2687	1.86694
Gorai.007G351300.1.A	2054	1948.5	329.74	6.71205
Gorai.007G351300.1.D	2054	1948.5	316.26	6.43766
Gorai.007G351400.1.A	2009	1903.5	89.7596	1.8703
Gorai.007G351400.1.D	2009	1903.5	101.24	2.10953
Gorai.007G351500.1.A	2083	1977.5	64.9704	1.30312
Gorai.007G351500.1.D	2083	1977.5	118.03	2.36733
Gorai.007G351600.1.A	2076	1970.5	2042.68	41.1157
Gorai.007G351600.1.D	2076	1970.5	2266.32	45.6172
Gorai.007G351700.1.A	1878	1772.5	86.6857	1.93975
Gorai.007G351700.1.D	1878	1772.5	118.314	2.64749
Gorai.007G351800.1.A	2519	2413.5	3280.97	53.9187
Gorai.007G351800.1.D	2519	2413.5	2653.03	43.5992
Gorai.007G351900.1.A	1846	1740.5	44718.5	1019.05
Gorai.007G351900.1.D	1846	1740.5	50392.5	1148.35
Gorai.007G352000.1.A	2853	2747.5	160.079	2.3109
Gorai.007G352000.1.D	2853	2747.5	174.921	2.52516
Gorai.007G352100.1.A	1915	1809.5	426.036	9.33838
Gorai.007G352100.1.D	1915	1809.5	181.964	3.98851
Gorai.007G352200.1.A	2296	2190.5	534.896	9.68523
Gorai.007G352200.1.D	2296	2190.5	106.104	1.9212
Gorai.007G352300.1.A	1080	974.505	25	1.01752
Gorai.007G352300.1.D	1080	974.505	17	0.69191
Gorai.007G352400.1.A	1633	1527.5	335.118	8.70161
Gorai.007G352400.1.D	1633	1527.5	297.882	7.73477
Gorai.007G352500.1.A	1316	1210.5	53.1399	1.74116
Gorai.007G352500.1.D	1316	1210.5	95.8601	3.14092
Gorai.007G352600.1.A	2004	1898.5	101.609	2.12278
Gorai.007G352600.1.D	2004	1898.5	144.391	3.01658
Gorai.007G352700.1.A	1054	948.505	0	0
Gorai.007G352700.1.D	1054	948.505	2	0.0836326
Gorai.007G352800.1.A	700	594.505	1	0.0667159
Gorai.007G352800.1.D	700	594.505	0	0
Gorai.007G352900.1.A	204	100.177	0	0
Gorai.007G352900.1.D	204	100.177	3	1.18779
Gorai.007G353000.1.A	1084	978.505	0	0
Gorai.007G353000.1.D	1084	978.505	1	0.0405342
Gorai.007G353100.1.A	4618	4512.5	66.8536	0.587614
Gorai.007G353100.1.D	4618	4512.5	43.3375	0.380918
Gorai.007G353200.1.A	1319	1213.5	32.0074	1.04615
Gorai.007G353200.1.D	1319	1213.5	116.993	3.82386
Gorai.007G353300.1.A	2716	2610.5	120.072	1.82433
Gorai.007G353300.1.D	2716	2610.5	117.928	1.79175
Gorai.007G353400.1.A	1452	1346.5	913.824	26.9178
Gorai.007G353400.1.D	1452	1346.5	599.036	17.6454
Gorai.007G353500.1.A	1706	1600.5	301.596	7.474
Gorai.007G353500.1.D	1706	1600.5	223.404	5.5363
Gorai.007G353600.1.A	1288	1182.5	1491.28	50.0198
Gorai.007G353600.1.D	1288	1182.5	1150.72	38.5968
Gorai.007G353700.1.A	409	303.583	0	0
Gorai.007G353700.1.D	409	303.583	2	0.261299
Gorai.007G353800.1.A	4359	4253.5	140.802	1.31295
Gorai.007G353800.1.D	4359	4253.5	60.198	0.561332
Gorai.007G353900.1.A	2436	2330.5	255.07	4.34104
Gorai.007G353900.1.D	2436	2330.5	471.93	8.0318
Gorai.007G354000.1.A	1856	1750.5	1.33333	0.0302107
Gorai.007G354000.1.D	1856	1750.5	2.66667	0.0604213
Gorai.007G354100.1.A	1777	1671.5	5.5	0.130509
Gorai.007G354100.1.D	1777	1671.5	5.5	0.130509
Gorai.007G354200.1.A	1490	1384.5	7.31552	0.209573
Gorai.007G354200.1.D	1490	1384.5	0	0
Gorai.007G354300.1.A	1050	944.505	0	0
Gorai.007G354300.1.D	1050	944.505	0	0
Gorai.007G354400.1.A	732	626.505	69.5395	4.40243
Gorai.007G354400.1.D	732	626.505	0	0
Gorai.007G354500.1.A	859	753.505	0	0
Gorai.007G354500.1.D	859	753.505	0	0
Gorai.007G354600.1.A	1515	1409.5	1	0.0281396
Gorai.007G354600.1.D	1515	1409.5	0	0
Gorai.007G354700.1.A	1176	1070.5	1	0.0370507
Gorai.007G354700.1.D	1176	1070.5	0	0
Gorai.007G354800.1.A	696	590.505	0	0
Gorai.007G354800.1.D	696	590.505	0	0
Gorai.007G354900.1.A	975	869.505	0	0
Gorai.007G354900.1.D	975	869.505	0	0
Gorai.007G355000.1.A	741	635.505	2.14495	0.13387
Gorai.007G355000.1.D	741	635.505	0	0
Gorai.007G355100.1.A	1750	1644.5	6	0.144711
Gorai.007G355100.1.D	1750	1644.5	0	0
Gorai.007G355200.1.A	1701	1595.5	0	0
Gorai.007G355200.1.D	1701	1595.5	0	0
Gorai.007G355300.1.A	1080	974.505	620.442	25.2524
Gorai.007G355300.1.D	1080	974.505	453.558	18.4601
Gorai.007G355400.1.A	533	427.551	1	0.0927677
Gorai.007G355400.1.D	533	427.551	0	0
Gorai.007G355500.1.A	2241	2135.5	350.883	6.51699
Gorai.007G355500.1.D	2241	2135.5	218.117	4.0511
Gorai.007G355600.1.A	1797	1691.5	7.73684	0.181416
Gorai.007G355600.1.D	1797	1691.5	13.2632	0.310999
Gorai.007G355700.1.A	1643	1537.5	34.4644	0.889078
Gorai.007G355700.1.D	1643	1537.5	219.944	5.67387
Gorai.007G355800.1.A	1752	1646.5	717.192	17.2766
Gorai.007G355800.1.D	1752	1646.5	531.933	12.8138
Gorai.007G355900.1.A	917	811.505	6	0.293255
Gorai.007G355900.1.D	917	811.505	0	0
Gorai.007G356000.1.A	7453	7347.5	14.7552	0.0796506
Gorai.007G356000.1.D	7453	7347.5	34.3996	0.185694
Gorai.007G356100.1.A	5097	4991.5	0	0
Gorai.007G356100.1.D	5097	4991.5	0	0
Gorai.007G356200.1.A	363	257.583	0	0
Gorai.007G356200.1.D	363	257.583	0	0
Gorai.007G356300.1.A	9304	9198.5	3.87866	0.0167244
Gorai.007G356300.1.D	9304	9198.5	96.9665	0.418109
Gorai.007G356400.1.A	348	242.63	0.5	0.0817354
Gorai.007G356400.1.D	348	242.63	0.5	0.0817354
Gorai.007G356500.1.A	1264	1158.5	31.5122	1.07886
Gorai.007G356500.1.D	1264	1158.5	31.5122	1.07886
Gorai.007G356600.1.A	326	220.63	0	0
Gorai.007G356600.1.D	326	220.63	0	0
Gorai.007G356700.1.A	758	652.505	29.7613	1.80906
Gorai.007G356700.1.D	758	652.505	4.60926	0.280177
Gorai.007G356800.1.A	5897	5791.5	3.81818	0.0261487
Gorai.007G356800.1.D	5897	5791.5	52.1818	0.357366
Gorai.007G356900.1.A	4263	4157.5	5	0.0477004
Gorai.007G356900.1.D	4263	4157.5	0	0
Gorai.007G357000.1.A	510	404.551	0	0
Gorai.007G357000.1.D	510	404.551	0	0
Gorai.007G357100.1.A	1560	1454.5	100.734	2.74691
Gorai.007G357100.1.D	1560	1454.5	155.884	4.2508
Gorai.007G357200.1.A	642	536.505	93	6.87534
Gorai.007G357200.1.D	642	536.505	93	6.87534
Gorai.007G357300.1.A	3017	2911.5	782.544	10.6605
Gorai.007G357300.1.D	3017	2911.5	472.456	6.43619
Gorai.007G357400.1.A	1230	1124.5	140.177	4.94426
Gorai.007G357400.1.D	1230	1124.5	154.823	5.46083
Gorai.007G357500.1.A	4128	4022.5	5.09266	0.0502149
Gorai.007G357500.1.D	4128	4022.5	4.60543	0.0454107
Gorai.007G357600.1.A	597	491.551	3	0.242068
Gorai.007G357600.1.D	597	491.551	0	0
Gorai.007G357700.1.A	4478	4372.5	11.0097	0.0998693
Gorai.007G357700.1.D	4478	4372.5	24.4953	0.222197
Gorai.007G357800.1.A	921	815.505	6.62151	0.322044
Gorai.007G357800.1.D	921	815.505	0	0
Gorai.007G357900.1.A	1677	1571.5	5	0.126194
Gorai.007G357900.1.D	1677	1571.5	0	0
Gorai.007G358000.1.A	853	747.505	0	0
Gorai.007G358000.1.D	853	747.505	2	0.106121
Gorai.007G358100.1.A	1137	1031.5	1849.9	71.1316
Gorai.007G358100.1.D	1137	1031.5	2425.1	93.2487
Gorai.007G358200.1.A	237	132.247	0	0
Gorai.007G358200.1.D	237	132.247	0	0
Gorai.007G358300.1.A	315	209.649	0	0
Gorai.007G358300.1.D	315	209.649	0	0
Gorai.007G358400.1.A	192	88.8177	0	0
Gorai.007G358400.1.D	192	88.8177	0	0
Gorai.007G358500.1.A	237	132.247	0	0
Gorai.007G358500.1.D	237	132.247	0	0
Gorai.007G358600.1.A	436	330.583	0	0
Gorai.007G358600.1.D	436	330.583	0	0
Gorai.007G358700.1.A	476	370.551	0	0
Gorai.007G358700.1.D	476	370.551	0	0
Gorai.007G358800.1.A	240	135.211	0	0
Gorai.007G358800.1.D	240	135.211	0	0
Gorai.007G358900.1.A	237	132.247	0	0
Gorai.007G358900.1.D	237	132.247	0	0
Gorai.007G359000.1.A	237	132.247	0	0
Gorai.007G359000.1.D	237	132.247	0	0
Gorai.007G359100.1.A	455	349.551	0	0
Gorai.007G359100.1.D	455	349.551	0	0
Gorai.007G359200.1.A	240	135.211	0	0
Gorai.007G359200.1.D	240	135.211	0	0
Gorai.007G359300.1.A	805	699.505	1163.21	65.9559
Gorai.007G359300.1.D	805	699.505	136.787	7.75603
Gorai.007G359400.1.A	1009	903.505	0	0
Gorai.007G359400.1.D	1009	903.505	0	0
Gorai.007G359500.1.A	560	454.551	0	0
Gorai.007G359500.1.D	560	454.551	12	1.04709
Gorai.007G359600.1.A	1072	966.505	0	0
Gorai.007G359600.1.D	1072	966.505	0	0
Gorai.007G359700.1.A	2386	2280.5	180.68	3.14243
Gorai.007G359700.1.D	2386	2280.5	213.32	3.71009
Gorai.007G359800.1.A	1868	1762.5	57.0862	1.28465
Gorai.007G359800.1.D	1868	1762.5	243.914	5.48897
Gorai.007G359900.1.A	1512	1406.5	71.0185	2.0027
Gorai.007G359900.1.D	1512	1406.5	58.9815	1.66326
Gorai.007G360000.1.A	1768	1662.5	1	0.0238573
Gorai.007G360000.1.D	1768	1662.5	7	0.167001
Gorai.007G360100.1.A	2382	2276.5	60.307	1.05071
Gorai.007G360100.1.D	2382	2276.5	64.693	1.12713
Gorai.007G360200.1.A	3687	3581.5	43.5874	0.482703
Gorai.007G360200.1.D	3687	3581.5	615.413	6.81531
Gorai.007G360300.1.A	500	394.551	0	0
Gorai.007G360300.1.D	500	394.551	0	0
Gorai.007G360400.1.A	564	458.551	0	0
Gorai.007G360400.1.D	564	458.551	0	0
Gorai.007G360500.1.A	3200	3094.5	3	0.0384517
Gorai.007G360500.1.D	3200	3094.5	8	0.102538
Gorai.007G360600.1.A	1416	1310.5	0	0
Gorai.007G360600.1.D	1416	1310.5	1	0.0302654
Gorai.007G360700.1.A	3869	3763.5	215.704	2.27326
Gorai.007G360700.1.D	3869	3763.5	204.296	2.15304
Gorai.007G360800.1.A	923	817.505	4	0.194068
Gorai.007G360800.1.D	923	817.505	0	0
Gorai.007G360900.1.A	441	335.583	1.10383	0.130462
Gorai.007G360900.1.D	441	335.583	1.10383	0.130462
Gorai.007G361000.1.A	4739	4633.5	0	0
Gorai.007G361000.1.D	4739	4633.5	36.2036	0.309904
Gorai.007G361100.1.A	3660	3554.5	15.0464	0.167895
Gorai.007G361100.1.D	3660	3554.5	23.1571	0.258398
Gorai.007G361200.1.A	4278	4172.5	17.1055	0.162601
Gorai.007G361200.1.D	4278	4172.5	25.1661	0.239223
Gorai.007G361300.1.A	975	869.505	1.47106	0.0671032
Gorai.007G361300.1.D	975	869.505	6.39663	0.291786
Gorai.007G361400.1.A	4613	4507.5	43.825	0.38563
Gorai.007G361400.1.D	4613	4507.5	32.4446	0.28549
Gorai.007G361500.1.A	1340	1234.5	420.752	13.5182
Gorai.007G361500.1.D	1340	1234.5	792.484	25.4614
Gorai.007G361600.1.A	791	685.505	949.085	54.9136
Gorai.007G361600.1.D	791	685.505	742.679	42.971
Gorai.007G361700.1.A	1855	1749.5	550.09	12.4711
Gorai.007G361700.1.D	1855	1749.5	723.91	16.4117
Gorai.007G361800.1.A	1310	1204.5	4	0.131715
Gorai.007G361800.1.D	1310	1204.5	4	0.131715
Gorai.007G361900.1.A	1061	955.505	150.208	6.23511
Gorai.007G361900.1.D	1061	955.505	321.873	13.3609
Gorai.007G362000.1.A	1474	1368.5	15	0.43474
Gorai.007G362000.1.D	1474	1368.5	3	0.0869481
Gorai.007G362100.1.A	1464	1358.5	665.429	19.4279
Gorai.007G362100.1.D	1464	1358.5	1137.57	33.2126
Gorai.007G362200.1.A	1384	1278.5	39.0943	1.21282
Gorai.007G362200.1.D	1384	1278.5	16.9057	0.524463
Gorai.007G362300.1.A	1926	1820.5	5444.7	118.623
Gorai.007G362300.1.D	1926	1820.5	4819.3	104.997
Gorai.007G362400.1.A	1859	1753.5	344.638	7.79544
Gorai.007G362400.1.D	1859	1753.5	549.362	12.4262
Gorai.007G362500.1.A	558	452.551	3	0.262929
Gorai.007G362500.1.D	558	452.551	0	0
Gorai.007G362600.1.A	742	636.505	10	0.623137
Gorai.007G362600.1.D	742	636.505	2	0.124627
Gorai.007G362700.1.A	2396	2290.5	187.302	3.24338
Gorai.007G362700.1.D	2396	2290.5	118.698	2.0554
Gorai.007G362800.1.A	954	848.505	8.60241	0.402115
Gorai.007G362800.1.D	954	848.505	110.398	5.16048
Gorai.007G362900.1.A	1542	1436.5	73.7615	2.03661
Gorai.007G362900.1.D	1542	1436.5	46.2385	1.27668
Gorai.007G363000.1.A	2126	2020.5	7	0.137412
Gorai.007G363000.1.D	2126	2020.5	4	0.0785209
Gorai.007G363100.1.A	266	160.864	0.5	0.123281
Gorai.007G363100.1.D	266	160.864	0.5	0.123281
Gorai.007G363200.1.A	3575	3469.5	42.2857	0.483405
Gorai.007G363200.1.D	3575	3469.5	31.7143	0.362554
Gorai.007G363300.1.A	2838	2732.5	501.254	7.27582
Gorai.007G363300.1.D	2838	2732.5	631.746	9.16994
Gorai.007G363400.1.A	1078	972.505	10.0882	0.411442
Gorai.007G363400.1.D	1078	972.505	38.9118	1.58699
Gorai.007G363500.1.A	669	563.505	4	0.281545
Gorai.007G363500.1.D	669	563.505	0	0
Gorai.007G363600.1.A	258	152.936	0	0
Gorai.007G363600.1.D	258	152.936	0	0
Gorai.007G363700.1.A	972	866.505	0	0
Gorai.007G363700.1.D	972	866.505	0	0
Gorai.007G363800.1.A	1532	1426.5	10	0.278043
Gorai.007G363800.1.D	1532	1426.5	5	0.139021
Gorai.007G363900.1.A	4205	4099.5	313.698	3.03504
Gorai.007G363900.1.D	4205	4099.5	344.302	3.33114
Gorai.007G364000.1.A	2729	2623.5	188.57	2.85086
Gorai.007G364000.1.D	2729	2623.5	98.4296	1.48809
Gorai.007G364100.1.A	3814	3708.5	54.0014	0.577552
Gorai.007G364100.1.D	3814	3708.5	35.5576	0.380294
Gorai.007G364200.1.A	1100	994.505	0	0
Gorai.007G364200.1.D	1100	994.505	0	0
Gorai.007G364300.1.A	4226	4120.5	4.25562	0.0409635
Gorai.007G364300.1.D	4226	4120.5	28.1583	0.271045
Gorai.007G364400.1.A	3531	3425.5	4.86291	0.0563063
Gorai.007G364400.1.D	3531	3425.5	13.7523	0.159234
Gorai.007G364500.1.A	1394	1288.5	0	0
Gorai.007G364500.1.D	1394	1288.5	0	0
Gorai.007G364600.1.A	545	439.551	0.5	0.0451175
Gorai.007G364600.1.D	545	439.551	0.5	0.0451175
Gorai.007G364700.1.A	3706	3600.5	2.18871	0.0241107
Gorai.007G364700.1.D	3706	3600.5	2.29462	0.0252774
Gorai.007G364800.1.A	243	138.135	0	0
Gorai.007G364800.1.D	243	138.135	0	0
Gorai.007G364900.1.A	3282	3176.5	3.33333	0.0416212
Gorai.007G364900.1.D	3282	3176.5	1.66667	0.0208106
Gorai.007G365000.1.A	3615	3509.5	0	0
Gorai.007G365000.1.D	3615	3509.5	1.17417	0.01327
Gorai.007G365100.1.A	545	439.551	0.5	0.0451175
Gorai.007G365100.1.D	545	439.551	0.5	0.0451175
Gorai.007G365200.1.A	576	470.551	0	0
Gorai.007G365200.1.D	576	470.551	0	0
Gorai.007G365300.1.A	4286	4180.5	94.2658	0.894356
Gorai.007G365300.1.D	4286	4180.5	36.0186	0.34173
Gorai.007G365400.1.A	4462	4356.5	0	0
Gorai.007G365400.1.D	4462	4356.5	23.3164	0.21228
Gorai.007G365500.1.A	4066	3960.5	5.78479	0.0579324
Gorai.007G365500.1.D	4066	3960.5	2.29311	0.0229646
Gorai.007G365600.1.A	783	677.505	0	0
Gorai.007G365600.1.D	783	677.505	0	0
Gorai.007G365700.1.A	3438	3332.5	5.03544	0.059931
Gorai.007G365700.1.D	3438	3332.5	19.9425	0.237353
Gorai.007G365800.1.A	3731	3625.5	0	0
Gorai.007G365800.1.D	3731	3625.5	6.14969	0.0672774
Gorai.007G365900.1.A	4182	4076.5	21.0228	0.204545
Gorai.007G365900.1.D	4182	4076.5	39.8108	0.387345
Gorai.007G366000.1.A	738	632.505	0.511666	0.0320854
Gorai.007G366000.1.D	738	632.505	0.511666	0.0320854
Gorai.007G366100.1.A	3867	3761.5	0.704119	0.00742454
Gorai.007G366100.1.D	3867	3761.5	33.7878	0.356273
Gorai.007G366200.1.A	3860	3754.5	5.47732	0.0578629
Gorai.007G366200.1.D	3860	3754.5	72.9889	0.771061
Gorai.007G366300.1.A	366	260.583	0	0
Gorai.007G366300.1.D	366	260.583	1.50947	0.229754
Gorai.007G366400.1.A	731	625.505	60.7598	3.85275
Gorai.007G366400.1.D	731	625.505	11.365	0.720652
Gorai.007G366500.1.A	4159	4053.5	26.0108	0.254511
Gorai.007G366500.1.D	4159	4053.5	115.852	1.13359
Gorai.007G366600.1.A	1942	1836.5	39.9684	0.863196
Gorai.007G366600.1.D	1942	1836.5	15.8834	0.343034
Gorai.007G366700.1.A	876	770.505	0	0
Gorai.007G366700.1.D	876	770.505	173	8.90545
Gorai.007G366800.1.A	765	659.505	0	0
Gorai.007G366800.1.D	765	659.505	92	5.53293
Gorai.007G366900.1.A	1143	1037.5	0	0
Gorai.007G366900.1.D	1143	1037.5	462	17.6619
Gorai.007G367000.1.A	972	866.505	0	0
Gorai.007G367000.1.D	972	866.505	588	26.9148
Gorai.007G367100.1.A	1293	1187.5	2.01873	0.067426
Gorai.007G367100.1.D	1293	1187.5	536.981	17.9353
Gorai.007G367200.1.A	1061	955.505	0	0
Gorai.007G367200.1.D	1061	955.505	670	27.8117
Gorai.007G367300.1.A	689	583.505	72.9231	4.95685
Gorai.007G367300.1.D	689	583.505	6.07692	0.413071
Gorai.007G367400.1.A	790	684.505	98.2078	5.69055
Gorai.007G367400.1.D	790	684.505	100.792	5.8403
Gorai.007G367500.1.A	859	753.505	0	0
Gorai.007G367500.1.D	859	753.505	0	0
Gorai.007G367600.1.A	631	525.505	43	3.24546
Gorai.007G367600.1.D	631	525.505	18	1.35857
Gorai.007G367700.1.A	2169	2063.5	573.508	11.0235
Gorai.007G367700.1.D	2169	2063.5	463.492	8.90885
Gorai.007G367800.1.A	609	503.551	0	0
Gorai.007G367800.1.D	609	503.551	0	0
Gorai.007G367900.1.A	3533	3427.5	247.947	2.86924
Gorai.007G367900.1.D	3533	3427.5	239.053	2.76631
Gorai.007G368000.1.A	936	830.505	1.52263	0.0727173
Gorai.007G368000.1.D	936	830.505	22.7486	1.08642
Gorai.007G368100.1.A	477	371.551	1.25	0.133437
Gorai.007G368100.1.D	477	371.551	3.75	0.400311
Gorai.007G368200.1.A	773	667.505	299.659	17.8057
Gorai.007G368200.1.D	773	667.505	331.341	19.6882
Gorai.007G368300.1.A	958	852.505	60.9699	2.83664
Gorai.007G368300.1.D	958	852.505	98.0301	4.56087
Gorai.007G368400.1.A	2091	1985.5	175.401	3.50385
Gorai.007G368400.1.D	2091	1985.5	248.599	4.96608
Gorai.007G368500.1.A	840	734.505	60.1765	3.2495
Gorai.007G368500.1.D	840	734.505	125.824	6.79442
Gorai.007G368600.1.A	309	203.687	0	0
Gorai.007G368600.1.D	309	203.687	0	0
Gorai.007G368700.1.A	3538	3432.5	55.0101	0.635647
Gorai.007G368700.1.D	3538	3432.5	94.656	1.09376
Gorai.007G368800.1.A	201	97.3325	0	0
Gorai.007G368800.1.D	201	97.3325	0	0
Gorai.007G368900.1.A	234	129.404	1.5	0.459756
Gorai.007G368900.1.D	234	129.404	1.5	0.459756
Gorai.007G369000.1.A	654	548.505	0	0
Gorai.007G369000.1.D	654	548.505	0	0
Gorai.007G369100.1.A	866	760.505	21.4286	1.11757
Gorai.007G369100.1.D	866	760.505	8.57143	0.44703
Gorai.007G369200.1.A	2397	2291.5	60.9744	1.05539
Gorai.007G369200.1.D	2397	2291.5	21.0256	0.363926
Gorai.007G369300.1.A	990	884.505	45.5	2.04031
Gorai.007G369300.1.D	990	884.505	45.5	2.04031
Gorai.007G369400.1.A	324	218.63	0	0
Gorai.007G369400.1.D	324	218.63	0	0
Gorai.007G369500.1.A	360	254.63	0	0
Gorai.007G369500.1.D	360	254.63	0	0
Gorai.007G369600.1.A	2139	2033.5	1604.96	31.3042
Gorai.007G369600.1.D	2139	2033.5	2.04453	0.039878
Gorai.007G369700.1.A	1008	902.505	7	0.307633
Gorai.007G369700.1.D	1008	902.505	0	0
Gorai.007G369800.1.A	891	785.505	142.844	7.21269
Gorai.007G369800.1.D	891	785.505	1185.16	59.8428
Gorai.007G369900.1.A	783	677.505	6.30526	0.369127
Gorai.007G369900.1.D	783	677.505	6.30526	0.369127
Gorai.007G370000.1.A	2570	2464.5	630.351	10.1447
Gorai.007G370000.1.D	2570	2464.5	6.03845	0.0971809
Gorai.007G370100.1.A	397	291.583	1	0.136026
Gorai.007G370100.1.D	397	291.583	1	0.136026
Gorai.007G370200.1.A	317	211.63	2	0.374833
Gorai.007G370200.1.D	317	211.63	2	0.374833
Gorai.007G370300.1.A	781	675.505	3.68489	0.216362
Gorai.007G370300.1.D	781	675.505	2.45659	0.144241
Gorai.007G370400.1.A	2609	2503.5	135.739	2.15051
Gorai.007G370400.1.D	2609	2503.5	138.119	2.18822
Gorai.007G370500.1.A	2064	1958.5	878.232	17.7856
Gorai.007G370500.1.D	2064	1958.5	149.768	3.03305
Gorai.007G370600.1.A	413	307.583	2.19065	0.282484
Gorai.007G370600.1.D	413	307.583	0	0
Gorai.007G370700.1.A	1819	1713.5	11.6307	0.269218
Gorai.007G370700.1.D	1819	1713.5	40.1787	0.930026
Gorai.007G370800.1.A	510	404.551	3	0.294125
Gorai.007G370800.1.D	510	404.551	3	0.294125
Gorai.007G370900.1.A	3119	3013.5	100.993	1.32925
Gorai.007G370900.1.D	3119	3013.5	51.0067	0.671337
Gorai.007G371000.1.A	3328	3222.5	131.268	1.61566
Gorai.007G371000.1.D	3328	3222.5	189.732	2.33524
Gorai.007G371100.1.A	610	504.551	3.6	0.282997
Gorai.007G371100.1.D	610	504.551	5.4	0.424496
Gorai.007G371200.1.A	1087	981.505	0	0
Gorai.007G371200.1.D	1087	981.505	1	0.0404103
Gorai.007G371300.1.A	1381	1275.5	245.802	7.64343
Gorai.007G371300.1.D	1381	1275.5	290.198	9.02396
Gorai.007G371400.1.A	1695	1589.5	0	0
Gorai.007G371400.1.D	1695	1589.5	0	0
Gorai.007G371500.1.A	2000	1894.5	117.534	2.46067
Gorai.007G371500.1.D	2000	1894.5	116.466	2.4383
Gorai.007G371600.1.A	807	701.505	1191.82	67.3854
Gorai.007G371600.1.D	807	701.505	784.178	44.3373
Gorai.007G371700.1.A	2402	2296.5	334.274	5.77325
Gorai.007G371700.1.D	2402	2296.5	399.726	6.90367
Gorai.007G371800.1.A	869	763.505	0	0
Gorai.007G371800.1.D	869	763.505	0	0
Gorai.007G371900.1.A	1443	1337.5	85.6154	2.53888
Gorai.007G371900.1.D	1443	1337.5	285.385	8.46292
Gorai.007G372000.1.A	1078	972.505	5	0.203922
Gorai.007G372000.1.D	1078	972.505	12	0.489412
Gorai.007G372100.1.A	1062	956.505	489.549	20.2999
Gorai.007G372100.1.D	1062	956.505	410.451	17.02
Gorai.007G372200.1.A	2191	2085.5	65	1.2362
Gorai.007G372200.1.D	2191	2085.5	18	0.342331
Gorai.007G372300.1.A	1738	1632.5	191.919	4.66282
Gorai.007G372300.1.D	1738	1632.5	8.08081	0.196329
Gorai.007G372400.1.A	5544	5438.5	280.652	2.04679
Gorai.007G372400.1.D	5544	5438.5	98.3481	0.717251
Gorai.007G372500.1.A	709	603.505	11.5789	0.76098
Gorai.007G372500.1.D	709	603.505	8.42105	0.55344
Gorai.007G372600.1.A	963	857.505	726.405	33.5991
Gorai.007G372600.1.D	963	857.505	0	0
Gorai.007G372700.1.A	1164	1058.5	1691.48	63.3812
Gorai.007G372700.1.D	1164	1058.5	342.516	12.8343
Gorai.007G372800.1.A	1058	952.505	100.319	4.17737
Gorai.007G372800.1.D	1058	952.505	171.681	7.1489
Gorai.007G372900.1.A	2130	2024.5	230.299	4.51189
Gorai.007G372900.1.D	2130	2024.5	132.2	2.58998
Gorai.007G373000.1.A	1214	1108.5	0	0
Gorai.007G373000.1.D	1214	1108.5	0	0
Gorai.007G373100.1.A	1973	1867.5	1176.24	24.9816
Gorai.007G373100.1.D	1973	1867.5	1404.76	29.8349
Gorai.007G373200.1.A	1726	1620.5	20.8163	0.509494
Gorai.007G373200.1.D	1726	1620.5	30.1837	0.738766
Gorai.007G373300.1.A	2952	2846.5	3774.01	52.5867
Gorai.007G373300.1.D	2952	2846.5	4967.99	69.2235
Gorai.007G373400.1.A	234	129.404	0	0
Gorai.007G373400.1.D	234	129.404	0	0
Gorai.007G373500.1.A	1760	1654.5	118.81	2.84819
Gorai.007G373500.1.D	1760	1654.5	177.19	4.24773
Gorai.007G373600.1.A	2597	2491.5	18.3503	0.292124
Gorai.007G373600.1.D	2597	2491.5	138.796	2.20954
Gorai.007G373700.1.A	2357	2251.5	1.42341	0.0250751
Gorai.007G373700.1.D	2357	2251.5	24.43	0.430364
Gorai.007G373800.1.A	4788	4682.5	2065.49	17.4956
Gorai.007G373800.1.D	4788	4682.5	1544.51	13.0827
Gorai.007G373900.1.A	298	192.687	0	0
Gorai.007G373900.1.D	298	192.687	0	0
Gorai.007G374000.1.A	1711	1605.5	135.004	3.33518
Gorai.007G374000.1.D	1711	1605.5	403.996	9.98046
Gorai.007G374100.1.A	1092	986.505	18221.2	732.595
Gorai.007G374100.1.D	1092	986.505	28746.8	1155.78
Gorai.007G374200.1.A	713	607.505	0	0
Gorai.007G374200.1.D	713	607.505	3	0.195865
Gorai.007G374300.1.A	2054	1948.5	107.55	2.18924
Gorai.007G374300.1.D	2054	1948.5	92.8666	1.89035
Gorai.007G374400.1.A	930	824.505	2	0.0962104
Gorai.007G374400.1.D	930	824.505	0	0
Gorai.007G374500.1.A	2229	2123.5	24.8182	0.463555
Gorai.007G374500.1.D	2229	2123.5	40.1818	0.750518
Gorai.007G374600.1.A	1166	1060.5	644.52	24.1051
Gorai.007G374600.1.D	1166	1060.5	640.48	23.954
Gorai.007G374700.1.A	1743	1637.5	1568.64	37.995
Gorai.007G374700.1.D	1743	1637.5	2745.13	66.4913
Gorai.007G374800.1.A	3128	3022.5	755.56	9.91486
Gorai.007G374800.1.D	3128	3022.5	878.222	11.5245
Gorai.007G374900.1.A	2214	2108.5	78.5823	1.47821
Gorai.007G374900.1.D	2214	2108.5	18.4177	0.346455
Gorai.007G375000.1.A	1869	1763.5	1.22222	0.027489
Gorai.007G375000.1.D	1869	1763.5	9.77778	0.219912
Gorai.007G375100.1.A	1061	955.505	4.03037	0.1673
Gorai.007G375100.1.D	1061	955.505	1.34346	0.0557668
Gorai.007G375200.1.A	1417	1311.5	1.02041	0.0308595
Gorai.007G375200.1.D	1417	1311.5	48.9796	1.48126
Gorai.007G375300.1.A	1460	1354.5	207.137	6.06544
Gorai.007G375300.1.D	1460	1354.5	129.863	3.80268
Gorai.007G375400.1.A	854	748.505	63.9077	3.38644
Gorai.007G375400.1.D	854	748.505	3.09231	0.16386
Gorai.007G375500.1.A	1688	1582.5	32.3619	0.8111
Gorai.007G375500.1.D	1688	1582.5	111.495	2.79445
Gorai.007G375600.1.A	2205	2099.5	32537.7	614.688
Gorai.007G375600.1.D	2205	2099.5	29404.3	555.494
Gorai.007G375700.1.A	1620	1514.5	531.922	13.9304
Gorai.007G375700.1.D	1620	1514.5	803.078	21.0316
Gorai.007G375800.1.A	1674	1568.5	20.25	0.512064
Gorai.007G375800.1.D	1674	1568.5	24.75	0.625856
Gorai.007G375900.1.A	2442	2336.5	0	0
Gorai.007G375900.1.D	2442	2336.5	0	0
Gorai.007G376000.1.A	557	451.551	6386.86	561.003
Gorai.007G376000.1.D	557	451.551	1347.14	118.328
Gorai.007G376100.1.A	964	858.505	227.927	10.5302
Gorai.007G376100.1.D	964	858.505	18.0735	0.834995
Gorai.007G376200.1.A	1270	1164.5	1760.12	59.9496
Gorai.007G376200.1.D	1270	1164.5	887.877	30.241
Gorai.007G376300.1.A	1371	1265.5	62.1619	1.94825
Gorai.007G376300.1.D	1371	1265.5	44.8381	1.4053
Gorai.007G376400.1.A	2091	1985.5	5.5	0.109869
Gorai.007G376400.1.D	2091	1985.5	5.5	0.109869
Gorai.007G376500.1.A	1391	1285.5	16.1215	0.497412
Gorai.007G376500.1.D	1391	1285.5	98.8785	3.0508
Gorai.007G376600.1.A	2106	2000.5	2	0.0396529
Gorai.007G376600.1.D	2106	2000.5	1	0.0198265
Gorai.007G376700.1.A	1413	1307.5	172	5.21759
Gorai.007G376700.1.D	1413	1307.5	184	5.58161
Gorai.007G376800.1.A	1919	1813.5	35.5833	0.778239
Gorai.007G376800.1.D	1919	1813.5	25.4167	0.555885
Gorai.007G376900.1.A	1617	1511.5	0	0
Gorai.007G376900.1.D	1617	1511.5	0	0
Gorai.007G377000.1.A	891	785.505	0	0
Gorai.007G377000.1.D	891	785.505	0	0
Gorai.007G377100.1.A	1478	1372.5	20.2044	0.583871
Gorai.007G377100.1.D	1478	1372.5	152.796	4.41552
Gorai.007G377200.1.A	2576	2470.5	0	0
Gorai.007G377200.1.D	2576	2470.5	0	0
Gorai.007G377300.1.A	1085	979.505	12.1579	0.492308
Gorai.007G377300.1.D	1085	979.505	8.84211	0.358042
Gorai.007G377400.1.A	714	608.505	0	0
Gorai.007G377400.1.D	714	608.505	0	0
Gorai.007G377500.1.A	1361	1255.5	39.2561	1.24015
Gorai.007G377500.1.D	1361	1255.5	47.7439	1.50829
Gorai.007G377600.1.A	2144	2038.5	104.59	2.03499
Gorai.007G377600.1.D	2144	2038.5	113.41	2.20661
Gorai.007G377700.1.A	1223	1117.5	2103.23	74.6487
Gorai.007G377700.1.D	1223	1117.5	6297.77	223.523
Gorai.007G377800.1.A	1703	1597.5	5.14286	0.127687
Gorai.007G377800.1.D	1703	1597.5	6.85714	0.17025
Gorai.007G377900.1.A	1854	1748.5	0	0
Gorai.007G377900.1.D	1854	1748.5	0	0
Gorai.007G378000.1.A	3309	3203.5	539.161	6.67541
Gorai.007G378000.1.D	3309	3203.5	449.839	5.56951
Gorai.007G378100.1.A	2789	2683.5	61.7188	0.91222
Gorai.007G378100.1.D	2789	2683.5	17.2812	0.255422
Gorai.007G378200.1.A	2019	1913.5	373.385	7.73949
Gorai.007G378200.1.D	2019	1913.5	61.6147	1.27714
Gorai.007G378300.1.A	2034	1928.5	167.138	3.43747
Gorai.007G378300.1.D	2034	1928.5	572.862	11.7819
Gorai.007G378400.1.A	1558	1452.5	86.3784	2.3587
Gorai.007G378400.1.D	1558	1452.5	101.622	2.77494
Gorai.007G378500.1.A	2620	2514.5	197.524	3.11568
Gorai.007G378500.1.D	2620	2514.5	178.253	2.8117
Gorai.007G378600.1.A	1501	1395.5	2	0.0568439
Gorai.007G378600.1.D	1501	1395.5	5	0.14211
Gorai.007G378700.1.A	2136	2030.5	110.868	2.16564
Gorai.007G378700.1.D	2136	2030.5	80.1322	1.56527
Gorai.007G378800.1.A	1168	1062.5	126.25	4.71287
Gorai.007G378800.1.D	1168	1062.5	38.75	1.44652
Gorai.007G378900.1.A	2106	2000.5	0	0
Gorai.007G378900.1.D	2106	2000.5	44.6511	0.885274
Gorai.007G379000.1.A	3296	3190.5	56.5217	0.702653
Gorai.007G379000.1.D	3296	3190.5	93.4783	1.16208
Gorai.007G379100.1.A	1337	1231.5	15	0.483103
Gorai.007G379100.1.D	1337	1231.5	0	0
Gorai.007G379200.1.A	1497	1391.5	0	0
Gorai.007G379200.1.D	1497	1391.5	0	0
Gorai.007G379300.1.A	2143	2037.5	708.908	13.7999
Gorai.007G379300.1.D	2143	2037.5	557.151	10.8457
Gorai.007G379400.1.A	538	432.551	0	0
Gorai.007G379400.1.D	538	432.551	0	0
Gorai.007G379500.1.A	1173	1067.5	0	0
Gorai.007G379500.1.D	1173	1067.5	5.59947	0.208047
Gorai.007G379600.1.A	604	498.551	0	0
Gorai.007G379600.1.D	604	498.551	25.169	2.00236
Gorai.007G379700.1.A	2366	2260.5	32.3142	0.566987
Gorai.007G379700.1.D	2366	2260.5	97.9147	1.71802
Gorai.007G379800.1.A	1460	1354.5	69.1324	2.02435
Gorai.007G379800.1.D	1460	1354.5	7.46526	0.2186
Gorai.007G379900.1.A	943	837.505	0	0
Gorai.007G379900.1.D	943	837.505	142	6.7249
Gorai.007G380000.1.A	153	54.6492	0	0
Gorai.007G380000.1.D	153	54.6492	12.185	8.84353
Gorai.007G380100.1.A	787	681.505	17.3981	1.01255
Gorai.007G380100.1.D	787	681.505	494.414	28.7744
Gorai.007G380200.1.A	608	502.551	56.0725	4.42542
Gorai.007G380200.1.D	608	502.551	2.86838	0.226382
Gorai.008G000100.1.A	1028	922.505	17	0.730912
Gorai.008G000100.1.D	1028	922.505	0	0
Gorai.008G000200.1.A	912	806.505	7	0.344252
Gorai.008G000200.1.D	912	806.505	5	0.245894
Gorai.008G000300.1.A	303	197.687	0	0
Gorai.008G000300.1.D	303	197.687	0	0
Gorai.008G000400.1.A	2147	2041.5	1328.34	25.8073
Gorai.008G000400.1.D	2147	2041.5	881.663	17.1292
Gorai.008G000500.1.A	2974	2868.5	165.649	2.29044
Gorai.008G000500.1.D	2974	2868.5	207.351	2.86705
Gorai.008G000600.1.A	3261	3155.5	68.8172	0.864994
Gorai.008G000600.1.D	3261	3155.5	531.183	6.67667
Gorai.008G000700.1.A	668	562.505	0	0
Gorai.008G000700.1.D	668	562.505	0	0
Gorai.008G000800.1.A	784	678.505	510.559	29.8454
Gorai.008G000800.1.D	784	678.505	969.441	56.6701
Gorai.008G000900.1.A	2494	2388.5	103.897	1.72529
Gorai.008G000900.1.D	2494	2388.5	53.1029	0.881815
Gorai.008G001000.1.A	2048	1942.5	1938.53	39.5817
Gorai.008G001000.1.D	2048	1942.5	1619.47	33.0672
Gorai.008G001100.1.A	2030	1924.5	59.3661	1.2235
Gorai.008G001100.1.D	2030	1924.5	134.634	2.77473
Gorai.008G001200.1.A	2672	2566.5	37.0222	0.572144
Gorai.008G001200.1.D	2672	2566.5	11.9778	0.185105
Gorai.008G001300.1.A	2376	2270.5	389.103	6.79716
Gorai.008G001300.1.D	2376	2270.5	520.897	9.09943
Gorai.008G001400.1.A	2208	2102.5	1026.12	19.3574
Gorai.008G001400.1.D	2208	2102.5	884.249	16.681
Gorai.008G001500.1.A	953	847.505	144.435	6.75951
Gorai.008G001500.1.D	953	847.505	187.565	8.77798
Gorai.008G001600.1.A	2765	2659.5	334.406	4.98721
Gorai.008G001600.1.D	2765	2659.5	368.594	5.49709
Gorai.008G001700.1.A	1506	1400.5	10	0.283205
Gorai.008G001700.1.D	1506	1400.5	0	0
Gorai.008G001800.1.A	1162	1056.5	118.911	4.4641
Gorai.008G001800.1.D	1162	1056.5	165.089	6.19773
Gorai.008G001900.1.A	1070	964.505	7.14286	0.293733
Gorai.008G001900.1.D	1070	964.505	2.85714	0.117493
Gorai.008G002000.1.A	430	324.583	1	0.122197
Gorai.008G002000.1.D	430	324.583	6	0.733179
Gorai.008G002100.1.A	881	775.505	32	1.63663
Gorai.008G002100.1.D	881	775.505	19	0.971749
Gorai.008G002200.1.A	2092	1986.5	2.57143	0.0513416
Gorai.008G002200.1.D	2092	1986.5	6.42857	0.128354
Gorai.008G002300.1.A	1453	1347.5	0	0
Gorai.008G002300.1.D	1453	1347.5	1	0.0294344
Gorai.008G002400.1.A	1434	1328.5	32.8788	0.981607
Gorai.008G002400.1.D	1434	1328.5	37.1212	1.10827
Gorai.008G002500.1.A	3014	2908.5	2	0.0272738
Gorai.008G002500.1.D	3014	2908.5	1	0.0136369
Gorai.008G002600.1.A	1655	1549.5	54.101	1.38483
Gorai.008G002600.1.D	1655	1549.5	48.899	1.25168
Gorai.008G002700.1.A	2526	2420.5	258.914	4.24262
Gorai.008G002700.1.D	2526	2420.5	562.086	9.21047
Gorai.008G002800.1.A	2437	2331.5	2.23529	0.0380262
Gorai.008G002800.1.D	2437	2331.5	244.765	4.16387
Gorai.008G002900.1.A	6484	6378.5	814.532	5.06494
Gorai.008G002900.1.D	6484	6378.5	1924.47	11.9668
Gorai.008G003000.1.A	1657	1551.5	95.8021	2.4491
Gorai.008G003000.1.D	1657	1551.5	353.198	9.02921
Gorai.008G003100.1.A	1512	1406.5	291.039	8.2072
Gorai.008G003100.1.D	1512	1406.5	706.961	19.936
Gorai.008G003200.1.A	2788	2682.5	1211.43	17.9119
Gorai.008G003200.1.D	2788	2682.5	639.573	9.45659
Gorai.008G003300.1.A	2093	1987.5	1	0.0199561
Gorai.008G003300.1.D	2093	1987.5	1	0.0199561
Gorai.008G003400.1.A	1127	1021.5	13.8289	0.536947
Gorai.008G003400.1.D	1127	1021.5	417.171	16.1979
Gorai.008G003500.1.A	818	712.505	0	0
Gorai.008G003500.1.D	818	712.505	0	0
Gorai.008G003600.1.A	537	431.551	0	0
Gorai.008G003600.1.D	537	431.551	0	0
Gorai.008G003700.1.A	875	769.505	0	0
Gorai.008G003700.1.D	875	769.505	0	0
Gorai.008G003800.1.A	1727	1621.5	59.8992	1.46517
Gorai.008G003800.1.D	1727	1621.5	72.1008	1.76363
Gorai.008G003900.1.A	1759	1653.5	1	0.0239872
Gorai.008G003900.1.D	1759	1653.5	7	0.16791
Gorai.008G004000.1.A	1920	1814.5	480.136	10.4952
Gorai.008G004000.1.D	1920	1814.5	456.864	9.98651
Gorai.008G004100.1.A	948	842.505	4	0.18831
Gorai.008G004100.1.D	948	842.505	12	0.564929
Gorai.008G004200.1.A	4561	4455.5	1036.63	9.22812
Gorai.008G004200.1.D	4561	4455.5	640.367	5.70055
Gorai.008G004300.1.A	726	620.505	40.1905	2.569
Gorai.008G004300.1.D	726	620.505	40.1905	2.569
Gorai.008G004400.1.A	1747	1641.5	861.439	20.8146
Gorai.008G004400.1.D	1747	1641.5	1547.56	37.393
Gorai.008G004500.1.A	2470	2364.5	4.5	0.0754844
Gorai.008G004500.1.D	2470	2364.5	4.5	0.0754844
Gorai.008G004600.1.A	1821	1715.5	89.6646	2.07307
Gorai.008G004600.1.D	1821	1715.5	83.3354	1.92674
Gorai.008G004700.1.A	1893	1787.5	21.3592	0.47394
Gorai.008G004700.1.D	1893	1787.5	88.6408	1.96685
Gorai.008G004800.1.A	2231	2125.5	71.1111	1.32697
Gorai.008G004800.1.D	2231	2125.5	72.8889	1.36014
Gorai.008G004900.1.A	484	378.551	7	0.733429
Gorai.008G004900.1.D	484	378.551	0	0
Gorai.008G005000.1.A	1223	1117.5	161.583	5.73496
Gorai.008G005000.1.D	1223	1117.5	208.925	7.41526
Gorai.008G005100.1.A	1311	1205.5	1	0.0329015
Gorai.008G005100.1.D	1311	1205.5	0	0
Gorai.008G005200.1.A	435	329.583	0	0
Gorai.008G005200.1.D	435	329.583	0	0
Gorai.008G005300.1.A	2304	2198.5	405.706	7.31929
Gorai.008G005300.1.D	2304	2198.5	447.018	8.06459
Gorai.008G005400.1.A	1356	1250.5	39	1.23698
Gorai.008G005400.1.D	1356	1250.5	3	0.0951526
Gorai.008G005500.1.A	4447	4341.5	33.4918	0.305973
Gorai.008G005500.1.D	4447	4341.5	28.6912	0.262116
Gorai.008G005600.1.A	222	117.654	0	0
Gorai.008G005600.1.D	222	117.654	0	0
Gorai.008G005700.1.A	743	637.505	0	0
Gorai.008G005700.1.D	743	637.505	0	0
Gorai.008G005800.1.A	2238	2132.5	275.061	5.11592
Gorai.008G005800.1.D	2238	2132.5	431.939	8.03374
Gorai.008G005900.1.A	1909	1803.5	735.728	16.1802
Gorai.008G005900.1.D	1909	1803.5	757.272	16.654
Gorai.008G006000.1.A	1876	1770.5	3250.59	72.82
Gorai.008G006000.1.D	1876	1770.5	2434.41	54.5357
Gorai.008G006100.1.A	1569	1463.5	256.723	6.95754
Gorai.008G006100.1.D	1569	1463.5	57.2769	1.55228
Gorai.008G006200.1.A	3158	3052.5	120.048	1.55986
Gorai.008G006200.1.D	3158	3052.5	48.9517	0.636058
Gorai.008G006300.1.A	2206	2100.5	110.618	2.08876
Gorai.008G006300.1.D	2206	2100.5	6.38182	0.120505
Gorai.008G006400.1.A	775	669.505	0	0
Gorai.008G006400.1.D	775	669.505	0	0
Gorai.008G006500.1.A	2550	2444.5	54.6224	0.886268
Gorai.008G006500.1.D	2550	2444.5	46.3776	0.752492
Gorai.008G006600.1.A	1954	1848.5	4	0.0858271
Gorai.008G006600.1.D	1954	1848.5	2	0.0429135
Gorai.008G006700.1.A	4129	4023.5	817.754	8.06127
Gorai.008G006700.1.D	4129	4023.5	713.246	7.03104
Gorai.008G006800.1.A	550	444.551	0	0
Gorai.008G006800.1.D	550	444.551	0	0
Gorai.008G006900.1.A	655	549.505	42.3754	3.05864
Gorai.008G006900.1.D	655	549.505	0	0
Gorai.008G007000.1.A	2189	2083.5	18.2154	0.34676
Gorai.008G007000.1.D	2189	2083.5	55.7846	1.06195
Gorai.008G007100.1.A	2221	2115.5	364.211	6.82847
Gorai.008G007100.1.D	2221	2115.5	497.789	9.3329
Gorai.008G007200.1.A	1989	1883.5	211.375	4.45115
Gorai.008G007200.1.D	1989	1883.5	55.625	1.17135
Gorai.008G007300.1.A	726	620.505	7.09091	0.453254
Gorai.008G007300.1.D	726	620.505	5.90909	0.377712
Gorai.008G007400.1.A	1713	1607.5	416.802	10.284
Gorai.008G007400.1.D	1713	1607.5	402.198	9.92366
Gorai.008G007500.1.A	1075	969.505	0	0
Gorai.008G007500.1.D	1075	969.505	1	0.0409105
Gorai.008G007600.1.A	972	866.505	0	0
Gorai.008G007600.1.D	972	866.505	0	0
Gorai.008G007700.1.A	1145	1039.5	0	0
Gorai.008G007700.1.D	1145	1039.5	0	0
Gorai.008G007800.1.A	423	317.583	1	0.12489
Gorai.008G007800.1.D	423	317.583	38.5938	4.81998
Gorai.008G007900.1.A	3085	2979.5	77.0076	1.02512
Gorai.008G007900.1.D	3085	2979.5	70.9979	0.945119
Gorai.008G008000.1.A	963	857.505	0	0
Gorai.008G008000.1.D	963	857.505	0	0
Gorai.008G008100.1.A	2571	2465.5	38.4	0.617747
Gorai.008G008100.1.D	2571	2465.5	65.6	1.05532
Gorai.008G008200.1.A	2235	2129.5	85.1789	1.58649
Gorai.008G008200.1.D	2235	2129.5	33.8211	0.629932
Gorai.008G008300.1.A	1159	1053.5	7.10485	0.267487
Gorai.008G008300.1.D	1159	1053.5	8.24895	0.310561
Gorai.008G008400.1.A	1654	1548.5	202.248	5.18032
Gorai.008G008400.1.D	1654	1548.5	196.752	5.03955
Gorai.008G008500.1.A	1481	1375.5	590.333	17.0224
Gorai.008G008500.1.D	1481	1375.5	319.667	9.21765
Gorai.008G008600.1.A	732	626.505	1	0.0633083
Gorai.008G008600.1.D	732	626.505	0	0
Gorai.008G008700.1.A	933	827.505	129	6.18307
Gorai.008G008700.1.D	933	827.505	9	0.431377
Gorai.008G008800.1.A	340	234.63	3	0.507134
Gorai.008G008800.1.D	340	234.63	1	0.169045
Gorai.008G008900.1.A	478	372.551	0	0
Gorai.008G008900.1.D	478	372.551	15.5447	1.65494
Gorai.008G009000.1.A	627	521.505	4.91637	0.373913
Gorai.008G009000.1.D	627	521.505	4.91637	0.373913
Gorai.008G009100.1.A	700	594.505	0	0
Gorai.008G009100.1.D	700	594.505	0	0
Gorai.008G009200.1.A	624	518.505	0	0
Gorai.008G009200.1.D	624	518.505	0	0
Gorai.008G009300.1.A	1131	1025.5	41.6	1.60894
Gorai.008G009300.1.D	1131	1025.5	62.4	2.41341
Gorai.008G009400.1.A	2661	2555.5	35.6275	0.552959
Gorai.008G009400.1.D	2661	2555.5	122.373	1.89929
Gorai.008G009500.1.A	2055	1949.5	114.802	2.33566
Gorai.008G009500.1.D	2055	1949.5	142.198	2.89304
Gorai.008G009600.1.A	6309	6203.5	245.994	1.5728
Gorai.008G009600.1.D	6309	6203.5	301.006	1.92452
Gorai.008G009700.1.A	2771	2665.5	1255.97	18.6889
Gorai.008G009700.1.D	2771	2665.5	1094.03	16.2793
Gorai.008G009800.1.A	2101	1995.5	62.0723	1.23376
Gorai.008G009800.1.D	2101	1995.5	29.9277	0.594848
Gorai.008G009900.1.A	2316	2210.5	0.5	0.00897147
Gorai.008G009900.1.D	2316	2210.5	0.5	0.00897147
Gorai.008G010000.1.A	858	752.505	0	0
Gorai.008G010000.1.D	858	752.505	0	0
Gorai.008G010100.1.A	1666	1560.5	1048.3	26.6444
Gorai.008G010100.1.D	1666	1560.5	803.698	20.4274
Gorai.008G010200.1.A	1071	965.505	1964.99	80.7219
Gorai.008G010200.1.D	1071	965.505	2365.01	97.1546
Gorai.008G010300.1.A	3311	3205.5	133.597	1.65305
Gorai.008G010300.1.D	3311	3205.5	45.7928	0.566612
Gorai.008G010400.1.A	1370	1264.5	0	0
Gorai.008G010400.1.D	1370	1264.5	0	0
Gorai.008G010500.1.A	1407	1301.5	736.484	22.4441
Gorai.008G010500.1.D	1407	1301.5	586.516	17.8739
Gorai.008G010600.1.A	1243	1137.5	0	0
Gorai.008G010600.1.D	1243	1137.5	105	3.66118
Gorai.008G010700.1.A	1165	1059.5	0	0
Gorai.008G010700.1.D	1165	1059.5	0	0
Gorai.008G010800.1.A	1270	1164.5	0	0
Gorai.008G010800.1.D	1270	1164.5	0	0
Gorai.008G010900.1.A	1422	1316.5	0	0
Gorai.008G010900.1.D	1422	1316.5	24	0.723059
Gorai.008G011000.1.A	880	774.505	629.354	32.2297
Gorai.008G011000.1.D	880	774.505	1175.95	60.2212
Gorai.008G011100.1.A	1832	1726.5	174.706	4.01351
Gorai.008G011100.1.D	1832	1726.5	320.294	7.35811
Gorai.008G011200.1.A	1082	976.505	58	2.3558
Gorai.008G011200.1.D	1082	976.505	17	0.690493
Gorai.008G011300.1.A	1219	1113.5	41.0811	1.4633
Gorai.008G011300.1.D	1219	1113.5	34.9189	1.24381
Gorai.008G011400.1.A	413	307.583	0	0
Gorai.008G011400.1.D	413	307.583	0	0
Gorai.008G011500.1.A	342	236.63	0	0
Gorai.008G011500.1.D	342	236.63	0	0
Gorai.008G011600.1.A	2400	2294.5	23.3051	0.402853
Gorai.008G011600.1.D	2400	2294.5	251.695	4.35081
Gorai.008G011700.1.A	3157	3051.5	1238.34	16.0958
Gorai.008G011700.1.D	3157	3051.5	917.657	11.9275
Gorai.008G011800.1.A	1003	897.505	82.9235	3.66459
Gorai.008G011800.1.D	1003	897.505	305.077	13.4821
Gorai.008G011900.1.A	3903	3797.5	64.5169	0.673845
Gorai.008G011900.1.D	3903	3797.5	34.4831	0.360158
Gorai.008G012000.1.A	215	110.876	0	0
Gorai.008G012000.1.D	215	110.876	0	0
Gorai.008G012100.1.A	2068	1962.5	506.081	10.2281
Gorai.008G012100.1.D	2068	1962.5	112.919	2.28213
Gorai.008G012200.1.A	1358	1252.5	54.5686	1.72802
Gorai.008G012200.1.D	1358	1252.5	66.4314	2.10368
Gorai.008G012300.1.A	3088	2982.5	95.0704	1.2643
Gorai.008G012300.1.D	3088	2982.5	129.93	1.72787
Gorai.008G012400.1.A	1192	1086.5	8	0.292041
Gorai.008G012400.1.D	1192	1086.5	0	0
Gorai.008G012500.1.A	912	806.505	49	2.40976
Gorai.008G012500.1.D	912	806.505	0	0
Gorai.008G012600.1.A	3857	3751.5	291.293	3.07971
Gorai.008G012600.1.D	3857	3751.5	20.7136	0.218995
Gorai.008G012700.1.A	713	607.505	280.786	18.332
Gorai.008G012700.1.D	713	607.505	200.208	13.0712
Gorai.008G012800.1.A	2625	2519.5	0	0
Gorai.008G012800.1.D	2625	2519.5	5	0.0787118
Gorai.008G012900.1.A	940	834.505	1	0.0475287
Gorai.008G012900.1.D	940	834.505	1	0.0475287
Gorai.008G013000.1.A	2080	1974.5	73.3371	1.47316
Gorai.008G013000.1.D	2080	1974.5	547.663	11.0012
Gorai.008G013100.1.A	5614	5508.5	834.713	6.01019
Gorai.008G013100.1.D	5614	5508.5	699.287	5.03509
Gorai.008G013200.1.A	1606	1500.5	4	0.105732
Gorai.008G013200.1.D	1606	1500.5	0	0
Gorai.008G013300.1.A	8863	8757.5	12.4648	0.0564535
Gorai.008G013300.1.D	8863	8757.5	205.362	0.930089
Gorai.008G013400.1.A	1227	1121.5	0	0
Gorai.008G013400.1.D	1227	1121.5	0	0
Gorai.008G013500.1.A	1475	1369.5	16.5	0.477865
Gorai.008G013500.1.D	1475	1369.5	16.5	0.477865
Gorai.008G013600.1.A	1327	1221.5	2.18638	0.070993
Gorai.008G013600.1.D	1327	1221.5	607.814	19.736
Gorai.008G013700.1.A	1883	1777.5	7.85714	0.175323
Gorai.008G013700.1.D	1883	1777.5	47.1429	1.05194
Gorai.008G013800.1.A	1604	1498.5	6.4	0.169397
Gorai.008G013800.1.D	1604	1498.5	9.6	0.254096
Gorai.008G013900.1.A	3428	3322.5	44.8	0.534807
Gorai.008G013900.1.D	3428	3322.5	11.2	0.133702
Gorai.008G014000.1.A	1893	1787.5	661.503	14.6781
Gorai.008G014000.1.D	1893	1787.5	805.497	17.8732
Gorai.008G014100.1.A	2703	2597.5	142.897	2.18199
Gorai.008G014100.1.D	2703	2597.5	94.1029	1.43692
Gorai.008G014200.1.A	1630	1524.5	23.92	0.622325
Gorai.008G014200.1.D	1630	1524.5	2.08	0.0541152
Gorai.008G014300.1.A	2312	2206.5	24.122	0.433603
Gorai.008G014300.1.D	2312	2206.5	18.878	0.339342
Gorai.008G014400.1.A	2293	2187.5	0	0
Gorai.008G014400.1.D	2293	2187.5	20	0.362632
Gorai.008G014500.1.A	1916	1810.5	2	0.0438142
Gorai.008G014500.1.D	1916	1810.5	0	0
Gorai.008G014600.1.A	2423	2317.5	393.595	6.73619
Gorai.008G014600.1.D	2423	2317.5	218.405	3.73789
Gorai.008G014700.1.A	1065	959.505	8.75	0.361698
Gorai.008G014700.1.D	1065	959.505	1.25	0.0516711
Gorai.008G014800.1.A	2123	2017.5	9	0.176935
Gorai.008G014800.1.D	2123	2017.5	39	0.766717
Gorai.008G014900.1.A	1121	1015.5	0	0
Gorai.008G014900.1.D	1121	1015.5	1	0.0390574
Gorai.008G015000.1.A	1106	1000.5	23.5287	0.932748
Gorai.008G015000.1.D	1106	1000.5	65.4713	2.59547
Gorai.008G015100.1.A	2141	2035.5	69.7714	1.35954
Gorai.008G015100.1.D	2141	2035.5	41.2286	0.803362
Gorai.008G015200.1.A	1076	970.505	185.826	7.5944
Gorai.008G015200.1.D	1076	970.505	395.174	16.1501
Gorai.008G015300.1.A	3076	2970.5	472.734	6.31206
Gorai.008G015300.1.D	3076	2970.5	318.266	4.24957
Gorai.008G015400.1.A	1456	1350.5	275.744	8.09833
Gorai.008G015400.1.D	1456	1350.5	215.8	6.33782
Gorai.008G015500.1.A	2302	2196.5	310.556	5.60781
Gorai.008G015500.1.D	2302	2196.5	454.444	8.20602
Gorai.008G015600.1.A	3414	3308.5	963.415	11.5496
Gorai.008G015600.1.D	3414	3308.5	893.585	10.7125
Gorai.008G015700.1.A	2104	1998.5	27.5179	0.546128
Gorai.008G015700.1.D	2104	1998.5	39.4821	0.783575
Gorai.008G015800.1.A	1026	920.505	0	0
Gorai.008G015800.1.D	1026	920.505	0	0
Gorai.008G015900.1.A	1803	1697.5	5	0.116827
Gorai.008G015900.1.D	1803	1697.5	0	0
Gorai.008G016000.1.A	2920	2814.5	209.786	2.95637
Gorai.008G016000.1.D	2920	2814.5	57.2143	0.806283
Gorai.008G016100.1.A	1261	1155.5	153.962	5.28478
Gorai.008G016100.1.D	1261	1155.5	571.038	19.601
Gorai.008G016200.1.A	177	75.0539	2	1.05692
Gorai.008G016200.1.D	177	75.0539	3	1.58538
Gorai.008G016300.1.A	4255	4149.5	1649.15	15.7633
Gorai.008G016300.1.D	4255	4149.5	2078.85	19.8707
Gorai.008G016400.1.A	2728	2622.5	26.9508	0.407606
Gorai.008G016400.1.D	2728	2622.5	110.049	1.66439
Gorai.008G016500.1.A	2774	2668.5	11.5854	0.172197
Gorai.008G016500.1.D	2774	2668.5	83.4146	1.23982
Gorai.008G016600.1.A	2058	1952.5	299.845	6.09102
Gorai.008G016600.1.D	2058	1952.5	234.155	4.75659
Gorai.008G016700.1.A	2436	2330.5	739.066	12.5782
Gorai.008G016700.1.D	2436	2330.5	346.368	5.89485
Gorai.008G016800.1.A	1104	998.505	1	0.0397223
Gorai.008G016800.1.D	1104	998.505	0	0
Gorai.008G016900.1.A	619	513.505	0	0
Gorai.008G016900.1.D	619	513.505	0	0
Gorai.008G017000.1.A	342	236.63	0	0
Gorai.008G017000.1.D	342	236.63	0	0
Gorai.008G017100.1.A	1233	1127.5	0	0
Gorai.008G017100.1.D	1233	1127.5	0	0
Gorai.008G017200.1.A	1796	1690.5	0	0
Gorai.008G017200.1.D	1796	1690.5	0	0
Gorai.008G017300.1.A	297	191.687	55.8677	11.5599
Gorai.008G017300.1.D	297	191.687	0	0
Gorai.008G017400.1.A	970	864.505	16.5565	0.759602
Gorai.008G017400.1.D	970	864.505	16.5565	0.759602
Gorai.008G017500.1.A	1852	1746.5	1605.53	36.4614
Gorai.008G017500.1.D	1852	1746.5	1840.65	41.8009
Gorai.008G017600.1.A	1339	1233.5	56.925	1.8304
Gorai.008G017600.1.D	1339	1233.5	12.075	0.388268
Gorai.008G017700.1.A	2305	2199.5	9.01596	0.162582
Gorai.008G017700.1.D	2305	2199.5	329.984	5.95049
Gorai.008G017800.1.A	2014	1908.5	276.778	5.75205
Gorai.008G017800.1.D	2014	1908.5	193.222	4.01558
Gorai.008G017900.1.A	3450	3344.5	58.2673	0.691
Gorai.008G017900.1.D	3450	3344.5	155.733	1.84686
Gorai.008G018000.1.A	1107	1001.5	0	0
Gorai.008G018000.1.D	1107	1001.5	0	0
Gorai.008G018100.1.A	822	716.505	3	0.166068
Gorai.008G018100.1.D	822	716.505	0	0
Gorai.008G018200.1.A	2652	2546.5	1552.71	24.1842
Gorai.008G018200.1.D	2652	2546.5	1213.44	18.8999
Gorai.008G018300.1.A	2763	2657.5	407.489	6.08172
Gorai.008G018300.1.D	2763	2657.5	712.43	10.6329
Gorai.008G018400.1.A	2632	2526.5	227.594	3.57294
Gorai.008G018400.1.D	2632	2526.5	149.334	2.34435
Gorai.008G018500.1.A	2574	2468.5	700.133	11.2495
Gorai.008G018500.1.D	2574	2468.5	1904.15	30.5952
Gorai.008G018600.1.A	1221	1115.5	191.446	6.80707
Gorai.008G018600.1.D	1221	1115.5	352.554	12.5354
Gorai.008G018700.1.A	672	566.505	6.4	0.448086
Gorai.008G018700.1.D	672	566.505	1.6	0.112022
Gorai.008G018800.1.A	1032	926.505	42.3717	1.8139
Gorai.008G018800.1.D	1032	926.505	90.6283	3.87973
Gorai.008G018900.1.A	1207	1101.5	4	0.144032
Gorai.008G018900.1.D	1207	1101.5	1	0.036008
Gorai.008G019000.1.A	2027	1921.5	53	1.09401
Gorai.008G019000.1.D	2027	1921.5	0	0
Gorai.008G019100.1.A	7908	7802.5	205.333	1.04378
Gorai.008G019100.1.D	7908	7802.5	485.667	2.46882
Gorai.008G019200.1.A	2632	2526.5	843.47	13.2414
Gorai.008G019200.1.D	2632	2526.5	832.53	13.0697
Gorai.008G019300.1.A	1271	1165.5	30.2703	1.03012
Gorai.008G019300.1.D	1271	1165.5	89.7297	3.05357
Gorai.008G019400.1.A	683	577.505	3	0.20604
Gorai.008G019400.1.D	683	577.505	7	0.480759
Gorai.008G019500.1.A	1521	1415.5	3.54545	0.0993449
Gorai.008G019500.1.D	1521	1415.5	9.45455	0.26492
Gorai.008G019600.1.A	694	588.505	1	0.0673961
Gorai.008G019600.1.D	694	588.505	0	0
Gorai.008G019700.1.A	1340	1234.5	69.6091	2.23645
Gorai.008G019700.1.D	1340	1234.5	9.1591	0.294269
Gorai.008G019800.1.A	940	834.505	18.3095	0.870225
Gorai.008G019800.1.D	940	834.505	407.691	19.377
Gorai.008G019900.1.A	2075	1969.5	973.328	19.6014
Gorai.008G019900.1.D	2075	1969.5	1877.67	37.8136
Gorai.008G020000.1.A	880	774.505	1877.66	96.1561
Gorai.008G020000.1.D	880	774.505	2062.34	105.614
Gorai.008G020100.1.A	2020	1914.5	0.5	0.0103585
Gorai.008G020100.1.D	2020	1914.5	0.5	0.0103585
Gorai.008G020200.1.A	660	554.505	17.5667	1.25652
Gorai.008G020200.1.D	660	554.505	44.4333	3.17825
Gorai.008G020300.1.A	2450	2344.5	5.38462	0.0910937
Gorai.008G020300.1.D	2450	2344.5	22.6154	0.382594
Gorai.008G020400.1.A	1380	1274.5	360.229	11.2104
Gorai.008G020400.1.D	1380	1274.5	447.771	13.9348
Gorai.008G020500.1.A	1057	951.505	0	0
Gorai.008G020500.1.D	1057	951.505	1	0.0416844
Gorai.008G020600.1.A	1634	1528.5	309.188	8.02308
Gorai.008G020600.1.D	1634	1528.5	331.812	8.61013
Gorai.008G020700.1.A	1103	997.505	9	0.357859
Gorai.008G020700.1.D	1103	997.505	5	0.198811
Gorai.008G020800.1.A	231	126.463	192.025	60.2255
Gorai.008G020800.1.D	231	126.463	225.975	70.8731
Gorai.008G020900.1.A	1352	1246.5	254.958	8.1126
Gorai.008G020900.1.D	1352	1246.5	378.042	12.029
Gorai.008G021000.1.A	2911	2805.5	8.5	0.120169
Gorai.008G021000.1.D	2911	2805.5	8.5	0.120169
Gorai.008G021100.1.A	1404	1298.5	68.5113	2.09268
Gorai.008G021100.1.D	1404	1298.5	65.4887	2.00036
Gorai.008G021200.1.A	829	723.505	152.339	8.35133
Gorai.008G021200.1.D	829	723.505	104.661	5.73756
Gorai.008G021300.1.A	2509	2403.5	132.883	2.19286
Gorai.008G021300.1.D	2509	2403.5	95.1166	1.56963
Gorai.008G021400.1.A	2268	2162.5	0	0
Gorai.008G021400.1.D	2268	2162.5	0	0
Gorai.008G021500.1.A	2910	2804.5	4	0.0565703
Gorai.008G021500.1.D	2910	2804.5	0	0
Gorai.008G021600.1.A	1506	1400.5	55.2381	1.56437
Gorai.008G021600.1.D	1506	1400.5	2.7619	0.0782184
Gorai.008G021700.1.A	1356	1250.5	216.05	6.85258
Gorai.008G021700.1.D	1356	1250.5	276.95	8.78417
Gorai.008G021800.1.A	1386	1280.5	4	0.123898
Gorai.008G021800.1.D	1386	1280.5	15	0.464617
Gorai.008G021900.1.A	750	644.505	16	0.984643
Gorai.008G021900.1.D	750	644.505	59	3.63087
Gorai.008G022000.1.A	2565	2459.5	16.6216	0.268047
Gorai.008G022000.1.D	2565	2459.5	106.378	1.7155
Gorai.008G022100.1.A	396	290.583	0	0
Gorai.008G022100.1.D	396	290.583	0	0
Gorai.008G022200.1.A	3234	3128.5	545.765	6.91917
Gorai.008G022200.1.D	3234	3128.5	327.235	4.14866
Gorai.008G022300.1.A	375	269.583	0	0
Gorai.008G022300.1.D	375	269.583	0	0
Gorai.008G022400.1.A	1251	1145.5	305.921	10.5925
Gorai.008G022400.1.D	1251	1145.5	713.751	24.7135
Gorai.008G022500.1.A	1999	1893.5	439.119	9.19816
Gorai.008G022500.1.D	1999	1893.5	316.208	6.62357
Gorai.008G022600.1.A	1688	1582.5	450.383	11.2881
Gorai.008G022600.1.D	1688	1582.5	366.617	9.18865
Gorai.008G022700.1.A	639	533.505	0	0
Gorai.008G022700.1.D	639	533.505	0	0
Gorai.008G022800.1.A	1537	1431.5	5801.94	160.755
Gorai.008G022800.1.D	1537	1431.5	6062.06	167.962
Gorai.008G022900.1.A	1513	1407.5	1152.22	32.4691
Gorai.008G022900.1.D	1513	1407.5	1349.78	38.0363
Gorai.008G023000.1.A	1560	1454.5	368.543	10.0498
Gorai.008G023000.1.D	1560	1454.5	741	20.2064
Gorai.008G023100.1.A	1299	1193.5	0	0
Gorai.008G023100.1.D	1299	1193.5	9.45646	0.31426
Gorai.008G023200.1.A	3156	3050.5	0	0
Gorai.008G023200.1.D	3156	3050.5	5	0.0650105
Gorai.008G023300.1.A	2447	2341.5	772.511	13.0856
Gorai.008G023300.1.D	2447	2341.5	6212.95	105.242
Gorai.008G023400.1.A	1219	1113.5	203.407	7.24533
Gorai.008G023400.1.D	1219	1113.5	496.593	17.6886
Gorai.008G023500.1.A	1606	1500.5	288.018	7.6132
Gorai.008G023500.1.D	1606	1500.5	222.982	5.89409
Gorai.008G023600.1.A	2613	2507.5	590.652	9.34276
Gorai.008G023600.1.D	2613	2507.5	505.348	7.99344
Gorai.008G023700.1.A	588	482.551	0	0
Gorai.008G023700.1.D	588	482.551	0	0
Gorai.008G023800.1.A	615	509.505	0	0
Gorai.008G023800.1.D	615	509.505	0	0
Gorai.008G023900.1.A	1464	1358.5	0	0
Gorai.008G023900.1.D	1464	1358.5	6	0.175176
Gorai.008G024000.1.A	1628	1522.5	60.5172	1.57654
Gorai.008G024000.1.D	1628	1522.5	4.48276	0.116781
Gorai.008G024100.1.A	2774	2668.5	158.024	2.34877
Gorai.008G024100.1.D	2774	2668.5	430.976	6.40574
Gorai.008G024200.1.A	1643	1537.5	26.717	0.689217
Gorai.008G024200.1.D	1643	1537.5	32.283	0.832804
Gorai.008G024300.1.A	2723	2617.5	14.95	0.226537
Gorai.008G024300.1.D	2723	2617.5	8.05	0.121981
Gorai.008G024400.1.A	1905	1799.5	0	0
Gorai.008G024400.1.D	1905	1799.5	0	0
Gorai.008G024500.1.A	1038	932.505	167.069	7.10608
Gorai.008G024500.1.D	1038	932.505	541.931	23.0504
Gorai.008G024600.1.A	2150	2044.5	362.242	7.02741
Gorai.008G024600.1.D	2150	2044.5	614.758	11.9262
Gorai.008G024700.1.A	1925	1819.5	219.484	4.78448
Gorai.008G024700.1.D	1925	1819.5	347.516	7.57542
Gorai.008G024800.1.A	1472	1366.5	3	0.0870753
Gorai.008G024800.1.D	1472	1366.5	8	0.232201
Gorai.008G024900.1.A	2185	2079.5	179.117	3.41635
Gorai.008G024900.1.D	2185	2079.5	122.883	2.34378
Gorai.008G025000.1.A	1433	1327.5	3.06569	0.0915962
Gorai.008G025000.1.D	1433	1327.5	276.934	8.27419
Gorai.008G025100.1.A	957	851.505	0	0
Gorai.008G025100.1.D	957	851.505	0	0
Gorai.008G025200.1.A	912	806.505	1734.3	85.2908
Gorai.008G025200.1.D	912	806.505	144.7	7.11616
Gorai.008G025300.1.A	2086	1980.5	179.932	3.60344
Gorai.008G025300.1.D	2086	1980.5	222.068	4.44729
Gorai.008G025400.1.A	1695	1589.5	263.952	6.5864
Gorai.008G025400.1.D	1695	1589.5	43.048	1.07418
Gorai.008G025500.1.A	1377	1271.5	0	0
Gorai.008G025500.1.D	1377	1271.5	0	0
Gorai.008G025600.1.A	1576	1470.5	19.95	0.538098
Gorai.008G025600.1.D	1576	1470.5	1.05	0.0283209
Gorai.008G025700.1.A	836	730.505	0	0
Gorai.008G025700.1.D	836	730.505	0	0
Gorai.008G025800.1.A	750	644.505	58.1579	3.57905
Gorai.008G025800.1.D	750	644.505	6.84211	0.421064
Gorai.008G025900.1.A	1488	1382.5	7.00368	0.20093
Gorai.008G025900.1.D	1488	1382.5	7.00368	0.20093
Gorai.008G026000.1.A	1125	1019.5	0	0
Gorai.008G026000.1.D	1125	1019.5	2.00016	0.0778143
Gorai.008G026100.1.A	1533	1427.5	11.0917	0.308179
Gorai.008G026100.1.D	1533	1427.5	1320.28	36.6836
Gorai.008G026200.1.A	1766	1660.5	0	0
Gorai.008G026200.1.D	1766	1660.5	0	0
Gorai.008G026300.1.A	2301	2195.5	277.301	5.00958
Gorai.008G026300.1.D	2301	2195.5	287.699	5.19744
Gorai.008G026400.1.A	1677	1571.5	241.309	6.09035
Gorai.008G026400.1.D	1677	1571.5	217.691	5.49427
Gorai.008G026500.1.A	946	840.505	989	46.6704
Gorai.008G026500.1.D	946	840.505	0	0
Gorai.008G026600.1.A	2111	2005.5	651.673	12.8882
Gorai.008G026600.1.D	2111	2005.5	716.327	14.1668
Gorai.008G026700.1.A	1824	1718.5	0	0
Gorai.008G026700.1.D	1824	1718.5	0	0
Gorai.008G026800.1.A	1286	1180.5	415.788	13.9698
Gorai.008G026800.1.D	1286	1180.5	545.212	18.3182
Gorai.008G026900.1.A	3424	3318.5	11.6364	0.139078
Gorai.008G026900.1.D	3424	3318.5	52.3636	0.625853
Gorai.008G027000.1.A	749	643.505	0	0
Gorai.008G027000.1.D	749	643.505	208	12.8203
Gorai.008G027100.1.A	1341	1235.5	0	0
Gorai.008G027100.1.D	1341	1235.5	0	0
Gorai.008G027200.1.A	1961	1855.5	85.7514	1.83301
Gorai.008G027200.1.D	1961	1855.5	129.249	2.76279
Gorai.008G027300.1.A	2690	2584.5	5	0.0767322
Gorai.008G027300.1.D	2690	2584.5	0	0
Gorai.008G027400.1.A	225	120.599	0	0
Gorai.008G027400.1.D	225	120.599	0	0
Gorai.008G027500.1.A	1994	1888.5	504.939	10.6049
Gorai.008G027500.1.D	1994	1888.5	432.061	9.07428
Gorai.008G027600.1.A	938	832.505	4.36364	0.207896
Gorai.008G027600.1.D	938	832.505	7.63636	0.363819
Gorai.008G027700.1.A	2438	2332.5	2703.45	45.9707
Gorai.008G027700.1.D	2438	2332.5	3413.04	58.0369
Gorai.008G027800.1.A	2039	1933.5	2349.91	48.205
Gorai.008G027800.1.D	2039	1933.5	1592.12	32.66
Gorai.008G027900.1.A	1458	1352.5	33.0625	0.969576
Gorai.008G027900.1.D	1458	1352.5	12.9375	0.379399
Gorai.008G028000.1.A	4204	4098.5	29.5312	0.285786
Gorai.008G028000.1.D	4204	4098.5	5.46875	0.0529234
Gorai.008G028100.1.A	1990	1884.5	0	0
Gorai.008G028100.1.D	1990	1884.5	0	0
Gorai.008G028200.1.A	1980	1874.5	7.77778	0.164571
Gorai.008G028200.1.D	1980	1874.5	12.2222	0.258612
Gorai.008G028300.1.A	1127	1021.5	695.562	27.0073
Gorai.008G028300.1.D	1127	1021.5	848.605	32.9496
Gorai.008G028400.1.A	1710	1604.5	6.46508	0.159815
Gorai.008G028400.1.D	1710	1604.5	6.46508	0.159815
Gorai.008G028500.1.A	3590	3484.5	175.044	1.99246
Gorai.008G028500.1.D	3590	3484.5	2484.29	28.2778
Gorai.008G028600.1.A	1938	1832.5	114.334	2.47467
Gorai.008G028600.1.D	1938	1832.5	658.666	14.2562
Gorai.008G028700.1.A	2391	2285.5	157.714	2.73699
Gorai.008G028700.1.D	2391	2285.5	58.2857	1.0115
Gorai.008G028800.1.A	470	364.551	109.173	11.8779
Gorai.008G028800.1.D	470	364.551	129.827	14.1251
Gorai.008G028900.1.A	594	488.551	11	0.893033
Gorai.008G028900.1.D	594	488.551	17	1.38014
Gorai.008G029000.1.A	3674	3568.5	39.0704	0.434257
Gorai.008G029000.1.D	3674	3568.5	33.9296	0.377118
Gorai.008G029100.1.A	542	436.551	5800.69	527.023
Gorai.008G029100.1.D	542	436.551	485.309	44.0928
Gorai.008G029200.1.A	774	668.505	78	4.62781
Gorai.008G029200.1.D	774	668.505	0	0
Gorai.008G029300.1.A	2170	2064.5	5	0.0960592
Gorai.008G029300.1.D	2170	2064.5	10	0.192118
Gorai.008G029400.1.A	1030	924.505	0	0
Gorai.008G029400.1.D	1030	924.505	0	0
Gorai.008G029500.1.A	1313	1207.5	1	0.032847
Gorai.008G029500.1.D	1313	1207.5	49	1.6095
Gorai.008G029600.1.A	1686	1580.5	0	0
Gorai.008G029600.1.D	1686	1580.5	128	3.21217
Gorai.008G029700.1.A	1371	1265.5	914.067	28.6483
Gorai.008G029700.1.D	1371	1265.5	83.9332	2.6306
Gorai.008G029800.1.A	3151	3045.5	136.125	1.77282
Gorai.008G029800.1.D	3151	3045.5	226.875	2.95469
Gorai.008G029900.1.A	493	387.551	198.318	20.2963
Gorai.008G029900.1.D	493	387.551	123.682	12.6579
Gorai.008G030000.1.A	1849	1743.5	4.25	0.0966831
Gorai.008G030000.1.D	1849	1743.5	12.75	0.290049
Gorai.008G030100.1.A	1995	1889.5	116.9	2.45388
Gorai.008G030100.1.D	1995	1889.5	203.1	4.2633
Gorai.008G030200.1.A	483	377.551	0	0
Gorai.008G030200.1.D	483	377.551	0	0
Gorai.008G030300.1.A	2072	1966.5	0	0
Gorai.008G030300.1.D	2072	1966.5	3	0.0605078
Gorai.008G030400.1.A	2509	2403.5	64.1295	1.05827
Gorai.008G030400.1.D	2509	2403.5	1122.87	18.5298
Gorai.008G030500.1.A	389	283.583	0	0
Gorai.008G030500.1.D	389	283.583	7	0.979045
Gorai.008G030600.1.A	1524	1418.5	98.6667	2.75883
Gorai.008G030600.1.D	1524	1418.5	401.333	11.2217
Gorai.008G030700.1.A	1883	1777.5	5.90909	0.131854
Gorai.008G030700.1.D	1883	1777.5	7.09091	0.158225
Gorai.008G030800.1.A	898	792.505	0	0
Gorai.008G030800.1.D	898	792.505	0	0
Gorai.008G030900.1.A	3162	3056.5	93.8313	1.21761
Gorai.008G030900.1.D	3162	3056.5	83.1687	1.07924
Gorai.008G031000.1.A	3637	3531.5	246.735	2.77113
Gorai.008G031000.1.D	3637	3531.5	415.265	4.66391
Gorai.008G031100.1.A	2592	2486.5	352.296	5.61957
Gorai.008G031100.1.D	2592	2486.5	323.704	5.16349
Gorai.008G031200.1.A	828	722.505	19	1.04303
Gorai.008G031200.1.D	828	722.505	17	0.93324
Gorai.008G031300.1.A	3875	3769.5	318.229	3.34842
Gorai.008G031300.1.D	3875	3769.5	550.098	5.78817
Gorai.008G031400.1.A	4154	4048.5	4042.07	39.5999
Gorai.008G031400.1.D	4154	4048.5	3386.6	33.1783
Gorai.008G031500.1.A	1499	1393.5	10.9091	0.310502
Gorai.008G031500.1.D	1499	1393.5	37.0909	1.05571
Gorai.008G031600.1.A	1110	1004.5	0	0
Gorai.008G031600.1.D	1110	1004.5	0	0
Gorai.008G031700.1.A	1258	1152.5	113.919	3.92046
Gorai.008G031700.1.D	1258	1152.5	55.0815	1.8956
Gorai.008G031800.1.A	2176	2070.5	0	0
Gorai.008G031800.1.D	2176	2070.5	0	0
Gorai.008G031900.1.A	1612	1506.5	79.2647	2.08686
Gorai.008G031900.1.D	1612	1506.5	95.7353	2.5205
Gorai.008G032000.1.A	1051	945.505	368.692	15.4663
Gorai.008G032000.1.D	1051	945.505	1167.31	48.9674
Gorai.008G032100.1.A	931	825.505	2	0.0960938
Gorai.008G032100.1.D	931	825.505	2	0.0960938
Gorai.008G032200.1.A	1568	1462.5	933.578	25.3185
Gorai.008G032200.1.D	1568	1462.5	1053.42	28.5687
Gorai.008G032300.1.A	1992	1886.5	0	0
Gorai.008G032300.1.D	1992	1886.5	2	0.0420491
Gorai.008G032400.1.A	1035	929.505	87.1218	3.71758
Gorai.008G032400.1.D	1035	929.505	35.3421	1.50808
Gorai.008G032500.1.A	1033	927.505	2879.94	123.155
Gorai.008G032500.1.D	1033	927.505	211.062	9.02567
Gorai.008G032600.1.A	989	883.505	12	0.538713
Gorai.008G032600.1.D	989	883.505	8	0.359142
Gorai.008G032700.1.A	1582	1476.5	203.775	5.47395
Gorai.008G032700.1.D	1582	1476.5	91.2249	2.45055
Gorai.008G032800.1.A	1756	1650.5	5.33333	0.128164
Gorai.008G032800.1.D	1756	1650.5	2.66667	0.0640821
Gorai.008G032900.1.A	1057	951.505	11	0.458529
Gorai.008G032900.1.D	1057	951.505	0	0
Gorai.008G033000.1.A	837	731.505	0	0
Gorai.008G033000.1.D	837	731.505	0	0
Gorai.008G033100.1.A	1503	1397.5	22	0.624388
Gorai.008G033100.1.D	1503	1397.5	2	0.0567625
Gorai.008G033200.1.A	1482	1376.5	0	0
Gorai.008G033200.1.D	1482	1376.5	45	1.29664
Gorai.008G033300.1.A	1596	1490.5	11.3333	0.301585
Gorai.008G033300.1.D	1596	1490.5	5.66667	0.150792
Gorai.008G033400.1.A	1469	1363.5	1801.7	52.4097
Gorai.008G033400.1.D	1469	1363.5	1518.86	44.1821
Gorai.008G033500.1.A	1614	1508.5	0	0
Gorai.008G033500.1.D	1614	1508.5	11	0.289222
Gorai.008G033600.1.A	986	880.505	236.077	10.6343
Gorai.008G033600.1.D	986	880.505	1515.92	68.2858
Gorai.008G033700.1.A	1432	1326.5	49.4434	1.47838
Gorai.008G033700.1.D	1432	1326.5	173.557	5.1894
Gorai.008G033800.1.A	402	296.583	4.4	0.588425
Gorai.008G033800.1.D	402	296.583	6.6	0.882638
Gorai.008G033900.1.A	1095	989.505	23.1592	0.928304
Gorai.008G033900.1.D	1095	989.505	267.841	10.736
Gorai.008G034000.1.A	6396	6290.5	226.616	1.42886
Gorai.008G034000.1.D	6396	6290.5	224.384	1.41479
Gorai.008G034100.1.A	835	729.505	2426.5	131.928
Gorai.008G034100.1.D	835	729.505	2426.5	131.928
Gorai.008G034200.1.A	1542	1436.5	0	0
Gorai.008G034200.1.D	1542	1436.5	0	0
Gorai.008G034300.1.A	1881	1775.5	247.434	5.52743
Gorai.008G034300.1.D	1881	1775.5	329.566	7.36216
Gorai.008G034400.1.A	890	784.505	0	0
Gorai.008G034400.1.D	890	784.505	0	0
Gorai.008G034500.1.A	1831	1725.5	980.168	22.5304
Gorai.008G034500.1.D	1831	1725.5	761.832	17.5117
Gorai.008G034600.1.A	5633	5527.5	218.861	1.57045
Gorai.008G034600.1.D	5633	5527.5	276.389	1.98324
Gorai.008G034700.1.A	867	761.505	1	0.052085
Gorai.008G034700.1.D	867	761.505	1	0.052085
Gorai.008G034800.1.A	1263	1157.5	3.42857	0.117483
Gorai.008G034800.1.D	1263	1157.5	4.57143	0.156644
Gorai.008G034900.1.A	1970	1864.5	160.916	3.42311
Gorai.008G034900.1.D	1970	1864.5	111.084	2.36305
Gorai.008G035000.1.A	3893	3787.5	938.408	9.82706
Gorai.008G035000.1.D	3893	3787.5	861.342	9.02001
Gorai.008G035100.1.A	2615	2509.5	3.81818	0.0603467
Gorai.008G035100.1.D	2615	2509.5	24.1818	0.382196
Gorai.008G035200.1.A	1179	1073.5	187.451	6.92579
Gorai.008G035200.1.D	1179	1073.5	50.5487	1.86763
Gorai.008G035300.1.A	920	814.505	105.04	5.115
Gorai.008G035300.1.D	920	814.505	589.119	28.6876
Gorai.008G035400.1.A	646	540.505	136.509	10.0172
Gorai.008G035400.1.D	646	540.505	5.03374	0.369383
Gorai.008G035500.1.A	564	458.551	0	0
Gorai.008G035500.1.D	564	458.551	0	0
Gorai.008G035600.1.A	1997	1891.5	464.787	9.74612
Gorai.008G035600.1.D	1997	1891.5	982.213	20.596
Gorai.008G035700.1.A	1264	1158.5	1055.73	36.1442
Gorai.008G035700.1.D	1264	1158.5	282.273	9.664
Gorai.008G035800.1.A	375	269.583	0	0
Gorai.008G035800.1.D	375	269.583	0	0
Gorai.008G035900.1.A	6637	6531.5	842.633	5.11694
Gorai.008G035900.1.D	6637	6531.5	1607.66	9.76258
Gorai.008G036000.1.A	2642	2536.5	0	0
Gorai.008G036000.1.D	2642	2536.5	0	0
Gorai.008G036100.1.A	1495	1389.5	224.432	6.40634
Gorai.008G036100.1.D	1495	1389.5	332.568	9.49303
Gorai.008G036200.1.A	1598	1492.5	8.6	0.228543
Gorai.008G036200.1.D	1598	1492.5	34.4	0.914171
Gorai.008G036300.1.A	2112	2006.5	78.6555	1.5548
Gorai.008G036300.1.D	2112	2006.5	51.3445	1.01494
Gorai.008G036400.1.A	477	371.551	0	0
Gorai.008G036400.1.D	477	371.551	0	0
Gorai.008G036500.1.A	745	639.505	0	0
Gorai.008G036500.1.D	745	639.505	0	0
Gorai.008G036600.1.A	645	539.505	0	0
Gorai.008G036600.1.D	645	539.505	0	0
Gorai.008G036700.1.A	939	833.505	43.8261	2.0855
Gorai.008G036700.1.D	939	833.505	4.17391	0.198619
Gorai.008G036800.1.A	2191	2085.5	549.088	10.4428
Gorai.008G036800.1.D	2191	2085.5	423.912	8.06213
Gorai.008G036900.1.A	2132	2026.5	1	0.0195721
Gorai.008G036900.1.D	2132	2026.5	0	0
Gorai.008G037000.1.A	1923	1817.5	39.9898	0.872688
Gorai.008G037000.1.D	1923	1817.5	364.01	7.9437
Gorai.008G037100.1.A	919	813.505	0	0
Gorai.008G037100.1.D	919	813.505	30	1.46267
Gorai.008G037200.1.A	2321	2215.5	221.667	3.96837
Gorai.008G037200.1.D	2321	2215.5	282.333	5.05446
Gorai.008G037300.1.A	1588	1482.5	64.496	1.72553
Gorai.008G037300.1.D	1588	1482.5	102.799	2.75027
Gorai.008G037400.1.A	3412	3306.5	14.703	0.176369
Gorai.008G037400.1.D	3412	3306.5	84.9349	1.01883
Gorai.008G037500.1.A	2257	2151.5	424.266	7.82134
Gorai.008G037500.1.D	2257	2151.5	553.801	10.2093
Gorai.008G037600.1.A	1678	1572.5	21.7895	0.549591
Gorai.008G037600.1.D	1678	1572.5	1.21053	0.0305328
Gorai.008G037700.1.A	2168	2062.5	226.852	4.36248
Gorai.008G037700.1.D	2168	2062.5	402.148	7.73349
Gorai.008G037800.1.A	2164	2058.5	77.4348	1.492
Gorai.008G037800.1.D	2164	2058.5	59.5652	1.14769
Gorai.008G037900.1.A	8498	8392.5	35.5385	0.167955
Gorai.008G037900.1.D	8498	8392.5	48.4615	0.229029
Gorai.008G038000.1.A	2584	2478.5	225.248	3.60458
Gorai.008G038000.1.D	2584	2478.5	229.752	3.67668
Gorai.008G038100.1.A	1362	1256.5	0	0
Gorai.008G038100.1.D	1362	1256.5	0	0
Gorai.008G038200.1.A	1335	1229.5	0	0
Gorai.008G038200.1.D	1335	1229.5	0	0
Gorai.008G038300.1.A	1296	1190.5	674.916	22.4855
Gorai.008G038300.1.D	1296	1190.5	151.084	5.03353
Gorai.008G038400.1.A	2640	2534.5	117.257	1.83497
Gorai.008G038400.1.D	2640	2534.5	257.743	4.03347
Gorai.008G038500.1.A	1059	953.505	0	0
Gorai.008G038500.1.D	1059	953.505	1	0.041597
Gorai.008G038600.1.A	2030	1924.5	1.66667	0.034349
Gorai.008G038600.1.D	2030	1924.5	3.33333	0.0686981
Gorai.008G038700.1.A	1356	1250.5	0	0
Gorai.008G038700.1.D	1356	1250.5	16	0.507481
Gorai.008G038800.1.A	1529	1423.5	105.3	2.93396
Gorai.008G038800.1.D	1529	1423.5	29.7	0.827528
Gorai.008G038900.1.A	843	737.505	0	0
Gorai.008G038900.1.D	843	737.505	0	0
Gorai.008G039000.1.A	645	539.505	0	0
Gorai.008G039000.1.D	645	539.505	0	0
Gorai.008G039100.1.A	441	335.583	0	0
Gorai.008G039100.1.D	441	335.583	0	0
Gorai.008G039200.1.A	801	695.505	0	0
Gorai.008G039200.1.D	801	695.505	0	0
Gorai.008G039300.1.A	819	713.505	0	0
Gorai.008G039300.1.D	819	713.505	0	0
Gorai.008G039400.1.A	843	737.505	0	0
Gorai.008G039400.1.D	843	737.505	0	0
Gorai.008G039500.1.A	654	548.505	0	0
Gorai.008G039500.1.D	654	548.505	0	0
Gorai.008G039600.1.A	636	530.505	0	0
Gorai.008G039600.1.D	636	530.505	0	0
Gorai.008G039700.1.A	819	713.505	0	0
Gorai.008G039700.1.D	819	713.505	0	0
Gorai.008G039800.1.A	843	737.505	0	0
Gorai.008G039800.1.D	843	737.505	0	0
Gorai.008G039900.1.A	324	218.63	0	0
Gorai.008G039900.1.D	324	218.63	0	0
Gorai.008G040000.1.A	411	305.583	0	0
Gorai.008G040000.1.D	411	305.583	0	0
Gorai.008G040100.1.A	2135	2029.5	47.8065	0.934289
Gorai.008G040100.1.D	2135	2029.5	66.1935	1.29363
Gorai.008G040200.1.A	4219	4113.5	82.3776	0.794296
Gorai.008G040200.1.D	4219	4113.5	72.6224	0.700234
Gorai.008G040300.1.A	264	158.879	0	0
Gorai.008G040300.1.D	264	158.879	0	0
Gorai.008G040400.1.A	618	512.505	0	0
Gorai.008G040400.1.D	618	512.505	0	0
Gorai.008G040500.1.A	1074	968.505	0	0
Gorai.008G040500.1.D	1074	968.505	8	0.327622
Gorai.008G040600.1.A	2125	2019.5	207.973	4.08458
Gorai.008G040600.1.D	2125	2019.5	362.027	7.11019
Gorai.008G040700.1.A	1017	911.505	33.1935	1.44437
Gorai.008G040700.1.D	1017	911.505	15.8065	0.687797
Gorai.008G040800.1.A	2658	2552.5	1786.93	27.7668
Gorai.008G040800.1.D	2658	2552.5	1965.04	30.5345
Gorai.008G040900.1.A	1418	1312.5	0	0
Gorai.008G040900.1.D	1418	1312.5	170	5.13728
Gorai.008G041000.1.A	2402	2296.5	642.754	11.101
Gorai.008G041000.1.D	2402	2296.5	656.246	11.334
Gorai.008G041100.1.A	3753	3647.5	69.1944	0.75242
Gorai.008G041100.1.D	3753	3647.5	36.8056	0.400223
Gorai.008G041200.1.A	898	792.505	606.438	30.3508
Gorai.008G041200.1.D	898	792.505	616.562	30.8574
Gorai.008G041300.1.A	1557	1451.5	1	0.0273254
Gorai.008G041300.1.D	1557	1451.5	1	0.0273254
Gorai.008G041400.1.A	1785	1679.5	0	0
Gorai.008G041400.1.D	1785	1679.5	0	0
Gorai.008G041500.1.A	2353	2247.5	37.6154	0.663819
Gorai.008G041500.1.D	2353	2247.5	125.385	2.21273
Gorai.008G041600.1.A	1966	1860.5	14.209	0.302912
Gorai.008G041600.1.D	1966	1860.5	53.791	1.14674
Gorai.008G041700.1.A	1383	1277.5	2	0.0620944
Gorai.008G041700.1.D	1383	1277.5	7	0.21733
Gorai.008G041800.1.A	849	743.505	0	0
Gorai.008G041800.1.D	849	743.505	0	0
Gorai.008G041900.1.A	2242	2136.5	362.373	6.72724
Gorai.008G041900.1.D	2242	2136.5	1255.36	23.3051
Gorai.008G042000.1.A	2260	2154.5	481.95	8.87237
Gorai.008G042000.1.D	2260	2154.5	694.05	12.777
Gorai.008G042100.1.A	1673	1567.5	11.0417	0.27939
Gorai.008G042100.1.D	1673	1567.5	41.9583	1.06168
Gorai.008G042200.1.A	908	802.505	31.92	1.57761
Gorai.008G042200.1.D	908	802.505	6.08	0.300498
Gorai.008G042300.1.A	838	732.505	0	0
Gorai.008G042300.1.D	838	732.505	3.58993	0.194384
Gorai.008G042400.1.A	1425	1319.5	185.74	5.58314
Gorai.008G042400.1.D	1425	1319.5	87.2603	2.62295
Gorai.008G042500.1.A	474	368.551	58.4086	6.28585
Gorai.008G042500.1.D	474	368.551	38.5914	4.15315
Gorai.008G042600.1.A	5032	4926.5	185.688	1.49496
Gorai.008G042600.1.D	5032	4926.5	244.604	1.96929
Gorai.008G042700.1.A	1387	1281.5	231	7.14951
Gorai.008G042700.1.D	1387	1281.5	154.173	4.7717
Gorai.008G042800.1.A	1079	973.505	86.5931	3.52801
Gorai.008G042800.1.D	1079	973.505	112.942	4.60153
Gorai.008G042900.1.A	1595	1489.5	1215.27	32.3606
Gorai.008G042900.1.D	1595	1489.5	982.727	26.1683
Gorai.008G043000.1.A	1675	1569.5	426.477	10.7775
Gorai.008G043000.1.D	1675	1569.5	608.523	15.378
Gorai.008G043100.1.A	500	394.551	0	0
Gorai.008G043100.1.D	500	394.551	1	0.100527
Gorai.008G043200.1.A	1630	1524.5	264.017	6.86892
Gorai.008G043200.1.D	1630	1524.5	433.605	11.2811
Gorai.008G043300.1.A	1933	1827.5	52.3024	1.13514
Gorai.008G043300.1.D	1933	1827.5	197.075	4.27718
Gorai.008G043400.1.A	671	565.505	0	0
Gorai.008G043400.1.D	671	565.505	0	0
Gorai.008G043500.1.A	518	412.551	26.8882	2.58505
Gorai.008G043500.1.D	518	412.551	0	0
Gorai.008G043600.1.A	522	416.551	0	0
Gorai.008G043600.1.D	522	416.551	0	0
Gorai.008G043700.1.A	1014	908.505	9	0.392917
Gorai.008G043700.1.D	1014	908.505	3	0.130972
Gorai.008G043800.1.A	1063	957.505	287.721	11.9183
Gorai.008G043800.1.D	1063	957.505	404.279	16.7466
Gorai.008G043900.1.A	1302	1196.5	0	0
Gorai.008G043900.1.D	1302	1196.5	0	0
Gorai.008G044000.1.A	687	581.505	90.1118	6.1463
Gorai.008G044000.1.D	687	581.505	0	0
Gorai.008G044100.1.A	2183	2077.5	0	0
Gorai.008G044100.1.D	2183	2077.5	38	0.725482
Gorai.008G044200.1.A	1170	1064.5	737.993	27.4973
Gorai.008G044200.1.D	1170	1064.5	1068.01	39.7934
Gorai.008G044300.1.A	2730	2624.5	18.0426	0.272669
Gorai.008G044300.1.D	2730	2624.5	87.9574	1.32926
Gorai.008G044400.1.A	1908	1802.5	0	0
Gorai.008G044400.1.D	1908	1802.5	19	0.418083
Gorai.008G044500.1.A	1497	1391.5	5.85025	0.166753
Gorai.008G044500.1.D	1497	1391.5	5.85025	0.166753
Gorai.008G044600.1.A	360	254.63	0	0
Gorai.008G044600.1.D	360	254.63	0	0
Gorai.008G044700.1.A	954	848.505	0	0
Gorai.008G044700.1.D	954	848.505	3	0.140234
Gorai.008G044800.1.A	698	592.505	9	0.60247
Gorai.008G044800.1.D	698	592.505	8	0.535529
Gorai.008G044900.1.A	1803	1697.5	549.544	12.8403
Gorai.008G044900.1.D	1803	1697.5	306.456	7.16049
Gorai.008G045000.1.A	786	680.505	0	0
Gorai.008G045000.1.D	786	680.505	0	0
Gorai.008G045100.1.A	735	629.505	0	0
Gorai.008G045100.1.D	735	629.505	0	0
Gorai.008G045200.1.A	1875	1769.5	128	2.86908
Gorai.008G045200.1.D	1875	1769.5	128	2.86908
Gorai.008G045300.1.A	3393	3287.5	545.568	6.58214
Gorai.008G045300.1.D	3393	3287.5	275.432	3.32302
Gorai.008G045400.1.A	2952	2846.5	12.9231	0.180069
Gorai.008G045400.1.D	2952	2846.5	1.07692	0.0150057
Gorai.008G045500.1.A	2702	2596.5	423.867	6.47478
Gorai.008G045500.1.D	2702	2596.5	191.133	2.91966
Gorai.008G045600.1.A	2204	2098.5	338.276	6.39362
Gorai.008G045600.1.D	2204	2098.5	169.724	3.20787
Gorai.008G045700.1.A	954	848.505	0	0
Gorai.008G045700.1.D	954	848.505	0	0
Gorai.008G045800.1.A	1980	1874.5	7864.24	166.401
Gorai.008G045800.1.D	1980	1874.5	8961.34	189.614
Gorai.008G045900.1.A	2420	2314.5	312.72	5.35898
Gorai.008G045900.1.D	2420	2314.5	243.213	4.16787
Gorai.008G046000.1.A	1007	901.505	2.70996	0.119229
Gorai.008G046000.1.D	1007	901.505	0	0
Gorai.008G046100.1.A	1541	1435.5	254.608	7.03482
Gorai.008G046100.1.D	1541	1435.5	325.392	8.99056
Gorai.008G046200.1.A	1772	1666.5	3891.92	92.628
Gorai.008G046200.1.D	1772	1666.5	3401.29	80.9509
Gorai.008G046300.1.A	1711	1605.5	2841.42	70.1954
Gorai.008G046300.1.D	1711	1605.5	3437.37	84.9181
Gorai.008G046400.1.A	1071	965.505	1135.49	46.6461
Gorai.008G046400.1.D	1071	965.505	1076.51	44.2229
Gorai.008G046500.1.A	1089	983.505	284.111	11.4577
Gorai.008G046500.1.D	1089	983.505	179.889	7.2546
Gorai.008G046600.1.A	2312	2206.5	6	0.107853
Gorai.008G046600.1.D	2312	2206.5	1	0.0179755
Gorai.008G046700.1.A	3529	3423.5	88.1154	1.02086
Gorai.008G046700.1.D	3529	3423.5	288.885	3.34687
Gorai.008G046800.1.A	2618	2512.5	636.097	10.0416
Gorai.008G046800.1.D	2618	2512.5	457.903	7.22856
Gorai.008G046900.1.A	1630	1524.5	359.476	9.35247
Gorai.008G046900.1.D	1630	1524.5	495.524	12.892
Gorai.008G047000.1.A	264	158.879	0	0
Gorai.008G047000.1.D	264	158.879	0	0
Gorai.008G047100.1.A	3656	3550.5	1402.04	15.6622
Gorai.008G047100.1.D	3656	3550.5	1854.96	20.7219
Gorai.008G047200.1.A	5768	5662.5	149.372	1.04628
Gorai.008G047200.1.D	5768	5662.5	170.613	1.19506
Gorai.008G047300.1.A	4886	4780.5	19.4303	0.161209
Gorai.008G047300.1.D	4886	4780.5	661.654	5.48962
Gorai.008G047400.1.A	5514	5408.5	287.161	2.10588
Gorai.008G047400.1.D	5514	5408.5	350.628	2.57131
Gorai.008G047500.1.A	5479	5373.5	1749.54	12.9137
Gorai.008G047500.1.D	5479	5373.5	2994.46	22.1027
Gorai.008G047600.1.A	2599	2493.5	2821.67	44.8829
Gorai.008G047600.1.D	2599	2493.5	1494.33	23.7696
Gorai.008G047700.1.A	2172	2066.5	126	2.41835
Gorai.008G047700.1.D	2172	2066.5	0	0
Gorai.008G047800.1.A	1074	968.505	3	0.122858
Gorai.008G047800.1.D	1074	968.505	0	0
Gorai.008G047900.1.A	990	884.505	0	0
Gorai.008G047900.1.D	990	884.505	0	0
Gorai.008G048000.1.A	1821	1715.5	36.973	0.854825
Gorai.008G048000.1.D	1821	1715.5	1.02703	0.0237451
Gorai.008G048100.1.A	1315	1209.5	2997.78	98.3053
Gorai.008G048100.1.D	1315	1209.5	2000.22	65.5927
Gorai.008G048200.1.A	2147	2041.5	30.8571	0.599501
Gorai.008G048200.1.D	2147	2041.5	77.1429	1.49875
Gorai.008G048300.1.A	674	568.505	30.965	2.16034
Gorai.008G048300.1.D	674	568.505	133.035	9.28147
Gorai.008G048400.1.A	1163	1057.5	25.6202	0.960914
Gorai.008G048400.1.D	1163	1057.5	76.4248	2.8664
Gorai.008G048500.1.A	477	371.551	0	0
Gorai.008G048500.1.D	477	371.551	0	0
Gorai.008G048600.1.A	2145	2039.5	0	0
Gorai.008G048600.1.D	2145	2039.5	156.069	3.03514
Gorai.008G048700.1.A	966	860.505	1	0.0460927
Gorai.008G048700.1.D	966	860.505	1	0.0460927
Gorai.008G048800.1.A	1938	1832.5	3091.61	66.9152
Gorai.008G048800.1.D	1938	1832.5	1441.38	31.1975
Gorai.008G048900.1.A	1036	930.505	1335.05	56.9067
Gorai.008G048900.1.D	1036	930.505	775.955	33.0752
Gorai.008G049000.1.A	2085	1979.5	6.26159	0.125462
Gorai.008G049000.1.D	2085	1979.5	1501.74	30.09
Gorai.008G049100.1.A	2818	2712.5	219.752	3.21327
Gorai.008G049100.1.D	2818	2712.5	438.248	6.40818
Gorai.008G049200.1.A	4442	4336.5	6151.41	56.2626
Gorai.008G049200.1.D	4442	4336.5	8306.59	75.9745
Gorai.008G049300.1.A	8311	8205.5	703.923	3.40255
Gorai.008G049300.1.D	8311	8205.5	405.077	1.95802
Gorai.008G049400.1.A	639	533.505	0	0
Gorai.008G049400.1.D	639	533.505	2	0.148688
Gorai.008G049500.1.A	878	772.505	0	0
Gorai.008G049500.1.D	878	772.505	128.869	6.61656
Gorai.008G049600.1.A	1261	1155.5	7.53846	0.258759
Gorai.008G049600.1.D	1261	1155.5	6.46154	0.221794
Gorai.008G049700.1.A	3628	3522.5	2420.45	27.2539
Gorai.008G049700.1.D	3628	3522.5	1173.55	13.214
Gorai.008G049800.1.A	2006	1900.5	5701.59	118.99
Gorai.008G049800.1.D	2006	1900.5	5541.74	115.654
Gorai.008G049900.1.A	1029	923.505	13.4855	0.579178
Gorai.008G049900.1.D	1029	923.505	5.87505	0.252323
Gorai.008G050000.1.A	1094	988.505	14.4444	0.579572
Gorai.008G050000.1.D	1094	988.505	25.5556	1.0254
Gorai.008G050100.1.A	2233	2127.5	12.6507	0.235847
Gorai.008G050100.1.D	2233	2127.5	27.8316	0.518862
Gorai.008G050200.1.A	468	362.551	0	0
Gorai.008G050200.1.D	468	362.551	0	0
Gorai.008G050300.1.A	2431	2325.5	52.4027	0.893761
Gorai.008G050300.1.D	2431	2325.5	435.597	7.42939
Gorai.008G050400.1.A	3910	3804.5	83.0935	0.866271
Gorai.008G050400.1.D	3910	3804.5	66.9065	0.697517
Gorai.008G050500.1.A	3245	3139.5	57.8419	0.730746
Gorai.008G050500.1.D	3245	3139.5	65.34	0.825472
Gorai.008G050600.1.A	483	377.551	12	1.26064
Gorai.008G050600.1.D	483	377.551	0	0
Gorai.008G050700.1.A	1736	1630.5	560.102	13.6248
Gorai.008G050700.1.D	1736	1630.5	669.898	16.2957
Gorai.008G050800.1.A	441	335.583	1.00787	0.119122
Gorai.008G050800.1.D	441	335.583	9.07086	1.07209
Gorai.008G050900.1.A	2526	2420.5	853.939	13.9928
Gorai.008G050900.1.D	2526	2420.5	755.061	12.3726
Gorai.008G051000.1.A	2063	1957.5	18.3726	0.372265
Gorai.008G051000.1.D	2063	1957.5	326.623	6.61804
Gorai.008G051100.1.A	1781	1675.5	4.79935	0.113611
Gorai.008G051100.1.D	1781	1675.5	1.20471	0.0285182
Gorai.008G051200.1.A	2109	2003.5	2	0.0395936
Gorai.008G051200.1.D	2109	2003.5	0	0
Gorai.008G051300.1.A	2857	2751.5	6	0.08649
Gorai.008G051300.1.D	2857	2751.5	6	0.08649
Gorai.008G051400.1.A	926	820.505	55.0385	2.66054
Gorai.008G051400.1.D	926	820.505	52.9615	2.56014
Gorai.008G051500.1.A	2718	2612.5	1700.19	25.8122
Gorai.008G051500.1.D	2718	2612.5	1478.81	22.4513
Gorai.008G051600.1.A	3083	2977.5	2	0.0266417
Gorai.008G051600.1.D	3083	2977.5	2	0.0266417
Gorai.008G051700.1.A	3951	3845.5	56.4	0.581716
Gorai.008G051700.1.D	3951	3845.5	37.6	0.38781
Gorai.008G051800.1.A	563	457.551	445.549	38.6225
Gorai.008G051800.1.D	563	457.551	848.746	73.5737
Gorai.008G051900.1.A	766	660.505	2178.94	130.844
Gorai.008G051900.1.D	766	660.505	1081.77	64.9596
Gorai.008G052000.1.A	3346	3240.5	0.500916	0.00613108
Gorai.008G052000.1.D	3346	3240.5	0.500916	0.00613108
Gorai.008G052100.1.A	2017	1911.5	167.823	3.48227
Gorai.008G052100.1.D	2017	1911.5	347.177	7.20377
Gorai.008G052200.1.A	1390	1284.5	272.794	8.42334
Gorai.008G052200.1.D	1390	1284.5	151.206	4.66894
Gorai.008G052300.1.A	1328	1222.5	388.332	12.599
Gorai.008G052300.1.D	1328	1222.5	460.668	14.9459
Gorai.008G052400.1.A	2935	2829.5	57.1685	0.801367
Gorai.008G052400.1.D	2935	2829.5	38.8315	0.544325
Gorai.008G052500.1.A	1312	1206.5	11.6229	0.382095
Gorai.008G052500.1.D	1312	1206.5	11.6229	0.382095
Gorai.008G052600.1.A	1706	1600.5	14.1217	0.349958
Gorai.008G052600.1.D	1706	1600.5	101.878	2.5247
Gorai.008G052700.1.A	913	807.505	0	0
Gorai.008G052700.1.D	913	807.505	0	0
Gorai.008G052800.1.A	1931	1825.5	74.7089	1.62321
Gorai.008G052800.1.D	1931	1825.5	2503.29	54.3893
Gorai.008G052900.1.A	531	425.551	2.60079	0.242403
Gorai.008G052900.1.D	531	425.551	5.20158	0.484806
Gorai.008G053000.1.A	1151	1045.5	0	0
Gorai.008G053000.1.D	1151	1045.5	1	0.0379366
Gorai.008G053100.1.A	1713	1607.5	506.489	12.4969
Gorai.008G053100.1.D	1713	1607.5	542.511	13.3857
Gorai.008G053200.1.A	2562	2456.5	154.868	2.50051
Gorai.008G053200.1.D	2562	2456.5	7.13208	0.115155
Gorai.008G053300.1.A	1261	1155.5	42.4375	1.45668
Gorai.008G053300.1.D	1261	1155.5	54.5625	1.87287
Gorai.008G053400.1.A	2146	2040.5	279.196	5.42696
Gorai.008G053400.1.D	2146	2040.5	479.804	9.32633
Gorai.008G053500.1.A	1468	1362.5	258.164	7.51522
Gorai.008G053500.1.D	1468	1362.5	142.836	4.15801
Gorai.008G053600.1.A	2591	2485.5	1038.51	16.5722
Gorai.008G053600.1.D	2591	2485.5	829.492	13.2368
Gorai.008G053700.1.A	3546	3440.5	155.622	1.79405
Gorai.008G053700.1.D	3546	3440.5	417.527	4.81335
Gorai.008G053800.1.A	956	850.505	0.748285	0.034896
Gorai.008G053800.1.D	956	850.505	0.748285	0.034896
Gorai.008G053900.1.A	522	416.551	5.50262	0.523946
Gorai.008G053900.1.D	522	416.551	5.50262	0.523946
Gorai.008G054000.1.A	1014	908.505	0	0
Gorai.008G054000.1.D	1014	908.505	0	0
Gorai.008G054100.1.A	1758	1652.5	38.3333	0.920066
Gorai.008G054100.1.D	1758	1652.5	76.6667	1.84013
Gorai.008G054200.1.A	624	518.505	0	0
Gorai.008G054200.1.D	624	518.505	0	0
Gorai.008G054300.1.A	2268	2162.5	151.385	2.77658
Gorai.008G054300.1.D	2268	2162.5	94.6154	1.73536
Gorai.008G054400.1.A	3939	3833.5	289.787	2.99825
Gorai.008G054400.1.D	3939	3833.5	310.213	3.20958
Gorai.008G054500.1.A	2098	1992.5	285.242	5.67805
Gorai.008G054500.1.D	2098	1992.5	271.758	5.40963
Gorai.008G054600.1.A	3085	2979.5	93.7012	1.24734
Gorai.008G054600.1.D	3085	2979.5	73.3962	0.977045
Gorai.008G054700.1.A	1130	1024.5	0	0
Gorai.008G054700.1.D	1130	1024.5	1	0.0387143
Gorai.008G054800.1.A	2181	2075.5	193.681	3.70126
Gorai.008G054800.1.D	2181	2075.5	149.319	2.85348
Gorai.008G054900.1.A	920	814.505	1365.11	66.4753
Gorai.008G054900.1.D	920	814.505	2451.89	119.396
Gorai.008G055000.1.A	1666	1560.5	212.333	5.39682
Gorai.008G055000.1.D	1666	1560.5	186.667	4.74446
Gorai.008G055100.1.A	2775	2669.5	45.9636	0.682918
Gorai.008G055100.1.D	2775	2669.5	33.0364	0.490847
Gorai.008G055200.1.A	2732	2626.5	96.6364	1.45931
Gorai.008G055200.1.D	2732	2626.5	227.986	3.44282
Gorai.008G055300.1.A	1883	1777.5	301.3	6.72316
Gorai.008G055300.1.D	1883	1777.5	91.7	2.04618
Gorai.008G055400.1.A	960	854.505	0	0
Gorai.008G055400.1.D	960	854.505	3	0.139249
Gorai.008G055500.1.A	1609	1503.5	351.977	9.28527
Gorai.008G055500.1.D	1609	1503.5	258.023	6.80673
Gorai.008G055600.1.A	1205	1099.5	79.4839	2.86726
Gorai.008G055600.1.D	1205	1099.5	140.516	5.0689
Gorai.008G055700.1.A	168	67.1198	0	0
Gorai.008G055700.1.D	168	67.1198	0	0
Gorai.008G055800.1.A	1143	1037.5	307.371	11.7505
Gorai.008G055800.1.D	1143	1037.5	348.629	13.3278
Gorai.008G055900.1.A	1215	1109.5	1067.2	38.1507
Gorai.008G055900.1.D	1215	1109.5	233.797	8.35785
Gorai.008G056000.1.A	1507	1401.5	53	1.49991
Gorai.008G056000.1.D	1507	1401.5	93	2.63192
Gorai.008G056100.1.A	1866	1760.5	9	0.202764
Gorai.008G056100.1.D	1866	1760.5	0	0
Gorai.008G056200.1.A	708	602.505	13	0.855791
Gorai.008G056200.1.D	708	602.505	13	0.855791
Gorai.008G056300.1.A	477	371.551	0	0
Gorai.008G056300.1.D	477	371.551	0	0
Gorai.008G056400.1.A	549	443.551	0	0
Gorai.008G056400.1.D	549	443.551	3	0.268264
Gorai.008G056500.1.A	1842	1736.5	0	0
Gorai.008G056500.1.D	1842	1736.5	4	0.0913627
Gorai.008G056600.1.A	2286	2180.5	0	0
Gorai.008G056600.1.D	2286	2180.5	0	0
Gorai.008G056700.1.A	240	135.211	1.70517	0.500196
Gorai.008G056700.1.D	240	135.211	1.70517	0.500196
Gorai.008G056800.1.A	733	627.505	21.1304	1.3356
Gorai.008G056800.1.D	733	627.505	140.87	8.904
Gorai.008G056900.1.A	525	419.551	13.7222	1.29725
Gorai.008G056900.1.D	525	419.551	5.27778	0.498943
Gorai.008G057000.1.A	696	590.505	56.0597	3.76541
Gorai.008G057000.1.D	696	590.505	56.0597	3.76541
Gorai.008G057100.1.A	1065	959.505	91.8305	3.79599
Gorai.008G057100.1.D	1065	959.505	349.169	14.4336
Gorai.008G057200.1.A	1192	1086.5	1	0.0365051
Gorai.008G057200.1.D	1192	1086.5	0	0
Gorai.008G057300.1.A	624	518.505	15.6667	1.19842
Gorai.008G057300.1.D	624	518.505	31.3333	2.39684
Gorai.008G057400.1.A	1517	1411.5	57.4737	1.615
Gorai.008G057400.1.D	1517	1411.5	5.52632	0.155288
Gorai.008G057500.1.A	937	831.505	4	0.190801
Gorai.008G057500.1.D	937	831.505	0	0
Gorai.008G057600.1.A	586	480.551	0	0
Gorai.008G057600.1.D	586	480.551	17	1.40312
Gorai.008G057700.1.A	957	851.505	84.9302	3.95604
Gorai.008G057700.1.D	957	851.505	3.06977	0.142989
Gorai.008G057800.1.A	312	206.649	170.485	32.7217
Gorai.008G057800.1.D	312	206.649	1064.52	204.316
Gorai.008G057900.1.A	571	465.551	9.09712	0.775035
Gorai.008G057900.1.D	571	465.551	271.903	23.1649
Gorai.008G058000.1.A	1840	1734.5	3	0.068601
Gorai.008G058000.1.D	1840	1734.5	1	0.022867
Gorai.008G058100.1.A	611	505.551	0	0
Gorai.008G058100.1.D	611	505.551	0	0
Gorai.008G058200.1.A	2004	1898.5	4.14186	0.0865304
Gorai.008G058200.1.D	2004	1898.5	0	0
Gorai.008G058300.1.A	381	275.583	0	0
Gorai.008G058300.1.D	381	275.583	0	0
Gorai.008G058400.1.A	662	556.505	3	0.213815
Gorai.008G058400.1.D	662	556.505	3	0.213815
Gorai.008G058500.1.A	2140	2034.5	556.736	10.8536
Gorai.008G058500.1.D	2140	2034.5	429.25	8.36829
Gorai.008G058600.1.A	1014	908.505	0	0
Gorai.008G058600.1.D	1014	908.505	0	0
Gorai.008G058700.1.A	2050	1944.5	477.362	9.73696
Gorai.008G058700.1.D	2050	1944.5	869.638	17.7384
Gorai.008G058800.1.A	1045	939.505	14	0.591036
Gorai.008G058800.1.D	1045	939.505	19	0.80212
Gorai.008G058900.1.A	1577	1471.5	66.8971	1.80315
Gorai.008G058900.1.D	1577	1471.5	187.103	5.04317
Gorai.008G059000.1.A	1747	1641.5	2	0.0483251
Gorai.008G059000.1.D	1747	1641.5	8	0.1933
Gorai.008G059100.1.A	519	413.551	1.24796	0.11969
Gorai.008G059100.1.D	519	413.551	1.24796	0.11969
Gorai.008G059200.1.A	1687	1581.5	61.4118	1.54016
Gorai.008G059200.1.D	1687	1581.5	46.5882	1.1684
Gorai.008G059300.1.A	1377	1271.5	0	0
Gorai.008G059300.1.D	1377	1271.5	0	0
Gorai.008G059400.1.A	2553	2447.5	155.52	2.52027
Gorai.008G059400.1.D	2553	2447.5	168.48	2.7303
Gorai.008G059500.1.A	2788	2682.5	21	0.310502
Gorai.008G059500.1.D	2788	2682.5	4	0.0591431
Gorai.008G059600.1.A	776	670.505	8.81273	0.521307
Gorai.008G059600.1.D	776	670.505	0	0
Gorai.008G059700.1.A	467	361.551	1.06402	0.116725
Gorai.008G059700.1.D	467	361.551	0	0
Gorai.008G059800.1.A	2223	2117.5	130.019	2.43538
Gorai.008G059800.1.D	2223	2117.5	647.981	12.1373
Gorai.008G059900.1.A	1414	1308.5	2.66667	0.0808311
Gorai.008G059900.1.D	1414	1308.5	1.33333	0.0404155
Gorai.008G060000.1.A	941	835.505	0	0
Gorai.008G060000.1.D	941	835.505	0	0
Gorai.008G060100.1.A	1315	1209.5	0	0
Gorai.008G060100.1.D	1315	1209.5	1	0.0327927
Gorai.008G060200.1.A	540	434.551	5.33333	0.486791
Gorai.008G060200.1.D	540	434.551	10.6667	0.973582
Gorai.008G060300.1.A	2015	1909.5	389.185	8.08389
Gorai.008G060300.1.D	2015	1909.5	336.815	6.99609
Gorai.008G060400.1.A	2809	2703.5	362.096	5.31229
Gorai.008G060400.1.D	2809	2703.5	82.9041	1.21628
Gorai.008G060500.1.A	510	404.551	0	0
Gorai.008G060500.1.D	510	404.551	0	0
Gorai.008G060600.1.A	1333	1227.5	71.5932	2.31331
Gorai.008G060600.1.D	1333	1227.5	60.4068	1.95185
Gorai.008G060700.1.A	1336	1230.5	204.031	6.57656
Gorai.008G060700.1.D	1336	1230.5	228.969	7.38036
Gorai.008G060800.1.A	4420	4314.5	187.658	1.72512
Gorai.008G060800.1.D	4420	4314.5	280.342	2.57717
Gorai.008G060900.1.A	225	120.599	0	0
Gorai.008G060900.1.D	225	120.599	0	0
Gorai.008G061000.1.A	1746	1640.5	286.863	6.93558
Gorai.008G061000.1.D	1746	1640.5	311.137	7.52244
Gorai.008G061100.1.A	1005	899.505	0	0
Gorai.008G061100.1.D	1005	899.505	8	0.352754
Gorai.008G061200.1.A	840	734.505	6.78571	0.366426
Gorai.008G061200.1.D	840	734.505	12.2143	0.659566
Gorai.008G061300.1.A	432	326.583	3.09653	0.376067
Gorai.008G061300.1.D	432	326.583	3.09653	0.376067
Gorai.008G061400.1.A	1255	1149.5	54.1392	1.86804
Gorai.008G061400.1.D	1255	1149.5	36.8608	1.27186
Gorai.008G061500.1.A	1716	1610.5	0	0
Gorai.008G061500.1.D	1716	1610.5	0	0
Gorai.008G061600.1.A	3223	3117.5	1242.16	15.8036
Gorai.008G061600.1.D	3223	3117.5	604.836	7.69512
Gorai.008G061700.1.A	699	593.505	0	0
Gorai.008G061700.1.D	699	593.505	0	0
Gorai.008G061800.1.A	1597	1491.5	225.895	6.00714
Gorai.008G061800.1.D	1597	1491.5	396.105	10.5334
Gorai.008G061900.1.A	3689	3583.5	5007.2	55.4207
Gorai.008G061900.1.D	3689	3583.5	4825.8	53.4129
Gorai.008G062000.1.A	793	687.505	0.505335	0.0291533
Gorai.008G062000.1.D	793	687.505	0.505335	0.0291533
Gorai.008G062100.1.A	1548	1442.5	166.714	4.58396
Gorai.008G062100.1.D	1548	1442.5	222.286	6.11194
Gorai.008G062200.1.A	1797	1691.5	1211.46	28.4066
Gorai.008G062200.1.D	1797	1691.5	1693.54	39.7107
Gorai.008G062300.1.A	1494	1388.5	64.125	1.83174
Gorai.008G062300.1.D	1494	1388.5	25.875	0.739125
Gorai.008G062400.1.A	1159	1053.5	0	0
Gorai.008G062400.1.D	1159	1053.5	64.9996	2.44714
Gorai.008G062500.1.A	1234	1128.5	770.595	27.0837
Gorai.008G062500.1.D	1234	1128.5	668.405	23.4921
Gorai.008G062600.1.A	1023	917.505	0	0
Gorai.008G062600.1.D	1023	917.505	76	3.28541
Gorai.008G062700.1.A	2403	2297.5	52.3577	0.903877
Gorai.008G062700.1.D	2403	2297.5	87.6423	1.51301
Gorai.008G062800.1.A	1974	1868.5	0	0
Gorai.008G062800.1.D	1974	1868.5	0	0
Gorai.008G062900.1.A	1638	1532.5	3962.06	102.543
Gorai.008G062900.1.D	1638	1532.5	758.942	19.6423
Gorai.008G063000.1.A	988	882.505	1064	47.82
Gorai.008G063000.1.D	988	882.505	0	0
Gorai.008G063100.1.A	1351	1245.5	17.6538	0.562185
Gorai.008G063100.1.D	1351	1245.5	9.34615	0.297627
Gorai.008G063200.1.A	1005	899.505	0	0
Gorai.008G063200.1.D	1005	899.505	0	0
Gorai.008G063300.1.A	1469	1363.5	314.679	9.1537
Gorai.008G063300.1.D	1469	1363.5	256.321	7.4561
Gorai.008G063400.1.A	1111	1005.5	118.414	4.67095
Gorai.008G063400.1.D	1111	1005.5	5.58559	0.220328
Gorai.008G063500.1.A	1189	1083.5	62.3684	2.28307
Gorai.008G063500.1.D	1189	1083.5	16.6316	0.608818
Gorai.008G063600.1.A	1356	1250.5	5	0.158588
Gorai.008G063600.1.D	1356	1250.5	7	0.222023
Gorai.008G063700.1.A	876	770.505	34.089	1.75478
Gorai.008G063700.1.D	876	770.505	274.911	14.1515
Gorai.008G063800.1.A	3782	3676.5	138.433	1.49344
Gorai.008G063800.1.D	3782	3676.5	139.567	1.50568
Gorai.008G063900.1.A	1342	1236.5	0.844627	0.0270928
Gorai.008G063900.1.D	1342	1236.5	0.844627	0.0270928
Gorai.008G064000.1.A	1171	1065.5	458	17.0488
Gorai.008G064000.1.D	1171	1065.5	0	0
Gorai.008G064100.1.A	1398	1292.5	284.476	8.72968
Gorai.008G064100.1.D	1398	1292.5	19.3961	0.595205
Gorai.008G064200.1.A	1585	1479.5	1	0.0268083
Gorai.008G064200.1.D	1585	1479.5	8	0.214466
Gorai.008G064300.1.A	1366	1260.5	131.175	4.12755
Gorai.008G064300.1.D	1366	1260.5	115.825	3.64454
Gorai.008G064400.1.A	1807	1701.5	2	0.046621
Gorai.008G064400.1.D	1807	1701.5	1	0.0233105
Gorai.008G064500.1.A	1342	1236.5	15.4286	0.494897
Gorai.008G064500.1.D	1342	1236.5	11.5714	0.371173
Gorai.008G064600.1.A	1374	1268.5	0	0
Gorai.008G064600.1.D	1374	1268.5	3	0.0938024
Gorai.008G064700.1.A	1932	1826.5	0	0
Gorai.008G064700.1.D	1932	1826.5	12	0.260583
Gorai.008G064800.1.A	2230	2124.5	13.2131	0.246679
Gorai.008G064800.1.D	2230	2124.5	482.787	9.01328
Gorai.008G064900.1.A	1338	1232.5	0	0
Gorai.008G064900.1.D	1338	1232.5	43	1.38377
Gorai.008G065000.1.A	1967	1861.5	6.25	0.133168
Gorai.008G065000.1.D	1967	1861.5	13.75	0.29297
Gorai.008G065100.1.A	960	854.505	55	2.5529
Gorai.008G065100.1.D	960	854.505	75	3.48122
Gorai.008G065200.1.A	2534	2428.5	1109.54	18.1214
Gorai.008G065200.1.D	2534	2428.5	1321.46	21.5823
Gorai.008G065300.1.A	588	482.551	116.116	9.54407
Gorai.008G065300.1.D	588	482.551	36.8839	3.03165
Gorai.008G065400.1.A	1453	1347.5	5	0.147172
Gorai.008G065400.1.D	1453	1347.5	10	0.294344
Gorai.008G065500.1.A	1793	1687.5	0	0
Gorai.008G065500.1.D	1793	1687.5	0	0
Gorai.008G065600.1.A	3330	3224.5	345.651	4.25167
Gorai.008G065600.1.D	3330	3224.5	155.349	1.91086
Gorai.008G065700.1.A	1972	1866.5	0	0
Gorai.008G065700.1.D	1972	1866.5	1	0.0212498
Gorai.008G065800.1.A	372	266.583	0	0
Gorai.008G065800.1.D	372	266.583	0	0
Gorai.008G065900.1.A	1394	1288.5	4	0.123129
Gorai.008G065900.1.D	1394	1288.5	0	0
Gorai.008G066000.1.A	1905	1799.5	236.198	5.20604
Gorai.008G066000.1.D	1905	1799.5	103.269	2.27616
Gorai.008G066100.1.A	1326	1220.5	0	0
Gorai.008G066100.1.D	1326	1220.5	0	0
Gorai.008G066200.1.A	507	401.551	0	0
Gorai.008G066200.1.D	507	401.551	0	0
Gorai.008G066300.1.A	1323	1217.5	6	0.195463
Gorai.008G066300.1.D	1323	1217.5	0	0
Gorai.008G066400.1.A	747	641.505	1.30769	0.080852
Gorai.008G066400.1.D	747	641.505	15.6923	0.970224
Gorai.008G066500.1.A	664	558.505	0	0
Gorai.008G066500.1.D	664	558.505	0	0
Gorai.008G066600.1.A	1390	1284.5	187.349	5.78497
Gorai.008G066600.1.D	1390	1284.5	219.651	6.78238
Gorai.008G066700.1.A	2307	2201.5	75.3397	1.35734
Gorai.008G066700.1.D	2307	2201.5	85.6603	1.54328
Gorai.008G066800.1.A	621	515.505	0	0
Gorai.008G066800.1.D	621	515.505	0	0
Gorai.008G066900.1.A	1164	1058.5	1443.82	54.1009
Gorai.008G066900.1.D	1164	1058.5	359.184	13.4589
Gorai.008G067000.1.A	2204	2098.5	0	0
Gorai.008G067000.1.D	2204	2098.5	0	0
Gorai.008G067100.1.A	1422	1316.5	53.1915	1.60252
Gorai.008G067100.1.D	1422	1316.5	346.809	10.4485
Gorai.008G067200.1.A	1364	1258.5	87.3086	2.75161
Gorai.008G067200.1.D	1364	1258.5	16.6914	0.526044
Gorai.008G067300.1.A	2316	2210.5	0	0
Gorai.008G067300.1.D	2316	2210.5	0	0
Gorai.008G067400.1.A	1971	1865.5	291.164	6.19051
Gorai.008G067400.1.D	1971	1865.5	314.836	6.6938
Gorai.008G067500.1.A	2343	2237.5	6.12931	0.108651
Gorai.008G067500.1.D	2343	2237.5	230.871	4.09251
Gorai.008G067600.1.A	1994	1888.5	0	0
Gorai.008G067600.1.D	1994	1888.5	0	0
Gorai.008G067700.1.A	869	763.505	2.68962	0.139722
Gorai.008G067700.1.D	869	763.505	2.68962	0.139722
Gorai.008G067800.1.A	871	765.505	0	0
Gorai.008G067800.1.D	871	765.505	0	0
Gorai.008G067900.1.A	2130	2024.5	651.203	12.758
Gorai.008G067900.1.D	2130	2024.5	251.506	4.92737
Gorai.008G068000.1.A	1084	978.505	244.991	9.93052
Gorai.008G068000.1.D	1084	978.505	173.009	7.01279
Gorai.008G068100.1.A	2627	2521.5	186.51	2.93377
Gorai.008G068100.1.D	2627	2521.5	103.49	1.62789
Gorai.008G068200.1.A	2612	2506.5	3205.69	50.7269
Gorai.008G068200.1.D	2612	2506.5	2117.31	33.5042
Gorai.008G068300.1.A	951	845.505	0	0
Gorai.008G068300.1.D	951	845.505	0	0
Gorai.008G068400.1.A	2247	2141.5	19.6154	0.363298
Gorai.008G068400.1.D	2247	2141.5	25.3846	0.47015
Gorai.008G068500.1.A	1233	1127.5	0	0
Gorai.008G068500.1.D	1233	1127.5	0	0
Gorai.008G068600.1.A	1495	1389.5	5.83333	0.166511
Gorai.008G068600.1.D	1495	1389.5	1.16667	0.0333021
Gorai.008G068700.1.A	1862	1756.5	182.961	4.13138
Gorai.008G068700.1.D	1862	1756.5	228.039	5.14925
Gorai.008G068800.1.A	2325	2219.5	422.78	7.55516
Gorai.008G068800.1.D	2325	2219.5	362.22	6.47293
Gorai.008G068900.1.A	1908	1802.5	101.436	2.23203
Gorai.008G068900.1.D	1908	1802.5	36.5641	0.804569
Gorai.008G069000.1.A	1196	1090.5	0	0
Gorai.008G069000.1.D	1196	1090.5	0	0
Gorai.008G069100.1.A	1014	908.505	135.75	5.92649
Gorai.008G069100.1.D	1014	908.505	99.4422	4.34139
Gorai.008G069200.1.A	2408	2302.5	1301.64	22.4221
Gorai.008G069200.1.D	2408	2302.5	561.356	9.66992
Gorai.008G069300.1.A	376	270.583	0	0
Gorai.008G069300.1.D	376	270.583	0	0
Gorai.008G069400.1.A	1571	1465.5	2	0.0541287
Gorai.008G069400.1.D	1571	1465.5	0	0
Gorai.008G069500.1.A	1422	1316.5	0	0
Gorai.008G069500.1.D	1422	1316.5	0	0
Gorai.008G069600.1.A	1789	1683.5	0	0
Gorai.008G069600.1.D	1789	1683.5	25	0.588994
Gorai.008G069700.1.A	1071	965.505	224.231	9.2114
Gorai.008G069700.1.D	1071	965.505	146.769	6.02928
Gorai.008G069800.1.A	1874	1768.5	352.183	7.89854
Gorai.008G069800.1.D	1874	1768.5	432.817	9.70696
Gorai.008G069900.1.A	1329	1223.5	223.464	7.24415
Gorai.008G069900.1.D	1329	1223.5	304.818	9.88143
Gorai.008G070000.1.A	1166	1060.5	12.2308	0.457432
Gorai.008G070000.1.D	1166	1060.5	199.769	7.47138
Gorai.008G070100.1.A	1530	1424.5	3.27273	0.0911236
Gorai.008G070100.1.D	1530	1424.5	8.72727	0.242996
Gorai.008G070200.1.A	1275	1169.5	913.458	30.9793
Gorai.008G070200.1.D	1275	1169.5	2265.54	76.8343
Gorai.008G070300.1.A	300	194.687	0	0
Gorai.008G070300.1.D	300	194.687	0	0
Gorai.008G070400.1.A	1734	1628.5	16.9302	0.412343
Gorai.008G070400.1.D	1734	1628.5	39.0698	0.951561
Gorai.008G070500.1.A	2619	2513.5	32.5217	0.513191
Gorai.008G070500.1.D	2619	2513.5	55.4783	0.875443
Gorai.008G070600.1.A	2136	2030.5	3141.64	61.3674
Gorai.008G070600.1.D	2136	2030.5	343.356	6.70696
Gorai.008G070700.1.A	606	500.551	0	0
Gorai.008G070700.1.D	606	500.551	0	0
Gorai.008G070800.1.A	3172	3066.5	13.9535	0.180478
Gorai.008G070800.1.D	3172	3066.5	36.0465	0.466235
Gorai.008G070900.1.A	2159	2053.5	526.382	10.1669
Gorai.008G070900.1.D	2159	2053.5	1192.62	23.0351
Gorai.008G071000.1.A	1057	951.505	42.6078	1.77608
Gorai.008G071000.1.D	1057	951.505	10.3922	0.433191
Gorai.008G071100.1.A	683	577.505	2	0.13736
Gorai.008G071100.1.D	683	577.505	1	0.0686799
Gorai.008G071200.1.A	2488	2382.5	118.83	1.97823
Gorai.008G071200.1.D	2488	2382.5	139.17	2.31685
Gorai.008G071300.1.A	2490	2384.5	0	0
Gorai.008G071300.1.D	2490	2384.5	5	0.0831681
Gorai.008G071400.1.A	901	795.505	0	0
Gorai.008G071400.1.D	901	795.505	0	0
Gorai.008G071500.1.A	1011	905.505	0	0
Gorai.008G071500.1.D	1011	905.505	0	0
Gorai.008G071600.1.A	1454	1348.5	8.66244	0.254784
Gorai.008G071600.1.D	1454	1348.5	38.6789	1.13764
Gorai.008G071700.1.A	1231	1125.5	0	0
Gorai.008G071700.1.D	1231	1125.5	3	0.10572
Gorai.008G071800.1.A	1216	1110.5	88	3.14302
Gorai.008G071800.1.D	1216	1110.5	124	4.4288
Gorai.008G071900.1.A	1970	1864.5	0	0
Gorai.008G071900.1.D	1970	1864.5	122	2.59526
Gorai.008G072000.1.A	654	548.505	2.08212	0.150561
Gorai.008G072000.1.D	654	548.505	2.08212	0.150561
Gorai.008G072100.1.A	799	693.505	4.10657	0.234863
Gorai.008G072100.1.D	799	693.505	4.10657	0.234863
Gorai.008G072200.1.A	981	875.505	0	0
Gorai.008G072200.1.D	981	875.505	0	0
Gorai.008G072300.1.A	532	426.551	0	0
Gorai.008G072300.1.D	532	426.551	0	0
Gorai.008G072400.1.A	1796	1690.5	146.584	3.43918
Gorai.008G072400.1.D	1796	1690.5	75.4163	1.76943
Gorai.008G072500.1.A	2109	2003.5	17.6786	0.349979
Gorai.008G072500.1.D	2109	2003.5	15.3214	0.303315
Gorai.008G072600.1.A	2849	2743.5	125.61	1.81595
Gorai.008G072600.1.D	2849	2743.5	122.39	1.76939
Gorai.008G072700.1.A	1148	1042.5	0	0
Gorai.008G072700.1.D	1148	1042.5	0	0
Gorai.008G072800.1.A	1503	1397.5	182.85	5.18951
Gorai.008G072800.1.D	1503	1397.5	93.15	2.64371
Gorai.008G072900.1.A	1550	1444.5	66.8354	1.83516
Gorai.008G072900.1.D	1550	1444.5	13.1646	0.36147
Gorai.008G073000.1.A	1930	1824.5	0	0
Gorai.008G073000.1.D	1930	1824.5	0	0
Gorai.008G073100.1.A	3127	3021.5	7.54688	0.0990669
Gorai.008G073100.1.D	3127	3021.5	61.4531	0.806688
Gorai.008G073200.1.A	1873	1767.5	194.35	4.36123
Gorai.008G073200.1.D	1873	1767.5	35.65	0.799989
Gorai.008G073300.1.A	1941	1835.5	24.1176	0.521152
Gorai.008G073300.1.D	1941	1835.5	16.8824	0.364806
Gorai.008G073400.1.A	1420	1314.5	6.46154	0.194966
Gorai.008G073400.1.D	1420	1314.5	14.5385	0.438673
Gorai.008G073500.1.A	1254	1148.5	222.033	7.6678
Gorai.008G073500.1.D	1254	1148.5	244.967	8.45978
Gorai.008G073600.1.A	2775	2669.5	17.8571	0.265318
Gorai.008G073600.1.D	2775	2669.5	32.1429	0.477572
Gorai.008G073700.1.A	552	446.551	25	2.22051
Gorai.008G073700.1.D	552	446.551	25	2.22051
Gorai.008G073800.1.A	1322	1216.5	0	0
Gorai.008G073800.1.D	1322	1216.5	0	0
Gorai.008G073900.1.A	1475	1369.5	4	0.115846
Gorai.008G073900.1.D	1475	1369.5	2	0.057923
Gorai.008G074000.1.A	1029	923.505	17	0.730121
Gorai.008G074000.1.D	1029	923.505	0	0
Gorai.008G074100.1.A	480	374.551	0	0
Gorai.008G074100.1.D	480	374.551	0	0
Gorai.008G074200.1.A	933	827.505	1.1	0.0527239
Gorai.008G074200.1.D	933	827.505	9.9	0.474515
Gorai.008G074300.1.A	2728	2622.5	4116.22	62.254
Gorai.008G074300.1.D	2728	2622.5	1447.78	21.8963
Gorai.008G074400.1.A	1884	1778.5	58.3237	1.30069
Gorai.008G074400.1.D	1884	1778.5	192.676	4.29693
Gorai.008G074500.1.A	5839	5733.5	1159.97	8.02436
Gorai.008G074500.1.D	5839	5733.5	1351.03	9.34611
Gorai.008G074600.1.A	2310	2204.5	20	0.359835
Gorai.008G074600.1.D	2310	2204.5	10	0.179918
Gorai.008G074700.1.A	297	191.687	0	0
Gorai.008G074700.1.D	297	191.687	0	0
Gorai.008G074800.1.A	1506	1400.5	100.332	2.84144
Gorai.008G074800.1.D	1506	1400.5	105.668	2.99258
Gorai.008G074900.1.A	960	854.505	122.474	5.68479
Gorai.008G074900.1.D	960	854.505	96.5261	4.48038
Gorai.008G075000.1.A	750	644.505	2.14286	0.131872
Gorai.008G075000.1.D	750	644.505	12.8571	0.791231
Gorai.008G075100.1.A	452	346.551	0	0
Gorai.008G075100.1.D	452	346.551	0	0
Gorai.008G075200.1.A	8215	8109.5	652.823	3.19291
Gorai.008G075200.1.D	8215	8109.5	881.865	4.31313
Gorai.008G075300.1.A	917	811.505	36.0645	1.76268
Gorai.008G075300.1.D	917	811.505	135.935	6.64396
Gorai.008G075400.1.A	8259	8153.5	2404.18	11.6952
Gorai.008G075400.1.D	8259	8153.5	2944.13	14.3218
Gorai.008G075500.1.A	237	132.247	0	0
Gorai.008G075500.1.D	237	132.247	0	0
Gorai.008G075600.1.A	996	890.505	0	0
Gorai.008G075600.1.D	996	890.505	0	0
Gorai.008G075700.1.A	1168	1062.5	6.17868	0.230648
Gorai.008G075700.1.D	1168	1062.5	18.536	0.691944
Gorai.008G075800.1.A	336	230.63	4.5	0.773894
Gorai.008G075800.1.D	336	230.63	4.5	0.773894
Gorai.008G075900.1.A	1157	1051.5	53.1176	2.00361
Gorai.008G075900.1.D	1157	1051.5	9.88235	0.372764
Gorai.008G076000.1.A	1200	1094.5	15.6452	0.566953
Gorai.008G076000.1.D	1200	1094.5	81.3548	2.94816
Gorai.008G076100.1.A	249	144.019	0	0
Gorai.008G076100.1.D	249	144.019	0	0
Gorai.008G076200.1.A	114	28.4159	0	0
Gorai.008G076200.1.D	114	28.4159	0	0
Gorai.008G076300.1.A	1066	960.505	12.3498	0.50997
Gorai.008G076300.1.D	1066	960.505	8.23318	0.33998
Gorai.008G076400.1.A	298	192.687	3.5	0.720443
Gorai.008G076400.1.D	298	192.687	3.5	0.720443
Gorai.008G076500.1.A	793	687.505	0.691651	0.0399021
Gorai.008G076500.1.D	793	687.505	0.691651	0.0399021
Gorai.008G076600.1.A	2041	1935.5	75.696	1.55119
Gorai.008G076600.1.D	2041	1935.5	218.693	4.48152
Gorai.008G076700.1.A	2279	2173.5	316.065	5.76767
Gorai.008G076700.1.D	2279	2173.5	79.5466	1.4516
Gorai.008G076800.1.A	514	408.551	107.107	10.3981
Gorai.008G076800.1.D	514	408.551	23.8223	2.31272
Gorai.008G076900.1.A	920	814.505	202.771	9.87411
Gorai.008G076900.1.D	920	814.505	236.229	11.5033
Gorai.008G077000.1.A	1430	1324.5	35.0625	1.04996
Gorai.008G077000.1.D	1430	1324.5	49.9375	1.4954
Gorai.008G077100.1.A	1597	1491.5	0	0
Gorai.008G077100.1.D	1597	1491.5	141	3.74955
Gorai.008G077200.1.A	2354	2248.5	36.0462	0.635843
Gorai.008G077200.1.D	2354	2248.5	34.9538	0.616575
Gorai.008G077300.1.A	1278	1172.5	26.9286	0.910927
Gorai.008G077300.1.D	1278	1172.5	2.07143	0.0700713
Gorai.008G077400.1.A	1971	1865.5	0	0
Gorai.008G077400.1.D	1971	1865.5	17	0.361441
Gorai.008G077500.1.A	1430	1324.5	26.0546	0.780218
Gorai.008G077500.1.D	1430	1324.5	36.641	1.09723
Gorai.008G077600.1.A	2059	1953.5	50.4215	1.02373
Gorai.008G077600.1.D	2059	1953.5	19.8829	0.403691
Gorai.008G077700.1.A	1786	1680.5	85.1667	2.01009
Gorai.008G077700.1.D	1786	1680.5	54.8333	1.29417
Gorai.008G077800.1.A	2329	2223.5	441.53	7.87603
Gorai.008G077800.1.D	2329	2223.5	63.4699	1.13218
Gorai.008G077900.1.A	1886	1780.5	10.6667	0.237613
Gorai.008G077900.1.D	1886	1780.5	5.33333	0.118807
Gorai.008G078000.1.A	990	884.505	49	2.19726
Gorai.008G078000.1.D	990	884.505	57	2.55599
Gorai.008G078100.1.A	1637	1531.5	5026.45	130.175
Gorai.008G078100.1.D	1637	1531.5	2874.55	74.4451
Gorai.008G078200.1.A	741	635.505	4.11293	0.256695
Gorai.008G078200.1.D	741	635.505	4.11293	0.256695
Gorai.008G078300.1.A	2099	1993.5	12383.9	246.392
Gorai.008G078300.1.D	2099	1993.5	5477.06	108.972
Gorai.008G078400.1.A	1483	1377.5	96.4167	2.77616
Gorai.008G078400.1.D	1483	1377.5	59.5833	1.7156
Gorai.008G078500.1.A	294	188.687	0	0
Gorai.008G078500.1.D	294	188.687	0	0
Gorai.008G078600.1.A	2726	2620.5	84.4944	1.27887
Gorai.008G078600.1.D	2726	2620.5	9.50562	0.143873
Gorai.008G078700.1.A	652	546.505	0	0
Gorai.008G078700.1.D	652	546.505	0	0
Gorai.008G078800.1.A	2307	2201.5	1	0.0180163
Gorai.008G078800.1.D	2307	2201.5	2	0.0360326
Gorai.008G078900.1.A	3132	3026.5	1109.67	14.5424
Gorai.008G078900.1.D	3132	3026.5	615.333	8.06406
Gorai.008G079000.1.A	879	773.505	428.086	21.9509
Gorai.008G079000.1.D	879	773.505	335.914	17.2246
Gorai.008G079100.1.A	534	428.551	8.51041	0.787649
Gorai.008G079100.1.D	534	428.551	11	1.01806
Gorai.008G079200.1.A	1878	1772.5	17	0.380405
Gorai.008G079200.1.D	1878	1772.5	0	0
Gorai.008G079300.1.A	369	263.583	23	3.46095
Gorai.008G079300.1.D	369	263.583	0	0
Gorai.008G079400.1.A	591	485.551	0	0
Gorai.008G079400.1.D	591	485.551	0	0
Gorai.008G079500.1.A	1899	1793.5	0	0
Gorai.008G079500.1.D	1899	1793.5	32	0.707673
Gorai.008G079600.1.A	942	836.505	3	0.142245
Gorai.008G079600.1.D	942	836.505	0	0
Gorai.008G079700.1.A	3292	3186.5	283.944	3.53429
Gorai.008G079700.1.D	3292	3186.5	140.288	1.74619
Gorai.008G079800.1.A	1004	898.505	496.18	21.903
Gorai.008G079800.1.D	1004	898.505	838.808	37.0278
Gorai.008G079900.1.A	1016	910.505	730.121	31.8052
Gorai.008G079900.1.D	1016	910.505	655.89	28.5715
Gorai.008G080000.1.A	1552	1446.5	2	0.0548397
Gorai.008G080000.1.D	1552	1446.5	8	0.219359
Gorai.008G080100.1.A	1362	1256.5	11.0769	0.349655
Gorai.008G080100.1.D	1362	1256.5	6.92308	0.218534
Gorai.008G080200.1.A	2084	1978.5	76.7684	1.53897
Gorai.008G080200.1.D	2084	1978.5	354.232	7.10125
Gorai.008G080300.1.A	1633	1527.5	404.587	10.5054
Gorai.008G080300.1.D	1633	1527.5	159.413	4.1393
Gorai.008G080400.1.A	776	670.505	354	20.9405
Gorai.008G080400.1.D	776	670.505	0	0
Gorai.008G080500.1.A	1628	1522.5	19.5672	0.509746
Gorai.008G080500.1.D	1628	1522.5	49.4328	1.28778
Gorai.008G080600.1.A	2086	1980.5	317.714	6.36276
Gorai.008G080600.1.D	2086	1980.5	242.286	4.85218
Gorai.008G080700.1.A	2708	2602.5	158.594	2.41702
Gorai.008G080700.1.D	2708	2602.5	566.406	8.6322
Gorai.008G080800.1.A	1631	1525.5	0	0
Gorai.008G080800.1.D	1631	1525.5	1336	34.7358
Gorai.008G080900.1.A	1171	1065.5	0	0
Gorai.008G080900.1.D	1171	1065.5	13	0.483919
Gorai.008G081000.1.A	249	144.019	0	0
Gorai.008G081000.1.D	249	144.019	0	0
Gorai.008G081100.1.A	1329	1223.5	51.4098	1.66658
Gorai.008G081100.1.D	1329	1223.5	460.59	14.9312
Gorai.008G081200.1.A	243	138.135	0	0
Gorai.008G081200.1.D	243	138.135	0	0
Gorai.008G081300.1.A	528	422.551	129.5	12.1556
Gorai.008G081300.1.D	528	422.551	129.5	12.1556
Gorai.008G081400.1.A	354	248.63	0	0
Gorai.008G081400.1.D	354	248.63	0	0
Gorai.008G081500.1.A	381	275.583	0	0
Gorai.008G081500.1.D	381	275.583	0	0
Gorai.008G081600.1.A	1635	1529.5	1.01002	0.0261916
Gorai.008G081600.1.D	1635	1529.5	1.01002	0.0261916
Gorai.008G081700.1.A	381	275.583	0	0
Gorai.008G081700.1.D	381	275.583	0	0
Gorai.008G081800.1.A	285	179.772	0	0
Gorai.008G081800.1.D	285	179.772	0	0
Gorai.008G081900.1.A	624	518.505	0	0
Gorai.008G081900.1.D	624	518.505	0	0
Gorai.008G082000.1.A	1892	1786.5	12.8821	0.286
Gorai.008G082000.1.D	1892	1786.5	69.543	1.54395
Gorai.008G082100.1.A	312	206.649	0.5	0.0959667
Gorai.008G082100.1.D	312	206.649	0.5	0.0959667
Gorai.008G082200.1.A	114	28.4159	0	0
Gorai.008G082200.1.D	114	28.4159	0	0
Gorai.008G082300.1.A	96	22.278	0	0
Gorai.008G082300.1.D	96	22.278	0	0
Gorai.008G082400.1.A	2022	1916.5	0	0
Gorai.008G082400.1.D	2022	1916.5	0	0
Gorai.008G082500.1.A	1906	1800.5	0	0
Gorai.008G082500.1.D	1906	1800.5	0	0
Gorai.008G082600.1.A	2103	1997.5	48.9919	0.972795
Gorai.008G082600.1.D	2103	1997.5	82.0081	1.62837
Gorai.008G082700.1.A	3566	3460.5	318.391	3.64928
Gorai.008G082700.1.D	3566	3460.5	819.609	9.39403
Gorai.008G082800.1.A	2148	2042.5	1	0.0194188
Gorai.008G082800.1.D	2148	2042.5	0	0
Gorai.008G082900.1.A	1523	1417.5	1327.19	37.1358
Gorai.008G082900.1.D	1523	1417.5	1499.81	41.966
Gorai.008G083000.1.A	1831	1725.5	793.09	18.2302
Gorai.008G083000.1.D	1831	1725.5	116.91	2.68732
Gorai.008G083100.1.A	1227	1121.5	2.55858	0.0904862
Gorai.008G083100.1.D	1227	1121.5	254.435	8.99832
Gorai.008G083200.1.A	1085	979.505	57.6386	2.33395
Gorai.008G083200.1.D	1085	979.505	46.3614	1.87731
Gorai.008G083300.1.A	2353	2247.5	339.399	5.98955
Gorai.008G083300.1.D	2353	2247.5	320.601	5.65783
Gorai.008G083400.1.A	2308	2202.5	121.765	2.19275
Gorai.008G083400.1.D	2308	2202.5	223.235	4.02005
Gorai.008G083500.1.A	1365	1259.5	10	0.314909
Gorai.008G083500.1.D	1365	1259.5	0	0
Gorai.008G083600.1.A	2633	2527.5	125.775	1.97373
Gorai.008G083600.1.D	2633	2527.5	84.2246	1.3217
Gorai.008G083700.1.A	851	745.505	32.5096	1.7296
Gorai.008G083700.1.D	851	745.505	143.49	7.63409
Gorai.008G083800.1.A	1695	1589.5	4.28571	0.106942
Gorai.008G083800.1.D	1695	1589.5	10.7143	0.267354
Gorai.008G083900.1.A	2670	2564.5	381.857	5.90585
Gorai.008G083900.1.D	2670	2564.5	266.143	4.1162
Gorai.008G084000.1.A	1327	1221.5	635.395	20.6316
Gorai.008G084000.1.D	1327	1221.5	1357.65	44.0835
Gorai.008G084100.1.A	2040	1934.5	5788.63	118.684
Gorai.008G084100.1.D	2040	1934.5	6096.37	124.993
Gorai.008G084200.1.A	1898	1792.5	0	0
Gorai.008G084200.1.D	1898	1792.5	275	6.08495
Gorai.008G084300.1.A	570	464.551	0	0
Gorai.008G084300.1.D	570	464.551	0	0
Gorai.008G084400.1.A	689	583.505	0	0
Gorai.008G084400.1.D	689	583.505	0	0
Gorai.008G084500.1.A	1416	1310.5	176.571	5.344
Gorai.008G084500.1.D	1416	1310.5	235.429	7.12534
Gorai.008G084600.1.A	569	463.551	0	0
Gorai.008G084600.1.D	569	463.551	0	0
Gorai.008G084700.1.A	1842	1736.5	57.3216	1.30926
Gorai.008G084700.1.D	1842	1736.5	319.678	7.30167
Gorai.008G084800.1.A	633	527.505	0	0
Gorai.008G084800.1.D	633	527.505	1.62658	0.122302
Gorai.008G084900.1.A	1037	931.505	7.5	0.319346
Gorai.008G084900.1.D	1037	931.505	7.5	0.319346
Gorai.008G085000.1.A	1174	1068.5	51	1.89312
Gorai.008G085000.1.D	1174	1068.5	38	1.41056
Gorai.008G085100.1.A	609	503.551	0	0
Gorai.008G085100.1.D	609	503.551	0	0
Gorai.008G085200.1.A	992	886.505	0	0
Gorai.008G085200.1.D	992	886.505	0	0
Gorai.008G085300.1.A	848	742.505	5	0.267089
Gorai.008G085300.1.D	848	742.505	0	0
Gorai.008G085400.1.A	624	518.505	5.48045	0.419227
Gorai.008G085400.1.D	624	518.505	5.48045	0.419227
Gorai.008G085500.1.A	1059	953.505	0	0
Gorai.008G085500.1.D	1059	953.505	0	0
Gorai.008G085600.1.A	908	802.505	71	3.5091
Gorai.008G085600.1.D	908	802.505	86	4.25046
Gorai.008G085700.1.A	1167	1061.5	5.19231	0.19401
Gorai.008G085700.1.D	1167	1061.5	21.8077	0.814841
Gorai.008G085800.1.A	754	648.505	0	0
Gorai.008G085800.1.D	754	648.505	0	0
Gorai.008G085900.1.A	1577	1471.5	0	0
Gorai.008G085900.1.D	1577	1471.5	58.7929	1.5847
Gorai.008G086000.1.A	3004	2898.5	0	0
Gorai.008G086000.1.D	3004	2898.5	4	0.0547357
Gorai.008G086100.1.A	1771	1665.5	0	0
Gorai.008G086100.1.D	1771	1665.5	1	0.0238144
Gorai.008G086200.1.A	2747	2641.5	98.5185	1.47928
Gorai.008G086200.1.D	2747	2641.5	6.48148	0.0973213
Gorai.008G086300.1.A	2157	2051.5	46.3478	0.89607
Gorai.008G086300.1.D	2157	2051.5	31.6522	0.61195
Gorai.008G086400.1.A	1513	1407.5	0	0
Gorai.008G086400.1.D	1513	1407.5	1	0.0281796
Gorai.008G086500.1.A	1992	1886.5	15.4979	0.325837
Gorai.008G086500.1.D	1992	1886.5	0	0
Gorai.008G086600.1.A	669	563.505	0	0
Gorai.008G086600.1.D	669	563.505	0	0
Gorai.008G086700.1.A	1553	1447.5	132.837	3.63985
Gorai.008G086700.1.D	1553	1447.5	69.163	1.89513
Gorai.008G086800.1.A	1292	1186.5	3.5	0.116999
Gorai.008G086800.1.D	1292	1186.5	3.5	0.116999
Gorai.008G086900.1.A	489	383.551	8.24867	0.852992
Gorai.008G086900.1.D	489	383.551	8.24867	0.852992
Gorai.008G087000.1.A	641	535.505	0	0
Gorai.008G087000.1.D	641	535.505	0	0
Gorai.008G087100.1.A	801	695.505	27	1.53974
Gorai.008G087100.1.D	801	695.505	57	3.25057
Gorai.008G087200.1.A	1503	1397.5	304.626	8.64566
Gorai.008G087200.1.D	1503	1397.5	509.374	14.4567
Gorai.008G087300.1.A	3128	3022.5	1180.14	15.4864
Gorai.008G087300.1.D	3128	3022.5	479.86	6.29699
Gorai.008G087400.1.A	1176	1070.5	26	0.963318
Gorai.008G087400.1.D	1176	1070.5	0	0
Gorai.008G087500.1.A	3478	3372.5	25.3333	0.297937
Gorai.008G087500.1.D	3478	3372.5	50.6667	0.595874
Gorai.008G087600.1.A	1669	1563.5	11	0.279048
Gorai.008G087600.1.D	1669	1563.5	0	0
Gorai.008G087700.1.A	497	391.551	34	3.4441
Gorai.008G087700.1.D	497	391.551	11	1.11427
Gorai.008G087800.1.A	1371	1265.5	138.006	4.32533
Gorai.008G087800.1.D	1371	1265.5	36.3811	1.14024
Gorai.008G087900.1.A	2396	2290.5	7	0.121214
Gorai.008G087900.1.D	2396	2290.5	1	0.0173162
Gorai.008G088000.1.A	1506	1400.5	7.09758	0.201007
Gorai.008G088000.1.D	1506	1400.5	7.09758	0.201007
Gorai.008G088100.1.A	1668	1562.5	415.828	10.5555
Gorai.008G088100.1.D	1668	1562.5	318.172	8.07654
Gorai.008G088200.1.A	907	801.505	12.432	0.615203
Gorai.008G088200.1.D	907	801.505	12.432	0.615203
Gorai.008G088300.1.A	757	651.505	19	1.1567
Gorai.008G088300.1.D	757	651.505	43	2.6178
Gorai.008G088400.1.A	819	713.505	63.3593	3.52207
Gorai.008G088400.1.D	819	713.505	63.3593	3.52207
Gorai.008G088500.1.A	3790	3684.5	563.242	6.06319
Gorai.008G088500.1.D	3790	3684.5	1144.76	12.3231
Gorai.008G088600.1.A	1681	1575.5	364.754	9.1826
Gorai.008G088600.1.D	1681	1575.5	224.246	5.64533
Gorai.008G088700.1.A	1374	1268.5	182.328	5.70094
Gorai.008G088700.1.D	1374	1268.5	98.6718	3.08522
Gorai.008G088800.1.A	647	541.505	0	0
Gorai.008G088800.1.D	647	541.505	5	0.366229
Gorai.008G088900.1.A	2058	1952.5	3	0.0609416
Gorai.008G088900.1.D	2058	1952.5	0	0
Gorai.008G089000.1.A	362	256.583	0	0
Gorai.008G089000.1.D	362	256.583	0	0
Gorai.008G089100.1.A	1636	1530.5	8.44444	0.218837
Gorai.008G089100.1.D	1636	1530.5	10.5556	0.273547
Gorai.008G089200.1.A	495	389.551	8.5	0.865444
Gorai.008G089200.1.D	495	389.551	8.5	0.865444
Gorai.008G089300.1.A	2509	2403.5	373.14	6.1576
Gorai.008G089300.1.D	2509	2403.5	3167.86	52.2764
Gorai.008G089400.1.A	1072	966.505	0	0
Gorai.008G089400.1.D	1072	966.505	0	0
Gorai.008G089500.1.A	1369	1263.5	16.5	0.517955
Gorai.008G089500.1.D	1369	1263.5	16.5	0.517955
Gorai.008G089600.1.A	872	766.505	0	0
Gorai.008G089600.1.D	872	766.505	0	0
Gorai.008G089700.1.A	327	221.63	0	0
Gorai.008G089700.1.D	327	221.63	0	0
Gorai.008G089800.1.A	480	374.551	0	0
Gorai.008G089800.1.D	480	374.551	0	0
Gorai.008G089900.1.A	4284	4178.5	261.074	2.47815
Gorai.008G089900.1.D	4284	4178.5	349.926	3.32155
Gorai.008G090000.1.A	1053	947.505	7.38889	0.309302
Gorai.008G090000.1.D	1053	947.505	49.6111	2.07674
Gorai.008G090100.1.A	1022	916.505	6.20537	0.268545
Gorai.008G090100.1.D	1022	916.505	86.8751	3.75963
Gorai.008G090200.1.A	1347	1241.5	89.9675	2.87424
Gorai.008G090200.1.D	1347	1241.5	73.0325	2.3332
Gorai.008G090300.1.A	1377	1271.5	60.8643	1.89858
Gorai.008G090300.1.D	1377	1271.5	1299.38	40.5326
Gorai.008G090400.1.A	1625	1519.5	63.6813	1.66224
Gorai.008G090400.1.D	1625	1519.5	31.3187	0.817497
Gorai.008G090500.1.A	1226	1120.5	172.566	6.10839
Gorai.008G090500.1.D	1226	1120.5	96.434	3.41351
Gorai.008G090600.1.A	2747	2641.5	75.2847	1.13042
Gorai.008G090600.1.D	2747	2641.5	73.1935	1.09902
Gorai.008G090700.1.A	1235	1129.5	168.691	5.92363
Gorai.008G090700.1.D	1235	1129.5	103.987	3.65154
Gorai.008G090800.1.A	1977	1871.5	24	0.508634
Gorai.008G090800.1.D	1977	1871.5	24	0.508634
Gorai.008G090900.1.A	315	209.649	0	0
Gorai.008G090900.1.D	315	209.649	0	0
Gorai.008G091000.1.A	708	602.505	19.8333	1.30563
Gorai.008G091000.1.D	708	602.505	8.16667	0.537612
Gorai.008G091100.1.A	1943	1837.5	48.5393	1.04773
Gorai.008G091100.1.D	1943	1837.5	41.4607	0.894938
Gorai.008G091200.1.A	1647	1541.5	10	0.2573
Gorai.008G091200.1.D	1647	1541.5	12	0.30876
Gorai.008G091300.1.A	705	599.505	0	0
Gorai.008G091300.1.D	705	599.505	0	0
Gorai.008G091400.1.A	1380	1274.5	2	0.0622406
Gorai.008G091400.1.D	1380	1274.5	0	0
Gorai.008G091500.1.A	957	851.505	2	0.0931597
Gorai.008G091500.1.D	957	851.505	0	0
Gorai.008G091600.1.A	1163	1057.5	50	1.87531
Gorai.008G091600.1.D	1163	1057.5	50	1.87531
Gorai.008G091700.1.A	1180	1074.5	247.5	9.13591
Gorai.008G091700.1.D	1180	1074.5	247.5	9.13591
Gorai.008G091800.1.A	666	560.505	0	0
Gorai.008G091800.1.D	666	560.505	0	0
Gorai.008G091900.1.A	1219	1113.5	70.2921	2.5038
Gorai.008G091900.1.D	1219	1113.5	21.7079	0.773232
Gorai.008G092000.1.A	1778	1672.5	3.2	0.075887
Gorai.008G092000.1.D	1778	1672.5	4.8	0.113831
Gorai.008G092100.1.A	1778	1672.5	181.72	4.30943
Gorai.008G092100.1.D	1778	1672.5	248.28	5.88789
Gorai.008G092200.1.A	969	863.505	10.5032	0.482437
Gorai.008G092200.1.D	969	863.505	44.2489	2.03246
Gorai.008G092300.1.A	1354	1248.5	89	2.82738
Gorai.008G092300.1.D	1354	1248.5	0	0
Gorai.008G092400.1.A	248	143.019	0	0
Gorai.008G092400.1.D	248	143.019	0	0
Gorai.008G092500.1.A	819	713.505	25	1.38972
Gorai.008G092500.1.D	819	713.505	0	0
Gorai.008G092600.1.A	1488	1382.5	343.765	9.86234
Gorai.008G092600.1.D	1488	1382.5	5.235	0.150188
Gorai.008G092700.1.A	2706	2600.5	83.3734	1.27161
Gorai.008G092700.1.D	2706	2600.5	482.627	7.36103
Gorai.008G092800.1.A	1851	1745.5	18	0.409012
Gorai.008G092800.1.D	1851	1745.5	0	0
Gorai.008G092900.1.A	1819	1713.5	9	0.208325
Gorai.008G092900.1.D	1819	1713.5	5	0.115736
Gorai.008G093000.1.A	2295	2189.5	91.0909	1.65011
Gorai.008G093000.1.D	2295	2189.5	75.9091	1.3751
Gorai.008G093100.1.A	800	694.505	79.6582	4.54925
Gorai.008G093100.1.D	800	694.505	8.80158	0.502655
Gorai.008G093200.1.A	207	103.083	8	3.07814
Gorai.008G093200.1.D	207	103.083	8	3.07814
Gorai.008G093300.1.A	2760	2654.5	55.4508	0.828532
Gorai.008G093300.1.D	2760	2654.5	67.5492	1.0093
Gorai.008G093400.1.A	669	563.505	7.34015	0.516645
Gorai.008G093400.1.D	669	563.505	7.34015	0.516645
Gorai.008G093500.1.A	2815	2709.5	155.678	2.27889
Gorai.008G093500.1.D	2815	2709.5	121.322	1.77596
Gorai.008G093600.1.A	2662	2556.5	1.12	0.0173763
Gorai.008G093600.1.D	2662	2556.5	54.88	0.851437
Gorai.008G093700.1.A	992	886.505	4.08785	0.182894
Gorai.008G093700.1.D	992	886.505	4.08785	0.182894
Gorai.008G093800.1.A	3548	3442.5	18.4242	0.212276
Gorai.008G093800.1.D	3548	3442.5	19.5758	0.225543
Gorai.008G093900.1.A	102	23.5077	0	0
Gorai.008G093900.1.D	102	23.5077	0	0
Gorai.008G094000.1.A	1603	1497.5	14.6429	0.387831
Gorai.008G094000.1.D	1603	1497.5	26.3571	0.698096
Gorai.008G094100.1.A	4717	4611.5	642.546	5.52646
Gorai.008G094100.1.D	4717	4611.5	749.454	6.44595
Gorai.008G094200.1.A	306	200.687	3.50082	0.691886
Gorai.008G094200.1.D	306	200.687	3.50082	0.691886
Gorai.008G094300.1.A	3115	3009.5	7231.46	95.3051
Gorai.008G094300.1.D	3115	3009.5	8071.51	106.376
Gorai.008G094400.1.A	1663	1557.5	767.54	19.5459
Gorai.008G094400.1.D	1663	1557.5	666.46	16.9719
Gorai.008G094500.1.A	1994	1888.5	1674.95	35.1778
Gorai.008G094500.1.D	1994	1888.5	3915.05	82.225
Gorai.008G094600.1.A	2823	2717.5	30.7317	0.44854
Gorai.008G094600.1.D	2823	2717.5	53.2683	0.77747
Gorai.008G094700.1.A	767	661.505	12.545	0.752179
Gorai.008G094700.1.D	767	661.505	12.545	0.752179
Gorai.008G094800.1.A	449	343.583	0	0
Gorai.008G094800.1.D	449	343.583	0	0
Gorai.008G094900.1.A	1187	1081.5	1.03158	0.037832
Gorai.008G094900.1.D	1187	1081.5	96.9684	3.55621
Gorai.008G095000.1.A	1661	1555.5	7.56054	0.192782
Gorai.008G095000.1.D	1661	1555.5	7.56054	0.192782
Gorai.008G095100.1.A	2597	2491.5	392.092	6.24182
Gorai.008G095100.1.D	2597	2491.5	379.908	6.04786
Gorai.008G095200.1.A	499	393.551	2.42956	0.244856
Gorai.008G095200.1.D	499	393.551	2.42956	0.244856
Gorai.008G095300.1.A	3003	2897.5	0	0
Gorai.008G095300.1.D	3003	2897.5	48	0.657055
Gorai.008G095400.1.A	1252	1146.5	52.381	1.8121
Gorai.008G095400.1.D	1252	1146.5	35.619	1.23223
Gorai.008G095500.1.A	1796	1690.5	57.9744	1.36021
Gorai.008G095500.1.D	1796	1690.5	61.0256	1.4318
Gorai.008G095600.1.A	348	242.63	0.5	0.0817354
Gorai.008G095600.1.D	348	242.63	0.5	0.0817354
Gorai.008G095700.1.A	1926	1820.5	2	0.0435736
Gorai.008G095700.1.D	1926	1820.5	1	0.0217868
Gorai.008G095800.1.A	813	707.505	0	0
Gorai.008G095800.1.D	813	707.505	0	0
Gorai.008G095900.1.A	1967	1861.5	1743.8	37.1551
Gorai.008G095900.1.D	1967	1861.5	4153.46	88.4974
Gorai.008G096000.1.A	1296	1190.5	459.629	15.313
Gorai.008G096000.1.D	1296	1190.5	282.355	9.40695
Gorai.008G096100.1.A	5035	4929.5	552.496	4.4454
Gorai.008G096100.1.D	5035	4929.5	764.858	6.15407
Gorai.008G096200.1.A	2082	1976.5	567.951	11.3972
Gorai.008G096200.1.D	2082	1976.5	472.049	9.47271
Gorai.008G096300.1.A	2384	2278.5	558.337	9.71921
Gorai.008G096300.1.D	2384	2278.5	551.663	9.60305
Gorai.008G096400.1.A	1979	1873.5	4.69954	0.0994914
Gorai.008G096400.1.D	1979	1873.5	4.69954	0.0994914
Gorai.008G096500.1.A	1800	1694.5	104.961	2.4568
Gorai.008G096500.1.D	1800	1694.5	385.593	9.0255
Gorai.008G096600.1.A	1771	1665.5	45.6163	1.08632
Gorai.008G096600.1.D	1771	1665.5	41.6153	0.991043
Gorai.008G096700.1.A	1580	1474.5	3.47543	0.0934862
Gorai.008G096700.1.D	1580	1474.5	2.29295	0.0616784
Gorai.008G096800.1.A	2187	2081.5	95.8655	1.82671
Gorai.008G096800.1.D	2187	2081.5	28.1345	0.5361
Gorai.008G096900.1.A	1468	1362.5	22.726	0.661562
Gorai.008G096900.1.D	1468	1362.5	56.274	1.63815
Gorai.008G097000.1.A	2759	2653.5	220.903	3.30193
Gorai.008G097000.1.D	2759	2653.5	60.9611	0.911209
Gorai.008G097100.1.A	1987	1881.5	2893.58	60.998
Gorai.008G097100.1.D	1987	1881.5	2244.42	47.3133
Gorai.008G097200.1.A	3614	3508.5	159.926	1.80793
Gorai.008G097200.1.D	3614	3508.5	94.0741	1.06349
Gorai.008G097300.1.A	1488	1382.5	0	0
Gorai.008G097300.1.D	1488	1382.5	28.6623	0.822299
Gorai.008G097400.1.A	334	228.63	0.5	0.0867404
Gorai.008G097400.1.D	334	228.63	0.5	0.0867404
Gorai.008G097500.1.A	3858	3752.5	232.621	2.45874
Gorai.008G097500.1.D	3858	3752.5	377.878	3.99407
Gorai.008G097600.1.A	2122	2016.5	95.7702	1.88372
Gorai.008G097600.1.D	2122	2016.5	165.23	3.24993
Gorai.008G097700.1.A	990	884.505	14.5	0.650209
Gorai.008G097700.1.D	990	884.505	14.5	0.650209
Gorai.008G097800.1.A	1114	1008.5	0	0
Gorai.008G097800.1.D	1114	1008.5	0	0
Gorai.008G097900.1.A	1250	1144.5	129.339	4.48227
Gorai.008G097900.1.D	1250	1144.5	136.661	4.73599
Gorai.008G098000.1.A	2034	1928.5	1	0.0205667
Gorai.008G098000.1.D	2034	1928.5	0	0
Gorai.008G098100.1.A	1642	1536.5	57.2603	1.4781
Gorai.008G098100.1.D	1642	1536.5	18.7397	0.483743
Gorai.008G098200.1.A	1596	1490.5	806.117	21.4511
Gorai.008G098200.1.D	1596	1490.5	1633.88	43.4783
Gorai.008G098300.1.A	1445	1339.5	4.95376	0.146681
Gorai.008G098300.1.D	1445	1339.5	4.95376	0.146681
Gorai.008G098400.1.A	2005	1899.5	72.8041	1.5202
Gorai.008G098400.1.D	2005	1899.5	355.196	7.41673
Gorai.008G098500.1.A	726	620.505	5.88235	0.376003
Gorai.008G098500.1.D	726	620.505	14.1176	0.902406
Gorai.008G098600.1.A	475	369.551	5	0.536636
Gorai.008G098600.1.D	475	369.551	5	0.536636
Gorai.008G098700.1.A	1942	1836.5	5.45455	0.117802
Gorai.008G098700.1.D	1942	1836.5	6.54545	0.141362
Gorai.008G098800.1.A	1145	1039.5	1	0.0381556
Gorai.008G098800.1.D	1145	1039.5	0	0
Gorai.008G098900.1.A	630	524.505	0	0
Gorai.008G098900.1.D	630	524.505	5	0.378099
Gorai.008G099000.1.A	1965	1859.5	39.8846	0.850733
Gorai.008G099000.1.D	1965	1859.5	21.1154	0.450388
Gorai.008G099100.1.A	677	571.505	167.054	11.5937
Gorai.008G099100.1.D	677	571.505	0	0
Gorai.008G099200.1.A	2623	2517.5	20.3922	0.321276
Gorai.008G099200.1.D	2623	2517.5	31.6078	0.497977
Gorai.008G099300.1.A	1518	1412.5	6.66667	0.187199
Gorai.008G099300.1.D	1518	1412.5	43.3333	1.21679
Gorai.008G099400.1.A	1194	1088.5	77.3632	2.81896
Gorai.008G099400.1.D	1194	1088.5	135.637	4.94233
Gorai.008G099500.1.A	2109	2003.5	133.439	2.64167
Gorai.008G099500.1.D	2109	2003.5	134.561	2.66387
Gorai.008G099600.1.A	2631	2525.5	1849.04	29.039
Gorai.008G099600.1.D	2631	2525.5	1535.96	24.1223
Gorai.008G099700.1.A	2804	2698.5	17.1739	0.252424
Gorai.008G099700.1.D	2804	2698.5	61.8261	0.908727
Gorai.008G099800.1.A	1463	1357.5	1	0.0292175
Gorai.008G099800.1.D	1463	1357.5	18	0.525916
Gorai.008G099900.1.A	836	730.505	310.839	16.8771
Gorai.008G099900.1.D	836	730.505	111.161	6.03551
Gorai.008G100000.1.A	973	867.505	8	0.365766
Gorai.008G100000.1.D	973	867.505	27	1.23446
Gorai.008G100100.1.A	831	725.505	0	0
Gorai.008G100100.1.D	831	725.505	0	0
Gorai.008G100200.1.A	2740	2634.5	8.72727	0.131391
Gorai.008G100200.1.D	2740	2634.5	3.27273	0.0492715
Gorai.008G100300.1.A	1644	1538.5	122.034	3.14606
Gorai.008G100300.1.D	1644	1538.5	119.966	3.09274
Gorai.008G100400.1.A	1395	1289.5	1456.27	44.7925
Gorai.008G100400.1.D	1395	1289.5	1082.73	33.3028
Gorai.008G100500.1.A	1433	1327.5	2	0.0597556
Gorai.008G100500.1.D	1433	1327.5	0	0
Gorai.008G100600.1.A	1057	951.505	2.5081	0.104549
Gorai.008G100600.1.D	1057	951.505	2.5081	0.104549
Gorai.008G100700.1.A	1417	1311.5	40	1.20969
Gorai.008G100700.1.D	1417	1311.5	30	0.90727
Gorai.008G100800.1.A	10408	10302.5	944.09	3.63459
Gorai.008G100800.1.D	10408	10302.5	611.91	2.35575
Gorai.008G100900.1.A	1850	1744.5	2.1	0.0477455
Gorai.008G100900.1.D	1850	1744.5	18.9	0.429709
Gorai.008G101000.1.A	799	693.505	2	0.114384
Gorai.008G101000.1.D	799	693.505	0	0
Gorai.008G101100.1.A	1106	1000.5	0	0
Gorai.008G101100.1.D	1106	1000.5	140.81	5.58212
Gorai.008G101200.1.A	2160	2054.5	94.2056	1.81867
Gorai.008G101200.1.D	2160	2054.5	25.7944	0.49797
Gorai.008G101300.1.A	1653	1547.5	47.3609	1.21387
Gorai.008G101300.1.D	1653	1547.5	0	0
Gorai.008G101400.1.A	1521	1415.5	0	0
Gorai.008G101400.1.D	1521	1415.5	0	0
Gorai.008G101500.1.A	3582	3476.5	501.014	5.71599
Gorai.008G101500.1.D	3582	3476.5	482.162	5.50091
Gorai.008G101600.1.A	1211	1105.5	80.7611	2.89752
Gorai.008G101600.1.D	1211	1105.5	36.2389	1.30017
Gorai.008G101700.1.A	891	785.505	12.8571	0.649203
Gorai.008G101700.1.D	891	785.505	2.14286	0.108201
Gorai.008G101800.1.A	1017	911.505	0	0
Gorai.008G101800.1.D	1017	911.505	0	0
Gorai.008G101900.1.A	919	813.505	46.4999	2.26713
Gorai.008G101900.1.D	919	813.505	55.7998	2.72056
Gorai.008G102000.1.A	2286	2180.5	90.7047	1.6499
Gorai.008G102000.1.D	2286	2180.5	68.2953	1.24228
Gorai.008G102100.1.A	336	230.63	0	0
Gorai.008G102100.1.D	336	230.63	1	0.171976
Gorai.008G102200.1.A	2691	2585.5	5	0.0767025
Gorai.008G102200.1.D	2691	2585.5	8	0.122724
Gorai.008G102300.1.A	2291	2185.5	6.875	0.124769
Gorai.008G102300.1.D	2291	2185.5	15.125	0.274491
Gorai.008G102400.1.A	1119	1013.5	11.5567	0.452265
Gorai.008G102400.1.D	1119	1013.5	1.56661	0.0613083
Gorai.008G102500.1.A	984	878.505	19	0.857817
Gorai.008G102500.1.D	984	878.505	0	0
Gorai.008G102600.1.A	767	661.505	4	0.239835
Gorai.008G102600.1.D	767	661.505	10	0.599587
Gorai.008G102700.1.A	1188	1082.5	354.873	13.0026
Gorai.008G102700.1.D	1188	1082.5	1.12658	0.0412779
Gorai.008G102800.1.A	627	521.505	12	0.912658
Gorai.008G102800.1.D	627	521.505	1	0.0760548
Gorai.008G102900.1.A	1224	1118.5	0	0
Gorai.008G102900.1.D	1224	1118.5	0	0
Gorai.008G103000.1.A	423	317.583	0.546888	0.0683009
Gorai.008G103000.1.D	423	317.583	0.546888	0.0683009
Gorai.008G103100.1.A	809	703.505	0	0
Gorai.008G103100.1.D	809	703.505	0	0
Gorai.008G103200.1.A	2869	2763.5	232.654	3.33914
Gorai.008G103200.1.D	2869	2763.5	63.3463	0.909172
Gorai.008G103300.1.A	7033	6927.5	252.739	1.44704
Gorai.008G103300.1.D	7033	6927.5	189.261	1.0836
Gorai.008G103400.1.A	2216	2110.5	248.041	4.66146
Gorai.008G103400.1.D	2216	2110.5	164.959	3.1001
Gorai.008G103500.1.A	1350	1244.5	0	0
Gorai.008G103500.1.D	1350	1244.5	0	0
Gorai.008G103600.1.A	2038	1932.5	1	0.0205241
Gorai.008G103600.1.D	2038	1932.5	1	0.0205241
Gorai.008G103700.1.A	1802	1696.5	198.837	4.64864
Gorai.008G103700.1.D	1802	1696.5	140.163	3.27691
Gorai.008G103800.1.A	578	472.551	0	0
Gorai.008G103800.1.D	578	472.551	0	0
Gorai.008G103900.1.A	1119	1013.5	0	0
Gorai.008G103900.1.D	1119	1013.5	0	0
Gorai.008G104000.1.A	744	638.505	0	0
Gorai.008G104000.1.D	744	638.505	0	0
Gorai.008G104100.1.A	1743	1637.5	0	0
Gorai.008G104100.1.D	1743	1637.5	0	0
Gorai.008G104200.1.A	468	362.551	0	0
Gorai.008G104200.1.D	468	362.551	0	0
Gorai.008G104300.1.A	855	749.505	6	0.317513
Gorai.008G104300.1.D	855	749.505	1	0.0529189
Gorai.008G104400.1.A	840	734.505	27	1.45799
Gorai.008G104400.1.D	840	734.505	27	1.45799
Gorai.008G104500.1.A	1267	1161.5	2	0.0682958
Gorai.008G104500.1.D	1267	1161.5	0	0
Gorai.008G104600.1.A	1678	1572.5	10	0.252228
Gorai.008G104600.1.D	1678	1572.5	10	0.252228
Gorai.008G104700.1.A	1500	1394.5	13	0.36975
Gorai.008G104700.1.D	1500	1394.5	14	0.398192
Gorai.008G104800.1.A	1993	1887.5	313.724	6.59242
Gorai.008G104800.1.D	1993	1887.5	127.276	2.6745
Gorai.008G104900.1.A	960	854.505	0	0
Gorai.008G104900.1.D	960	854.505	0	0
Gorai.008G105000.1.A	2455	2349.5	0	0
Gorai.008G105000.1.D	2455	2349.5	0	0
Gorai.008G105100.1.A	3860	3754.5	288.188	3.04444
Gorai.008G105100.1.D	3860	3754.5	425.812	4.49832
Gorai.008G105200.1.A	765	659.505	8	0.481124
Gorai.008G105200.1.D	765	659.505	1	0.0601405
Gorai.008G105300.1.A	1253	1147.5	2135.94	73.8277
Gorai.008G105300.1.D	1253	1147.5	3446.06	119.111
Gorai.008G105400.1.A	574	468.551	0	0
Gorai.008G105400.1.D	574	468.551	0	0
Gorai.008G105500.1.A	1327	1221.5	280.97	9.12326
Gorai.008G105500.1.D	1327	1221.5	432.03	14.0282
Gorai.008G105600.1.A	1143	1037.5	1	0.0382292
Gorai.008G105600.1.D	1143	1037.5	9	0.344063
Gorai.008G105700.1.A	369	263.583	0	0
Gorai.008G105700.1.D	369	263.583	0	0
Gorai.008G105800.1.A	1382	1276.5	0	0
Gorai.008G105800.1.D	1382	1276.5	7	0.217501
Gorai.008G105900.1.A	695	589.505	0	0
Gorai.008G105900.1.D	695	589.505	0	0
Gorai.008G106000.1.A	2888	2782.5	327.12	4.6629
Gorai.008G106000.1.D	2888	2782.5	152.122	2.16841
Gorai.008G106100.1.A	2386	2280.5	1760.22	30.614
Gorai.008G106100.1.D	2386	2280.5	1083.54	18.8451
Gorai.008G106200.1.A	552	446.551	20.3704	1.80931
Gorai.008G106200.1.D	552	446.551	34.6296	3.07582
Gorai.008G106300.1.A	378	272.583	0	0
Gorai.008G106300.1.D	378	272.583	0	0
Gorai.008G106400.1.A	883	777.505	8.64935	0.44123
Gorai.008G106400.1.D	883	777.505	102.351	5.22123
Gorai.008G106500.1.A	960	854.505	31	1.43891
Gorai.008G106500.1.D	960	854.505	0	0
Gorai.008G106600.1.A	1413	1307.5	6.42857	0.19501
Gorai.008G106600.1.D	1413	1307.5	8.57143	0.260013
Gorai.008G106700.1.A	579	473.551	0	0
Gorai.008G106700.1.D	579	473.551	0	0
Gorai.008G106800.1.A	1244	1138.5	0	0
Gorai.008G106800.1.D	1244	1138.5	0	0
Gorai.008G106900.1.A	1781	1675.5	2	0.0473445
Gorai.008G106900.1.D	1781	1675.5	0	0
Gorai.008G107000.1.A	1743	1637.5	40.0822	0.970854
Gorai.008G107000.1.D	1743	1637.5	36.9178	0.894207
Gorai.008G107100.1.A	7647	7541.5	555.839	2.92332
Gorai.008G107100.1.D	7647	7541.5	507.161	2.6673
Gorai.008G107200.1.A	764	658.505	21	1.26487
Gorai.008G107200.1.D	764	658.505	6	0.361391
Gorai.008G107300.1.A	1256	1150.5	108.845	3.75235
Gorai.008G107300.1.D	1256	1150.5	2.15534	0.074304
Gorai.008G107400.1.A	1570	1464.5	2	0.0541657
Gorai.008G107400.1.D	1570	1464.5	12	0.324994
Gorai.008G107500.1.A	1161	1055.5	0	0
Gorai.008G107500.1.D	1161	1055.5	0	0
Gorai.008G107600.1.A	1882	1776.5	0	0
Gorai.008G107600.1.D	1882	1776.5	0	0
Gorai.008G107700.1.A	735	629.505	34.4	2.16743
Gorai.008G107700.1.D	735	629.505	51.6	3.25114
Gorai.008G107800.1.A	800	694.505	10.2857	0.587414
Gorai.008G107800.1.D	800	694.505	49.7143	2.83917
Gorai.008G107900.1.A	1778	1672.5	1.16667	0.0276671
Gorai.008G107900.1.D	1778	1672.5	12.8333	0.304339
Gorai.008G108000.1.A	1311	1205.5	437.18	14.3839
Gorai.008G108000.1.D	1311	1205.5	545.82	17.9583
Gorai.008G108100.1.A	561	455.551	0	0
Gorai.008G108100.1.D	561	455.551	0	0
Gorai.008G108200.1.A	2622	2516.5	0	0
Gorai.008G108200.1.D	2622	2516.5	0	0
Gorai.008G108300.1.A	1348	1242.5	643.549	20.5432
Gorai.008G108300.1.D	1348	1242.5	542.451	17.316
Gorai.008G108400.1.A	839	733.505	0	0
Gorai.008G108400.1.D	839	733.505	0	0
Gorai.008G108500.1.A	909	803.505	0	0
Gorai.008G108500.1.D	909	803.505	0	0
Gorai.008G108600.1.A	651	545.505	0	0
Gorai.008G108600.1.D	651	545.505	0	0
Gorai.008G108700.1.A	1470	1364.5	423.465	12.3091
Gorai.008G108700.1.D	1470	1364.5	488.535	14.2005
Gorai.008G108800.1.A	2271	2165.5	0	0
Gorai.008G108800.1.D	2271	2165.5	45	0.824211
Gorai.008G108900.1.A	1290	1184.5	0	0
Gorai.008G108900.1.D	1290	1184.5	0	0
Gorai.008G109000.1.A	1278	1172.5	0	0
Gorai.008G109000.1.D	1278	1172.5	0	0
Gorai.008G109100.1.A	1559	1453.5	33.1294	0.904029
Gorai.008G109100.1.D	1559	1453.5	230.871	6.29995
Gorai.008G109200.1.A	1059	953.505	8	0.332776
Gorai.008G109200.1.D	1059	953.505	4	0.166388
Gorai.008G109300.1.A	531	425.551	5.03669	0.469438
Gorai.008G109300.1.D	531	425.551	0	0
Gorai.008G109400.1.A	936	830.505	8897.46	424.922
Gorai.008G109400.1.D	936	830.505	7847.54	374.78
Gorai.008G109500.1.A	1765	1659.5	105.804	2.52876
Gorai.008G109500.1.D	1765	1659.5	107.196	2.56204
Gorai.008G109600.1.A	1255	1149.5	0	0
Gorai.008G109600.1.D	1255	1149.5	1	0.0345044
Gorai.008G109700.1.A	1139	1033.5	28.4211	1.09072
Gorai.008G109700.1.D	1139	1033.5	11.5789	0.444367
Gorai.008G109800.1.A	848	742.505	0	0
Gorai.008G109800.1.D	848	742.505	3	0.160253
Gorai.008G109900.1.A	504	398.551	0	0
Gorai.008G109900.1.D	504	398.551	11	1.0947
Gorai.008G110000.1.A	727	621.505	6.5	0.414814
Gorai.008G110000.1.D	727	621.505	6.5	0.414814
Gorai.008G110100.1.A	1025	919.505	0	0
Gorai.008G110100.1.D	1025	919.505	0	0
Gorai.008G110200.1.A	802	696.505	2.44953	0.13949
Gorai.008G110200.1.D	802	696.505	3	0.170837
Gorai.008G110300.1.A	525	419.551	0	0
Gorai.008G110300.1.D	525	419.551	0	0
Gorai.008G110400.1.A	1050	944.505	0	0
Gorai.008G110400.1.D	1050	944.505	0	0
Gorai.008G110500.1.A	655	549.505	206.765	14.9242
Gorai.008G110500.1.D	655	549.505	388.235	28.0226
Gorai.008G110600.1.A	2322	2216.5	3.5757	0.0639848
Gorai.008G110600.1.D	2322	2216.5	70.8544	1.26789
Gorai.008G110700.1.A	1664	1558.5	98.843	2.51549
Gorai.008G110700.1.D	1664	1558.5	215.727	5.49011
Gorai.008G110800.1.A	2302	2196.5	248.731	4.49142
Gorai.008G110800.1.D	2302	2196.5	357.269	6.45131
Gorai.008G110900.1.A	843	737.505	0	0
Gorai.008G110900.1.D	843	737.505	0	0
Gorai.008G111000.1.A	6121	6015.5	723.052	4.76741
Gorai.008G111000.1.D	6121	6015.5	799.103	5.26885
Gorai.008G111100.1.A	3003	2897.5	54.5882	0.747239
Gorai.008G111100.1.D	3003	2897.5	61.4118	0.840644
Gorai.008G111200.1.A	6377	6271.5	1042.05	6.59026
Gorai.008G111200.1.D	6377	6271.5	1474.79	9.32705
Gorai.008G111300.1.A	1545	1439.5	0	0
Gorai.008G111300.1.D	1545	1439.5	7	0.192872
Gorai.008G111400.1.A	1904	1798.5	15.0974	0.332947
Gorai.008G111400.1.D	1904	1798.5	139.903	3.08531
Gorai.008G111500.1.A	1027	921.505	795.828	34.2536
Gorai.008G111500.1.D	1027	921.505	576.172	24.7993
Gorai.008G111600.1.A	1523	1417.5	11.4176	0.319475
Gorai.008G111600.1.D	1523	1417.5	22.9957	0.643438
Gorai.008G111700.1.A	1250	1144.5	3	0.103965
Gorai.008G111700.1.D	1250	1144.5	2	0.0693102
Gorai.008G111800.1.A	2628	2522.5	0	0
Gorai.008G111800.1.D	2628	2522.5	0	0
Gorai.008G111900.1.A	2424	2318.5	0	0
Gorai.008G111900.1.D	2424	2318.5	0	0
Gorai.008G112000.1.A	2800	2694.5	0	0
Gorai.008G112000.1.D	2800	2694.5	0	0
Gorai.008G112100.1.A	2470	2364.5	0	0
Gorai.008G112100.1.D	2470	2364.5	159	2.66712
Gorai.008G112200.1.A	4209	4103.5	65.5865	0.633935
Gorai.008G112200.1.D	4209	4103.5	644.413	6.22866
Gorai.008G112300.1.A	882	776.505	0	0
Gorai.008G112300.1.D	882	776.505	0	0
Gorai.008G112400.1.A	1241	1135.5	113.039	3.94842
Gorai.008G112400.1.D	1241	1135.5	53.6957	1.87558
Gorai.008G112500.1.A	1566	1460.5	0	0
Gorai.008G112500.1.D	1566	1460.5	0	0
Gorai.008G112600.1.A	4364	4258.5	8	0.0745105
Gorai.008G112600.1.D	4364	4258.5	8	0.0745105
Gorai.008G112700.1.A	710	604.505	237.209	15.5638
Gorai.008G112700.1.D	710	604.505	317.791	20.851
Gorai.008G112800.1.A	2701	2595.5	355.563	5.4335
Gorai.008G112800.1.D	2701	2595.5	192.437	2.94071
Gorai.008G112900.1.A	694	588.505	3	0.202188
Gorai.008G112900.1.D	694	588.505	3	0.202188
Gorai.008G113000.1.A	1063	957.505	196.403	8.13564
Gorai.008G113000.1.D	1063	957.505	253.597	10.5048
Gorai.008G113100.1.A	1009	903.505	33.1969	1.45731
Gorai.008G113100.1.D	1009	903.505	102.803	4.51295
Gorai.008G113200.1.A	1688	1582.5	0	0
Gorai.008G113200.1.D	1688	1582.5	0	0
Gorai.008G113300.1.A	1872	1766.5	190.072	4.26764
Gorai.008G113300.1.D	1872	1766.5	261.928	5.88102
Gorai.008G113400.1.A	1689	1583.5	1	0.0250476
Gorai.008G113400.1.D	1689	1583.5	3	0.0751427
Gorai.008G113500.1.A	2605	2499.5	755.861	11.9942
Gorai.008G113500.1.D	2605	2499.5	3015.14	47.8452
Gorai.008G113600.1.A	2115	2009.5	747.364	14.7512
Gorai.008G113600.1.D	2115	2009.5	1002.64	19.7897
Gorai.008G113700.1.A	666	560.505	0	0
Gorai.008G113700.1.D	666	560.505	0	0
Gorai.008G113800.1.A	1026	920.505	0	0
Gorai.008G113800.1.D	1026	920.505	0	0
Gorai.008G113900.1.A	840	734.505	0	0
Gorai.008G113900.1.D	840	734.505	0	0
Gorai.008G114000.1.A	911	805.505	0	0
Gorai.008G114000.1.D	911	805.505	2	0.0984797
Gorai.008G114100.1.A	1514	1408.5	127.846	3.6001
Gorai.008G114100.1.D	1514	1408.5	149.154	4.20011
Gorai.008G114200.1.A	1342	1236.5	59.3041	1.90228
Gorai.008G114200.1.D	1342	1236.5	135.696	4.35267
Gorai.008G114300.1.A	946	840.505	2	0.0943789
Gorai.008G114300.1.D	946	840.505	30	1.41568
Gorai.008G114400.1.A	1049	943.505	3	0.126114
Gorai.008G114400.1.D	1049	943.505	6	0.252227
Gorai.008G114500.1.A	1896	1790.5	676.101	14.9769
Gorai.008G114500.1.D	1896	1790.5	477.899	10.5863
Gorai.008G114600.1.A	568	462.551	0	0
Gorai.008G114600.1.D	568	462.551	0	0
Gorai.008G114700.1.A	3196	3090.5	56	0.718693
Gorai.008G114700.1.D	3196	3090.5	40	0.513352
Gorai.008G114800.1.A	900	794.505	0	0
Gorai.008G114800.1.D	900	794.505	0	0
Gorai.008G114900.1.A	1679	1573.5	198.648	5.00726
Gorai.008G114900.1.D	1679	1573.5	174.352	4.39486
Gorai.008G115000.1.A	2365	2259.5	171.99	3.01908
Gorai.008G115000.1.D	2365	2259.5	269.01	4.72215
Gorai.008G115100.1.A	2658	2552.5	605.352	9.40646
Gorai.008G115100.1.D	2658	2552.5	466.648	7.25116
Gorai.008G115200.1.A	1254	1148.5	1.12933	0.0390009
Gorai.008G115200.1.D	1254	1148.5	3.388	0.117003
Gorai.008G115300.1.A	2035	1929.5	3	0.0616681
Gorai.008G115300.1.D	2035	1929.5	12	0.246672
Gorai.008G115400.1.A	2745	2639.5	299.236	4.49652
Gorai.008G115400.1.D	2745	2639.5	136.764	2.05511
Gorai.008G115500.1.A	2467	2361.5	2	0.0335912
Gorai.008G115500.1.D	2467	2361.5	1	0.0167956
Gorai.008G115600.1.A	2484	2378.5	26.1294	0.435722
Gorai.008G115600.1.D	2484	2378.5	175.871	2.93274
Gorai.008G115700.1.A	3162	3056.5	0	0
Gorai.008G115700.1.D	3162	3056.5	0	0
Gorai.008G115800.1.A	1467	1361.5	151.246	4.40604
Gorai.008G115800.1.D	1467	1361.5	21.7545	0.633745
Gorai.008G115900.1.A	2437	2331.5	0	0
Gorai.008G115900.1.D	2437	2331.5	192	3.26625
Gorai.008G116000.1.A	605	499.551	2.54048	0.201706
Gorai.008G116000.1.D	605	499.551	2.54048	0.201706
Gorai.008G116100.1.A	366	260.583	0	0
Gorai.008G116100.1.D	366	260.583	0	0
Gorai.008G116200.1.A	1738	1632.5	17.4448	0.423834
Gorai.008G116200.1.D	1738	1632.5	335.555	8.15257
Gorai.008G116300.1.A	1543	1437.5	42.18	1.16381
Gorai.008G116300.1.D	1543	1437.5	14.82	0.408906
Gorai.008G116400.1.A	363	257.583	0	0
Gorai.008G116400.1.D	363	257.583	2	0.307962
Gorai.008G116500.1.A	1079	973.505	0	0
Gorai.008G116500.1.D	1079	973.505	0	0
Gorai.008G116600.1.A	945	839.505	0	0
Gorai.008G116600.1.D	945	839.505	0	0
Gorai.008G116700.1.A	507	401.551	2	0.197549
Gorai.008G116700.1.D	507	401.551	0	0
Gorai.008G116800.1.A	882	776.505	0	0
Gorai.008G116800.1.D	882	776.505	0	0
Gorai.008G116900.1.A	2311	2205.5	6	0.107902
Gorai.008G116900.1.D	2311	2205.5	0	0
Gorai.008G117000.1.A	1371	1265.5	2	0.0626832
Gorai.008G117000.1.D	1371	1265.5	0	0
Gorai.008G117100.1.A	1944	1838.5	401.578	8.66342
Gorai.008G117100.1.D	1944	1838.5	172.422	3.71975
Gorai.008G117200.1.A	2804	2698.5	413.17	6.07282
Gorai.008G117200.1.D	2804	2698.5	484.83	7.12609
Gorai.008G117300.1.A	833	727.505	3	0.163557
Gorai.008G117300.1.D	833	727.505	0	0
Gorai.008G117400.1.A	1170	1064.5	0	0
Gorai.008G117400.1.D	1170	1064.5	0	0
Gorai.008G117500.1.A	1417	1311.5	5.05869	0.152986
Gorai.008G117500.1.D	1417	1311.5	34.3775	1.03966
Gorai.008G117600.1.A	1182	1076.5	0	0
Gorai.008G117600.1.D	1182	1076.5	0	0
Gorai.008G117700.1.A	1334	1228.5	0	0
Gorai.008G117700.1.D	1334	1228.5	33.7413	1.08936
Gorai.008G117800.1.A	786	680.505	0	0
Gorai.008G117800.1.D	786	680.505	4	0.233138
Gorai.008G117900.1.A	1352	1246.5	545.206	17.3481
Gorai.008G117900.1.D	1352	1246.5	1378.79	43.8723
Gorai.008G118000.1.A	4309	4203.5	977.919	9.22733
Gorai.008G118000.1.D	4309	4203.5	653.081	6.16227
Gorai.008G118100.1.A	1008	902.505	7.33333	0.322283
Gorai.008G118100.1.D	1008	902.505	3.66667	0.161141
Gorai.008G118200.1.A	2634	2528.5	1240.22	19.4545
Gorai.008G118200.1.D	2634	2528.5	555.779	8.71813
Gorai.008G118300.1.A	1006	900.505	2133.83	93.9851
Gorai.008G118300.1.D	1006	900.505	1211.17	53.3462
Gorai.008G118400.1.A	1670	1564.5	18	0.456332
Gorai.008G118400.1.D	1670	1564.5	15	0.380276
Gorai.008G118500.1.A	1279	1173.5	0	0
Gorai.008G118500.1.D	1279	1173.5	0	0
Gorai.008G118600.1.A	897	791.505	0	0
Gorai.008G118600.1.D	897	791.505	0	0
Gorai.008G118700.1.A	570	464.551	0	0
Gorai.008G118700.1.D	570	464.551	0	0
Gorai.008G118800.1.A	534	428.551	0	0
Gorai.008G118800.1.D	534	428.551	0	0
Gorai.008G118900.1.A	576	470.551	0	0
Gorai.008G118900.1.D	576	470.551	0	0
Gorai.008G119000.1.A	396	290.583	0	0
Gorai.008G119000.1.D	396	290.583	0	0
Gorai.008G119100.1.A	564	458.551	0	0
Gorai.008G119100.1.D	564	458.551	12	1.03795
Gorai.008G119200.1.A	1854	1748.5	0	0
Gorai.008G119200.1.D	1854	1748.5	0	0
Gorai.008G119300.1.A	2702	2596.5	1313.08	20.0579
Gorai.008G119300.1.D	2702	2596.5	738.912	11.2873
Gorai.008G119400.1.A	965	859.505	5062.22	233.603
Gorai.008G119400.1.D	965	859.505	309.779	14.2952
Gorai.008G119500.1.A	3203	3097.5	82.9246	1.06183
Gorai.008G119500.1.D	3203	3097.5	140.075	1.79364
Gorai.008G119600.1.A	1455	1349.5	0	0
Gorai.008G119600.1.D	1455	1349.5	0	0
Gorai.008G119700.1.A	1953	1847.5	0	0
Gorai.008G119700.1.D	1953	1847.5	0	0
Gorai.008G119800.1.A	1314	1208.5	270	8.86136
Gorai.008G119800.1.D	1314	1208.5	195	6.39987
Gorai.008G119900.1.A	1853	1747.5	190.813	4.33086
Gorai.008G119900.1.D	1853	1747.5	409.187	9.28728
Gorai.008G120000.1.A	1416	1310.5	3901.05	118.067
Gorai.008G120000.1.D	1416	1310.5	4447.95	134.619
Gorai.008G120100.1.A	1604	1498.5	257.616	6.81868
Gorai.008G120100.1.D	1604	1498.5	160.384	4.24509
Gorai.008G120200.1.A	3262	3156.5	0	0
Gorai.008G120200.1.D	3262	3156.5	28.7658	0.361456
Gorai.008G120300.1.A	1705	1599.5	0	0
Gorai.008G120300.1.D	1705	1599.5	1.23418	0.0306039
Gorai.008G120400.1.A	1792	1686.5	4.28571	0.100791
Gorai.008G120400.1.D	1792	1686.5	10.7143	0.251977
Gorai.008G120500.1.A	1863	1757.5	5199.47	117.34
Gorai.008G120500.1.D	1863	1757.5	5125.53	115.672
Gorai.008G120600.1.A	1195	1089.5	235.137	8.56007
Gorai.008G120600.1.D	1195	1089.5	357.863	13.0278
Gorai.008G120700.1.A	2969	2863.5	210.747	2.9191
Gorai.008G120700.1.D	2969	2863.5	416.253	5.76559
Gorai.008G120800.1.A	1530	1424.5	0	0
Gorai.008G120800.1.D	1530	1424.5	0	0
Gorai.008G120900.1.A	2758	2652.5	218.182	3.26248
Gorai.008G120900.1.D	2758	2652.5	225.818	3.37666
Gorai.008G121000.1.A	1174	1068.5	12.5298	0.465106
Gorai.008G121000.1.D	1174	1068.5	11.1376	0.413428
Gorai.008G121100.1.A	7766	7660.5	637.262	3.29948
Gorai.008G121100.1.D	7766	7660.5	588.792	3.04852
Gorai.008G121200.1.A	562	456.551	4	0.3475
Gorai.008G121200.1.D	562	456.551	0	0
Gorai.008G121300.1.A	7570	7464.5	305.705	1.62437
Gorai.008G121300.1.D	7570	7464.5	333.295	1.77098
Gorai.008G121400.1.A	2606	2500.5	13.3514	0.211779
Gorai.008G121400.1.D	2606	2500.5	24.6486	0.390976
Gorai.008G121500.1.A	1290	1184.5	3	0.100454
Gorai.008G121500.1.D	1290	1184.5	3	0.100454
Gorai.008G121600.1.A	1890	1784.5	0	0
Gorai.008G121600.1.D	1890	1784.5	4	0.0889052
Gorai.008G121700.1.A	1542	1436.5	120.68	3.33205
Gorai.008G121700.1.D	1542	1436.5	99.3204	2.74231
Gorai.008G121800.1.A	1618	1512.5	25.7714	0.675813
Gorai.008G121800.1.D	1618	1512.5	15.2286	0.399344
Gorai.008G121900.1.A	447	341.583	4.5701	0.530657
Gorai.008G121900.1.D	447	341.583	4.5701	0.530657
Gorai.008G122000.1.A	2379	2273.5	58.0392	1.01254
Gorai.008G122000.1.D	2379	2273.5	237.961	4.1514
Gorai.008G122100.1.A	1577	1471.5	49.3141	1.32921
Gorai.008G122100.1.D	1577	1471.5	107.686	2.90257
Gorai.008G122200.1.A	546	440.551	0	0
Gorai.008G122200.1.D	546	440.551	0	0
Gorai.008G122300.1.A	1701	1595.5	0	0
Gorai.008G122300.1.D	1701	1595.5	0	0
Gorai.008G122400.1.A	291	185.705	0	0
Gorai.008G122400.1.D	291	185.705	0	0
Gorai.008G122500.1.A	1180	1074.5	8	0.295302
Gorai.008G122500.1.D	1180	1074.5	0	0
Gorai.008G122600.1.A	1538	1432.5	386.308	10.696
Gorai.008G122600.1.D	1538	1432.5	396.692	10.9835
Gorai.008G122700.1.A	1155	1049.5	5.38462	0.203496
Gorai.008G122700.1.D	1155	1049.5	8.61538	0.325593
Gorai.008G122800.1.A	888	782.505	0	0
Gorai.008G122800.1.D	888	782.505	0	0
Gorai.008G122900.1.A	2353	2247.5	454.082	8.01344
Gorai.008G122900.1.D	2353	2247.5	232.918	4.11042
Gorai.008G123000.1.A	613	507.551	0	0
Gorai.008G123000.1.D	613	507.551	16	1.25033
Gorai.008G123100.1.A	1357	1251.5	4.36364	0.138293
Gorai.008G123100.1.D	1357	1251.5	7.63636	0.242013
Gorai.008G123200.1.A	1263	1157.5	196.742	6.74154
Gorai.008G123200.1.D	1263	1157.5	90.258	3.09277
Gorai.008G123300.1.A	738	632.505	0	0
Gorai.008G123300.1.D	738	632.505	1	0.0627077
Gorai.008G123400.1.A	901	795.505	0	0
Gorai.008G123400.1.D	901	795.505	0	0
Gorai.008G123500.1.A	557	451.551	11	0.966208
Gorai.008G123500.1.D	557	451.551	17	1.49323
Gorai.008G123600.1.A	1828	1722.5	10.9514	0.252169
Gorai.008G123600.1.D	1828	1722.5	134.154	3.08908
Gorai.008G123700.1.A	1817	1711.5	250.441	5.8038
Gorai.008G123700.1.D	1817	1711.5	163.383	3.78629
Gorai.008G123800.1.A	1835	1729.5	385.048	8.83035
Gorai.008G123800.1.D	1835	1729.5	375.952	8.62176
Gorai.008G123900.1.A	3474	3368.5	192.322	2.26452
Gorai.008G123900.1.D	3474	3368.5	404.678	4.76494
Gorai.008G124000.1.A	1924	1818.5	23.2143	0.506321
Gorai.008G124000.1.D	1924	1818.5	41.7857	0.911378
Gorai.008G124100.1.A	1745	1639.5	71.9444	1.74048
Gorai.008G124100.1.D	1745	1639.5	2.05556	0.0497281
Gorai.008G124200.1.A	1548	1442.5	92.3558	2.5394
Gorai.008G124200.1.D	1548	1442.5	20.6442	0.567631
Gorai.008G124300.1.A	1700	1594.5	647.24	16.0999
Gorai.008G124300.1.D	1700	1594.5	257.76	6.41173
Gorai.008G124400.1.A	2529	2423.5	3.89189	0.0636945
Gorai.008G124400.1.D	2529	2423.5	44.1081	0.721871
Gorai.008G124500.1.A	279	173.788	31.5	7.18913
Gorai.008G124500.1.D	279	173.788	31.5	7.18913
Gorai.008G124600.1.A	4367	4261.5	262.95	2.44734
Gorai.008G124600.1.D	4367	4261.5	167.05	1.55478
Gorai.008G124700.1.A	2271	2165.5	36.1111	0.661404
Gorai.008G124700.1.D	2271	2165.5	28.8889	0.529123
Gorai.008G124800.1.A	2908	2802.5	67.3608	0.953336
Gorai.008G124800.1.D	2908	2802.5	53.6392	0.759138
Gorai.008G124900.1.A	2286	2180.5	51.3537	0.934113
Gorai.008G124900.1.D	2286	2180.5	608.382	11.0663
Gorai.008G125000.1.A	1649	1543.5	29.802	0.765812
Gorai.008G125000.1.D	1649	1543.5	3.46262	0.0889779
Gorai.008G125100.1.A	3741	3635.5	944.682	10.3064
Gorai.008G125100.1.D	3741	3635.5	627.318	6.84397
Gorai.008G125200.1.A	6188	6082.5	20.25	0.132047
Gorai.008G125200.1.D	6188	6082.5	33.75	0.220078
Gorai.008G125300.1.A	1781	1675.5	518.044	12.2633
Gorai.008G125300.1.D	1781	1675.5	7746.96	183.388
Gorai.008G125400.1.A	784	678.505	0	0
Gorai.008G125400.1.D	784	678.505	3	0.175369
Gorai.008G125500.1.A	2215	2109.5	579.529	10.8963
Gorai.008G125500.1.D	2215	2109.5	467.471	8.7894
Gorai.008G125600.1.A	2202	2096.5	162.707	3.07818
Gorai.008G125600.1.D	2202	2096.5	378.293	7.15678
Gorai.008G125700.1.A	4210	4104.5	0	0
Gorai.008G125700.1.D	4210	4104.5	318	3.07292
Gorai.008G125800.1.A	1673	1567.5	0	0
Gorai.008G125800.1.D	1673	1567.5	0	0
Gorai.008G125900.1.A	114	28.4159	0	0
Gorai.008G125900.1.D	114	28.4159	0	0
Gorai.008G126000.1.A	1197	1091.5	18.0645	0.656426
Gorai.008G126000.1.D	1197	1091.5	16.9355	0.615399
Gorai.008G126100.1.A	402	296.583	22.8228	3.05216
Gorai.008G126100.1.D	402	296.583	4.47554	0.598528
Gorai.008G126200.1.A	2901	2795.5	1347.95	19.1248
Gorai.008G126200.1.D	2901	2795.5	172.985	2.45433
Gorai.008G126300.1.A	998	892.505	1	0.04444
Gorai.008G126300.1.D	998	892.505	0	0
Gorai.008G126400.1.A	593	487.551	316.935	25.783
Gorai.008G126400.1.D	593	487.551	331.065	26.9326
Gorai.008G126500.1.A	1930	1824.5	0	0
Gorai.008G126500.1.D	1930	1824.5	0	0
Gorai.008G126600.1.A	378	272.583	6	0.873046
Gorai.008G126600.1.D	378	272.583	0	0
Gorai.008G126700.1.A	1394	1288.5	14.2727	0.439345
Gorai.008G126700.1.D	1394	1288.5	142.727	4.39345
Gorai.008G126800.1.A	1486	1380.5	17.28	0.496467
Gorai.008G126800.1.D	1486	1380.5	18.72	0.53784
Gorai.008G126900.1.A	784	678.505	594.228	34.7364
Gorai.008G126900.1.D	784	678.505	872.772	51.0191
Gorai.008G127000.1.A	3537	3431.5	277.54	3.20794
Gorai.008G127000.1.D	3537	3431.5	401.46	4.64026
Gorai.008G127100.1.A	372	266.583	982.719	146.212
Gorai.008G127100.1.D	372	266.583	383.281	57.0255
Gorai.008G127200.1.A	1441	1335.5	118.246	3.51177
Gorai.008G127200.1.D	1441	1335.5	64.7538	1.92311
Gorai.008G127300.1.A	2316	2210.5	13.0909	0.234889
Gorai.008G127300.1.D	2316	2210.5	22.9091	0.411056
Gorai.008G127400.1.A	1471	1365.5	0	0
Gorai.008G127400.1.D	1471	1365.5	0	0
Gorai.008G127500.1.A	964	858.505	0	0
Gorai.008G127500.1.D	964	858.505	0	0
Gorai.008G127600.1.A	2055	1949.5	4.45283	0.0905934
Gorai.008G127600.1.D	2055	1949.5	113.547	2.31013
Gorai.008G127700.1.A	857	751.505	1072.7	56.6149
Gorai.008G127700.1.D	857	751.505	816.302	43.0828
Gorai.008G127800.1.A	821	715.505	0	0
Gorai.008G127800.1.D	821	715.505	0	0
Gorai.008G127900.1.A	1367	1261.5	4	0.125764
Gorai.008G127900.1.D	1367	1261.5	15	0.471615
Gorai.008G128000.1.A	1093	987.505	0	0
Gorai.008G128000.1.D	1093	987.505	0	0
Gorai.008G128100.1.A	998	892.505	7.5	0.3333
Gorai.008G128100.1.D	998	892.505	4.5	0.19998
Gorai.008G128200.1.A	1465	1359.5	113.763	3.31898
Gorai.008G128200.1.D	1465	1359.5	113.496	3.31119
Gorai.008G128300.1.A	1875	1769.5	7.02191	0.157394
Gorai.008G128300.1.D	1875	1769.5	29.0165	0.650397
Gorai.008G128400.1.A	1607	1501.5	211.602	5.58956
Gorai.008G128400.1.D	1607	1501.5	5.39801	0.142591
Gorai.008G128500.1.A	897	791.505	28.3871	1.4225
Gorai.008G128500.1.D	897	791.505	11.6129	0.581932
Gorai.008G128600.1.A	1316	1210.5	92.5532	3.03256
Gorai.008G128600.1.D	1316	1210.5	52.4468	1.71845
Gorai.008G128700.1.A	1055	949.505	3.52505	0.147249
Gorai.008G128700.1.D	1055	949.505	3.52505	0.147249
Gorai.008G128800.1.A	1778	1672.5	0	0
Gorai.008G128800.1.D	1778	1672.5	0	0
Gorai.008G128900.1.A	1047	941.505	23.7083	0.998763
Gorai.008G128900.1.D	1047	941.505	23.7083	0.998763
Gorai.008G129000.1.A	719	613.505	0	0
Gorai.008G129000.1.D	719	613.505	0	0
Gorai.008G129100.1.A	1337	1231.5	69.3459	2.23342
Gorai.008G129100.1.D	1337	1231.5	206.919	6.66423
Gorai.008G129200.1.A	870	764.505	89.7337	4.65544
Gorai.008G129200.1.D	870	764.505	119.266	6.1876
Gorai.008G129300.1.A	1305	1199.5	288.412	9.53666
Gorai.008G129300.1.D	1305	1199.5	457.323	15.1219
Gorai.008G129400.1.A	367	261.583	2.5	0.379066
Gorai.008G129400.1.D	367	261.583	2.5	0.379066
Gorai.008G129500.1.A	1263	1157.5	0	0
Gorai.008G129500.1.D	1263	1157.5	0	0
Gorai.008G129600.1.A	231	126.463	0	0
Gorai.008G129600.1.D	231	126.463	0	0
Gorai.008G129700.1.A	612	506.551	0	0
Gorai.008G129700.1.D	612	506.551	0	0
Gorai.008G129800.1.A	2081	1975.5	262.802	5.27637
Gorai.008G129800.1.D	2081	1975.5	218.198	4.38084
Gorai.008G129900.1.A	773	667.505	0	0
Gorai.008G129900.1.D	773	667.505	0	0
Gorai.008G130000.1.A	784	678.505	0	0
Gorai.008G130000.1.D	784	678.505	0	0
Gorai.008G130100.1.A	2080	1974.5	65	1.30569
Gorai.008G130100.1.D	2080	1974.5	0	0
Gorai.008G130200.1.A	2199	2093.5	136.985	2.59527
Gorai.008G130200.1.D	2199	2093.5	509.225	9.64764
Gorai.008G130300.1.A	1524	1418.5	920.406	25.7356
Gorai.008G130300.1.D	1524	1418.5	80.5939	2.25349
Gorai.008G130400.1.A	1125	1019.5	6.56291	0.255324
Gorai.008G130400.1.D	1125	1019.5	6.56291	0.255324
Gorai.008G130500.1.A	931	825.505	1419.49	68.2023
Gorai.008G130500.1.D	931	825.505	1227.51	58.9778
Gorai.008G130600.1.A	918	812.505	467.882	22.84
Gorai.008G130600.1.D	918	812.505	593.118	28.9534
Gorai.008G130700.1.A	2173	2067.5	0	0
Gorai.008G130700.1.D	2173	2067.5	0	0
Gorai.008G130800.1.A	6230	6124.5	764.919	4.9537
Gorai.008G130800.1.D	6230	6124.5	846.081	5.47931
Gorai.008G130900.1.A	2140	2034.5	1182.59	23.0547
Gorai.008G130900.1.D	2140	2034.5	880.299	17.1616
Gorai.008G131000.1.A	2438	2332.5	59.4952	1.01168
Gorai.008G131000.1.D	2438	2332.5	6.34073	0.107821
Gorai.008G131100.1.A	804	698.505	0	0
Gorai.008G131100.1.D	804	698.505	0	0
Gorai.008G131200.1.A	560	454.551	0	0
Gorai.008G131200.1.D	560	454.551	18	1.57063
Gorai.008G131300.1.A	723	617.505	22.5	1.4452
Gorai.008G131300.1.D	723	617.505	28.5	1.83058
Gorai.008G131400.1.A	486	380.551	0	0
Gorai.008G131400.1.D	486	380.551	0	0
Gorai.008G131500.1.A	528	422.551	0.523889	0.0491751
Gorai.008G131500.1.D	528	422.551	0.523889	0.0491751
Gorai.008G131600.1.A	1834	1728.5	8.72653	0.200242
Gorai.008G131600.1.D	1834	1728.5	1060.27	24.3294
Gorai.008G131700.1.A	1380	1274.5	0	0
Gorai.008G131700.1.D	1380	1274.5	4	0.124481
Gorai.008G131800.1.A	3050	2944.5	284.689	3.8348
Gorai.008G131800.1.D	3050	2944.5	272.311	3.66807
Gorai.008G131900.1.A	452	346.551	0	0
Gorai.008G131900.1.D	452	346.551	0	0
Gorai.008G132000.1.A	3280	3174.5	709.633	8.86631
Gorai.008G132000.1.D	3280	3174.5	432.367	5.40208
Gorai.008G132100.1.A	2107	2001.5	0	0
Gorai.008G132100.1.D	2107	2001.5	2	0.0396331
Gorai.008G132200.1.A	1171	1065.5	4.53333	0.168751
Gorai.008G132200.1.D	1171	1065.5	12.4667	0.464066
Gorai.008G132300.1.A	587	481.551	10	0.823649
Gorai.008G132300.1.D	587	481.551	0	0
Gorai.008G132400.1.A	1428	1322.5	1	0.0299908
Gorai.008G132400.1.D	1428	1322.5	3	0.0899723
Gorai.008G132500.1.A	1032	926.505	1	0.0428092
Gorai.008G132500.1.D	1032	926.505	0	0
Gorai.008G132600.1.A	729	623.505	500.5	31.8383
Gorai.008G132600.1.D	729	623.505	214.5	13.645
Gorai.008G132700.1.A	1736	1630.5	300.978	7.32146
Gorai.008G132700.1.D	1736	1630.5	357.022	8.68476
Gorai.008G132800.1.A	1766	1660.5	319.394	7.62908
Gorai.008G132800.1.D	1766	1660.5	347.606	8.30294
Gorai.008G132900.1.A	1501	1395.5	18.0328	0.512527
Gorai.008G132900.1.D	1501	1395.5	256.967	7.30351
Gorai.008G133000.1.A	2323	2217.5	265.621	4.75097
Gorai.008G133000.1.D	2323	2217.5	263.379	4.71088
Gorai.008G133100.1.A	1552	1446.5	10.2703	0.281609
Gorai.008G133100.1.D	1552	1446.5	27.7297	0.760345
Gorai.008G133200.1.A	2581	2475.5	43.9773	0.704611
Gorai.008G133200.1.D	2581	2475.5	343.023	5.49597
Gorai.008G133300.1.A	540	434.551	25	2.28183
Gorai.008G133300.1.D	540	434.551	2	0.182547
Gorai.008G133400.1.A	1051	945.505	4653.26	195.2
Gorai.008G133400.1.D	1051	945.505	632.735	26.5426
Gorai.008G133500.1.A	1962	1856.5	237.834	5.08117
Gorai.008G133500.1.D	1962	1856.5	3085.17	65.9124
Gorai.008G133600.1.A	1452	1346.5	146.668	4.32028
Gorai.008G133600.1.D	1452	1346.5	132.332	3.898
Gorai.008G133700.1.A	1223	1117.5	168.009	5.96305
Gorai.008G133700.1.D	1223	1117.5	66.991	2.37767
Gorai.008G133800.1.A	372	266.583	0	0
Gorai.008G133800.1.D	372	266.583	0	0
Gorai.008G133900.1.A	1626	1520.5	105.369	2.74859
Gorai.008G133900.1.D	1626	1520.5	51.6309	1.34681
Gorai.008G134000.1.A	819	713.505	2	0.111178
Gorai.008G134000.1.D	819	713.505	3	0.166767
Gorai.008G134100.1.A	438	332.583	0	0
Gorai.008G134100.1.D	438	332.583	2	0.238514
Gorai.008G134200.1.A	514	408.551	4.27604	0.415126
Gorai.008G134200.1.D	514	408.551	4.27604	0.415126
Gorai.008G134300.1.A	1924	1818.5	4	0.087243
Gorai.008G134300.1.D	1924	1818.5	1	0.0218107
Gorai.008G134400.1.A	2034	1928.5	63.6145	1.30834
Gorai.008G134400.1.D	2034	1928.5	68.3855	1.40646
Gorai.008G134500.1.A	1744	1638.5	400.977	9.70637
Gorai.008G134500.1.D	1744	1638.5	135.023	3.26847
Gorai.008G134600.1.A	3287	3181.5	127.065	1.58408
Gorai.008G134600.1.D	3287	3181.5	184.935	2.30554
Gorai.008G134700.1.A	2334	2228.5	917.831	16.3356
Gorai.008G134700.1.D	2334	2228.5	960.1	17.0879
Gorai.008G134800.1.A	3436	3330.5	195.447	2.32758
Gorai.008G134800.1.D	3436	3330.5	316.553	3.76982
Gorai.008G134900.1.A	4142	4036.5	100.204	0.984609
Gorai.008G134900.1.D	4142	4036.5	70.7962	0.695648
Gorai.008G135000.1.A	176	74.1175	2.9987	1.60471
Gorai.008G135000.1.D	176	74.1175	2.9987	1.60471
Gorai.008G135100.1.A	4347	4241.5	176.424	1.64977
Gorai.008G135100.1.D	4347	4241.5	36.5758	0.342025
Gorai.008G135200.1.A	507	401.551	0	0
Gorai.008G135200.1.D	507	401.551	4	0.395097
Gorai.008G135300.1.A	1766	1660.5	552.847	13.2053
Gorai.008G135300.1.D	1766	1660.5	955.153	22.8149
Gorai.008G135400.1.A	4052	3946.5	462.47	4.64789
Gorai.008G135400.1.D	4052	3946.5	368.53	3.70378
Gorai.008G135500.1.A	3239	3133.5	701.134	8.87474
Gorai.008G135500.1.D	3239	3133.5	654.866	8.28909
Gorai.008G135600.1.A	1480	1374.5	133.278	3.8459
Gorai.008G135600.1.D	1480	1374.5	41.7219	1.20393
Gorai.008G135700.1.A	4124	4018.5	527.741	5.20884
Gorai.008G135700.1.D	4124	4018.5	489.259	4.82903
Gorai.008G135800.1.A	892	786.505	1	0.0504294
Gorai.008G135800.1.D	892	786.505	2	0.100859
Gorai.008G135900.1.A	1646	1540.5	10031.9	258.289
Gorai.008G135900.1.D	1646	1540.5	4478.07	115.296
Gorai.008G136000.1.A	4639	4533.5	75.5841	0.661273
Gorai.008G136000.1.D	4639	4533.5	41.4159	0.362342
Gorai.008G136100.1.A	3223	3117.5	721.478	9.17912
Gorai.008G136100.1.D	3223	3117.5	857.522	10.91
Gorai.008G136200.1.A	1011	905.505	1477.19	64.7038
Gorai.008G136200.1.D	1011	905.505	1276.21	55.9006
Gorai.008G136300.1.A	1391	1285.5	1357.57	41.8865
Gorai.008G136300.1.D	1391	1285.5	1028.43	31.7311
Gorai.008G136400.1.A	807	701.505	137.396	7.76835
Gorai.008G136400.1.D	807	701.505	101.604	5.74466
Gorai.008G136500.1.A	1707	1601.5	85.7667	2.1241
Gorai.008G136500.1.D	1707	1601.5	38.2333	0.946889
Gorai.008G136600.1.A	2043	1937.5	902.124	18.4675
Gorai.008G136600.1.D	2043	1937.5	1048.88	21.4717
Gorai.008G136700.1.A	1496	1390.5	1	0.0285241
Gorai.008G136700.1.D	1496	1390.5	0	0
Gorai.008G136800.1.A	1043	937.505	19	0.803832
Gorai.008G136800.1.D	1043	937.505	4	0.169228
Gorai.008G136900.1.A	961	855.505	0	0
Gorai.008G136900.1.D	961	855.505	0	0
Gorai.008G137000.1.A	2805	2699.5	77.4074	1.13732
Gorai.008G137000.1.D	2805	2699.5	17.5926	0.258482
Gorai.008G137100.1.A	1127	1021.5	8188.8	317.954
Gorai.008G137100.1.D	1127	1021.5	5303.4	205.92
Gorai.008G137200.1.A	1674	1568.5	0	0
Gorai.008G137200.1.D	1674	1568.5	0	0
Gorai.008G137300.1.A	1059	953.505	0	0
Gorai.008G137300.1.D	1059	953.505	0	0
Gorai.008G137400.1.A	1603	1497.5	0	0
Gorai.008G137400.1.D	1603	1497.5	0	0
Gorai.008G137500.1.A	1299	1193.5	0	0
Gorai.008G137500.1.D	1299	1193.5	1	0.0332323
Gorai.008G137600.1.A	1078	972.505	133.75	5.4549
Gorai.008G137600.1.D	1078	972.505	126.25	5.14902
Gorai.008G137700.1.A	2184	2078.5	30.3333	0.578834
Gorai.008G137700.1.D	2184	2078.5	47.6667	0.909596
Gorai.008G137800.1.A	2667	2561.5	622.936	9.64569
Gorai.008G137800.1.D	2667	2561.5	694.064	10.747
Gorai.008G137900.1.A	1799	1693.5	2	0.0468413
Gorai.008G137900.1.D	1799	1693.5	24	0.562095
Gorai.008G138000.1.A	3200	3094.5	78.2895	1.00345
Gorai.008G138000.1.D	3200	3094.5	6.71053	0.0860103
Gorai.008G138100.1.A	1361	1255.5	17	0.537051
Gorai.008G138100.1.D	1361	1255.5	7	0.221139
Gorai.008G138200.1.A	1014	908.505	0	0
Gorai.008G138200.1.D	1014	908.505	0	0
Gorai.008G138300.1.A	2978	2872.5	257.044	3.54921
Gorai.008G138300.1.D	2978	2872.5	363.956	5.02543
Gorai.008G138400.1.A	1461	1355.5	2	0.0585213
Gorai.008G138400.1.D	1461	1355.5	17	0.497431
Gorai.008G138500.1.A	3009	2903.5	859.071	11.7352
Gorai.008G138500.1.D	3009	2903.5	1808.93	24.7106
Gorai.008G138600.1.A	670	564.505	6.54601	0.459933
Gorai.008G138600.1.D	670	564.505	6.54601	0.459933
Gorai.008G138700.1.A	734	628.505	4	0.252427
Gorai.008G138700.1.D	734	628.505	0	0
Gorai.008G138800.1.A	1411	1305.5	9.73256	0.295688
Gorai.008G138800.1.D	1411	1305.5	83.2674	2.52977
Gorai.008G138900.1.A	1539	1433.5	1	0.0276685
Gorai.008G138900.1.D	1539	1433.5	59	1.63244
Gorai.008G139000.1.A	1791	1685.5	0	0
Gorai.008G139000.1.D	1791	1685.5	0	0
Gorai.008G139100.1.A	3077	2971.5	239.614	3.19831
Gorai.008G139100.1.D	3077	2971.5	271.386	3.6224
Gorai.008G139200.1.A	1530	1424.5	350.482	9.75858
Gorai.008G139200.1.D	1530	1424.5	192.518	5.36035
Gorai.008G139300.1.A	3406	3300.5	54.4269	0.654061
Gorai.008G139300.1.D	3406	3300.5	485.573	5.83525
Gorai.008G139400.1.A	769	663.505	1	0.0597779
Gorai.008G139400.1.D	769	663.505	1	0.0597779
Gorai.008G139500.1.A	459	353.551	0	0
Gorai.008G139500.1.D	459	353.551	0	0
Gorai.008G139600.1.A	610	504.551	51.6278	4.05848
Gorai.008G139600.1.D	610	504.551	3.05588	0.240224
Gorai.008G139700.1.A	501	395.551	105.659	10.5947
Gorai.008G139700.1.D	501	395.551	255.341	25.6037
Gorai.008G139800.1.A	2985	2879.5	789.595	10.8761
Gorai.008G139800.1.D	2985	2879.5	591.405	8.14615
Gorai.008G139900.1.A	3177	3071.5	0	0
Gorai.008G139900.1.D	3177	3071.5	0	0
Gorai.008G140000.1.A	705	599.505	0	0
Gorai.008G140000.1.D	705	599.505	0	0
Gorai.008G140100.1.A	987	881.505	28.3333	1.27485
Gorai.008G140100.1.D	987	881.505	5.66667	0.254969
Gorai.008G140200.1.A	930	824.505	43.3404	2.0849
Gorai.008G140200.1.D	930	824.505	53.6596	2.5813
Gorai.008G140300.1.A	1350	1244.5	445.25	14.1903
Gorai.008G140300.1.D	1350	1244.5	306.75	9.77628
Gorai.008G140400.1.A	648	542.505	0	0
Gorai.008G140400.1.D	648	542.505	0	0
Gorai.008G140500.1.A	477	371.551	0	0
Gorai.008G140500.1.D	477	371.551	0	0
Gorai.008G140600.1.A	2629	2523.5	4.04878	0.0636363
Gorai.008G140600.1.D	2629	2523.5	78.9512	1.24091
Gorai.008G140700.1.A	2104	1998.5	3.47368	0.0689398
Gorai.008G140700.1.D	2104	1998.5	18.5263	0.367679
Gorai.008G140800.1.A	396	290.583	0	0
Gorai.008G140800.1.D	396	290.583	1	0.136494
Gorai.008G140900.1.A	4205	4099.5	4	0.0387002
Gorai.008G140900.1.D	4205	4099.5	4	0.0387002
Gorai.008G141000.1.A	1171	1065.5	0	0
Gorai.008G141000.1.D	1171	1065.5	0	0
Gorai.008G141100.1.A	1533	1427.5	2330.22	64.7447
Gorai.008G141100.1.D	1533	1427.5	3512.78	97.602
Gorai.008G141200.1.A	1379	1273.5	125.455	3.90725
Gorai.008G141200.1.D	1379	1273.5	35.5455	1.10705
Gorai.008G141300.1.A	1040	934.505	2.55644	0.108502
Gorai.008G141300.1.D	1040	934.505	2.55644	0.108502
Gorai.008G141400.1.A	531	425.551	8	0.745629
Gorai.008G141400.1.D	531	425.551	0	0
Gorai.008G141500.1.A	588	482.551	0	0
Gorai.008G141500.1.D	588	482.551	0	0
Gorai.008G141600.1.A	931	825.505	31.5385	1.51533
Gorai.008G141600.1.D	931	825.505	9.46154	0.454598
Gorai.008G141700.1.A	252	147.005	3	0.809418
Gorai.008G141700.1.D	252	147.005	2	0.539612
Gorai.008G141800.1.A	1377	1271.5	11.0769	0.34553
Gorai.008G141800.1.D	1377	1271.5	6.92308	0.215956
Gorai.008G141900.1.A	1794	1688.5	0	0
Gorai.008G141900.1.D	1794	1688.5	0	0
Gorai.008G142000.1.A	2461	2355.5	45.8804	0.772552
Gorai.008G142000.1.D	2461	2355.5	623.12	10.4923
Gorai.008G142100.1.A	1760	1654.5	5.35714	0.128425
Gorai.008G142100.1.D	1760	1654.5	19.6429	0.470892
Gorai.008G142200.1.A	771	665.505	5	0.297991
Gorai.008G142200.1.D	771	665.505	0	0
Gorai.008G142300.1.A	1610	1504.5	0	0
Gorai.008G142300.1.D	1610	1504.5	9	0.237265
Gorai.008G142400.1.A	459	353.551	109	12.2281
Gorai.008G142400.1.D	459	353.551	0	0
Gorai.008G142500.1.A	510	404.551	4	0.392167
Gorai.008G142500.1.D	510	404.551	1	0.0980418
Gorai.008G142600.1.A	1055	949.505	23.3628	0.975918
Gorai.008G142600.1.D	1055	949.505	108.637	4.53802
Gorai.008G142700.1.A	1184	1078.5	0.176583	0.00649401
Gorai.008G142700.1.D	1184	1078.5	6.88444	0.253181
Gorai.008G142800.1.A	2081	1975.5	138.475	2.78022
Gorai.008G142800.1.D	2081	1975.5	83.5248	1.67696
Gorai.008G142900.1.A	3968	3862.5	20.6667	0.21222
Gorai.008G142900.1.D	3968	3862.5	41.3333	0.42444
Gorai.008G143000.1.A	495	389.551	150.873	15.3615
Gorai.008G143000.1.D	495	389.551	23.1266	2.35468
Gorai.008G143100.1.A	2461	2355.5	207.67	3.49682
Gorai.008G143100.1.D	2461	2355.5	591.33	9.95706
Gorai.008G143200.1.A	1118	1012.5	2063.93	80.8504
Gorai.008G143200.1.D	1118	1012.5	931.111	36.4745
Gorai.008G143300.1.A	1303	1197.5	0	0
Gorai.008G143300.1.D	1303	1197.5	0	0
Gorai.008G143400.1.A	3435	3329.5	23.8554	0.284179
Gorai.008G143400.1.D	3435	3329.5	75.1446	0.895165
Gorai.008G143500.1.A	1566	1460.5	0	0
Gorai.008G143500.1.D	1566	1460.5	0	0
Gorai.008G143600.1.A	213	108.896	1.81816	0.662223
Gorai.008G143600.1.D	213	108.896	1.81816	0.662223
Gorai.008G143700.1.A	1677	1571.5	0	0
Gorai.008G143700.1.D	1677	1571.5	1	0.0252388
Gorai.008G143800.1.A	2038	1932.5	7.53846	0.15472
Gorai.008G143800.1.D	2038	1932.5	6.46154	0.132617
Gorai.008G143900.1.A	927	821.505	4	0.193123
Gorai.008G143900.1.D	927	821.505	1	0.0482808
Gorai.008G144000.1.A	659	553.505	0	0
Gorai.008G144000.1.D	659	553.505	0	0
Gorai.008G144100.1.A	2064	1958.5	0	0
Gorai.008G144100.1.D	2064	1958.5	22	0.445536
Gorai.008G144200.1.A	3031	2925.5	1001.39	13.5765
Gorai.008G144200.1.D	3031	2925.5	988.611	13.4032
Gorai.008G144300.1.A	815	709.505	12	0.670828
Gorai.008G144300.1.D	815	709.505	0	0
Gorai.008G144400.1.A	894	788.505	1078.48	54.2489
Gorai.008G144400.1.D	894	788.505	939.524	47.2595
Gorai.008G144500.1.A	1857	1751.5	1246.5	28.2271
Gorai.008G144500.1.D	1857	1751.5	792.498	17.9462
Gorai.008G144600.1.A	1383	1277.5	124.067	3.85194
Gorai.008G144600.1.D	1383	1277.5	128.933	4.003
Gorai.008G144700.1.A	986	880.505	270.274	12.1747
Gorai.008G144700.1.D	986	880.505	139.726	6.29407
Gorai.008G144800.1.A	3746	3640.5	347.65	3.78761
Gorai.008G144800.1.D	3746	3640.5	367.35	4.00224
Gorai.008G144900.1.A	1390	1284.5	115.928	3.57962
Gorai.008G144900.1.D	1390	1284.5	135.072	4.17075
Gorai.008G145000.1.A	653	547.505	906.498	65.6695
Gorai.008G145000.1.D	653	547.505	695.502	50.3844
Gorai.008G145100.1.A	1579	1473.5	24.0241	0.646667
Gorai.008G145100.1.D	1579	1473.5	73.5866	1.98076
Gorai.008G145200.1.A	1951	1845.5	315.202	6.7742
Gorai.008G145200.1.D	1951	1845.5	536.188	11.5236
Gorai.008G145300.1.A	1029	923.505	6.78261	0.291301
Gorai.008G145300.1.D	1029	923.505	19.2174	0.825354
Gorai.008G145400.1.A	3481	3375.5	107.888	1.26771
Gorai.008G145400.1.D	3481	3375.5	110.112	1.29384
Gorai.008G145500.1.A	657	551.505	1221.72	87.8631
Gorai.008G145500.1.D	657	551.505	724.282	52.0887
Gorai.008G145600.1.A	2009	1903.5	187.926	3.91577
Gorai.008G145600.1.D	2009	1903.5	156.074	3.25208
Gorai.008G145700.1.A	1583	1477.5	47.1316	1.26523
Gorai.008G145700.1.D	1583	1477.5	12.1762	0.326865
Gorai.008G145800.1.A	4912	4806.5	61.3976	0.506649
Gorai.008G145800.1.D	4912	4806.5	929.295	7.66847
Gorai.008G145900.1.A	636	530.505	0	0
Gorai.008G145900.1.D	636	530.505	0	0
Gorai.008G146000.1.A	1193	1087.5	3344.75	121.988
Gorai.008G146000.1.D	1193	1087.5	2891.25	105.448
Gorai.008G146100.1.A	1709	1603.5	290.115	7.17605
Gorai.008G146100.1.D	1709	1603.5	232.501	5.75094
Gorai.008G146200.1.A	1676	1570.5	653.849	16.5129
Gorai.008G146200.1.D	1676	1570.5	458.153	11.5706
Gorai.008G146300.1.A	3501	3395.5	38.08	0.444813
Gorai.008G146300.1.D	3501	3395.5	73.92	0.863461
Gorai.008G146400.1.A	1233	1127.5	24.5833	0.864783
Gorai.008G146400.1.D	1233	1127.5	34.4167	1.2107
Gorai.008G146500.1.A	4134	4028.5	1372.73	13.5154
Gorai.008G146500.1.D	4134	4028.5	766.265	7.54432
Gorai.008G146600.1.A	666	560.505	0	0
Gorai.008G146600.1.D	666	560.505	0	0
Gorai.008G146700.1.A	805	699.505	0	0
Gorai.008G146700.1.D	805	699.505	0	0
Gorai.008G146800.1.A	1524	1418.5	32.8916	0.919684
Gorai.008G146800.1.D	1524	1418.5	58.1084	1.62478
Gorai.008G146900.1.A	1257	1151.5	31.5778	1.08768
Gorai.008G146900.1.D	1257	1151.5	17.4222	0.600099
Gorai.008G147000.1.A	4115	4009.5	104.981	1.03849
Gorai.008G147000.1.D	4115	4009.5	86.9194	0.859827
Gorai.008G147100.1.A	1777	1671.5	385.881	9.15652
Gorai.008G147100.1.D	1777	1671.5	238.119	5.6503
Gorai.008G147200.1.A	1179	1073.5	34.7838	1.28516
Gorai.008G147200.1.D	1179	1073.5	4.21622	0.155777
Gorai.008G147300.1.A	2397	2291.5	137.851	2.38603
Gorai.008G147300.1.D	2397	2291.5	41.4675	0.717748
Gorai.008G147400.1.A	1479	1373.5	72.4639	2.09255
Gorai.008G147400.1.D	1479	1373.5	140.536	4.05829
Gorai.008G147500.1.A	2992	2886.5	0	0
Gorai.008G147500.1.D	2992	2886.5	283	3.88865
Gorai.008G147600.1.A	884	778.505	15	0.764214
Gorai.008G147600.1.D	884	778.505	18	0.917057
Gorai.008G147700.1.A	1342	1236.5	43.6087	1.39882
Gorai.008G147700.1.D	1342	1236.5	15.3913	0.493702
Gorai.008G147800.1.A	732	626.505	617.543	39.0956
Gorai.008G147800.1.D	732	626.505	213.457	13.5136
Gorai.008G147900.1.A	2900	2794.5	511.669	7.26221
Gorai.008G147900.1.D	2900	2794.5	448.331	6.36325
Gorai.008G148000.1.A	2011	1905.5	0	0
Gorai.008G148000.1.D	2011	1905.5	0	0
Gorai.008G148100.1.A	4246	4140.5	152.049	1.45651
Gorai.008G148100.1.D	4246	4140.5	136.951	1.31189
Gorai.008G148200.1.A	1213	1107.5	4.75559	0.170311
Gorai.008G148200.1.D	1213	1107.5	16.043	0.574547
Gorai.008G148300.1.A	1054	948.505	0	0
Gorai.008G148300.1.D	1054	948.505	0	0
Gorai.008G148400.1.A	617	511.505	556.676	43.1656
Gorai.008G148400.1.D	617	511.505	333.347	25.8483
Gorai.008G148500.1.A	2020	1914.5	176.697	3.66064
Gorai.008G148500.1.D	2020	1914.5	180.303	3.73535
Gorai.008G148600.1.A	762	656.505	153.493	9.27331
Gorai.008G148600.1.D	762	656.505	13.5074	0.816051
Gorai.008G148700.1.A	714	608.505	12.175	0.793577
Gorai.008G148700.1.D	714	608.505	12.175	0.793577
Gorai.008G148800.1.A	273	167.834	5.15057	1.21719
Gorai.008G148800.1.D	273	167.834	5.15057	1.21719
Gorai.008G148900.1.A	306	200.687	49	9.68414
Gorai.008G148900.1.D	306	200.687	6	1.18581
Gorai.008G149000.1.A	14947	14841.5	727.849	1.94513
Gorai.008G149000.1.D	14947	14841.5	739.151	1.97533
Gorai.008G149100.1.A	1162	1056.5	0	0
Gorai.008G149100.1.D	1162	1056.5	2	0.0750833
Gorai.008G149200.1.A	1716	1610.5	62.5781	1.54115
Gorai.008G149200.1.D	1716	1610.5	115.422	2.84257
Gorai.008G149300.1.A	3803	3697.5	331.24	3.55319
Gorai.008G149300.1.D	3803	3697.5	487.76	5.23218
Gorai.008G149400.1.A	4796	4690.5	86.2446	0.729285
Gorai.008G149400.1.D	4796	4690.5	124.862	1.05583
Gorai.008G149500.1.A	1764	1658.5	971.758	23.2395
Gorai.008G149500.1.D	1764	1658.5	781.242	18.6833
Gorai.008G149600.1.A	2202	2096.5	457.656	8.65821
Gorai.008G149600.1.D	2202	2096.5	48.3439	0.9146
Gorai.008G149700.1.A	3664	3558.5	9.40245	0.104799
Gorai.008G149700.1.D	3664	3558.5	84.6221	0.943194
Gorai.008G149800.1.A	1960	1854.5	0	0
Gorai.008G149800.1.D	1960	1854.5	1	0.0213873
Gorai.008G149900.1.A	1561	1455.5	309.659	8.43829
Gorai.008G149900.1.D	1561	1455.5	150.341	4.09685
Gorai.008G150000.1.A	922	816.505	0	0
Gorai.008G150000.1.D	922	816.505	6	0.291459
Gorai.008G150100.1.A	1052	946.505	0	0
Gorai.008G150100.1.D	1052	946.505	0	0
Gorai.008G150200.1.A	1207	1101.5	0	0
Gorai.008G150200.1.D	1207	1101.5	21	0.756167
Gorai.008G150300.1.A	2667	2561.5	11.6667	0.180649
Gorai.008G150300.1.D	2667	2561.5	2.33333	0.0361299
Gorai.008G150400.1.A	1079	973.505	0	0
Gorai.008G150400.1.D	1079	973.505	5	0.203712
Gorai.008G150500.1.A	1614	1508.5	2	0.0525858
Gorai.008G150500.1.D	1614	1508.5	0	0
Gorai.008G150600.1.A	929	823.505	2.01942	0.0972624
Gorai.008G150600.1.D	929	823.505	101.981	4.91175
Gorai.008G150700.1.A	366	260.583	7.8	1.18723
Gorai.008G150700.1.D	366	260.583	18.2	2.77019
Gorai.008G150800.1.A	1366	1260.5	48.8077	1.53578
Gorai.008G150800.1.D	1366	1260.5	5.19231	0.163381
Gorai.008G150900.1.A	1356	1250.5	0	0
Gorai.008G150900.1.D	1356	1250.5	0	0
Gorai.008G151000.1.A	1977	1871.5	0	0
Gorai.008G151000.1.D	1977	1871.5	0	0
Gorai.008G151100.1.A	1099	993.505	0	0
Gorai.008G151100.1.D	1099	993.505	0	0
Gorai.008G151200.1.A	1484	1378.5	1	0.0287724
Gorai.008G151200.1.D	1484	1378.5	1	0.0287724
Gorai.008G151300.1.A	2271	2165.5	1	0.0183158
Gorai.008G151300.1.D	2271	2165.5	22	0.402947
Gorai.008G151400.1.A	1074	968.505	7	0.286669
Gorai.008G151400.1.D	1074	968.505	0	0
Gorai.008G151500.1.A	1340	1234.5	0	0
Gorai.008G151500.1.D	1340	1234.5	0	0
Gorai.008G151600.1.A	1674	1568.5	154.974	3.91884
Gorai.008G151600.1.D	1674	1568.5	1.02632	0.0259526
Gorai.008G151700.1.A	2105	1999.5	941.68	18.6795
Gorai.008G151700.1.D	2105	1999.5	4.31963	0.0856859
Gorai.008G151800.1.A	1581	1475.5	37.8571	1.01764
Gorai.008G151800.1.D	1581	1475.5	15.1429	0.407054
Gorai.008G151900.1.A	1251	1145.5	0	0
Gorai.008G151900.1.D	1251	1145.5	0	0
Gorai.008G152000.1.A	1333	1227.5	9	0.290807
Gorai.008G152000.1.D	1333	1227.5	125	4.03898
Gorai.008G152100.1.A	2012	1906.5	43	0.894572
Gorai.008G152100.1.D	2012	1906.5	1	0.020804
Gorai.008G152200.1.A	912	806.505	0	0
Gorai.008G152200.1.D	912	806.505	0	0
Gorai.008G152300.1.A	2341	2235.5	632.962	11.2302
Gorai.008G152300.1.D	2341	2235.5	1210.04	21.4688
Gorai.008G152400.1.A	2073	1967.5	25.0093	0.504163
Gorai.008G152400.1.D	2073	1967.5	20.0141	0.403465
Gorai.008G152500.1.A	952	846.505	0	0
Gorai.008G152500.1.D	952	846.505	5	0.234275
Gorai.008G152600.1.A	1033	927.505	0	0
Gorai.008G152600.1.D	1033	927.505	0	0
Gorai.008G152700.1.A	900	794.505	5.25871	0.262523
Gorai.008G152700.1.D	900	794.505	5.25871	0.262523
Gorai.008G152800.1.A	1931	1825.5	66.5779	1.44654
Gorai.008G152800.1.D	1931	1825.5	218.422	4.74568
Gorai.008G152900.1.A	1257	1151.5	32.3403	1.11394
Gorai.008G152900.1.D	1257	1151.5	6.72053	0.231485
Gorai.008G153000.1.A	1411	1305.5	60	1.82288
Gorai.008G153000.1.D	1411	1305.5	0	0
Gorai.008G153100.1.A	784	678.505	8.69416	0.508229
Gorai.008G153100.1.D	784	678.505	8.69416	0.508229
Gorai.008G153200.1.A	468	362.551	0	0
Gorai.008G153200.1.D	468	362.551	0	0
Gorai.008G153300.1.A	1958	1852.5	3.81818	0.081749
Gorai.008G153300.1.D	1958	1852.5	10.1818	0.217997
Gorai.008G153400.1.A	1321	1215.5	21.5	0.701563
Gorai.008G153400.1.D	1321	1215.5	21.5	0.701563
Gorai.008G153500.1.A	1845	1739.5	28.9286	0.659609
Gorai.008G153500.1.D	1845	1739.5	1.07143	0.0244299
Gorai.008G153600.1.A	1607	1501.5	0	0
Gorai.008G153600.1.D	1607	1501.5	0	0
Gorai.008G153700.1.A	684	578.505	0	0
Gorai.008G153700.1.D	684	578.505	0	0
Gorai.008G153800.1.A	1628	1522.5	75.2285	1.95979
Gorai.008G153800.1.D	1628	1522.5	491.771	12.8112
Gorai.008G153900.1.A	2429	2323.5	13.3133	0.227261
Gorai.008G153900.1.D	2429	2323.5	71.6867	1.22371
Gorai.008G154000.1.A	1247	1141.5	6	0.208477
Gorai.008G154000.1.D	1247	1141.5	6	0.208477
Gorai.008G154100.1.A	1164	1058.5	55.8088	2.0912
Gorai.008G154100.1.D	1164	1058.5	13.1912	0.494283
Gorai.008G154200.1.A	367	261.583	0	0
Gorai.008G154200.1.D	367	261.583	0	0
Gorai.008G154300.1.A	954	848.505	4	0.186978
Gorai.008G154300.1.D	954	848.505	4	0.186978
Gorai.008G154400.1.A	3161	3055.5	87.1883	1.13178
Gorai.008G154400.1.D	3161	3055.5	135.036	1.75287
Gorai.008G154500.1.A	1745	1639.5	4626.58	111.926
Gorai.008G154500.1.D	1745	1639.5	6188.42	149.711
Gorai.008G154600.1.A	2007	1901.5	279.449	5.82896
Gorai.008G154600.1.D	2007	1901.5	196.551	4.09979
Gorai.008G154700.1.A	3709	3603.5	939.682	10.3429
Gorai.008G154700.1.D	3709	3603.5	795.318	8.75388
Gorai.008G154800.1.A	1607	1501.5	29.9271	0.790537
Gorai.008G154800.1.D	1607	1501.5	25.6059	0.676392
Gorai.008G154900.1.A	1836	1730.5	0	0
Gorai.008G154900.1.D	1836	1730.5	46	1.05431
Gorai.008G155000.1.A	1849	1743.5	4.94118	0.112407
Gorai.008G155000.1.D	1849	1743.5	37.0588	0.84305
Gorai.008G155100.1.A	6311	6205.5	159.415	1.01891
Gorai.008G155100.1.D	6311	6205.5	98.5854	0.630116
Gorai.008G155200.1.A	1756	1650.5	753.366	18.104
Gorai.008G155200.1.D	1756	1650.5	335.634	8.06556
Gorai.008G155300.1.A	1795	1689.5	1	0.0234761
Gorai.008G155300.1.D	1795	1689.5	2	0.0469522
Gorai.008G155400.1.A	735	629.505	21885.5	1378.93
Gorai.008G155400.1.D	735	629.505	25081.5	1580.3
Gorai.008G155500.1.A	2531	2425.5	185.927	3.04037
Gorai.008G155500.1.D	2531	2425.5	104.073	1.70184
Gorai.008G155600.1.A	816	710.505	0	0
Gorai.008G155600.1.D	816	710.505	0	0
Gorai.008G155700.1.A	1484	1378.5	6.42857	0.184966
Gorai.008G155700.1.D	1484	1378.5	2.57143	0.0739863
Gorai.008G155800.1.A	658	552.505	0	0
Gorai.008G155800.1.D	658	552.505	0	0
Gorai.008G155900.1.A	2265	2159.5	4636.16	85.151
Gorai.008G155900.1.D	2265	2159.5	1366.69	25.1015
Gorai.008G156000.1.A	1898	1792.5	59.0584	1.30679
Gorai.008G156000.1.D	1898	1792.5	92.0928	2.03775
Gorai.008G156100.1.A	813	707.505	0	0
Gorai.008G156100.1.D	813	707.505	15	0.840905
Gorai.008G156200.1.A	1723	1617.5	0	0
Gorai.008G156200.1.D	1723	1617.5	2	0.0490421
Gorai.008G156300.1.A	3716	3610.5	29.1837	0.320595
Gorai.008G156300.1.D	3716	3610.5	25.8163	0.283603
Gorai.008G156400.1.A	1758	1652.5	12.7059	0.304963
Gorai.008G156400.1.D	1758	1652.5	14.2941	0.343083
Gorai.008G156500.1.A	1234	1128.5	505.516	17.7671
Gorai.008G156500.1.D	1234	1128.5	233.484	8.20615
Gorai.008G156600.1.A	2181	2075.5	42.3529	0.809366
Gorai.008G156600.1.D	2181	2075.5	37.6471	0.719436
Gorai.008G156700.1.A	1986	1880.5	102.322	2.15813
Gorai.008G156700.1.D	1986	1880.5	518.748	10.9412
Gorai.008G156800.1.A	3047	2941.5	0	0
Gorai.008G156800.1.D	3047	2941.5	0	0
Gorai.008G156900.1.A	823	717.505	0	0
Gorai.008G156900.1.D	823	717.505	0	0
Gorai.008G157000.1.A	367	261.583	118.495	17.9669
Gorai.008G157000.1.D	367	261.583	261.505	39.6512
Gorai.008G157100.1.A	2097	1991.5	0.5	0.00995803
Gorai.008G157100.1.D	2097	1991.5	0.5	0.00995803
Gorai.008G157200.1.A	1226	1120.5	18.2593	0.64633
Gorai.008G157200.1.D	1226	1120.5	39.7407	1.40672
Gorai.008G157300.1.A	1522	1416.5	18.4167	0.515677
Gorai.008G157300.1.D	1522	1416.5	33.5833	0.940353
Gorai.008G157400.1.A	1375	1269.5	16	0.499886
Gorai.008G157400.1.D	1375	1269.5	6	0.187457
Gorai.008G157500.1.A	1370	1264.5	215.864	6.77087
Gorai.008G157500.1.D	1370	1264.5	403.136	12.6449
Gorai.008G157600.1.A	2273	2167.5	46.8197	0.856748
Gorai.008G157600.1.D	2273	2167.5	37.1803	0.680359
Gorai.008G157700.1.A	1179	1073.5	0.5	0.0184736
Gorai.008G157700.1.D	1179	1073.5	0.5	0.0184736
Gorai.008G157800.1.A	219	114.772	0	0
Gorai.008G157800.1.D	219	114.772	0	0
Gorai.008G157900.1.A	1343	1237.5	4.36364	0.139858
Gorai.008G157900.1.D	1343	1237.5	7.63636	0.244751
Gorai.008G158000.1.A	979	873.505	3.85714	0.17514
Gorai.008G158000.1.D	979	873.505	5.14286	0.23352
Gorai.008G158100.1.A	1883	1777.5	277.068	6.18245
Gorai.008G158100.1.D	1883	1777.5	209.932	4.68439
Gorai.008G158200.1.A	627	521.505	0	0
Gorai.008G158200.1.D	627	521.505	1	0.0760548
Gorai.008G158300.1.A	1424	1318.5	210.025	6.31792
Gorai.008G158300.1.D	1424	1318.5	176.975	5.32373
Gorai.008G158400.1.A	1864	1758.5	91.1092	2.05496
Gorai.008G158400.1.D	1864	1758.5	99.8908	2.25303
Gorai.008G158500.1.A	2164	2058.5	8.21429	0.158272
Gorai.008G158500.1.D	2164	2058.5	37.7857	0.728049
Gorai.008G158600.1.A	1699	1593.5	40.2033	1.00067
Gorai.008G158600.1.D	1699	1593.5	1907.29	47.4732
Gorai.008G158700.1.A	1772	1666.5	30.0943	0.716248
Gorai.008G158700.1.D	1772	1666.5	24.9057	0.592757
Gorai.008G158800.1.A	1219	1113.5	1044.82	37.2164
Gorai.008G158800.1.D	1219	1113.5	1034.18	36.8374
Gorai.008G158900.1.A	1405	1299.5	14	0.427302
Gorai.008G158900.1.D	1405	1299.5	0	0
Gorai.008G159000.1.A	2121	2015.5	71.0058	1.39732
Gorai.008G159000.1.D	2121	2015.5	105.994	2.08585
Gorai.008G159100.1.A	2106	2000.5	0	0
Gorai.008G159100.1.D	2106	2000.5	0	0
Gorai.008G159200.1.A	534	428.551	13.7143	1.26927
Gorai.008G159200.1.D	534	428.551	2.28571	0.211546
Gorai.008G159300.1.A	1218	1112.5	0	0
Gorai.008G159300.1.D	1218	1112.5	0	0
Gorai.008G159400.1.A	1519	1413.5	25.3846	0.712292
Gorai.008G159400.1.D	1519	1413.5	40.6154	1.13967
Gorai.008G159500.1.A	1894	1788.5	300.875	6.67237
Gorai.008G159500.1.D	1894	1788.5	129.125	2.86356
Gorai.008G159600.1.A	1840	1734.5	534.715	12.2273
Gorai.008G159600.1.D	1840	1734.5	336.285	7.68984
Gorai.008G159700.1.A	1053	947.505	7	0.293023
Gorai.008G159700.1.D	1053	947.505	0	0
Gorai.008G159800.1.A	820	714.505	1752.52	97.2841
Gorai.008G159800.1.D	820	714.505	1662.48	92.2864
Gorai.008G159900.1.A	1966	1860.5	6352.04	135.415
Gorai.008G159900.1.D	1966	1860.5	1230.96	26.2422
Gorai.008G160000.1.A	2727	2621.5	133.237	2.01585
Gorai.008G160000.1.D	2727	2621.5	115.763	1.75148
Gorai.008G160100.1.A	2608	2502.5	701.884	11.1244
Gorai.008G160100.1.D	2608	2502.5	133.116	2.10979
Gorai.008G160200.1.A	999	893.505	3.10874	0.137998
Gorai.008G160200.1.D	999	893.505	13.9989	0.621413
Gorai.008G160300.1.A	2038	1932.5	28.2468	0.579739
Gorai.008G160300.1.D	2038	1932.5	58.7532	1.20586
Gorai.008G160400.1.A	4515	4409.5	85.655	0.770456
Gorai.008G160400.1.D	4515	4409.5	7.35901	0.0661933
Gorai.008G160500.1.A	2062	1956.5	1609.25	32.6232
Gorai.008G160500.1.D	2062	1956.5	2161.75	43.8238
Gorai.008G160600.1.A	505	399.551	0	0
Gorai.008G160600.1.D	505	399.551	0	0
Gorai.008G160700.1.A	872	766.505	2	0.10349
Gorai.008G160700.1.D	872	766.505	7	0.362216
Gorai.008G160800.1.A	3032	2926.5	351.993	4.77057
Gorai.008G160800.1.D	3032	2926.5	363.808	4.93069
Gorai.008G160900.1.A	1325	1219.5	2	0.0650476
Gorai.008G160900.1.D	1325	1219.5	0	0
Gorai.008G161000.1.A	1216	1110.5	0	0
Gorai.008G161000.1.D	1216	1110.5	0	0
Gorai.008G161100.1.A	1539	1433.5	7	0.19368
Gorai.008G161100.1.D	1539	1433.5	0	0
Gorai.008G161200.1.A	2071	1965.5	346.903	7.00034
Gorai.008G161200.1.D	2071	1965.5	159.097	3.2105
Gorai.008G161300.1.A	2240	2134.5	174.058	3.23432
Gorai.008G161300.1.D	2240	2134.5	149.942	2.78619
Gorai.008G161400.1.A	2329	2223.5	564.214	10.0645
Gorai.008G161400.1.D	2329	2223.5	795.786	14.1952
Gorai.008G161500.1.A	2299	2193.5	2456.76	44.4231
Gorai.008G161500.1.D	2299	2193.5	956.242	17.2908
Gorai.008G161600.1.A	785	679.505	3	0.175111
Gorai.008G161600.1.D	785	679.505	0	0
Gorai.008G161700.1.A	779	673.505	499.92	29.4405
Gorai.008G161700.1.D	779	673.505	512.08	30.1566
Gorai.008G161800.1.A	984	878.505	32.7021	1.47644
Gorai.008G161800.1.D	984	878.505	126.298	5.70213
Gorai.008G161900.1.A	760	654.505	0	0
Gorai.008G161900.1.D	760	654.505	0	0
Gorai.008G162000.1.A	2450	2344.5	1.5	0.0253761
Gorai.008G162000.1.D	2450	2344.5	1.5	0.0253761
Gorai.008G162100.1.A	1760	1654.5	29.2985	0.702364
Gorai.008G162100.1.D	1760	1654.5	121.701	2.91751
Gorai.008G162200.1.A	2159	2053.5	841.281	16.2491
Gorai.008G162200.1.D	2159	2053.5	1079.72	20.8545
Gorai.008G162300.1.A	315	209.649	0	0
Gorai.008G162300.1.D	315	209.649	0	0
Gorai.008G162400.1.A	1955	1849.5	7.06604	0.151532
Gorai.008G162400.1.D	1955	1849.5	99.934	2.1431
Gorai.008G162500.1.A	1343	1237.5	0	0
Gorai.008G162500.1.D	1343	1237.5	8	0.256406
Gorai.008G162600.1.A	2192	2086.5	126.847	2.41126
Gorai.008G162600.1.D	2192	2086.5	311.153	5.9148
Gorai.008G162700.1.A	2052	1946.5	127.213	2.59216
Gorai.008G162700.1.D	2052	1946.5	76.7865	1.56464
Gorai.008G162800.1.A	1313	1207.5	52.6449	1.72923
Gorai.008G162800.1.D	1313	1207.5	78.3551	2.57373
Gorai.008G162900.1.A	1272	1166.5	32.411	1.10202
Gorai.008G162900.1.D	1272	1166.5	58.589	1.99212
Gorai.008G163000.1.A	2778	2672.5	530.198	7.86873
Gorai.008G163000.1.D	2778	2672.5	540.802	8.0261
Gorai.008G163100.1.A	530	424.551	0	0
Gorai.008G163100.1.D	530	424.551	0	0
Gorai.008G163200.1.A	2036	1930.5	208.478	4.28326
Gorai.008G163200.1.D	2036	1930.5	202.522	4.16088
Gorai.008G163300.1.A	445	339.583	0	0
Gorai.008G163300.1.D	445	339.583	0	0
Gorai.008G163400.1.A	420	314.583	0	0
Gorai.008G163400.1.D	420	314.583	0	0
Gorai.008G163500.1.A	373	267.583	0	0
Gorai.008G163500.1.D	373	267.583	0	0
Gorai.008G163600.1.A	527	421.551	0	0
Gorai.008G163600.1.D	527	421.551	0	0
Gorai.008G163700.1.A	461	355.551	0	0
Gorai.008G163700.1.D	461	355.551	0	0
Gorai.008G163800.1.A	494	388.551	0	0
Gorai.008G163800.1.D	494	388.551	0	0
Gorai.008G163900.1.A	497	391.551	0	0
Gorai.008G163900.1.D	497	391.551	0	0
Gorai.008G164000.1.A	555	449.551	0	0
Gorai.008G164000.1.D	555	449.551	0	0
Gorai.008G164100.1.A	464	358.551	0	0
Gorai.008G164100.1.D	464	358.551	0	0
Gorai.008G164200.1.A	1821	1715.5	1.04808	0.0242318
Gorai.008G164200.1.D	1821	1715.5	107.952	2.49588
Gorai.008G164300.1.A	2003	1897.5	20.5616	0.429794
Gorai.008G164300.1.D	2003	1897.5	58.4384	1.22152
Gorai.008G164400.1.A	1925	1819.5	1947.44	42.4518
Gorai.008G164400.1.D	1925	1819.5	1706.56	37.2009
Gorai.008G164500.1.A	4023	3917.5	151.379	1.53264
Gorai.008G164500.1.D	4023	3917.5	45.6211	0.461892
Gorai.008G164600.1.A	1542	1436.5	274	7.56534
Gorai.008G164600.1.D	1542	1436.5	96	2.65063
Gorai.008G164700.1.A	601	495.551	21	1.6808
Gorai.008G164700.1.D	601	495.551	15	1.20057
Gorai.008G164800.1.A	1424	1318.5	35	1.05286
Gorai.008G164800.1.D	1424	1318.5	0	0
Gorai.008G164900.1.A	764	658.505	87.8684	5.29248
Gorai.008G164900.1.D	764	658.505	230.132	13.8612
Gorai.008G165000.1.A	474	368.551	2	0.215237
Gorai.008G165000.1.D	474	368.551	3	0.322855
Gorai.008G165100.1.A	1841	1735.5	8	0.182831
Gorai.008G165100.1.D	1841	1735.5	40	0.914153
Gorai.008G165200.1.A	1405	1299.5	2	0.0610432
Gorai.008G165200.1.D	1405	1299.5	3	0.0915648
Gorai.008G165300.1.A	953	847.505	31	1.45079
Gorai.008G165300.1.D	953	847.505	12	0.561596
Gorai.008G165400.1.A	1381	1275.5	214.12	6.65824
Gorai.008G165400.1.D	1381	1275.5	27.8802	0.866959
Gorai.008G165500.1.A	704	598.505	366.984	24.32
Gorai.008G165500.1.D	704	598.505	188.016	12.4599
Gorai.008G165600.1.A	4703	4597.5	637.111	5.49639
Gorai.008G165600.1.D	4703	4597.5	826.889	7.13362
Gorai.008G165700.1.A	480	374.551	3	0.317684
Gorai.008G165700.1.D	480	374.551	1	0.105895
Gorai.008G165800.1.A	1166	1060.5	226.677	8.47772
Gorai.008G165800.1.D	1166	1060.5	294.323	11.0077
Gorai.008G165900.1.A	638	532.505	18.6522	1.38928
Gorai.008G165900.1.D	638	532.505	14.3478	1.06868
Gorai.008G166000.1.A	1718	1612.5	4	0.0983884
Gorai.008G166000.1.D	1718	1612.5	2	0.0491942
Gorai.008G166100.1.A	1107	1001.5	0	0
Gorai.008G166100.1.D	1107	1001.5	0	0
Gorai.008G166200.1.A	1791	1685.5	18.6145	0.438031
Gorai.008G166200.1.D	1791	1685.5	84.3855	1.98574
Gorai.008G166300.1.A	814	708.505	77.9239	4.36227
Gorai.008G166300.1.D	814	708.505	29.0761	1.62771
Gorai.008G166400.1.A	1932	1826.5	20.8889	0.453607
Gorai.008G166400.1.D	1932	1826.5	26.1111	0.567008
Gorai.008G166500.1.A	897	791.505	1	0.0501108
Gorai.008G166500.1.D	897	791.505	48	2.40532
Gorai.008G166600.1.A	1106	1000.5	1168.12	46.3076
Gorai.008G166600.1.D	1106	1000.5	235.883	9.35111
Gorai.008G166700.1.A	2636	2530.5	69.0536	1.08234
Gorai.008G166700.1.D	2636	2530.5	199.946	3.13394
Gorai.008G166800.1.A	1962	1856.5	0	0
Gorai.008G166800.1.D	1962	1856.5	0	0
Gorai.008G166900.1.A	2455	2349.5	59.5063	1.00455
Gorai.008G166900.1.D	2455	2349.5	138.848	2.34395
Gorai.008G167000.1.A	1148	1042.5	1	0.0380458
Gorai.008G167000.1.D	1148	1042.5	4	0.152183
Gorai.008G167100.1.A	177	75.0539	79.5	42.0125
Gorai.008G167100.1.D	177	75.0539	79.5	42.0125
Gorai.008G167200.1.A	417	311.583	72.2397	9.19575
Gorai.008G167200.1.D	417	311.583	386.76	49.2326
Gorai.008G167300.1.A	1148	1042.5	16.571	0.630457
Gorai.008G167300.1.D	1148	1042.5	30.5815	1.1635
Gorai.008G167400.1.A	1227	1121.5	44.6152	1.57785
Gorai.008G167400.1.D	1227	1121.5	29.2323	1.03383
Gorai.008G167500.1.A	651	545.505	0	0
Gorai.008G167500.1.D	651	545.505	1	0.0727087
Gorai.008G167600.1.A	285	179.772	0	0
Gorai.008G167600.1.D	285	179.772	0	0
Gorai.008G167700.1.A	1111	1005.5	47.4194	1.87049
Gorai.008G167700.1.D	1111	1005.5	197.581	7.79373
Gorai.008G167800.1.A	258	152.936	0	0
Gorai.008G167800.1.D	258	152.936	8	2.07474
Gorai.008G167900.1.A	1658	1552.5	12	0.306573
Gorai.008G167900.1.D	1658	1552.5	9	0.229929
Gorai.008G168000.1.A	2412	2306.5	35.9615	0.618399
Gorai.008G168000.1.D	2412	2306.5	134.038	2.30494
Gorai.008G168100.1.A	873	767.505	134.982	6.97556
Gorai.008G168100.1.D	873	767.505	39.0182	2.01637
Gorai.008G168200.1.A	2670	2564.5	51.5	0.796505
Gorai.008G168200.1.D	2670	2564.5	51.5	0.796505
Gorai.008G168300.1.A	2763	2657.5	1223	18.2531
Gorai.008G168300.1.D	2763	2657.5	153.999	2.29842
Gorai.008G168400.1.A	2232	2126.5	1.23583	0.0230503
Gorai.008G168400.1.D	2232	2126.5	19.7733	0.368805
Gorai.008G168500.1.A	2301	2195.5	60.2759	1.08891
Gorai.008G168500.1.D	2301	2195.5	123.724	2.23514
Gorai.008G168600.1.A	1479	1373.5	117.6	3.39596
Gorai.008G168600.1.D	1479	1373.5	20.4	0.589094
Gorai.008G168700.1.A	3944	3838.5	63.3282	0.654365
Gorai.008G168700.1.D	3944	3838.5	72.6718	0.750911
Gorai.008G168800.1.A	3617	3511.5	40.7895	0.460723
Gorai.008G168800.1.D	3617	3511.5	9.21053	0.104034
Gorai.008G168900.1.A	2357	2251.5	19.7561	0.348027
Gorai.008G168900.1.D	2357	2251.5	70.2439	1.23743
Gorai.008G169000.1.A	2183	2077.5	58.9223	1.12492
Gorai.008G169000.1.D	2183	2077.5	60.0777	1.14698
Gorai.008G169100.1.A	1479	1373.5	0	0
Gorai.008G169100.1.D	1479	1373.5	0	0
Gorai.008G169200.1.A	1548	1442.5	0	0
Gorai.008G169200.1.D	1548	1442.5	8	0.219967
Gorai.008G169300.1.A	2077	1971.5	5824.12	117.17
Gorai.008G169300.1.D	2077	1971.5	5867.88	118.051
Gorai.008G169400.1.A	762	656.505	4	0.241661
Gorai.008G169400.1.D	762	656.505	0	0
Gorai.008G169500.1.A	1719	1613.5	5.90909	0.145256
Gorai.008G169500.1.D	1719	1613.5	7.09091	0.174308
Gorai.008G169600.1.A	1623	1517.5	0	0
Gorai.008G169600.1.D	1623	1517.5	1	0.0261369
Gorai.008G169700.1.A	2146	2040.5	586.486	11.4
Gorai.008G169700.1.D	2146	2040.5	756.514	14.705
Gorai.008G169800.1.A	821	715.505	2	0.110867
Gorai.008G169800.1.D	821	715.505	0	0
Gorai.008G169900.1.A	1348	1242.5	207.209	6.61448
Gorai.008G169900.1.D	1348	1242.5	196.791	6.28191
Gorai.008G170000.1.A	770	664.505	5	0.29844
Gorai.008G170000.1.D	770	664.505	0	0
Gorai.008G170100.1.A	3223	3117.5	791.078	10.0646
Gorai.008G170100.1.D	3223	3117.5	159.922	2.03463
Gorai.008G170200.1.A	3665	3559.5	68.1626	0.759524
Gorai.008G170200.1.D	3665	3559.5	62.8374	0.700186
Gorai.008G170300.1.A	2639	2533.5	0	0
Gorai.008G170300.1.D	2639	2533.5	22	0.344418
Gorai.008G170400.1.A	2386	2280.5	266.666	4.6379
Gorai.008G170400.1.D	2386	2280.5	220.334	3.83209
Gorai.008G170500.1.A	957	851.505	8	0.372639
Gorai.008G170500.1.D	957	851.505	4	0.186319
Gorai.008G170600.1.A	1237	1131.5	0	0
Gorai.008G170600.1.D	1237	1131.5	84	2.94447
Gorai.008G170700.1.A	1902	1796.5	1.1	0.0242856
Gorai.008G170700.1.D	1902	1796.5	31.9	0.704283
Gorai.008G170800.1.A	1661	1555.5	466.552	11.8963
Gorai.008G170800.1.D	1661	1555.5	424.448	10.8228
Gorai.008G170900.1.A	1630	1524.5	48	1.24881
Gorai.008G170900.1.D	1630	1524.5	4	0.104068
Gorai.008G171000.1.A	3002	2896.5	451.087	6.1769
Gorai.008G171000.1.D	3002	2896.5	410.913	5.62679
Gorai.008G171100.1.A	1867	1761.5	35.2152	0.792924
Gorai.008G171100.1.D	1867	1761.5	24.9266	0.56126
Gorai.008G171200.1.A	3481	3375.5	40.148	0.471749
Gorai.008G171200.1.D	3481	3375.5	119.71	1.40662
Gorai.008G171300.1.A	1015	909.505	0	0
Gorai.008G171300.1.D	1015	909.505	0	0
Gorai.008G171400.1.A	2010	1904.5	1	0.0208259
Gorai.008G171400.1.D	2010	1904.5	0	0
Gorai.008G171500.1.A	2188	2082.5	544.785	10.3759
Gorai.008G171500.1.D	2188	2082.5	23.2153	0.442153
Gorai.008G171600.1.A	858	752.505	0	0
Gorai.008G171600.1.D	858	752.505	0	0
Gorai.008G171700.1.A	2030	1924.5	186.214	3.83777
Gorai.008G171700.1.D	2030	1924.5	122.339	2.52133
Gorai.008G171800.1.A	284	178.772	9	1.99677
Gorai.008G171800.1.D	284	178.772	10	2.21864
Gorai.008G171900.1.A	1497	1391.5	39.9559	1.13889
Gorai.008G171900.1.D	1497	1391.5	103.044	2.93713
Gorai.008G172000.1.A	3067	2961.5	89.4953	1.1986
Gorai.008G172000.1.D	3067	2961.5	138.505	1.85497
Gorai.008G172100.1.A	981	875.505	212.097	9.6086
Gorai.008G172100.1.D	981	875.505	11.9034	0.539258
Gorai.008G172200.1.A	1425	1319.5	19.6744	0.591393
Gorai.008G172200.1.D	1425	1319.5	27.3256	0.821379
Gorai.008G172300.1.A	950	844.505	0	0
Gorai.008G172300.1.D	950	844.505	0	0
Gorai.008G172400.1.A	1767	1661.5	892.726	21.3109
Gorai.008G172400.1.D	1767	1661.5	666.274	15.9051
Gorai.008G172500.1.A	740	634.505	0	0
Gorai.008G172500.1.D	740	634.505	6	0.375061
Gorai.008G172600.1.A	1038	932.505	7	0.297736
Gorai.008G172600.1.D	1038	932.505	0	0
Gorai.008G172700.1.A	665	559.505	0	0
Gorai.008G172700.1.D	665	559.505	0	0
Gorai.008G172800.1.A	3194	3088.5	12.4194	0.159491
Gorai.008G172800.1.D	3194	3088.5	22.5806	0.289983
Gorai.008G172900.1.A	953	847.505	9	0.421197
Gorai.008G172900.1.D	953	847.505	6	0.280798
Gorai.008G173000.1.A	849	743.505	7	0.373421
Gorai.008G173000.1.D	849	743.505	11	0.586805
Gorai.008G173100.1.A	1151	1045.5	36.7742	1.39509
Gorai.008G173100.1.D	1151	1045.5	1.22581	0.046503
Gorai.008G173200.1.A	1293	1187.5	33.6346	1.1234
Gorai.008G173200.1.D	1293	1187.5	19.3654	0.646808
Gorai.008G173300.1.A	3557	3451.5	122.392	1.40646
Gorai.008G173300.1.D	3557	3451.5	89.6082	1.02973
Gorai.008G173400.1.A	3620	3514.5	177.417	2.00224
Gorai.008G173400.1.D	3620	3514.5	1289.79	14.556
Gorai.008G173500.1.A	1162	1056.5	34.7234	1.30357
Gorai.008G173500.1.D	1162	1056.5	13.2766	0.498425
Gorai.008G173600.1.A	830	724.505	398.411	21.811
Gorai.008G173600.1.D	830	724.505	336.589	18.4265
Gorai.008G173700.1.A	4022	3916.5	196.137	1.98631
Gorai.008G173700.1.D	4022	3916.5	246.863	2.50001
Gorai.008G173800.1.A	1020	914.505	537.465	23.3104
Gorai.008G173800.1.D	1020	914.505	98.5352	4.27357
Gorai.008G173900.1.A	1399	1293.5	0.5	0.0153316
Gorai.008G173900.1.D	1399	1293.5	0.5	0.0153316
Gorai.008G174000.1.A	934	828.505	1.91571	0.0917108
Gorai.008G174000.1.D	934	828.505	3.83143	0.183422
Gorai.008G174100.1.A	2406	2300.5	102.261	1.76308
Gorai.008G174100.1.D	2406	2300.5	17.7391	0.30584
Gorai.008G174200.1.A	1432	1326.5	0	0
Gorai.008G174200.1.D	1432	1326.5	0	0
Gorai.008G174300.1.A	1734	1628.5	9.6	0.233812
Gorai.008G174300.1.D	1734	1628.5	2.4	0.058453
Gorai.008G174400.1.A	635	529.505	20	1.49811
Gorai.008G174400.1.D	635	529.505	0	0
Gorai.008G174500.1.A	591	485.551	0	0
Gorai.008G174500.1.D	591	485.551	0	0
Gorai.008G174600.1.A	2979	2873.5	170	2.34651
Gorai.008G174600.1.D	2979	2873.5	0	0
Gorai.008G174700.1.A	4156	4050.5	80.4688	0.787958
Gorai.008G174700.1.D	4156	4050.5	125.531	1.22921
Gorai.008G174800.1.A	1431	1325.5	2	0.0598458
Gorai.008G174800.1.D	1431	1325.5	6	0.179537
Gorai.008G174900.1.A	1233	1127.5	2.45783	0.0864607
Gorai.008G174900.1.D	1233	1127.5	99.5422	3.50166
Gorai.008G175000.1.A	2687	2581.5	979.757	15.0533
Gorai.008G175000.1.D	2687	2581.5	1326.24	20.3768
Gorai.008G175100.1.A	867	761.505	17.0127	0.886104
Gorai.008G175100.1.D	867	761.505	66.9873	3.48903
Gorai.008G175200.1.A	2616	2510.5	13.2727	0.209693
Gorai.008G175200.1.D	2616	2510.5	59.7273	0.943619
Gorai.008G175300.1.A	1427	1321.5	929.584	27.9
Gorai.008G175300.1.D	1427	1321.5	734.416	22.0424
Gorai.008G175400.1.A	1857	1751.5	887.966	20.1081
Gorai.008G175400.1.D	1857	1751.5	290.034	6.56784
Gorai.008G175500.1.A	1757	1651.5	2	0.0480325
Gorai.008G175500.1.D	1757	1651.5	6	0.144097
Gorai.008G175600.1.A	727	621.505	0	0
Gorai.008G175600.1.D	727	621.505	0	0
Gorai.008G175700.1.A	1208	1102.5	2.03922	0.0733614
Gorai.008G175700.1.D	1208	1102.5	49.9608	1.79735
Gorai.008G175800.1.A	4136	4030.5	1.16667	0.0114808
Gorai.008G175800.1.D	4136	4030.5	5.83333	0.057404
Gorai.008G175900.1.A	2205	2099.5	11.4783	0.216842
Gorai.008G175900.1.D	2205	2099.5	12.5217	0.236555
Gorai.008G176000.1.A	1913	1807.5	1	0.0219435
Gorai.008G176000.1.D	1913	1807.5	0	0
Gorai.008G176100.1.A	2196	2090.5	398.282	7.55656
Gorai.008G176100.1.D	2196	2090.5	314.718	5.97112
Gorai.008G176200.1.A	2115	2009.5	36.8182	0.726705
Gorai.008G176200.1.D	2115	2009.5	44.1818	0.872046
Gorai.008G176300.1.A	2703	2597.5	338.55	5.16954
Gorai.008G176300.1.D	2703	2597.5	229.45	3.50361
Gorai.008G176400.1.A	1967	1861.5	0	0
Gorai.008G176400.1.D	1967	1861.5	0	0
Gorai.008G176500.1.A	3178	3072.5	73.1934	0.944853
Gorai.008G176500.1.D	3178	3072.5	110.807	1.4304
Gorai.008G176600.1.A	2569	2463.5	21.1765	0.340946
Gorai.008G176600.1.D	2569	2463.5	50.8235	0.818269
Gorai.008G176700.1.A	1684	1578.5	2	0.0502538
Gorai.008G176700.1.D	1684	1578.5	0	0
Gorai.008G176800.1.A	3384	3278.5	489.154	5.91772
Gorai.008G176800.1.D	3384	3278.5	535.846	6.4826
Gorai.008G176900.1.A	2336	2230.5	56.6145	1.00672
Gorai.008G176900.1.D	2336	2230.5	35.5176	0.631575
Gorai.008G177000.1.A	1661	1555.5	219.696	5.60191
Gorai.008G177000.1.D	1661	1555.5	336.304	8.57523
Gorai.008G177100.1.A	2293	2187.5	4.2	0.0761527
Gorai.008G177100.1.D	2293	2187.5	16.8	0.304611
Gorai.008G177200.1.A	1884	1778.5	101.087	2.25438
Gorai.008G177200.1.D	1884	1778.5	169.913	3.78927
Gorai.008G177300.1.A	1058	952.505	3.18604	0.132669
Gorai.008G177300.1.D	1058	952.505	12.9316	0.538483
Gorai.008G177400.1.A	407	301.583	0	0
Gorai.008G177400.1.D	407	301.583	0	0
Gorai.008G177500.1.A	1439	1333.5	0	0
Gorai.008G177500.1.D	1439	1333.5	3	0.0892302
Gorai.008G177600.1.A	1845	1739.5	618.154	14.0947
Gorai.008G177600.1.D	1845	1739.5	496.846	11.3287
Gorai.008G177700.1.A	1268	1162.5	145.265	4.95622
Gorai.008G177700.1.D	1268	1162.5	225.735	7.70175
Gorai.008G177800.1.A	1857	1751.5	44.5345	1.00849
Gorai.008G177800.1.D	1857	1751.5	18.4655	0.418153
Gorai.008G177900.1.A	2029	1923.5	15455	318.684
Gorai.008G177900.1.D	2029	1923.5	9853.01	203.17
Gorai.008G178000.1.A	2755	2649.5	960.766	14.3826
Gorai.008G178000.1.D	2755	2649.5	245.234	3.67114
Gorai.008G178100.1.A	1953	1847.5	0	0
Gorai.008G178100.1.D	1953	1847.5	7	0.150279
Gorai.008G178200.1.A	1055	949.505	306.897	12.8198
Gorai.008G178200.1.D	1055	949.505	257.103	10.7398
Gorai.008G178300.1.A	4279	4173.5	57.8507	0.549785
Gorai.008G178300.1.D	4279	4173.5	146.149	1.38893
Gorai.008G178400.1.A	2930	2824.5	36.9828	0.519328
Gorai.008G178400.1.D	2930	2824.5	28.0172	0.39343
Gorai.008G178500.1.A	1001	895.505	12.3636	0.5476
Gorai.008G178500.1.D	1001	895.505	4.63636	0.20535
Gorai.008G178600.1.A	1581	1475.5	1	0.0268809
Gorai.008G178600.1.D	1581	1475.5	7	0.188167
Gorai.008G178700.1.A	854	748.505	5	0.264948
Gorai.008G178700.1.D	854	748.505	5	0.264948
Gorai.008G178800.1.A	1932	1826.5	77.6842	1.68693
Gorai.008G178800.1.D	1932	1826.5	4.31579	0.0937183
Gorai.008G178900.1.A	1047	941.505	0	0
Gorai.008G178900.1.D	1047	941.505	0	0
Gorai.008G179000.1.A	892	786.505	0	0
Gorai.008G179000.1.D	892	786.505	0	0
Gorai.008G179100.1.A	1795	1689.5	2163.55	50.7917
Gorai.008G179100.1.D	1795	1689.5	1963.45	46.0941
Gorai.008G179200.1.A	1192	1086.5	269.724	9.84631
Gorai.008G179200.1.D	1192	1086.5	693.276	25.3081
Gorai.008G179300.1.A	1915	1809.5	705.491	15.4638
Gorai.008G179300.1.D	1915	1809.5	1034.51	22.6756
Gorai.008G179400.1.A	1938	1832.5	320.205	6.93056
Gorai.008G179400.1.D	1938	1832.5	274.795	5.94768
Gorai.008G179500.1.A	2634	2528.5	17.7143	0.277872
Gorai.008G179500.1.D	2634	2528.5	13.2857	0.208404
Gorai.008G179600.1.A	1292	1186.5	80.7857	2.70054
Gorai.008G179600.1.D	1292	1186.5	35.2143	1.17716
Gorai.008G179700.1.A	276	170.788	0	0
Gorai.008G179700.1.D	276	170.788	0	0
Gorai.008G179800.1.A	1777	1671.5	0	0
Gorai.008G179800.1.D	1777	1671.5	0	0
Gorai.008G179900.1.A	1195	1089.5	0	0
Gorai.008G179900.1.D	1195	1089.5	1	0.0364046
Gorai.008G180000.1.A	2263	2157.5	5.29153	0.097278
Gorai.008G180000.1.D	2263	2157.5	12.8592	0.2364
Gorai.008G180100.1.A	1303	1197.5	9.6423	0.319366
Gorai.008G180100.1.D	1303	1197.5	40.2069	1.33171
Gorai.008G180200.1.A	720	614.505	2	0.129089
Gorai.008G180200.1.D	720	614.505	2	0.129089
Gorai.008G180300.1.A	663	557.505	0	0
Gorai.008G180300.1.D	663	557.505	0	0
Gorai.008G180400.1.A	1512	1406.5	19.8947	0.561025
Gorai.008G180400.1.D	1512	1406.5	1.10526	0.031168
Gorai.008G180500.1.A	1353	1247.5	18.2141	0.579094
Gorai.008G180500.1.D	1353	1247.5	9.86295	0.313581
Gorai.008G180600.1.A	3146	3040.5	149.33	1.94799
Gorai.008G180600.1.D	3146	3040.5	425.593	5.5518
Gorai.008G180700.1.A	1095	989.505	2257.61	90.4933
Gorai.008G180700.1.D	1095	989.505	81.3873	3.2623
Gorai.008G180800.1.A	1084	978.505	1.14286	0.0463248
Gorai.008G180800.1.D	1084	978.505	6.85714	0.277949
Gorai.008G180900.1.A	2476	2370.5	433.213	7.24846
Gorai.008G180900.1.D	2476	2370.5	262.787	4.39691
Gorai.008G181000.1.A	762	656.505	179.246	10.8292
Gorai.008G181000.1.D	762	656.505	104.754	6.32875
Gorai.008G181100.1.A	724	618.505	3	0.192381
Gorai.008G181100.1.D	724	618.505	2	0.128254
Gorai.008G181200.1.A	877	771.505	835.256	42.9404
Gorai.008G181200.1.D	877	771.505	1781.74	91.5992
Gorai.008G181300.1.A	1684	1578.5	396.631	9.96612
Gorai.008G181300.1.D	1684	1578.5	454.369	11.4169
Gorai.008G181400.1.A	2311	2205.5	73.976	1.33036
Gorai.008G181400.1.D	2311	2205.5	100.024	1.79879
Gorai.008G181500.1.A	1210	1104.5	91.3936	3.28196
Gorai.008G181500.1.D	1210	1104.5	150.606	5.4083
Gorai.008G181600.1.A	2315	2209.5	976.218	17.5241
Gorai.008G181600.1.D	2315	2209.5	1793.31	32.1919
Gorai.008G181700.1.A	228	123.486	0	0
Gorai.008G181700.1.D	228	123.486	0	0
Gorai.008G181800.1.A	805	699.505	0	0
Gorai.008G181800.1.D	805	699.505	0	0
Gorai.008G181900.1.A	2412	2306.5	36.2768	0.62382
Gorai.008G181900.1.D	2412	2306.5	202.723	3.48605
Gorai.008G182000.1.A	2059	1953.5	168.95	3.43028
Gorai.008G182000.1.D	2059	1953.5	147.05	2.98562
Gorai.008G182100.1.A	1038	932.505	176.027	7.48709
Gorai.008G182100.1.D	1038	932.505	291.973	12.4187
Gorai.008G182200.1.A	759	653.505	0	0
Gorai.008G182200.1.D	759	653.505	0	0
Gorai.008G182300.1.A	1139	1033.5	2610.88	100.198
Gorai.008G182300.1.D	1139	1033.5	2405.75	92.3258
Gorai.008G182400.1.A	1293	1187.5	348.789	11.6496
Gorai.008G182400.1.D	1293	1187.5	317.211	10.5949
Gorai.008G182500.1.A	1164	1058.5	0	0
Gorai.008G182500.1.D	1164	1058.5	0	0
Gorai.008G182600.1.A	3401	3295.5	335.773	4.04118
Gorai.008G182600.1.D	3401	3295.5	282.227	3.39674
Gorai.008G182700.1.A	1280	1174.5	295.173	9.96796
Gorai.008G182700.1.D	1280	1174.5	130.827	4.41803
Gorai.008G182800.1.A	1488	1382.5	519.013	14.8901
Gorai.008G182800.1.D	1488	1382.5	673.987	19.3361
Gorai.008G182900.1.A	3820	3714.5	391.057	4.17564
Gorai.008G182900.1.D	3820	3714.5	473.943	5.0607
Gorai.008G183000.1.A	2265	2159.5	0	0
Gorai.008G183000.1.D	2265	2159.5	0	0
Gorai.008G183100.1.A	2161	2055.5	4.5	0.0868318
Gorai.008G183100.1.D	2161	2055.5	4.5	0.0868318
Gorai.008G183200.1.A	2116	2010.5	609.953	12.0331
Gorai.008G183200.1.D	2116	2010.5	32.0466	0.63221
Gorai.008G183300.1.A	1017	911.505	234.188	10.1904
Gorai.008G183300.1.D	1017	911.505	384.812	16.7446
Gorai.008G183400.1.A	282	176.772	33.35	7.48287
Gorai.008G183400.1.D	282	176.772	81.65	18.3201
Gorai.008G183500.1.A	3135	3029.5	66.0899	0.865263
Gorai.008G183500.1.D	3135	3029.5	101.244	1.32551
Gorai.008G183600.1.A	1347	1241.5	1	0.0319475
Gorai.008G183600.1.D	1347	1241.5	4	0.12779
Gorai.008G183700.1.A	1979	1873.5	227.803	4.8227
Gorai.008G183700.1.D	1979	1873.5	158.197	3.3491
Gorai.008G183800.1.A	1241	1135.5	22.3125	0.779371
Gorai.008G183800.1.D	1241	1135.5	103.688	3.62178
Gorai.008G183900.1.A	1136	1030.5	0	0
Gorai.008G183900.1.D	1136	1030.5	1.02696	0.0395264
Gorai.008G184000.1.A	2490	2384.5	223.335	3.71488
Gorai.008G184000.1.D	2490	2384.5	273.665	4.55203
Gorai.008G184100.1.A	737	631.505	20.6457	1.29669
Gorai.008G184100.1.D	737	631.505	117.354	7.37068
Gorai.008G184200.1.A	598	492.551	1	0.0805255
Gorai.008G184200.1.D	598	492.551	0	0
Gorai.008G184300.1.A	2076	1970.5	26	0.523336
Gorai.008G184300.1.D	2076	1970.5	0	0
Gorai.008G184400.1.A	2574	2468.5	3693.09	59.3391
Gorai.008G184400.1.D	2574	2468.5	1880.91	30.2217
Gorai.008G184500.1.A	2452	2346.5	3.24	0.0547657
Gorai.008G184500.1.D	2452	2346.5	77.76	1.31438
Gorai.008G184600.1.A	1017	911.505	0	0
Gorai.008G184600.1.D	1017	911.505	0	0
Gorai.008G184700.1.A	918	812.505	0	0
Gorai.008G184700.1.D	918	812.505	0	0
Gorai.008G184800.1.A	522	416.551	0	0
Gorai.008G184800.1.D	522	416.551	0	0
Gorai.008G184900.1.A	499	393.551	0	0
Gorai.008G184900.1.D	499	393.551	0	0
Gorai.008G185000.1.A	2395	2289.5	8	0.13859
Gorai.008G185000.1.D	2395	2289.5	16	0.277181
Gorai.008G185100.1.A	2320	2214.5	61.1753	1.09568
Gorai.008G185100.1.D	2320	2214.5	67.8247	1.21478
Gorai.008G185200.1.A	1969	1863.5	33.5094	0.713217
Gorai.008G185200.1.D	1969	1863.5	40.4906	0.861804
Gorai.008G185300.1.A	1903	1797.5	709.815	15.6625
Gorai.008G185300.1.D	1903	1797.5	177.185	3.90969
Gorai.008G185400.1.A	1263	1157.5	25.9196	0.88816
Gorai.008G185400.1.D	1263	1157.5	251.247	8.6092
Gorai.008G185500.1.A	1881	1775.5	177.776	3.97133
Gorai.008G185500.1.D	1881	1775.5	157.224	3.51222
Gorai.008G185600.1.A	1275	1169.5	1303.6	44.2108
Gorai.008G185600.1.D	1275	1169.5	51.3966	1.74308
Gorai.008G185700.1.A	1702	1596.5	94.0625	2.33685
Gorai.008G185700.1.D	1702	1596.5	45.9375	1.14125
Gorai.008G185800.1.A	1762	1656.5	0	0
Gorai.008G185800.1.D	1762	1656.5	6	0.143663
Gorai.008G185900.1.A	1518	1412.5	0	0
Gorai.008G185900.1.D	1518	1412.5	3	0.0842396
Gorai.008G186000.1.A	1529	1423.5	88.3792	2.4625
Gorai.008G186000.1.D	1529	1423.5	11.4543	0.319151
Gorai.008G186100.1.A	647	541.505	0	0
Gorai.008G186100.1.D	647	541.505	0	0
Gorai.008G186200.1.A	1239	1133.5	11.6471	0.407547
Gorai.008G186200.1.D	1239	1133.5	42.3529	1.48199
Gorai.008G186300.1.A	1911	1805.5	144.37	3.17149
Gorai.008G186300.1.D	1911	1805.5	118.63	2.60603
Gorai.008G186400.1.A	1890	1784.5	11.3636	0.252571
Gorai.008G186400.1.D	1890	1784.5	5.35507	0.119023
Gorai.008G186500.1.A	849	743.505	233.645	12.464
Gorai.008G186500.1.D	849	743.505	1102.36	58.8062
Gorai.008G186600.1.A	1667	1561.5	22.75	0.577861
Gorai.008G186600.1.D	1667	1561.5	16.25	0.412758
Gorai.008G186700.1.A	2374	2268.5	124.113	2.17002
Gorai.008G186700.1.D	2374	2268.5	50.8865	0.889709
Gorai.008G186800.1.A	2177	2071.5	0	0
Gorai.008G186800.1.D	2177	2071.5	0	0
Gorai.008G186900.1.A	1378	1272.5	384.535	11.9856
Gorai.008G186900.1.D	1378	1272.5	317.465	9.89513
Gorai.008G187000.1.A	3499	3393.5	170.73	1.99547
Gorai.008G187000.1.D	3499	3393.5	136.095	1.59066
Gorai.008G187100.1.A	2465	2359.5	128.73	2.16393
Gorai.008G187100.1.D	2465	2359.5	215.27	3.61867
Gorai.008G187200.1.A	1071	965.505	34	1.39672
Gorai.008G187200.1.D	1071	965.505	17	0.69836
Gorai.008G187300.1.A	966	860.505	0	0
Gorai.008G187300.1.D	966	860.505	0	0
Gorai.008G187400.1.A	2093	1987.5	924.807	18.4556
Gorai.008G187400.1.D	2093	1987.5	926.193	18.4833
Gorai.008G187500.1.A	4256	4150.5	452.547	4.32462
Gorai.008G187500.1.D	4256	4150.5	390.453	3.73124
Gorai.008G187600.1.A	2260	2154.5	62.4524	1.14971
Gorai.008G187600.1.D	2260	2154.5	23.5476	0.433495
Gorai.008G187700.1.A	893	787.505	59.7037	3.007
Gorai.008G187700.1.D	893	787.505	2.2963	0.115654
Gorai.008G187800.1.A	1518	1412.5	166.771	4.68289
Gorai.008G187800.1.D	1518	1412.5	1107.23	31.0909
Gorai.008G187900.1.A	4059	3953.5	2328.05	23.3558
Gorai.008G187900.1.D	4059	3953.5	1101.95	11.0552
Gorai.008G188000.1.A	2488	2382.5	2.375	0.039538
Gorai.008G188000.1.D	2488	2382.5	16.625	0.276766
Gorai.008G188100.1.A	573	467.551	534.843	45.3714
Gorai.008G188100.1.D	573	467.551	291.157	24.6992
Gorai.008G188200.1.A	3005	2899.5	7	0.0957545
Gorai.008G188200.1.D	3005	2899.5	13	0.17783
Gorai.008G188300.1.A	868	762.505	41	2.13268
Gorai.008G188300.1.D	868	762.505	81	4.21335
Gorai.008G188400.1.A	4364	4258.5	310.935	2.896
Gorai.008G188400.1.D	4364	4258.5	403.065	3.75407
Gorai.008G188500.1.A	4669	4563.5	85.2727	0.741134
Gorai.008G188500.1.D	4669	4563.5	26.7273	0.232296
Gorai.008G188600.1.A	1140	1034.5	0	0
Gorai.008G188600.1.D	1140	1034.5	802	30.7487
Gorai.008G188700.1.A	915	809.505	0	0
Gorai.008G188700.1.D	915	809.505	2	0.0979931
Gorai.008G188800.1.A	3272	3166.5	180.632	2.26256
Gorai.008G188800.1.D	3272	3166.5	177.368	2.22167
Gorai.008G188900.1.A	1473	1367.5	16.1677	0.468925
Gorai.008G188900.1.D	1473	1367.5	163.832	4.75177
Gorai.008G189000.1.A	1159	1053.5	122.211	4.60105
Gorai.008G189000.1.D	1159	1053.5	135.789	5.11228
Gorai.008G189100.1.A	1344	1238.5	17.5185	0.561028
Gorai.008G189100.1.D	1344	1238.5	25.4815	0.816041
Gorai.008G189200.1.A	1984	1878.5	23	0.485624
Gorai.008G189200.1.D	1984	1878.5	27	0.570081
Gorai.008G189300.1.A	5842	5736.5	2088.87	14.4427
Gorai.008G189300.1.D	5842	5736.5	2065.13	14.2786
Gorai.008G189400.1.A	1024	918.505	4.5	0.194319
Gorai.008G189400.1.D	1024	918.505	4.5	0.194319
Gorai.008G189500.1.A	1737	1631.5	41.0667	0.998357
Gorai.008G189500.1.D	1737	1631.5	35.9333	0.873563
Gorai.008G189600.1.A	1560	1454.5	1	0.027269
Gorai.008G189600.1.D	1560	1454.5	2	0.0545381
Gorai.008G189700.1.A	1533	1427.5	432.77	12.0244
Gorai.008G189700.1.D	1533	1427.5	352.23	9.78664
Gorai.008G189800.1.A	1310	1204.5	24.8824	0.819347
Gorai.008G189800.1.D	1310	1204.5	22.1176	0.728308
Gorai.008G189900.1.A	3234	3128.5	532.789	6.75466
Gorai.008G189900.1.D	3234	3128.5	359.211	4.55405
Gorai.008G190000.1.A	2263	2157.5	780.359	14.3459
Gorai.008G190000.1.D	2263	2157.5	216.641	3.98266
Gorai.008G190100.1.A	4415	4309.5	93.6554	0.861967
Gorai.008G190100.1.D	4415	4309.5	240.345	2.21203
Gorai.008G190200.1.A	2258	2152.5	35.4909	0.65397
Gorai.008G190200.1.D	2258	2152.5	452.509	8.33812
Gorai.008G190300.1.A	1751	1645.5	33.5906	0.80966
Gorai.008G190300.1.D	1751	1645.5	124.409	2.99874
Gorai.008G190400.1.A	1519	1413.5	24.7967	0.695795
Gorai.008G190400.1.D	1519	1413.5	12.3983	0.347898
Gorai.008G190500.1.A	2943	2837.5	0	0
Gorai.008G190500.1.D	2943	2837.5	25	0.349453
Gorai.008G190600.1.A	1186	1080.5	0	0
Gorai.008G190600.1.D	1186	1080.5	4	0.146831
Gorai.008G190700.1.A	777	671.505	0	0
Gorai.008G190700.1.D	777	671.505	0	0
Gorai.008G190800.1.A	838	732.505	0	0
Gorai.008G190800.1.D	838	732.505	2	0.108294
Gorai.008G190900.1.A	1795	1689.5	9.65718	0.226713
Gorai.008G190900.1.D	1795	1689.5	7.60233	0.178473
Gorai.008G191000.1.A	2752	2646.5	127.577	1.91198
Gorai.008G191000.1.D	2752	2646.5	89.4231	1.34018
Gorai.008G191100.1.A	921	815.505	32	1.55635
Gorai.008G191100.1.D	921	815.505	14	0.680905
Gorai.008G191200.1.A	2007	1901.5	0	0
Gorai.008G191200.1.D	2007	1901.5	0	0
Gorai.008G191300.1.A	1283	1177.5	527.117	17.7554
Gorai.008G191300.1.D	1283	1177.5	715.883	24.1137
Gorai.008G191400.1.A	485	379.551	0	0
Gorai.008G191400.1.D	485	379.551	1	0.1045
Gorai.008G191500.1.A	701	595.505	110	7.32643
Gorai.008G191500.1.D	701	595.505	199	13.2542
Gorai.008G191600.1.A	1580	1474.5	154.96	4.1683
Gorai.008G191600.1.D	1580	1474.5	120.04	3.22897
Gorai.008G191700.1.A	3473	3367.5	937.58	11.0429
Gorai.008G191700.1.D	3473	3367.5	212.42	2.50192
Gorai.008G191800.1.A	207	103.083	0	0
Gorai.008G191800.1.D	207	103.083	0	0
Gorai.008G191900.1.A	3716	3610.5	332.723	3.65511
Gorai.008G191900.1.D	3716	3610.5	425.277	4.67185
Gorai.008G192000.1.A	483	377.551	0	0
Gorai.008G192000.1.D	483	377.551	0	0
Gorai.008G192100.1.A	1246	1140.5	204.013	7.09489
Gorai.008G192100.1.D	1246	1140.5	314.987	10.9542
Gorai.008G192200.1.A	201	97.3325	0	0
Gorai.008G192200.1.D	201	97.3325	0	0
Gorai.008G192300.1.A	1732	1626.5	579.823	14.1392
Gorai.008G192300.1.D	1732	1626.5	475.177	11.5874
Gorai.008G192400.1.A	1698	1592.5	1	0.024906
Gorai.008G192400.1.D	1698	1592.5	3	0.074718
Gorai.008G192500.1.A	1026	920.505	0	0
Gorai.008G192500.1.D	1026	920.505	42	1.80971
Gorai.008G192600.1.A	2930	2824.5	81	1.13744
Gorai.008G192600.1.D	2930	2824.5	162	2.27488
Gorai.008G192700.1.A	2938	2832.5	3	0.0420083
Gorai.008G192700.1.D	2938	2832.5	2	0.0280056
Gorai.008G192800.1.A	1857	1751.5	0	0
Gorai.008G192800.1.D	1857	1751.5	503.956	11.4121
Gorai.008G192900.1.A	1569	1463.5	334.359	9.06157
Gorai.008G192900.1.D	1569	1463.5	392.641	10.6411
Gorai.008G193000.1.A	309	203.687	0	0
Gorai.008G193000.1.D	309	203.687	1	0.194725
Gorai.008G193100.1.A	1591	1485.5	480.404	12.8268
Gorai.008G193100.1.D	1591	1485.5	532.596	14.2203
Gorai.008G193200.1.A	2018	1912.5	589.066	12.2165
Gorai.008G193200.1.D	2018	1912.5	807.934	16.7555
Gorai.008G193300.1.A	451	345.583	0	0
Gorai.008G193300.1.D	451	345.583	0	0
Gorai.008G193400.1.A	903	797.505	0	0
Gorai.008G193400.1.D	903	797.505	0	0
Gorai.008G193500.1.A	3914	3808.5	51.24	0.533629
Gorai.008G193500.1.D	3914	3808.5	9.76	0.101644
Gorai.008G193600.1.A	954	848.505	7.4375	0.347662
Gorai.008G193600.1.D	954	848.505	9.5625	0.446994
Gorai.008G193700.1.A	2788	2682.5	46.5818	0.688749
Gorai.008G193700.1.D	2788	2682.5	136.418	2.01705
Gorai.008G193800.1.A	1141	1035.5	25.4167	0.973535
Gorai.008G193800.1.D	1141	1035.5	35.5833	1.36295
Gorai.008G193900.1.A	917	811.505	0	0
Gorai.008G193900.1.D	917	811.505	4	0.195503
Gorai.008G194000.1.A	1100	994.505	5.90909	0.235667
Gorai.008G194000.1.D	1100	994.505	7.09091	0.2828
Gorai.008G194100.1.A	1651	1545.5	14.6222	0.375256
Gorai.008G194100.1.D	1651	1545.5	32.3778	0.830925
Gorai.008G194200.1.A	1720	1614.5	57.6906	1.41726
Gorai.008G194200.1.D	1720	1614.5	215.309	5.28943
Gorai.008G194300.1.A	1568	1462.5	25.3	0.686133
Gorai.008G194300.1.D	1568	1462.5	304.7	8.26343
Gorai.008G194400.1.A	1583	1477.5	56.7234	1.52271
Gorai.008G194400.1.D	1583	1477.5	67.2766	1.80601
Gorai.008G194500.1.A	1259	1153.5	9.68421	0.332989
Gorai.008G194500.1.D	1259	1153.5	36.3158	1.24871
Gorai.008G194600.1.A	2338	2232.5	19.5758	0.347785
Gorai.008G194600.1.D	2338	2232.5	14.4242	0.256263
Gorai.008G194700.1.A	2256	2150.5	21.4884	0.396322
Gorai.008G194700.1.D	2256	2150.5	22.5116	0.415194
Gorai.008G194800.1.A	504	398.551	0	0
Gorai.008G194800.1.D	504	398.551	0	0
Gorai.008G194900.1.A	986	880.505	16.1874	0.729174
Gorai.008G194900.1.D	986	880.505	86.7565	3.90801
Gorai.008G195000.1.A	2375	2269.5	1340.66	23.43
Gorai.008G195000.1.D	2375	2269.5	1489.39	26.0294
Gorai.008G195100.1.A	1461	1355.5	39.4419	1.15409
Gorai.008G195100.1.D	1461	1355.5	66.5581	1.94753
Gorai.008G195200.1.A	2646	2540.5	0	0
Gorai.008G195200.1.D	2646	2540.5	0	0
Gorai.008G195300.1.A	1521	1415.5	28.5385	0.799658
Gorai.008G195300.1.D	1521	1415.5	77.4615	2.1705
Gorai.008G195400.1.A	3284	3178.5	249.985	3.11944
Gorai.008G195400.1.D	3284	3178.5	191.015	2.38357
Gorai.008G195500.1.A	1495	1389.5	4096.74	116.94
Gorai.008G195500.1.D	1495	1389.5	7492.26	213.864
Gorai.008G195600.1.A	4191	4085.5	668	6.48508
Gorai.008G195600.1.D	4191	4085.5	668	6.48508
Gorai.008G195700.1.A	1492	1386.5	215.589	6.16724
Gorai.008G195700.1.D	1492	1386.5	68.6927	1.96505
Gorai.008G195800.1.A	929	823.505	1736.17	83.6203
Gorai.008G195800.1.D	929	823.505	2076.83	100.027
Gorai.008G195900.1.A	3621	3515.5	26	0.29334
Gorai.008G195900.1.D	3621	3515.5	32	0.361033
Gorai.008G196000.1.A	828	722.505	0	0
Gorai.008G196000.1.D	828	722.505	0	0
Gorai.008G196100.1.A	1126	1020.5	0	0
Gorai.008G196100.1.D	1126	1020.5	0	0
Gorai.008G196200.1.A	1832	1726.5	77.7313	1.78572
Gorai.008G196200.1.D	1832	1726.5	6.26866	0.14401
Gorai.008G196300.1.A	1117	1011.5	0	0
Gorai.008G196300.1.D	1117	1011.5	3	0.117635
Gorai.008G196400.1.A	2394	2288.5	224.051	3.88311
Gorai.008G196400.1.D	2394	2288.5	212.949	3.6907
Gorai.008G196500.1.A	1439	1333.5	580.591	17.2687
Gorai.008G196500.1.D	1439	1333.5	652.193	19.3984
Gorai.008G196600.1.A	866	760.505	105.297	5.49159
Gorai.008G196600.1.D	866	760.505	195.703	10.2066
Gorai.008G196700.1.A	1558	1452.5	479.686	13.0986
Gorai.008G196700.1.D	1558	1452.5	339.314	9.26552
Gorai.008G196800.1.A	2996	2890.5	436.342	5.9874
Gorai.008G196800.1.D	2996	2890.5	166.658	2.28685
Gorai.008G196900.1.A	1248	1142.5	68	2.36067
Gorai.008G196900.1.D	1248	1142.5	34	1.18034
Gorai.008G197000.1.A	1583	1477.5	115.222	3.09309
Gorai.008G197000.1.D	1583	1477.5	6.77778	0.181946
Gorai.008G197100.1.A	977	871.505	5.14286	0.234056
Gorai.008G197100.1.D	977	871.505	21.8571	0.994738
Gorai.008G197200.1.A	3882	3776.5	180.394	1.8946
Gorai.008G197200.1.D	3882	3776.5	166.606	1.74979
Gorai.008G197300.1.A	628	522.505	0	0
Gorai.008G197300.1.D	628	522.505	7	0.531365
Gorai.008G197400.1.A	2742	2636.5	100.599	1.51338
Gorai.008G197400.1.D	2742	2636.5	109.401	1.64581
Gorai.008G197500.1.A	552	446.551	0	0
Gorai.008G197500.1.D	552	446.551	0	0
Gorai.008G197600.1.A	1722	1616.5	0	0
Gorai.008G197600.1.D	1722	1616.5	1	0.0245362
Gorai.008G197700.1.A	1143	1037.5	0	0
Gorai.008G197700.1.D	1143	1037.5	0	0
Gorai.008G197800.1.A	1750	1644.5	0	0
Gorai.008G197800.1.D	1750	1644.5	0	0
Gorai.008G197900.1.A	1066	960.505	262.383	10.8348
Gorai.008G197900.1.D	1066	960.505	521.617	21.5396
Gorai.008G198000.1.A	6274	6168.5	195.178	1.25498
Gorai.008G198000.1.D	6274	6168.5	162.822	1.04693
Gorai.008G198100.1.A	2528	2422.5	541.224	8.86129
Gorai.008G198100.1.D	2528	2422.5	578.534	9.47217
Gorai.008G198200.1.A	2001	1895.5	38.2614	0.800609
Gorai.008G198200.1.D	2001	1895.5	234.739	4.91184
Gorai.008G198300.1.A	1136	1030.5	63.0282	2.42588
Gorai.008G198300.1.D	1136	1030.5	1.13325	0.0436174
Gorai.008G198400.1.A	6763	6657.5	887.616	5.28809
Gorai.008G198400.1.D	6763	6657.5	143.384	0.854229
Gorai.008G198500.1.A	1247	1141.5	128.177	4.45367
Gorai.008G198500.1.D	1247	1141.5	192.823	6.69986
Gorai.008G198600.1.A	3066	2960.5	71	0.951212
Gorai.008G198600.1.D	3066	2960.5	142	1.90242
Gorai.008G198700.1.A	2108	2002.5	28.6087	0.566643
Gorai.008G198700.1.D	2108	2002.5	18.3913	0.36427
Gorai.008G198800.1.A	2078	1972.5	387.972	7.8013
Gorai.008G198800.1.D	2078	1972.5	307.028	6.17369
Gorai.008G198900.1.A	1418	1312.5	36.0556	1.08957
Gorai.008G198900.1.D	1418	1312.5	22.9444	0.693365
Gorai.008G199000.1.A	1451	1345.5	1053.47	31.0543
Gorai.008G199000.1.D	1451	1345.5	823.523	24.2759
Gorai.008G199100.1.A	2940	2834.5	8.4	0.11754
Gorai.008G199100.1.D	2940	2834.5	5.6	0.0783602
Gorai.008G199200.1.A	2845	2739.5	189.802	2.74798
Gorai.008G199200.1.D	2845	2739.5	126.198	1.82711
Gorai.008G199300.1.A	2693	2587.5	744.774	11.4164
Gorai.008G199300.1.D	2693	2587.5	504.226	7.7291
Gorai.008G199400.1.A	1810	1704.5	10.7143	0.249316
Gorai.008G199400.1.D	1810	1704.5	19.2857	0.448769
Gorai.008G199500.1.A	1385	1279.5	23.0323	0.713969
Gorai.008G199500.1.D	1385	1279.5	10.9677	0.339985
Gorai.008G199600.1.A	2019	1913.5	799.404	16.57
Gorai.008G199600.1.D	2019	1913.5	494.596	10.2519
Gorai.008G199700.1.A	1759	1653.5	0	0
Gorai.008G199700.1.D	1759	1653.5	3	0.0719616
Gorai.008G199800.1.A	2445	2339.5	201.463	3.41552
Gorai.008G199800.1.D	2445	2339.5	34.5366	0.585518
Gorai.008G199900.1.A	1790	1684.5	426.032	10.0313
Gorai.008G199900.1.D	1790	1684.5	416.968	9.81782
Gorai.008G200000.1.A	2410	2304.5	1519.4	26.1504
Gorai.008G200000.1.D	2410	2304.5	1478.46	25.4459
Gorai.008G200100.1.A	1690	1584.5	70.1324	1.75554
Gorai.008G200100.1.D	1690	1584.5	8.00782	0.20045
Gorai.008G200200.1.A	1573	1467.5	2966.99	80.1902
Gorai.008G200200.1.D	1573	1467.5	1591.01	43.001
Gorai.008G200300.1.A	1148	1042.5	17	0.646779
Gorai.008G200300.1.D	1148	1042.5	0	0
Gorai.008G200400.1.A	1535	1429.5	135.104	3.74858
Gorai.008G200400.1.D	1535	1429.5	160.896	4.46422
Gorai.008G200500.1.A	1213	1107.5	2	0.0716258
Gorai.008G200500.1.D	1213	1107.5	2	0.0716258
Gorai.008G200600.1.A	888	782.505	22.4483	1.13784
Gorai.008G200600.1.D	888	782.505	39.5517	2.00476
Gorai.008G200700.1.A	972	866.505	31.4429	1.43925
Gorai.008G200700.1.D	972	866.505	39.5571	1.81067
Gorai.008G200800.1.A	4380	4274.5	280.212	2.60008
Gorai.008G200800.1.D	4380	4274.5	13.1863	0.122356
Gorai.008G200900.1.A	909	803.505	4	0.19745
Gorai.008G200900.1.D	909	803.505	4	0.19745
Gorai.008G201000.1.A	3285	3179.5	330.089	4.11772
Gorai.008G201000.1.D	3285	3179.5	31.5119	0.393097
Gorai.008G201100.1.A	1232	1126.5	52	1.83086
Gorai.008G201100.1.D	1232	1126.5	41	1.44356
Gorai.008G201200.1.A	1510	1404.5	1114.21	31.4652
Gorai.008G201200.1.D	1510	1404.5	2591.79	73.1915
Gorai.008G201300.1.A	2640	2534.5	229.701	3.59464
Gorai.008G201300.1.D	2640	2534.5	175.299	2.74328
Gorai.008G201400.1.A	521	415.551	17	1.62259
Gorai.008G201400.1.D	521	415.551	0	0
Gorai.008G201500.1.A	1241	1135.5	21	0.733526
Gorai.008G201500.1.D	1241	1135.5	21	0.733526
Gorai.008G201600.1.A	483	377.551	0	0
Gorai.008G201600.1.D	483	377.551	0	0
Gorai.008G201700.1.A	1322	1216.5	11.3077	0.368676
Gorai.008G201700.1.D	1322	1216.5	9.69231	0.316008
Gorai.008G201800.1.A	498	392.551	0	0
Gorai.008G201800.1.D	498	392.551	0	0
Gorai.008G201900.1.A	942	836.505	119.839	5.68217
Gorai.008G201900.1.D	942	836.505	66.1611	3.13703
Gorai.008G202000.1.A	1498	1392.5	123.589	3.52021
Gorai.008G202000.1.D	1498	1392.5	25.4109	0.723782
Gorai.008G202100.1.A	1028	922.505	0	0
Gorai.008G202100.1.D	1028	922.505	0	0
Gorai.008G202200.1.A	897	791.505	3.79839	0.190341
Gorai.008G202200.1.D	897	791.505	3.79839	0.190341
Gorai.008G202300.1.A	1726	1620.5	5.47351	0.133968
Gorai.008G202300.1.D	1726	1620.5	5.47351	0.133968
Gorai.008G202400.1.A	1970	1864.5	8	0.170181
Gorai.008G202400.1.D	1970	1864.5	1	0.0212726
Gorai.008G202500.1.A	1971	1865.5	2	0.0425225
Gorai.008G202500.1.D	1971	1865.5	7	0.148829
Gorai.008G202600.1.A	1204	1098.5	8.25806	0.298168
Gorai.008G202600.1.D	1204	1098.5	23.7419	0.857233
Gorai.008G202700.1.A	2190	2084.5	414.208	7.88135
Gorai.008G202700.1.D	2190	2084.5	638.792	12.1546
Gorai.008G202800.1.A	1847	1741.5	0	0
Gorai.008G202800.1.D	1847	1741.5	0	0
Gorai.008G202900.1.A	1316	1210.5	5	0.163828
Gorai.008G202900.1.D	1316	1210.5	0	0
Gorai.008G203000.1.A	693	587.505	0	0
Gorai.008G203000.1.D	693	587.505	0	0
Gorai.008G203100.1.A	2629	2523.5	7.4375	0.116898
Gorai.008G203100.1.D	2629	2523.5	94.5625	1.48628
Gorai.008G203200.1.A	1275	1169.5	12.375	0.41969
Gorai.008G203200.1.D	1275	1169.5	14.625	0.495997
Gorai.008G203300.1.A	2491	2385.5	26.6591	0.443251
Gorai.008G203300.1.D	2491	2385.5	24.3409	0.404708
Gorai.008G203400.1.A	813	707.505	76.9043	4.31128
Gorai.008G203400.1.D	813	707.505	57.0957	3.2008
Gorai.008G203500.1.A	899	793.505	3	0.149954
Gorai.008G203500.1.D	899	793.505	15	0.749768
Gorai.008G203600.1.A	1371	1265.5	76.507	2.39785
Gorai.008G203600.1.D	1371	1265.5	20.493	0.642282
Gorai.008G203700.1.A	1182	1076.5	40.3605	1.48705
Gorai.008G203700.1.D	1182	1076.5	137.64	5.07122
Gorai.008G203800.1.A	1035	929.505	481.229	20.5346
Gorai.008G203800.1.D	1035	929.505	3952.77	168.669
Gorai.008G203900.1.A	1732	1626.5	2677.91	65.3018
Gorai.008G203900.1.D	1732	1626.5	47089.1	1148.29
Gorai.008G204000.1.A	965	859.505	0	0
Gorai.008G204000.1.D	965	859.505	0	0
Gorai.008G204100.1.A	2370	2264.5	119.136	2.08668
Gorai.008G204100.1.D	2370	2264.5	124.864	2.187
Gorai.008G204200.1.A	1188	1082.5	31.0327	1.13704
Gorai.008G204200.1.D	1188	1082.5	957.967	35.0999
Gorai.008G204300.1.A	1479	1373.5	24.4444	0.705887
Gorai.008G204300.1.D	1479	1373.5	95.5556	2.75937
Gorai.008G204400.1.A	1904	1798.5	200.912	4.43076
Gorai.008G204400.1.D	1904	1798.5	96.0882	2.11906
Gorai.008G204500.1.A	602	496.551	1	0.0798768
Gorai.008G204500.1.D	602	496.551	0	0
Gorai.008G204600.1.A	1561	1455.5	1.11815	0.0304698
Gorai.008G204600.1.D	1561	1455.5	1446.88	39.428
Gorai.008G204700.1.A	2639	2533.5	214.163	3.3528
Gorai.008G204700.1.D	2639	2533.5	349.837	5.47683
Gorai.008G204800.1.A	1612	1506.5	355.369	9.35607
Gorai.008G204800.1.D	1612	1506.5	627.49	16.5204
Gorai.008G204900.1.A	671	565.505	0.5	0.0350686
Gorai.008G204900.1.D	671	565.505	0.5	0.0350686
Gorai.008G205000.1.A	1908	1802.5	310.088	6.82329
Gorai.008G205000.1.D	1908	1802.5	318.912	7.01745
Gorai.008G205100.1.A	444	338.583	12	1.40573
Gorai.008G205100.1.D	444	338.583	48	5.62291
Gorai.008G205200.1.A	1186	1080.5	57.5429	2.11227
Gorai.008G205200.1.D	1186	1080.5	18.4571	0.677521
Gorai.008G205300.1.A	3094	2988.5	51.1111	0.678338
Gorai.008G205300.1.D	3094	2988.5	68.8889	0.914282
Gorai.008G205400.1.A	1730	1624.5	31	0.756878
Gorai.008G205400.1.D	1730	1624.5	0	0
Gorai.008G205500.1.A	1042	936.505	2268.23	96.0642
Gorai.008G205500.1.D	1042	936.505	1440.77	61.0197
Gorai.008G205600.1.A	2599	2493.5	81.6716	1.29911
Gorai.008G205600.1.D	2599	2493.5	62.3284	0.991426
Gorai.008G205700.1.A	1946	1840.5	901.985	19.4378
Gorai.008G205700.1.D	1946	1840.5	2189.02	47.1734
Gorai.008G205800.1.A	2561	2455.5	956.63	15.4521
Gorai.008G205800.1.D	2561	2455.5	970.136	15.6703
Gorai.008G205900.1.A	2109	2003.5	115.948	2.2954
Gorai.008G205900.1.D	2109	2003.5	153.052	3.02993
Gorai.008G206000.1.A	1808	1702.5	348.954	8.12953
Gorai.008G206000.1.D	1808	1702.5	264.046	6.15142
Gorai.008G206100.1.A	570	464.551	0	0
Gorai.008G206100.1.D	570	464.551	0	0
Gorai.008G206200.1.A	1493	1387.5	5.6	0.160081
Gorai.008G206200.1.D	1493	1387.5	8.4	0.240121
Gorai.008G206300.1.A	2454	2348.5	723.782	12.2237
Gorai.008G206300.1.D	2454	2348.5	771.94	13.037
Gorai.008G206400.1.A	1635	1529.5	26.9521	0.698919
Gorai.008G206400.1.D	1635	1529.5	20.3263	0.527099
Gorai.008G206500.1.A	1521	1415.5	0	0
Gorai.008G206500.1.D	1521	1415.5	0	0
Gorai.008G206600.1.A	1115	1009.5	428.046	16.8177
Gorai.008G206600.1.D	1115	1009.5	402.954	15.8319
Gorai.008G206700.1.A	1252	1146.5	293.962	10.1695
Gorai.008G206700.1.D	1252	1146.5	605.038	20.9311
Gorai.008G206800.1.A	1316	1210.5	129	4.22677
Gorai.008G206800.1.D	1316	1210.5	0	0
Gorai.008G206900.1.A	330	224.63	0	0
Gorai.008G206900.1.D	330	224.63	0	0
Gorai.008G207000.1.A	1359	1253.5	1591.81	50.3676
Gorai.008G207000.1.D	1359	1253.5	2021.19	63.9536
Gorai.008G207100.1.A	1931	1825.5	4.26994	0.0927734
Gorai.008G207100.1.D	1931	1825.5	169.73	3.68774
Gorai.008G207200.1.A	828	722.505	0	0
Gorai.008G207200.1.D	828	722.505	0	0
Gorai.008G207300.1.A	1647	1541.5	438.146	11.2735
Gorai.008G207300.1.D	1647	1541.5	355.854	9.15614
Gorai.008G207400.1.A	489	383.551	0	0
Gorai.008G207400.1.D	489	383.551	0	0
Gorai.008G207500.1.A	1266	1160.5	0	0
Gorai.008G207500.1.D	1266	1160.5	0	0
Gorai.008G207600.1.A	1333	1227.5	5	0.161559
Gorai.008G207600.1.D	1333	1227.5	0	0
Gorai.008G207700.1.A	1158	1052.5	11	0.414528
Gorai.008G207700.1.D	1158	1052.5	0	0
Gorai.008G207800.1.A	2373	2267.5	49.3333	0.862933
Gorai.008G207800.1.D	2373	2267.5	98.6667	1.72587
Gorai.008G207900.1.A	1690	1584.5	67.6596	1.69364
Gorai.008G207900.1.D	1690	1584.5	52.3404	1.31017
Gorai.008G208000.1.A	1806	1700.5	7.08333	0.165213
Gorai.008G208000.1.D	1806	1700.5	9.91667	0.231298
Gorai.008G208100.1.A	1307	1201.5	407.544	13.4535
Gorai.008G208100.1.D	1307	1201.5	546.456	18.0391
Gorai.008G208200.1.A	2320	2214.5	141.221	2.52935
Gorai.008G208200.1.D	2320	2214.5	285.779	5.11845
Gorai.008G208300.1.A	567	461.551	0	0
Gorai.008G208300.1.D	567	461.551	1	0.085934
Gorai.008G208400.1.A	513	407.551	2	0.19464
Gorai.008G208400.1.D	513	407.551	0	0
Gorai.008G208500.1.A	1820	1714.5	49.6265	1.14805
Gorai.008G208500.1.D	1820	1714.5	98.7677	2.28487
Gorai.008G208600.1.A	952	846.505	7.20106	0.337405
Gorai.008G208600.1.D	952	846.505	42.5891	1.99551
Gorai.008G208700.1.A	2932	2826.5	109.068	1.5305
Gorai.008G208700.1.D	2932	2826.5	152.932	2.14602
Gorai.008G208800.1.A	1207	1101.5	1	0.036008
Gorai.008G208800.1.D	1207	1101.5	0	0
Gorai.008G208900.1.A	2252	2146.5	572.79	10.584
Gorai.008G208900.1.D	2252	2146.5	538.804	9.95598
Gorai.008G209000.1.A	1355	1249.5	34.8387	1.10588
Gorai.008G209000.1.D	1355	1249.5	1.16129	0.0368628
Gorai.008G209100.1.A	1090	984.505	0	0
Gorai.008G209100.1.D	1090	984.505	0	0
Gorai.008G209200.1.A	1887	1781.5	2106.2	46.8918
Gorai.008G209200.1.D	1887	1781.5	2050.8	45.6585
Gorai.008G209300.1.A	931	825.505	162.952	7.82936
Gorai.008G209300.1.D	931	825.505	127.048	6.10424
Gorai.008G209400.1.A	756	650.505	0	0
Gorai.008G209400.1.D	756	650.505	2	0.121945
Gorai.008G209500.1.A	906	800.505	383.424	18.9977
Gorai.008G209500.1.D	906	800.505	642.576	31.838
Gorai.008G209600.1.A	2288	2182.5	1835.96	33.3652
Gorai.008G209600.1.D	2288	2182.5	1776.04	32.2761
Gorai.008G209700.1.A	1964	1858.5	64.9291	1.38567
Gorai.008G209700.1.D	1964	1858.5	68.0709	1.45272
Gorai.008G209800.1.A	2081	1975.5	105.308	2.11431
Gorai.008G209800.1.D	2081	1975.5	192.692	3.86874
Gorai.008G209900.1.A	1643	1537.5	0	0
Gorai.008G209900.1.D	1643	1537.5	0	0
Gorai.008G210000.1.A	2216	2110.5	53.1935	0.999672
Gorai.008G210000.1.D	2216	2110.5	43.8065	0.823259
Gorai.008G210100.1.A	2108	2002.5	364.56	7.22071
Gorai.008G210100.1.D	2108	2002.5	167.18	3.31127
Gorai.008G210200.1.A	2894	2788.5	1.98187	0.0281896
Gorai.008G210200.1.D	2894	2788.5	654.018	9.30258
Gorai.008G210300.1.A	1307	1201.5	7.3552	0.242803
Gorai.008G210300.1.D	1307	1201.5	45.2315	1.49314
Gorai.008G210400.1.A	3955	3849.5	686.15	7.06967
Gorai.008G210400.1.D	3955	3849.5	1036.85	10.6831
Gorai.008G210500.1.A	2465	2359.5	230.165	3.86904
Gorai.008G210500.1.D	2465	2359.5	25.8349	0.43428
Gorai.008G210600.1.A	1190	1084.5	0	0
Gorai.008G210600.1.D	1190	1084.5	0	0
Gorai.008G210700.1.A	1067	961.505	48.392	1.99621
Gorai.008G210700.1.D	1067	961.505	49	2.02129
Gorai.008G210800.1.A	2414	2308.5	9	0.154631
Gorai.008G210800.1.D	2414	2308.5	1	0.0171812
Gorai.008G210900.1.A	2252	2146.5	34	0.628249
Gorai.008G210900.1.D	2252	2146.5	34	0.628249
Gorai.008G211000.1.A	1938	1832.5	1048.32	22.6899
Gorai.008G211000.1.D	1938	1832.5	1036.68	22.4381
Gorai.008G211100.1.A	1023	917.505	70.0197	3.02689
Gorai.008G211100.1.D	1023	917.505	135.98	5.87831
Gorai.008G211200.1.A	921	815.505	1.02651	0.0499254
Gorai.008G211200.1.D	921	815.505	695.973	33.8494
Gorai.008G211300.1.A	1798	1692.5	122.877	2.87955
Gorai.008G211300.1.D	1798	1692.5	423.123	9.91567
Gorai.008G211400.1.A	1709	1603.5	10.8514	0.268412
Gorai.008G211400.1.D	1709	1603.5	200.149	4.95071
Gorai.008G211500.1.A	3508	3402.5	104.702	1.22051
Gorai.008G211500.1.D	3508	3402.5	65.298	0.761178
Gorai.008G211600.1.A	1830	1724.5	10	0.229996
Gorai.008G211600.1.D	1830	1724.5	0	0
Gorai.008G211700.1.A	3575	3469.5	1557.3	17.8029
Gorai.008G211700.1.D	3575	3469.5	1865.64	21.3277
Gorai.008G211800.1.A	1752	1646.5	19.0286	0.458384
Gorai.008G211800.1.D	1752	1646.5	12.7897	0.308094
Gorai.008G211900.1.A	2344	2238.5	1063.96	18.8518
Gorai.008G211900.1.D	2344	2238.5	1029.04	18.233
Gorai.008G212000.1.A	2535	2429.5	23.6364	0.385876
Gorai.008G212000.1.D	2535	2429.5	15.3636	0.250819
Gorai.008G212100.1.A	2986	2880.5	306.676	4.22275
Gorai.008G212100.1.D	2986	2880.5	580.324	7.99074
Gorai.008G212200.1.A	1708	1602.5	40	0.990024
Gorai.008G212200.1.D	1708	1602.5	0	0
Gorai.008G212300.1.A	1502	1396.5	40.3	1.14458
Gorai.008G212300.1.D	1502	1396.5	21.7	0.616314
Gorai.008G212400.1.A	677	571.505	0	0
Gorai.008G212400.1.D	677	571.505	0	0
Gorai.008G212500.1.A	1388	1282.5	0	0
Gorai.008G212500.1.D	1388	1282.5	0	0
Gorai.008G212600.1.A	582	476.551	0	0
Gorai.008G212600.1.D	582	476.551	0	0
Gorai.008G212700.1.A	1510	1404.5	0	0
Gorai.008G212700.1.D	1510	1404.5	0	0
Gorai.008G212800.1.A	933	827.505	0	0
Gorai.008G212800.1.D	933	827.505	0	0
Gorai.008G212900.1.A	861	755.505	0	0
Gorai.008G212900.1.D	861	755.505	0	0
Gorai.008G213000.1.A	1203	1097.5	0	0
Gorai.008G213000.1.D	1203	1097.5	0	0
Gorai.008G213100.1.A	1377	1271.5	136.512	4.25831
Gorai.008G213100.1.D	1377	1271.5	216.488	6.75307
Gorai.008G213200.1.A	2682	2576.5	983.711	15.1433
Gorai.008G213200.1.D	2682	2576.5	1577.92	24.2907
Gorai.008G213300.1.A	980	874.505	243.06	11.0239
Gorai.008G213300.1.D	980	874.505	259.307	11.7608
Gorai.008G213400.1.A	1267	1161.5	43.4574	1.48398
Gorai.008G213400.1.D	1267	1161.5	1191.54	40.6887
Gorai.008G213500.1.A	543	437.551	0	0
Gorai.008G213500.1.D	543	437.551	0	0
Gorai.008G213600.1.A	585	479.551	0	0
Gorai.008G213600.1.D	585	479.551	0	0
Gorai.008G213700.1.A	1058	952.505	0.793863	0.033057
Gorai.008G213700.1.D	1058	952.505	0.793863	0.033057
Gorai.008G213800.1.A	1330	1224.5	1.16667	0.0377895
Gorai.008G213800.1.D	1330	1224.5	5.83333	0.188948
Gorai.008G213900.1.A	1343	1237.5	1.5	0.0480761
Gorai.008G213900.1.D	1343	1237.5	1.5	0.0480761
Gorai.008G214000.1.A	1459	1353.5	0	0
Gorai.008G214000.1.D	1459	1353.5	0	0
Gorai.008G214100.1.A	1555	1449.5	176.804	4.83791
Gorai.008G214100.1.D	1555	1449.5	196.196	5.36852
Gorai.008G214200.1.A	510	404.551	0	0
Gorai.008G214200.1.D	510	404.551	0	0
Gorai.008G214300.1.A	1949	1843.5	759.927	16.3498
Gorai.008G214300.1.D	1949	1843.5	367.073	7.89756
Gorai.008G214400.1.A	1453	1347.5	1	0.0294344
Gorai.008G214400.1.D	1453	1347.5	0	0
Gorai.008G214500.1.A	1343	1237.5	4	0.128203
Gorai.008G214500.1.D	1343	1237.5	3	0.0961522
Gorai.008G214600.1.A	1832	1726.5	50.1333	1.15171
Gorai.008G214600.1.D	1832	1726.5	45.8667	1.05369
Gorai.008G214700.1.A	1094	988.505	0	0
Gorai.008G214700.1.D	1094	988.505	7	0.280869
Gorai.008G214800.1.A	2377	2271.5	197.505	3.44866
Gorai.008G214800.1.D	2377	2271.5	250.495	4.37391
Gorai.008G214900.1.A	1471	1365.5	202.678	5.88705
Gorai.008G214900.1.D	1471	1365.5	77.3222	2.24593
Gorai.008G215000.1.A	1710	1604.5	543.942	13.4461
Gorai.008G215000.1.D	1710	1604.5	312.058	7.71398
Gorai.008G215100.1.A	1874	1768.5	2.6	0.0583112
Gorai.008G215100.1.D	1874	1768.5	10.4	0.233245
Gorai.008G215200.1.A	624	518.505	0	0
Gorai.008G215200.1.D	624	518.505	0	0
Gorai.008G215300.1.A	2071	1965.5	123.636	2.49491
Gorai.008G215300.1.D	2071	1965.5	147.364	2.97374
Gorai.008G215400.1.A	3687	3581.5	64.9739	0.719545
Gorai.008G215400.1.D	3687	3581.5	76.1393	0.843195
Gorai.008G215500.1.A	3613	3507.5	116.038	1.31216
Gorai.008G215500.1.D	3613	3507.5	61.962	0.700668
Gorai.008G215600.1.A	2033	1927.5	403.486	8.30267
Gorai.008G215600.1.D	2033	1927.5	117.259	2.41287
Gorai.008G215700.1.A	1962	1856.5	170.15	3.63513
Gorai.008G215700.1.D	1962	1856.5	113.85	2.43233
Gorai.008G215800.1.A	2009	1903.5	38.2941	0.797927
Gorai.008G215800.1.D	2009	1903.5	54.7059	1.1399
Gorai.008G215900.1.A	1791	1685.5	108.285	2.54813
Gorai.008G215900.1.D	1791	1685.5	169.715	3.99371
Gorai.008G216000.1.A	2934	2828.5	1898.28	26.6188
Gorai.008G216000.1.D	2934	2828.5	1584.72	22.2218
Gorai.008G216100.1.A	1304	1198.5	29.2618	0.96838
Gorai.008G216100.1.D	1304	1198.5	384.738	12.7324
Gorai.008G216200.1.A	2168	2062.5	63.4576	1.22032
Gorai.008G216200.1.D	2168	2062.5	248.542	4.77959
Gorai.008G216300.1.A	429	323.583	0	0
Gorai.008G216300.1.D	429	323.583	0	0
Gorai.008G216400.1.A	712	606.505	129	8.43608
Gorai.008G216400.1.D	712	606.505	0	0
Gorai.008G216500.1.A	2757	2651.5	1979.58	29.6119
Gorai.008G216500.1.D	2757	2651.5	1154.42	17.2685
Gorai.008G216600.1.A	994	888.505	3	0.13392
Gorai.008G216600.1.D	994	888.505	0	0
Gorai.008G216700.1.A	2386	2280.5	110.191	1.91647
Gorai.008G216700.1.D	2386	2280.5	33.8087	0.588007
Gorai.008G216800.1.A	2516	2410.5	7564.42	124.466
Gorai.008G216800.1.D	2516	2410.5	3074.58	50.5898
Gorai.008G216900.1.A	2013	1907.5	83.3333	1.73276
Gorai.008G216900.1.D	2013	1907.5	16.6667	0.346552
Gorai.008G217000.1.A	1354	1248.5	815.598	25.9102
Gorai.008G217000.1.D	1354	1248.5	528.402	16.7864
Gorai.008G217100.1.A	3586	3480.5	929.926	10.5972
Gorai.008G217100.1.D	3586	3480.5	967.074	11.0205
Gorai.008G217200.1.A	1536	1430.5	353.391	9.7983
Gorai.008G217200.1.D	1536	1430.5	203.609	5.64538
Gorai.008G217300.1.A	3273	3167.5	1	0.0125218
Gorai.008G217300.1.D	3273	3167.5	0	0
Gorai.008G217400.1.A	635	529.505	14.4308	1.08095
Gorai.008G217400.1.D	635	529.505	119.569	8.95642
Gorai.008G217500.1.A	2599	2493.5	46.2917	0.736339
Gorai.008G217500.1.D	2599	2493.5	54.7083	0.870218
Gorai.008G217600.1.A	2169	2063.5	14.4516	0.277777
Gorai.008G217600.1.D	2169	2063.5	49.5484	0.952377
Gorai.008G217700.1.A	1735	1629.5	249.947	6.08382
Gorai.008G217700.1.D	1735	1629.5	160.053	3.89578
Gorai.008G217800.1.A	1897	1791.5	2	0.0442789
Gorai.008G217800.1.D	1897	1791.5	6	0.132837
Gorai.008G217900.1.A	2156	2050.5	4.21053	0.0814443
Gorai.008G217900.1.D	2156	2050.5	35.7895	0.692276
Gorai.008G218000.1.A	2677	2571.5	118	1.82003
Gorai.008G218000.1.D	2677	2571.5	187	2.88429
Gorai.008G218100.1.A	1685	1579.5	27.7742	0.697438
Gorai.008G218100.1.D	1685	1579.5	13.2258	0.332113
Gorai.008G218200.1.A	2657	2551.5	45.5	0.707294
Gorai.008G218200.1.D	2657	2551.5	84.5	1.31355
Gorai.008G218300.1.A	2786	2680.5	220.41	3.26137
Gorai.008G218300.1.D	2786	2680.5	270.813	4.00717
Gorai.008G218400.1.A	1992	1886.5	14.2792	0.300213
Gorai.008G218400.1.D	1992	1886.5	64.4976	1.35603
Gorai.008G218500.1.A	621	515.505	62.25	4.78952
Gorai.008G218500.1.D	621	515.505	20.75	1.59651
Gorai.008G218600.1.A	932	826.505	21	1.00776
Gorai.008G218600.1.D	932	826.505	0	0
Gorai.008G218700.1.A	3733	3627.5	1222.27	13.3643
Gorai.008G218700.1.D	3733	3627.5	1269.5	13.8806
Gorai.008G218800.1.A	761	655.505	15.1456	0.916424
Gorai.008G218800.1.D	761	655.505	88.8544	5.37635
Gorai.008G218900.1.A	1765	1659.5	4	0.0956019
Gorai.008G218900.1.D	1765	1659.5	4	0.0956019
Gorai.008G219000.1.A	3652	3546.5	286.666	3.20598
Gorai.008G219000.1.D	3652	3546.5	228.86	2.5595
Gorai.008G219100.1.A	3998	3892.5	18.8669	0.192246
Gorai.008G219100.1.D	3998	3892.5	19.607	0.199786
Gorai.008G219200.1.A	620	514.505	0	0
Gorai.008G219200.1.D	620	514.505	0	0
Gorai.008G219300.1.A	770	664.505	1	0.059688
Gorai.008G219300.1.D	770	664.505	4	0.238752
Gorai.008G219400.1.A	1621	1515.5	452.036	11.8304
Gorai.008G219400.1.D	1621	1515.5	262.964	6.88213
Gorai.008G219500.1.A	2539	2433.5	57.1478	0.931435
Gorai.008G219500.1.D	2539	2433.5	66.8522	1.0896
Gorai.008G219600.1.A	1638	1532.5	47.4227	1.22735
Gorai.008G219600.1.D	1638	1532.5	513.577	13.292
Gorai.008G219700.1.A	3252	3146.5	768.378	9.68571
Gorai.008G219700.1.D	3252	3146.5	985.622	12.4242
Gorai.008G219800.1.A	2636	2530.5	697.837	10.9378
Gorai.008G219800.1.D	2636	2530.5	1.16306	0.0182297
Gorai.008G219900.1.A	1215	1109.5	79.1273	2.82867
Gorai.008G219900.1.D	1215	1109.5	48.8727	1.74712
Gorai.008G220000.1.A	2628	2522.5	355.929	5.5965
Gorai.008G220000.1.D	2628	2522.5	460.071	7.23399
Gorai.008G220100.1.A	2235	2129.5	82.9688	1.54533
Gorai.008G220100.1.D	2235	2129.5	94.0312	1.75137
Gorai.008G220200.1.A	816	710.505	0	0
Gorai.008G220200.1.D	816	710.505	0	0
Gorai.008G220300.1.A	3224	3118.5	130.327	1.65757
Gorai.008G220300.1.D	3224	3118.5	42.6733	0.542744
Gorai.008G220400.1.A	1618	1512.5	318.728	8.3581
Gorai.008G220400.1.D	1618	1512.5	399.272	10.4703
Gorai.008G220500.1.A	2680	2574.5	10.6143	0.163524
Gorai.008G220500.1.D	2680	2574.5	469.386	7.23138
Gorai.008G220600.1.A	180	77.7296	161	82.1532
Gorai.008G220600.1.D	180	77.7296	161	82.1532
Gorai.008G220700.1.A	1311	1205.5	5018.39	165.113
Gorai.008G220700.1.D	1311	1205.5	2921.88	96.1343
Gorai.008G220800.1.A	1881	1775.5	2	0.0446779
Gorai.008G220800.1.D	1881	1775.5	7	0.156373
Gorai.008G220900.1.A	897	791.505	0	0
Gorai.008G220900.1.D	897	791.505	7	0.350776
Gorai.008G221000.1.A	2394	2288.5	8.5	0.147317
Gorai.008G221000.1.D	2394	2288.5	25.5	0.44195
Gorai.008G221100.1.A	829	723.505	0	0
Gorai.008G221100.1.D	829	723.505	2	0.109641
Gorai.008G221200.1.A	1545	1439.5	24.8	0.683319
Gorai.008G221200.1.D	1545	1439.5	6.2	0.17083
Gorai.008G221300.1.A	2457	2351.5	44.0323	0.742694
Gorai.008G221300.1.D	2457	2351.5	20.9677	0.353664
Gorai.008G221400.1.A	2824	2718.5	98.4554	1.43646
Gorai.008G221400.1.D	2824	2718.5	127.545	1.86087
Gorai.008G221500.1.A	3179	3073.5	270.784	3.49441
Gorai.008G221500.1.D	3179	3073.5	213.216	2.75151
Gorai.008G221600.1.A	1177	1071.5	431.861	15.9858
Gorai.008G221600.1.D	1177	1071.5	416.769	15.4272
Gorai.008G221700.1.A	3071	2965.5	495.634	6.62898
Gorai.008G221700.1.D	3071	2965.5	585.868	7.83584
Gorai.008G221800.1.A	2030	1924.5	1864.64	38.4293
Gorai.008G221800.1.D	2030	1924.5	3171.36	65.3598
Gorai.008G221900.1.A	1265	1159.5	0.5	0.0171034
Gorai.008G221900.1.D	1265	1159.5	0.5	0.0171034
Gorai.008G222000.1.A	228	123.486	0	0
Gorai.008G222000.1.D	228	123.486	0	0
Gorai.008G222100.1.A	1668	1562.5	0	0
Gorai.008G222100.1.D	1668	1562.5	0	0
Gorai.008G222200.1.A	3079	2973.5	368.213	4.91152
Gorai.008G222200.1.D	3079	2973.5	206.787	2.75828
Gorai.008G222300.1.A	1493	1387.5	60.2027	1.72094
Gorai.008G222300.1.D	1493	1387.5	104.797	2.99572
Gorai.008G222400.1.A	1974	1868.5	4	0.0849084
Gorai.008G222400.1.D	1974	1868.5	12	0.254725
Gorai.008G222500.1.A	1500	1394.5	55.5789	1.58079
Gorai.008G222500.1.D	1500	1394.5	16.4211	0.467053
Gorai.008G222600.1.A	1506	1400.5	4539.67	128.566
Gorai.008G222600.1.D	1506	1400.5	5525.33	156.48
Gorai.008G222700.1.A	2805	2699.5	4	0.0587707
Gorai.008G222700.1.D	2805	2699.5	0	0
Gorai.008G222800.1.A	2609	2503.5	42	0.665405
Gorai.008G222800.1.D	2609	2503.5	49	0.776305
Gorai.008G222900.1.A	1567	1461.5	1	0.0271384
Gorai.008G222900.1.D	1567	1461.5	0	0
Gorai.008G223000.1.A	2397	2291.5	0	0
Gorai.008G223000.1.D	2397	2291.5	3	0.0519261
Gorai.008G223100.1.A	2292	2186.5	0	0
Gorai.008G223100.1.D	2292	2186.5	0	0
Gorai.008G223200.1.A	3571	3465.5	93.1408	1.066
Gorai.008G223200.1.D	3571	3465.5	250.859	2.8711
Gorai.008G223300.1.A	2177	2071.5	764.495	14.6377
Gorai.008G223300.1.D	2177	2071.5	677.505	12.9721
Gorai.008G223400.1.A	3175	3069.5	60.0354	0.775754
Gorai.008G223400.1.D	3175	3069.5	67.9646	0.878212
Gorai.008G223500.1.A	2058	1952.5	79.5676	1.61633
Gorai.008G223500.1.D	2058	1952.5	656.432	13.3347
Gorai.008G223600.1.A	1463	1357.5	1	0.0292175
Gorai.008G223600.1.D	1463	1357.5	8	0.23374
Gorai.008G223700.1.A	3958	3852.5	3987.76	41.0555
Gorai.008G223700.1.D	3958	3852.5	1362.24	14.0247
Gorai.008G223800.1.A	1919	1813.5	2.66667	0.0583223
Gorai.008G223800.1.D	1919	1813.5	5.33333	0.116645
Gorai.008G223900.1.A	347	241.63	0	0
Gorai.008G223900.1.D	347	241.63	0	0
Gorai.008G224000.1.A	1106	1000.5	445.745	17.6706
Gorai.008G224000.1.D	1106	1000.5	743.255	29.4648
Gorai.008G224100.1.A	1524	1418.5	45.8969	1.28333
Gorai.008G224100.1.D	1524	1418.5	60.1031	1.68055
Gorai.008G224200.1.A	2867	2761.5	3386.24	48.6359
Gorai.008G224200.1.D	2867	2761.5	2995.76	43.0275
Gorai.008G224300.1.A	1504	1398.5	16.9412	0.480468
Gorai.008G224300.1.D	1504	1398.5	73.0588	2.07202
Gorai.008G224400.1.A	2172	2066.5	50.4783	0.968842
Gorai.008G224400.1.D	2172	2066.5	273.522	5.24977
Gorai.008G224500.1.A	4206	4100.5	78.9871	0.764018
Gorai.008G224500.1.D	4206	4100.5	80.0129	0.773941
Gorai.008G224600.1.A	981	875.505	0	0
Gorai.008G224600.1.D	981	875.505	1	0.0453029
Gorai.008G224700.1.A	1358	1252.5	3.06122	0.0969395
Gorai.008G224700.1.D	1358	1252.5	96.9388	3.06975
Gorai.008G224800.1.A	1069	963.505	109.762	4.51837
Gorai.008G224800.1.D	1069	963.505	329.285	13.5551
Gorai.008G224900.1.A	1839	1733.5	283.749	6.49223
Gorai.008G224900.1.D	1839	1733.5	178.283	4.07915
Gorai.008G225000.1.A	439	333.583	9.31386	1.10742
Gorai.008G225000.1.D	439	333.583	68.6546	8.16302
Gorai.008G225100.1.A	1029	923.505	13.6	0.584097
Gorai.008G225100.1.D	1029	923.505	3.4	0.146024
Gorai.008G225200.1.A	2373	2267.5	99.2618	1.73628
Gorai.008G225200.1.D	2373	2267.5	237.738	4.15849
Gorai.008G225300.1.A	2496	2390.5	430.965	7.15051
Gorai.008G225300.1.D	2496	2390.5	436.035	7.23464
Gorai.008G225400.1.A	4217	4111.5	8.88889	0.0857495
Gorai.008G225400.1.D	4217	4111.5	1.11111	0.0107187
Gorai.008G225500.1.A	1872	1766.5	235.539	5.2885
Gorai.008G225500.1.D	1872	1766.5	211.461	4.7479
Gorai.008G225600.1.A	1530	1424.5	7	0.194903
Gorai.008G225600.1.D	1530	1424.5	2	0.0556866
Gorai.008G225700.1.A	1006	900.505	1	0.0440452
Gorai.008G225700.1.D	1006	900.505	0	0
Gorai.008G225800.1.A	2096	1990.5	4.5	0.0896673
Gorai.008G225800.1.D	2096	1990.5	1.5	0.0298891
Gorai.008G225900.1.A	1632	1526.5	41.9048	1.08881
Gorai.008G225900.1.D	1632	1526.5	46.0952	1.19769
Gorai.008G226000.1.A	1232	1126.5	2.25	0.0792199
Gorai.008G226000.1.D	1232	1126.5	6.75	0.23766
Gorai.008G226100.1.A	1903	1797.5	225.724	4.98072
Gorai.008G226100.1.D	1903	1797.5	221.276	4.88258
Gorai.008G226200.1.A	1582	1476.5	304.857	8.18929
Gorai.008G226200.1.D	1582	1476.5	1081.14	29.0424
Gorai.008G226300.1.A	2772	2666.5	321.854	4.78742
Gorai.008G226300.1.D	2772	2666.5	110.146	1.63836
Gorai.008G226400.1.A	342	236.63	0	0
Gorai.008G226400.1.D	342	236.63	0	0
Gorai.008G226500.1.A	633	527.505	83.5242	6.28017
Gorai.008G226500.1.D	633	527.505	396.476	29.8109
Gorai.008G226600.1.A	1473	1367.5	1669.79	48.4303
Gorai.008G226600.1.D	1473	1367.5	936.944	27.175
Gorai.008G226700.1.A	3910	3804.5	493.73	5.14726
Gorai.008G226700.1.D	3910	3804.5	516.27	5.38225
Gorai.008G226800.1.A	639	533.505	2	0.148688
Gorai.008G226800.1.D	639	533.505	0	0
Gorai.008G226900.1.A	1477	1371.5	0	0
Gorai.008G226900.1.D	1477	1371.5	2	0.0578386
Gorai.008G227000.1.A	360	254.63	224	34.8918
Gorai.008G227000.1.D	360	254.63	0	0
Gorai.008G227100.1.A	2229	2123.5	241.803	4.51642
Gorai.008G227100.1.D	2229	2123.5	59.1967	1.10568
Gorai.008G227200.1.A	1108	1002.5	10	0.395638
Gorai.008G227200.1.D	1108	1002.5	0	0
Gorai.008G227300.1.A	833	727.505	97.1429	5.29615
Gorai.008G227300.1.D	833	727.505	72.8571	3.97211
Gorai.008G227400.1.A	954	848.505	14.1176	0.659923
Gorai.008G227400.1.D	954	848.505	5.88235	0.274968
Gorai.008G227500.1.A	1441	1335.5	168.852	5.01472
Gorai.008G227500.1.D	1441	1335.5	163.148	4.8453
Gorai.008G227600.1.A	2877	2771.5	788.917	11.2902
Gorai.008G227600.1.D	2877	2771.5	679.083	9.71834
Gorai.008G227700.1.A	2104	1998.5	67.0345	1.33039
Gorai.008G227700.1.D	2104	1998.5	4.96552	0.0985472
Gorai.008G227800.1.A	2092	1986.5	44.2881	0.884266
Gorai.008G227800.1.D	2092	1986.5	22.7119	0.45347
Gorai.008G227900.1.A	2371	2265.5	3	0.052522
Gorai.008G227900.1.D	2371	2265.5	2	0.0350147
Gorai.008G228000.1.A	3166	3060.5	70.6818	0.916008
Gorai.008G228000.1.D	3166	3060.5	97.3541	1.26167
Gorai.008G228100.1.A	1661	1555.5	98.6733	2.51601
Gorai.008G228100.1.D	1661	1555.5	52.3267	1.33425
Gorai.008G228200.1.A	2284	2178.5	98.9767	1.80202
Gorai.008G228200.1.D	2284	2178.5	53.0233	0.965368
Gorai.008G228300.1.A	2916	2810.5	70.2574	0.991499
Gorai.008G228300.1.D	2916	2810.5	202.743	2.86118
Gorai.008G228400.1.A	1240	1134.5	3	0.104882
Gorai.008G228400.1.D	1240	1134.5	4	0.139842
Gorai.008G228500.1.A	1429	1323.5	245.361	7.35301
Gorai.008G228500.1.D	1429	1323.5	462.639	13.8644
Gorai.008G228600.1.A	2511	2405.5	20.4819	0.337714
Gorai.008G228600.1.D	2511	2405.5	79.5181	1.31113
Gorai.008G228700.1.A	1694	1588.5	325.429	8.12554
Gorai.008G228700.1.D	1694	1588.5	363.479	9.07561
Gorai.008G228800.1.A	2319	2213.5	0	0
Gorai.008G228800.1.D	2319	2213.5	16	0.286698
Gorai.008G228900.1.A	2562	2456.5	2203.13	35.5719
Gorai.008G228900.1.D	2562	2456.5	1229.87	19.8576
Gorai.008G229000.1.A	873	767.505	5	0.258389
Gorai.008G229000.1.D	873	767.505	6	0.310067
Gorai.008G229100.1.A	660	554.505	0	0
Gorai.008G229100.1.D	660	554.505	0	0
Gorai.008G229200.1.A	2934	2828.5	11.0081	0.154362
Gorai.008G229200.1.D	2934	2828.5	12.045	0.168902
Gorai.008G229300.1.A	1210	1104.5	7.9469	0.285374
Gorai.008G229300.1.D	1210	1104.5	0	0
Gorai.008G229400.1.A	1662	1556.5	364.065	9.27713
Gorai.008G229400.1.D	1662	1556.5	218.826	5.57613
Gorai.008G229500.1.A	2712	2606.5	17.2572	0.262602
Gorai.008G229500.1.D	2712	2606.5	31.8519	0.484687
Gorai.008G229600.1.A	4670	4564.5	317.676	2.76042
Gorai.008G229600.1.D	4670	4564.5	29.3239	0.254808
Gorai.008G229700.1.A	884	778.505	2777.31	141.497
Gorai.008G229700.1.D	884	778.505	2940.69	149.821
Gorai.008G229800.1.A	1948	1842.5	354.957	7.64104
Gorai.008G229800.1.D	1948	1842.5	684.043	14.7251
Gorai.008G229900.1.A	1246	1140.5	17.7551	0.617463
Gorai.008G229900.1.D	1246	1140.5	40.2449	1.39958
Gorai.008G230000.1.A	1750	1644.5	876.884	21.1491
Gorai.008G230000.1.D	1750	1644.5	2276.12	54.8964
Gorai.008G230100.1.A	2183	2077.5	14.0345	0.267941
Gorai.008G230100.1.D	2183	2077.5	22.9655	0.438449
Gorai.008G230200.1.A	1916	1810.5	0	0
Gorai.008G230200.1.D	1916	1810.5	124	2.71648
Gorai.008G230300.1.A	1176	1070.5	890.954	33.0105
Gorai.008G230300.1.D	1176	1070.5	659.046	24.4181
Gorai.008G230400.1.A	1640	1534.5	355	9.17582
Gorai.008G230400.1.D	1640	1534.5	0	0
Gorai.008G230500.1.A	729	623.505	41.1887	2.62013
Gorai.008G230500.1.D	729	623.505	17.8113	1.13303
Gorai.008G230600.1.A	2336	2230.5	160.676	2.85714
Gorai.008G230600.1.D	2336	2230.5	451.324	8.02547
Gorai.008G230700.1.A	1736	1630.5	16	0.389209
Gorai.008G230700.1.D	1736	1630.5	57	1.38656
Gorai.008G230800.1.A	1341	1235.5	130.396	4.18606
Gorai.008G230800.1.D	1341	1235.5	110.604	3.55067
Gorai.008G230900.1.A	5796	5690.5	3.97674	0.027718
Gorai.008G230900.1.D	5796	5690.5	110.023	0.766864
Gorai.008G231000.1.A	1588	1482.5	8.93506	0.239049
Gorai.008G231000.1.D	1588	1482.5	77.0649	2.0618
Gorai.008G231100.1.A	1163	1057.5	76.1951	2.85779
Gorai.008G231100.1.D	1163	1057.5	55.8049	2.09303
Gorai.008G231200.1.A	1713	1607.5	7.56	0.186532
Gorai.008G231200.1.D	1713	1607.5	19.44	0.479655
Gorai.008G231300.1.A	1293	1187.5	232.174	7.75466
Gorai.008G231300.1.D	1293	1187.5	212.826	7.10844
Gorai.008G231400.1.A	3257	3151.5	13	0.16361
Gorai.008G231400.1.D	3257	3151.5	10	0.125854
Gorai.008G231500.1.A	2578	2472.5	359.877	5.77301
Gorai.008G231500.1.D	2578	2472.5	566.123	9.08152
Gorai.008G231600.1.A	1124	1018.5	330.755	12.8804
Gorai.008G231600.1.D	1124	1018.5	291.245	11.3418
Gorai.008G231700.1.A	1259	1153.5	1181.58	40.6283
Gorai.008G231700.1.D	1259	1153.5	1318.42	45.3335
Gorai.008G231800.1.A	2281	2175.5	138.289	2.52123
Gorai.008G231800.1.D	2281	2175.5	8.71111	0.158818
Gorai.008G231900.1.A	1863	1757.5	0	0
Gorai.008G231900.1.D	1863	1757.5	0	0
Gorai.008G232000.1.A	914	808.505	1.90437	0.093423
Gorai.008G232000.1.D	914	808.505	1.90437	0.093423
Gorai.008G232100.1.A	811	705.505	0	0
Gorai.008G232100.1.D	811	705.505	1	0.0562192
Gorai.008G232200.1.A	1249	1143.5	198.367	6.88044
Gorai.008G232200.1.D	1249	1143.5	174.824	6.06386
Gorai.008G232300.1.A	783	677.505	0	0
Gorai.008G232300.1.D	783	677.505	0	0
Gorai.008G232400.1.A	1228	1122.5	125.271	4.42636
Gorai.008G232400.1.D	1228	1122.5	205.729	7.2693
Gorai.008G232500.1.A	768	662.505	25.6757	1.53716
Gorai.008G232500.1.D	768	662.505	12.3243	0.737835
Gorai.008G232600.1.A	947	841.505	6	0.2828
Gorai.008G232600.1.D	947	841.505	0	0
Gorai.008G232700.1.A	1350	1244.5	17	0.541798
Gorai.008G232700.1.D	1350	1244.5	21	0.66928
Gorai.008G232800.1.A	3172	3066.5	0	0
Gorai.008G232800.1.D	3172	3066.5	0	0
Gorai.008G232900.1.A	1310	1204.5	51.6972	1.70233
Gorai.008G232900.1.D	1310	1204.5	63.3028	2.08449
Gorai.008G233000.1.A	1396	1290.5	700.025	21.5149
Gorai.008G233000.1.D	1396	1290.5	424.975	13.0614
Gorai.008G233100.1.A	1781	1675.5	34.4857	0.816354
Gorai.008G233100.1.D	1781	1675.5	36.5143	0.864375
Gorai.008G233200.1.A	1783	1677.5	128.618	3.04106
Gorai.008G233200.1.D	1783	1677.5	126.382	2.98817
Gorai.008G233300.1.A	1534	1428.5	9	0.249888
Gorai.008G233300.1.D	1534	1428.5	7	0.194357
Gorai.008G233400.1.A	3552	3446.5	166.812	1.91971
Gorai.008G233400.1.D	3552	3446.5	139.188	1.60179
Gorai.008G233500.1.A	1586	1480.5	68.3303	1.83058
Gorai.008G233500.1.D	1586	1480.5	83.6697	2.24152
Gorai.008G233600.1.A	2397	2291.5	1040.6	18.0115
Gorai.008G233600.1.D	2397	2291.5	1513.4	26.1949
Gorai.008G233700.1.A	2846	2740.5	287.477	4.16061
Gorai.008G233700.1.D	2846	2740.5	241.523	3.49553
Gorai.008G233800.1.A	1265	1159.5	226.521	7.74854
Gorai.008G233800.1.D	1265	1159.5	250.479	8.5681
Gorai.008G233900.1.A	3633	3527.5	187.788	2.11147
Gorai.008G233900.1.D	3633	3527.5	159.212	1.79016
Gorai.008G234000.1.A	757	651.505	2245.06	136.677
Gorai.008G234000.1.D	757	651.505	1725.94	105.073
Gorai.008G234100.1.A	2379	2273.5	1.4375	0.0250782
Gorai.008G234100.1.D	2379	2273.5	44.5625	0.777425
Gorai.008G234200.1.A	1707	1601.5	27.9153	0.691351
Gorai.008G234200.1.D	1707	1601.5	33.0847	0.819378
Gorai.008G234300.1.A	792	686.505	509.342	29.4274
Gorai.008G234300.1.D	792	686.505	695.658	40.1918
Gorai.008G234400.1.A	2480	2374.5	126.621	2.11504
Gorai.008G234400.1.D	2480	2374.5	10.3788	0.173364
Gorai.008G234500.1.A	6937	6831.5	368.948	2.14207
Gorai.008G234500.1.D	6937	6831.5	400.052	2.32265
Gorai.008G234600.1.A	2387	2281.5	226.305	3.93422
Gorai.008G234600.1.D	2387	2281.5	38.6947	0.67269
Gorai.008G234700.1.A	1014	908.505	1	0.0436574
Gorai.008G234700.1.D	1014	908.505	0	0
Gorai.008G234800.1.A	1357	1251.5	19	0.602152
Gorai.008G234800.1.D	1357	1251.5	1	0.0316922
Gorai.008G234900.1.A	852	746.505	0	0
Gorai.008G234900.1.D	852	746.505	0	0
Gorai.008G235000.1.A	2849	2743.5	35.6296	0.515099
Gorai.008G235000.1.D	2849	2743.5	1.37037	0.0198115
Gorai.008G235100.1.A	1348	1242.5	71.7363	2.28995
Gorai.008G235100.1.D	1348	1242.5	216.264	6.90352
Gorai.008G235200.1.A	1816	1710.5	379.609	8.80231
Gorai.008G235200.1.D	1816	1710.5	261.391	6.06111
Gorai.008G235300.1.A	1056	950.505	0	0
Gorai.008G235300.1.D	1056	950.505	3	0.125185
Gorai.008G235400.1.A	1776	1670.5	790.11	18.7596
Gorai.008G235400.1.D	1776	1670.5	1587.89	37.7014
Gorai.008G235500.1.A	899	793.505	0	0
Gorai.008G235500.1.D	899	793.505	9	0.449861
Gorai.008G235600.1.A	1347	1241.5	15	0.479212
Gorai.008G235600.1.D	1347	1241.5	0	0
Gorai.008G235700.1.A	1536	1430.5	399.951	11.0893
Gorai.008G235700.1.D	1536	1430.5	349.049	9.67791
Gorai.008G235800.1.A	617	511.505	1	0.0775417
Gorai.008G235800.1.D	617	511.505	0	0
Gorai.008G235900.1.A	1137	1031.5	67.7181	2.60386
Gorai.008G235900.1.D	1137	1031.5	176.282	6.77831
Gorai.008G236000.1.A	2760	2654.5	27.4586	0.41028
Gorai.008G236000.1.D	2760	2654.5	138.541	2.07005
Gorai.008G236100.1.A	2245	2139.5	257.724	4.77779
Gorai.008G236100.1.D	2245	2139.5	468.276	8.68107
Gorai.008G236200.1.A	966	860.505	1	0.0460927
Gorai.008G236200.1.D	966	860.505	0	0
Gorai.008G236300.1.A	839	733.505	0	0
Gorai.008G236300.1.D	839	733.505	0	0
Gorai.008G236400.1.A	1775	1669.5	9.5	0.225694
Gorai.008G236400.1.D	1775	1669.5	9.5	0.225694
Gorai.008G236500.1.A	881	775.505	10.6667	0.545543
Gorai.008G236500.1.D	881	775.505	5.33333	0.272772
Gorai.008G236600.1.A	2489	2383.5	4	0.0665624
Gorai.008G236600.1.D	2489	2383.5	136.052	2.26399
Gorai.008G236700.1.A	2347	2241.5	88.4062	1.56433
Gorai.008G236700.1.D	2347	2241.5	49.5938	0.877551
Gorai.008G236800.1.A	2191	2085.5	469.985	8.93836
Gorai.008G236800.1.D	2191	2085.5	147.015	2.79599
Gorai.008G236900.1.A	422	316.583	0	0
Gorai.008G236900.1.D	422	316.583	0	0
Gorai.008G237000.1.A	1186	1080.5	2.66667	0.0978874
Gorai.008G237000.1.D	1186	1080.5	5.33333	0.195775
Gorai.008G237100.1.A	3310	3204.5	223.804	2.77008
Gorai.008G237100.1.D	3310	3204.5	69.1956	0.856451
Gorai.008G237200.1.A	1808	1702.5	89.01	2.07365
Gorai.008G237200.1.D	1808	1702.5	117.99	2.74879
Gorai.008G237300.1.A	1019	913.505	143.027	6.21002
Gorai.008G237300.1.D	1019	913.505	202.973	8.81275
Gorai.008G237400.1.A	528	422.551	84	7.88469
Gorai.008G237400.1.D	528	422.551	84	7.88469
Gorai.008G237500.1.A	1896	1790.5	0	0
Gorai.008G237500.1.D	1896	1790.5	2	0.0443036
Gorai.008G237600.1.A	773	667.505	664.646	39.4931
Gorai.008G237600.1.D	773	667.505	991.354	58.906
Gorai.008G237700.1.A	675	569.505	0	0
Gorai.008G237700.1.D	675	569.505	13	0.90538
Gorai.008G237800.1.A	875	769.505	1461.14	75.3121
Gorai.008G237800.1.D	875	769.505	1294.86	66.7417
Gorai.008G237900.1.A	556	450.551	0	0
Gorai.008G237900.1.D	556	450.551	0	0
Gorai.008G238000.1.A	1652	1546.5	6	0.153881
Gorai.008G238000.1.D	1652	1546.5	0	0
Gorai.008G238100.1.A	1356	1250.5	118.346	3.75363
Gorai.008G238100.1.D	1356	1250.5	171.654	5.44446
Gorai.008G238200.1.A	990	884.505	0	0
Gorai.008G238200.1.D	990	884.505	0	0
Gorai.008G238300.1.A	2968	2862.5	100.349	1.39044
Gorai.008G238300.1.D	2968	2862.5	60.6507	0.840377
Gorai.008G238400.1.A	606	500.551	3.75	0.297144
Gorai.008G238400.1.D	606	500.551	1.25	0.0990481
Gorai.008G238500.1.A	615	509.505	0	0
Gorai.008G238500.1.D	615	509.505	0	0
Gorai.008G238600.1.A	621	515.505	0	0
Gorai.008G238600.1.D	621	515.505	2	0.15388
Gorai.008G238700.1.A	294	188.687	0	0
Gorai.008G238700.1.D	294	188.687	0	0
Gorai.008G238800.1.A	1376	1270.5	68.6239	2.14232
Gorai.008G238800.1.D	1376	1270.5	101.376	3.16479
Gorai.008G238900.1.A	1161	1055.5	153.085	5.75253
Gorai.008G238900.1.D	1161	1055.5	294.915	11.0821
Gorai.008G239000.1.A	991	885.505	9.14616	0.409669
Gorai.008G239000.1.D	991	885.505	9.14616	0.409669
Gorai.008G239100.1.A	1172	1066.5	0	0
Gorai.008G239100.1.D	1172	1066.5	13.1834	0.490285
Gorai.008G239200.1.A	2098	1992.5	19.3012	0.384211
Gorai.008G239200.1.D	2098	1992.5	69.6988	1.38743
Gorai.008G239300.1.A	1392	1286.5	76.8776	2.37014
Gorai.008G239300.1.D	1392	1286.5	379.122	11.6883
Gorai.008G239400.1.A	692	586.505	2421.44	163.752
Gorai.008G239400.1.D	692	586.505	2777.56	187.835
Gorai.008G239500.1.A	3194	3088.5	5.98855	0.0769056
Gorai.008G239500.1.D	3194	3088.5	31.1356	0.399846
Gorai.008G239600.1.A	2426	2320.5	51.0819	0.873111
Gorai.008G239600.1.D	2426	2320.5	15.794	0.269957
Gorai.008G239700.1.A	1068	962.505	0	0
Gorai.008G239700.1.D	1068	962.505	7	0.288456
Gorai.008G239800.1.A	2204	2098.5	1401.31	26.4855
Gorai.008G239800.1.D	2204	2098.5	446.694	8.44278
Gorai.008G239900.1.A	2581	2475.5	307.69	4.92986
Gorai.008G239900.1.D	2581	2475.5	371.31	5.94919
Gorai.008G240000.1.A	1924	1818.5	38.3821	0.837141
Gorai.008G240000.1.D	1924	1818.5	165.894	3.61828
Gorai.008G240100.1.A	761	655.505	3.31429	0.200539
Gorai.008G240100.1.D	761	655.505	54.6857	3.3089
Gorai.008G240200.1.A	1383	1277.5	51.3874	1.59543
Gorai.008G240200.1.D	1383	1277.5	72.6126	2.25442
Gorai.008G240300.1.A	928	822.505	3	0.144666
Gorai.008G240300.1.D	928	822.505	5	0.241111
Gorai.008G240400.1.A	973	867.505	196.339	8.97675
Gorai.008G240400.1.D	973	867.505	132.661	6.06537
Gorai.008G240500.1.A	822	716.505	1552.94	85.9646
Gorai.008G240500.1.D	822	716.505	469.063	25.9655
Gorai.008G240600.1.A	1194	1088.5	307.529	11.2058
Gorai.008G240600.1.D	1194	1088.5	283.471	10.3291
Gorai.008G240700.1.A	1751	1645.5	0	0
Gorai.008G240700.1.D	1751	1645.5	0	0
Gorai.008G240800.1.A	3302	3196.5	731.547	9.0772
Gorai.008G240800.1.D	3302	3196.5	581.966	7.22116
Gorai.008G240900.1.A	1317	1211.5	1251.42	40.9697
Gorai.008G240900.1.D	1317	1211.5	954.581	31.2516
Gorai.008G241000.1.A	367	261.583	10	1.51627
Gorai.008G241000.1.D	367	261.583	1	0.151627
Gorai.008G241100.1.A	1086	980.505	162.725	6.5825
Gorai.008G241100.1.D	1086	980.505	30.2745	1.22465
Gorai.008G241200.1.A	1750	1644.5	531.406	12.8167
Gorai.008G241200.1.D	1750	1644.5	498.928	12.0334
Gorai.008G241300.1.A	3455	3349.5	519.886	6.1562
Gorai.008G241300.1.D	3455	3349.5	1005.11	11.902
Gorai.008G241400.1.A	1927	1821.5	3	0.0653245
Gorai.008G241400.1.D	1927	1821.5	5	0.108874
Gorai.008G241500.1.A	2449	2343.5	17.4048	0.294569
Gorai.008G241500.1.D	2449	2343.5	25.5952	0.43319
Gorai.008G241600.1.A	720	614.505	0	0
Gorai.008G241600.1.D	720	614.505	0	0
Gorai.008G241700.1.A	2067	1961.5	1900.03	38.4198
Gorai.008G241700.1.D	2067	1961.5	1785.97	36.1136
Gorai.008G241800.1.A	1286	1180.5	21.3158	0.716174
Gorai.008G241800.1.D	1286	1180.5	5.68421	0.19098
Gorai.008G241900.1.A	1714	1608.5	78.3365	1.93164
Gorai.008G241900.1.D	1714	1608.5	31.2509	0.770592
Gorai.008G242000.1.A	909	803.505	0	0
Gorai.008G242000.1.D	909	803.505	0	0
Gorai.008G242100.1.A	1005	899.505	0	0
Gorai.008G242100.1.D	1005	899.505	0	0
Gorai.008G242200.1.A	1454	1348.5	1	0.0294125
Gorai.008G242200.1.D	1454	1348.5	1	0.0294125
Gorai.008G242300.1.A	1496	1390.5	9.73913	0.2778
Gorai.008G242300.1.D	1496	1390.5	18.2609	0.520875
Gorai.008G242400.1.A	2048	1942.5	504.731	10.3058
Gorai.008G242400.1.D	2048	1942.5	328.269	6.70275
Gorai.008G242500.1.A	602	496.551	0	0
Gorai.008G242500.1.D	602	496.551	0	0
Gorai.008G242600.1.A	724	618.505	6	0.384763
Gorai.008G242600.1.D	724	618.505	0	0
Gorai.008G242700.1.A	587	481.551	0	0
Gorai.008G242700.1.D	587	481.551	0	0
Gorai.008G242800.1.A	1540	1434.5	443.177	12.2535
Gorai.008G242800.1.D	1540	1434.5	430.975	11.9161
Gorai.008G242900.1.A	2229	2123.5	514.659	9.61283
Gorai.008G242900.1.D	2229	2123.5	475.189	8.87561
Gorai.008G243000.1.A	1561	1455.5	43.8806	1.19576
Gorai.008G243000.1.D	1561	1455.5	166.119	4.5268
Gorai.008G243100.1.A	1922	1816.5	44.3243	0.967811
Gorai.008G243100.1.D	1922	1816.5	35.6757	0.77897
Gorai.008G243200.1.A	2194	2088.5	1	0.0189911
Gorai.008G243200.1.D	2194	2088.5	0	0
Gorai.008G243300.1.A	1774	1668.5	0	0
Gorai.008G243300.1.D	1774	1668.5	0	0
Gorai.008G243400.1.A	2789	2683.5	58.9206	0.870863
Gorai.008G243400.1.D	2789	2683.5	69.0794	1.02101
Gorai.008G243500.1.A	2027	1921.5	2	0.0412832
Gorai.008G243500.1.D	2027	1921.5	4	0.0825664
Gorai.008G243600.1.A	1248	1142.5	0	0
Gorai.008G243600.1.D	1248	1142.5	5	0.173579
Gorai.008G243700.1.A	954	848.505	0	0
Gorai.008G243700.1.D	954	848.505	0	0
Gorai.008G243800.1.A	2577	2471.5	0	0
Gorai.008G243800.1.D	2577	2471.5	1	0.0160481
Gorai.008G243900.1.A	2767	2661.5	4	0.0596098
Gorai.008G243900.1.D	2767	2661.5	10	0.149024
Gorai.008G244000.1.A	2362	2256.5	379.915	6.67782
Gorai.008G244000.1.D	2362	2256.5	525.085	9.22951
Gorai.008G244100.1.A	1594	1488.5	0	0
Gorai.008G244100.1.D	1594	1488.5	1	0.0266462
Gorai.008G244200.1.A	1009	903.505	0	0
Gorai.008G244200.1.D	1009	903.505	0	0
Gorai.008G244300.1.A	1900	1794.5	219.882	4.85993
Gorai.008G244300.1.D	1900	1794.5	1077.12	23.8069
Gorai.008G244400.1.A	1904	1798.5	106.353	2.34543
Gorai.008G244400.1.D	1904	1798.5	119.647	2.63861
Gorai.008G244500.1.A	1105	999.505	1	0.0396826
Gorai.008G244500.1.D	1105	999.505	0	0
Gorai.008G244600.1.A	1432	1326.5	127.427	3.81012
Gorai.008G244600.1.D	1432	1326.5	3.57273	0.106826
Gorai.008G244700.1.A	540	434.551	0	0
Gorai.008G244700.1.D	540	434.551	0	0
Gorai.008G244800.1.A	772	666.505	0	0
Gorai.008G244800.1.D	772	666.505	2	0.119018
Gorai.008G244900.1.A	886	780.505	0	0
Gorai.008G244900.1.D	886	780.505	0	0
Gorai.008G245000.1.A	717	611.505	0	0
Gorai.008G245000.1.D	717	611.505	5	0.324306
Gorai.008G245100.1.A	2994	2888.5	117.391	1.61194
Gorai.008G245100.1.D	2994	2888.5	98.6087	1.35403
Gorai.008G245200.1.A	2828	2722.5	76.1749	1.10976
Gorai.008G245200.1.D	2828	2722.5	128.825	1.8768
Gorai.008G245300.1.A	1253	1147.5	202.663	7.00496
Gorai.008G245300.1.D	1253	1147.5	15.3367	0.530105
Gorai.008G245400.1.A	1069	963.505	1496.25	61.5937
Gorai.008G245400.1.D	1069	963.505	1321.16	54.3859
Gorai.008G245500.1.A	3779	3673.5	38.9588	0.42064
Gorai.008G245500.1.D	3779	3673.5	140.041	1.51203
Gorai.008G245600.1.A	563	457.551	0	0
Gorai.008G245600.1.D	563	457.551	5	0.433426
Gorai.008G245700.1.A	768	662.505	0.5	0.0299341
Gorai.008G245700.1.D	768	662.505	0.5	0.0299341
Gorai.008G245800.1.A	5003	4897.5	81.4311	0.659478
Gorai.008G245800.1.D	5003	4897.5	299.15	2.42269
Gorai.008G245900.1.A	333	227.63	0	0
Gorai.008G245900.1.D	333	227.63	0	0
Gorai.008G246000.1.A	3456	3350.5	5.83132	0.0690306
Gorai.008G246000.1.D	3456	3350.5	16.1981	0.191752
Gorai.008G246100.1.A	2384	2278.5	22.1674	0.385877
Gorai.008G246100.1.D	2384	2278.5	8.06503	0.140392
Gorai.008G246200.1.A	881	775.505	5	0.255723
Gorai.008G246200.1.D	881	775.505	7.73815	0.395765
Gorai.008G246300.1.A	1185	1079.5	311.179	11.4333
Gorai.008G246300.1.D	1185	1079.5	426.821	15.6822
Gorai.008G246400.1.A	1204	1098.5	318.78	11.51
Gorai.008G246400.1.D	1204	1098.5	325.22	11.7425
Gorai.008G246500.1.A	2586	2480.5	210.666	3.36853
Gorai.008G246500.1.D	2586	2480.5	222.408	3.55628
Gorai.008G246600.1.A	1454	1348.5	110.211	3.24158
Gorai.008G246600.1.D	1454	1348.5	168.32	4.95071
Gorai.008G246700.1.A	2786	2680.5	54.576	0.807551
Gorai.008G246700.1.D	2786	2680.5	86.8935	1.28575
Gorai.008G246800.1.A	2587	2481.5	104.429	1.66913
Gorai.008G246800.1.D	2587	2481.5	48.5714	0.776338
Gorai.008G246900.1.A	1968	1862.5	0	0
Gorai.008G246900.1.D	1968	1862.5	0	0
Gorai.008G247000.1.A	2313	2207.5	6	0.107804
Gorai.008G247000.1.D	2313	2207.5	0	0
Gorai.008G247100.1.A	3626	3520.5	224.527	2.52958
Gorai.008G247100.1.D	3626	3520.5	23.4733	0.264456
Gorai.008G247200.1.A	2892	2786.5	15.8846	0.226101
Gorai.008G247200.1.D	2892	2786.5	43.1154	0.613702
Gorai.008G247300.1.A	3143	3037.5	193.472	2.5263
Gorai.008G247300.1.D	3143	3037.5	137.528	1.79581
Gorai.008G247400.1.A	1888	1782.5	0	0
Gorai.008G247400.1.D	1888	1782.5	3	0.0667537
Gorai.008G247500.1.A	2940	2834.5	506.935	7.09349
Gorai.008G247500.1.D	2940	2834.5	278.065	3.89094
Gorai.008G247600.1.A	2156	2050.5	26.7692	0.517798
Gorai.008G247600.1.D	2156	2050.5	2.23077	0.0431498
Gorai.008G247700.1.A	861	755.505	4.46969	0.234653
Gorai.008G247700.1.D	861	755.505	0	0
Gorai.008G247800.1.A	1395	1289.5	14.04	0.431846
Gorai.008G247800.1.D	1395	1289.5	66.96	2.05957
Gorai.008G247900.1.A	2093	1987.5	73.1613	1.46002
Gorai.008G247900.1.D	2093	1987.5	115.839	2.31169
Gorai.008G248000.1.A	966	860.505	242.499	11.1774
Gorai.008G248000.1.D	966	860.505	69.3352	3.19584
Gorai.008G248100.1.A	1783	1677.5	106.347	2.51448
Gorai.008G248100.1.D	1783	1677.5	81.818	1.93451
Gorai.008G248200.1.A	1666	1560.5	7.58333	0.192744
Gorai.008G248200.1.D	1666	1560.5	18.4167	0.468092
Gorai.008G248300.1.A	1209	1103.5	26.1383	0.939481
Gorai.008G248300.1.D	1209	1103.5	90.8617	3.26582
Gorai.008G248400.1.A	1375	1269.5	0	0
Gorai.008G248400.1.D	1375	1269.5	0	0
Gorai.008G248500.1.A	1205	1099.5	1524.74	55.0027
Gorai.008G248500.1.D	1205	1099.5	710.259	25.6215
Gorai.008G248600.1.A	1451	1345.5	711.134	20.9629
Gorai.008G248600.1.D	1451	1345.5	913.866	26.939
Gorai.008G248700.1.A	2865	2759.5	22.0909	0.317517
Gorai.008G248700.1.D	2865	2759.5	4.90909	0.0705594
Gorai.008G248800.1.A	1266	1160.5	0	0
Gorai.008G248800.1.D	1266	1160.5	1	0.0341773
Gorai.008G248900.1.A	2620	2514.5	307.728	4.85399
Gorai.008G248900.1.D	2620	2514.5	218.272	3.44295
Gorai.008G249000.1.A	401	295.583	0	0
Gorai.008G249000.1.D	401	295.583	66.7404	8.95559
Gorai.008G249100.1.A	594	488.551	0	0
Gorai.008G249100.1.D	594	488.551	0	0
Gorai.008G249200.1.A	2393	2287.5	108.972	1.88946
Gorai.008G249200.1.D	2393	2287.5	106.163	1.84076
Gorai.008G249300.1.A	2723	2617.5	80.7273	1.22326
Gorai.008G249300.1.D	2723	2617.5	30.2727	0.458721
Gorai.008G249400.1.A	2427	2321.5	28.125	0.480516
Gorai.008G249400.1.D	2427	2321.5	21.875	0.373735
Gorai.008G249500.1.A	864	758.505	6.47059	0.338353
Gorai.008G249500.1.D	864	758.505	15.5294	0.812048
Gorai.008G249600.1.A	1417	1311.5	0	0
Gorai.008G249600.1.D	1417	1311.5	0	0
Gorai.008G249700.1.A	833	727.505	1	0.0545192
Gorai.008G249700.1.D	833	727.505	0	0
Gorai.008G249800.1.A	1592	1486.5	3.25	0.0867166
Gorai.008G249800.1.D	1592	1486.5	9.75	0.26015
Gorai.008G249900.1.A	1758	1652.5	19.5833	0.470034
Gorai.008G249900.1.D	1758	1652.5	27.4167	0.658047
Gorai.008G250000.1.A	2053	1947.5	367.308	7.48061
Gorai.008G250000.1.D	2053	1947.5	679.692	13.8426
Gorai.008G250100.1.A	1975	1869.5	148.824	3.1574
Gorai.008G250100.1.D	1975	1869.5	93.1765	1.97681
Gorai.008G250200.1.A	1567	1461.5	31.1005	0.844018
Gorai.008G250200.1.D	1567	1461.5	427.9	11.6125
Gorai.008G250300.1.A	1003	897.505	0	0
Gorai.008G250300.1.D	1003	897.505	0	0
Gorai.008G250400.1.A	1736	1630.5	0	0
Gorai.008G250400.1.D	1736	1630.5	0	0
Gorai.008G250500.1.A	3598	3492.5	8.88136	0.100862
Gorai.008G250500.1.D	3598	3492.5	122.119	1.38685
Gorai.008G250600.1.A	618	512.505	6	0.464342
Gorai.008G250600.1.D	618	512.505	0	0
Gorai.008G250700.1.A	1148	1042.5	3	0.114137
Gorai.008G250700.1.D	1148	1042.5	2	0.0760916
Gorai.008G250800.1.A	2140	2034.5	94.5184	1.84265
Gorai.008G250800.1.D	2140	2034.5	1190.48	23.2086
Gorai.008G250900.1.A	1566	1460.5	12173.7	330.603
Gorai.008G250900.1.D	1566	1460.5	6444.25	175.006
Gorai.008G251000.1.A	2200	2094.5	305.108	5.77772
Gorai.008G251000.1.D	2200	2094.5	1174.89	22.2485
Gorai.008G251100.1.A	3921	3815.5	389.333	4.0472
Gorai.008G251100.1.D	3921	3815.5	366.667	3.81157
Gorai.008G251200.1.A	1965	1859.5	21	0.447927
Gorai.008G251200.1.D	1965	1859.5	0	0
Gorai.008G251300.1.A	2087	1981.5	83.4695	1.67077
Gorai.008G251300.1.D	2087	1981.5	85.5305	1.71203
Gorai.008G251400.1.A	2781	2675.5	84.8807	1.25831
Gorai.008G251400.1.D	2781	2675.5	172.119	2.55158
Gorai.008G251500.1.A	592	486.551	19.2	1.56516
Gorai.008G251500.1.D	592	486.551	28.8	2.34773
Gorai.008G251600.1.A	1708	1602.5	26	0.643515
Gorai.008G251600.1.D	1708	1602.5	26	0.643515
Gorai.008G251700.1.A	2025	1919.5	391.178	8.08296
Gorai.008G251700.1.D	2025	1919.5	473.822	9.79063
Gorai.008G251800.1.A	1958	1852.5	3054.17	65.3912
Gorai.008G251800.1.D	1958	1852.5	2418.83	51.7881
Gorai.008G251900.1.A	2608	2502.5	383.662	6.08078
Gorai.008G251900.1.D	2608	2502.5	617.338	9.78437
Gorai.008G252000.1.A	1803	1697.5	43.5231	1.01694
Gorai.008G252000.1.D	1803	1697.5	25.4769	0.595279
Gorai.008G252100.1.A	1157	1051.5	0	0
Gorai.008G252100.1.D	1157	1051.5	0	0
Gorai.008G252200.1.A	1128	1022.5	0	0
Gorai.008G252200.1.D	1128	1022.5	0	0
Gorai.008G252300.1.A	1792	1686.5	5	0.117589
Gorai.008G252300.1.D	1792	1686.5	17	0.399803
Gorai.008G252400.1.A	836	730.505	6	0.325772
Gorai.008G252400.1.D	836	730.505	0	0
Gorai.008G252500.1.A	1361	1255.5	13	0.410686
Gorai.008G252500.1.D	1361	1255.5	0	0
Gorai.008G252600.1.A	4214	4108.5	317.456	3.06467
Gorai.008G252600.1.D	4214	4108.5	229.649	2.217
Gorai.008G252700.1.A	1782	1676.5	83.5189	1.9759
Gorai.008G252700.1.D	1782	1676.5	143.481	3.39449
Gorai.008G252800.1.A	687	581.505	58.7288	4.00574
Gorai.008G252800.1.D	687	581.505	4.27119	0.291327
Gorai.008G252900.1.A	2157	2051.5	163.591	3.1628
Gorai.008G252900.1.D	2157	2051.5	13.4091	0.259246
Gorai.008G253000.1.A	776	670.505	4	0.236615
Gorai.008G253000.1.D	776	670.505	1	0.0591539
Gorai.008G253100.1.A	1333	1227.5	109.522	3.53885
Gorai.008G253100.1.D	1333	1227.5	119.478	3.86056
Gorai.008G253200.1.A	1444	1338.5	0	0
Gorai.008G253200.1.D	1444	1338.5	0	0
Gorai.008G253300.1.A	2066	1960.5	0	0
Gorai.008G253300.1.D	2066	1960.5	4	0.0809239
Gorai.008G253400.1.A	1015	909.505	0	0
Gorai.008G253400.1.D	1015	909.505	3	0.130828
Gorai.008G253500.1.A	790	684.505	131.723	7.63258
Gorai.008G253500.1.D	790	684.505	19.2766	1.11696
Gorai.008G253600.1.A	958	852.505	0	0
Gorai.008G253600.1.D	958	852.505	2	0.0930504
Gorai.008G253700.1.A	1254	1148.5	617.06	21.3098
Gorai.008G253700.1.D	1254	1148.5	553.94	19.13
Gorai.008G253800.1.A	1759	1653.5	22.7143	0.544852
Gorai.008G253800.1.D	1759	1653.5	30.2857	0.726469
Gorai.008G253900.1.A	1731	1625.5	16.64	0.406022
Gorai.008G253900.1.D	1731	1625.5	9.36	0.228388
Gorai.008G254000.1.A	2643	2537.5	1436.51	22.4537
Gorai.008G254000.1.D	2643	2537.5	274.486	4.29041
Gorai.008G254100.1.A	1446	1340.5	0	0
Gorai.008G254100.1.D	1446	1340.5	0	0
Gorai.008G254200.1.A	1920	1814.5	222.989	4.87428
Gorai.008G254200.1.D	1920	1814.5	311.011	6.79833
Gorai.008G254300.1.A	1161	1055.5	0	0
Gorai.008G254300.1.D	1161	1055.5	35	1.3152
Gorai.008G254400.1.A	1789	1683.5	174.453	4.11006
Gorai.008G254400.1.D	1789	1683.5	160.547	3.78245
Gorai.008G254500.1.A	1338	1232.5	3.6	0.115851
Gorai.008G254500.1.D	1338	1232.5	44.4	1.42883
Gorai.008G254600.1.A	1324	1218.5	90	2.92955
Gorai.008G254600.1.D	1324	1218.5	14	0.455707
Gorai.008G254700.1.A	1213	1107.5	45.3626	1.62457
Gorai.008G254700.1.D	1213	1107.5	50.6374	1.81347
Gorai.008G254800.1.A	1307	1201.5	380.222	12.5515
Gorai.008G254800.1.D	1307	1201.5	450.778	14.8807
Gorai.008G254900.1.A	1058	952.505	86.2649	3.59213
Gorai.008G254900.1.D	1058	952.505	254.735	10.6073
Gorai.008G255000.1.A	2232	2126.5	0	0
Gorai.008G255000.1.D	2232	2126.5	4	0.0746068
Gorai.008G255100.1.A	2197	2091.5	30.7338	0.582831
Gorai.008G255100.1.D	2197	2091.5	41.3072	0.783343
Gorai.008G255200.1.A	1472	1366.5	338.249	9.81772
Gorai.008G255200.1.D	1472	1366.5	59.7506	1.73427
Gorai.008G255300.1.A	796	690.505	15	0.861608
Gorai.008G255300.1.D	796	690.505	36	2.06786
Gorai.008G255400.1.A	861	755.505	25.3232	1.32943
Gorai.008G255400.1.D	861	755.505	192.677	10.1153
Gorai.008G255500.1.A	1725	1619.5	8	0.195926
Gorai.008G255500.1.D	1725	1619.5	30	0.734724
Gorai.008G255600.1.A	2685	2579.5	18.3077	0.281502
Gorai.008G255600.1.D	2685	2579.5	9.69231	0.149031
Gorai.008G255700.1.A	378	272.583	0	0
Gorai.008G255700.1.D	378	272.583	0	0
Gorai.008G255800.1.A	1412	1306.5	1	0.0303581
Gorai.008G255800.1.D	1412	1306.5	0	0
Gorai.008G255900.1.A	1230	1124.5	0	0
Gorai.008G255900.1.D	1230	1124.5	0	0
Gorai.008G256000.1.A	1540	1434.5	145.797	4.03117
Gorai.008G256000.1.D	1540	1434.5	46.2032	1.27748
Gorai.008G256100.1.A	760	654.505	16.64	1.00838
Gorai.008G256100.1.D	760	654.505	9.36	0.567215
Gorai.008G256200.1.A	1627	1521.5	5069.31	132.148
Gorai.008G256200.1.D	1627	1521.5	3259.69	84.9743
Gorai.008G256300.1.A	2401	2295.5	0	0
Gorai.008G256300.1.D	2401	2295.5	3	0.0518356
Gorai.008G256400.1.A	1188	1082.5	107.773	3.94882
Gorai.008G256400.1.D	1188	1082.5	202.227	7.40958
Gorai.008G256500.1.A	1261	1155.5	15.5816	0.534842
Gorai.008G256500.1.D	1261	1155.5	231.546	7.94786
Gorai.008G256600.1.A	1635	1529.5	2.30111	0.0596722
Gorai.008G256600.1.D	1635	1529.5	5.5713	0.144474
Gorai.008G256700.1.A	1896	1790.5	128.178	2.83938
Gorai.008G256700.1.D	1896	1790.5	43.8217	0.97073
Gorai.008G256800.1.A	2190	2084.5	70.4737	1.34094
Gorai.008G256800.1.D	2190	2084.5	32.5263	0.618895
Gorai.008G256900.1.A	1267	1161.5	713.349	24.3594
Gorai.008G256900.1.D	1267	1161.5	474.651	16.2083
Gorai.008G257000.1.A	1682	1576.5	106.193	2.67168
Gorai.008G257000.1.D	1682	1576.5	228.807	5.75651
Gorai.008G257100.1.A	1702	1596.5	40.8333	1.01445
Gorai.008G257100.1.D	1702	1596.5	8.16667	0.202889
Gorai.008G257200.1.A	1923	1817.5	265.535	5.7947
Gorai.008G257200.1.D	1923	1817.5	253.465	5.5313
Gorai.008G257300.1.A	2685	2579.5	845.953	13.0075
Gorai.008G257300.1.D	2685	2579.5	1122.05	17.2528
Gorai.008G257400.1.A	934	828.505	97.5155	4.66835
Gorai.008G257400.1.D	934	828.505	154.786	7.41008
Gorai.008G257500.1.A	2461	2355.5	257.939	4.34329
Gorai.008G257500.1.D	2461	2355.5	122.061	2.05531
Gorai.008G257600.1.A	814	708.505	2	0.111962
Gorai.008G257600.1.D	814	708.505	0	0
Gorai.008G257700.1.A	1476	1370.5	181.286	5.24648
Gorai.008G257700.1.D	1476	1370.5	241.714	6.99531
Gorai.008G257800.1.A	1327	1221.5	131.319	4.264
Gorai.008G257800.1.D	1327	1221.5	89.6812	2.912
Gorai.008G257900.1.A	1578	1472.5	4.14414	0.111625
Gorai.008G257900.1.D	1578	1472.5	225.856	6.08359
Gorai.008G258000.1.A	2888	2782.5	177.375	2.52837
Gorai.008G258000.1.D	2888	2782.5	124.544	1.7753
Gorai.008G258100.1.A	210	105.986	0	0
Gorai.008G258100.1.D	210	105.986	0	0
Gorai.008G258200.1.A	1424	1318.5	25	0.752044
Gorai.008G258200.1.D	1424	1318.5	11	0.330899
Gorai.008G258300.1.A	2694	2588.5	438.357	6.71683
Gorai.008G258300.1.D	2694	2588.5	292.643	4.48409
Gorai.008G258400.1.A	1694	1588.5	16.0142	0.399853
Gorai.008G258400.1.D	1694	1588.5	11.6811	0.291663
Gorai.008G258500.1.A	1675	1569.5	15.6198	0.394729
Gorai.008G258500.1.D	1675	1569.5	299.38	7.56563
Gorai.008G258600.1.A	1035	929.505	2.70971	0.115626
Gorai.008G258600.1.D	1035	929.505	2.70971	0.115626
Gorai.008G258700.1.A	2030	1924.5	3	0.0618283
Gorai.008G258700.1.D	2030	1924.5	1	0.0206094
Gorai.008G258800.1.A	1091	985.505	137.6	5.53789
Gorai.008G258800.1.D	1091	985.505	206.4	8.30684
Gorai.008G258900.1.A	1243	1137.5	0	0
Gorai.008G258900.1.D	1243	1137.5	0	0
Gorai.008G259000.1.A	1831	1725.5	1	0.0229863
Gorai.008G259000.1.D	1831	1725.5	2	0.0459726
Gorai.008G259100.1.A	1763	1657.5	1	0.0239293
Gorai.008G259100.1.D	1763	1657.5	2	0.0478586
Gorai.008G259200.1.A	1137	1031.5	0	0
Gorai.008G259200.1.D	1137	1031.5	0	0
Gorai.008G259300.1.A	1311	1205.5	5533.18	182.05
Gorai.008G259300.1.D	1311	1205.5	5325.82	175.228
Gorai.008G259400.1.A	1523	1417.5	244.562	6.84304
Gorai.008G259400.1.D	1523	1417.5	117.438	3.28601
Gorai.008G259500.1.A	1536	1430.5	498.947	13.8341
Gorai.008G259500.1.D	1536	1430.5	133.053	3.68909
Gorai.008G259600.1.A	2060	1954.5	0	0
Gorai.008G259600.1.D	2060	1954.5	8	0.162345
Gorai.008G259700.1.A	1718	1612.5	232.62	5.72179
Gorai.008G259700.1.D	1718	1612.5	929.38	22.86
Gorai.008G259800.1.A	4312	4206.5	719.068	6.78006
Gorai.008G259800.1.D	4312	4206.5	513.932	4.84584
Gorai.008G259900.1.A	3742	3636.5	318.197	3.47054
Gorai.008G259900.1.D	3742	3636.5	505.297	5.51121
Gorai.008G260000.1.A	2312	2206.5	615.977	11.0725
Gorai.008G260000.1.D	2312	2206.5	276.529	4.97074
Gorai.008G260100.1.A	2570	2464.5	59.8269	0.962835
Gorai.008G260100.1.D	2570	2464.5	1.17308	0.0188791
Gorai.008G260200.1.A	740	634.505	339.203	21.2036
Gorai.008G260200.1.D	740	634.505	105.797	6.61335
Gorai.008G260300.1.A	2001	1895.5	403.401	8.44106
Gorai.008G260300.1.D	2001	1895.5	1022.6	21.3976
Gorai.008G260400.1.A	354	248.63	0	0
Gorai.008G260400.1.D	354	248.63	0	0
Gorai.008G260500.1.A	2499	2393.5	0	0
Gorai.008G260500.1.D	2499	2393.5	1	0.0165711
Gorai.008G260600.1.A	2250	2144.5	3	0.0554855
Gorai.008G260600.1.D	2250	2144.5	0	0
Gorai.008G260700.1.A	222	117.654	0.5	0.168558
Gorai.008G260700.1.D	222	117.654	0.5	0.168558
Gorai.008G260800.1.A	1212	1106.5	3	0.107536
Gorai.008G260800.1.D	1212	1106.5	0	0
Gorai.008G260900.1.A	1033	927.505	732.959	31.3436
Gorai.008G260900.1.D	1033	927.505	766.041	32.7582
Gorai.008G261000.1.A	732	626.505	0	0
Gorai.008G261000.1.D	732	626.505	3	0.189925
Gorai.008G261100.1.A	1411	1305.5	3	0.0911439
Gorai.008G261100.1.D	1411	1305.5	2	0.0607626
Gorai.008G261200.1.A	2951	2845.5	63.9579	0.891497
Gorai.008G261200.1.D	2951	2845.5	34.0421	0.474506
Gorai.008G261300.1.A	622	516.505	6	0.460746
Gorai.008G261300.1.D	622	516.505	2	0.153582
Gorai.008G261400.1.A	3405	3299.5	788.171	9.4745
Gorai.008G261400.1.D	3405	3299.5	498.829	5.99636
Gorai.008G261500.1.A	1581	1475.5	2813.1	75.6187
Gorai.008G261500.1.D	1581	1475.5	616.67	16.5767
Gorai.008G261600.1.A	1261	1155.5	45	1.54463
Gorai.008G261600.1.D	1261	1155.5	4	0.137301
Gorai.008G261700.1.A	1453	1347.5	18.0645	0.531718
Gorai.008G261700.1.D	1453	1347.5	16.9355	0.498485
Gorai.008G261800.1.A	973	867.505	0	0
Gorai.008G261800.1.D	973	867.505	10	0.457207
Gorai.008G261900.1.A	2807	2701.5	195.64	2.87234
Gorai.008G261900.1.D	2807	2701.5	48.3604	0.710017
Gorai.008G262000.1.A	1015	909.505	4647.32	202.667
Gorai.008G262000.1.D	1015	909.505	4209.68	183.582
Gorai.008G262100.1.A	1623	1517.5	231.004	6.03774
Gorai.008G262100.1.D	1623	1517.5	512.996	13.4081
Gorai.008G262200.1.A	1224	1118.5	305.825	10.8448
Gorai.008G262200.1.D	1224	1118.5	208.175	7.38204
Gorai.008G262300.1.A	1129	1023.5	13.6842	0.530292
Gorai.008G262300.1.D	1129	1023.5	12.3158	0.477263
Gorai.008G262400.1.A	3975	3869.5	552.154	5.65965
Gorai.008G262400.1.D	3975	3869.5	550.846	5.64624
Gorai.008G262500.1.A	2641	2535.5	321.421	5.028
Gorai.008G262500.1.D	2641	2535.5	369.579	5.78132
Gorai.008G262600.1.A	1611	1505.5	880.927	23.2083
Gorai.008G262600.1.D	1611	1505.5	49.0734	1.29285
Gorai.008G262700.1.A	3174	3068.5	155.163	2.00561
Gorai.008G262700.1.D	3174	3068.5	272.837	3.52664
Gorai.008G262800.1.A	2617	2511.5	336.17	5.30896
Gorai.008G262800.1.D	2617	2511.5	148.83	2.35041
Gorai.008G262900.1.A	1412	1306.5	252.506	7.66558
Gorai.008G262900.1.D	1412	1306.5	217.494	6.60271
Gorai.008G263000.1.A	1588	1482.5	1456.99	38.9802
Gorai.008G263000.1.D	1588	1482.5	464.015	12.4143
Gorai.008G263100.1.A	1038	932.505	0	0
Gorai.008G263100.1.D	1038	932.505	0	0
Gorai.008G263200.1.A	1184	1078.5	42.7521	1.57225
Gorai.008G263200.1.D	1184	1078.5	79.2479	2.91441
Gorai.008G263300.1.A	1157	1051.5	3094.09	116.71
Gorai.008G263300.1.D	1157	1051.5	327.907	12.3687
Gorai.008G263400.1.A	2719	2613.5	124.464	1.88888
Gorai.008G263400.1.D	2719	2613.5	27.5362	0.417894
Gorai.008G263500.1.A	719	613.505	0	0
Gorai.008G263500.1.D	719	613.505	0	0
Gorai.008G263600.1.A	485	379.551	0	0
Gorai.008G263600.1.D	485	379.551	0	0
Gorai.008G263700.1.A	1698	1592.5	6.79245	0.169173
Gorai.008G263700.1.D	1698	1592.5	83.2075	2.07237
Gorai.008G263800.1.A	1591	1485.5	3	0.0800999
Gorai.008G263800.1.D	1591	1485.5	2	0.0534
Gorai.008G263900.1.A	1819	1713.5	1470.7	34.0427
Gorai.008G263900.1.D	1819	1713.5	1252.3	28.9873
Gorai.008G264000.1.A	879	773.505	8.5	0.435854
Gorai.008G264000.1.D	879	773.505	8.5	0.435854
Gorai.008G264100.1.A	215	110.876	13.8667	4.96042
Gorai.008G264100.1.D	215	110.876	18.1333	6.48671
Gorai.008G264200.1.A	2886	2780.5	37.8043	0.539266
Gorai.008G264200.1.D	2886	2780.5	103.196	1.47205
Gorai.008G264300.1.A	1462	1356.5	5	0.146195
Gorai.008G264300.1.D	1462	1356.5	0	0
Gorai.008G264400.1.A	745	639.505	1	0.0620214
Gorai.008G264400.1.D	745	639.505	1	0.0620214
Gorai.008G264500.1.A	837	731.505	3	0.162663
Gorai.008G264500.1.D	837	731.505	0	0
Gorai.008G264600.1.A	1124	1018.5	914.469	35.6116
Gorai.008G264600.1.D	1124	1018.5	908.531	35.3803
Gorai.008G264700.1.A	384	278.583	0	0
Gorai.008G264700.1.D	384	278.583	0	0
Gorai.008G264800.1.A	733	627.505	0	0
Gorai.008G264800.1.D	733	627.505	0	0
Gorai.008G264900.1.A	2428	2322.5	7252.37	123.854
Gorai.008G264900.1.D	2428	2322.5	1286.63	21.9726
Gorai.008G265000.1.A	2288	2182.5	4.97273	0.09037
Gorai.008G265000.1.D	2288	2182.5	2.02697	0.0368364
Gorai.008G265100.1.A	2308	2202.5	40.578	0.730734
Gorai.008G265100.1.D	2308	2202.5	139.422	2.51073
Gorai.008G265200.1.A	1924	1818.5	15.5833	0.339884
Gorai.008G265200.1.D	1924	1818.5	1.41667	0.0308986
Gorai.008G265300.1.A	994	888.505	14	0.624961
Gorai.008G265300.1.D	994	888.505	4	0.17856
Gorai.008G265400.1.A	491	385.551	1	0.102873
Gorai.008G265400.1.D	491	385.551	1	0.102873
Gorai.008G265500.1.A	888	782.505	0	0
Gorai.008G265500.1.D	888	782.505	0	0
Gorai.008G265600.1.A	2285	2179.5	2	0.0363963
Gorai.008G265600.1.D	2285	2179.5	6	0.109189
Gorai.008G265700.1.A	624	518.505	4	0.305979
Gorai.008G265700.1.D	624	518.505	8	0.611959
Gorai.008G265800.1.A	3493	3387.5	368.662	4.31652
Gorai.008G265800.1.D	3493	3387.5	398.338	4.66398
Gorai.008G265900.1.A	1255	1149.5	858.227	29.6126
Gorai.008G265900.1.D	1255	1149.5	160.773	5.54737
Gorai.008G266000.1.A	846	740.505	1450.48	77.6909
Gorai.008G266000.1.D	846	740.505	2576.52	138.003
Gorai.008G266100.1.A	1535	1429.5	1829.93	50.7731
Gorai.008G266100.1.D	1535	1429.5	2828.07	78.4675
Gorai.008G266200.1.A	1028	922.505	3673.44	157.939
Gorai.008G266200.1.D	1028	922.505	3469.56	149.173
Gorai.008G266300.1.A	1756	1650.5	562.674	13.5215
Gorai.008G266300.1.D	1756	1650.5	600.326	14.4263
Gorai.008G266400.1.A	2238	2132.5	2908.73	54.1002
Gorai.008G266400.1.D	2238	2132.5	3250.53	60.4574
Gorai.008G266500.1.A	7632	7526.5	954.916	5.03219
Gorai.008G266500.1.D	7632	7526.5	830.084	4.37435
Gorai.008G266600.1.A	1467	1361.5	0	0
Gorai.008G266600.1.D	1467	1361.5	12	0.34958
Gorai.008G266700.1.A	288	182.738	0	0
Gorai.008G266700.1.D	288	182.738	0	0
Gorai.008G266800.1.A	694	588.505	46	3.10022
Gorai.008G266800.1.D	694	588.505	0	0
Gorai.008G266900.1.A	2600	2494.5	18.087	0.287585
Gorai.008G266900.1.D	2600	2494.5	7.91304	0.125818
Gorai.008G267000.1.A	877	771.505	11.7333	0.603209
Gorai.008G267000.1.D	877	771.505	4.26667	0.219349
Gorai.008G267100.1.A	3605	3499.5	144.545	1.63825
Gorai.008G267100.1.D	3605	3499.5	58.4555	0.662527
Gorai.008G267200.1.A	737	631.505	912.696	57.3237
Gorai.008G267200.1.D	737	631.505	391.304	24.5767
Gorai.008G267300.1.A	3848	3742.5	3842.04	40.7178
Gorai.008G267300.1.D	3848	3742.5	3266.96	34.6231
Gorai.008G267400.1.A	3835	3729.5	1811.97	19.2702
Gorai.008G267400.1.D	3835	3729.5	1877.03	19.962
Gorai.008G267500.1.A	1088	982.505	4	0.161477
Gorai.008G267500.1.D	1088	982.505	36	1.45329
Gorai.008G267600.1.A	1580	1474.5	80.6556	2.16957
Gorai.008G267600.1.D	1580	1474.5	346.344	9.31638
Gorai.008G267700.1.A	462	356.551	37.3279	4.15237
Gorai.008G267700.1.D	462	356.551	31.6721	3.52322
Gorai.008G267800.1.A	2985	2879.5	893.13	12.3022
Gorai.008G267800.1.D	2985	2879.5	898.87	12.3812
Gorai.008G267900.1.A	1686	1580.5	23.4146	0.587593
Gorai.008G267900.1.D	1686	1580.5	36.5854	0.918114
Gorai.008G268000.1.A	1514	1408.5	11.1429	0.313779
Gorai.008G268000.1.D	1514	1408.5	14.8571	0.418371
Gorai.008G268100.1.A	1132	1026.5	99.1583	3.83136
Gorai.008G268100.1.D	1132	1026.5	258.842	10.0013
Gorai.008G268200.1.A	3029	2923.5	18.2308	0.247335
Gorai.008G268200.1.D	3029	2923.5	455.769	6.18338
Gorai.008G268300.1.A	1167	1061.5	14.6667	0.548018
Gorai.008G268300.1.D	1167	1061.5	29.3333	1.09604
Gorai.008G268400.1.A	1500	1394.5	566.012	16.0987
Gorai.008G268400.1.D	1500	1394.5	836.988	23.8059
Gorai.008G268500.1.A	1915	1809.5	11265.9	246.939
Gorai.008G268500.1.D	1915	1809.5	10038.1	220.028
Gorai.008G268600.1.A	1970	1864.5	151.725	3.2276
Gorai.008G268600.1.D	1970	1864.5	161.275	3.43074
Gorai.008G268700.1.A	5191	5085.5	576.679	4.49764
Gorai.008G268700.1.D	5191	5085.5	609.321	4.75223
Gorai.008G268800.1.A	2432	2326.5	222.027	3.78518
Gorai.008G268800.1.D	2432	2326.5	320.973	5.47205
Gorai.008G268900.1.A	2247	2141.5	93.574	1.73309
Gorai.008G268900.1.D	2247	2141.5	177.426	3.28612
Gorai.008G269000.1.A	2217	2111.5	133.585	2.50928
Gorai.008G269000.1.D	2217	2111.5	89.4155	1.6796
Gorai.008G269100.1.A	1396	1290.5	25.6552	0.788497
Gorai.008G269100.1.D	1396	1290.5	5.34483	0.16427
Gorai.008G269200.1.A	1268	1162.5	465.913	15.8963
Gorai.008G269200.1.D	1268	1162.5	234.087	7.98671
Gorai.008G269300.1.A	1448	1342.5	146.368	4.32428
Gorai.008G269300.1.D	1448	1342.5	103.632	3.06172
Gorai.008G269400.1.A	3989	3883.5	67.0115	0.684401
Gorai.008G269400.1.D	3989	3883.5	38.9885	0.398197
Gorai.008G269500.1.A	2505	2399.5	130.688	2.16022
Gorai.008G269500.1.D	2505	2399.5	115.312	1.90607
Gorai.008G269600.1.A	7742	7636.5	3887.15	20.1893
Gorai.008G269600.1.D	7742	7636.5	3949.85	20.515
Gorai.008G269700.1.A	2936	2830.5	20.0769	0.281331
Gorai.008G269700.1.D	2936	2830.5	8.92308	0.125036
Gorai.008G269800.1.A	1376	1270.5	6.42857	0.200689
Gorai.008G269800.1.D	1376	1270.5	2.57143	0.0802755
Gorai.008G269900.1.A	2023	1917.5	2040.25	42.2018
Gorai.008G269900.1.D	2023	1917.5	1160.75	24.0098
Gorai.008G270000.1.A	1765	1659.5	545.173	13.0299
Gorai.008G270000.1.D	1765	1659.5	443.827	10.6077
Gorai.008G270100.1.A	1464	1358.5	9	0.262764
Gorai.008G270100.1.D	1464	1358.5	0	0
Gorai.008G270200.1.A	1454	1348.5	312.841	9.20144
Gorai.008G270200.1.D	1454	1348.5	118.159	3.47536
Gorai.008G270300.1.A	1978	1872.5	414.896	8.78823
Gorai.008G270300.1.D	1978	1872.5	563.948	11.9454
Gorai.008G270400.1.A	1300	1194.5	30	0.996135
Gorai.008G270400.1.D	1300	1194.5	0	0
Gorai.008G270500.1.A	2169	2063.5	8.82609	0.169648
Gorai.008G270500.1.D	2169	2063.5	49.1739	0.945179
Gorai.008G270600.1.A	1001	895.505	0	0
Gorai.008G270600.1.D	1001	895.505	0	0
Gorai.008G270700.1.A	1729	1623.5	0	0
Gorai.008G270700.1.D	1729	1623.5	0	0
Gorai.008G270800.1.A	1928	1822.5	25.7455	0.560295
Gorai.008G270800.1.D	1928	1822.5	151.255	3.29173
Gorai.008G270900.1.A	2461	2355.5	143.241	2.41194
Gorai.008G270900.1.D	2461	2355.5	184.759	3.11106
Gorai.008G271000.1.A	2082	1976.5	157.134	3.15325
Gorai.008G271000.1.D	2082	1976.5	175.866	3.52913
Gorai.008G271100.1.A	1337	1231.5	1220.18	39.2983
Gorai.008G271100.1.D	1337	1231.5	605.817	19.5115
Gorai.008G271200.1.A	1863	1757.5	8.33333	0.188065
Gorai.008G271200.1.D	1863	1757.5	16.6667	0.376129
Gorai.008G271300.1.A	888	782.505	496.799	25.1813
Gorai.008G271300.1.D	888	782.505	974.201	49.3795
Gorai.008G271400.1.A	1422	1316.5	593.819	17.8903
Gorai.008G271400.1.D	1422	1316.5	1008.18	30.3739
Gorai.008G271500.1.A	1853	1747.5	11	0.249666
Gorai.008G271500.1.D	1853	1747.5	0	0
Gorai.008G271600.1.A	3686	3580.5	2103.28	23.299
Gorai.008G271600.1.D	3686	3580.5	1393.72	15.4389
Gorai.008G271700.1.A	5222	5116.5	18.383	0.142504
Gorai.008G271700.1.D	5222	5116.5	629.617	4.88077
Gorai.008G271800.1.A	1140	1034.5	0	0
Gorai.008G271800.1.D	1140	1034.5	0	0
Gorai.008G271900.1.A	1137	1031.5	0	0
Gorai.008G271900.1.D	1137	1031.5	0	0
Gorai.008G272000.1.A	1060	954.505	168.08	6.98431
Gorai.008G272000.1.D	1060	954.505	88.9198	3.69492
Gorai.008G272100.1.A	1179	1073.5	1.03371	0.0381926
Gorai.008G272100.1.D	1179	1073.5	90.9663	3.36095
Gorai.008G272200.1.A	2299	2193.5	1295.19	23.4196
Gorai.008G272200.1.D	2299	2193.5	839.811	15.1855
Gorai.008G272300.1.A	4056	3950.5	17.3864	0.174559
Gorai.008G272300.1.D	4056	3950.5	33.6136	0.33748
Gorai.008G272400.1.A	2546	2440.5	175.67	2.85498
Gorai.008G272400.1.D	2546	2440.5	238.33	3.87332
Gorai.008G272500.1.A	2684	2578.5	0	0
Gorai.008G272500.1.D	2684	2578.5	0	0
Gorai.008G272600.1.A	1149	1043.5	0	0
Gorai.008G272600.1.D	1149	1043.5	8	0.304075
Gorai.008G272700.1.A	2968	2862.5	127.49	1.7665
Gorai.008G272700.1.D	2968	2862.5	30.5103	0.422752
Gorai.008G272800.1.A	1320	1214.5	105	3.42906
Gorai.008G272800.1.D	1320	1214.5	105	3.42906
Gorai.008G272900.1.A	1184	1078.5	310.512	11.4194
Gorai.008G272900.1.D	1184	1078.5	73.4879	2.70258
Gorai.008G273000.1.A	1594	1488.5	157.632	4.20028
Gorai.008G273000.1.D	1594	1488.5	115.368	3.07412
Gorai.008G273100.1.A	675	569.505	2	0.139289
Gorai.008G273100.1.D	675	569.505	0	0
Gorai.008G273200.1.A	1647	1541.5	37.5179	0.965337
Gorai.008G273200.1.D	1647	1541.5	1121.48	28.8558
Gorai.008G273300.1.A	1371	1265.5	36	1.1283
Gorai.008G273300.1.D	1371	1265.5	22	0.689515
Gorai.008G273400.1.A	1674	1568.5	1453.12	36.7453
Gorai.008G273400.1.D	1674	1568.5	1282.88	32.4402
Gorai.008G273500.1.A	2842	2736.5	14	0.202916
Gorai.008G273500.1.D	2842	2736.5	8	0.115952
Gorai.008G273600.1.A	857	751.505	386.596	20.4038
Gorai.008G273600.1.D	857	751.505	473.404	24.9853
Gorai.008G273700.1.A	1641	1535.5	2	0.0516611
Gorai.008G273700.1.D	1641	1535.5	5	0.129153
Gorai.008G273800.1.A	2497	2391.5	792.797	13.1485
Gorai.008G273800.1.D	2497	2391.5	1454.2	24.1179
Gorai.008G273900.1.A	1753	1647.5	353.182	8.50269
Gorai.008G273900.1.D	1753	1647.5	201.818	4.85868
Gorai.008G274000.1.A	2111	2005.5	3.5625	0.0704557
Gorai.008G274000.1.D	2111	2005.5	15.4375	0.305308
Gorai.008G274100.1.A	807	701.505	29.5779	1.67233
Gorai.008G274100.1.D	807	701.505	188.422	10.6534
Gorai.008G274200.1.A	601	495.551	28.9655	2.31834
Gorai.008G274200.1.D	601	495.551	31.0345	2.48394
Gorai.008G274300.1.A	831	725.505	0	0
Gorai.008G274300.1.D	831	725.505	0	0
Gorai.008G274400.1.A	784	678.505	0	0
Gorai.008G274400.1.D	784	678.505	42.2885	2.47203
Gorai.008G274500.1.A	1410	1304.5	693.956	21.0994
Gorai.008G274500.1.D	1410	1304.5	167.044	5.07892
Gorai.008G274600.1.A	2898	2792.5	2724.54	38.6976
Gorai.008G274600.1.D	2898	2792.5	2272.46	32.2765
Gorai.008G274700.1.A	1785	1679.5	38.2334	0.902915
Gorai.008G274700.1.D	1785	1679.5	780.767	18.4385
Gorai.008G274800.1.A	1418	1312.5	25.8333	0.780665
Gorai.008G274800.1.D	1418	1312.5	36.1667	1.09293
Gorai.008G274900.1.A	1555	1449.5	61.533	1.68373
Gorai.008G274900.1.D	1555	1449.5	147.467	4.03515
Gorai.008G275000.1.A	159	59.4478	299	199.49
Gorai.008G275000.1.D	159	59.4478	299	199.49
Gorai.008G275100.1.A	606	500.551	1015.52	80.4679
Gorai.008G275100.1.D	606	500.551	1208.48	95.7585
Gorai.008G275200.1.A	2988	2882.5	147.86	2.03454
Gorai.008G275200.1.D	2988	2882.5	261.14	3.59326
Gorai.008G275300.1.A	2256	2150.5	250.02	4.61126
Gorai.008G275300.1.D	2256	2150.5	94.9798	1.75176
Gorai.008G275400.1.A	851	745.505	0	0
Gorai.008G275400.1.D	851	745.505	5	0.266014
Gorai.008G275500.1.A	2609	2503.5	427.766	6.77708
Gorai.008G275500.1.D	2609	2503.5	201.234	3.18814
Gorai.008G275600.1.A	2666	2560.5	281.941	4.36735
Gorai.008G275600.1.D	2666	2560.5	168.059	2.60328
Gorai.008G275700.1.A	2940	2834.5	174.8	2.44596
Gorai.008G275700.1.D	2940	2834.5	262.2	3.66894
Gorai.008G275800.1.A	1876	1770.5	728	16.3087
Gorai.008G275800.1.D	1876	1770.5	0	0
Gorai.008G275900.1.A	2497	2391.5	11.5	0.190727
Gorai.008G275900.1.D	2497	2391.5	11.5	0.190727
Gorai.008G276000.1.A	691	585.505	102.118	6.9176
Gorai.008G276000.1.D	691	585.505	83.8824	5.68231
Gorai.008G276100.1.A	1981	1875.5	119.964	2.53699
Gorai.008G276100.1.D	1981	1875.5	121.036	2.55964
Gorai.008G276200.1.A	695	589.505	842.249	56.668
Gorai.008G276200.1.D	695	589.505	904.751	60.8733
Gorai.008G276300.1.A	2628	2522.5	184.235	2.89685
Gorai.008G276300.1.D	2628	2522.5	328.765	5.16938
Gorai.008G276400.1.A	1810	1704.5	1144.32	26.6278
Gorai.008G276400.1.D	1810	1704.5	1237.68	28.8001
Gorai.008G276500.1.A	2188	2082.5	225.894	4.30234
Gorai.008G276500.1.D	2188	2082.5	264.106	5.0301
Gorai.008G276600.1.A	1854	1748.5	2	0.0453678
Gorai.008G276600.1.D	1854	1748.5	4	0.0907357
Gorai.008G276700.1.A	907	801.505	7.22701	0.357633
Gorai.008G276700.1.D	907	801.505	0	0
Gorai.008G276800.1.A	672	566.505	1.77299	0.124133
Gorai.008G276800.1.D	672	566.505	0	0
Gorai.008G276900.1.A	1304	1198.5	151.465	5.01253
Gorai.008G276900.1.D	1304	1198.5	123.535	4.08823
Gorai.008G277000.1.A	679	573.505	1	0.0691589
Gorai.008G277000.1.D	679	573.505	4	0.276636
Gorai.008G277100.1.A	2321	2215.5	8	0.14322
Gorai.008G277100.1.D	2321	2215.5	11	0.196927
Gorai.008G277200.1.A	881	775.505	1	0.0511447
Gorai.008G277200.1.D	881	775.505	1	0.0511447
Gorai.008G277300.1.A	459	353.551	607.426	68.1437
Gorai.008G277300.1.D	459	353.551	292.574	32.8223
Gorai.008G277400.1.A	1804	1698.5	44.5926	1.04131
Gorai.008G277400.1.D	1804	1698.5	41.4074	0.966933
Gorai.008G277500.1.A	2166	2060.5	0	0
Gorai.008G277500.1.D	2166	2060.5	0	0
Gorai.008G277600.1.A	5144	5038.5	38.9688	0.306761
Gorai.008G277600.1.D	5144	5038.5	4.03125	0.0317339
Gorai.008G277700.1.A	3713	3607.5	51.1911	0.562823
Gorai.008G277700.1.D	3713	3607.5	205.809	2.26278
Gorai.008G277800.1.A	933	827.505	0	0
Gorai.008G277800.1.D	933	827.505	0	0
Gorai.008G277900.1.A	1637	1531.5	33.8824	0.877486
Gorai.008G277900.1.D	1637	1531.5	110.118	2.85183
Gorai.008G278000.1.A	3673	3567.5	94.5525	1.05122
Gorai.008G278000.1.D	3673	3567.5	104.448	1.16123
Gorai.008G278100.1.A	1305	1199.5	2662.61	88.042
Gorai.008G278100.1.D	1305	1199.5	5151.39	170.337
Gorai.008G278200.1.A	425	319.583	1	0.124108
Gorai.008G278200.1.D	425	319.583	0	0
Gorai.008G278300.1.A	2565	2459.5	98.8402	1.59394
Gorai.008G278300.1.D	2565	2459.5	75.1598	1.21206
Gorai.008G278400.1.A	1257	1151.5	675.914	23.2815
Gorai.008G278400.1.D	1257	1151.5	722.086	24.8719
Gorai.008G278500.1.A	1308	1202.5	0	0
Gorai.008G278500.1.D	1308	1202.5	0	0
Gorai.008G278600.1.A	1720	1614.5	72.4602	1.7801
Gorai.008G278600.1.D	1720	1614.5	105.54	2.59276
Gorai.008G278700.1.A	1608	1502.5	0	0
Gorai.008G278700.1.D	1608	1502.5	0	0
Gorai.008G278800.1.A	1707	1601.5	0	0
Gorai.008G278800.1.D	1707	1601.5	0	0
Gorai.008G278900.1.A	1641	1535.5	0	0
Gorai.008G278900.1.D	1641	1535.5	0	0
Gorai.008G279000.1.A	838	732.505	354.277	19.183
Gorai.008G279000.1.D	838	732.505	200.723	10.8686
Gorai.008G279100.1.A	2079	1973.5	483.535	9.71795
Gorai.008G279100.1.D	2079	1973.5	458.694	9.21871
Gorai.008G279200.1.A	1944	1838.5	449.221	9.69126
Gorai.008G279200.1.D	1944	1838.5	285.55	6.1603
Gorai.008G279300.1.A	1549	1443.5	3498.25	96.1207
Gorai.008G279300.1.D	1549	1443.5	546.754	15.0231
Gorai.008G279400.1.A	632	526.505	0	0
Gorai.008G279400.1.D	632	526.505	0	0
Gorai.008G279500.1.A	1299	1193.5	0	0
Gorai.008G279500.1.D	1299	1193.5	0	0
Gorai.008G279600.1.A	418	312.583	0	0
Gorai.008G279600.1.D	418	312.583	0	0
Gorai.008G279700.1.A	1023	917.505	0	0
Gorai.008G279700.1.D	1023	917.505	0	0
Gorai.008G279800.1.A	1522	1416.5	11	0.308006
Gorai.008G279800.1.D	1522	1416.5	12	0.336007
Gorai.008G279900.1.A	1735	1629.5	284.633	6.92811
Gorai.008G279900.1.D	1735	1629.5	243.367	5.92367
Gorai.008G280000.1.A	3135	3029.5	712.938	9.33394
Gorai.008G280000.1.D	3135	3029.5	676.062	8.85115
Gorai.008G280100.1.A	1947	1841.5	8301.2	178.794
Gorai.008G280100.1.D	1947	1841.5	4393.8	94.6351
Gorai.008G280200.1.A	1632	1526.5	8	0.207863
Gorai.008G280200.1.D	1632	1526.5	0	0
Gorai.008G280300.1.A	1627	1521.5	709.201	18.4876
Gorai.008G280300.1.D	1627	1521.5	449.799	11.7255
Gorai.008G280400.1.A	506	400.551	0	0
Gorai.008G280400.1.D	506	400.551	0	0
Gorai.008G280500.1.A	2729	2623.5	0	0
Gorai.008G280500.1.D	2729	2623.5	0	0
Gorai.008G280600.1.A	1189	1083.5	0	0
Gorai.008G280600.1.D	1189	1083.5	1	0.0366062
Gorai.008G280700.1.A	1864	1758.5	53.7429	1.21217
Gorai.008G280700.1.D	1864	1758.5	45.2571	1.02077
Gorai.008G280800.1.A	1239	1133.5	1	0.0349914
Gorai.008G280800.1.D	1239	1133.5	0	0
Gorai.008G280900.1.A	2612	2506.5	323.061	5.11212
Gorai.008G280900.1.D	2612	2506.5	380.939	6.02798
Gorai.008G281000.1.A	1057	951.505	62	2.58444
Gorai.008G281000.1.D	1057	951.505	61	2.54275
Gorai.008G281100.1.A	1698	1592.5	63.5342	1.58238
Gorai.008G281100.1.D	1698	1592.5	129.466	3.22448
Gorai.008G281200.1.A	1315	1209.5	25.3333	0.830749
Gorai.008G281200.1.D	1315	1209.5	2.66667	0.0874472
Gorai.008G281300.1.A	1098	992.505	1	0.0399625
Gorai.008G281300.1.D	1098	992.505	1	0.0399625
Gorai.008G281400.1.A	946	840.505	2717.04	128.216
Gorai.008G281400.1.D	946	840.505	32.9588	1.55531
Gorai.008G281500.1.A	1740	1634.5	1	0.024266
Gorai.008G281500.1.D	1740	1634.5	1	0.024266
Gorai.008G281600.1.A	1320	1214.5	7	0.228604
Gorai.008G281600.1.D	1320	1214.5	0	0
Gorai.008G281700.1.A	2692	2586.5	7.7	0.118076
Gorai.008G281700.1.D	2692	2586.5	3.3	0.0506041
Gorai.008G281800.1.A	2353	2247.5	457.286	8.06997
Gorai.008G281800.1.D	2353	2247.5	334.714	5.90689
Gorai.008G281900.1.A	1470	1364.5	339.08	9.85627
Gorai.008G281900.1.D	1470	1364.5	83.9196	2.43934
Gorai.008G282000.1.A	2234	2128.5	475.403	8.85874
Gorai.008G282000.1.D	2234	2128.5	387.597	7.22256
Gorai.008G282100.1.A	1026	920.505	2	0.0861765
Gorai.008G282100.1.D	1026	920.505	9	0.387794
Gorai.008G282200.1.A	2475	2369.5	0.5	0.00836946
Gorai.008G282200.1.D	2475	2369.5	0.5	0.00836946
Gorai.008G282300.1.A	917	811.505	1	0.0488758
Gorai.008G282300.1.D	917	811.505	0	0
Gorai.008G282400.1.A	1207	1101.5	0	0
Gorai.008G282400.1.D	1207	1101.5	0	0
Gorai.008G282500.1.A	2581	2475.5	446.807	7.15881
Gorai.008G282500.1.D	2581	2475.5	260.193	4.16886
Gorai.008G282600.1.A	1820	1714.5	95.2349	2.20314
Gorai.008G282600.1.D	1820	1714.5	69.7651	1.61393
Gorai.008G282700.1.A	1888	1782.5	70.4118	1.56675
Gorai.008G282700.1.D	1888	1782.5	43.5882	0.969892
Gorai.008G282800.1.A	2274	2168.5	398.709	7.29257
Gorai.008G282800.1.D	2274	2168.5	93.2912	1.70634
Gorai.008G282900.1.A	1355	1249.5	359.274	11.4044
Gorai.008G282900.1.D	1355	1249.5	402.726	12.7837
Gorai.008G283000.1.A	2146	2040.5	86.7059	1.68537
Gorai.008G283000.1.D	2146	2040.5	47.2941	0.919294
Gorai.008G283100.1.A	2507	2401.5	0	0
Gorai.008G283100.1.D	2507	2401.5	0	0
Gorai.008G283200.1.A	1723	1617.5	76.4595	1.87487
Gorai.008G283200.1.D	1723	1617.5	87.5405	2.14659
Gorai.008G283300.1.A	1006	900.505	6.53846	0.287988
Gorai.008G283300.1.D	1006	900.505	10.4615	0.460781
Gorai.008G283400.1.A	1179	1073.5	4	0.147789
Gorai.008G283400.1.D	1179	1073.5	1	0.0369472
Gorai.008G283500.1.A	2131	2025.5	131.402	2.57308
Gorai.008G283500.1.D	2131	2025.5	177.598	3.47768
Gorai.008G283600.1.A	1539	1433.5	13.2549	0.366743
Gorai.008G283600.1.D	1539	1433.5	38.7451	1.07202
Gorai.008G283700.1.A	426	320.583	4.88889	0.604859
Gorai.008G283700.1.D	426	320.583	6.11111	0.756074
Gorai.008G283800.1.A	2592	2486.5	92.6852	1.47845
Gorai.008G283800.1.D	2592	2486.5	72.3148	1.15351
Gorai.008G283900.1.A	1369	1263.5	311.675	9.78384
Gorai.008G283900.1.D	1369	1263.5	310.325	9.74149
Gorai.008G284000.1.A	2618	2512.5	62.9852	0.994297
Gorai.008G284000.1.D	2618	2512.5	60.2557	0.951209
Gorai.008G284100.1.A	937	831.505	560.718	26.7464
Gorai.008G284100.1.D	937	831.505	337.282	16.0884
Gorai.008G284200.1.A	1900	1794.5	0	0
Gorai.008G284200.1.D	1900	1794.5	0	0
Gorai.008G284300.1.A	1727	1621.5	0	0
Gorai.008G284300.1.D	1727	1621.5	0	0
Gorai.008G284400.1.A	295	189.687	0	0
Gorai.008G284400.1.D	295	189.687	0	0
Gorai.008G284500.1.A	1197	1091.5	0	0
Gorai.008G284500.1.D	1197	1091.5	2	0.0726757
Gorai.008G284600.1.A	1755	1649.5	4	0.0961815
Gorai.008G284600.1.D	1755	1649.5	20	0.480907
Gorai.008G284700.1.A	336	230.63	0	0
Gorai.008G284700.1.D	336	230.63	0	0
Gorai.008G284800.1.A	1464	1358.5	7096.26	207.183
Gorai.008G284800.1.D	1464	1358.5	5783.74	168.862
Gorai.008G284900.1.A	2901	2795.5	64.1304	0.90989
Gorai.008G284900.1.D	2901	2795.5	53.8696	0.764308
Gorai.008G285000.1.A	1054	948.505	5.45455	0.228089
Gorai.008G285000.1.D	1054	948.505	6.54545	0.273707
Gorai.008G285100.1.A	963	857.505	8	0.370031
Gorai.008G285100.1.D	963	857.505	11	0.508793
Gorai.008G285200.1.A	993	887.505	1	0.0446904
Gorai.008G285200.1.D	993	887.505	2	0.0893808
Gorai.008G285300.1.A	1341	1235.5	0	0
Gorai.008G285300.1.D	1341	1235.5	0	0
Gorai.008G285400.1.A	1519	1413.5	836.188	23.4634
Gorai.008G285400.1.D	1519	1413.5	154.812	4.34402
Gorai.008G285500.1.A	2488	2382.5	353.553	5.8858
Gorai.008G285500.1.D	2488	2382.5	490.447	8.16476
Gorai.008G285600.1.A	2507	2401.5	35.2923	0.582883
Gorai.008G285600.1.D	2507	2401.5	38.7077	0.639291
Gorai.008G285700.1.A	1002	896.505	191.531	8.47368
Gorai.008G285700.1.D	1002	896.505	35.4688	1.5692
Gorai.008G285800.1.A	1287	1181.5	36.5792	1.22796
Gorai.008G285800.1.D	1287	1181.5	26.5729	0.89205
Gorai.008G285900.1.A	2260	2154.5	407.093	7.4943
Gorai.008G285900.1.D	2260	2154.5	20454.9	376.561
Gorai.008G286000.1.A	789	683.505	8	0.46423
Gorai.008G286000.1.D	789	683.505	8	0.46423
Gorai.008G286100.1.A	1894	1788.5	2283.55	50.6413
Gorai.008G286100.1.D	1894	1788.5	1889.45	41.9016
Gorai.008G286200.1.A	285	179.772	1	0.22063
Gorai.008G286200.1.D	285	179.772	1	0.22063
Gorai.008G286300.1.A	2266	2160.5	42.5641	0.7814
Gorai.008G286300.1.D	2266	2160.5	40.4359	0.74233
Gorai.008G286400.1.A	1096	990.505	142.826	5.71919
Gorai.008G286400.1.D	1096	990.505	30.1744	1.20828
Gorai.008G286500.1.A	975	869.505	24.1695	1.1025
Gorai.008G286500.1.D	975	869.505	37.8305	1.72566
Gorai.008G286600.1.A	338	232.63	0	0
Gorai.008G286600.1.D	338	232.63	0	0
Gorai.008G286700.1.A	930	824.505	3	0.144316
Gorai.008G286700.1.D	930	824.505	0	0
Gorai.008G286800.1.A	2064	1958.5	28.5714	0.578618
Gorai.008G286800.1.D	2064	1958.5	3.42857	0.0694342
Gorai.008G286900.1.A	3177	3071.5	154.969	2.00115
Gorai.008G286900.1.D	3177	3071.5	148.031	1.91155
Gorai.008G287000.1.A	2997	2891.5	123.737	1.69731
Gorai.008G287000.1.D	2997	2891.5	174.263	2.39038
Gorai.008G287100.1.A	1563	1457.5	0	0
Gorai.008G287100.1.D	1563	1457.5	0	0
Gorai.008G287200.1.A	1624	1518.5	266.256	6.95455
Gorai.008G287200.1.D	1624	1518.5	430.744	11.2509
Gorai.008G287300.1.A	1789	1683.5	0	0
Gorai.008G287300.1.D	1789	1683.5	3	0.0706792
Gorai.008G287400.1.A	3310	3204.5	919.262	11.3779
Gorai.008G287400.1.D	3310	3204.5	493.738	6.11112
Gorai.008G287500.1.A	1641	1535.5	27	0.697425
Gorai.008G287500.1.D	1641	1535.5	79	2.04061
Gorai.008G287600.1.A	3398	3292.5	16.6667	0.200774
Gorai.008G287600.1.D	3398	3292.5	8.33333	0.100387
Gorai.008G287700.1.A	566	460.551	38	3.27258
Gorai.008G287700.1.D	566	460.551	174	14.985
Gorai.008G287800.1.A	797	691.505	4.33188	0.248465
Gorai.008G287800.1.D	797	691.505	243.668	13.9762
Gorai.008G287900.1.A	1714	1608.5	390.217	9.62209
Gorai.008G287900.1.D	1714	1608.5	455.783	11.2388
Gorai.008G288000.1.A	1056	950.505	3	0.125185
Gorai.008G288000.1.D	1056	950.505	0	0
Gorai.008G288100.1.A	2068	1962.5	17.7152	0.358031
Gorai.008G288100.1.D	2068	1962.5	32.9961	0.666864
Gorai.008G288200.1.A	1290	1184.5	6.89758	0.230964
Gorai.008G288200.1.D	1290	1184.5	27.3911	0.917185
Gorai.008G288300.1.A	348	242.63	0	0
Gorai.008G288300.1.D	348	242.63	19	3.10595
Gorai.008G288400.1.A	531	425.551	27.4286	2.55644
Gorai.008G288400.1.D	531	425.551	36.5714	3.40859
Gorai.008G288500.1.A	1011	905.505	0	0
Gorai.008G288500.1.D	1011	905.505	0	0
Gorai.008G288600.1.A	3064	2958.5	273.866	3.67157
Gorai.008G288600.1.D	3064	2958.5	236.134	3.16571
Gorai.008G288700.1.A	2450	2344.5	179.259	3.03261
Gorai.008G288700.1.D	2450	2344.5	253.741	4.29263
Gorai.008G288800.1.A	1513	1407.5	2677.11	75.44
Gorai.008G288800.1.D	1513	1407.5	2779.89	78.3362
Gorai.008G288900.1.A	3735	3629.5	94.2716	1.03019
Gorai.008G288900.1.D	3735	3629.5	89.7284	0.980545
Gorai.008G289000.1.A	2359	2253.5	14.56	0.256264
Gorai.008G289000.1.D	2359	2253.5	11.44	0.20135
Gorai.008G289100.1.A	303	197.687	7	1.40444
Gorai.008G289100.1.D	303	197.687	5	1.00317
Gorai.008G289200.1.A	2877	2771.5	447.291	6.40117
Gorai.008G289200.1.D	2877	2771.5	991.352	14.1872
Gorai.008G289300.1.A	3866	3760.5	79.3333	0.836748
Gorai.008G289300.1.D	3866	3760.5	90.6667	0.956283
Gorai.008G289400.1.A	2291	2185.5	1094.54	19.864
Gorai.008G289400.1.D	2291	2185.5	992.456	18.0113
Gorai.008G289500.1.A	1074	968.505	43.082	1.76433
Gorai.008G289500.1.D	1074	968.505	29.918	1.22523
Gorai.008G289600.1.A	1050	944.505	3	0.12598
Gorai.008G289600.1.D	1050	944.505	6	0.25196
Gorai.008G289700.1.A	1374	1268.5	6180.09	193.236
Gorai.008G289700.1.D	1374	1268.5	1126.91	35.2357
Gorai.008G289800.1.A	1851	1745.5	0	0
Gorai.008G289800.1.D	1851	1745.5	0	0
Gorai.008G289900.1.A	1913	1807.5	87.5789	1.92179
Gorai.008G289900.1.D	1913	1807.5	296.421	6.50451
Gorai.008G290000.1.A	2565	2459.5	96.4151	1.55483
Gorai.008G290000.1.D	2565	2459.5	113.585	1.83171
Gorai.008G290100.1.A	1015	909.505	405.07	17.6648
Gorai.008G290100.1.D	1015	909.505	582.93	25.4212
Gorai.008G290200.1.A	2986	2880.5	0	0
Gorai.008G290200.1.D	2986	2880.5	1	0.0137694
Gorai.008G290300.1.A	1072	966.505	75.4186	3.09499
Gorai.008G290300.1.D	1072	966.505	112.581	4.62006
Gorai.008G290400.1.A	1044	938.505	269.507	11.3899
Gorai.008G290400.1.D	1044	938.505	175.493	7.41666
Gorai.008G290500.1.A	900	794.505	0	0
Gorai.008G290500.1.D	900	794.505	0	0
Gorai.008G290600.1.A	696	590.505	386.355	25.9506
Gorai.008G290600.1.D	696	590.505	222.645	14.9546
Gorai.008G290700.1.A	789	683.505	55.5755	3.22498
Gorai.008G290700.1.D	789	683.505	89.1524	5.1734
Gorai.008G290800.1.A	4176	4070.5	206.8	2.01506
Gorai.008G290800.1.D	4176	4070.5	244.2	2.37948
Gorai.008G290900.1.A	2160	2054.5	1.5	0.028958
Gorai.008G290900.1.D	2160	2054.5	1.5	0.028958
Gorai.008G291000.1.A	1773	1667.5	406.692	9.6735
Gorai.008G291000.1.D	1773	1667.5	1232.31	29.3114
Gorai.008G291100.1.A	2354	2248.5	562.692	9.92572
Gorai.008G291100.1.D	2354	2248.5	485.308	8.56069
Gorai.008G291200.1.A	927	821.505	0	0
Gorai.008G291200.1.D	927	821.505	0	0
Gorai.008G291300.1.A	575	469.551	0	0
Gorai.008G291300.1.D	575	469.551	4	0.337879
Gorai.008G291400.1.A	2745	2639.5	3	0.04508
Gorai.008G291400.1.D	2745	2639.5	0	0
Gorai.008G291500.1.A	704	598.505	12.75	0.844943
Gorai.008G291500.1.D	704	598.505	4.25	0.281648
Gorai.008G291600.1.A	812	706.505	0	0
Gorai.008G291600.1.D	812	706.505	0	0
Gorai.008G291700.1.A	972	866.505	14	0.640829
Gorai.008G291700.1.D	972	866.505	22	1.00702
Gorai.008G291800.1.A	966	860.505	0	0
Gorai.008G291800.1.D	966	860.505	0	0
Gorai.008G291900.1.A	1386	1280.5	1	0.0309745
Gorai.008G291900.1.D	1386	1280.5	0	0
Gorai.008G292000.1.A	2574	2468.5	257.652	4.13985
Gorai.008G292000.1.D	2574	2468.5	385.348	6.19162
Gorai.008G292100.1.A	1647	1541.5	250.499	6.44534
Gorai.008G292100.1.D	1647	1541.5	251.501	6.47112
Gorai.008G292200.1.A	1177	1071.5	0	0
Gorai.008G292200.1.D	1177	1071.5	2	0.0740322
Gorai.008G292300.1.A	2218	2112.5	1174.86	22.0583
Gorai.008G292300.1.D	2218	2112.5	1790.14	33.6105
Gorai.008G292400.1.A	1622	1516.5	2	0.0523084
Gorai.008G292400.1.D	1622	1516.5	6	0.156925
Gorai.008G292500.1.A	1596	1490.5	0	0
Gorai.008G292500.1.D	1596	1490.5	0	0
Gorai.008G292600.1.A	1806	1700.5	5.33333	0.124396
Gorai.008G292600.1.D	1806	1700.5	2.66667	0.0621979
Gorai.008G292700.1.A	966	860.505	0	0
Gorai.008G292700.1.D	966	860.505	0	0
Gorai.008G292800.1.A	1683	1577.5	0	0
Gorai.008G292800.1.D	1683	1577.5	0	0
Gorai.008G292900.1.A	819	713.505	0	0
Gorai.008G292900.1.D	819	713.505	5	0.277945
Gorai.008G293000.1.A	2425	2319.5	26.1364	0.446925
Gorai.008G293000.1.D	2425	2319.5	23.8636	0.408062
Gorai.008G293100.1.A	1037	931.505	83	3.53409
Gorai.008G293100.1.D	1037	931.505	83	3.53409
Gorai.008G293200.1.A	2124	2018.5	6320.44	124.194
Gorai.008G293200.1.D	2124	2018.5	3597.56	70.6909
Gorai.008G293300.1.A	2884	2778.5	542.338	7.74184
Gorai.008G293300.1.D	2884	2778.5	1048.66	14.9696
Gorai.008G293400.1.A	1928	1822.5	20.1481	0.438482
Gorai.008G293400.1.D	1928	1822.5	43.8519	0.954342
Gorai.008G293500.1.A	2124	2018.5	422.145	8.29501
Gorai.008G293500.1.D	2124	2018.5	256.855	5.04711
Gorai.008G293600.1.A	2198	2092.5	168.11	3.18649
Gorai.008G293600.1.D	2198	2092.5	162.89	3.08753
Gorai.008G293700.1.A	1606	1500.5	147.379	3.89567
Gorai.008G293700.1.D	1606	1500.5	207.621	5.48807
Gorai.008G293800.1.A	1477	1371.5	1538.62	44.4959
Gorai.008G293800.1.D	1477	1371.5	101.378	2.93178
Gorai.008G293900.1.A	1709	1603.5	20.8537	0.515819
Gorai.008G293900.1.D	1709	1603.5	24.1463	0.597264
Gorai.008G294000.1.A	2377	2271.5	88.5938	1.54694
Gorai.008G294000.1.D	2377	2271.5	16.4062	0.286471
Gorai.008G294100.1.A	3553	3447.5	4867.41	55.9987
Gorai.008G294100.1.D	3553	3447.5	5107.59	58.762
Gorai.008G294200.1.A	1941	1835.5	584.816	12.6371
Gorai.008G294200.1.D	1941	1835.5	12.1837	0.263274
Gorai.008G294300.1.A	2196	2090.5	4401.03	83.5003
Gorai.008G294300.1.D	2196	2090.5	829.973	15.747
Gorai.008G294400.1.A	2327	2221.5	0	0
Gorai.008G294400.1.D	2327	2221.5	0	0
Gorai.008G294500.1.A	594	488.551	1496.73	121.512
Gorai.008G294500.1.D	594	488.551	1818.27	147.616
Gorai.008G294600.1.A	689	583.505	0	0
Gorai.008G294600.1.D	689	583.505	2	0.135947
Gorai.008G294700.1.A	1677	1571.5	1292.93	32.6321
Gorai.008G294700.1.D	1677	1571.5	636.066	16.0536
Gorai.008G294800.1.A	2483	2377.5	233.259	3.89137
Gorai.008G294800.1.D	2483	2377.5	302.741	5.0505
Gorai.008G294900.1.A	1539	1433.5	22.1977	0.614176
Gorai.008G294900.1.D	1539	1433.5	15.2732	0.422587
Gorai.008G295000.1.A	1229	1123.5	21.5291	0.76004
Gorai.008G295000.1.D	1229	1123.5	0	0
Gorai.008G295100.1.A	1101	995.505	6	0.239052
Gorai.008G295100.1.D	1101	995.505	1	0.039842
Gorai.008G295200.1.A	2143	2037.5	465	9.05189
Gorai.008G295200.1.D	2143	2037.5	355	6.91058
Gorai.008G295300.1.A	1729	1623.5	62	1.51469
Gorai.008G295300.1.D	1729	1623.5	41	1.00165
Gorai.008G295400.1.A	3333	3227.5	518.721	6.37459
Gorai.008G295400.1.D	3333	3227.5	395.279	4.8576
Gorai.008G295500.1.A	1495	1389.5	270.685	7.72662
Gorai.008G295500.1.D	1495	1389.5	151.315	4.31923
Gorai.008G295600.1.A	1467	1361.5	3.42857	0.0998801
Gorai.008G295600.1.D	1467	1361.5	8.57143	0.2497
Gorai.008G295700.1.A	1210	1104.5	290.351	10.4265
Gorai.008G295700.1.D	1210	1104.5	421.649	15.1415
Gorai.008G295800.1.A	1302	1196.5	0	0
Gorai.008G295800.1.D	1302	1196.5	1	0.033149
Gorai.008G295900.1.A	1665	1559.5	499.72	12.7094
Gorai.008G295900.1.D	1665	1559.5	631.28	16.0554
Gorai.008G296000.1.A	1489	1383.5	133.2	3.81864
Gorai.008G296000.1.D	1489	1383.5	88.8	2.54576
Gorai.008G296100.1.A	1439	1333.5	7	0.208204
Gorai.008G296100.1.D	1439	1333.5	4	0.118974
Gorai.008G296200.1.A	3900	3794.5	205.849	2.15168
Gorai.008G296200.1.D	3900	3794.5	232.151	2.42662
Gorai.008G296300.1.A	2239	2133.5	229.082	4.25874
Gorai.008G296300.1.D	2239	2133.5	219.918	4.08839
Gorai.008G296400.1.A	1769	1663.5	201.885	4.81353
Gorai.008G296400.1.D	1769	1663.5	59.1154	1.40949
Gorai.008G296500.1.A	766	660.505	156.926	9.42329
Gorai.008G296500.1.D	766	660.505	41.0745	2.4665
Gorai.008G296600.1.A	1567	1461.5	1.5	0.0407076
Gorai.008G296600.1.D	1567	1461.5	1.5	0.0407076
Gorai.008G296700.1.A	3776	3670.5	29.7264	0.321219
Gorai.008G296700.1.D	3776	3670.5	107.274	1.15918
Gorai.008G296800.1.A	1257	1151.5	0	0
Gorai.008G296800.1.D	1257	1151.5	4	0.137778
Gorai.008G296900.1.A	3785	3679.5	127.138	1.37047
Gorai.008G296900.1.D	3785	3679.5	157.862	1.70167
Gorai.008G297000.1.A	2871	2765.5	1388.27	19.9106
Gorai.008G297000.1.D	2871	2765.5	1543.73	22.1402
Gorai.008G297100.1.A	863	757.505	2270.16	118.865
Gorai.008G297100.1.D	863	757.505	774.844	40.5708
Gorai.008G297200.1.A	1776	1670.5	780.139	18.5229
Gorai.008G297200.1.D	1776	1670.5	480.861	11.4171
Gorai.008G297300.1.A	5875	5769.5	829.263	5.70084
Gorai.008G297300.1.D	5875	5769.5	1190.74	8.18582
Gorai.008G297400.1.A	887	781.505	119.274	6.05337
Gorai.008G297400.1.D	887	781.505	356.726	18.1046
Gorai.008G297500.1.A	2205	2099.5	3466.48	65.4872
Gorai.008G297500.1.D	2205	2099.5	5957.52	112.547
Gorai.008G297600.1.A	986	880.505	171.113	7.70791
Gorai.008G297600.1.D	986	880.505	534.887	24.0944
Gorai.008G297700.1.A	926	820.505	410.663	19.8513
Gorai.008G297700.1.D	926	820.505	806.337	38.9781
Gorai.008G297800.1.A	2362	2256.5	522.24	9.1795
Gorai.008G297800.1.D	2362	2256.5	293.76	5.16347
Gorai.008G297900.1.A	366	260.583	0	0
Gorai.008G297900.1.D	366	260.583	0	0
Gorai.008G298000.1.A	1669	1563.5	0	0
Gorai.008G298000.1.D	1669	1563.5	0	0
Gorai.008G298100.1.A	1143	1037.5	5.41176	0.206887
Gorai.008G298100.1.D	1143	1037.5	17.5882	0.672384
Gorai.008G298200.1.A	431	325.583	1	0.121821
Gorai.008G298200.1.D	431	325.583	0	0
Gorai.008G298300.1.A	2987	2881.5	0	0
Gorai.008G298300.1.D	2987	2881.5	173	2.38129
Gorai.008G298400.1.A	762	656.505	0	0
Gorai.008G298400.1.D	762	656.505	1119	67.6047
Gorai.008G298500.1.A	1430	1324.5	35.8242	1.07277
Gorai.008G298500.1.D	1430	1324.5	221.176	6.62322
Gorai.008G298600.1.A	552	446.551	0	0
Gorai.008G298600.1.D	552	446.551	0	0
Gorai.008G298700.1.A	656	550.505	11.9243	0.859123
Gorai.008G298700.1.D	656	550.505	11.9243	0.859123
Gorai.008G298800.1.A	1484	1378.5	28.8253	0.829374
Gorai.008G298800.1.D	1484	1378.5	34.2769	0.986229
Gorai.008G298900.1.A	751	645.505	24.9506	1.53308
Gorai.008G298900.1.D	751	645.505	24.9506	1.53308
Gorai.008G299000.1.A	488	382.551	7.54008	0.781755
Gorai.008G299000.1.D	488	382.551	5.38577	0.558397
Gorai.009G000100.1.A	1855	1749.5	1648.67	37.377
Gorai.009G000100.1.D	1855	1749.5	971.328	22.0209
Gorai.009G000200.1.A	4289	4183.5	2901.01	27.5039
Gorai.009G000200.1.D	4289	4183.5	3049.99	28.9163
Gorai.009G000300.1.A	1872	1766.5	183.114	4.11142
Gorai.009G000300.1.D	1872	1766.5	193.886	4.35327
Gorai.009G000400.1.A	1845	1739.5	83.2857	1.89902
Gorai.009G000400.1.D	1845	1739.5	499.714	11.3941
Gorai.009G000500.1.A	1978	1872.5	254.882	5.39885
Gorai.009G000500.1.D	1978	1872.5	254.882	5.39885
Gorai.009G000600.1.A	751	645.505	307.269	18.8801
Gorai.009G000600.1.D	751	645.505	325.731	20.0145
Gorai.009G000700.1.A	850	744.505	928.895	49.4862
Gorai.009G000700.1.D	850	744.505	1032.11	54.9847
Gorai.009G000800.1.A	1373	1267.5	128.757	4.02909
Gorai.009G000800.1.D	1373	1267.5	68.8188	2.15349
Gorai.009G000900.1.A	983	877.505	16.7442	0.756832
Gorai.009G000900.1.D	983	877.505	31.2558	1.41275
Gorai.009G001000.1.A	1496	1390.5	371.048	10.5838
Gorai.009G001000.1.D	1496	1390.5	602.952	17.1987
Gorai.009G001100.1.A	2517	2411.5	2.15094	0.0353774
Gorai.009G001100.1.D	2517	2411.5	54.8491	0.902123
Gorai.009G001200.1.A	2446	2340.5	0	0
Gorai.009G001200.1.D	2446	2340.5	4	0.0677853
Gorai.009G001300.1.A	2357	2251.5	53.708	0.94613
Gorai.009G001300.1.D	2357	2251.5	65.292	1.1502
Gorai.009G001400.1.A	1388	1282.5	6	0.185557
Gorai.009G001400.1.D	1388	1282.5	7	0.216483
Gorai.009G001500.1.A	1774	1668.5	643.091	15.2873
Gorai.009G001500.1.D	1774	1668.5	475.909	11.3131
Gorai.009G001600.1.A	2448	2342.5	0	0
Gorai.009G001600.1.D	2448	2342.5	0	0
Gorai.009G001700.1.A	803	697.505	10.2222	0.581277
Gorai.009G001700.1.D	803	697.505	12.7778	0.726596
Gorai.009G001800.1.A	2078	1972.5	83.6066	1.68115
Gorai.009G001800.1.D	2078	1972.5	120.393	2.42086
Gorai.009G001900.1.A	1687	1581.5	555.847	13.9402
Gorai.009G001900.1.D	1687	1581.5	451.153	11.3146
Gorai.009G002000.1.A	1822	1716.5	11.5037	0.265813
Gorai.009G002000.1.D	1822	1716.5	642.611	14.8487
Gorai.009G002100.1.A	2210	2104.5	345.92	6.51944
Gorai.009G002100.1.D	2210	2104.5	280.08	5.27858
Gorai.009G002200.1.A	998	892.505	2	0.0888801
Gorai.009G002200.1.D	998	892.505	4	0.17776
Gorai.009G002300.1.A	1762	1656.5	322.362	7.71857
Gorai.009G002300.1.D	1762	1656.5	193.638	4.63641
Gorai.009G002400.1.A	2162	2056.5	21.3158	0.411109
Gorai.009G002400.1.D	2162	2056.5	23.6842	0.456787
Gorai.009G002500.1.A	2988	2882.5	66.2775	0.91197
Gorai.009G002500.1.D	2988	2882.5	115.723	1.59233
Gorai.009G002600.1.A	1695	1589.5	0	0
Gorai.009G002600.1.D	1695	1589.5	0	0
Gorai.009G002700.1.A	2193	2087.5	0	0
Gorai.009G002700.1.D	2193	2087.5	30	0.570005
Gorai.009G002800.1.A	519	413.551	8	0.767265
Gorai.009G002800.1.D	519	413.551	0	0
Gorai.009G002900.1.A	2172	2066.5	285.244	5.47476
Gorai.009G002900.1.D	2172	2066.5	57.756	1.10853
Gorai.009G003000.1.A	3392	3286.5	160.016	1.93114
Gorai.009G003000.1.D	3392	3286.5	115.984	1.39975
Gorai.009G003100.1.A	1216	1110.5	103.885	3.71037
Gorai.009G003100.1.D	1216	1110.5	215.115	7.68308
Gorai.009G003200.1.A	2426	2320.5	118.887	2.03206
Gorai.009G003200.1.D	2426	2320.5	7.1129	0.121576
Gorai.009G003300.1.A	2466	2360.5	229.429	3.85504
Gorai.009G003300.1.D	2466	2360.5	312.571	5.25205
Gorai.009G003400.1.A	1218	1112.5	2792.77	99.5676
Gorai.009G003400.1.D	1218	1112.5	4708.23	167.858
Gorai.009G003500.1.A	2177	2071.5	129.301	2.47571
Gorai.009G003500.1.D	2177	2071.5	35.7321	0.68416
Gorai.009G003600.1.A	1561	1455.5	21	0.572256
Gorai.009G003600.1.D	1561	1455.5	0	0
Gorai.009G003700.1.A	903	797.505	0	0
Gorai.009G003700.1.D	903	797.505	9	0.447604
Gorai.009G003800.1.A	1283	1177.5	8	0.269471
Gorai.009G003800.1.D	1283	1177.5	9	0.303155
Gorai.009G003900.1.A	1260	1154.5	24.0833	0.827382
Gorai.009G003900.1.D	1260	1154.5	9.91667	0.340687
Gorai.009G004000.1.A	507	401.551	1	0.0987743
Gorai.009G004000.1.D	507	401.551	1	0.0987743
Gorai.009G004100.1.A	1593	1487.5	17.9474	0.47855
Gorai.009G004100.1.D	1593	1487.5	13.0526	0.348036
Gorai.009G004200.1.A	3527	3421.5	90.7692	1.05222
Gorai.009G004200.1.D	3527	3421.5	27.2308	0.315666
Gorai.009G004300.1.A	2951	2845.5	166.598	2.32217
Gorai.009G004300.1.D	2951	2845.5	108.402	1.511
Gorai.009G004400.1.A	2694	2588.5	547.072	8.38264
Gorai.009G004400.1.D	2694	2588.5	574.928	8.80945
Gorai.009G004500.1.A	1361	1255.5	0	0
Gorai.009G004500.1.D	1361	1255.5	0	0
Gorai.009G004600.1.A	1260	1154.5	1	0.0343549
Gorai.009G004600.1.D	1260	1154.5	0	0
Gorai.009G004700.1.A	1122	1016.5	0	0
Gorai.009G004700.1.D	1122	1016.5	0	0
Gorai.009G004800.1.A	3186	3080.5	325.718	4.19378
Gorai.009G004800.1.D	3186	3080.5	120.282	1.54868
Gorai.009G004900.1.A	3118	3012.5	333.379	4.3893
Gorai.009G004900.1.D	3118	3012.5	248.621	3.27337
Gorai.009G005000.1.A	1176	1070.5	11.3158	0.419258
Gorai.009G005000.1.D	1176	1070.5	31.6842	1.17392
Gorai.009G005100.1.A	1779	1673.5	310.482	7.35859
Gorai.009G005100.1.D	1779	1673.5	580.518	13.7586
Gorai.009G005200.1.A	1737	1631.5	149.29	3.62934
Gorai.009G005200.1.D	1737	1631.5	24.7101	0.600718
Gorai.009G005300.1.A	1312	1206.5	0	0
Gorai.009G005300.1.D	1312	1206.5	3	0.0986228
Gorai.009G005400.1.A	1229	1123.5	285.47	10.0779
Gorai.009G005400.1.D	1229	1123.5	810.53	28.614
Gorai.009G005500.1.A	751	645.505	507.229	31.1666
Gorai.009G005500.1.D	751	645.505	779.771	47.9129
Gorai.009G005600.1.A	2888	2782.5	1763.1	25.1319
Gorai.009G005600.1.D	2888	2782.5	2107.9	30.0469
Gorai.009G005700.1.A	496	390.551	10	1.01556
Gorai.009G005700.1.D	496	390.551	7	0.710894
Gorai.009G005800.1.A	2151	2045.5	16.1071	0.312322
Gorai.009G005800.1.D	2151	2045.5	24.8929	0.48268
Gorai.009G005900.1.A	2413	2307.5	24.15	0.415106
Gorai.009G005900.1.D	2413	2307.5	164.85	2.83355
Gorai.009G006000.1.A	986	880.505	41997.2	1891.79
Gorai.009G006000.1.D	986	880.505	16364.8	737.162
Gorai.009G006100.1.A	1111	1005.5	0	0
Gorai.009G006100.1.D	1111	1005.5	0	0
Gorai.009G006200.1.A	1506	1400.5	1	0.0283205
Gorai.009G006200.1.D	1506	1400.5	0	0
Gorai.009G006300.1.A	1092	986.505	0	0
Gorai.009G006300.1.D	1092	986.505	0	0
Gorai.009G006400.1.A	1201	1095.5	25.8824	0.937075
Gorai.009G006400.1.D	1201	1095.5	34.1176	1.23524
Gorai.009G006500.1.A	2301	2195.5	442.484	7.99371
Gorai.009G006500.1.D	2301	2195.5	403.516	7.28972
Gorai.009G006600.1.A	4362	4256.5	435.672	4.05968
Gorai.009G006600.1.D	4362	4256.5	50.5793	0.471308
Gorai.009G006700.1.A	1269	1163.5	2	0.0681784
Gorai.009G006700.1.D	1269	1163.5	0	0
Gorai.009G006800.1.A	3442	3336.5	0	0
Gorai.009G006800.1.D	3442	3336.5	14	0.166426
Gorai.009G006900.1.A	1173	1067.5	602.555	22.3878
Gorai.009G006900.1.D	1173	1067.5	539.444	20.0429
Gorai.009G007000.1.A	1434	1328.5	0	0
Gorai.009G007000.1.D	1434	1328.5	52	1.55248
Gorai.009G007100.1.A	2815	2709.5	1.0339	0.0151347
Gorai.009G007100.1.D	2815	2709.5	59.9661	0.877811
Gorai.009G007200.1.A	2779	2673.5	0	0
Gorai.009G007200.1.D	2779	2673.5	66	0.979147
Gorai.009G007300.1.A	1836	1730.5	348.442	7.98625
Gorai.009G007300.1.D	1836	1730.5	36.5579	0.837901
Gorai.009G007400.1.A	3754	3648.5	1846.38	20.072
Gorai.009G007400.1.D	3754	3648.5	1255.62	13.6499
Gorai.009G007500.1.A	2135	2029.5	441.596	8.63019
Gorai.009G007500.1.D	2135	2029.5	145.404	2.84165
Gorai.009G007600.1.A	905	799.505	94.0751	4.66701
Gorai.009G007600.1.D	905	799.505	80.9249	4.01463
Gorai.009G007700.1.A	921	815.505	14	0.680905
Gorai.009G007700.1.D	921	815.505	36	1.7509
Gorai.009G007800.1.A	2621	2515.5	0	0
Gorai.009G007800.1.D	2621	2515.5	0	0
Gorai.009G007900.1.A	1374	1268.5	0	0
Gorai.009G007900.1.D	1374	1268.5	0	0
Gorai.009G008000.1.A	1988	1882.5	654.093	13.7812
Gorai.009G008000.1.D	1988	1882.5	1143.91	24.1012
Gorai.009G008100.1.A	1303	1197.5	317.312	10.5098
Gorai.009G008100.1.D	1303	1197.5	870.688	28.8383
Gorai.009G008200.1.A	2109	2003.5	41.4648	0.820869
Gorai.009G008200.1.D	2109	2003.5	50.5352	1.00043
Gorai.009G008300.1.A	751	645.505	1	0.0614449
Gorai.009G008300.1.D	751	645.505	7	0.430114
Gorai.009G008400.1.A	2059	1953.5	31.8293	0.646245
Gorai.009G008400.1.D	2059	1953.5	13.1707	0.267412
Gorai.009G008500.1.A	2096	1990.5	3.38961	0.0675416
Gorai.009G008500.1.D	2096	1990.5	83.6104	1.66603
Gorai.009G008600.1.A	1576	1470.5	2898.13	78.1692
Gorai.009G008600.1.D	1576	1470.5	2305.87	62.1948
Gorai.009G008700.1.A	1047	941.505	0	0
Gorai.009G008700.1.D	1047	941.505	1	0.0421272
Gorai.009G008800.1.A	1650	1544.5	0	0
Gorai.009G008800.1.D	1650	1544.5	1	0.02568
Gorai.009G008900.1.A	1181	1075.5	177.412	6.54267
Gorai.009G008900.1.D	1181	1075.5	82.5882	3.04573
Gorai.009G009000.1.A	942	836.505	1.125	0.053342
Gorai.009G009000.1.D	942	836.505	7.875	0.373394
Gorai.009G009100.1.A	4572	4466.5	221.411	1.96614
Gorai.009G009100.1.D	4572	4466.5	235.589	2.09205
Gorai.009G009200.1.A	2049	1943.5	0	0
Gorai.009G009200.1.D	2049	1943.5	9	0.183672
Gorai.009G009300.1.A	3540	3434.5	131.514	1.51877
Gorai.009G009300.1.D	3540	3434.5	103.486	1.1951
Gorai.009G009400.1.A	471	365.551	0	0
Gorai.009G009400.1.D	471	365.551	0	0
Gorai.009G009500.1.A	3865	3759.5	6144.4	64.8237
Gorai.009G009500.1.D	3865	3759.5	8515.35	89.8373
Gorai.009G009600.1.A	2915	2809.5	25.5319	0.360445
Gorai.009G009600.1.D	2915	2809.5	24.4681	0.345426
Gorai.009G009700.1.A	3722	3616.5	8088.49	88.7081
Gorai.009G009700.1.D	3722	3616.5	16290.5	178.661
Gorai.009G009800.1.A	3220	3114.5	2637.38	33.5868
Gorai.009G009800.1.D	3220	3114.5	3411.62	43.4467
Gorai.009G009900.1.A	2251	2145.5	130.233	2.40756
Gorai.009G009900.1.D	2251	2145.5	137.767	2.54684
Gorai.009G010000.1.A	2132	2026.5	159.399	3.11976
Gorai.009G010000.1.D	2132	2026.5	188.601	3.69132
Gorai.009G010100.1.A	828	722.505	399.096	21.909
Gorai.009G010100.1.D	828	722.505	395.904	21.7337
Gorai.009G010200.1.A	3914	3808.5	3496.14	36.4099
Gorai.009G010200.1.D	3914	3808.5	5612.11	58.4463
Gorai.009G010300.1.A	1116	1010.5	3	0.117752
Gorai.009G010300.1.D	1116	1010.5	7	0.274754
Gorai.009G010400.1.A	3295	3189.5	5	0.0621773
Gorai.009G010400.1.D	3295	3189.5	1	0.0124355
Gorai.009G010500.1.A	1303	1197.5	0	0
Gorai.009G010500.1.D	1303	1197.5	2	0.0662426
Gorai.009G010600.1.A	2022	1916.5	0	0
Gorai.009G010600.1.D	2022	1916.5	0	0
Gorai.009G010700.1.A	429	323.583	0	0
Gorai.009G010700.1.D	429	323.583	0	0
Gorai.009G010800.1.A	2026	1920.5	80.7363	1.66739
Gorai.009G010800.1.D	2026	1920.5	570.264	11.7773
Gorai.009G010900.1.A	1820	1714.5	137.058	3.17066
Gorai.009G010900.1.D	1820	1714.5	166.942	3.862
Gorai.009G011000.1.A	1611	1505.5	0	0
Gorai.009G011000.1.D	1611	1505.5	0	0
Gorai.009G011100.1.A	684	578.505	0	0
Gorai.009G011100.1.D	684	578.505	2	0.137122
Gorai.009G011200.1.A	2166	2060.5	93.121	1.7925
Gorai.009G011200.1.D	2166	2060.5	76.879	1.47985
Gorai.009G011300.1.A	2059	1953.5	3.23077	0.0655959
Gorai.009G011300.1.D	2059	1953.5	17.7692	0.360777
Gorai.009G011400.1.A	2071	1965.5	276.615	5.58196
Gorai.009G011400.1.D	2071	1965.5	166.385	3.35757
Gorai.009G011500.1.A	3916	3810.5	295.636	3.07723
Gorai.009G011500.1.D	3916	3810.5	246.364	2.56436
Gorai.009G011600.1.A	1730	1624.5	241.607	5.89893
Gorai.009G011600.1.D	1730	1624.5	135.393	3.30568
Gorai.009G011700.1.A	1003	897.505	17.0346	0.7528
Gorai.009G011700.1.D	1003	897.505	0	0
Gorai.009G011800.1.A	7434	7328.5	323.267	1.74957
Gorai.009G011800.1.D	7434	7328.5	262.758	1.42208
Gorai.009G011900.1.A	1671	1565.5	562.86	14.2604
Gorai.009G011900.1.D	1671	1565.5	1030.14	26.0992
Gorai.009G012000.1.A	1996	1890.5	110.052	2.30889
Gorai.009G012000.1.D	1996	1890.5	466.948	9.79661
Gorai.009G012100.1.A	2362	2256.5	2	0.0351543
Gorai.009G012100.1.D	2362	2256.5	0	0
Gorai.009G012200.1.A	344	238.63	1	0.166211
Gorai.009G012200.1.D	344	238.63	14	2.32695
Gorai.009G012300.1.A	1481	1375.5	358.639	10.3414
Gorai.009G012300.1.D	1481	1375.5	735.361	21.2043
Gorai.009G012400.1.A	5275	5169.5	648.147	4.9729
Gorai.009G012400.1.D	5275	5169.5	353.853	2.71493
Gorai.009G012500.1.A	420	314.583	0	0
Gorai.009G012500.1.D	420	314.583	0	0
Gorai.009G012600.1.A	1559	1453.5	1958.44	53.4416
Gorai.009G012600.1.D	1559	1453.5	1097.56	29.9499
Gorai.009G012700.1.A	1853	1747.5	19.2174	0.436175
Gorai.009G012700.1.D	1853	1747.5	32.7826	0.744064
Gorai.009G012800.1.A	806	700.505	101.981	5.77419
Gorai.009G012800.1.D	806	700.505	2.01942	0.11434
Gorai.009G012900.1.A	370	264.583	3106.12	465.63
Gorai.009G012900.1.D	370	264.583	6102.88	914.866
Gorai.009G013000.1.A	1843	1737.5	24.5854	0.561223
Gorai.009G013000.1.D	1843	1737.5	17.4146	0.397533
Gorai.009G013100.1.A	1031	925.505	1151.1	49.331
Gorai.009G013100.1.D	1031	925.505	376.899	16.1522
Gorai.009G013200.1.A	955	849.505	32.0645	1.49708
Gorai.009G013200.1.D	955	849.505	38.9355	1.81788
Gorai.009G013300.1.A	1037	931.505	62.2222	2.64939
Gorai.009G013300.1.D	1037	931.505	1.77778	0.0756968
Gorai.009G013400.1.A	1626	1520.5	781.616	20.3887
Gorai.009G013400.1.D	1626	1520.5	643.384	16.7829
Gorai.009G013500.1.A	1300	1194.5	0.5	0.0166023
Gorai.009G013500.1.D	1300	1194.5	0.5	0.0166023
Gorai.009G013600.1.A	689	583.505	48.7407	3.31309
Gorai.009G013600.1.D	689	583.505	7.25926	0.493438
Gorai.009G013700.1.A	618	512.505	264.85	20.4968
Gorai.009G013700.1.D	618	512.505	534.15	41.3381
Gorai.009G013800.1.A	2362	2256.5	130.631	2.29611
Gorai.009G013800.1.D	2362	2256.5	398.369	7.0022
Gorai.009G013900.1.A	777	671.505	7	0.41346
Gorai.009G013900.1.D	777	671.505	5	0.295329
Gorai.009G014000.1.A	3029	2923.5	0	0
Gorai.009G014000.1.D	3029	2923.5	1	0.0135669
Gorai.009G014100.1.A	2757	2651.5	14.1029	0.210961
Gorai.009G014100.1.D	2757	2651.5	122.897	1.83837
Gorai.009G014200.1.A	1420	1314.5	64.6935	1.95202
Gorai.009G014200.1.D	1420	1314.5	126.306	3.81108
Gorai.009G014300.1.A	2202	2096.5	150.75	2.85198
Gorai.009G014300.1.D	2202	2096.5	184.25	3.48575
Gorai.009G014400.1.A	885	779.505	4	0.203529
Gorai.009G014400.1.D	885	779.505	6	0.305293
Gorai.009G014500.1.A	3028	2922.5	6072.46	82.4127
Gorai.009G014500.1.D	3028	2922.5	479.543	6.50814
Gorai.009G014600.1.A	1378	1272.5	71.4353	2.22658
Gorai.009G014600.1.D	1378	1272.5	20.5647	0.640985
Gorai.009G014700.1.A	2156	2050.5	343.443	6.64322
Gorai.009G014700.1.D	2156	2050.5	442.557	8.56039
Gorai.009G014800.1.A	435	329.583	0	0
Gorai.009G014800.1.D	435	329.583	0	0
Gorai.009G014900.1.A	1166	1060.5	0	0
Gorai.009G014900.1.D	1166	1060.5	0	0
Gorai.009G015000.1.A	1552	1446.5	47.6727	1.30718
Gorai.009G015000.1.D	1552	1446.5	66.3273	1.81868
Gorai.009G015100.1.A	2891	2785.5	8	0.113912
Gorai.009G015100.1.D	2891	2785.5	0	0
Gorai.009G015200.1.A	1998	1892.5	7.63636	0.160042
Gorai.009G015200.1.D	1998	1892.5	28.3636	0.594443
Gorai.009G015300.1.A	1647	1541.5	1.07113	0.0275602
Gorai.009G015300.1.D	1647	1541.5	1.07113	0.0275602
Gorai.009G015400.1.A	968	862.505	0	0
Gorai.009G015400.1.D	968	862.505	0	0
Gorai.009G015500.1.A	1178	1072.5	264.216	9.77114
Gorai.009G015500.1.D	1178	1072.5	64.7838	2.39581
Gorai.009G015600.1.A	1499	1393.5	51.8906	1.47695
Gorai.009G015600.1.D	1499	1393.5	110.109	3.13401
Gorai.009G015700.1.A	1434	1328.5	306.461	9.14949
Gorai.009G015700.1.D	1434	1328.5	484.539	14.4661
Gorai.009G015800.1.A	1826	1720.5	32.4211	0.747405
Gorai.009G015800.1.D	1826	1720.5	11.5789	0.26693
Gorai.009G015900.1.A	734	628.505	0	0
Gorai.009G015900.1.D	734	628.505	2	0.126214
Gorai.009G016000.1.A	1657	1551.5	12	0.30677
Gorai.009G016000.1.D	1657	1551.5	8	0.204513
Gorai.009G016100.1.A	2513	2407.5	185.911	3.06284
Gorai.009G016100.1.D	2513	2407.5	125.089	2.0608
Gorai.009G016200.1.A	1351	1245.5	211.349	6.73037
Gorai.009G016200.1.D	1351	1245.5	885.651	28.2035
Gorai.009G016300.1.A	513	407.551	88.29	8.59239
Gorai.009G016300.1.D	513	407.551	129.71	12.6234
Gorai.009G016400.1.A	670	564.505	0	0
Gorai.009G016400.1.D	670	564.505	0	0
Gorai.009G016500.1.A	911	805.505	21.6667	1.06686
Gorai.009G016500.1.D	911	805.505	17.3333	0.853491
Gorai.009G016600.1.A	1476	1370.5	74.8025	2.16481
Gorai.009G016600.1.D	1476	1370.5	91.1975	2.63929
Gorai.009G016700.1.A	1236	1130.5	226.718	7.95423
Gorai.009G016700.1.D	1236	1130.5	2.30831	0.0809855
Gorai.009G016800.1.A	874	768.505	6.85714	0.353901
Gorai.009G016800.1.D	874	768.505	1.14286	0.0589835
Gorai.009G016900.1.A	1254	1148.5	30.5618	1.05543
Gorai.009G016900.1.D	1254	1148.5	241.438	8.33793
Gorai.009G017000.1.A	789	683.505	0	0
Gorai.009G017000.1.D	789	683.505	0	0
Gorai.009G017100.1.A	2920	2814.5	56.127	0.79096
Gorai.009G017100.1.D	2920	2814.5	215.873	3.04215
Gorai.009G017200.1.A	1332	1226.5	35.5862	1.15079
Gorai.009G017200.1.D	1332	1226.5	93.4138	3.02083
Gorai.009G017300.1.A	1271	1165.5	12.5157	0.425919
Gorai.009G017300.1.D	1271	1165.5	186.484	6.34619
Gorai.009G017400.1.A	1959	1853.5	880	18.831
Gorai.009G017400.1.D	1959	1853.5	720	15.4072
Gorai.009G017500.1.A	967	861.505	18	0.828705
Gorai.009G017500.1.D	967	861.505	0	0
Gorai.009G017600.1.A	1283	1177.5	20.6349	0.695064
Gorai.009G017600.1.D	1283	1177.5	44.3651	1.49439
Gorai.009G017700.1.A	1439	1333.5	7.71429	0.229449
Gorai.009G017700.1.D	1439	1333.5	46.2857	1.37669
Gorai.009G017800.1.A	1412	1306.5	0	0
Gorai.009G017800.1.D	1412	1306.5	0	0
Gorai.009G017900.1.A	1410	1304.5	20	0.608092
Gorai.009G017900.1.D	1410	1304.5	0	0
Gorai.009G018000.1.A	1531	1425.5	180.61	5.02526
Gorai.009G018000.1.D	1531	1425.5	41.3898	1.15162
Gorai.009G018100.1.A	5177	5071.5	158.644	1.24071
Gorai.009G018100.1.D	5177	5071.5	166.356	1.30103
Gorai.009G018200.1.A	767	661.505	33.5455	2.01134
Gorai.009G018200.1.D	767	661.505	48.4545	2.90527
Gorai.009G018300.1.A	889	783.505	0	0
Gorai.009G018300.1.D	889	783.505	0	0
Gorai.009G018400.1.A	1426	1320.5	114.211	3.43045
Gorai.009G018400.1.D	1426	1320.5	9.78947	0.294039
Gorai.009G018500.1.A	997	891.505	102.532	4.56162
Gorai.009G018500.1.D	997	891.505	59.4684	2.64574
Gorai.009G018600.1.A	1351	1245.5	75.4662	2.40321
Gorai.009G018600.1.D	1351	1245.5	77.5338	2.46905
Gorai.009G018700.1.A	950	844.505	0	0
Gorai.009G018700.1.D	950	844.505	479	22.4967
Gorai.009G018800.1.A	591	485.551	0	0
Gorai.009G018800.1.D	591	485.551	0	0
Gorai.009G018900.1.A	1001	895.505	0	0
Gorai.009G018900.1.D	1001	895.505	0	0
Gorai.009G019000.1.A	1870	1764.5	236.754	5.3218
Gorai.009G019000.1.D	1870	1764.5	376.246	8.45735
Gorai.009G019100.1.A	2571	2465.5	121.982	1.96235
Gorai.009G019100.1.D	2571	2465.5	189.018	3.04076
Gorai.009G019200.1.A	1790	1684.5	93.2129	2.19477
Gorai.009G019200.1.D	1790	1684.5	78.7871	1.8551
Gorai.009G019300.1.A	1058	952.505	0	0
Gorai.009G019300.1.D	1058	952.505	2	0.0832814
Gorai.009G019400.1.A	834	728.505	57	3.10333
Gorai.009G019400.1.D	834	728.505	5	0.272222
Gorai.009G019500.1.A	991	885.505	106.69	4.77879
Gorai.009G019500.1.D	991	885.505	43.3099	1.93991
Gorai.009G019600.1.A	1799	1693.5	1.33333	0.0312275
Gorai.009G019600.1.D	1799	1693.5	2.66667	0.062455
Gorai.009G019700.1.A	1467	1361.5	0	0
Gorai.009G019700.1.D	1467	1361.5	0	0
Gorai.009G019800.1.A	1025	919.505	13.3611	0.576333
Gorai.009G019800.1.D	1025	919.505	23.6389	1.01967
Gorai.009G019900.1.A	2104	1998.5	376.267	7.4675
Gorai.009G019900.1.D	2104	1998.5	287.733	5.71044
Gorai.009G020000.1.A	1086	980.505	15	0.606773
Gorai.009G020000.1.D	1086	980.505	15	0.606773
Gorai.009G020100.1.A	1460	1354.5	1370.38	40.1278
Gorai.009G020100.1.D	1460	1354.5	39.6198	1.16016
Gorai.009G020200.1.A	1047	941.505	0	0
Gorai.009G020200.1.D	1047	941.505	0	0
Gorai.009G020300.1.A	1017	911.505	0	0
Gorai.009G020300.1.D	1017	911.505	0	0
Gorai.009G020400.1.A	1649	1543.5	161.485	4.14962
Gorai.009G020400.1.D	1649	1543.5	130.515	3.35381
Gorai.009G020500.1.A	2121	2015.5	517.961	10.1929
Gorai.009G020500.1.D	2121	2015.5	465.039	9.15146
Gorai.009G020600.1.A	1609	1503.5	185.023	4.88097
Gorai.009G020600.1.D	1609	1503.5	22.9767	0.606134
Gorai.009G020700.1.A	741	635.505	21.3333	1.33145
Gorai.009G020700.1.D	741	635.505	26.6667	1.66431
Gorai.009G020800.1.A	1793	1687.5	1152.71	27.0931
Gorai.009G020800.1.D	1793	1687.5	1214.69	28.5499
Gorai.009G020900.1.A	1719	1613.5	427.254	10.5027
Gorai.009G020900.1.D	1719	1613.5	533.746	13.1205
Gorai.009G021000.1.A	2609	2503.5	366.447	5.80561
Gorai.009G021000.1.D	2609	2503.5	368.553	5.83897
Gorai.009G021100.1.A	1845	1739.5	3	0.0684039
Gorai.009G021100.1.D	1845	1739.5	0	0
Gorai.009G021200.1.A	420	314.583	0	0
Gorai.009G021200.1.D	420	314.583	0	0
Gorai.009G021300.1.A	1447	1341.5	9.2	0.272007
Gorai.009G021300.1.D	1447	1341.5	82.8	2.44807
Gorai.009G021400.1.A	636	530.505	6	0.448587
Gorai.009G021400.1.D	636	530.505	0	0
Gorai.009G021500.1.A	1866	1760.5	12.6	0.283869
Gorai.009G021500.1.D	1866	1760.5	1.4	0.031541
Gorai.009G021600.1.A	1508	1402.5	329.667	9.323
Gorai.009G021600.1.D	1508	1402.5	659.333	18.646
Gorai.009G021700.1.A	2661	2555.5	116.02	1.8007
Gorai.009G021700.1.D	2661	2555.5	9.9802	0.154899
Gorai.009G021800.1.A	531	425.551	0	0
Gorai.009G021800.1.D	531	425.551	0	0
Gorai.009G021900.1.A	3552	3446.5	8	0.0920653
Gorai.009G021900.1.D	3552	3446.5	1	0.0115082
Gorai.009G022000.1.A	1510	1404.5	251.129	7.09183
Gorai.009G022000.1.D	1510	1404.5	136.871	3.86522
Gorai.009G022100.1.A	2008	1902.5	19.8095	0.412984
Gorai.009G022100.1.D	2008	1902.5	6.19048	0.129057
Gorai.009G022200.1.A	3541	3435.5	33.871	0.391041
Gorai.009G022200.1.D	3541	3435.5	246.129	2.84156
Gorai.009G022300.1.A	2716	2610.5	81.5911	1.23966
Gorai.009G022300.1.D	2716	2610.5	192.409	2.92338
Gorai.009G022400.1.A	4801	4695.5	870.853	7.3561
Gorai.009G022400.1.D	4801	4695.5	354.147	2.99148
Gorai.009G022500.1.A	732	626.505	16.4516	1.04152
Gorai.009G022500.1.D	732	626.505	17.5484	1.11096
Gorai.009G022600.1.A	2360	2254.5	1058.68	18.6252
Gorai.009G022600.1.D	2360	2254.5	565.316	9.94547
Gorai.009G022700.1.A	8215	8109.5	391.404	1.91432
Gorai.009G022700.1.D	8215	8109.5	190.596	0.932192
Gorai.009G022800.1.A	2420	2314.5	20.4	0.349588
Gorai.009G022800.1.D	2420	2314.5	13.6	0.233059
Gorai.009G022900.1.A	710	604.505	3	0.196837
Gorai.009G022900.1.D	710	604.505	0	0
Gorai.009G023000.1.A	1052	946.505	19.7308	0.826811
Gorai.009G023000.1.D	1052	946.505	7.26923	0.304615
Gorai.009G023100.1.A	2060	1954.5	16.3325	0.331437
Gorai.009G023100.1.D	2060	1954.5	6.61195	0.134177
Gorai.009G023200.1.A	2814	2708.5	458.117	6.7086
Gorai.009G023200.1.D	2814	2708.5	445.883	6.52944
Gorai.009G023300.1.A	1217	1111.5	3894.71	138.979
Gorai.009G023300.1.D	1217	1111.5	363.29	12.9636
Gorai.009G023400.1.A	877	771.505	0	0
Gorai.009G023400.1.D	877	771.505	12	0.616918
Gorai.009G023500.1.A	3208	3102.5	94.2297	1.20465
Gorai.009G023500.1.D	3208	3102.5	134.77	1.72293
Gorai.009G023600.1.A	1456	1350.5	75.1212	2.20623
Gorai.009G023600.1.D	1456	1350.5	146.879	4.31368
Gorai.009G023700.1.A	3764	3658.5	3005.42	32.5827
Gorai.009G023700.1.D	3764	3658.5	2394.58	25.9604
Gorai.009G023800.1.A	2339	2233.5	6.07955	0.107962
Gorai.009G023800.1.D	2339	2233.5	100.92	1.79216
Gorai.009G023900.1.A	4083	3977.5	0	0
Gorai.009G023900.1.D	4083	3977.5	0	0
Gorai.009G024000.1.A	1897	1791.5	1046.49	23.1688
Gorai.009G024000.1.D	1897	1791.5	29.5083	0.653298
Gorai.009G024100.1.A	2369	2263.5	693.217	12.1471
Gorai.009G024100.1.D	2369	2263.5	729.783	12.7878
Gorai.009G024200.1.A	456	350.551	118.198	13.3735
Gorai.009G024200.1.D	456	350.551	14.0433	1.58893
Gorai.009G024300.1.A	1983	1877.5	885.288	18.702
Gorai.009G024300.1.D	1983	1877.5	1044.71	22.0699
Gorai.009G024400.1.A	1041	935.505	53.6887	2.27626
Gorai.009G024400.1.D	1041	935.505	65.3594	2.77107
Gorai.009G024500.1.A	1037	931.505	27.7181	1.18022
Gorai.009G024500.1.D	1037	931.505	69.1957	2.94631
Gorai.009G024600.1.A	2689	2583.5	268.211	4.11768
Gorai.009G024600.1.D	2689	2583.5	128.789	1.97721
Gorai.009G024700.1.A	1408	1302.5	7.25	0.220772
Gorai.009G024700.1.D	1408	1302.5	21.75	0.662315
Gorai.009G024800.1.A	2001	1895.5	7.14286	0.149462
Gorai.009G024800.1.D	2001	1895.5	17.8571	0.373656
Gorai.009G024900.1.A	1317	1211.5	3.66667	0.120041
Gorai.009G024900.1.D	1317	1211.5	7.33333	0.240083
Gorai.009G025000.1.A	2151	2045.5	104.595	2.02813
Gorai.009G025000.1.D	2151	2045.5	86.4048	1.67541
Gorai.009G025100.1.A	2555	2449.5	1477.62	23.926
Gorai.009G025100.1.D	2555	2449.5	1546.38	25.0393
Gorai.009G025200.1.A	3763	3657.5	202.713	2.19827
Gorai.009G025200.1.D	3763	3657.5	191.706	2.07891
Gorai.009G025300.1.A	2287	2181.5	8.82759	0.160498
Gorai.009G025300.1.D	2287	2181.5	23.1724	0.421308
Gorai.009G025400.1.A	1107	1001.5	129.829	5.14167
Gorai.009G025400.1.D	1107	1001.5	25.1709	0.996854
Gorai.009G025500.1.A	1436	1330.5	253.869	7.56795
Gorai.009G025500.1.D	1436	1330.5	90.131	2.68685
Gorai.009G025600.1.A	1555	1449.5	390.202	10.6771
Gorai.009G025600.1.D	1555	1449.5	453.798	12.4173
Gorai.009G025700.1.A	1106	1000.5	46.4789	1.84256
Gorai.009G025700.1.D	1106	1000.5	28.5211	1.13066
Gorai.009G025800.1.A	1255	1149.5	67.6835	2.33538
Gorai.009G025800.1.D	1255	1149.5	79.3165	2.73677
Gorai.009G025900.1.A	2234	2128.5	42.6216	0.794219
Gorai.009G025900.1.D	2234	2128.5	40.3784	0.752418
Gorai.009G026000.1.A	2365	2259.5	168.234	2.95315
Gorai.009G026000.1.D	2365	2259.5	136.766	2.40076
Gorai.009G026100.1.A	1867	1761.5	17.3684	0.391076
Gorai.009G026100.1.D	1867	1761.5	4.63158	0.104287
Gorai.009G026200.1.A	1428	1322.5	5.6	0.167948
Gorai.009G026200.1.D	1428	1322.5	8.4	0.251923
Gorai.009G026300.1.A	1179	1073.5	6.42105	0.23724
Gorai.009G026300.1.D	1179	1073.5	54.5789	2.01654
Gorai.009G026400.1.A	1446	1340.5	47.9439	1.41857
Gorai.009G026400.1.D	1446	1340.5	66.0561	1.95447
Gorai.009G026500.1.A	4441	4335.5	44.72	0.409117
Gorai.009G026500.1.D	4441	4335.5	7.28	0.0666004
Gorai.009G026600.1.A	1742	1636.5	28.5	0.690737
Gorai.009G026600.1.D	1742	1636.5	43.5	1.05428
Gorai.009G026700.1.A	1387	1281.5	212.293	6.57052
Gorai.009G026700.1.D	1387	1281.5	299.707	9.27603
Gorai.009G026800.1.A	1076	970.505	1.19672	0.048908
Gorai.009G026800.1.D	1076	970.505	144.803	5.91787
Gorai.009G026900.1.A	1980	1874.5	187.747	3.97258
Gorai.009G026900.1.D	1980	1874.5	25.2526	0.534323
Gorai.009G027000.1.A	2249	2143.5	673.465	12.4617
Gorai.009G027000.1.D	2249	2143.5	546.535	10.113
Gorai.009G027100.1.A	2543	2437.5	71.6919	1.16657
Gorai.009G027100.1.D	2543	2437.5	137.308	2.23427
Gorai.009G027200.1.A	4005	3899.5	11.6874	0.118875
Gorai.009G027200.1.D	4005	3899.5	39.3219	0.399954
Gorai.009G027300.1.A	2887	2781.5	124.592	1.77662
Gorai.009G027300.1.D	2887	2781.5	97.4082	1.38899
Gorai.009G027400.1.A	1964	1858.5	46.9388	1.00174
Gorai.009G027400.1.D	1964	1858.5	53.0612	1.1324
Gorai.009G027500.1.A	2402	2296.5	29.3605	0.507085
Gorai.009G027500.1.D	2402	2296.5	71.6395	1.23729
Gorai.009G027600.1.A	498	392.551	32.0131	3.23457
Gorai.009G027600.1.D	498	392.551	0	0
Gorai.009G027700.1.A	3177	3071.5	1.14286	0.0147579
Gorai.009G027700.1.D	3177	3071.5	6.85714	0.0885476
Gorai.009G027800.1.A	2083	1977.5	1	0.0200571
Gorai.009G027800.1.D	2083	1977.5	2	0.0401141
Gorai.009G027900.1.A	1636	1530.5	12	0.310979
Gorai.009G027900.1.D	1636	1530.5	0	0
Gorai.009G028000.1.A	5255	5149.5	647.642	4.98832
Gorai.009G028000.1.D	5255	5149.5	993.358	7.65113
Gorai.009G028100.1.A	2221	2115.5	510.554	9.57222
Gorai.009G028100.1.D	2221	2115.5	234.972	4.40541
Gorai.009G028200.1.A	1841	1735.5	0	0
Gorai.009G028200.1.D	1841	1735.5	0	0
Gorai.009G028300.1.A	1592	1486.5	11.5789	0.30895
Gorai.009G028300.1.D	1592	1486.5	10.4211	0.278055
Gorai.009G028400.1.A	925	819.505	5441.28	263.351
Gorai.009G028400.1.D	925	819.505	4940.72	239.124
Gorai.009G028500.1.A	1029	923.505	5218.64	224.132
Gorai.009G028500.1.D	1029	923.505	7245.36	311.176
Gorai.009G028600.1.A	2068	1962.5	558.514	11.2878
Gorai.009G028600.1.D	2068	1962.5	539.486	10.9032
Gorai.009G028700.1.A	1862	1756.5	497.52	11.2343
Gorai.009G028700.1.D	1862	1756.5	196.48	4.43664
Gorai.009G028800.1.A	2000	1894.5	1179.17	24.6869
Gorai.009G028800.1.D	2000	1894.5	693.828	14.5258
Gorai.009G028900.1.A	2921	2815.5	34.1918	0.481671
Gorai.009G028900.1.D	2921	2815.5	43.8082	0.617141
Gorai.009G029000.1.A	1127	1021.5	7.69365	0.298729
Gorai.009G029000.1.D	1127	1021.5	1.56879	0.0609128
Gorai.009G029100.1.A	2312	2206.5	14.1143	0.253711
Gorai.009G029100.1.D	2312	2206.5	23.8857	0.429357
Gorai.009G029200.1.A	1022	916.505	169.805	7.34853
Gorai.009G029200.1.D	1022	916.505	135.195	5.85074
Gorai.009G029300.1.A	2485	2379.5	15.0687	0.251174
Gorai.009G029300.1.D	2485	2379.5	125.931	2.09909
Gorai.009G029400.1.A	977	871.505	291.514	13.2671
Gorai.009G029400.1.D	977	871.505	505.133	22.9891
Gorai.009G029500.1.A	584	478.551	0	0
Gorai.009G029500.1.D	584	478.551	66.4344	5.50617
Gorai.009G029600.1.A	1786	1680.5	146.769	3.46401
Gorai.009G029600.1.D	1786	1680.5	469.231	11.0747
Gorai.009G029700.1.A	731	625.505	5892.82	373.661
Gorai.009G029700.1.D	731	625.505	2836.18	179.841
Gorai.009G029800.1.A	1094	988.505	247.574	9.93371
Gorai.009G029800.1.D	1094	988.505	213.426	8.56354
Gorai.009G029900.1.A	880	774.505	154.281	7.90085
Gorai.009G029900.1.D	880	774.505	452.8	23.1882
Gorai.009G030000.1.A	3964	3858.5	263.455	2.70814
Gorai.009G030000.1.D	3964	3858.5	150.545	1.54751
Gorai.009G030100.1.A	858	752.505	300.987	15.8644
Gorai.009G030100.1.D	858	752.505	181.013	9.54082
Gorai.009G030200.1.A	3850	3744.5	210.921	2.23414
Gorai.009G030200.1.D	3850	3744.5	311.079	3.29504
Gorai.009G030300.1.A	1276	1170.5	291.693	9.88413
Gorai.009G030300.1.D	1276	1170.5	395.307	13.3951
Gorai.009G030400.1.A	1108	1002.5	1053.48	41.6796
Gorai.009G030400.1.D	1108	1002.5	764.523	30.2475
Gorai.009G030500.1.A	1317	1211.5	0	0
Gorai.009G030500.1.D	1317	1211.5	0	0
Gorai.009G030600.1.A	1674	1568.5	217.454	5.49878
Gorai.009G030600.1.D	1674	1568.5	18.5918	0.470132
Gorai.009G030700.1.A	1358	1252.5	116.108	3.67679
Gorai.009G030700.1.D	1358	1252.5	302.892	9.59164
Gorai.009G030800.1.A	1908	1802.5	16	0.35207
Gorai.009G030800.1.D	1908	1802.5	4	0.0880174
Gorai.009G030900.1.A	1374	1268.5	0	0
Gorai.009G030900.1.D	1374	1268.5	2	0.062535
Gorai.009G031000.1.A	1216	1110.5	27.1223	0.968704
Gorai.009G031000.1.D	1216	1110.5	117.878	4.21014
Gorai.009G031100.1.A	915	809.505	60.4741	2.96302
Gorai.009G031100.1.D	915	809.505	96.5259	4.72944
Gorai.009G031200.1.A	1202	1096.5	1	0.0361722
Gorai.009G031200.1.D	1202	1096.5	1	0.0361722
Gorai.009G031300.1.A	1467	1361.5	1114.09	32.4552
Gorai.009G031300.1.D	1467	1361.5	664.915	19.3701
Gorai.009G031400.1.A	1449	1343.5	0	0
Gorai.009G031400.1.D	1449	1343.5	0	0
Gorai.009G031500.1.A	2484	2378.5	47.7879	0.79689
Gorai.009G031500.1.D	2484	2378.5	35.2121	0.587182
Gorai.009G031600.1.A	1948	1842.5	620.394	13.355
Gorai.009G031600.1.D	1948	1842.5	737.606	15.8782
Gorai.009G031700.1.A	1038	932.505	867.47	36.8968
Gorai.009G031700.1.D	1038	932.505	891.53	37.9201
Gorai.009G031800.1.A	1520	1414.5	198.401	5.56318
Gorai.009G031800.1.D	1520	1414.5	192.599	5.40052
Gorai.009G031900.1.A	1566	1460.5	0	0
Gorai.009G031900.1.D	1566	1460.5	0	0
Gorai.009G032000.1.A	1955	1849.5	2042.87	43.8098
Gorai.009G032000.1.D	1955	1849.5	1797.13	38.5397
Gorai.009G032100.1.A	924	818.505	131.299	6.36246
Gorai.009G032100.1.D	924	818.505	136.726	6.62543
Gorai.009G032200.1.A	4115	4009.5	145.189	1.43624
Gorai.009G032200.1.D	4115	4009.5	121.811	1.20498
Gorai.009G032300.1.A	1799	1693.5	0	0
Gorai.009G032300.1.D	1799	1693.5	0	0
Gorai.009G032400.1.A	2556	2450.5	0	0
Gorai.009G032400.1.D	2556	2450.5	1	0.0161856
Gorai.009G032500.1.A	1449	1343.5	0	0
Gorai.009G032500.1.D	1449	1343.5	1	0.029522
Gorai.009G032600.1.A	2392	2286.5	1431.58	24.8329
Gorai.009G032600.1.D	2392	2286.5	578.425	10.0337
Gorai.009G032700.1.A	636	530.505	27.4074	2.0491
Gorai.009G032700.1.D	636	530.505	9.59259	0.717186
Gorai.009G032800.1.A	2050	1944.5	823.583	16.799
Gorai.009G032800.1.D	2050	1944.5	939.933	19.1722
Gorai.009G032900.1.A	1990	1884.5	13.6364	0.287003
Gorai.009G032900.1.D	1990	1884.5	1.36364	0.0287003
Gorai.009G033000.1.A	2777	2671.5	1	0.0148467
Gorai.009G033000.1.D	2777	2671.5	1	0.0148467
Gorai.009G033100.1.A	1185	1079.5	21.4013	0.786322
Gorai.009G033100.1.D	1185	1079.5	0	0
Gorai.009G033200.1.A	703	597.505	0	0
Gorai.009G033200.1.D	703	597.505	0	0
Gorai.009G033300.1.A	1503	1397.5	81.0145	2.29929
Gorai.009G033300.1.D	1503	1397.5	84.5842	2.40061
Gorai.009G033400.1.A	2313	2207.5	0	0
Gorai.009G033400.1.D	2313	2207.5	8	0.143739
Gorai.009G033500.1.A	2147	2041.5	1297.26	25.2035
Gorai.009G033500.1.D	2147	2041.5	528.741	10.2725
Gorai.009G033600.1.A	899	793.505	13.6842	0.683999
Gorai.009G033600.1.D	899	793.505	6.31579	0.315692
Gorai.009G033700.1.A	4667	4561.5	129.392	1.12509
Gorai.009G033700.1.D	4667	4561.5	139.608	1.21391
Gorai.009G033800.1.A	1376	1270.5	188.83	5.89495
Gorai.009G033800.1.D	1376	1270.5	89.1698	2.78373
Gorai.009G033900.1.A	1417	1311.5	6.39735	0.193471
Gorai.009G033900.1.D	1417	1311.5	154.603	4.67554
Gorai.009G034000.1.A	2232	2126.5	2	0.0373034
Gorai.009G034000.1.D	2232	2126.5	5	0.0932585
Gorai.009G034100.1.A	1320	1214.5	0	0
Gorai.009G034100.1.D	1320	1214.5	0	0
Gorai.009G034200.1.A	2160	2054.5	441.221	8.51792
Gorai.009G034200.1.D	2160	2054.5	69.7794	1.34712
Gorai.009G034300.1.A	5353	5247.5	1954.82	14.7754
Gorai.009G034300.1.D	5353	5247.5	2796.84	21.1397
Gorai.009G034400.1.A	4187	4081.5	731.782	7.11125
Gorai.009G034400.1.D	4187	4081.5	275.218	2.67449
Gorai.009G034500.1.A	2085	1979.5	23.2258	0.465371
Gorai.009G034500.1.D	2085	1979.5	48.7742	0.977279
Gorai.009G034600.1.A	734	628.505	1	0.0631068
Gorai.009G034600.1.D	734	628.505	2	0.126214
Gorai.009G034700.1.A	1158	1052.5	1178.76	44.4208
Gorai.009G034700.1.D	1158	1052.5	618.239	23.2979
Gorai.009G034800.1.A	1037	931.505	10.9375	0.465713
Gorai.009G034800.1.D	1037	931.505	24.0625	1.02457
Gorai.009G034900.1.A	1294	1188.5	160.772	5.36529
Gorai.009G034900.1.D	1294	1188.5	610.228	20.3646
Gorai.009G035000.1.A	1796	1690.5	0	0
Gorai.009G035000.1.D	1796	1690.5	10	0.234622
Gorai.009G035100.1.A	970	864.505	0	0
Gorai.009G035100.1.D	970	864.505	1	0.0458794
Gorai.009G035200.1.A	1729	1623.5	16.6667	0.407174
Gorai.009G035200.1.D	1729	1623.5	63.3333	1.54726
Gorai.009G035300.1.A	3394	3288.5	127.776	1.54112
Gorai.009G035300.1.D	3394	3288.5	231.136	2.78775
Gorai.009G035400.1.A	1828	1722.5	69.4033	1.5981
Gorai.009G035400.1.D	1828	1722.5	322.597	7.42821
Gorai.009G035500.1.A	1278	1172.5	31.4008	1.06221
Gorai.009G035500.1.D	1278	1172.5	716.686	24.2437
Gorai.009G035600.1.A	699	593.505	0	0
Gorai.009G035600.1.D	699	593.505	1.25135	0.0836255
Gorai.009G035700.1.A	1224	1118.5	60.1945	2.13454
Gorai.009G035700.1.D	1224	1118.5	44.5541	1.57992
Gorai.009G035800.1.A	1247	1141.5	2601.01	90.3753
Gorai.009G035800.1.D	1247	1141.5	25328.9	880.083
Gorai.009G035900.1.A	3141	3035.5	91.2354	1.19211
Gorai.009G035900.1.D	3141	3035.5	104.689	1.3679
Gorai.009G036000.1.A	2038	1932.5	535.866	10.9982
Gorai.009G036000.1.D	2038	1932.5	2800.21	57.4718
Gorai.009G036100.1.A	2038	1932.5	4	0.0820964
Gorai.009G036100.1.D	2038	1932.5	0	0
Gorai.009G036200.1.A	324	218.63	0	0
Gorai.009G036200.1.D	324	218.63	0	0
Gorai.009G036300.1.A	901	795.505	39	1.94449
Gorai.009G036300.1.D	901	795.505	39	1.94449
Gorai.009G036400.1.A	786	680.505	2	0.116569
Gorai.009G036400.1.D	786	680.505	5	0.291423
Gorai.009G036500.1.A	999	893.505	1118.2	49.6371
Gorai.009G036500.1.D	999	893.505	827.803	36.7464
Gorai.009G036600.1.A	2743	2637.5	190.297	2.8617
Gorai.009G036600.1.D	2743	2637.5	78.7031	1.18354
Gorai.009G036700.1.A	2110	2004.5	2493.99	49.3484
Gorai.009G036700.1.D	2110	2004.5	3976.01	78.6729
Gorai.009G036800.1.A	1283	1177.5	453.396	15.2722
Gorai.009G036800.1.D	1283	1177.5	159.604	5.37607
Gorai.009G036900.1.A	664	558.505	9	0.639147
Gorai.009G036900.1.D	664	558.505	1	0.0710163
Gorai.009G037000.1.A	616	510.505	321.849	25.0056
Gorai.009G037000.1.D	616	510.505	34.1512	2.65333
Gorai.009G037100.1.A	4854	4748.5	115.686	0.966296
Gorai.009G037100.1.D	4854	4748.5	283.314	2.36644
Gorai.009G037200.1.A	2523	2417.5	785.325	12.8845
Gorai.009G037200.1.D	2523	2417.5	285.675	4.68694
Gorai.009G037300.1.A	570	464.551	3080.9	263.044
Gorai.009G037300.1.D	570	464.551	6912.1	590.149
Gorai.009G037400.1.A	597	491.551	0	0
Gorai.009G037400.1.D	597	491.551	11	0.887582
Gorai.009G037500.1.A	1581	1475.5	4	0.107524
Gorai.009G037500.1.D	1581	1475.5	0	0
Gorai.009G037600.1.A	1270	1164.5	59.0175	2.01013
Gorai.009G037600.1.D	1270	1164.5	56.9825	1.94082
Gorai.009G037700.1.A	678	572.505	2	0.138559
Gorai.009G037700.1.D	678	572.505	0	0
Gorai.009G037800.1.A	602	496.551	0	0
Gorai.009G037800.1.D	602	496.551	0	0
Gorai.009G037900.1.A	6084	5978.5	363.593	2.41217
Gorai.009G037900.1.D	6084	5978.5	256.407	1.70107
Gorai.009G038000.1.A	2972	2866.5	9035.48	125.021
Gorai.009G038000.1.D	2972	2866.5	5933.8	82.1041
Gorai.009G038100.1.A	1309	1203.5	1282.21	42.2566
Gorai.009G038100.1.D	1309	1203.5	1422.79	46.8899
Gorai.009G038200.1.A	2329	2223.5	305.8	5.45487
Gorai.009G038200.1.D	2329	2223.5	332.2	5.92579
Gorai.009G038300.1.A	2053	1947.5	305.315	6.21805
Gorai.009G038300.1.D	2053	1947.5	377.685	7.69195
Gorai.009G038400.1.A	1331	1225.5	11	0.35601
Gorai.009G038400.1.D	1331	1225.5	29	0.938573
Gorai.009G038500.1.A	2328	2222.5	66.003	1.17789
Gorai.009G038500.1.D	2328	2222.5	6.07481	0.108411
Gorai.009G038600.1.A	4079	3973.5	168.067	1.67762
Gorai.009G038600.1.D	4079	3973.5	225.15	2.24742
Gorai.009G038700.1.A	6069	5963.5	601.599	4.0012
Gorai.009G038700.1.D	6069	5963.5	600.401	3.99323
Gorai.009G038800.1.A	1481	1375.5	0	0
Gorai.009G038800.1.D	1481	1375.5	8	0.230682
Gorai.009G038900.1.A	1793	1687.5	0	0
Gorai.009G038900.1.D	1793	1687.5	0	0
Gorai.009G039000.1.A	2129	2023.5	0	0
Gorai.009G039000.1.D	2129	2023.5	0	0
Gorai.009G039100.1.A	2105	1999.5	160.924	3.19214
Gorai.009G039100.1.D	2105	1999.5	2.07643	0.0411889
Gorai.009G039200.1.A	2450	2344.5	23.8288	0.403122
Gorai.009G039200.1.D	2450	2344.5	91.1712	1.54238
Gorai.009G039300.1.A	6180	6074.5	1364.46	8.90911
Gorai.009G039300.1.D	6180	6074.5	734.542	4.79613
Gorai.009G039400.1.A	1106	1000.5	196.984	7.80903
Gorai.009G039400.1.D	1106	1000.5	72.0157	2.85492
Gorai.009G039500.1.A	1255	1149.5	30.1743	1.04115
Gorai.009G039500.1.D	1255	1149.5	649.826	22.4218
Gorai.009G039600.1.A	2021	1915.5	6.00098	0.124258
Gorai.009G039600.1.D	2021	1915.5	13.0021	0.269225
Gorai.009G039700.1.A	2073	1967.5	0	0
Gorai.009G039700.1.D	2073	1967.5	3	0.060477
Gorai.009G039800.1.A	2189	2083.5	12.375	0.235578
Gorai.009G039800.1.D	2189	2083.5	5.625	0.107081
Gorai.009G039900.1.A	2878	2772.5	470.087	6.72497
Gorai.009G039900.1.D	2878	2772.5	446.913	6.39346
Gorai.009G040000.1.A	691	585.505	0	0
Gorai.009G040000.1.D	691	585.505	0	0
Gorai.009G040100.1.A	682	576.505	0	0
Gorai.009G040100.1.D	682	576.505	0	0
Gorai.009G040200.1.A	2464	2358.5	214.281	3.60356
Gorai.009G040200.1.D	2464	2358.5	180.719	3.03915
Gorai.009G040300.1.A	1222	1116.5	41.6984	1.4813
Gorai.009G040300.1.D	1222	1116.5	29.3016	1.04092
Gorai.009G040400.1.A	5253	5147.5	223.644	1.72324
Gorai.009G040400.1.D	5253	5147.5	149.853	1.15466
Gorai.009G040500.1.A	999	893.505	4.66667	0.207155
Gorai.009G040500.1.D	999	893.505	2.33333	0.103577
Gorai.009G040600.1.A	1316	1210.5	1004.78	32.9221
Gorai.009G040600.1.D	1316	1210.5	1424.22	46.6656
Gorai.009G040700.1.A	1919	1813.5	174.772	3.82242
Gorai.009G040700.1.D	1919	1813.5	370.228	8.09721
Gorai.009G040800.1.A	1381	1275.5	0	0
Gorai.009G040800.1.D	1381	1275.5	0	0
Gorai.009G040900.1.A	898	792.505	0	0
Gorai.009G040900.1.D	898	792.505	0	0
Gorai.009G041000.1.A	1405	1299.5	1151.24	35.1378
Gorai.009G041000.1.D	1405	1299.5	1398.76	42.6923
Gorai.009G041100.1.A	736	630.505	3	0.18872
Gorai.009G041100.1.D	736	630.505	0	0
Gorai.009G041200.1.A	1288	1182.5	552.73	18.5394
Gorai.009G041200.1.D	1288	1182.5	1177.44	39.493
Gorai.009G041300.1.A	3411	3305.5	9.53099	0.114363
Gorai.009G041300.1.D	3411	3305.5	162.3	1.94745
Gorai.009G041400.1.A	1506	1400.5	0	0
Gorai.009G041400.1.D	1506	1400.5	0	0
Gorai.009G041500.1.A	1886	1780.5	15.0769	0.335857
Gorai.009G041500.1.D	1886	1780.5	54.9231	1.22348
Gorai.009G041600.1.A	1540	1434.5	234.971	6.49677
Gorai.009G041600.1.D	1540	1434.5	288.029	7.96378
Gorai.009G041700.1.A	1436	1330.5	52.186	1.55569
Gorai.009G041700.1.D	1436	1330.5	79.814	2.37929
Gorai.009G041800.1.A	1059	953.505	33.125	1.3779
Gorai.009G041800.1.D	1059	953.505	72.875	3.03138
Gorai.009G041900.1.A	399	293.583	8.32	1.12403
Gorai.009G041900.1.D	399	293.583	17.68	2.38856
Gorai.009G042000.1.A	1167	1061.5	0	0
Gorai.009G042000.1.D	1167	1061.5	3	0.112094
Gorai.009G042100.1.A	896	790.505	1753.38	87.9747
Gorai.009G042100.1.D	896	790.505	2483.62	124.613
Gorai.009G042200.1.A	1808	1702.5	59.5909	1.38828
Gorai.009G042200.1.D	1808	1702.5	55.4091	1.29086
Gorai.009G042300.1.A	1195	1089.5	18.0889	0.658518
Gorai.009G042300.1.D	1195	1089.5	18.0889	0.658518
Gorai.009G042400.1.A	1335	1229.5	225.597	7.27761
Gorai.009G042400.1.D	1335	1229.5	112.915	3.64257
Gorai.009G042500.1.A	1119	1013.5	1.05906	0.0414459
Gorai.009G042500.1.D	1119	1013.5	14.4283	0.564643
Gorai.009G042600.1.A	3134	3028.5	135.277	1.77166
Gorai.009G042600.1.D	3134	3028.5	158.912	2.0812
Gorai.009G042700.1.A	2447	2341.5	357.878	6.06213
Gorai.009G042700.1.D	2447	2341.5	389.122	6.59136
Gorai.009G042800.1.A	2325	2219.5	0	0
Gorai.009G042800.1.D	2325	2219.5	0	0
Gorai.009G042900.1.A	809	703.505	1	0.0563791
Gorai.009G042900.1.D	809	703.505	0	0
Gorai.009G043000.1.A	1080	974.505	4	0.162802
Gorai.009G043000.1.D	1080	974.505	6	0.244204
Gorai.009G043100.1.A	826	720.505	0	0
Gorai.009G043100.1.D	826	720.505	0	0
Gorai.009G043200.1.A	821	715.505	26.6213	1.47571
Gorai.009G043200.1.D	821	715.505	26.6213	1.47571
Gorai.009G043300.1.A	645	539.505	2.11981	0.155843
Gorai.009G043300.1.D	645	539.505	2.11981	0.155843
Gorai.009G043400.1.A	2273	2167.5	556.25	10.1788
Gorai.009G043400.1.D	2273	2167.5	778.75	14.2503
Gorai.009G043500.1.A	1641	1535.5	8.53333	0.220421
Gorai.009G043500.1.D	1641	1535.5	7.46667	0.192868
Gorai.009G043600.1.A	1321	1215.5	5.83333	0.190347
Gorai.009G043600.1.D	1321	1215.5	1.16667	0.0380693
Gorai.009G043700.1.A	561	455.551	0	0
Gorai.009G043700.1.D	561	455.551	0	0
Gorai.009G043800.1.A	2445	2339.5	204.696	3.47033
Gorai.009G043800.1.D	2445	2339.5	89.3038	1.51402
Gorai.009G043900.1.A	2266	2160.5	793.729	14.5714
Gorai.009G043900.1.D	2266	2160.5	575.271	10.5609
Gorai.009G044000.1.A	1820	1714.5	8.85714	0.204899
Gorai.009G044000.1.D	1820	1714.5	22.1429	0.512248
Gorai.009G044100.1.A	1309	1203.5	13.3784	0.440901
Gorai.009G044100.1.D	1309	1203.5	151.622	4.99687
Gorai.009G044200.1.A	1630	1524.5	4.08889	0.10638
Gorai.009G044200.1.D	1630	1524.5	41.9111	1.0904
Gorai.009G044300.1.A	2410	2304.5	7	0.120477
Gorai.009G044300.1.D	2410	2304.5	0	0
Gorai.009G044400.1.A	1036	930.505	32.8683	1.40102
Gorai.009G044400.1.D	1036	930.505	44.6598	1.90363
Gorai.009G044500.1.A	2625	2519.5	368.742	5.80487
Gorai.009G044500.1.D	2625	2519.5	403.441	6.35111
Gorai.009G044600.1.A	2366	2260.5	714.849	12.5428
Gorai.009G044600.1.D	2366	2260.5	312.151	5.47702
Gorai.009G044700.1.A	1597	1491.5	276.403	7.35027
Gorai.009G044700.1.D	1597	1491.5	1536.6	40.8621
Gorai.009G044800.1.A	2114	2008.5	38.3804	0.757918
Gorai.009G044800.1.D	2114	2008.5	68.6196	1.35506
Gorai.009G044900.1.A	1298	1192.5	44.72	1.4874
Gorai.009G044900.1.D	1298	1192.5	111.28	3.70119
Gorai.009G045000.1.A	1379	1273.5	0	0
Gorai.009G045000.1.D	1379	1273.5	0	0
Gorai.009G045100.1.A	3614	3508.5	150.498	1.70135
Gorai.009G045100.1.D	3614	3508.5	517.502	5.85026
Gorai.009G045200.1.A	3754	3648.5	698.485	7.59324
Gorai.009G045200.1.D	3754	3648.5	365.515	3.97352
Gorai.009G045300.1.A	1208	1102.5	11	0.395728
Gorai.009G045300.1.D	1208	1102.5	5	0.179877
Gorai.009G045400.1.A	1467	1361.5	178.512	5.20035
Gorai.009G045400.1.D	1467	1361.5	431.488	12.57
Gorai.009G045500.1.A	891	785.505	12.3941	0.625824
Gorai.009G045500.1.D	891	785.505	162.817	8.2212
Gorai.009G045600.1.A	1551	1445.5	95.0336	2.60761
Gorai.009G045600.1.D	1551	1445.5	167.966	4.6088
Gorai.009G045700.1.A	764	658.505	0	0
Gorai.009G045700.1.D	764	658.505	1	0.0602318
Gorai.009G045800.1.A	1717	1611.5	259.515	6.38727
Gorai.009G045800.1.D	1717	1611.5	10.4854	0.258071
Gorai.009G045900.1.A	2371	2265.5	33.1915	0.581094
Gorai.009G045900.1.D	2371	2265.5	18.8085	0.329287
Gorai.009G046000.1.A	2721	2615.5	66.5515	1.00922
Gorai.009G046000.1.D	2721	2615.5	324.698	4.9239
Gorai.009G046100.1.A	2461	2355.5	382.694	6.44396
Gorai.009G046100.1.D	2461	2355.5	409.306	6.89205
Gorai.009G046200.1.A	900	794.505	31	1.54757
Gorai.009G046200.1.D	900	794.505	5	0.249608
Gorai.009G046300.1.A	1143	1037.5	1	0.0382292
Gorai.009G046300.1.D	1143	1037.5	1	0.0382292
Gorai.009G046400.1.A	1900	1794.5	13.1915	0.291564
Gorai.009G046400.1.D	1900	1794.5	48.8085	1.07879
Gorai.009G046500.1.A	1170	1064.5	390.869	14.5636
Gorai.009G046500.1.D	1170	1064.5	463.131	17.256
Gorai.009G046600.1.A	1879	1773.5	22.6435	0.506402
Gorai.009G046600.1.D	1879	1773.5	59.6267	1.3335
Gorai.009G046700.1.A	1867	1761.5	119.748	2.6963
Gorai.009G046700.1.D	1867	1761.5	231.982	5.22343
Gorai.009G046800.1.A	1398	1292.5	0	0
Gorai.009G046800.1.D	1398	1292.5	0	0
Gorai.009G046900.1.A	732	626.505	0	0
Gorai.009G046900.1.D	732	626.505	3	0.189925
Gorai.009G047000.1.A	1104	998.505	353.441	14.0395
Gorai.009G047000.1.D	1104	998.505	333.559	13.2498
Gorai.009G047100.1.A	633	527.505	1101.18	82.7977
Gorai.009G047100.1.D	633	527.505	355.817	26.7538
Gorai.009G047200.1.A	2192	2086.5	413.268	7.85593
Gorai.009G047200.1.D	2192	2086.5	645.732	12.2749
Gorai.009G047300.1.A	1064	958.505	55.8235	2.30998
Gorai.009G047300.1.D	1064	958.505	17.1765	0.710763
Gorai.009G047400.1.A	1401	1295.5	2048.18	62.7069
Gorai.009G047400.1.D	1401	1295.5	2029.82	62.1445
Gorai.009G047500.1.A	2499	2393.5	4353.05	72.1346
Gorai.009G047500.1.D	2499	2393.5	3470.95	57.5174
Gorai.009G047600.1.A	1653	1547.5	445.235	11.4115
Gorai.009G047600.1.D	1653	1547.5	201.765	5.17128
Gorai.009G047700.1.A	4711	4605.5	532.759	4.58816
Gorai.009G047700.1.D	4711	4605.5	507.553	4.37109
Gorai.009G047800.1.A	795	689.505	23	1.32305
Gorai.009G047800.1.D	795	689.505	41	2.35848
Gorai.009G047900.1.A	1402	1296.5	92.9461	2.84343
Gorai.009G047900.1.D	1402	1296.5	106.054	3.24442
Gorai.009G048000.1.A	1233	1127.5	117.149	4.12103
Gorai.009G048000.1.D	1233	1127.5	68.8508	2.42201
Gorai.009G048100.1.A	3523	3417.5	138.475	1.60712
Gorai.009G048100.1.D	3523	3417.5	139.525	1.6193
Gorai.009G048200.1.A	3505	3399.5	11	0.12834
Gorai.009G048200.1.D	3505	3399.5	26	0.303349
Gorai.009G048300.1.A	1163	1057.5	93.5	3.50683
Gorai.009G048300.1.D	1163	1057.5	38.5	1.44399
Gorai.009G048400.1.A	1996	1890.5	11.6111	0.243602
Gorai.009G048400.1.D	1996	1890.5	7.38889	0.155019
Gorai.009G048500.1.A	1626	1520.5	3	0.0782561
Gorai.009G048500.1.D	1626	1520.5	0	0
Gorai.009G048600.1.A	2059	1953.5	572.703	11.6279
Gorai.009G048600.1.D	2059	1953.5	733.297	14.8885
Gorai.009G048700.1.A	1358	1252.5	41	1.29834
Gorai.009G048700.1.D	1358	1252.5	0	0
Gorai.009G048800.1.A	3234	3128.5	86.6993	1.09917
Gorai.009G048800.1.D	3234	3128.5	292.301	3.70577
Gorai.009G048900.1.A	1930	1824.5	328.348	7.13795
Gorai.009G048900.1.D	1930	1824.5	557.652	12.1228
Gorai.009G049000.1.A	3404	3298.5	6.07092	0.0729999
Gorai.009G049000.1.D	3404	3298.5	207.929	2.50025
Gorai.009G049100.1.A	2898	2792.5	35.2391	0.500514
Gorai.009G049100.1.D	2898	2792.5	36.4977	0.518389
Gorai.009G049200.1.A	1271	1165.5	221.988	7.55442
Gorai.009G049200.1.D	1271	1165.5	362.012	12.3195
Gorai.009G049300.1.A	1552	1446.5	3	0.0822595
Gorai.009G049300.1.D	1552	1446.5	0	0
Gorai.009G049400.1.A	921	815.505	113.592	5.52469
Gorai.009G049400.1.D	921	815.505	100.408	4.88343
Gorai.009G049500.1.A	1221	1115.5	10.5263	0.374274
Gorai.009G049500.1.D	1221	1115.5	9.47368	0.336847
Gorai.009G049600.1.A	288	182.738	0	0
Gorai.009G049600.1.D	288	182.738	1	0.217048
Gorai.009G049700.1.A	3711	3605.5	1383.28	15.217
Gorai.009G049700.1.D	3711	3605.5	981.72	10.7996
Gorai.009G049800.1.A	1656	1550.5	48.3889	1.23782
Gorai.009G049800.1.D	1656	1550.5	18.6111	0.476085
Gorai.009G049900.1.A	1598	1492.5	4.35294	0.115678
Gorai.009G049900.1.D	1598	1492.5	32.6471	0.867587
Gorai.009G050000.1.A	1321	1215.5	0.5	0.0163154
Gorai.009G050000.1.D	1321	1215.5	0.5	0.0163154
Gorai.009G050100.1.A	924	818.505	0	0
Gorai.009G050100.1.D	924	818.505	0	0
Gorai.009G050200.1.A	798	692.505	2	0.114549
Gorai.009G050200.1.D	798	692.505	0	0
Gorai.009G050300.1.A	1861	1755.5	1	0.0225935
Gorai.009G050300.1.D	1861	1755.5	0	0
Gorai.009G050400.1.A	2129	2023.5	0	0
Gorai.009G050400.1.D	2129	2023.5	9	0.17641
Gorai.009G050500.1.A	906	800.505	1	0.0495474
Gorai.009G050500.1.D	906	800.505	0	0
Gorai.009G050600.1.A	1991	1885.5	145.344	3.05742
Gorai.009G050600.1.D	1991	1885.5	213.656	4.4944
Gorai.009G050700.1.A	1392	1286.5	0	0
Gorai.009G050700.1.D	1392	1286.5	0	0
Gorai.009G050800.1.A	1148	1042.5	251.83	9.58109
Gorai.009G050800.1.D	1148	1042.5	152.17	5.78942
Gorai.009G050900.1.A	1782	1676.5	166.915	3.9489
Gorai.009G050900.1.D	1782	1676.5	196.899	4.65825
Gorai.009G051000.1.A	3713	3607.5	51.4364	0.56552
Gorai.009G051000.1.D	3713	3607.5	71.5636	0.786811
Gorai.009G051100.1.A	1986	1880.5	641.796	13.5365
Gorai.009G051100.1.D	1986	1880.5	758.457	15.9971
Gorai.009G051200.1.A	1688	1582.5	76.9668	1.92905
Gorai.009G051200.1.D	1688	1582.5	155.033	3.88566
Gorai.009G051300.1.A	2985	2879.5	218.675	3.01208
Gorai.009G051300.1.D	2985	2879.5	170.325	2.34609
Gorai.009G051400.1.A	1156	1050.5	0	0
Gorai.009G051400.1.D	1156	1050.5	4	0.151024
Gorai.009G051500.1.A	2578	2472.5	77.1522	1.23764
Gorai.009G051500.1.D	2578	2472.5	195.848	3.14171
Gorai.009G051600.1.A	619	513.505	0	0
Gorai.009G051600.1.D	619	513.505	0	0
Gorai.009G051700.1.A	2130	2024.5	314.284	6.15728
Gorai.009G051700.1.D	2130	2024.5	768.531	15.0566
Gorai.009G051800.1.A	971	865.505	34.2308	1.56867
Gorai.009G051800.1.D	971	865.505	54.7692	2.50988
Gorai.009G051900.1.A	790	684.505	151	8.74954
Gorai.009G051900.1.D	790	684.505	135	7.82244
Gorai.009G052000.1.A	2276	2170.5	0	0
Gorai.009G052000.1.D	2276	2170.5	0	0
Gorai.009G052100.1.A	1838	1732.5	384.619	8.80523
Gorai.009G052100.1.D	1838	1732.5	12650.2	289.606
Gorai.009G052200.1.A	1315	1209.5	579.072	18.9894
Gorai.009G052200.1.D	1315	1209.5	53320.1	1748.51
Gorai.009G052300.1.A	630	524.505	4	0.302479
Gorai.009G052300.1.D	630	524.505	0	0
Gorai.009G052400.1.A	2725	2619.5	89.5539	1.35597
Gorai.009G052400.1.D	2725	2619.5	112.036	1.69639
Gorai.009G052500.1.A	2913	2807.5	92.2449	1.30319
Gorai.009G052500.1.D	2913	2807.5	246.755	3.48603
Gorai.009G052600.1.A	1013	907.505	3	0.131116
Gorai.009G052600.1.D	1013	907.505	5	0.218527
Gorai.009G052700.1.A	936	830.505	0	0
Gorai.009G052700.1.D	936	830.505	0	0
Gorai.009G052800.1.A	1712	1606.5	154.71	3.81962
Gorai.009G052800.1.D	1712	1606.5	21.2903	0.525636
Gorai.009G052900.1.A	2062	1956.5	33.9167	0.68757
Gorai.009G052900.1.D	2062	1956.5	40.0833	0.812583
Gorai.009G053000.1.A	8551	8445.5	549.348	2.57992
Gorai.009G053000.1.D	8551	8445.5	544.652	2.55787
Gorai.009G053100.1.A	2811	2705.5	1212.23	17.7714
Gorai.009G053100.1.D	2811	2705.5	1175.77	17.2369
Gorai.009G053200.1.A	3286	3180.5	111.486	1.39031
Gorai.009G053200.1.D	3286	3180.5	13.5135	0.168522
Gorai.009G053300.1.A	5643	5537.5	113.51	0.813028
Gorai.009G053300.1.D	5643	5537.5	156.49	1.12087
Gorai.009G053400.1.A	938	832.505	10	0.476429
Gorai.009G053400.1.D	938	832.505	2	0.0952858
Gorai.009G053500.1.A	2859	2753.5	0	0
Gorai.009G053500.1.D	2859	2753.5	0	0
Gorai.009G053600.1.A	404	298.583	260.45	34.5975
Gorai.009G053600.1.D	404	298.583	408.55	54.2706
Gorai.009G053700.1.A	1415	1309.5	84.2778	2.55265
Gorai.009G053700.1.D	1415	1309.5	120.722	3.6565
Gorai.009G053800.1.A	1261	1155.5	0	0
Gorai.009G053800.1.D	1261	1155.5	0	0
Gorai.009G053900.1.A	2877	2771.5	148.649	2.12731
Gorai.009G053900.1.D	2877	2771.5	101.351	1.45044
Gorai.009G054000.1.A	1566	1460.5	375.58	10.1996
Gorai.009G054000.1.D	1566	1460.5	98.42	2.67279
Gorai.009G054100.1.A	1764	1658.5	0	0
Gorai.009G054100.1.D	1764	1658.5	0	0
Gorai.009G054200.1.A	2856	2750.5	37.9158	0.546755
Gorai.009G054200.1.D	2856	2750.5	30.1096	0.434188
Gorai.009G054300.1.A	402	296.583	2	0.267466
Gorai.009G054300.1.D	402	296.583	2	0.267466
Gorai.009G054400.1.A	1954	1848.5	56.7193	1.21701
Gorai.009G054400.1.D	1954	1848.5	4.2807	0.09185
Gorai.009G054500.1.A	1535	1429.5	44.6388	1.23854
Gorai.009G054500.1.D	1535	1429.5	4.53318	0.125777
Gorai.009G054600.1.A	1686	1580.5	304.347	7.63763
Gorai.009G054600.1.D	1686	1580.5	549.042	13.7783
Gorai.009G054700.1.A	2616	2510.5	12	0.189585
Gorai.009G054700.1.D	2616	2510.5	44	0.695147
Gorai.009G054800.1.A	4243	4137.5	234.078	2.24392
Gorai.009G054800.1.D	4243	4137.5	485.922	4.65814
Gorai.009G054900.1.A	1080	974.505	761.597	30.9975
Gorai.009G054900.1.D	1080	974.505	760.392	30.9484
Gorai.009G055000.1.A	408	302.583	215.095	28.1949
Gorai.009G055000.1.D	408	302.583	405.905	53.2065
Gorai.009G055100.1.A	2283	2177.5	117.32	2.13697
Gorai.009G055100.1.D	2283	2177.5	301.68	5.49506
Gorai.009G055200.1.A	2152	2046.5	82.129	1.59173
Gorai.009G055200.1.D	2152	2046.5	51.871	1.0053
Gorai.009G055300.1.A	1339	1233.5	279.723	8.9944
Gorai.009G055300.1.D	1339	1233.5	146.277	4.70349
Gorai.009G055400.1.A	1365	1259.5	312.038	9.82636
Gorai.009G055400.1.D	1365	1259.5	182.962	5.76164
Gorai.009G055500.1.A	2591	2485.5	2191.15	34.9658
Gorai.009G055500.1.D	2591	2485.5	159.847	2.55079
Gorai.009G055600.1.A	2451	2345.5	442.471	7.48227
Gorai.009G055600.1.D	2451	2345.5	350.529	5.92751
Gorai.009G055700.1.A	3595	3489.5	47.335	0.538026
Gorai.009G055700.1.D	3595	3489.5	392.665	4.46317
Gorai.009G055800.1.A	3501	3395.5	30.3662	0.354708
Gorai.009G055800.1.D	3501	3395.5	46.6338	0.54473
Gorai.009G055900.1.A	2092	1986.5	0	0
Gorai.009G055900.1.D	2092	1986.5	9	0.179696
Gorai.009G056000.1.A	1393	1287.5	598.213	18.4286
Gorai.009G056000.1.D	1393	1287.5	623.787	19.2164
Gorai.009G056100.1.A	679	573.505	47.7209	3.30033
Gorai.009G056100.1.D	679	573.505	123.279	8.52584
Gorai.009G056200.1.A	1821	1715.5	75.8566	1.75383
Gorai.009G056200.1.D	1821	1715.5	210.143	4.85857
Gorai.009G056300.1.A	1500	1394.5	254.634	7.24238
Gorai.009G056300.1.D	1500	1394.5	354.366	10.079
Gorai.009G056400.1.A	705	599.505	0	0
Gorai.009G056400.1.D	705	599.505	1	0.0661595
Gorai.009G056500.1.A	222	117.654	0	0
Gorai.009G056500.1.D	222	117.654	1	0.337115
Gorai.009G056600.1.A	1871	1765.5	117.02	2.62891
Gorai.009G056600.1.D	1871	1765.5	105.98	2.3809
Gorai.009G056700.1.A	2886	2780.5	118.086	1.68446
Gorai.009G056700.1.D	2886	2780.5	260.914	3.72185
Gorai.009G056800.1.A	3496	3390.5	42.625	0.498638
Gorai.009G056800.1.D	3496	3390.5	1.375	0.0160851
Gorai.009G056900.1.A	2683	2577.5	1055.32	16.2393
Gorai.009G056900.1.D	2683	2577.5	1339.68	20.6152
Gorai.009G057000.1.A	1692	1586.5	218.561	5.46407
Gorai.009G057000.1.D	1692	1586.5	230.439	5.76103
Gorai.009G057100.1.A	2527	2421.5	1178.56	19.3041
Gorai.009G057100.1.D	2527	2421.5	850.442	13.9298
Gorai.009G057200.1.A	1610	1504.5	0	0
Gorai.009G057200.1.D	1610	1504.5	0	0
Gorai.009G057300.1.A	2205	2099.5	53.2258	1.00552
Gorai.009G057300.1.D	2205	2099.5	78.7742	1.48817
Gorai.009G057400.1.A	2022	1916.5	6702.03	138.702
Gorai.009G057400.1.D	2022	1916.5	4922.97	101.883
Gorai.009G057500.1.A	2146	2040.5	97.9238	1.90342
Gorai.009G057500.1.D	2146	2040.5	8.07619	0.156983
Gorai.009G057600.1.A	1958	1852.5	535.459	11.4644
Gorai.009G057600.1.D	1958	1852.5	356.541	7.63369
Gorai.009G057700.1.A	4385	4279.5	1202.89	11.1486
Gorai.009G057700.1.D	4385	4279.5	275.106	2.54972
Gorai.009G057800.1.A	2577	2471.5	2	0.0320962
Gorai.009G057800.1.D	2577	2471.5	1	0.0160481
Gorai.009G057900.1.A	1544	1438.5	3	0.082717
Gorai.009G057900.1.D	1544	1438.5	3	0.082717
Gorai.009G058000.1.A	2417	2311.5	471.861	8.09663
Gorai.009G058000.1.D	2417	2311.5	123.139	2.11294
Gorai.009G058100.1.A	180	77.7296	82.3139	42.0022
Gorai.009G058100.1.D	180	77.7296	6.25169	3.19004
Gorai.009G058200.1.A	2594	2488.5	107.692	1.71645
Gorai.009G058200.1.D	2594	2488.5	242.308	3.86201
Gorai.009G058300.1.A	3055	2949.5	76.7384	1.03193
Gorai.009G058300.1.D	3055	2949.5	120.262	1.6172
Gorai.009G058400.1.A	2011	1905.5	6	0.12489
Gorai.009G058400.1.D	2011	1905.5	2	0.0416299
Gorai.009G058500.1.A	3004	2898.5	262.051	3.58589
Gorai.009G058500.1.D	3004	2898.5	266.949	3.65291
Gorai.009G058600.1.A	1269	1163.5	70.9091	2.41723
Gorai.009G058600.1.D	1269	1163.5	20.0909	0.684883
Gorai.009G058700.1.A	2432	2326.5	207.437	3.53645
Gorai.009G058700.1.D	2432	2326.5	269.563	4.59559
Gorai.009G058800.1.A	1486	1380.5	14.1818	0.407454
Gorai.009G058800.1.D	1486	1380.5	93.8182	2.69547
Gorai.009G058900.1.A	1208	1102.5	72.9078	2.62288
Gorai.009G058900.1.D	1208	1102.5	1160.09	41.7347
Gorai.009G059000.1.A	5757	5651.5	360.721	2.53158
Gorai.009G059000.1.D	5757	5651.5	518.882	3.64157
Gorai.009G059100.1.A	5774	5668.5	247.474	1.7316
Gorai.009G059100.1.D	5774	5668.5	343.923	2.40645
Gorai.009G059200.1.A	1774	1668.5	1725.19	41.0104
Gorai.009G059200.1.D	1774	1668.5	45.8107	1.08899
Gorai.009G059300.1.A	1380	1274.5	0	0
Gorai.009G059300.1.D	1380	1274.5	0	0
Gorai.009G059400.1.A	1919	1813.5	1	0.0218709
Gorai.009G059400.1.D	1919	1813.5	1	0.0218709
Gorai.009G059500.1.A	1800	1694.5	8	0.187254
Gorai.009G059500.1.D	1800	1694.5	0	0
Gorai.009G059600.1.A	1351	1245.5	141.427	4.50373
Gorai.009G059600.1.D	1351	1245.5	69.573	2.21554
Gorai.009G059700.1.A	3571	3465.5	328.976	3.76515
Gorai.009G059700.1.D	3571	3465.5	295.024	3.37657
Gorai.009G059800.1.A	1610	1504.5	902.741	23.7988
Gorai.009G059800.1.D	1610	1504.5	617.259	16.2727
Gorai.009G059900.1.A	2930	2824.5	772.695	10.8505
Gorai.009G059900.1.D	2930	2824.5	1413.31	19.8463
Gorai.009G060000.1.A	2222	2116.5	8.88462	0.166496
Gorai.009G060000.1.D	2222	2116.5	24.1154	0.451918
Gorai.009G060100.1.A	894	788.505	1	0.0503015
Gorai.009G060100.1.D	894	788.505	0	0
Gorai.009G060200.1.A	2149	2043.5	9	0.174683
Gorai.009G060200.1.D	2149	2043.5	7	0.135865
Gorai.009G060300.1.A	2341	2235.5	216.895	3.84822
Gorai.009G060300.1.D	2341	2235.5	19.1048	0.338962
Gorai.009G060400.1.A	1272	1166.5	0.5	0.0170008
Gorai.009G060400.1.D	1272	1166.5	0.5	0.0170008
Gorai.009G060500.1.A	2048	1942.5	104.098	2.12552
Gorai.009G060500.1.D	2048	1942.5	387.902	7.92036
Gorai.009G060600.1.A	1361	1255.5	5	0.157956
Gorai.009G060600.1.D	1361	1255.5	2	0.0631825
Gorai.009G060700.1.A	1899	1793.5	24.8	0.548446
Gorai.009G060700.1.D	1899	1793.5	6.2	0.137112
Gorai.009G060800.1.A	1421	1315.5	27.8488	0.839651
Gorai.009G060800.1.D	1421	1315.5	23.8704	0.719701
Gorai.009G060900.1.A	1228	1122.5	0	0
Gorai.009G060900.1.D	1228	1122.5	0	0
Gorai.009G061000.1.A	2548	2442.5	17.5238	0.284563
Gorai.009G061000.1.D	2548	2442.5	28.4762	0.462414
Gorai.009G061100.1.A	1530	1424.5	0	0
Gorai.009G061100.1.D	1530	1424.5	2	0.0556866
Gorai.009G061200.1.A	1629	1523.5	360.008	9.37246
Gorai.009G061200.1.D	1629	1523.5	473.992	12.3399
Gorai.009G061300.1.A	648	542.505	10.3262	0.754958
Gorai.009G061300.1.D	648	542.505	9.95463	0.727791
Gorai.009G061400.1.A	2011	1905.5	23.1884	0.482665
Gorai.009G061400.1.D	2011	1905.5	76.8116	1.59883
Gorai.009G061500.1.A	465	359.551	0	0
Gorai.009G061500.1.D	465	359.551	3	0.330937
Gorai.009G061600.1.A	1380	1274.5	840.415	26.1539
Gorai.009G061600.1.D	1380	1274.5	1114.59	34.6862
Gorai.009G061700.1.A	1802	1696.5	29.9746	0.700782
Gorai.009G061700.1.D	1802	1696.5	101.025	2.36189
Gorai.009G061800.1.A	300	194.687	0	0
Gorai.009G061800.1.D	300	194.687	0	0
Gorai.009G061900.1.A	3365	3259.5	128.291	1.56109
Gorai.009G061900.1.D	3365	3259.5	93.1782	1.13383
Gorai.009G062000.1.A	3724	3618.5	213.68	2.34218
Gorai.009G062000.1.D	3724	3618.5	187.851	2.05906
Gorai.009G062100.1.A	845	739.505	0	0
Gorai.009G062100.1.D	845	739.505	0	0
Gorai.009G062200.1.A	2107	2001.5	851.749	16.8787
Gorai.009G062200.1.D	2107	2001.5	1366.25	27.0744
Gorai.009G062300.1.A	1720	1614.5	2.16667	0.0532277
Gorai.009G062300.1.D	1720	1614.5	10.8333	0.266139
Gorai.009G062400.1.A	1067	961.505	3	0.123753
Gorai.009G062400.1.D	1067	961.505	9	0.371258
Gorai.009G062500.1.A	5086	4980.5	57.6716	0.459276
Gorai.009G062500.1.D	5086	4980.5	11.3284	0.090215
Gorai.009G062600.1.A	1381	1275.5	8	0.248767
Gorai.009G062600.1.D	1381	1275.5	16	0.497534
Gorai.009G062700.1.A	780	674.505	0	0
Gorai.009G062700.1.D	780	674.505	9.07736	0.533776
Gorai.009G062800.1.A	1929	1823.5	293.296	6.37947
Gorai.009G062800.1.D	1929	1823.5	316.627	6.88692
Gorai.009G062900.1.A	3208	3102.5	213.951	2.73519
Gorai.009G062900.1.D	3208	3102.5	44.0488	0.563127
Gorai.009G063000.1.A	2562	2456.5	5484.15	88.5475
Gorai.009G063000.1.D	2562	2456.5	4552.85	73.5108
Gorai.009G063100.1.A	303	197.687	0	0
Gorai.009G063100.1.D	303	197.687	0	0
Gorai.009G063200.1.A	906	800.505	14.7931	0.73296
Gorai.009G063200.1.D	906	800.505	24.2069	1.19939
Gorai.009G063300.1.A	1108	1002.5	78.5278	3.10686
Gorai.009G063300.1.D	1108	1002.5	178.472	7.06105
Gorai.009G063400.1.A	4073	3967.5	62.6923	0.626732
Gorai.009G063400.1.D	4073	3967.5	100.308	1.00277
Gorai.009G063500.1.A	1223	1117.5	30.6977	1.08953
Gorai.009G063500.1.D	1223	1117.5	13.3023	0.472132
Gorai.009G063600.1.A	1398	1292.5	727.328	22.3194
Gorai.009G063600.1.D	1398	1292.5	514.672	15.7937
Gorai.009G063700.1.A	1695	1589.5	2	0.049906
Gorai.009G063700.1.D	1695	1589.5	0	0
Gorai.009G063800.1.A	3888	3782.5	303.203	3.17936
Gorai.009G063800.1.D	3888	3782.5	300.797	3.15412
Gorai.009G063900.1.A	2059	1953.5	1	0.0203035
Gorai.009G063900.1.D	2059	1953.5	0	0
Gorai.009G064000.1.A	2226	2120.5	10.0227	0.18747
Gorai.009G064000.1.D	2226	2120.5	52.9773	0.990912
Gorai.009G064100.1.A	2896	2790.5	259.029	3.68172
Gorai.009G064100.1.D	2896	2790.5	430.971	6.12562
Gorai.009G064200.1.A	1864	1758.5	185.841	4.19162
Gorai.009G064200.1.D	1864	1758.5	95.1594	2.14631
Gorai.009G064300.1.A	1064	958.505	159.649	6.60628
Gorai.009G064300.1.D	1064	958.505	165.351	6.84222
Gorai.009G064400.1.A	1037	931.505	24	1.02191
Gorai.009G064400.1.D	1037	931.505	0	0
Gorai.009G064500.1.A	1880	1774.5	4.17143	0.0932379
Gorai.009G064500.1.D	1880	1774.5	141.829	3.17009
Gorai.009G064600.1.A	1067	961.505	425.189	17.5394
Gorai.009G064600.1.D	1067	961.505	310.811	12.8212
Gorai.009G064700.1.A	1397	1291.5	2213.82	67.9878
Gorai.009G064700.1.D	1397	1291.5	384.181	11.7985
Gorai.009G064800.1.A	1891	1785.5	733.833	16.3013
Gorai.009G064800.1.D	1891	1785.5	505.167	11.2217
Gorai.009G064900.1.A	2078	1972.5	164.812	3.31403
Gorai.009G064900.1.D	2078	1972.5	963.188	19.3677
Gorai.009G065000.1.A	1937	1831.5	21.7	0.469934
Gorai.009G065000.1.D	1937	1831.5	9.3	0.2014
Gorai.009G065100.1.A	1682	1576.5	20.4615	0.514787
Gorai.009G065100.1.D	1682	1576.5	7.53846	0.189659
Gorai.009G065200.1.A	1537	1431.5	75.4872	2.09154
Gorai.009G065200.1.D	1537	1431.5	62.5128	1.73205
Gorai.009G065300.1.A	610	504.551	29	2.2797
Gorai.009G065300.1.D	610	504.551	46	3.61607
Gorai.009G065400.1.A	2815	2709.5	146.321	2.14191
Gorai.009G065400.1.D	2815	2709.5	128.679	1.88366
Gorai.009G065500.1.A	1924	1818.5	222.847	4.86045
Gorai.009G065500.1.D	1924	1818.5	44.2641	0.965433
Gorai.009G065600.1.A	1592	1486.5	449.395	11.9908
Gorai.009G065600.1.D	1592	1486.5	65.6051	1.75048
Gorai.009G065700.1.A	1033	927.505	358.679	15.3382
Gorai.009G065700.1.D	1033	927.505	118.718	5.07673
Gorai.009G065800.1.A	667	561.505	54.0317	3.81663
Gorai.009G065800.1.D	667	561.505	19.9683	1.4105
Gorai.009G065900.1.A	265	159.879	1.5	0.372121
Gorai.009G065900.1.D	265	159.879	1.5	0.372121
Gorai.009G066000.1.A	4275	4169.5	6.20219	0.0589991
Gorai.009G066000.1.D	4275	4169.5	24.4736	0.232808
Gorai.009G066100.1.A	1398	1292.5	463.184	14.2137
Gorai.009G066100.1.D	1398	1292.5	1369.82	42.0354
Gorai.009G066200.1.A	842	736.505	227.758	12.2654
Gorai.009G066200.1.D	842	736.505	181.788	9.78982
Gorai.009G066300.1.A	4433	4327.5	20.8269	0.190885
Gorai.009G066300.1.D	4433	4327.5	28.9519	0.265353
Gorai.009G066400.1.A	1226	1120.5	10.7069	0.378996
Gorai.009G066400.1.D	1226	1120.5	10.7069	0.378996
Gorai.009G066500.1.A	3064	2958.5	701.029	9.39829
Gorai.009G066500.1.D	3064	2958.5	520.971	6.98435
Gorai.009G066600.1.A	2242	2136.5	103.343	1.9185
Gorai.009G066600.1.D	2242	2136.5	141.784	2.63214
Gorai.009G066700.1.A	1880	1774.5	631.574	14.1167
Gorai.009G066700.1.D	1880	1774.5	159.426	3.56343
Gorai.009G066800.1.A	9099	8993.5	864.722	3.81358
Gorai.009G066800.1.D	9099	8993.5	568.278	2.50621
Gorai.009G066900.1.A	1563	1457.5	8.88889	0.241893
Gorai.009G066900.1.D	1563	1457.5	1.11111	0.0302366
Gorai.009G067000.1.A	1288	1182.5	55	1.84478
Gorai.009G067000.1.D	1288	1182.5	18	0.603746
Gorai.009G067100.1.A	3805	3699.5	5449.38	58.4236
Gorai.009G067100.1.D	3805	3699.5	4143.62	44.4244
Gorai.009G067200.1.A	567	461.551	9	0.773406
Gorai.009G067200.1.D	567	461.551	9	0.773406
Gorai.009G067300.1.A	882	776.505	17.6538	0.901738
Gorai.009G067300.1.D	882	776.505	9.34615	0.477391
Gorai.009G067400.1.A	712	606.505	494.248	32.3218
Gorai.009G067400.1.D	712	606.505	575.752	37.6518
Gorai.009G067500.1.A	2433	2327.5	4811.4	81.9909
Gorai.009G067500.1.D	2433	2327.5	2914.6	49.6676
Gorai.009G067600.1.A	2322	2216.5	2038.9	36.4847
Gorai.009G067600.1.D	2322	2216.5	605.105	10.828
Gorai.009G067700.1.A	1525	1419.5	29.6522	0.828523
Gorai.009G067700.1.D	1525	1419.5	1.34783	0.0376601
Gorai.009G067800.1.A	2602	2496.5	37.3077	0.592722
Gorai.009G067800.1.D	2602	2496.5	59.6923	0.948355
Gorai.009G067900.1.A	2677	2571.5	55.3065	0.853048
Gorai.009G067900.1.D	2677	2571.5	71.6935	1.1058
Gorai.009G068000.1.A	1947	1841.5	276.957	5.96519
Gorai.009G068000.1.D	1947	1841.5	279.02	6.00962
Gorai.009G068100.1.A	3638	3532.5	40.2801	0.452264
Gorai.009G068100.1.D	3638	3532.5	70.7435	0.794307
Gorai.009G068200.1.A	1698	1592.5	1746.94	43.5093
Gorai.009G068200.1.D	1698	1592.5	1089.06	27.1241
Gorai.009G068300.1.A	2197	2091.5	7	0.132747
Gorai.009G068300.1.D	2197	2091.5	3	0.0568915
Gorai.009G068400.1.A	1560	1454.5	278.269	7.58814
Gorai.009G068400.1.D	1560	1454.5	399.485	10.8936
Gorai.009G068500.1.A	3218	3112.5	175.039	2.23054
Gorai.009G068500.1.D	3218	3112.5	122.454	1.56044
Gorai.009G068600.1.A	781	675.505	19.0909	1.12094
Gorai.009G068600.1.D	781	675.505	10.9091	0.640538
Gorai.009G068700.1.A	2497	2391.5	45.7412	0.758614
Gorai.009G068700.1.D	2497	2391.5	62.2588	1.03256
Gorai.009G068800.1.A	1453	1347.5	147.169	4.33182
Gorai.009G068800.1.D	1453	1347.5	298.831	8.79591
Gorai.009G068900.1.A	786	680.505	0	0
Gorai.009G068900.1.D	786	680.505	0	0
Gorai.009G069000.1.A	1150	1044.5	33.4091	1.26864
Gorai.009G069000.1.D	1150	1044.5	15.5909	0.592033
Gorai.009G069100.1.A	1697	1591.5	904.604	22.5442
Gorai.009G069100.1.D	1697	1591.5	34.3956	0.857196
Gorai.009G069200.1.A	2330	2224.5	1869.34	33.3303
Gorai.009G069200.1.D	2330	2224.5	1414.66	25.2235
Gorai.009G069300.1.A	3825	3719.5	631.734	6.7365
Gorai.009G069300.1.D	3825	3719.5	1235.27	13.1723
Gorai.009G069400.1.A	435	329.583	0	0
Gorai.009G069400.1.D	435	329.583	0	0
Gorai.009G069500.1.A	785	679.505	161.841	9.44675
Gorai.009G069500.1.D	785	679.505	290.159	16.9367
Gorai.009G069600.1.A	1026	920.505	794.261	34.2233
Gorai.009G069600.1.D	1026	920.505	580.739	25.023
Gorai.009G069700.1.A	1301	1195.5	104.003	3.45048
Gorai.009G069700.1.D	1301	1195.5	32.9343	1.09265
Gorai.009G069800.1.A	1771	1665.5	91.2006	2.17188
Gorai.009G069800.1.D	1771	1665.5	275.799	6.56799
Gorai.009G069900.1.A	1795	1689.5	601.791	14.1277
Gorai.009G069900.1.D	1795	1689.5	643.209	15.1
Gorai.009G070000.1.A	635	529.505	0	0
Gorai.009G070000.1.D	635	529.505	1	0.0749057
Gorai.009G070100.1.A	2760	2654.5	391.231	5.84568
Gorai.009G070100.1.D	2760	2654.5	307.769	4.5986
Gorai.009G070200.1.A	1053	947.505	1	0.0418604
Gorai.009G070200.1.D	1053	947.505	1	0.0418604
Gorai.009G070300.1.A	1288	1182.5	198.865	6.67024
Gorai.009G070300.1.D	1288	1182.5	220.135	7.38363
Gorai.009G070400.1.A	1834	1728.5	5.29407	0.12148
Gorai.009G070400.1.D	1834	1728.5	13.2327	0.303643
Gorai.009G070500.1.A	1015	909.505	133.647	5.82827
Gorai.009G070500.1.D	1015	909.505	292.353	12.7493
Gorai.009G070600.1.A	2303	2197.5	195.574	3.52993
Gorai.009G070600.1.D	2303	2197.5	162.426	2.93164
Gorai.009G070700.1.A	2440	2334.5	296.386	5.03557
Gorai.009G070700.1.D	2440	2334.5	270.614	4.59769
Gorai.009G070800.1.A	1027	921.505	0	0
Gorai.009G070800.1.D	1027	921.505	0	0
Gorai.009G070900.1.A	1710	1604.5	0	0
Gorai.009G070900.1.D	1710	1604.5	0	0
Gorai.009G071000.1.A	2868	2762.5	13.2414	0.190114
Gorai.009G071000.1.D	2868	2762.5	18.7586	0.269329
Gorai.009G071100.1.A	1702	1596.5	31.9507	0.793772
Gorai.009G071100.1.D	1702	1596.5	10.8182	0.268763
Gorai.009G071200.1.A	3909	3803.5	4.9669	0.0517949
Gorai.009G071200.1.D	3909	3803.5	53.2642	0.555439
Gorai.009G071300.1.A	6954	6848.5	7	0.0405403
Gorai.009G071300.1.D	6954	6848.5	1	0.00579147
Gorai.009G071400.1.A	2942	2836.5	79.1792	1.10717
Gorai.009G071400.1.D	2942	2836.5	29.8208	0.416985
Gorai.009G071500.1.A	1098	992.505	20.8163	0.831872
Gorai.009G071500.1.D	1098	992.505	30.1837	1.20621
Gorai.009G071600.1.A	1884	1778.5	97.3602	2.17126
Gorai.009G071600.1.D	1884	1778.5	101.64	2.2667
Gorai.009G071700.1.A	2110	2004.5	1386.22	27.429
Gorai.009G071700.1.D	2110	2004.5	2097.78	41.5086
Gorai.009G071800.1.A	2193	2087.5	29.1667	0.554172
Gorai.009G071800.1.D	2193	2087.5	19.8333	0.376837
Gorai.009G071900.1.A	2206	2100.5	4	0.0755303
Gorai.009G071900.1.D	2206	2100.5	5	0.0944129
Gorai.009G072000.1.A	3129	3023.5	171.983	2.2561
Gorai.009G072000.1.D	3129	3023.5	113.017	1.48258
Gorai.009G072100.1.A	1366	1260.5	28.5	0.896779
Gorai.009G072100.1.D	1366	1260.5	28.5	0.896779
Gorai.009G072200.1.A	2063	1957.5	19.9179	0.403576
Gorai.009G072200.1.D	2063	1957.5	197.082	3.99328
Gorai.009G072300.1.A	1204	1098.5	185.424	6.69497
Gorai.009G072300.1.D	1204	1098.5	120.576	4.35356
Gorai.009G072400.1.A	2711	2605.5	181.961	2.76994
Gorai.009G072400.1.D	2711	2605.5	166.039	2.52757
Gorai.009G072500.1.A	3335	3229.5	394.074	4.83979
Gorai.009G072500.1.D	3335	3229.5	365.926	4.49409
Gorai.009G072600.1.A	1648	1542.5	4.8	0.123424
Gorai.009G072600.1.D	1648	1542.5	19.2	0.493696
Gorai.009G072700.1.A	2322	2216.5	115.681	2.07003
Gorai.009G072700.1.D	2322	2216.5	362.948	6.49472
Gorai.009G072800.1.A	2390	2284.5	24.4054	0.42372
Gorai.009G072800.1.D	2390	2284.5	18.5946	0.322834
Gorai.009G072900.1.A	2031	1925.5	1177.62	24.2574
Gorai.009G072900.1.D	2031	1925.5	2184.38	44.9955
Gorai.009G073000.1.A	2211	2105.5	53.0899	1.00009
Gorai.009G073000.1.D	2211	2105.5	51.9101	0.977869
Gorai.009G073100.1.A	995	889.505	0	0
Gorai.009G073100.1.D	995	889.505	0	0
Gorai.009G073200.1.A	1263	1157.5	0	0
Gorai.009G073200.1.D	1263	1157.5	0	0
Gorai.009G073300.1.A	1253	1147.5	1	0.0345645
Gorai.009G073300.1.D	1253	1147.5	0	0
Gorai.009G073400.1.A	862	756.505	0	0
Gorai.009G073400.1.D	862	756.505	0	0
Gorai.009G073500.1.A	840	734.505	19	1.02599
Gorai.009G073500.1.D	840	734.505	3	0.161999
Gorai.009G073600.1.A	1460	1354.5	36.75	1.07612
Gorai.009G073600.1.D	1460	1354.5	12.25	0.358708
Gorai.009G073700.1.A	2038	1932.5	28.0392	0.57548
Gorai.009G073700.1.D	2038	1932.5	26.9608	0.553346
Gorai.009G073800.1.A	2522	2416.5	289.154	4.74598
Gorai.009G073800.1.D	2522	2416.5	29254.8	480.17
Gorai.009G073900.1.A	687	581.505	0	0
Gorai.009G073900.1.D	687	581.505	20	1.36415
Gorai.009G074000.1.A	3056	2950.5	114.767	1.54279
Gorai.009G074000.1.D	3056	2950.5	200.233	2.69168
Gorai.009G074100.1.A	1220	1114.5	0	0
Gorai.009G074100.1.D	1220	1114.5	0	0
Gorai.009G074200.1.A	4704	4598.5	303.491	2.61767
Gorai.009G074200.1.D	4704	4598.5	244.509	2.10893
Gorai.009G074300.1.A	1333	1227.5	3.75	0.121169
Gorai.009G074300.1.D	1333	1227.5	1.25	0.0403898
Gorai.009G074400.1.A	2806	2700.5	23.9259	0.351406
Gorai.009G074400.1.D	2806	2700.5	10.0741	0.14796
Gorai.009G074500.1.A	1197	1091.5	0	0
Gorai.009G074500.1.D	1197	1091.5	0	0
Gorai.009G074600.1.A	752	646.505	0	0
Gorai.009G074600.1.D	752	646.505	0	0
Gorai.009G074700.1.A	771	665.505	4	0.238393
Gorai.009G074700.1.D	771	665.505	1	0.0595983
Gorai.009G074800.1.A	1692	1586.5	0	0
Gorai.009G074800.1.D	1692	1586.5	47	1.17501
Gorai.009G074900.1.A	3173	3067.5	647.786	8.3759
Gorai.009G074900.1.D	3173	3067.5	537.214	6.94619
Gorai.009G075000.1.A	1018	912.505	27.3857	1.19035
Gorai.009G075000.1.D	1018	912.505	185.614	8.06791
Gorai.009G075100.1.A	1020	914.505	3	0.130113
Gorai.009G075100.1.D	1020	914.505	0	0
Gorai.009G075200.1.A	2070	1964.5	160.199	3.23438
Gorai.009G075200.1.D	2070	1964.5	348.801	7.04223
Gorai.009G075300.1.A	2225	2119.5	4.8	0.0898239
Gorai.009G075300.1.D	2225	2119.5	1.2	0.022456
Gorai.009G075400.1.A	642	536.505	0	0
Gorai.009G075400.1.D	642	536.505	0	0
Gorai.009G075500.1.A	1552	1446.5	507.402	13.9129
Gorai.009G075500.1.D	1552	1446.5	1031.47	28.2827
Gorai.009G075600.1.A	3677	3571.5	36.4127	0.404377
Gorai.009G075600.1.D	3677	3571.5	37.5873	0.417422
Gorai.009G075700.1.A	2556	2450.5	1209.33	19.5738
Gorai.009G075700.1.D	2556	2450.5	625.669	10.1268
Gorai.009G075800.1.A	507	401.551	0	0
Gorai.009G075800.1.D	507	401.551	2	0.197549
Gorai.009G075900.1.A	915	809.505	0	0
Gorai.009G075900.1.D	915	809.505	0	0
Gorai.009G076000.1.A	1345	1239.5	2535.16	81.1226
Gorai.009G076000.1.D	1345	1239.5	3645.84	116.663
Gorai.009G076100.1.A	1792	1686.5	4.10909	0.0966369
Gorai.009G076100.1.D	1792	1686.5	108.891	2.56088
Gorai.009G076200.1.A	1807	1701.5	233.14	5.43461
Gorai.009G076200.1.D	1807	1701.5	111.86	2.60752
Gorai.009G076300.1.A	1321	1215.5	390.112	12.7297
Gorai.009G076300.1.D	1321	1215.5	1385.89	45.2227
Gorai.009G076400.1.A	2032	1926.5	278.3	5.72965
Gorai.009G076400.1.D	2032	1926.5	733.7	15.1054
Gorai.009G076500.1.A	1014	908.505	18.4865	0.807072
Gorai.009G076500.1.D	1014	908.505	19.5135	0.851909
Gorai.009G076600.1.A	1641	1535.5	0	0
Gorai.009G076600.1.D	1641	1535.5	0	0
Gorai.009G076700.1.A	2687	2581.5	155.169	2.38405
Gorai.009G076700.1.D	2687	2581.5	353.831	5.43636
Gorai.009G076800.1.A	2364	2258.5	5.14286	0.0903168
Gorai.009G076800.1.D	2364	2258.5	3.85714	0.0677376
Gorai.009G076900.1.A	2356	2250.5	0	0
Gorai.009G076900.1.D	2356	2250.5	19	0.334856
Gorai.009G077000.1.A	2243	2137.5	42.6341	0.791107
Gorai.009G077000.1.D	2243	2137.5	49.3659	0.916019
Gorai.009G077100.1.A	1356	1250.5	20	0.634351
Gorai.009G077100.1.D	1356	1250.5	26	0.824656
Gorai.009G077200.1.A	3523	3417.5	2270.16	26.347
Gorai.009G077200.1.D	3523	3417.5	2890.82	33.5503
Gorai.009G077300.1.A	1161	1055.5	503.488	18.9197
Gorai.009G077300.1.D	1161	1055.5	131.971	4.95912
Gorai.009G077400.1.A	1126	1020.5	0	0
Gorai.009G077400.1.D	1126	1020.5	0	0
Gorai.009G077500.1.A	962	856.505	0	0
Gorai.009G077500.1.D	962	856.505	1	0.0463079
Gorai.009G077600.1.A	1251	1145.5	2.85714	0.0989282
Gorai.009G077600.1.D	1251	1145.5	7.14286	0.24732
Gorai.009G077700.1.A	1035	929.505	181.5	7.7448
Gorai.009G077700.1.D	1035	929.505	126.5	5.39789
Gorai.009G077800.1.A	1508	1402.5	36.8304	1.04157
Gorai.009G077800.1.D	1508	1402.5	88.1696	2.49344
Gorai.009G077900.1.A	1966	1860.5	44.5062	0.948799
Gorai.009G077900.1.D	1966	1860.5	58.4938	1.24699
Gorai.009G078000.1.A	1646	1540.5	0	0
Gorai.009G078000.1.D	1646	1540.5	0	0
Gorai.009G078100.1.A	879	773.505	0	0
Gorai.009G078100.1.D	879	773.505	0	0
Gorai.009G078200.1.A	2296	2190.5	245.049	4.43704
Gorai.009G078200.1.D	2296	2190.5	229.951	4.16367
Gorai.009G078300.1.A	966	860.505	91.76	4.22946
Gorai.009G078300.1.D	966	860.505	187.24	8.63039
Gorai.009G078400.1.A	3642	3536.5	2382.61	26.7216
Gorai.009G078400.1.D	3642	3536.5	9843.39	110.397
Gorai.009G078500.1.A	866	760.505	9	0.469381
Gorai.009G078500.1.D	866	760.505	10	0.521535
Gorai.009G078600.1.A	1926	1820.5	0	0
Gorai.009G078600.1.D	1926	1820.5	14	0.305015
Gorai.009G078700.1.A	2106	2000.5	218.133	4.32481
Gorai.009G078700.1.D	2106	2000.5	190.867	3.78421
Gorai.009G078800.1.A	3272	3166.5	3	0.0375773
Gorai.009G078800.1.D	3272	3166.5	1	0.0125258
Gorai.009G078900.1.A	4077	3971.5	709.332	7.08401
Gorai.009G078900.1.D	4077	3971.5	377.668	3.77173
Gorai.009G079000.1.A	297	191.687	0.5	0.103457
Gorai.009G079000.1.D	297	191.687	0.5	0.103457
Gorai.009G079100.1.A	1484	1378.5	0	0
Gorai.009G079100.1.D	1484	1378.5	0	0
Gorai.009G079200.1.A	1360	1254.5	453.531	14.339
Gorai.009G079200.1.D	1360	1254.5	91.4685	2.89191
Gorai.009G079300.1.A	2122	2016.5	21.3816	0.420558
Gorai.009G079300.1.D	2122	2016.5	1192.62	23.4578
Gorai.009G079400.1.A	1587	1481.5	111.191	2.97682
Gorai.009G079400.1.D	1587	1481.5	339.809	9.09738
Gorai.009G079500.1.A	1338	1232.5	284.19	9.14544
Gorai.009G079500.1.D	1338	1232.5	171.81	5.52899
Gorai.009G079600.1.A	2467	2361.5	383.167	6.43552
Gorai.009G079600.1.D	2467	2361.5	433.833	7.2865
Gorai.009G079700.1.A	950	844.505	5.35714	0.251603
Gorai.009G079700.1.D	950	844.505	9.64286	0.452886
Gorai.009G079800.1.A	948	842.505	32	1.50648
Gorai.009G079800.1.D	948	842.505	24	1.12986
Gorai.009G079900.1.A	406	300.583	0	0
Gorai.009G079900.1.D	406	300.583	3	0.39586
Gorai.009G080000.1.A	417	311.583	11	1.40024
Gorai.009G080000.1.D	417	311.583	17	2.16401
Gorai.009G080100.1.A	2610	2504.5	257.284	4.07451
Gorai.009G080100.1.D	2610	2504.5	286.637	4.53936
Gorai.009G080200.1.A	2226	2120.5	49.936	0.934027
Gorai.009G080200.1.D	2226	2120.5	108.144	2.02277
Gorai.009G080300.1.A	1446	1340.5	0	0
Gorai.009G080300.1.D	1446	1340.5	1	0.0295881
Gorai.009G080400.1.A	1018	912.505	12894.3	560.463
Gorai.009G080400.1.D	1018	912.505	12679.4	551.122
Gorai.009G080500.1.A	601	495.551	2.28571	0.182944
Gorai.009G080500.1.D	601	495.551	5.71429	0.45736
Gorai.009G080600.1.A	1570	1464.5	5	0.135414
Gorai.009G080600.1.D	1570	1464.5	1	0.0270828
Gorai.009G080700.1.A	4355	4249.5	524.81	4.89834
Gorai.009G080700.1.D	4355	4249.5	451.19	4.2112
Gorai.009G080800.1.A	4694	4588.5	66.341	0.57345
Gorai.009G080800.1.D	4694	4588.5	169.659	1.46653
Gorai.009G080900.1.A	723	617.505	14.7368	0.946562
Gorai.009G080900.1.D	723	617.505	5.26316	0.338058
Gorai.009G081000.1.A	4445	4339.5	0	0
Gorai.009G081000.1.D	4445	4339.5	424	3.87535
Gorai.009G081100.1.A	2344	2238.5	21.4348	0.379792
Gorai.009G081100.1.D	2344	2238.5	7.56522	0.134044
Gorai.009G081200.1.A	828	722.505	0	0
Gorai.009G081200.1.D	828	722.505	0	0
Gorai.009G081300.1.A	4353	4247.5	752.098	7.02304
Gorai.009G081300.1.D	4353	4247.5	540.902	5.05091
Gorai.009G081400.1.A	4260	4154.5	693.773	6.62343
Gorai.009G081400.1.D	4260	4154.5	1285.96	12.277
Gorai.009G081500.1.A	1621	1515.5	148.57	3.8883
Gorai.009G081500.1.D	1621	1515.5	165.43	4.32953
Gorai.009G081600.1.A	1837	1731.5	58.513	1.34034
Gorai.009G081600.1.D	1837	1731.5	55.542	1.27228
Gorai.009G081700.1.A	489	383.551	22	2.27501
Gorai.009G081700.1.D	489	383.551	4	0.413639
Gorai.009G081800.1.A	1176	1070.5	0	0
Gorai.009G081800.1.D	1176	1070.5	0	0
Gorai.009G081900.1.A	4687	4581.5	60.0902	0.520212
Gorai.009G081900.1.D	4687	4581.5	155.91	1.34974
Gorai.009G082000.1.A	1055	949.505	1445.03	60.362
Gorai.009G082000.1.D	1055	949.505	1297.92	54.217
Gorai.009G082100.1.A	2242	2136.5	781.974	14.5169
Gorai.009G082100.1.D	2242	2136.5	477.026	8.8557
Gorai.009G082200.1.A	2166	2060.5	514.704	9.90761
Gorai.009G082200.1.D	2166	2060.5	597.296	11.4974
Gorai.009G082300.1.A	4353	4247.5	216.78	2.02428
Gorai.009G082300.1.D	4353	4247.5	268.22	2.50462
Gorai.009G082400.1.A	1163	1057.5	357.036	13.391
Gorai.009G082400.1.D	1163	1057.5	295.964	11.1005
Gorai.009G082500.1.A	1812	1706.5	16.8889	0.392535
Gorai.009G082500.1.D	1812	1706.5	2.11111	0.0490669
Gorai.009G082600.1.A	1655	1549.5	0	0
Gorai.009G082600.1.D	1655	1549.5	0	0
Gorai.009G082700.1.A	3012	2906.5	17.7778	0.2426
Gorai.009G082700.1.D	3012	2906.5	42.2222	0.576176
Gorai.009G082800.1.A	2895	2789.5	13.6667	0.194321
Gorai.009G082800.1.D	2895	2789.5	27.3333	0.388643
Gorai.009G082900.1.A	3942	3836.5	2129.82	22.0187
Gorai.009G082900.1.D	3942	3836.5	595.18	6.15315
Gorai.009G083000.1.A	336	230.63	1	0.171976
Gorai.009G083000.1.D	336	230.63	0	0
Gorai.009G083100.1.A	1296	1190.5	1.5	0.0499741
Gorai.009G083100.1.D	1296	1190.5	1.5	0.0499741
Gorai.009G083200.1.A	1419	1313.5	8	0.24157
Gorai.009G083200.1.D	1419	1313.5	4	0.120785
Gorai.009G083300.1.A	873	767.505	0	0
Gorai.009G083300.1.D	873	767.505	3	0.155033
Gorai.009G083400.1.A	1097	991.505	72.5333	2.90153
Gorai.009G083400.1.D	1097	991.505	131.467	5.25903
Gorai.009G083500.1.A	1641	1535.5	5	0.129153
Gorai.009G083500.1.D	1641	1535.5	5	0.129153
Gorai.009G083600.1.A	2650	2544.5	21.0194	0.327643
Gorai.009G083600.1.D	2650	2544.5	159.981	2.49373
Gorai.009G083700.1.A	965	859.505	0	0
Gorai.009G083700.1.D	965	859.505	6	0.276878
Gorai.009G083800.1.A	1423	1317.5	0	0
Gorai.009G083800.1.D	1423	1317.5	7	0.210732
Gorai.009G083900.1.A	1778	1672.5	114.89	2.72458
Gorai.009G083900.1.D	1778	1672.5	146.11	3.46496
Gorai.009G084000.1.A	1673	1567.5	52.5484	1.32964
Gorai.009G084000.1.D	1673	1567.5	128.452	3.25024
Gorai.009G084100.1.A	2162	2056.5	292.422	5.63982
Gorai.009G084100.1.D	2162	2056.5	527.578	10.1752
Gorai.009G084200.1.A	954	848.505	6.56604	0.306926
Gorai.009G084200.1.D	954	848.505	167.434	7.82662
Gorai.009G084300.1.A	790	684.505	0	0
Gorai.009G084300.1.D	790	684.505	0	0
Gorai.009G084400.1.A	1114	1008.5	0	0
Gorai.009G084400.1.D	1114	1008.5	0	0
Gorai.009G084500.1.A	860	754.505	3	0.157705
Gorai.009G084500.1.D	860	754.505	2	0.105136
Gorai.009G084600.1.A	498	392.551	5	0.505194
Gorai.009G084600.1.D	498	392.551	8	0.808311
Gorai.009G084700.1.A	249	144.019	14.8571	4.09167
Gorai.009G084700.1.D	249	144.019	9.14286	2.51795
Gorai.009G084800.1.A	2114	2008.5	107.71	2.12701
Gorai.009G084800.1.D	2114	2008.5	427.29	8.4379
Gorai.009G084900.1.A	1506	1400.5	0	0
Gorai.009G084900.1.D	1506	1400.5	0	0
Gorai.009G085000.1.A	2564	2458.5	41.9686	0.677077
Gorai.009G085000.1.D	2564	2458.5	32.0584	0.517196
Gorai.009G085100.1.A	2148	2042.5	147.405	2.86243
Gorai.009G085100.1.D	2148	2042.5	247.595	4.80799
Gorai.009G085200.1.A	877	771.505	160.471	8.24977
Gorai.009G085200.1.D	877	771.505	180.529	9.28099
Gorai.009G085300.1.A	1668	1562.5	24.8929	0.631885
Gorai.009G085300.1.D	1668	1562.5	180.107	4.57188
Gorai.009G085400.1.A	1253	1147.5	350.082	12.1004
Gorai.009G085400.1.D	1253	1147.5	443.918	15.3438
Gorai.009G085500.1.A	414	308.583	0	0
Gorai.009G085500.1.D	414	308.583	0	0
Gorai.009G085600.1.A	961	855.505	462.523	21.4435
Gorai.009G085600.1.D	961	855.505	699.102	32.4118
Gorai.009G085700.1.A	1239	1133.5	70	2.4494
Gorai.009G085700.1.D	1239	1133.5	0	0
Gorai.009G085800.1.A	1068	962.505	943.963	38.8989
Gorai.009G085800.1.D	1068	962.505	1000.41	41.225
Gorai.009G085900.1.A	1262	1156.5	56.6545	1.943
Gorai.009G085900.1.D	1262	1156.5	25.3455	0.869236
Gorai.009G086000.1.A	2298	2192.5	114.204	2.06598
Gorai.009G086000.1.D	2298	2192.5	132.796	2.40231
Gorai.009G086100.1.A	1081	975.505	0	0
Gorai.009G086100.1.D	1081	975.505	45	1.82965
Gorai.009G086200.1.A	2235	2129.5	33.0645	0.615841
Gorai.009G086200.1.D	2235	2129.5	7.93548	0.147802
Gorai.009G086300.1.A	2906	2800.5	384.554	5.44636
Gorai.009G086300.1.D	2906	2800.5	4.44571	0.0629637
Gorai.009G086400.1.A	2281	2175.5	390.867	7.12613
Gorai.009G086400.1.D	2281	2175.5	142.133	2.59132
Gorai.009G086500.1.A	1280	1174.5	978.499	33.0438
Gorai.009G086500.1.D	1280	1174.5	729.501	24.6352
Gorai.009G086600.1.A	1675	1569.5	157.149	3.9713
Gorai.009G086600.1.D	1675	1569.5	143.851	3.63527
Gorai.009G086700.1.A	1715	1609.5	27.997	0.689928
Gorai.009G086700.1.D	1715	1609.5	548.19	13.509
Gorai.009G086800.1.A	3916	3810.5	191.203	1.9902
Gorai.009G086800.1.D	3916	3810.5	242.797	2.52724
Gorai.009G086900.1.A	1458	1352.5	3.5	0.102639
Gorai.009G086900.1.D	1458	1352.5	3.5	0.102639
Gorai.009G087000.1.A	450	344.583	4	0.460417
Gorai.009G087000.1.D	450	344.583	4	0.460417
Gorai.009G087100.1.A	1582	1476.5	49.2237	1.32228
Gorai.009G087100.1.D	1582	1476.5	37.7763	1.01477
Gorai.009G087200.1.A	6832	6726.5	46.2174	0.272521
Gorai.009G087200.1.D	6832	6726.5	65.1881	0.384383
Gorai.009G087300.1.A	1124	1018.5	1252.89	48.7906
Gorai.009G087300.1.D	1124	1018.5	1737.11	67.6469
Gorai.009G087400.1.A	3405	3299.5	260.236	3.12826
Gorai.009G087400.1.D	3405	3299.5	513.764	6.1759
Gorai.009G087500.1.A	1728	1622.5	128.497	3.14118
Gorai.009G087500.1.D	1728	1622.5	58.5028	1.43013
Gorai.009G087600.1.A	428	322.583	0	0
Gorai.009G087600.1.D	428	322.583	1	0.122954
Gorai.009G087700.1.A	873	767.505	0	0
Gorai.009G087700.1.D	873	767.505	0	0
Gorai.009G087800.1.A	599	493.551	0	0
Gorai.009G087800.1.D	599	493.551	0	0
Gorai.009G087900.1.A	686	580.505	17	1.16152
Gorai.009G087900.1.D	686	580.505	102	6.96914
Gorai.009G088000.1.A	903	797.505	2	0.0994676
Gorai.009G088000.1.D	903	797.505	1	0.0497338
Gorai.009G088100.1.A	854	748.505	25.6469	1.35902
Gorai.009G088100.1.D	854	748.505	87.7739	4.6511
Gorai.009G088200.1.A	680	574.505	2.57923	0.178067
Gorai.009G088200.1.D	680	574.505	0	0
Gorai.009G088300.1.A	1187	1081.5	38.1765	1.40008
Gorai.009G088300.1.D	1187	1081.5	20.8235	0.763679
Gorai.009G088400.1.A	5286	5180.5	47.25	0.361755
Gorai.009G088400.1.D	5286	5180.5	6.75	0.0516793
Gorai.009G088500.1.A	1793	1687.5	180.938	4.25275
Gorai.009G088500.1.D	1793	1687.5	810.062	19.0396
Gorai.009G088600.1.A	1427	1321.5	580.177	17.4131
Gorai.009G088600.1.D	1427	1321.5	1404.82	42.1636
Gorai.009G088700.1.A	285	179.772	0	0
Gorai.009G088700.1.D	285	179.772	0	0
Gorai.009G088800.1.A	2486	2380.5	463.857	7.72859
Gorai.009G088800.1.D	2486	2380.5	491.143	8.18321
Gorai.009G088900.1.A	2305	2199.5	0	0
Gorai.009G088900.1.D	2305	2199.5	51	0.919666
Gorai.009G089000.1.A	4099	3993.5	777.192	7.71896
Gorai.009G089000.1.D	4099	3993.5	1187.81	11.7971
Gorai.009G089100.1.A	1028	922.505	14	0.601928
Gorai.009G089100.1.D	1028	922.505	57	2.45071
Gorai.009G089200.1.A	1401	1295.5	9.03704	0.276676
Gorai.009G089200.1.D	1401	1295.5	51.963	1.59089
Gorai.009G089300.1.A	3299	3193.5	4878.62	60.5919
Gorai.009G089300.1.D	3299	3193.5	4285.38	53.2239
Gorai.009G089400.1.A	440	334.583	5.35714	0.635059
Gorai.009G089400.1.D	440	334.583	9.64286	1.14311
Gorai.009G089500.1.A	923	817.505	8.09639	0.392813
Gorai.009G089500.1.D	923	817.505	103.904	5.0411
Gorai.009G089600.1.A	555	449.551	34	2.99975
Gorai.009G089600.1.D	555	449.551	48	4.23494
Gorai.009G089700.1.A	790	684.505	911.197	52.7984
Gorai.009G089700.1.D	790	684.505	512.803	29.7139
Gorai.009G089800.1.A	1561	1455.5	5	0.136252
Gorai.009G089800.1.D	1561	1455.5	16	0.436005
Gorai.009G089900.1.A	701	595.505	38.6061	2.57131
Gorai.009G089900.1.D	701	595.505	59.3939	3.95587
Gorai.009G090000.1.A	1200	1094.5	0	0
Gorai.009G090000.1.D	1200	1094.5	0	0
Gorai.009G090100.1.A	902	796.505	83.9091	4.17836
Gorai.009G090100.1.D	902	796.505	98.0909	4.88456
Gorai.009G090200.1.A	1189	1083.5	395.597	14.4813
Gorai.009G090200.1.D	1189	1083.5	211.403	7.73867
Gorai.009G090300.1.A	1350	1244.5	34	1.0836
Gorai.009G090300.1.D	1350	1244.5	0	0
Gorai.009G090400.1.A	1347	1241.5	0	0
Gorai.009G090400.1.D	1347	1241.5	0	0
Gorai.009G090500.1.A	1943	1837.5	0.5	0.0107926
Gorai.009G090500.1.D	1943	1837.5	0.5	0.0107926
Gorai.009G090600.1.A	1042	936.505	9.33333	0.395286
Gorai.009G090600.1.D	1042	936.505	11.6667	0.494108
Gorai.009G090700.1.A	355	249.63	2	0.317774
Gorai.009G090700.1.D	355	249.63	0	0
Gorai.009G090800.1.A	520	414.551	0	0
Gorai.009G090800.1.D	520	414.551	0	0
Gorai.009G090900.1.A	1366	1260.5	1	0.0314659
Gorai.009G090900.1.D	1366	1260.5	0	0
Gorai.009G091000.1.A	3401	3295.5	130.935	1.57587
Gorai.009G091000.1.D	3401	3295.5	232.065	2.793
Gorai.009G091100.1.A	1546	1440.5	3	0.0826022
Gorai.009G091100.1.D	1546	1440.5	3	0.0826022
Gorai.009G091200.1.A	2836	2730.5	377.939	5.48989
Gorai.009G091200.1.D	2836	2730.5	397.061	5.76765
Gorai.009G091300.1.A	4090	3984.5	270.448	2.69211
Gorai.009G091300.1.D	4090	3984.5	296.552	2.95197
Gorai.009G091400.1.A	1446	1340.5	3	0.0887642
Gorai.009G091400.1.D	1446	1340.5	0	0
Gorai.009G091500.1.A	502	396.551	0	0
Gorai.009G091500.1.D	502	396.551	0	0
Gorai.009G091600.1.A	1973	1867.5	6.37492	0.135393
Gorai.009G091600.1.D	1973	1867.5	10.6287	0.225737
Gorai.009G091700.1.A	2280	2174.5	2.25	0.04104
Gorai.009G091700.1.D	2280	2174.5	24.75	0.45144
Gorai.009G091800.1.A	506	400.551	3.5	0.346573
Gorai.009G091800.1.D	506	400.551	10.5	1.03972
Gorai.009G091900.1.A	2147	2041.5	149.07	2.89617
Gorai.009G091900.1.D	2147	2041.5	133.93	2.60203
Gorai.009G092000.1.A	2099	1993.5	806.678	16.0497
Gorai.009G092000.1.D	2099	1993.5	1334.32	26.5478
Gorai.009G092100.1.A	2371	2265.5	398.707	6.9803
Gorai.009G092100.1.D	2371	2265.5	579.293	10.1419
Gorai.009G092200.1.A	1941	1835.5	0	0
Gorai.009G092200.1.D	1941	1835.5	2	0.0432175
Gorai.009G092300.1.A	1139	1033.5	23.3239	0.895106
Gorai.009G092300.1.D	1139	1033.5	68.6761	2.63559
Gorai.009G092400.1.A	3272	3166.5	1415.43	17.7294
Gorai.009G092400.1.D	3272	3166.5	1426.57	17.8689
Gorai.009G092500.1.A	1434	1328.5	190.696	5.69328
Gorai.009G092500.1.D	1434	1328.5	153.304	4.57695
Gorai.009G092600.1.A	2202	2096.5	56.1364	1.06202
Gorai.009G092600.1.D	2202	2096.5	38.8636	0.735246
Gorai.009G092700.1.A	2610	2504.5	491.455	7.78299
Gorai.009G092700.1.D	2610	2504.5	18.5455	0.293698
Gorai.009G092800.1.A	1760	1654.5	2560.39	61.3793
Gorai.009G092800.1.D	1760	1654.5	1074.51	25.7589
Gorai.009G092900.1.A	1536	1430.5	0	0
Gorai.009G092900.1.D	1536	1430.5	0	0
Gorai.009G093000.1.A	972	866.505	9.94737	0.455326
Gorai.009G093000.1.D	972	866.505	17.0526	0.780558
Gorai.009G093100.1.A	384	278.583	1.09091	0.155317
Gorai.009G093100.1.D	384	278.583	10.9091	1.55317
Gorai.009G093200.1.A	1101	995.505	38.9091	1.55022
Gorai.009G093200.1.D	1101	995.505	68.0909	2.71288
Gorai.009G093300.1.A	2932	2826.5	191.826	2.69179
Gorai.009G093300.1.D	2932	2826.5	208.174	2.92121
Gorai.009G093400.1.A	3890	3784.5	17	0.178166
Gorai.009G093400.1.D	3890	3784.5	44	0.461135
Gorai.009G093500.1.A	1719	1613.5	0	0
Gorai.009G093500.1.D	1719	1613.5	7	0.172073
Gorai.009G093600.1.A	2411	2305.5	0	0
Gorai.009G093600.1.D	2411	2305.5	441	7.58678
Gorai.009G093700.1.A	2506	2400.5	179.271	2.96206
Gorai.009G093700.1.D	2506	2400.5	87.7286	1.44952
Gorai.009G093800.1.A	2027	1921.5	2.22222	0.0458702
Gorai.009G093800.1.D	2027	1921.5	7.77778	0.160546
Gorai.009G093900.1.A	2012	1906.5	45.7447	0.951673
Gorai.009G093900.1.D	2012	1906.5	4.25532	0.0885277
Gorai.009G094000.1.A	480	374.551	17.6538	1.86945
Gorai.009G094000.1.D	480	374.551	9.34615	0.989707
Gorai.009G094100.1.A	883	777.505	47.15	2.40527
Gorai.009G094100.1.D	883	777.505	44.85	2.28794
Gorai.009G094200.1.A	2226	2120.5	11	0.205749
Gorai.009G094200.1.D	2226	2120.5	3	0.0561134
Gorai.009G094300.1.A	2185	2079.5	197.877	3.77416
Gorai.009G094300.1.D	2185	2079.5	32.1229	0.612689
Gorai.009G094400.1.A	2856	2750.5	320.02	4.61476
Gorai.009G094400.1.D	2856	2750.5	204.98	2.95586
Gorai.009G094500.1.A	1880	1774.5	98.4774	2.20112
Gorai.009G094500.1.D	1880	1774.5	961.523	21.4915
Gorai.009G094600.1.A	1929	1823.5	14832.6	322.622
Gorai.009G094600.1.D	1929	1823.5	16822.4	365.904
Gorai.009G094700.1.A	827	721.505	510.455	28.061
Gorai.009G094700.1.D	827	721.505	458.545	25.2074
Gorai.009G094800.1.A	2055	1949.5	12.9796	0.264072
Gorai.009G094800.1.D	2055	1949.5	40.0204	0.814221
Gorai.009G094900.1.A	4070	3964.5	74.0642	0.740976
Gorai.009G094900.1.D	4070	3964.5	42.9358	0.429552
Gorai.009G095000.1.A	1369	1263.5	133.964	4.2053
Gorai.009G095000.1.D	1369	1263.5	21.0357	0.660337
Gorai.009G095100.1.A	880	774.505	6	0.307264
Gorai.009G095100.1.D	880	774.505	0	0
Gorai.009G095200.1.A	366	260.583	0	0
Gorai.009G095200.1.D	366	260.583	0	0
Gorai.009G095300.1.A	1789	1683.5	2.5	0.0588994
Gorai.009G095300.1.D	1789	1683.5	2.5	0.0588994
Gorai.009G095400.1.A	988	882.505	0	0
Gorai.009G095400.1.D	988	882.505	40	1.79774
Gorai.009G095500.1.A	723	617.505	27.381	1.75871
Gorai.009G095500.1.D	723	617.505	72.619	4.66439
Gorai.009G095600.1.A	2255	2149.5	0	0
Gorai.009G095600.1.D	2255	2149.5	0	0
Gorai.009G095700.1.A	1188	1082.5	4700.72	172.234
Gorai.009G095700.1.D	1188	1082.5	3685.22	135.026
Gorai.009G095800.1.A	1616	1510.5	231.616	6.08179
Gorai.009G095800.1.D	1616	1510.5	228.384	5.99693
Gorai.009G095900.1.A	1373	1267.5	1	0.0312921
Gorai.009G095900.1.D	1373	1267.5	1	0.0312921
Gorai.009G096000.1.A	444	338.583	2	0.234288
Gorai.009G096000.1.D	444	338.583	1	0.117144
Gorai.009G096100.1.A	812	706.505	88.513	4.96909
Gorai.009G096100.1.D	812	706.505	379.487	21.3043
Gorai.009G096200.1.A	2089	1983.5	60.8293	1.21637
Gorai.009G096200.1.D	2089	1983.5	111.171	2.22301
Gorai.009G096300.1.A	1290	1184.5	2	0.0669697
Gorai.009G096300.1.D	1290	1184.5	0	0
Gorai.009G096400.1.A	1484	1378.5	31.7778	0.914324
Gorai.009G096400.1.D	1484	1378.5	12.2222	0.351663
Gorai.009G096500.1.A	1740	1634.5	245	5.94518
Gorai.009G096500.1.D	1740	1634.5	245	5.94518
Gorai.009G096600.1.A	378	272.583	7	1.01855
Gorai.009G096600.1.D	378	272.583	7	1.01855
Gorai.009G096700.1.A	2094	1988.5	0	0
Gorai.009G096700.1.D	2094	1988.5	0	0
Gorai.009G096800.1.A	1842	1736.5	0	0
Gorai.009G096800.1.D	1842	1736.5	0	0
Gorai.009G096900.1.A	3001	2895.5	254.94	3.49219
Gorai.009G096900.1.D	3001	2895.5	320.06	4.38422
Gorai.009G097000.1.A	2837	2731.5	3.67742	0.0533981
Gorai.009G097000.1.D	2837	2731.5	34.3226	0.498383
Gorai.009G097100.1.A	1320	1214.5	96.1	3.13841
Gorai.009G097100.1.D	1320	1214.5	27.9	0.91115
Gorai.009G097200.1.A	4203	4097.5	479.641	4.64282
Gorai.009G097200.1.D	4203	4097.5	361.359	3.49787
Gorai.009G097300.1.A	1350	1244.5	16.8	0.535424
Gorai.009G097300.1.D	1350	1244.5	13.2	0.42069
Gorai.009G097400.1.A	356	250.63	0	0
Gorai.009G097400.1.D	356	250.63	0	0
Gorai.009G097500.1.A	1244	1138.5	6.5	0.226445
Gorai.009G097500.1.D	1244	1138.5	6.5	0.226445
Gorai.009G097600.1.A	721	615.505	0	0
Gorai.009G097600.1.D	721	615.505	0	0
Gorai.009G097700.1.A	767	661.505	0	0
Gorai.009G097700.1.D	767	661.505	0	0
Gorai.009G097800.1.A	1446	1340.5	81.7339	2.41835
Gorai.009G097800.1.D	1446	1340.5	69.2661	2.04945
Gorai.009G097900.1.A	3051	2945.5	464.58	6.25585
Gorai.009G097900.1.D	3051	2945.5	575.42	7.74836
Gorai.009G098000.1.A	1090	984.505	115.333	4.64646
Gorai.009G098000.1.D	1090	984.505	57.6667	2.32323
Gorai.009G098100.1.A	2178	2072.5	3	0.0574131
Gorai.009G098100.1.D	2178	2072.5	0	0
Gorai.009G098200.1.A	1284	1178.5	0	0
Gorai.009G098200.1.D	1284	1178.5	0	0
Gorai.009G098300.1.A	3010	2904.5	177.878	2.42904
Gorai.009G098300.1.D	3010	2904.5	281.122	3.83891
Gorai.009G098400.1.A	2196	2090.5	1070.62	20.3128
Gorai.009G098400.1.D	2196	2090.5	1399.38	26.5502
Gorai.009G098500.1.A	1065	959.505	68.88	2.84729
Gorai.009G098500.1.D	1065	959.505	13.12	0.54234
Gorai.009G098600.1.A	2396	2290.5	42.6012	0.737692
Gorai.009G098600.1.D	2396	2290.5	513.399	8.89014
Gorai.009G098700.1.A	1852	1746.5	14.9474	0.339453
Gorai.009G098700.1.D	1852	1746.5	127.053	2.88535
Gorai.009G098800.1.A	1432	1326.5	431.097	12.8899
Gorai.009G098800.1.D	1432	1326.5	427.903	12.7945
Gorai.009G098900.1.A	1938	1832.5	9.6	0.207783
Gorai.009G098900.1.D	1938	1832.5	2.4	0.0519459
Gorai.009G099000.1.A	2293	2187.5	145.562	2.63928
Gorai.009G099000.1.D	2293	2187.5	58.4375	1.05956
Gorai.009G099100.1.A	1385	1279.5	3975.33	123.23
Gorai.009G099100.1.D	1385	1279.5	4668.42	144.715
Gorai.009G099200.1.A	1113	1007.5	66.9778	2.63675
Gorai.009G099200.1.D	1113	1007.5	70.0222	2.7566
Gorai.009G099300.1.A	2750	2644.5	494.929	7.42306
Gorai.009G099300.1.D	2750	2644.5	394.071	5.91038
Gorai.009G099400.1.A	2691	2585.5	378.853	5.81179
Gorai.009G099400.1.D	2691	2585.5	163.147	2.50276
Gorai.009G099500.1.A	765	659.505	1	0.0601405
Gorai.009G099500.1.D	765	659.505	1	0.0601405
Gorai.009G099600.1.A	768	662.505	3	0.179605
Gorai.009G099600.1.D	768	662.505	0	0
Gorai.009G099700.1.A	1259	1153.5	15	0.515771
Gorai.009G099700.1.D	1259	1153.5	3	0.103154
Gorai.009G099800.1.A	1939	1833.5	1378.46	29.8192
Gorai.009G099800.1.D	1939	1833.5	912.544	19.7404
Gorai.009G099900.1.A	910	804.505	2	0.0986021
Gorai.009G099900.1.D	910	804.505	0	0
Gorai.009G100000.1.A	2619	2513.5	186.501	2.94298
Gorai.009G100000.1.D	2619	2513.5	136.848	2.15946
Gorai.009G100100.1.A	1809	1703.5	2.33333	0.0543273
Gorai.009G100100.1.D	1809	1703.5	4.66667	0.108655
Gorai.009G100200.1.A	1790	1684.5	36.1216	0.850511
Gorai.009G100200.1.D	1790	1684.5	44.8784	1.0567
Gorai.009G100300.1.A	2177	2071.5	188.839	3.61569
Gorai.009G100300.1.D	2177	2071.5	234.161	4.48346
Gorai.009G100400.1.A	2450	2344.5	1533.8	25.948
Gorai.009G100400.1.D	2450	2344.5	3148.2	53.2593
Gorai.009G100500.1.A	786	680.505	0	0
Gorai.009G100500.1.D	786	680.505	12	0.699415
Gorai.009G100600.1.A	1124	1018.5	19.2405	0.74927
Gorai.009G100600.1.D	1124	1018.5	60.7595	2.36612
Gorai.009G100700.1.A	1086	980.505	396.364	16.0335
Gorai.009G100700.1.D	1086	980.505	627.889	25.3991
Gorai.009G100800.1.A	774	668.505	0	0
Gorai.009G100800.1.D	774	668.505	1	0.0593308
Gorai.009G100900.1.A	1688	1582.5	3846.41	96.4041
Gorai.009G100900.1.D	1688	1582.5	1567.59	39.2891
Gorai.009G101000.1.A	749	643.505	258.005	15.9024
Gorai.009G101000.1.D	749	643.505	169.98	10.4768
Gorai.009G101100.1.A	673	567.505	223	15.5855
Gorai.009G101100.1.D	673	567.505	193.015	13.4898
Gorai.009G101200.1.A	1900	1794.5	0	0
Gorai.009G101200.1.D	1900	1794.5	4	0.0884098
Gorai.009G101300.1.A	399	293.583	16.4691	2.22497
Gorai.009G101300.1.D	399	293.583	434.531	58.7049
Gorai.009G101400.1.A	1548	1442.5	1623.61	44.6427
Gorai.009G101400.1.D	1548	1442.5	1559.38	42.8765
Gorai.009G101500.1.A	3038	2932.5	260.248	3.51993
Gorai.009G101500.1.D	3038	2932.5	186.761	2.526
Gorai.009G101600.1.A	2070	1964.5	18.9474	0.382543
Gorai.009G101600.1.D	2070	1964.5	101.053	2.04023
Gorai.009G101700.1.A	1069	963.505	2	0.0823306
Gorai.009G101700.1.D	1069	963.505	1	0.0411653
Gorai.009G101800.1.A	805	699.505	529.343	30.0145
Gorai.009G101800.1.D	805	699.505	22.6567	1.28467
Gorai.009G101900.1.A	2256	2150.5	75.1607	1.38623
Gorai.009G101900.1.D	2256	2150.5	46.8393	0.863883
Gorai.009G102000.1.A	1651	1545.5	10.303	0.264411
Gorai.009G102000.1.D	1651	1545.5	23.697	0.608145
Gorai.009G102100.1.A	1313	1207.5	23.56	0.773876
Gorai.009G102100.1.D	1313	1207.5	7.44	0.244382
Gorai.009G102200.1.A	2702	2596.5	10	0.152755
Gorai.009G102200.1.D	2702	2596.5	1	0.0152755
Gorai.009G102300.1.A	2371	2265.5	3389.84	59.347
Gorai.009G102300.1.D	2371	2265.5	1522.16	26.649
Gorai.009G102400.1.A	1914	1808.5	472.989	10.3733
Gorai.009G102400.1.D	1914	1808.5	1052.01	23.072
Gorai.009G102500.1.A	3104	2998.5	565.545	7.48078
Gorai.009G102500.1.D	3104	2998.5	364.049	4.81548
Gorai.009G102600.1.A	759	653.505	1	0.0606927
Gorai.009G102600.1.D	759	653.505	1	0.0606927
Gorai.009G102700.1.A	2285	2179.5	270.903	4.92994
Gorai.009G102700.1.D	2285	2179.5	223.097	4.05995
Gorai.009G102800.1.A	1945	1839.5	0	0
Gorai.009G102800.1.D	1945	1839.5	1	0.0215618
Gorai.009G102900.1.A	1079	973.505	2008.98	81.8508
Gorai.009G102900.1.D	1079	973.505	295.018	12.0198
Gorai.009G103000.1.A	2642	2536.5	18.4202	0.288033
Gorai.009G103000.1.D	2642	2536.5	137.314	2.14715
Gorai.009G103100.1.A	1118	1012.5	0	0
Gorai.009G103100.1.D	1118	1012.5	7	0.274212
Gorai.009G103200.1.A	2048	1942.5	0	0
Gorai.009G103200.1.D	2048	1942.5	0	0
Gorai.009G103300.1.A	4049	3943.5	699.431	7.03473
Gorai.009G103300.1.D	4049	3943.5	1324.33	13.3199
Gorai.009G103400.1.A	4642	4536.5	273.648	2.39252
Gorai.009G103400.1.D	4642	4536.5	137.352	1.20088
Gorai.009G103500.1.A	903	797.505	0	0
Gorai.009G103500.1.D	903	797.505	0	0
Gorai.009G103600.1.A	1524	1418.5	0	0
Gorai.009G103600.1.D	1524	1418.5	0	0
Gorai.009G103700.1.A	2754	2648.5	24.566	0.367891
Gorai.009G103700.1.D	2754	2648.5	37.434	0.560596
Gorai.009G103800.1.A	1995	1889.5	451.953	9.48703
Gorai.009G103800.1.D	1995	1889.5	328.047	6.88609
Gorai.009G103900.1.A	1012	906.505	245.61	10.7464
Gorai.009G103900.1.D	1012	906.505	254.541	11.1371
Gorai.009G104000.1.A	222	117.654	3	1.01135
Gorai.009G104000.1.D	222	117.654	0	0
Gorai.009G104100.1.A	1332	1226.5	1	0.0323382
Gorai.009G104100.1.D	1332	1226.5	1	0.0323382
Gorai.009G104200.1.A	2111	2005.5	0	0
Gorai.009G104200.1.D	2111	2005.5	0	0
Gorai.009G104300.1.A	782	676.505	0	0
Gorai.009G104300.1.D	782	676.505	0	0
Gorai.009G104400.1.A	3703	3597.5	177.409	1.95596
Gorai.009G104400.1.D	3703	3597.5	214.591	2.36589
Gorai.009G104500.1.A	1442	1336.5	8438.87	250.437
Gorai.009G104500.1.D	1442	1336.5	5846.13	173.493
Gorai.009G104600.1.A	1806	1700.5	350.314	8.17081
Gorai.009G104600.1.D	1806	1700.5	15.6857	0.365857
Gorai.009G104700.1.A	1591	1485.5	371.931	9.93056
Gorai.009G104700.1.D	1591	1485.5	278.069	7.42443
Gorai.009G104800.1.A	2115	2009.5	36.7347	0.725057
Gorai.009G104800.1.D	2115	2009.5	63.2653	1.24871
Gorai.009G104900.1.A	3123	3017.5	149.18	1.96087
Gorai.009G104900.1.D	3123	3017.5	199.82	2.62649
Gorai.009G105000.1.A	856	750.505	244.151	12.903
Gorai.009G105000.1.D	856	750.505	153.849	8.13065
Gorai.009G105100.1.A	1158	1052.5	539.704	20.3384
Gorai.009G105100.1.D	1158	1052.5	712.253	26.8408
Gorai.009G105200.1.A	3516	3410.5	12.8276	0.14918
Gorai.009G105200.1.D	3516	3410.5	18.1724	0.211339
Gorai.009G105300.1.A	1323	1217.5	2	0.0651545
Gorai.009G105300.1.D	1323	1217.5	9	0.293195
Gorai.009G105400.1.A	2914	2808.5	1427.74	20.1632
Gorai.009G105400.1.D	2914	2808.5	790.256	11.1603
Gorai.009G105500.1.A	1207	1101.5	2037.54	73.3678
Gorai.009G105500.1.D	1207	1101.5	2429.46	87.4798
Gorai.009G105600.1.A	3477	3371.5	369.639	4.3485
Gorai.009G105600.1.D	3477	3371.5	2458.36	28.9206
Gorai.009G105700.1.A	456	350.551	0	0
Gorai.009G105700.1.D	456	350.551	0	0
Gorai.009G105800.1.A	3494	3388.5	406.618	4.75952
Gorai.009G105800.1.D	3494	3388.5	367.382	4.30027
Gorai.009G105900.1.A	2258	2152.5	677.075	12.4761
Gorai.009G105900.1.D	2258	2152.5	591.925	10.9071
Gorai.009G106000.1.A	2097	1991.5	7.5424	0.150215
Gorai.009G106000.1.D	2097	1991.5	22.9939	0.457947
Gorai.009G106100.1.A	1524	1418.5	355.887	9.951
Gorai.009G106100.1.D	1524	1418.5	333.89	9.33593
Gorai.009G106200.1.A	1399	1293.5	321.006	9.84305
Gorai.009G106200.1.D	1399	1293.5	353.994	10.8546
Gorai.009G106300.1.A	2488	2382.5	608.653	10.1326
Gorai.009G106300.1.D	2488	2382.5	1399.35	23.2957
Gorai.009G106400.1.A	306	200.687	0	0
Gorai.009G106400.1.D	306	200.687	0	0
Gorai.009G106500.1.A	483	377.551	759.423	79.7798
Gorai.009G106500.1.D	483	377.551	807.577	84.8385
Gorai.009G106600.1.A	2046	1940.5	2.42857	0.0496388
Gorai.009G106600.1.D	2046	1940.5	14.5714	0.297833
Gorai.009G106700.1.A	1373	1267.5	96.367	3.01553
Gorai.009G106700.1.D	1373	1267.5	322.318	10.086
Gorai.009G106800.1.A	1211	1105.5	171.539	6.15444
Gorai.009G106800.1.D	1211	1105.5	218.966	7.85599
Gorai.009G106900.1.A	2174	2068.5	226.604	4.34505
Gorai.009G106900.1.D	2174	2068.5	206.891	3.96707
Gorai.009G107000.1.A	611	505.551	154	12.082
Gorai.009G107000.1.D	611	505.551	425	33.3433
Gorai.009G107100.1.A	892	786.505	214.955	10.8401
Gorai.009G107100.1.D	892	786.505	10.0446	0.506545
Gorai.009G107200.1.A	1437	1331.5	1557.86	46.4056
Gorai.009G107200.1.D	1437	1331.5	709.142	21.124
Gorai.009G107300.1.A	1103	997.505	1075.11	42.7485
Gorai.009G107300.1.D	1103	997.505	988.894	39.3206
Gorai.009G107400.1.A	2695	2589.5	524.218	8.02934
Gorai.009G107400.1.D	2695	2589.5	564.782	8.65066
Gorai.009G107500.1.A	3578	3472.5	7.20588	0.0823056
Gorai.009G107500.1.D	3578	3472.5	27.7941	0.317464
Gorai.009G107600.1.A	1499	1393.5	831.383	23.6634
Gorai.009G107600.1.D	1499	1393.5	577.617	16.4406
Gorai.009G107700.1.A	3435	3329.5	360.369	4.29292
Gorai.009G107700.1.D	3435	3329.5	380.631	4.53429
Gorai.009G107800.1.A	3077	2971.5	506.577	6.76167
Gorai.009G107800.1.D	3077	2971.5	514.423	6.86639
Gorai.009G107900.1.A	2468	2362.5	165.948	2.78601
Gorai.009G107900.1.D	2468	2362.5	49.3358	0.828275
Gorai.009G108000.1.A	2317	2211.5	169.916	3.04742
Gorai.009G108000.1.D	2317	2211.5	64.4896	1.15661
Gorai.009G108100.1.A	1821	1715.5	356.567	8.24393
Gorai.009G108100.1.D	1821	1715.5	924.433	21.3731
Gorai.009G108200.1.A	1793	1687.5	2604.22	61.2093
Gorai.009G108200.1.D	1793	1687.5	2298.78	54.0303
Gorai.009G108300.1.A	3233	3127.5	9	0.114138
Gorai.009G108300.1.D	3233	3127.5	9	0.114138
Gorai.009G108400.1.A	1256	1150.5	9.84615	0.33944
Gorai.009G108400.1.D	1256	1150.5	6.15385	0.21215
Gorai.009G108500.1.A	2630	2524.5	48.75	0.76592
Gorai.009G108500.1.D	2630	2524.5	11.25	0.176751
Gorai.009G108600.1.A	896	790.505	231.753	11.628
Gorai.009G108600.1.D	896	790.505	134.247	6.73574
Gorai.009G108700.1.A	3388	3282.5	2178.94	26.3284
Gorai.009G108700.1.D	3388	3282.5	1520.06	18.3671
Gorai.009G108800.1.A	8792	8686.5	365.212	1.66757
Gorai.009G108800.1.D	8792	8686.5	482.788	2.20443
Gorai.009G108900.1.A	2155	2049.5	0	0
Gorai.009G108900.1.D	2155	2049.5	0	0
Gorai.009G109000.1.A	1149	1043.5	0	0
Gorai.009G109000.1.D	1149	1043.5	4	0.152037
Gorai.009G109100.1.A	1258	1152.5	2	0.0688291
Gorai.009G109100.1.D	1258	1152.5	0	0
Gorai.009G109200.1.A	701	595.505	0	0
Gorai.009G109200.1.D	701	595.505	0	0
Gorai.009G109300.1.A	3458	3352.5	0	0
Gorai.009G109300.1.D	3458	3352.5	6	0.070985
Gorai.009G109400.1.A	841	735.505	0	0
Gorai.009G109400.1.D	841	735.505	0	0
Gorai.009G109500.1.A	576	470.551	0	0
Gorai.009G109500.1.D	576	470.551	0	0
Gorai.009G109600.1.A	1299	1193.5	6	0.199394
Gorai.009G109600.1.D	1299	1193.5	9	0.299091
Gorai.009G109700.1.A	2000	1894.5	374.165	7.83343
Gorai.009G109700.1.D	2000	1894.5	354.835	7.42875
Gorai.009G109800.1.A	1551	1445.5	3	0.0823165
Gorai.009G109800.1.D	1551	1445.5	4	0.109755
Gorai.009G109900.1.A	2650	2544.5	727.984	11.3476
Gorai.009G109900.1.D	2650	2544.5	856.016	13.3433
Gorai.009G110000.1.A	2697	2591.5	58.2222	0.89109
Gorai.009G110000.1.D	2697	2591.5	72.7778	1.11386
Gorai.009G110100.1.A	1404	1298.5	121.061	3.69781
Gorai.009G110100.1.D	1404	1298.5	218.939	6.68752
Gorai.009G110200.1.A	993	887.505	9	0.402214
Gorai.009G110200.1.D	993	887.505	1	0.0446904
Gorai.009G110300.1.A	2014	1908.5	0	0
Gorai.009G110300.1.D	2014	1908.5	0	0
Gorai.009G110400.1.A	1360	1254.5	186.642	5.90094
Gorai.009G110400.1.D	1360	1254.5	114.358	3.6156
Gorai.009G110500.1.A	883	777.505	3563.11	181.765
Gorai.009G110500.1.D	883	777.505	327.893	16.7269
Gorai.009G110600.1.A	3040	2934.5	16.3902	0.221532
Gorai.009G110600.1.D	3040	2934.5	31.6098	0.427239
Gorai.009G110700.1.A	1769	1663.5	571.244	13.6202
Gorai.009G110700.1.D	1769	1663.5	61.7561	1.47245
Gorai.009G110800.1.A	1199	1093.5	0	0
Gorai.009G110800.1.D	1199	1093.5	0	0
Gorai.009G110900.1.A	1585	1479.5	0.5	0.0134041
Gorai.009G110900.1.D	1585	1479.5	0.5	0.0134041
Gorai.009G111000.1.A	2317	2211.5	1	0.0179348
Gorai.009G111000.1.D	2317	2211.5	15	0.269022
Gorai.009G111100.1.A	1647	1541.5	0	0
Gorai.009G111100.1.D	1647	1541.5	0	0
Gorai.009G111200.1.A	1725	1619.5	0	0
Gorai.009G111200.1.D	1725	1619.5	1	0.0244908
Gorai.009G111300.1.A	1535	1429.5	4.57143	0.126839
Gorai.009G111300.1.D	1535	1429.5	3.42857	0.0951289
Gorai.009G111400.1.A	1746	1640.5	7.41176	0.179196
Gorai.009G111400.1.D	1746	1640.5	10.5882	0.255995
Gorai.009G111500.1.A	2042	1936.5	12	0.245781
Gorai.009G111500.1.D	2042	1936.5	21	0.430116
Gorai.009G111600.1.A	2262	2156.5	0	0
Gorai.009G111600.1.D	2262	2156.5	25	0.459806
Gorai.009G111700.1.A	1699	1593.5	3312.45	82.4481
Gorai.009G111700.1.D	1699	1593.5	1477.45	36.7744
Gorai.009G111800.1.A	2985	2879.5	2093.05	28.8302
Gorai.009G111800.1.D	2985	2879.5	3247.95	44.738
Gorai.009G111900.1.A	1244	1138.5	2178.99	75.9111
Gorai.009G111900.1.D	1244	1138.5	797.01	27.766
Gorai.009G112000.1.A	267	161.849	25.129	6.15814
Gorai.009G112000.1.D	267	161.849	15.871	3.88935
Gorai.009G112100.1.A	352	246.63	0	0
Gorai.009G112100.1.D	352	246.63	0	0
Gorai.009G112200.1.A	1341	1235.5	0	0
Gorai.009G112200.1.D	1341	1235.5	0	0
Gorai.009G112300.1.A	1447	1341.5	0	0
Gorai.009G112300.1.D	1447	1341.5	0	0
Gorai.009G112400.1.A	2395	2289.5	194.737	3.37359
Gorai.009G112400.1.D	2395	2289.5	406.263	7.03801
Gorai.009G112500.1.A	3559	3453.5	412.731	4.74015
Gorai.009G112500.1.D	3559	3453.5	175.269	2.01294
Gorai.009G112600.1.A	1759	1653.5	451.121	10.8211
Gorai.009G112600.1.D	1759	1653.5	940.879	22.5691
Gorai.009G112700.1.A	2352	2246.5	68.446	1.20844
Gorai.009G112700.1.D	2352	2246.5	73.554	1.29862
Gorai.009G112800.1.A	1252	1146.5	46.2521	1.60008
Gorai.009G112800.1.D	1252	1146.5	81.7479	2.82804
Gorai.009G112900.1.A	603	497.551	0	0
Gorai.009G112900.1.D	603	497.551	0	0
Gorai.009G113000.1.A	1456	1350.5	0	0
Gorai.009G113000.1.D	1456	1350.5	8	0.234952
Gorai.009G113100.1.A	1578	1472.5	57.7241	1.55484
Gorai.009G113100.1.D	1578	1472.5	97.2759	2.62019
Gorai.009G113200.1.A	1691	1585.5	25.0175	0.625838
Gorai.009G113200.1.D	1691	1585.5	36.9825	0.925152
Gorai.009G113300.1.A	1252	1146.5	1.5	0.051892
Gorai.009G113300.1.D	1252	1146.5	1.5	0.051892
Gorai.009G113400.1.A	2931	2825.5	11.1817	0.156963
Gorai.009G113400.1.D	2931	2825.5	248.794	3.49243
Gorai.009G113500.1.A	3515	3409.5	363.626	4.23008
Gorai.009G113500.1.D	3515	3409.5	260.374	3.02895
Gorai.009G113600.1.A	555	449.551	0	0
Gorai.009G113600.1.D	555	449.551	0	0
Gorai.009G113700.1.A	1360	1254.5	0	0
Gorai.009G113700.1.D	1360	1254.5	0	0
Gorai.009G113800.1.A	1891	1785.5	0	0
Gorai.009G113800.1.D	1891	1785.5	0	0
Gorai.009G113900.1.A	2119	2013.5	17.6296	0.347277
Gorai.009G113900.1.D	2119	2013.5	10.3704	0.20428
Gorai.009G114000.1.A	4083	3977.5	1063.77	10.6077
Gorai.009G114000.1.D	4083	3977.5	142.234	1.41833
Gorai.009G114100.1.A	3214	3108.5	617.682	7.88131
Gorai.009G114100.1.D	3214	3108.5	467.318	5.96274
Gorai.009G114200.1.A	3385	3279.5	44.7037	0.540655
Gorai.009G114200.1.D	3385	3279.5	26.2963	0.318032
Gorai.009G114300.1.A	2771	2665.5	85.5839	1.2735
Gorai.009G114300.1.D	2771	2665.5	89.4161	1.33052
Gorai.009G114400.1.A	267	161.849	3	0.735182
Gorai.009G114400.1.D	267	161.849	1	0.245061
Gorai.009G114500.1.A	1081	975.505	13	0.528566
Gorai.009G114500.1.D	1081	975.505	8	0.325271
Gorai.009G114600.1.A	1143	1037.5	186.633	7.13481
Gorai.009G114600.1.D	1143	1037.5	123.367	4.71623
Gorai.009G114700.1.A	328	222.63	3	0.534469
Gorai.009G114700.1.D	328	222.63	3	0.534469
Gorai.009G114800.1.A	3011	2905.5	86.2429	1.1773
Gorai.009G114800.1.D	3011	2905.5	121.455	1.65797
Gorai.009G114900.1.A	3054	2948.5	543.81	7.31526
Gorai.009G114900.1.D	3054	2948.5	598.19	8.04679
Gorai.009G115000.1.A	1256	1150.5	15.8654	0.546949
Gorai.009G115000.1.D	1256	1150.5	39.1346	1.34914
Gorai.009G115100.1.A	1766	1660.5	787.997	18.8221
Gorai.009G115100.1.D	1766	1660.5	637.003	15.2155
Gorai.009G115200.1.A	1519	1413.5	476.492	13.3704
Gorai.009G115200.1.D	1519	1413.5	921.508	25.8575
Gorai.009G115300.1.A	2190	2084.5	15.3333	0.291755
Gorai.009G115300.1.D	2190	2084.5	7.66667	0.145878
Gorai.009G115400.1.A	839	733.505	611.993	33.0924
Gorai.009G115400.1.D	839	733.505	621.007	33.5799
Gorai.009G115500.1.A	3331	3225.5	1016.24	12.4964
Gorai.009G115500.1.D	3331	3225.5	2739.76	33.6899
Gorai.009G115600.1.A	1942	1836.5	12018.5	259.563
Gorai.009G115600.1.D	1942	1836.5	12499.4	269.949
Gorai.009G115700.1.A	2508	2402.5	4.66667	0.077042
Gorai.009G115700.1.D	2508	2402.5	2.33333	0.038521
Gorai.009G115800.1.A	1922	1816.5	122.224	2.66874
Gorai.009G115800.1.D	1922	1816.5	331.528	7.23883
Gorai.009G115900.1.A	3338	3232.5	681.764	8.36526
Gorai.009G115900.1.D	3338	3232.5	556.236	6.82504
Gorai.009G116000.1.A	963	857.505	103.674	4.79534
Gorai.009G116000.1.D	963	857.505	129.326	5.98182
Gorai.009G116100.1.A	3633	3527.5	295.9	3.32707
Gorai.009G116100.1.D	3633	3527.5	242.1	2.72215
Gorai.009G116200.1.A	955	849.505	422.686	19.735
Gorai.009G116200.1.D	955	849.505	410.314	19.1574
Gorai.009G116300.1.A	1214	1108.5	0	0
Gorai.009G116300.1.D	1214	1108.5	10	0.357806
Gorai.009G116400.1.A	2719	2613.5	173.973	2.64024
Gorai.009G116400.1.D	2719	2613.5	93.0271	1.41179
Gorai.009G116500.1.A	3245	3139.5	86.975	1.0988
Gorai.009G116500.1.D	3245	3139.5	60.025	0.758326
Gorai.009G116600.1.A	1406	1300.5	2303.55	70.254
Gorai.009G116600.1.D	1406	1300.5	3241.45	98.8581
Gorai.009G116700.1.A	1558	1452.5	59.8429	1.6341
Gorai.009G116700.1.D	1558	1452.5	82.1571	2.24343
Gorai.009G116800.1.A	2304	2198.5	0	0
Gorai.009G116800.1.D	2304	2198.5	0	0
Gorai.009G116900.1.A	330	224.63	2	0.35314
Gorai.009G116900.1.D	330	224.63	0	0
Gorai.009G117000.1.A	730	624.505	0	0
Gorai.009G117000.1.D	730	624.505	0	0
Gorai.009G117100.1.A	2816	2710.5	123.09	1.80118
Gorai.009G117100.1.D	2816	2710.5	29.9098	0.437671
Gorai.009G117200.1.A	1744	1638.5	0	0
Gorai.009G117200.1.D	1744	1638.5	1	0.0242068
Gorai.009G117300.1.A	4192	4086.5	281.907	2.73615
Gorai.009G117300.1.D	4192	4086.5	331.966	3.22201
Gorai.009G117400.1.A	4680	4574.5	126.911	1.10037
Gorai.009G117400.1.D	4680	4574.5	121.089	1.0499
Gorai.009G117500.1.A	1912	1806.5	5.66667	0.124415
Gorai.009G117500.1.D	1912	1806.5	11.3333	0.24883
Gorai.009G117600.1.A	1708	1602.5	4.66667	0.115503
Gorai.009G117600.1.D	1708	1602.5	2.33333	0.0577514
Gorai.009G117700.1.A	6742	6636.5	3074.87	18.3769
Gorai.009G117700.1.D	6742	6636.5	2929.13	17.5059
Gorai.009G117800.1.A	3016	2910.5	285.487	3.89047
Gorai.009G117800.1.D	3016	2910.5	172.513	2.35093
Gorai.009G117900.1.A	2289	2183.5	1	0.0181648
Gorai.009G117900.1.D	2289	2183.5	14	0.254307
Gorai.009G118000.1.A	2691	2585.5	621.345	9.53174
Gorai.009G118000.1.D	2691	2585.5	474.326	7.2764
Gorai.009G118100.1.A	1615	1509.5	2520.29	66.2217
Gorai.009G118100.1.D	1615	1509.5	2881.71	75.7184
Gorai.009G118200.1.A	383	277.583	0	0
Gorai.009G118200.1.D	383	277.583	2	0.285773
Gorai.009G118300.1.A	4238	4132.5	419.143	4.02285
Gorai.009G118300.1.D	4238	4132.5	449.27	4.31201
Gorai.009G118400.1.A	2272	2166.5	141.957	2.59886
Gorai.009G118400.1.D	2272	2166.5	146.043	2.67365
Gorai.009G118500.1.A	2238	2132.5	0	0
Gorai.009G118500.1.D	2238	2132.5	0	0
Gorai.009G118600.1.A	1336	1230.5	111.717	3.60099
Gorai.009G118600.1.D	1336	1230.5	55.2828	1.78193
Gorai.009G118700.1.A	1571	1465.5	1	0.0270644
Gorai.009G118700.1.D	1571	1465.5	0	0
Gorai.009G118800.1.A	1542	1436.5	68.3551	1.88734
Gorai.009G118800.1.D	1542	1436.5	69.6449	1.92295
Gorai.009G118900.1.A	2392	2286.5	3441.17	59.6924
Gorai.009G118900.1.D	2392	2286.5	3600.55	62.4571
Gorai.009G119000.1.A	1121	1015.5	337.974	13.2004
Gorai.009G119000.1.D	1121	1015.5	339.026	13.2415
Gorai.009G119100.1.A	1975	1869.5	0	0
Gorai.009G119100.1.D	1975	1869.5	19	0.403099
Gorai.009G119200.1.A	1001	895.505	678.405	30.0474
Gorai.009G119200.1.D	1001	895.505	399.595	17.6985
Gorai.009G119300.1.A	2454	2348.5	1572.42	26.556
Gorai.009G119300.1.D	2454	2348.5	1588.81	26.8327
Gorai.009G119400.1.A	1113	1007.5	144.928	5.70544
Gorai.009G119400.1.D	1113	1007.5	105.072	4.13644
Gorai.009G119500.1.A	1534	1428.5	157.284	4.36704
Gorai.009G119500.1.D	1534	1428.5	87.716	2.43547
Gorai.009G119600.1.A	1868	1762.5	78.8358	1.7741
Gorai.009G119600.1.D	1868	1762.5	60.1642	1.35392
Gorai.009G119700.1.A	1617	1511.5	420.768	11.0412
Gorai.009G119700.1.D	1617	1511.5	690.232	18.1122
Gorai.009G119800.1.A	444	338.583	42.7632	5.00944
Gorai.009G119800.1.D	444	338.583	22.2368	2.60491
Gorai.009G119900.1.A	2577	2471.5	4	0.0641924
Gorai.009G119900.1.D	2577	2471.5	0	0
Gorai.009G120000.1.A	2299	2193.5	0	0
Gorai.009G120000.1.D	2299	2193.5	0	0
Gorai.009G120100.1.A	3010	2904.5	419.815	5.73286
Gorai.009G120100.1.D	3010	2904.5	323.016	4.411
Gorai.009G120200.1.A	1599	1493.5	0	0
Gorai.009G120200.1.D	1599	1493.5	3	0.0796709
Gorai.009G120300.1.A	4908	4802.5	1685.37	13.9191
Gorai.009G120300.1.D	4908	4802.5	1751.63	14.4664
Gorai.009G120400.1.A	2791	2685.5	97.2958	1.43699
Gorai.009G120400.1.D	2791	2685.5	59.7042	0.881788
Gorai.009G120500.1.A	2155	2049.5	0	0
Gorai.009G120500.1.D	2155	2049.5	0	0
Gorai.009G120600.1.A	1581	1475.5	293.942	7.90143
Gorai.009G120600.1.D	1581	1475.5	547.058	14.7054
Gorai.009G120700.1.A	3454	3348.5	640.783	7.59006
Gorai.009G120700.1.D	3454	3348.5	764.217	9.05213
Gorai.009G120800.1.A	1570	1464.5	0	0
Gorai.009G120800.1.D	1570	1464.5	0	0
Gorai.009G120900.1.A	2513	2407.5	65.016	1.07112
Gorai.009G120900.1.D	2513	2407.5	63.984	1.05412
Gorai.009G121000.1.A	2547	2441.5	695.822	11.3038
Gorai.009G121000.1.D	2547	2441.5	343.178	5.57502
Gorai.009G121100.1.A	1582	1476.5	0.5	0.0134314
Gorai.009G121100.1.D	1582	1476.5	0.5	0.0134314
Gorai.009G121200.1.A	1702	1596.5	0	0
Gorai.009G121200.1.D	1702	1596.5	0	0
Gorai.009G121300.1.A	1794	1688.5	2891.95	67.9319
Gorai.009G121300.1.D	1794	1688.5	2.04668	0.0480764
Gorai.009G121400.1.A	777	671.505	0.5	0.0295329
Gorai.009G121400.1.D	777	671.505	0.5	0.0295329
Gorai.009G121500.1.A	936	830.505	0	0
Gorai.009G121500.1.D	936	830.505	0	0
Gorai.009G121600.1.A	2498	2392.5	191.251	3.17055
Gorai.009G121600.1.D	2498	2392.5	229.749	3.80878
Gorai.009G121700.1.A	6458	6352.5	399.456	2.49407
Gorai.009G121700.1.D	6458	6352.5	154.544	0.96492
Gorai.009G121800.1.A	1380	1274.5	31.2025	0.971031
Gorai.009G121800.1.D	1380	1274.5	53.7975	1.67419
Gorai.009G121900.1.A	1736	1630.5	8	0.194604
Gorai.009G121900.1.D	1736	1630.5	0	0
Gorai.009G122000.1.A	1514	1408.5	96.0781	2.70552
Gorai.009G122000.1.D	1514	1408.5	46.9219	1.3213
Gorai.009G122100.1.A	1773	1667.5	77.8652	1.85209
Gorai.009G122100.1.D	1773	1667.5	12.1348	0.288637
Gorai.009G122200.1.A	2196	2090.5	104.868	1.98965
Gorai.009G122200.1.D	2196	2090.5	73.1318	1.38752
Gorai.009G122300.1.A	1151	1045.5	246.364	9.34623
Gorai.009G122300.1.D	1151	1045.5	126.636	4.80414
Gorai.009G122400.1.A	435	329.583	0	0
Gorai.009G122400.1.D	435	329.583	0	0
Gorai.009G122500.1.A	836	730.505	3.42857	0.186155
Gorai.009G122500.1.D	836	730.505	4.57143	0.248207
Gorai.009G122600.1.A	1868	1762.5	2436.72	54.8353
Gorai.009G122600.1.D	1868	1762.5	6062.28	136.424
Gorai.009G122700.1.A	1583	1477.5	1388.83	37.2824
Gorai.009G122700.1.D	1583	1477.5	784.174	21.0508
Gorai.009G122800.1.A	606	500.551	1	0.0792385
Gorai.009G122800.1.D	606	500.551	1	0.0792385
Gorai.009G122900.1.A	1119	1013.5	178.494	6.98527
Gorai.009G122900.1.D	1119	1013.5	407.506	15.9475
Gorai.009G123000.1.A	970	864.505	38.3406	1.75904
Gorai.009G123000.1.D	970	864.505	247.659	11.3625
Gorai.009G123100.1.A	2157	2051.5	45.3793	0.877345
Gorai.009G123100.1.D	2157	2051.5	1.62069	0.0313337
Gorai.009G123200.1.A	2455	2349.5	20.4255	0.344812
Gorai.009G123200.1.D	2455	2349.5	27.5745	0.465496
Gorai.009G123300.1.A	2604	2498.5	43	0.682611
Gorai.009G123300.1.D	2604	2498.5	0	0
Gorai.009G123400.1.A	1627	1521.5	66.96	1.74553
Gorai.009G123400.1.D	1627	1521.5	149.04	3.88521
Gorai.009G123500.1.A	4871	4765.5	544.381	4.53085
Gorai.009G123500.1.D	4871	4765.5	287.619	2.39383
Gorai.009G123600.1.A	1477	1371.5	12	0.347031
Gorai.009G123600.1.D	1477	1371.5	9	0.260274
Gorai.009G123700.1.A	1223	1117.5	0	0
Gorai.009G123700.1.D	1223	1117.5	0	0
Gorai.009G123800.1.A	1646	1540.5	13.0909	0.337048
Gorai.009G123800.1.D	1646	1540.5	10.9091	0.280873
Gorai.009G123900.1.A	2189	2083.5	242.661	4.61944
Gorai.009G123900.1.D	2189	2083.5	332.339	6.32663
Gorai.009G124000.1.A	1550	1444.5	0	0
Gorai.009G124000.1.D	1550	1444.5	0	0
Gorai.009G124100.1.A	2134	2028.5	111.41	2.17837
Gorai.009G124100.1.D	2134	2028.5	160.59	3.13999
Gorai.009G124200.1.A	2494	2388.5	47.4435	0.787836
Gorai.009G124200.1.D	2494	2388.5	111.556	1.85248
Gorai.009G124300.1.A	1483	1377.5	313.617	9.03006
Gorai.009G124300.1.D	1483	1377.5	518.383	14.926
Gorai.009G124400.1.A	2573	2467.5	593.441	9.53904
Gorai.009G124400.1.D	2573	2467.5	724.537	11.6463
Gorai.009G124500.1.A	1350	1244.5	3.5	0.111547
Gorai.009G124500.1.D	1350	1244.5	3.5	0.111547
Gorai.009G124600.1.A	1214	1108.5	74.6979	2.67273
Gorai.009G124600.1.D	1214	1108.5	26.3021	0.941104
Gorai.009G124700.1.A	1203	1097.5	13	0.46981
Gorai.009G124700.1.D	1203	1097.5	29	1.04804
Gorai.009G124800.1.A	1225	1119.5	37.1875	1.31752
Gorai.009G124800.1.D	1225	1119.5	32.8125	1.16251
Gorai.009G124900.1.A	1623	1517.5	253.186	6.6175
Gorai.009G124900.1.D	1623	1517.5	183.938	4.80758
Gorai.009G125000.1.A	1709	1603.5	215.671	5.33466
Gorai.009G125000.1.D	1709	1603.5	211.329	5.22725
Gorai.009G125100.1.A	865	759.505	0	0
Gorai.009G125100.1.D	865	759.505	4	0.208888
Gorai.009G125200.1.A	3274	3168.5	0	0
Gorai.009G125200.1.D	3274	3168.5	7	0.0876251
Gorai.009G125300.1.A	708	602.505	4	0.26332
Gorai.009G125300.1.D	708	602.505	2	0.13166
Gorai.009G125400.1.A	1973	1867.5	1071.97	22.767
Gorai.009G125400.1.D	1973	1867.5	1139.03	24.1913
Gorai.009G125500.1.A	1588	1482.5	0	0
Gorai.009G125500.1.D	1588	1482.5	16	0.428064
Gorai.009G125600.1.A	2123	2017.5	200.143	3.9347
Gorai.009G125600.1.D	2123	2017.5	152.857	3.00507
Gorai.009G125700.1.A	825	719.505	0	0
Gorai.009G125700.1.D	825	719.505	7	0.385877
Gorai.009G125800.1.A	1960	1854.5	106.111	2.26944
Gorai.009G125800.1.D	1960	1854.5	84.8889	1.81555
Gorai.009G125900.1.A	2039	1933.5	0	0
Gorai.009G125900.1.D	2039	1933.5	0	0
Gorai.009G126000.1.A	894	788.505	10.62	0.534202
Gorai.009G126000.1.D	894	788.505	48.38	2.43359
Gorai.009G126100.1.A	2336	2230.5	73.5248	1.30742
Gorai.009G126100.1.D	2336	2230.5	145.258	2.58298
Gorai.009G126200.1.A	4742	4636.5	497.819	4.25858
Gorai.009G126200.1.D	4742	4636.5	357.399	3.05737
Gorai.009G126300.1.A	1030	924.505	0	0
Gorai.009G126300.1.D	1030	924.505	4	0.171607
Gorai.009G126400.1.A	4849	4743.5	331.353	2.77062
Gorai.009G126400.1.D	4849	4743.5	192.647	1.61082
Gorai.009G126500.1.A	290	184.705	0	0
Gorai.009G126500.1.D	290	184.705	0	0
Gorai.009G126600.1.A	2325	2219.5	397.749	7.10785
Gorai.009G126600.1.D	2325	2219.5	825.008	14.743
Gorai.009G126700.1.A	2346	2240.5	2.13516	0.0377981
Gorai.009G126700.1.D	2346	2240.5	4.10737	0.0727115
Gorai.009G126800.1.A	1485	1379.5	40.0563	1.15168
Gorai.009G126800.1.D	1485	1379.5	38.9437	1.11969
Gorai.009G126900.1.A	2617	2511.5	217.25	3.43091
Gorai.009G126900.1.D	2617	2511.5	352.75	5.57081
Gorai.009G127000.1.A	2503	2397.5	386.786	6.39877
Gorai.009G127000.1.D	2503	2397.5	460.214	7.61351
Gorai.009G127100.1.A	935	829.505	0	0
Gorai.009G127100.1.D	935	829.505	0	0
Gorai.009G127200.1.A	2237	2131.5	12.6667	0.235701
Gorai.009G127200.1.D	2237	2131.5	44.3333	0.824953
Gorai.009G127300.1.A	357	251.63	0.766244	0.120778
Gorai.009G127300.1.D	357	251.63	0.766244	0.120778
Gorai.009G127400.1.A	1168	1062.5	125.547	4.68663
Gorai.009G127400.1.D	1168	1062.5	668.453	24.9531
Gorai.009G127500.1.A	1599	1493.5	0	0
Gorai.009G127500.1.D	1599	1493.5	3	0.0796709
Gorai.009G127600.1.A	1179	1073.5	34.2857	1.26676
Gorai.009G127600.1.D	1179	1073.5	13.7143	0.506704
Gorai.009G127700.1.A	7604	7498.5	117.099	0.61939
Gorai.009G127700.1.D	7604	7498.5	945.901	5.00329
Gorai.009G127800.1.A	1809	1703.5	12199.6	284.045
Gorai.009G127800.1.D	1809	1703.5	2140.41	49.8355
Gorai.009G127900.1.A	1676	1570.5	0	0
Gorai.009G127900.1.D	1676	1570.5	1	0.0252549
Gorai.009G128000.1.A	1625	1519.5	32.5849	0.850549
Gorai.009G128000.1.D	1625	1519.5	23.1256	0.603638
Gorai.009G128100.1.A	1725	1619.5	3.85714	0.0944645
Gorai.009G128100.1.D	1725	1619.5	14.1429	0.34637
Gorai.009G128200.1.A	1456	1350.5	0	0
Gorai.009G128200.1.D	1456	1350.5	2	0.058738
Gorai.009G128300.1.A	1185	1079.5	0	0
Gorai.009G128300.1.D	1185	1079.5	2	0.0734836
Gorai.009G128400.1.A	1597	1491.5	2	0.0531851
Gorai.009G128400.1.D	1597	1491.5	0	0
Gorai.009G128500.1.A	1112	1006.5	15.7143	0.619247
Gorai.009G128500.1.D	1112	1006.5	6.28571	0.247699
Gorai.009G128600.1.A	765	659.505	0	0
Gorai.009G128600.1.D	765	659.505	0	0
Gorai.009G128700.1.A	4463	4357.5	0	0
Gorai.009G128700.1.D	4463	4357.5	15	0.136533
Gorai.009G128800.1.A	4956	4850.5	12.3239	0.100774
Gorai.009G128800.1.D	4956	4850.5	18.4859	0.15116
Gorai.009G128900.1.A	999	893.505	42.5509	1.88885
Gorai.009G128900.1.D	999	893.505	0	0
Gorai.009G129000.1.A	5068	4962.5	14.7838	0.11816
Gorai.009G129000.1.D	5068	4962.5	24.0056	0.191865
Gorai.009G129100.1.A	2566	2460.5	533.269	8.59621
Gorai.009G129100.1.D	2566	2460.5	598.188	9.6427
Gorai.009G129200.1.A	2922	2816.5	1075.08	15.1396
Gorai.009G129200.1.D	2922	2816.5	535.92	7.54699
Gorai.009G129300.1.A	2027	1921.5	2	0.0412832
Gorai.009G129300.1.D	2027	1921.5	1	0.0206416
Gorai.009G129400.1.A	827	721.505	484.635	26.6416
Gorai.009G129400.1.D	827	721.505	375.365	20.6348
Gorai.009G129500.1.A	1574	1468.5	335.732	9.0678
Gorai.009G129500.1.D	1574	1468.5	4551.27	122.926
Gorai.009G129600.1.A	309	203.687	8	1.5578
Gorai.009G129600.1.D	309	203.687	10	1.94725
Gorai.009G129700.1.A	1547	1441.5	31	0.852964
Gorai.009G129700.1.D	1547	1441.5	8	0.22012
Gorai.009G129800.1.A	2059	1953.5	542.837	11.0215
Gorai.009G129800.1.D	2059	1953.5	588.163	11.9418
Gorai.009G129900.1.A	2609	2503.5	119.368	1.89115
Gorai.009G129900.1.D	2609	2503.5	153.632	2.43398
Gorai.009G130000.1.A	494	388.551	1	0.102079
Gorai.009G130000.1.D	494	388.551	1	0.102079
Gorai.009G130100.1.A	1066	960.505	8.90909	0.367891
Gorai.009G130100.1.D	1066	960.505	5.09091	0.210223
Gorai.009G130200.1.A	1737	1631.5	102.679	2.4962
Gorai.009G130200.1.D	1737	1631.5	319.321	7.7629
Gorai.009G130300.1.A	1601	1495.5	24.6641	0.654127
Gorai.009G130300.1.D	1601	1495.5	426.336	11.307
Gorai.009G130400.1.A	868	762.505	2	0.104033
Gorai.009G130400.1.D	868	762.505	0	0
Gorai.009G130500.1.A	1569	1463.5	276.015	7.48037
Gorai.009G130500.1.D	1569	1463.5	889.985	24.1198
Gorai.009G130600.1.A	1215	1109.5	255.038	9.11718
Gorai.009G130600.1.D	1215	1109.5	731.109	26.1359
Gorai.009G130700.1.A	901	795.505	67.028	3.34194
Gorai.009G130700.1.D	901	795.505	258.972	12.912
Gorai.009G130800.1.A	787	681.505	0	0
Gorai.009G130800.1.D	787	681.505	0	0
Gorai.009G130900.1.A	971	865.505	0	0
Gorai.009G130900.1.D	971	865.505	6	0.274958
Gorai.009G131000.1.A	645	539.505	121.538	8.93513
Gorai.009G131000.1.D	645	539.505	104.462	7.67978
Gorai.009G131100.1.A	1244	1138.5	17	0.592242
Gorai.009G131100.1.D	1244	1138.5	8	0.278702
Gorai.009G131200.1.A	855	749.505	36.386	1.9255
Gorai.009G131200.1.D	855	749.505	24.614	1.30255
Gorai.009G131300.1.A	1703	1597.5	39.1606	0.972281
Gorai.009G131300.1.D	1703	1597.5	105.839	2.62779
Gorai.009G131400.1.A	1370	1264.5	4.66667	0.146376
Gorai.009G131400.1.D	1370	1264.5	2.33333	0.0731882
Gorai.009G131500.1.A	603	497.551	0	0
Gorai.009G131500.1.D	603	497.551	0	0
Gorai.009G131600.1.A	2295	2189.5	0	0
Gorai.009G131600.1.D	2295	2189.5	0	0
Gorai.009G131700.1.A	1000	894.505	0	0
Gorai.009G131700.1.D	1000	894.505	0	0
Gorai.009G131800.1.A	994	888.505	0	0
Gorai.009G131800.1.D	994	888.505	0	0
Gorai.009G131900.1.A	1887	1781.5	154.923	3.44916
Gorai.009G131900.1.D	1887	1781.5	205.077	4.56579
Gorai.009G132000.1.A	1600	1494.5	654.525	17.3706
Gorai.009G132000.1.D	1600	1494.5	800.475	21.2439
Gorai.009G132100.1.A	1624	1518.5	11.6667	0.30473
Gorai.009G132100.1.D	1624	1518.5	23.3333	0.609461
Gorai.009G132200.1.A	1215	1109.5	379.273	13.5584
Gorai.009G132200.1.D	1215	1109.5	1259.73	45.0331
Gorai.009G132300.1.A	1025	919.505	16.2581	0.701294
Gorai.009G132300.1.D	1025	919.505	55.7419	2.40443
Gorai.009G132400.1.A	1338	1232.5	104	3.3468
Gorai.009G132400.1.D	1338	1232.5	1	0.0321808
Gorai.009G132500.1.A	3606	3500.5	259.44	2.93961
Gorai.009G132500.1.D	3606	3500.5	343.517	3.89227
Gorai.009G132600.1.A	2809	2703.5	987.538	14.4881
Gorai.009G132600.1.D	2809	2703.5	1126.46	16.5262
Gorai.009G132700.1.A	3071	2965.5	885.154	11.8387
Gorai.009G132700.1.D	3071	2965.5	1091.85	14.6032
Gorai.009G132800.1.A	3347	3241.5	2104.02	25.7447
Gorai.009G132800.1.D	3347	3241.5	2252.14	27.5571
Gorai.009G132900.1.A	2453	2347.5	49.374	0.834213
Gorai.009G132900.1.D	2453	2347.5	104.626	1.76774
Gorai.009G133000.1.A	1363	1257.5	199.229	6.28388
Gorai.009G133000.1.D	1363	1257.5	181.771	5.73323
Gorai.009G133100.1.A	2565	2459.5	159.559	2.57311
Gorai.009G133100.1.D	2565	2459.5	120.441	1.94228
Gorai.009G133200.1.A	1887	1781.5	338.286	7.53151
Gorai.009G133200.1.D	1887	1781.5	278.714	6.20521
Gorai.009G133300.1.A	1660	1554.5	22	0.561327
Gorai.009G133300.1.D	1660	1554.5	0	0
Gorai.009G133400.1.A	900	794.505	2	0.0998432
Gorai.009G133400.1.D	900	794.505	0	0
Gorai.009G133500.1.A	485	379.551	1	0.1045
Gorai.009G133500.1.D	485	379.551	6	0.626997
Gorai.009G133600.1.A	1166	1060.5	8	0.299201
Gorai.009G133600.1.D	1166	1060.5	12	0.448801
Gorai.009G133700.1.A	2365	2259.5	437.204	7.6746
Gorai.009G133700.1.D	2365	2259.5	720.796	12.6527
Gorai.009G133800.1.A	814	708.505	68.3738	3.82765
Gorai.009G133800.1.D	814	708.505	49.6262	2.77813
Gorai.009G133900.1.A	498	392.551	1	0.101039
Gorai.009G133900.1.D	498	392.551	0	0
Gorai.009G134000.1.A	1802	1696.5	360.434	8.42666
Gorai.009G134000.1.D	1802	1696.5	608.566	14.2278
Gorai.009G134100.1.A	660	554.505	41.9077	2.9976
Gorai.009G134100.1.D	660	554.505	235.092	16.8158
Gorai.009G134200.1.A	880	774.505	612.678	31.3757
Gorai.009G134200.1.D	880	774.505	189.84	9.72185
Gorai.009G134300.1.A	1465	1359.5	429.169	12.5208
Gorai.009G134300.1.D	1465	1359.5	88.8306	2.59159
Gorai.009G134400.1.A	1759	1653.5	35.625	0.854544
Gorai.009G134400.1.D	1759	1653.5	9.375	0.22488
Gorai.009G134500.1.A	2192	2086.5	818.084	15.5512
Gorai.009G134500.1.D	2192	2086.5	900.916	17.1258
Gorai.009G134600.1.A	250	145.019	0	0
Gorai.009G134600.1.D	250	145.019	0	0
Gorai.009G134700.1.A	1375	1269.5	678.568	21.2004
Gorai.009G134700.1.D	1375	1269.5	512.432	16.0098
Gorai.009G134800.1.A	2517	2411.5	6.75	0.11102
Gorai.009G134800.1.D	2517	2411.5	20.25	0.333059
Gorai.009G134900.1.A	794	688.505	15.2381	0.877827
Gorai.009G134900.1.D	794	688.505	16.7619	0.965609
Gorai.009G135000.1.A	1261	1155.5	186.582	6.40448
Gorai.009G135000.1.D	1261	1155.5	104.418	3.58416
Gorai.009G135100.1.A	2771	2665.5	2153.88	32.0499
Gorai.009G135100.1.D	2771	2665.5	2405.12	35.7884
Gorai.009G135200.1.A	3735	3629.5	966.508	10.5619
Gorai.009G135200.1.D	3735	3629.5	702.492	7.67678
Gorai.009G135300.1.A	1667	1561.5	40.32	1.02415
Gorai.009G135300.1.D	1667	1561.5	43.68	1.10949
Gorai.009G135400.1.A	1197	1091.5	75.6724	2.74977
Gorai.009G135400.1.D	1197	1091.5	57.3276	2.08316
Gorai.009G135500.1.A	834	728.505	24.2449	1.32
Gorai.009G135500.1.D	834	728.505	29.7551	1.62
Gorai.009G135600.1.A	966	860.505	0	0
Gorai.009G135600.1.D	966	860.505	1	0.0460927
Gorai.009G135700.1.A	2485	2379.5	54.4326	0.907313
Gorai.009G135700.1.D	2485	2379.5	194.567	3.24316
Gorai.009G135800.1.A	1827	1721.5	58.5354	1.34864
Gorai.009G135800.1.D	1827	1721.5	24.8775	0.573171
Gorai.009G135900.1.A	1317	1211.5	38.8235	1.27103
Gorai.009G135900.1.D	1317	1211.5	93.1765	3.05047
Gorai.009G136000.1.A	1732	1626.5	209.866	5.11766
Gorai.009G136000.1.D	1732	1626.5	202.134	4.92912
Gorai.009G136100.1.A	1648	1542.5	55.5545	1.42849
Gorai.009G136100.1.D	1648	1542.5	235.445	6.05409
Gorai.009G136200.1.A	3162	3056.5	893.382	11.593
Gorai.009G136200.1.D	3162	3056.5	1204.62	15.6318
Gorai.009G136300.1.A	2427	2321.5	104.444	1.78443
Gorai.009G136300.1.D	2427	2321.5	115.556	1.97427
Gorai.009G136400.1.A	707	601.505	23.2432	1.53265
Gorai.009G136400.1.D	707	601.505	19.7568	1.30275
Gorai.009G136500.1.A	1101	995.505	0	0
Gorai.009G136500.1.D	1101	995.505	2	0.0796841
Gorai.009G136600.1.A	2579	2473.5	307.968	4.9383
Gorai.009G136600.1.D	2579	2473.5	405.032	6.49473
Gorai.009G136700.1.A	703	597.505	0	0
Gorai.009G136700.1.D	703	597.505	0	0
Gorai.009G136800.1.A	4022	3916.5	121.267	1.22808
Gorai.009G136800.1.D	4022	3916.5	150.733	1.5265
Gorai.009G136900.1.A	612	506.551	5	0.3915
Gorai.009G136900.1.D	612	506.551	4	0.3132
Gorai.009G137000.1.A	1433	1327.5	125.263	3.74259
Gorai.009G137000.1.D	1433	1327.5	14.7368	0.440305
Gorai.009G137100.1.A	3164	3058.5	161.224	2.09077
Gorai.009G137100.1.D	3164	3058.5	233.776	3.03162
Gorai.009G137200.1.A	5215	5109.5	96.283	0.747405
Gorai.009G137200.1.D	5215	5109.5	155.717	1.20877
Gorai.009G137300.1.A	1946	1840.5	9	0.19395
Gorai.009G137300.1.D	1946	1840.5	7	0.15085
Gorai.009G137400.1.A	820	714.505	0	0
Gorai.009G137400.1.D	820	714.505	0	0
Gorai.009G137500.1.A	2361	2255.5	507.609	8.92628
Gorai.009G137500.1.D	2361	2255.5	221.391	3.89315
Gorai.009G137600.1.A	1390	1284.5	990.316	30.579
Gorai.009G137600.1.D	1390	1284.5	1981.68	61.1904
Gorai.009G137700.1.A	1967	1861.5	1.11765	0.0238136
Gorai.009G137700.1.D	1967	1861.5	36.8824	0.78585
Gorai.009G137800.1.A	2491	2385.5	0	0
Gorai.009G137800.1.D	2491	2385.5	1	0.0166266
Gorai.009G137900.1.A	1156	1050.5	1	0.0377561
Gorai.009G137900.1.D	1156	1050.5	0	0
Gorai.009G138000.1.A	889	783.505	18	0.911204
Gorai.009G138000.1.D	889	783.505	0	0
Gorai.009G138100.1.A	1965	1859.5	680.796	14.5213
Gorai.009G138100.1.D	1965	1859.5	419.204	8.94155
Gorai.009G138200.1.A	1218	1112.5	2.09219	0.0745906
Gorai.009G138200.1.D	1218	1112.5	8235.91	293.626
Gorai.009G138300.1.A	1371	1265.5	3.30131	0.103468
Gorai.009G138300.1.D	1371	1265.5	248.699	7.79461
Gorai.009G138400.1.A	840	734.505	0	0
Gorai.009G138400.1.D	840	734.505	0	0
Gorai.009G138500.1.A	512	406.551	0	0
Gorai.009G138500.1.D	512	406.551	0	0
Gorai.009G138600.1.A	3194	3088.5	12	0.154105
Gorai.009G138600.1.D	3194	3088.5	19	0.244
Gorai.009G138700.1.A	681	575.505	0	0
Gorai.009G138700.1.D	681	575.505	0	0
Gorai.009G138800.1.A	3614	3508.5	0	0
Gorai.009G138800.1.D	3614	3508.5	3	0.0339144
Gorai.009G138900.1.A	2096	1990.5	1	0.0199261
Gorai.009G138900.1.D	2096	1990.5	4	0.0797043
Gorai.009G139000.1.A	944	838.505	1987.23	93.9998
Gorai.009G139000.1.D	944	838.505	1576.77	74.5845
Gorai.009G139100.1.A	1420	1314.5	85.4512	2.57835
Gorai.009G139100.1.D	1420	1314.5	5.54878	0.167425
Gorai.009G139200.1.A	890	784.505	1434.05	72.5027
Gorai.009G139200.1.D	890	784.505	1048.41	53.0054
Gorai.009G139300.1.A	3024	2918.5	284.132	3.86139
Gorai.009G139300.1.D	3024	2918.5	264.868	3.5996
Gorai.009G139400.1.A	1490	1384.5	9	0.25783
Gorai.009G139400.1.D	1490	1384.5	0	0
Gorai.009G139500.1.A	477	371.551	2	0.213499
Gorai.009G139500.1.D	477	371.551	1	0.10675
Gorai.009G139600.1.A	309	203.687	1	0.194725
Gorai.009G139600.1.D	309	203.687	0	0
Gorai.009G139700.1.A	4408	4302.5	161.596	1.48969
Gorai.009G139700.1.D	4408	4302.5	143.404	1.32198
Gorai.009G139800.1.A	1240	1134.5	2	0.0699212
Gorai.009G139800.1.D	1240	1134.5	5	0.174803
Gorai.009G139900.1.A	2589	2483.5	315.047	5.03147
Gorai.009G139900.1.D	2589	2483.5	273.953	4.37519
Gorai.009G140000.1.A	708	602.505	3.75	0.246863
Gorai.009G140000.1.D	708	602.505	1.25	0.0822876
Gorai.009G140100.1.A	1615	1509.5	11.6471	0.306032
Gorai.009G140100.1.D	1615	1509.5	6.35294	0.166926
Gorai.009G140200.1.A	1260	1154.5	21.7222	0.746266
Gorai.009G140200.1.D	1260	1154.5	1.27778	0.043898
Gorai.009G140300.1.A	777	671.505	0	0
Gorai.009G140300.1.D	777	671.505	0	0
Gorai.009G140400.1.A	1087	981.505	0.5	0.0202052
Gorai.009G140400.1.D	1087	981.505	0.5	0.0202052
Gorai.009G140500.1.A	2588	2482.5	3.27778	0.052369
Gorai.009G140500.1.D	2588	2482.5	55.7222	0.890273
Gorai.009G140600.1.A	1647	1541.5	63.1818	1.62567
Gorai.009G140600.1.D	1647	1541.5	75.8182	1.9508
Gorai.009G140700.1.A	1952	1846.5	204.01	4.38213
Gorai.009G140700.1.D	1952	1846.5	258.655	5.55592
Gorai.009G140800.1.A	3468	3362.5	4425.85	52.2058
Gorai.009G140800.1.D	3468	3362.5	1053.67	12.4287
Gorai.009G140900.1.A	2540	2434.5	52.9521	0.862695
Gorai.009G140900.1.D	2540	2434.5	4298.97	70.0388
Gorai.009G141000.1.A	934	828.505	12.6296	0.604617
Gorai.009G141000.1.D	934	828.505	0	0
Gorai.009G141100.1.A	1226	1120.5	13.1633	0.465948
Gorai.009G141100.1.D	1226	1120.5	17.5511	0.621264
Gorai.009G141200.1.A	2453	2347.5	107.625	1.81841
Gorai.009G141200.1.D	2453	2347.5	179.375	3.03068
Gorai.009G141300.1.A	2596	2490.5	46.408	0.739079
Gorai.009G141300.1.D	2596	2490.5	684.519	10.9014
Gorai.009G141400.1.A	584	478.551	0	0
Gorai.009G141400.1.D	584	478.551	3	0.248644
Gorai.009G141500.1.A	1629	1523.5	108.921	2.83566
Gorai.009G141500.1.D	1629	1523.5	152.079	3.95922
Gorai.009G141600.1.A	987	881.505	146.707	6.60102
Gorai.009G141600.1.D	987	881.505	188.293	8.47217
Gorai.009G141700.1.A	2202	2096.5	305.616	5.78183
Gorai.009G141700.1.D	2202	2096.5	217.384	4.1126
Gorai.009G141800.1.A	1014	908.505	29985.3	1309.08
Gorai.009G141800.1.D	1014	908.505	37571.7	1640.28
Gorai.009G141900.1.A	3681	3575.5	3003.22	33.3146
Gorai.009G141900.1.D	3681	3575.5	1262.78	14.008
Gorai.009G142000.1.A	2229	2123.5	487.16	9.09921
Gorai.009G142000.1.D	2229	2123.5	2318.84	43.3114
Gorai.009G142100.1.A	3373	3267.5	1999	24.2651
Gorai.009G142100.1.D	3373	3267.5	1264.6	15.3505
Gorai.009G142200.1.A	1475	1369.5	334.977	9.70145
Gorai.009G142200.1.D	1475	1369.5	379.023	10.9771
Gorai.009G142300.1.A	1688	1582.5	63.6667	1.5957
Gorai.009G142300.1.D	1688	1582.5	127.333	3.19141
Gorai.009G142400.1.A	772	666.505	0	0
Gorai.009G142400.1.D	772	666.505	0	0
Gorai.009G142500.1.A	4374	4268.5	420.202	3.90452
Gorai.009G142500.1.D	4374	4268.5	362.798	3.37112
Gorai.009G142600.1.A	2251	2145.5	401.364	7.41983
Gorai.009G142600.1.D	2251	2145.5	264.636	4.8922
Gorai.009G142700.1.A	1515	1409.5	73.7308	2.07476
Gorai.009G142700.1.D	1515	1409.5	139.269	3.91898
Gorai.009G142800.1.A	2158	2052.5	3634.92	70.2419
Gorai.009G142800.1.D	2158	2052.5	2470.08	47.7321
Gorai.009G142900.1.A	2048	1942.5	71.5	1.45992
Gorai.009G142900.1.D	2048	1942.5	214.5	4.37976
Gorai.009G143000.1.A	1429	1323.5	87.7849	2.63075
Gorai.009G143000.1.D	1429	1323.5	69.2151	2.07424
Gorai.009G143100.1.A	1735	1629.5	1448.06	35.2464
Gorai.009G143100.1.D	1735	1629.5	1613.69	39.2781
Gorai.009G143200.1.A	1448	1342.5	81.8443	2.41801
Gorai.009G143200.1.D	1448	1342.5	122.156	3.60897
Gorai.009G143300.1.A	2845	2739.5	617.356	8.93817
Gorai.009G143300.1.D	2845	2739.5	885.455	12.8197
Gorai.009G143400.1.A	3094	2988.5	3.9375	0.0522578
Gorai.009G143400.1.D	3094	2988.5	17.0625	0.226451
Gorai.009G143500.1.A	815	709.505	4	0.223609
Gorai.009G143500.1.D	815	709.505	0	0
Gorai.009G143600.1.A	726	620.505	0	0
Gorai.009G143600.1.D	726	620.505	0	0
Gorai.009G143700.1.A	1209	1103.5	44.6333	1.60424
Gorai.009G143700.1.D	1209	1103.5	58.3667	2.09786
Gorai.009G143800.1.A	1421	1315.5	7.76471	0.234109
Gorai.009G143800.1.D	1421	1315.5	36.2353	1.09251
Gorai.009G143900.1.A	2968	2862.5	532.777	7.38218
Gorai.009G143900.1.D	2968	2862.5	1388.22	19.2352
Gorai.009G144000.1.A	2151	2045.5	487.421	9.45124
Gorai.009G144000.1.D	2151	2045.5	184.579	3.57904
Gorai.009G144100.1.A	3576	3470.5	433.475	4.954
Gorai.009G144100.1.D	3576	3470.5	109.382	1.25008
Gorai.009G144200.1.A	1012	906.505	6	0.262522
Gorai.009G144200.1.D	1012	906.505	2	0.0875074
Gorai.009G144300.1.A	718	612.505	3	0.194266
Gorai.009G144300.1.D	718	612.505	1	0.0647553
Gorai.009G144400.1.A	1169	1063.5	111.692	4.16552
Gorai.009G144400.1.D	1169	1063.5	108.308	4.03929
Gorai.009G144500.1.A	1732	1626.5	0	0
Gorai.009G144500.1.D	1732	1626.5	0	0
Gorai.009G144600.1.A	908	802.505	1	0.0494239
Gorai.009G144600.1.D	908	802.505	3	0.148272
Gorai.009G144700.1.A	1200	1094.5	11.7333	0.425196
Gorai.009G144700.1.D	1200	1094.5	4.26667	0.154617
Gorai.009G144800.1.A	1164	1058.5	305.087	11.4318
Gorai.009G144800.1.D	1164	1058.5	368.913	13.8234
Gorai.009G144900.1.A	5142	5036.5	1348.1	10.6164
Gorai.009G144900.1.D	5142	5036.5	953.534	7.50917
Gorai.009G145000.1.A	1223	1117.5	510.864	18.1318
Gorai.009G145000.1.D	1223	1117.5	354.136	12.5691
Gorai.009G145100.1.A	4988	4882.5	501.742	4.07589
Gorai.009G145100.1.D	4988	4882.5	407.258	3.30835
Gorai.009G145200.1.A	1190	1084.5	53.2958	1.94915
Gorai.009G145200.1.D	1190	1084.5	122.704	4.48759
Gorai.009G145300.1.A	1758	1652.5	1616.82	38.8064
Gorai.009G145300.1.D	1758	1652.5	932.704	22.3865
Gorai.009G145400.1.A	1766	1660.5	12	0.286633
Gorai.009G145400.1.D	1766	1660.5	5	0.11943
Gorai.009G145500.1.A	2903	2797.5	67.3019	0.954204
Gorai.009G145500.1.D	2903	2797.5	178.698	2.53358
Gorai.009G145600.1.A	2170	2064.5	202.891	3.89791
Gorai.009G145600.1.D	2170	2064.5	70.136	1.34744
Gorai.009G145700.1.A	1745	1639.5	145.294	3.51497
Gorai.009G145700.1.D	1745	1639.5	183.706	4.44421
Gorai.009G145800.1.A	1450	1344.5	0	0
Gorai.009G145800.1.D	1450	1344.5	0	0
Gorai.009G145900.1.A	3231	3125.5	316.547	4.01701
Gorai.009G145900.1.D	3231	3125.5	287.453	3.6478
Gorai.009G146000.1.A	2799	2693.5	566.859	8.34723
Gorai.009G146000.1.D	2799	2693.5	508.141	7.48258
Gorai.009G146100.1.A	1034	928.505	656.64	28.0497
Gorai.009G146100.1.D	1034	928.505	15.36	0.656133
Gorai.009G146200.1.A	1658	1552.5	0	0
Gorai.009G146200.1.D	1658	1552.5	0	0
Gorai.009G146300.1.A	2946	2840.5	100.853	1.40825
Gorai.009G146300.1.D	2946	2840.5	123.147	1.71954
Gorai.009G146400.1.A	1397	1291.5	183.523	5.6361
Gorai.009G146400.1.D	1397	1291.5	107.477	3.3007
Gorai.009G146500.1.A	1278	1172.5	37.2	1.25838
Gorai.009G146500.1.D	1278	1172.5	16.8	0.568303
Gorai.009G146600.1.A	994	888.505	3.75	0.1674
Gorai.009G146600.1.D	994	888.505	6.25	0.279001
Gorai.009G146700.1.A	1337	1231.5	1	0.0322069
Gorai.009G146700.1.D	1337	1231.5	6	0.193241
Gorai.009G146800.1.A	2192	2086.5	721.524	13.7156
Gorai.009G146800.1.D	2192	2086.5	563.476	10.7113
Gorai.009G146900.1.A	1738	1632.5	0	0
Gorai.009G146900.1.D	1738	1632.5	0	0
Gorai.009G147000.1.A	1234	1128.5	0	0
Gorai.009G147000.1.D	1234	1128.5	0	0
Gorai.009G147100.1.A	1455	1349.5	0	0
Gorai.009G147100.1.D	1455	1349.5	2	0.0587815
Gorai.009G147200.1.A	1138	1032.5	0.5	0.0192071
Gorai.009G147200.1.D	1138	1032.5	0.5	0.0192071
Gorai.009G147300.1.A	2388	2282.5	53.4412	0.928644
Gorai.009G147300.1.D	2388	2282.5	499.559	8.6808
Gorai.009G147400.1.A	3505	3399.5	83.5221	0.974475
Gorai.009G147400.1.D	3505	3399.5	59.4779	0.693944
Gorai.009G147500.1.A	1630	1524.5	14	0.364237
Gorai.009G147500.1.D	1630	1524.5	90.7071	2.35992
Gorai.009G147600.1.A	710	604.505	1	0.0656123
Gorai.009G147600.1.D	710	604.505	0	0
Gorai.009G147700.1.A	2179	2073.5	1837.65	35.1514
Gorai.009G147700.1.D	2179	2073.5	833.352	15.9407
Gorai.009G147800.1.A	2119	2013.5	393.489	7.75112
Gorai.009G147800.1.D	2119	2013.5	17.5113	0.344945
Gorai.009G147900.1.A	2015	1909.5	69.5455	1.44455
Gorai.009G147900.1.D	2015	1909.5	15.4545	0.321011
Gorai.009G148000.1.A	2708	2602.5	233.673	3.56124
Gorai.009G148000.1.D	2708	2602.5	212.327	3.23593
Gorai.009G148100.1.A	1941	1835.5	148.198	3.20237
Gorai.009G148100.1.D	1941	1835.5	198.802	4.29586
Gorai.009G148200.1.A	381	275.583	5.15556	0.742007
Gorai.009G148200.1.D	381	275.583	52.8444	7.60557
Gorai.009G148300.1.A	2256	2150.5	66.15	1.22004
Gorai.009G148300.1.D	2256	2150.5	38.85	0.716532
Gorai.009G148400.1.A	1628	1522.5	1226.84	31.9604
Gorai.009G148400.1.D	1628	1522.5	1623.27	42.288
Gorai.009G148500.1.A	2623	2517.5	80.4737	1.26785
Gorai.009G148500.1.D	2623	2517.5	58.5263	0.922074
Gorai.009G148600.1.A	988	882.505	0	0
Gorai.009G148600.1.D	988	882.505	6	0.269662
Gorai.009G148700.1.A	2082	1976.5	241.834	4.85294
Gorai.009G148700.1.D	2082	1976.5	152.166	3.05354
Gorai.009G148800.1.A	2217	2111.5	9.375	0.176102
Gorai.009G148800.1.D	2217	2111.5	15.625	0.293503
Gorai.009G148900.1.A	1305	1199.5	36	1.19038
Gorai.009G148900.1.D	1305	1199.5	52	1.71944
Gorai.009G149000.1.A	1195	1089.5	2	0.0728091
Gorai.009G149000.1.D	1195	1089.5	1	0.0364046
Gorai.009G149100.1.A	1776	1670.5	3	0.0712293
Gorai.009G149100.1.D	1776	1670.5	0	0
Gorai.009G149200.1.A	1664	1558.5	50.375	1.28201
Gorai.009G149200.1.D	1664	1558.5	14.625	0.372197
Gorai.009G149300.1.A	932	826.505	77.8437	3.73562
Gorai.009G149300.1.D	932	826.505	302.156	14.5001
Gorai.009G149400.1.A	2295	2189.5	87.5745	1.58641
Gorai.009G149400.1.D	2295	2189.5	59.4255	1.0765
Gorai.009G149500.1.A	1525	1419.5	264.527	7.39125
Gorai.009G149500.1.D	1525	1419.5	110.473	3.08677
Gorai.009G149600.1.A	2700	2594.5	127.658	1.95154
Gorai.009G149600.1.D	2700	2594.5	215.342	3.292
Gorai.009G149700.1.A	879	773.505	0	0
Gorai.009G149700.1.D	879	773.505	0	0
Gorai.009G149800.1.A	1131	1025.5	139.006	5.37625
Gorai.009G149800.1.D	1131	1025.5	51.9944	2.01096
Gorai.009G149900.1.A	1264	1158.5	11	0.3766
Gorai.009G149900.1.D	1264	1158.5	10	0.342363
Gorai.009G150000.1.A	1294	1188.5	0	0
Gorai.009G150000.1.D	1294	1188.5	0	0
Gorai.009G150100.1.A	1331	1225.5	716.717	23.1962
Gorai.009G150100.1.D	1331	1225.5	592.616	19.1798
Gorai.009G150200.1.A	1491	1385.5	13.5	0.386465
Gorai.009G150200.1.D	1491	1385.5	4.5	0.128822
Gorai.009G150300.1.A	3561	3455.5	9.2	0.105599
Gorai.009G150300.1.D	3561	3455.5	13.8	0.158399
Gorai.009G150400.1.A	736	630.505	4.94118	0.310833
Gorai.009G150400.1.D	736	630.505	16.0588	1.01021
Gorai.009G150500.1.A	2422	2316.5	178.526	3.0567
Gorai.009G150500.1.D	2422	2316.5	176.474	3.02157
Gorai.009G150600.1.A	410	304.583	0	0
Gorai.009G150600.1.D	410	304.583	0	0
Gorai.009G150700.1.A	2382	2276.5	630.442	10.984
Gorai.009G150700.1.D	2382	2276.5	671.558	11.7004
Gorai.009G150800.1.A	2034	1928.5	100.132	2.05938
Gorai.009G150800.1.D	2034	1928.5	21.8679	0.449751
Gorai.009G150900.1.A	1471	1365.5	941.441	27.3454
Gorai.009G150900.1.D	1471	1365.5	396.559	11.5186
Gorai.009G151000.1.A	1310	1204.5	0	0
Gorai.009G151000.1.D	1310	1204.5	0	0
Gorai.009G151100.1.A	1388	1282.5	0	0
Gorai.009G151100.1.D	1388	1282.5	2	0.0618523
Gorai.009G151200.1.A	1544	1438.5	79.4745	2.1913
Gorai.009G151200.1.D	1544	1438.5	161.044	4.44035
Gorai.009G151300.1.A	2042	1936.5	97.9347	2.00587
Gorai.009G151300.1.D	2042	1936.5	99.5473	2.0389
Gorai.009G151400.1.A	669	563.505	0	0
Gorai.009G151400.1.D	669	563.505	1	0.0703862
Gorai.009G151500.1.A	1439	1333.5	2.26667	0.0674183
Gorai.009G151500.1.D	1439	1333.5	14.7333	0.438219
Gorai.009G151600.1.A	2799	2693.5	19.4211	0.285983
Gorai.009G151600.1.D	2799	2693.5	21.5789	0.317759
Gorai.009G151700.1.A	595	489.551	10	0.81019
Gorai.009G151700.1.D	595	489.551	2	0.162038
Gorai.009G151800.1.A	1647	1541.5	165.127	4.24873
Gorai.009G151800.1.D	1647	1541.5	236.873	6.09473
Gorai.009G151900.1.A	3642	3536.5	3.01843	0.0338526
Gorai.009G151900.1.D	3642	3536.5	5.45003	0.0611237
Gorai.009G152000.1.A	2725	2619.5	30.8618	0.46729
Gorai.009G152000.1.D	2725	2619.5	75.6698	1.14575
Gorai.009G152100.1.A	1522	1416.5	562.584	15.7527
Gorai.009G152100.1.D	1522	1416.5	1610.42	45.0926
Gorai.009G152200.1.A	2467	2361.5	472.388	7.93405
Gorai.009G152200.1.D	2467	2361.5	723.612	12.1535
Gorai.009G152300.1.A	1380	1274.5	121.457	3.77976
Gorai.009G152300.1.D	1380	1274.5	584.331	18.1845
Gorai.009G152400.1.A	1581	1475.5	1	0.0268809
Gorai.009G152400.1.D	1581	1475.5	0	0
Gorai.009G152500.1.A	2747	2641.5	1570.69	23.5844
Gorai.009G152500.1.D	2747	2641.5	4771.31	71.6425
Gorai.009G152600.1.A	2304	2198.5	34.5	0.62241
Gorai.009G152600.1.D	2304	2198.5	80.5	1.45229
Gorai.009G152700.1.A	3930	3824.5	63.0337	0.653706
Gorai.009G152700.1.D	3930	3824.5	46.9663	0.487075
Gorai.009G152800.1.A	2323	2217.5	59.869	1.07084
Gorai.009G152800.1.D	2323	2217.5	47.131	0.842998
Gorai.009G152900.1.A	1890	1784.5	216.844	4.81963
Gorai.009G152900.1.D	1890	1784.5	40.1562	0.892525
Gorai.009G153000.1.A	2101	1995.5	63.8298	1.26869
Gorai.009G153000.1.D	2101	1995.5	36.1702	0.718924
Gorai.009G153100.1.A	702	596.505	0	0
Gorai.009G153100.1.D	702	596.505	0	0
Gorai.009G153200.1.A	428	322.583	0	0
Gorai.009G153200.1.D	428	322.583	0	0
Gorai.009G153300.1.A	225	120.599	0	0
Gorai.009G153300.1.D	225	120.599	0	0
Gorai.009G153400.1.A	2129	2023.5	1020.8	20.0089
Gorai.009G153400.1.D	2129	2023.5	769.197	15.0771
Gorai.009G153500.1.A	495	389.551	0	0
Gorai.009G153500.1.D	495	389.551	0	0
Gorai.009G153600.1.A	285	179.772	1.5	0.330945
Gorai.009G153600.1.D	285	179.772	1.5	0.330945
Gorai.009G153700.1.A	1910	1804.5	24.3571	0.535369
Gorai.009G153700.1.D	1910	1804.5	6.64286	0.14601
Gorai.009G153800.1.A	1246	1140.5	320.696	11.1527
Gorai.009G153800.1.D	1246	1140.5	157.304	5.47049
Gorai.009G153900.1.A	2457	2351.5	293.757	4.95482
Gorai.009G153900.1.D	2457	2351.5	595.111	10.0378
Gorai.009G154000.1.A	2209	2103.5	964.432	18.185
Gorai.009G154000.1.D	2209	2103.5	2593.57	48.9034
Gorai.009G154100.1.A	849	743.505	0	0
Gorai.009G154100.1.D	849	743.505	0	0
Gorai.009G154200.1.A	1375	1269.5	1977.51	61.783
Gorai.009G154200.1.D	1375	1269.5	1336.73	41.7634
Gorai.009G154300.1.A	815	709.505	2	0.111805
Gorai.009G154300.1.D	815	709.505	0	0
Gorai.009G154400.1.A	1364	1258.5	60.873	1.91847
Gorai.009G154400.1.D	1364	1258.5	134.127	4.22714
Gorai.009G154500.1.A	1743	1637.5	683.013	16.5437
Gorai.009G154500.1.D	1743	1637.5	484.987	11.7471
Gorai.009G154600.1.A	1818	1712.5	0	0
Gorai.009G154600.1.D	1818	1712.5	2	0.0463216
Gorai.009G154700.1.A	436	330.583	0	0
Gorai.009G154700.1.D	436	330.583	0	0
Gorai.009G154800.1.A	1720	1614.5	0	0
Gorai.009G154800.1.D	1720	1614.5	0	0
Gorai.009G154900.1.A	1270	1164.5	66.5789	2.26767
Gorai.009G154900.1.D	1270	1164.5	2.42105	0.0824609
Gorai.009G155000.1.A	423	317.583	0	0
Gorai.009G155000.1.D	423	317.583	1	0.12489
Gorai.009G155100.1.A	2836	2730.5	1085.01	15.7608
Gorai.009G155100.1.D	2836	2730.5	1091.28	15.8517
Gorai.009G155200.1.A	3797	3691.5	1.40901	0.0151389
Gorai.009G155200.1.D	3797	3691.5	69.3022	0.74461
Gorai.009G155300.1.A	890	784.505	84.0578	4.24979
Gorai.009G155300.1.D	890	784.505	281.152	14.2145
Gorai.009G155400.1.A	1390	1284.5	65.8689	2.0339
Gorai.009G155400.1.D	1390	1284.5	180.131	5.56209
Gorai.009G155500.1.A	2252	2146.5	202.626	3.7441
Gorai.009G155500.1.D	2252	2146.5	200.374	3.7025
Gorai.009G155600.1.A	1371	1265.5	0	0
Gorai.009G155600.1.D	1371	1265.5	0	0
Gorai.009G155700.1.A	397	291.583	0	0
Gorai.009G155700.1.D	397	291.583	0	0
Gorai.009G155800.1.A	1746	1640.5	3.5	0.0846205
Gorai.009G155800.1.D	1746	1640.5	3.5	0.0846205
Gorai.009G155900.1.A	1316	1210.5	88.0741	2.8858
Gorai.009G155900.1.D	1316	1210.5	85.9259	2.81542
Gorai.009G156000.1.A	312	206.649	0	0
Gorai.009G156000.1.D	312	206.649	0	0
Gorai.009G156100.1.A	807	701.505	4	0.226159
Gorai.009G156100.1.D	807	701.505	1	0.0565398
Gorai.009G156200.1.A	675	569.505	5.17647	0.360513
Gorai.009G156200.1.D	675	569.505	16.8235	1.17167
Gorai.009G156300.1.A	2586	2480.5	12.7059	0.203165
Gorai.009G156300.1.D	2586	2480.5	5.29412	0.0846522
Gorai.009G156400.1.A	2153	2047.5	2100.13	40.6823
Gorai.009G156400.1.D	2153	2047.5	1349.8	26.1475
Gorai.009G156500.1.A	303	197.687	2	0.40127
Gorai.009G156500.1.D	303	197.687	1	0.200635
Gorai.009G156600.1.A	1612	1506.5	1.04762	0.0275815
Gorai.009G156600.1.D	1612	1506.5	262.952	6.92296
Gorai.009G156700.1.A	726	620.505	348.561	22.2802
Gorai.009G156700.1.D	726	620.505	304.439	19.4599
Gorai.009G156800.1.A	240	135.211	103.5	30.3609
Gorai.009G156800.1.D	240	135.211	103.5	30.3609
Gorai.009G156900.1.A	1814	1708.5	22.9744	0.53335
Gorai.009G156900.1.D	1814	1708.5	33.0256	0.76669
Gorai.009G157000.1.A	1740	1634.5	4.4	0.106771
Gorai.009G157000.1.D	1740	1634.5	6.6	0.160156
Gorai.009G157100.1.A	438	332.583	0	0
Gorai.009G157100.1.D	438	332.583	0	0
Gorai.009G157200.1.A	2747	2641.5	676.187	10.1531
Gorai.009G157200.1.D	2747	2641.5	6160.81	92.5064
Gorai.009G157300.1.A	1622	1516.5	0	0
Gorai.009G157300.1.D	1622	1516.5	0	0
Gorai.009G157400.1.A	3172	3066.5	664.145	8.59021
Gorai.009G157400.1.D	3172	3066.5	952.855	12.3245
Gorai.009G157500.1.A	472	366.551	2	0.216411
Gorai.009G157500.1.D	472	366.551	2	0.216411
Gorai.009G157600.1.A	2197	2091.5	35.6557	0.676169
Gorai.009G157600.1.D	2197	2091.5	39.3443	0.746118
Gorai.009G157700.1.A	1535	1429.5	3	0.0832378
Gorai.009G157700.1.D	1535	1429.5	3	0.0832378
Gorai.009G157800.1.A	3802	3696.5	102.247	1.0971
Gorai.009G157800.1.D	3802	3696.5	97.7528	1.04887
Gorai.009G157900.1.A	2885	2779.5	260.728	3.72053
Gorai.009G157900.1.D	2885	2779.5	150.272	2.14435
Gorai.009G158000.1.A	841	735.505	1538.44	82.9622
Gorai.009G158000.1.D	841	735.505	1996.56	107.667
Gorai.009G158100.1.A	1035	929.505	63.8462	2.72438
Gorai.009G158100.1.D	1035	929.505	19.1538	0.817315
Gorai.009G158200.1.A	1416	1310.5	0	0
Gorai.009G158200.1.D	1416	1310.5	15	0.453981
Gorai.009G158300.1.A	1664	1558.5	24.9219	0.634246
Gorai.009G158300.1.D	1664	1558.5	120.078	3.05591
Gorai.009G158400.1.A	1104	998.505	2	0.0794447
Gorai.009G158400.1.D	1104	998.505	2	0.0794447
Gorai.009G158500.1.A	960	854.505	190.304	8.83321
Gorai.009G158500.1.D	960	854.505	122.696	5.69509
Gorai.009G158600.1.A	2209	2103.5	318.3	6.00176
Gorai.009G158600.1.D	2209	2103.5	462.7	8.7245
Gorai.009G158700.1.A	1191	1085.5	5	0.182694
Gorai.009G158700.1.D	1191	1085.5	0	0
Gorai.009G158800.1.A	472	366.551	0	0
Gorai.009G158800.1.D	472	366.551	0	0
Gorai.009G158900.1.A	1289	1183.5	42.4863	1.42385
Gorai.009G158900.1.D	1289	1183.5	85.2565	2.85721
Gorai.009G159000.1.A	3176	3070.5	107.338	1.38652
Gorai.009G159000.1.D	3176	3070.5	169.662	2.1916
Gorai.009G159100.1.A	1055	949.505	68	2.84051
Gorai.009G159100.1.D	1055	949.505	78	3.25824
Gorai.009G159200.1.A	1476	1370.5	26.0114	0.75278
Gorai.009G159200.1.D	1476	1370.5	388.989	11.2575
Gorai.009G159300.1.A	2485	2379.5	59.6604	0.994453
Gorai.009G159300.1.D	2485	2379.5	64.3396	1.07245
Gorai.009G159400.1.A	3271	3165.5	23.3545	0.292626
Gorai.009G159400.1.D	3271	3165.5	11.7002	0.146601
Gorai.009G159500.1.A	3433	3327.5	11.6981	0.139438
Gorai.009G159500.1.D	3433	3327.5	105.906	1.26238
Gorai.009G159600.1.A	2343	2237.5	1.55189	0.0275095
Gorai.009G159600.1.D	2343	2237.5	58.7888	1.04211
Gorai.009G159700.1.A	477	371.551	1	0.10675
Gorai.009G159700.1.D	477	371.551	2	0.213499
Gorai.009G159800.1.A	3077	2971.5	25.1667	0.335919
Gorai.009G159800.1.D	3077	2971.5	125.833	1.67959
Gorai.009G159900.1.A	497	391.551	0	0
Gorai.009G159900.1.D	497	391.551	0	0
Gorai.009G160000.1.A	742	636.505	0	0
Gorai.009G160000.1.D	742	636.505	0	0
Gorai.009G160100.1.A	1174	1068.5	244.556	9.07791
Gorai.009G160100.1.D	1174	1068.5	252.444	9.37075
Gorai.009G160200.1.A	1851	1745.5	1696.74	38.5548
Gorai.009G160200.1.D	1851	1745.5	2960.26	67.2658
Gorai.009G160300.1.A	2443	2337.5	45.7308	0.775963
Gorai.009G160300.1.D	2443	2337.5	12.2692	0.208185
Gorai.009G160400.1.A	3633	3527.5	909.056	10.2213
Gorai.009G160400.1.D	3633	3527.5	1262.94	14.2004
Gorai.009G160500.1.A	760	654.505	0	0
Gorai.009G160500.1.D	760	654.505	0	0
Gorai.009G160600.1.A	228	123.486	0	0
Gorai.009G160600.1.D	228	123.486	1	0.321194
Gorai.009G160700.1.A	1101	995.505	1000.7	39.8697
Gorai.009G160700.1.D	1101	995.505	2032.3	80.9712
Gorai.009G160800.1.A	1420	1314.5	0	0
Gorai.009G160800.1.D	1420	1314.5	4	0.120693
Gorai.009G160900.1.A	698	592.505	1	0.0669411
Gorai.009G160900.1.D	698	592.505	0	0
Gorai.009G161000.1.A	834	728.505	0	0
Gorai.009G161000.1.D	834	728.505	0	0
Gorai.009G161100.1.A	1629	1523.5	3.6	0.0937224
Gorai.009G161100.1.D	1629	1523.5	2.4	0.0624816
Gorai.009G161200.1.A	5737	5631.5	1393.73	9.8161
Gorai.009G161200.1.D	5737	5631.5	1630.44	11.4833
Gorai.009G161300.1.A	1139	1033.5	330.457	12.682
Gorai.009G161300.1.D	1139	1033.5	453.543	17.4057
Gorai.009G161400.1.A	1893	1787.5	2.25217	0.0499734
Gorai.009G161400.1.D	1893	1787.5	42.4036	0.940894
Gorai.009G161500.1.A	2615	2509.5	18.1005	0.286079
Gorai.009G161500.1.D	2615	2509.5	31.2437	0.49381
Gorai.009G161600.1.A	1954	1848.5	1.30435	0.0279871
Gorai.009G161600.1.D	1954	1848.5	28.6957	0.615716
Gorai.009G161700.1.A	753	647.505	0	0
Gorai.009G161700.1.D	753	647.505	0	0
Gorai.009G161800.1.A	2215	2109.5	10	0.18802
Gorai.009G161800.1.D	2215	2109.5	3	0.056406
Gorai.009G161900.1.A	2432	2326.5	6	0.10229
Gorai.009G161900.1.D	2432	2326.5	0	0
Gorai.009G162000.1.A	555	449.551	0	0
Gorai.009G162000.1.D	555	449.551	1	0.0882278
Gorai.009G162100.1.A	645	539.505	0	0
Gorai.009G162100.1.D	645	539.505	0	0
Gorai.009G162200.1.A	310	204.687	0	0
Gorai.009G162200.1.D	310	204.687	0	0
Gorai.009G162300.1.A	1289	1183.5	5	0.167566
Gorai.009G162300.1.D	1289	1183.5	9	0.301618
Gorai.009G162400.1.A	4318	4212.5	177.171	1.66816
Gorai.009G162400.1.D	4318	4212.5	1031.83	9.71521
Gorai.009G162500.1.A	1379	1273.5	28.4444	0.885894
Gorai.009G162500.1.D	1379	1273.5	3.55556	0.110737
Gorai.009G162600.1.A	961	855.505	5	0.23181
Gorai.009G162600.1.D	961	855.505	0	0
Gorai.009G162700.1.A	861	755.505	0	0
Gorai.009G162700.1.D	861	755.505	0	0
Gorai.009G162800.1.A	971	865.505	1244.54	57.0327
Gorai.009G162800.1.D	971	865.505	3402.46	155.922
Gorai.009G162900.1.A	572	466.551	1	0.085013
Gorai.009G162900.1.D	572	466.551	0	0
Gorai.009G163000.1.A	767	661.505	0	0
Gorai.009G163000.1.D	767	661.505	0	0
Gorai.009G163100.1.A	472	366.551	1	0.108206
Gorai.009G163100.1.D	472	366.551	0	0
Gorai.009G163200.1.A	1347	1241.5	1	0.0319475
Gorai.009G163200.1.D	1347	1241.5	0	0
Gorai.009G163300.1.A	1322	1216.5	0	0
Gorai.009G163300.1.D	1322	1216.5	0	0
Gorai.009G163400.1.A	1134	1028.5	57.4444	2.21527
Gorai.009G163400.1.D	1134	1028.5	52.5556	2.02674
Gorai.009G163500.1.A	2662	2556.5	199.96	3.10228
Gorai.009G163500.1.D	2662	2556.5	85.0403	1.31936
Gorai.009G163600.1.A	1944	1838.5	62.8894	1.35674
Gorai.009G163600.1.D	1944	1838.5	278.653	6.01151
Gorai.009G163700.1.A	1323	1217.5	134.197	4.37177
Gorai.009G163700.1.D	1323	1217.5	232.261	7.56642
Gorai.009G163800.1.A	1161	1055.5	0.5	0.0187886
Gorai.009G163800.1.D	1161	1055.5	0.5	0.0187886
Gorai.009G163900.1.A	1620	1514.5	0	0
Gorai.009G163900.1.D	1620	1514.5	0	0
Gorai.009G164000.1.A	1392	1286.5	0	0
Gorai.009G164000.1.D	1392	1286.5	0	0
Gorai.009G164100.1.A	2540	2434.5	794.797	12.9488
Gorai.009G164100.1.D	2540	2434.5	17.2034	0.280278
Gorai.009G164200.1.A	527	421.551	0	0
Gorai.009G164200.1.D	527	421.551	1	0.094088
Gorai.009G164300.1.A	1602	1496.5	11.3793	0.301594
Gorai.009G164300.1.D	1602	1496.5	21.6207	0.573029
Gorai.009G164400.1.A	246	141.071	0	0
Gorai.009G164400.1.D	246	141.071	0	0
Gorai.009G164500.1.A	823	717.505	0	0
Gorai.009G164500.1.D	823	717.505	0	0
Gorai.009G164600.1.A	631	525.505	1	0.0754759
Gorai.009G164600.1.D	631	525.505	0	0
Gorai.009G164700.1.A	1823	1717.5	4210.79	97.2413
Gorai.009G164700.1.D	1823	1717.5	2892.21	66.7908
Gorai.009G164800.1.A	1314	1208.5	1	0.0328198
Gorai.009G164800.1.D	1314	1208.5	2	0.0656397
Gorai.009G164900.1.A	2514	2408.5	0	0
Gorai.009G164900.1.D	2514	2408.5	0	0
Gorai.009G165000.1.A	693	587.505	2	0.135022
Gorai.009G165000.1.D	693	587.505	0	0
Gorai.009G165100.1.A	1664	1558.5	2	0.0508987
Gorai.009G165100.1.D	1664	1558.5	4	0.101797
Gorai.009G165200.1.A	1337	1231.5	1668	53.7211
Gorai.009G165200.1.D	1337	1231.5	0	0
Gorai.009G165300.1.A	1591	1485.5	38.0339	1.0155
Gorai.009G165300.1.D	1591	1485.5	29.9661	0.800094
Gorai.009G165400.1.A	795	689.505	0	0
Gorai.009G165400.1.D	795	689.505	0	0
Gorai.009G165500.1.A	588	482.551	10.5	0.86304
Gorai.009G165500.1.D	588	482.551	3.5	0.28768
Gorai.009G165600.1.A	834	728.505	0	0
Gorai.009G165600.1.D	834	728.505	0	0
Gorai.009G165700.1.A	1729	1623.5	0.5	0.0122152
Gorai.009G165700.1.D	1729	1623.5	0.5	0.0122152
Gorai.009G165800.1.A	2112	2006.5	574.347	11.3532
Gorai.009G165800.1.D	2112	2006.5	377.653	7.46513
Gorai.009G165900.1.A	1288	1182.5	35.2941	1.18382
Gorai.009G165900.1.D	1288	1182.5	39.7059	1.33179
Gorai.009G166000.1.A	1561	1455.5	701.956	19.1285
Gorai.009G166000.1.D	1561	1455.5	2949.04	80.3623
Gorai.009G166100.1.A	2999	2893.5	717.817	9.83953
Gorai.009G166100.1.D	2999	2893.5	678.166	9.29601
Gorai.009G166200.1.A	1196	1090.5	33	1.20025
Gorai.009G166200.1.D	1196	1090.5	21	0.763795
Gorai.009G166300.1.A	2000	1894.5	1002.43	20.9866
Gorai.009G166300.1.D	2000	1894.5	2238.57	46.8663
Gorai.009G166400.1.A	1014	908.505	75	3.2743
Gorai.009G166400.1.D	1014	908.505	0	0
Gorai.009G166500.1.A	4519	4413.5	16.8846	0.151737
Gorai.009G166500.1.D	4519	4413.5	422.115	3.79343
Gorai.009G166600.1.A	1854	1748.5	10.9091	0.247461
Gorai.009G166600.1.D	1854	1748.5	29.0909	0.659896
Gorai.009G166700.1.A	1774	1668.5	1481.72	35.2227
Gorai.009G166700.1.D	1774	1668.5	1663.82	39.5516
Gorai.009G166800.1.A	3251	3145.5	315.96	3.98407
Gorai.009G166800.1.D	3251	3145.5	656.04	8.27227
Gorai.009G166900.1.A	627	521.505	22.0541	1.67732
Gorai.009G166900.1.D	627	521.505	25.9459	1.97331
Gorai.009G167000.1.A	1269	1163.5	181326	6181.26
Gorai.009G167000.1.D	1269	1163.5	230578	7860.21
Gorai.009G167100.1.A	1497	1391.5	313.402	8.93311
Gorai.009G167100.1.D	1497	1391.5	221.598	6.31634
Gorai.009G167200.1.A	1119	1013.5	547.477	21.4252
Gorai.009G167200.1.D	1119	1013.5	1777.52	69.5624
Gorai.009G167300.1.A	2084	1978.5	83.1714	1.66733
Gorai.009G167300.1.D	2084	1978.5	39.8286	0.79844
Gorai.009G167400.1.A	1493	1387.5	87.8526	2.51134
Gorai.009G167400.1.D	1493	1387.5	19.1474	0.547343
Gorai.009G167500.1.A	1200	1094.5	2399.65	86.9592
Gorai.009G167500.1.D	1200	1094.5	1222.35	44.2958
Gorai.009G167600.1.A	2852	2746.5	157.205	2.27024
Gorai.009G167600.1.D	2852	2746.5	70.7945	1.02236
Gorai.009G167700.1.A	523	417.551	1627	154.548
Gorai.009G167700.1.D	523	417.551	1380	131.085
Gorai.009G167800.1.A	2030	1924.5	1782.15	36.7292
Gorai.009G167800.1.D	2030	1924.5	1113.85	22.9557
Gorai.009G167900.1.A	3468	3362.5	624.099	7.36165
Gorai.009G167900.1.D	3468	3362.5	854.901	10.0841
Gorai.009G168000.1.A	1439	1333.5	668.842	19.8936
Gorai.009G168000.1.D	1439	1333.5	109.158	3.24673
Gorai.009G168100.1.A	1399	1293.5	654.462	20.0679
Gorai.009G168100.1.D	1399	1293.5	598.538	18.3531
Gorai.009G168200.1.A	682	576.505	10	0.68799
Gorai.009G168200.1.D	682	576.505	4	0.275196
Gorai.009G168300.1.A	2324	2218.5	108.837	1.94581
Gorai.009G168300.1.D	2324	2218.5	126.251	2.25714
Gorai.009G168400.1.A	2012	1906.5	7.76879	0.161622
Gorai.009G168400.1.D	2012	1906.5	184.231	3.83275
Gorai.009G168500.1.A	1697	1591.5	2	0.0498433
Gorai.009G168500.1.D	1697	1591.5	0	0
Gorai.009G168600.1.A	1335	1229.5	32.5	1.04843
Gorai.009G168600.1.D	1335	1229.5	32.5	1.04843
Gorai.009G168700.1.A	2414	2308.5	6	0.103087
Gorai.009G168700.1.D	2414	2308.5	12	0.206175
Gorai.009G168800.1.A	936	830.505	146.526	6.99775
Gorai.009G168800.1.D	936	830.505	85.4737	4.08202
Gorai.009G168900.1.A	1398	1292.5	12	0.368243
Gorai.009G168900.1.D	1398	1292.5	5	0.153434
Gorai.009G169000.1.A	2292	2186.5	542.63	9.84325
Gorai.009G169000.1.D	2292	2186.5	1136.37	20.6136
Gorai.009G169100.1.A	1173	1067.5	0	0
Gorai.009G169100.1.D	1173	1067.5	2	0.0743096
Gorai.009G169200.1.A	1018	912.505	0	0
Gorai.009G169200.1.D	1018	912.505	0	0
Gorai.009G169300.1.A	2692	2586.5	104.312	1.59958
Gorai.009G169300.1.D	2692	2586.5	138.688	2.12672
Gorai.009G169400.1.A	1967	1861.5	9.33333	0.198865
Gorai.009G169400.1.D	1967	1861.5	10.6667	0.227274
Gorai.009G169500.1.A	1346	1240.5	126.245	4.03645
Gorai.009G169500.1.D	1346	1240.5	37.7554	1.20716
Gorai.009G169600.1.A	1347	1241.5	165.108	5.27478
Gorai.009G169600.1.D	1347	1241.5	140.892	4.50115
Gorai.009G169700.1.A	6037	5931.5	164.087	1.09722
Gorai.009G169700.1.D	6037	5931.5	141.913	0.948948
Gorai.009G169800.1.A	1113	1007.5	3	0.118103
Gorai.009G169800.1.D	1113	1007.5	0	0
Gorai.009G169900.1.A	456	350.551	188.919	21.3751
Gorai.009G169900.1.D	456	350.551	44.0811	4.98753
Gorai.009G170000.1.A	1610	1504.5	874.811	23.0624
Gorai.009G170000.1.D	1610	1504.5	154.189	4.06486
Gorai.009G170100.1.A	1300	1194.5	0	0
Gorai.009G170100.1.D	1300	1194.5	2	0.066409
Gorai.009G170200.1.A	1501	1395.5	30.6731	0.871788
Gorai.009G170200.1.D	1501	1395.5	24.3269	0.691418
Gorai.009G170300.1.A	1188	1082.5	259.288	9.50032
Gorai.009G170300.1.D	1188	1082.5	545.712	19.9949
Gorai.009G170400.1.A	3462	3356.5	652.309	7.70817
Gorai.009G170400.1.D	3462	3356.5	288.691	3.41138
Gorai.009G170500.1.A	633	527.505	0	0
Gorai.009G170500.1.D	633	527.505	0	0
Gorai.009G170600.1.A	1535	1429.5	0	0
Gorai.009G170600.1.D	1535	1429.5	3	0.0832378
Gorai.009G170700.1.A	1437	1331.5	1.16667	0.0347527
Gorai.009G170700.1.D	1437	1331.5	5.83333	0.173764
Gorai.009G170800.1.A	2682	2576.5	0	0
Gorai.009G170800.1.D	2682	2576.5	0	0
Gorai.009G170900.1.A	2740	2634.5	0	0
Gorai.009G170900.1.D	2740	2634.5	0	0
Gorai.009G171000.1.A	4962	4856.5	338.32	2.76305
Gorai.009G171000.1.D	4962	4856.5	341.68	2.79049
Gorai.009G171100.1.A	1366	1260.5	119.854	3.77131
Gorai.009G171100.1.D	1366	1260.5	6.14634	0.1934
Gorai.009G171200.1.A	1096	990.505	1	0.0400432
Gorai.009G171200.1.D	1096	990.505	12	0.480518
Gorai.009G171300.1.A	1377	1271.5	0	0
Gorai.009G171300.1.D	1377	1271.5	0	0
Gorai.009G171400.1.A	1458	1352.5	82.9167	2.43158
Gorai.009G171400.1.D	1458	1352.5	116.083	3.40421
Gorai.009G171500.1.A	1339	1233.5	21.1346	0.679577
Gorai.009G171500.1.D	1339	1233.5	135.865	4.36871
Gorai.009G171600.1.A	1852	1746.5	20.6522	0.469009
Gorai.009G171600.1.D	1852	1746.5	4.34783	0.0987387
Gorai.009G171700.1.A	2761	2655.5	220.096	3.28739
Gorai.009G171700.1.D	2761	2655.5	149.904	2.23898
Gorai.009G171800.1.A	1537	1431.5	560.417	15.5276
Gorai.009G171800.1.D	1537	1431.5	851.583	23.595
Gorai.009G171900.1.A	1067	961.505	169.317	6.98448
Gorai.009G171900.1.D	1067	961.505	186.683	7.70084
Gorai.009G172000.1.A	1974	1868.5	16.64	0.353219
Gorai.009G172000.1.D	1974	1868.5	9.36	0.198686
Gorai.009G172100.1.A	1771	1665.5	69.3265	1.65097
Gorai.009G172100.1.D	1771	1665.5	9.67347	0.230368
Gorai.009G172200.1.A	2016	1910.5	552.663	11.4735
Gorai.009G172200.1.D	2016	1910.5	620.337	12.8785
Gorai.009G172300.1.A	1018	912.505	4.12257	0.179192
Gorai.009G172300.1.D	1018	912.505	4.12257	0.179192
Gorai.009G172400.1.A	1304	1198.5	16.4271	0.543633
Gorai.009G172400.1.D	1304	1198.5	1613.14	53.3847
Gorai.009G172500.1.A	1150	1044.5	0	0
Gorai.009G172500.1.D	1150	1044.5	1	0.037973
Gorai.009G172600.1.A	1383	1277.5	1308.67	40.6307
Gorai.009G172600.1.D	1383	1277.5	1245.33	38.6639
Gorai.009G172700.1.A	1122	1016.5	16.5333	0.645113
Gorai.009G172700.1.D	1122	1016.5	14.4667	0.564474
Gorai.009G172800.1.A	1541	1435.5	7509.29	207.481
Gorai.009G172800.1.D	1541	1435.5	1895.71	52.3783
Gorai.009G172900.1.A	3326	3220.5	654.155	8.05641
Gorai.009G172900.1.D	3326	3220.5	527.845	6.50081
Gorai.009G173000.1.A	2309	2203.5	193.977	3.49157
Gorai.009G173000.1.D	2309	2203.5	72.5003	1.305
Gorai.009G173100.1.A	3648	3542.5	313.891	3.51442
Gorai.009G173100.1.D	3648	3542.5	101.632	1.1379
Gorai.009G173200.1.A	1968	1862.5	51.5	1.09672
Gorai.009G173200.1.D	1968	1862.5	51.5	1.09672
Gorai.009G173300.1.A	1132	1026.5	236.112	9.12308
Gorai.009G173300.1.D	1132	1026.5	261.888	10.1191
Gorai.009G173400.1.A	2730	2624.5	24.675	0.372902
Gorai.009G173400.1.D	2730	2624.5	22.325	0.337388
Gorai.009G173500.1.A	312	206.649	1.5	0.2879
Gorai.009G173500.1.D	312	206.649	1.5	0.2879
Gorai.009G173600.1.A	2215	2109.5	21.9032	0.411825
Gorai.009G173600.1.D	2215	2109.5	75.0968	1.41197
Gorai.009G173700.1.A	1479	1373.5	317.53	9.16938
Gorai.009G173700.1.D	1479	1373.5	500.47	14.4522
Gorai.009G173800.1.A	1633	1527.5	189.583	4.92269
Gorai.009G173800.1.D	1633	1527.5	174.417	4.52888
Gorai.009G173900.1.A	1343	1237.5	4	0.128203
Gorai.009G173900.1.D	1343	1237.5	4	0.128203
Gorai.009G174000.1.A	2188	2082.5	253.439	4.82695
Gorai.009G174000.1.D	2188	2082.5	734.561	13.9903
Gorai.009G174100.1.A	2052	1946.5	2570.09	52.3694
Gorai.009G174100.1.D	2052	1946.5	1158.91	23.6146
Gorai.009G174200.1.A	246	141.071	0	0
Gorai.009G174200.1.D	246	141.071	2	0.562312
Gorai.009G174300.1.A	282	176.772	132.5	29.7296
Gorai.009G174300.1.D	282	176.772	132.5	29.7296
Gorai.009G174400.1.A	1845	1739.5	22.7586	0.518926
Gorai.009G174400.1.D	1845	1739.5	10.2414	0.233517
Gorai.009G174500.1.A	1506	1400.5	0	0
Gorai.009G174500.1.D	1506	1400.5	0	0
Gorai.009G174600.1.A	1791	1685.5	2.33333	0.0549075
Gorai.009G174600.1.D	1791	1685.5	39.6667	0.933428
Gorai.009G174700.1.A	1982	1876.5	257.489	5.44244
Gorai.009G174700.1.D	1982	1876.5	123.511	2.6106
Gorai.009G174800.1.A	1488	1382.5	3	0.0860676
Gorai.009G174800.1.D	1488	1382.5	2	0.0573784
Gorai.009G174900.1.A	1482	1376.5	58.5	1.68563
Gorai.009G174900.1.D	1482	1376.5	71.5	2.06022
Gorai.009G175000.1.A	366	260.583	0	0
Gorai.009G175000.1.D	366	260.583	1	0.152208
Gorai.009G175100.1.A	2863	2757.5	15.1667	0.218152
Gorai.009G175100.1.D	2863	2757.5	23.8333	0.34281
Gorai.009G175200.1.A	2103	1997.5	2	0.0397125
Gorai.009G175200.1.D	2103	1997.5	0	0
Gorai.009G175300.1.A	2208	2102.5	15.4	0.290515
Gorai.009G175300.1.D	2208	2102.5	17.6	0.332017
Gorai.009G175400.1.A	2172	2066.5	136.993	2.62935
Gorai.009G175400.1.D	2172	2066.5	52.0067	0.998178
Gorai.009G175500.1.A	1753	1647.5	6440.36	155.049
Gorai.009G175500.1.D	1753	1647.5	2016.64	48.5497
Gorai.009G175600.1.A	1613	1507.5	0	0
Gorai.009G175600.1.D	1613	1507.5	4	0.105241
Gorai.009G175700.1.A	1225	1119.5	0	0
Gorai.009G175700.1.D	1225	1119.5	88	3.11775
Gorai.009G175800.1.A	3242	3136.5	23.2903	0.29452
Gorai.009G175800.1.D	3242	3136.5	14.7097	0.186012
Gorai.009G175900.1.A	873	767.505	294.332	15.2105
Gorai.009G175900.1.D	873	767.505	525.668	27.1653
Gorai.009G176000.1.A	2140	2034.5	919.722	17.9301
Gorai.009G176000.1.D	2140	2034.5	625.889	12.2018
Gorai.009G176100.1.A	1284	1178.5	36.9525	1.24365
Gorai.009G176100.1.D	1284	1178.5	3.43644	0.115654
Gorai.009G176200.1.A	1917	1811.5	0	0
Gorai.009G176200.1.D	1917	1811.5	0	0
Gorai.009G176300.1.A	1229	1123.5	1	0.0353029
Gorai.009G176300.1.D	1229	1123.5	0	0
Gorai.009G176400.1.A	1493	1387.5	9.84906	0.281543
Gorai.009G176400.1.D	1493	1387.5	48.1509	1.37643
Gorai.009G176500.1.A	4117	4011.5	234.634	2.31989
Gorai.009G176500.1.D	4117	4011.5	217.366	2.14917
Gorai.009G176600.1.A	486	380.551	20.8	2.16788
Gorai.009G176600.1.D	486	380.551	5.2	0.54197
Gorai.009G176700.1.A	1980	1874.5	6	0.126955
Gorai.009G176700.1.D	1980	1874.5	1	0.0211592
Gorai.009G176800.1.A	1452	1346.5	52.0563	1.53338
Gorai.009G176800.1.D	1452	1346.5	24.9437	0.734746
Gorai.009G176900.1.A	1854	1748.5	13.8	0.313038
Gorai.009G176900.1.D	1854	1748.5	9.2	0.208692
Gorai.009G177000.1.A	4116	4010.5	62.8571	0.621642
Gorai.009G177000.1.D	4116	4010.5	65.1429	0.644247
Gorai.009G177100.1.A	1522	1416.5	909.927	25.4785
Gorai.009G177100.1.D	1522	1416.5	810.073	22.6825
Gorai.009G177200.1.A	1413	1307.5	909.16	27.5792
Gorai.009G177200.1.D	1413	1307.5	1790.84	54.3248
Gorai.009G177300.1.A	609	503.551	0	0
Gorai.009G177300.1.D	609	503.551	0	0
Gorai.009G177400.1.A	1045	939.505	30	1.26651
Gorai.009G177400.1.D	1045	939.505	0	0
Gorai.009G177500.1.A	1134	1028.5	0	0
Gorai.009G177500.1.D	1134	1028.5	0	0
Gorai.009G177600.1.A	855	749.505	8.16667	0.432171
Gorai.009G177600.1.D	855	749.505	5.83333	0.308693
Gorai.009G177700.1.A	2761	2655.5	416.945	6.22755
Gorai.009G177700.1.D	2761	2655.5	358.055	5.34795
Gorai.009G177800.1.A	1975	1869.5	15.4167	0.327076
Gorai.009G177800.1.D	1975	1869.5	58.5833	1.24289
Gorai.009G177900.1.A	2247	2141.5	977.546	18.1052
Gorai.009G177900.1.D	2247	2141.5	656.454	12.1582
Gorai.009G178000.1.A	713	607.505	3.2	0.208923
Gorai.009G178000.1.D	713	607.505	20.8	1.358
Gorai.009G178100.1.A	2143	2037.5	7.32061	0.142506
Gorai.009G178100.1.D	2143	2037.5	129.679	2.52439
Gorai.009G178200.1.A	831	725.505	7	0.382686
Gorai.009G178200.1.D	831	725.505	0	0
Gorai.009G178300.1.A	1566	1460.5	145.62	3.95459
Gorai.009G178300.1.D	1566	1460.5	89.3803	2.4273
Gorai.009G178400.1.A	1596	1490.5	2977.88	79.2426
Gorai.009G178400.1.D	1596	1490.5	764.122	20.3336
Gorai.009G178500.1.A	4560	4454.5	93.6235	0.833625
Gorai.009G178500.1.D	4560	4454.5	79.3765	0.706769
Gorai.009G178600.1.A	2613	2507.5	152.5	2.4122
Gorai.009G178600.1.D	2613	2507.5	37.5	0.593164
Gorai.009G178700.1.A	4169	4063.5	221.222	2.1593
Gorai.009G178700.1.D	4169	4063.5	242.778	2.3697
Gorai.009G178800.1.A	1647	1541.5	5.78947	0.148963
Gorai.009G178800.1.D	1647	1541.5	16.2105	0.417097
Gorai.009G178900.1.A	1767	1661.5	250.72	5.98512
Gorai.009G178900.1.D	1767	1661.5	742.28	17.7195
Gorai.009G179000.1.A	210	105.986	0.5	0.187114
Gorai.009G179000.1.D	210	105.986	0.5	0.187114
Gorai.009G179100.1.A	955	849.505	306.607	14.3153
Gorai.009G179100.1.D	955	849.505	634.393	29.6195
Gorai.009G179200.1.A	598	492.551	72.9763	5.87645
Gorai.009G179200.1.D	598	492.551	226.024	18.2007
Gorai.009G179300.1.A	1629	1523.5	7.36842	0.19183
Gorai.009G179300.1.D	1629	1523.5	12.6316	0.328851
Gorai.009G179400.1.A	2543	2437.5	218.308	3.55229
Gorai.009G179400.1.D	2543	2437.5	441.692	7.18719
Gorai.009G179500.1.A	2025	1919.5	394.691	8.15554
Gorai.009G179500.1.D	2025	1919.5	835.309	17.2601
Gorai.009G179600.1.A	461	355.551	30.0147	3.34824
Gorai.009G179600.1.D	461	355.551	30.0147	3.34824
Gorai.009G179700.1.A	957	851.505	31	1.44397
Gorai.009G179700.1.D	957	851.505	57	2.65505
Gorai.009G179800.1.A	2100	1994.5	152.564	3.0339
Gorai.009G179800.1.D	2100	1994.5	130.436	2.59387
Gorai.009G179900.1.A	1677	1571.5	156.486	3.94954
Gorai.009G179900.1.D	1677	1571.5	422.514	10.6637
Gorai.009G180000.1.A	1281	1175.5	1	0.0337412
Gorai.009G180000.1.D	1281	1175.5	1	0.0337412
Gorai.009G180100.1.A	1278	1172.5	2	0.0676551
Gorai.009G180100.1.D	1278	1172.5	0	0
Gorai.009G180200.1.A	1523	1417.5	38.5636	1.07904
Gorai.009G180200.1.D	1523	1417.5	264.436	7.39915
Gorai.009G180300.1.A	1581	1475.5	4	0.107524
Gorai.009G180300.1.D	1581	1475.5	3	0.0806428
Gorai.009G180400.1.A	2170	2064.5	2	0.0384237
Gorai.009G180400.1.D	2170	2064.5	1	0.0192118
Gorai.009G180500.1.A	471	365.551	0	0
Gorai.009G180500.1.D	471	365.551	0	0
Gorai.009G180600.1.A	399	293.583	0	0
Gorai.009G180600.1.D	399	293.583	0	0
Gorai.009G180700.1.A	676	570.505	6	0.417135
Gorai.009G180700.1.D	676	570.505	0	0
Gorai.009G180800.1.A	734	628.505	0	0
Gorai.009G180800.1.D	734	628.505	0	0
Gorai.009G180900.1.A	751	645.505	0	0
Gorai.009G180900.1.D	751	645.505	1	0.0614449
Gorai.009G181000.1.A	1172	1066.5	0	0
Gorai.009G181000.1.D	1172	1066.5	0	0
Gorai.009G181100.1.A	3289	3183.5	1842.01	22.9494
Gorai.009G181100.1.D	3289	3183.5	1028.99	12.8201
Gorai.009G181200.1.A	2397	2291.5	229.553	3.97326
Gorai.009G181200.1.D	2397	2291.5	306.447	5.3042
Gorai.009G181300.1.A	1602	1496.5	381.006	10.0981
Gorai.009G181300.1.D	1602	1496.5	250.994	6.65228
Gorai.009G181400.1.A	1829	1723.5	230.756	5.31037
Gorai.009G181400.1.D	1829	1723.5	186.244	4.28603
Gorai.009G181500.1.A	1768	1662.5	0	0
Gorai.009G181500.1.D	1768	1662.5	0	0
Gorai.009G181600.1.A	912	806.505	1030.64	50.6859
Gorai.009G181600.1.D	912	806.505	771.355	37.9343
Gorai.009G181700.1.A	924	818.505	25	1.21145
Gorai.009G181700.1.D	924	818.505	40	1.93831
Gorai.009G181800.1.A	1175	1069.5	957.64	35.5144
Gorai.009G181800.1.D	1175	1069.5	398.36	14.7733
Gorai.009G181900.1.A	1529	1423.5	518.067	14.4348
Gorai.009G181900.1.D	1529	1423.5	230.933	6.43446
Gorai.009G182000.1.A	2136	2030.5	89.1667	1.74174
Gorai.009G182000.1.D	2136	2030.5	124.833	2.43844
Gorai.009G182100.1.A	1144	1038.5	338	12.909
Gorai.009G182100.1.D	1144	1038.5	156	5.95801
Gorai.009G182200.1.A	1666	1560.5	109.776	2.79016
Gorai.009G182200.1.D	1666	1560.5	133.224	3.38611
Gorai.009G182300.1.A	1562	1456.5	95.7812	2.60827
Gorai.009G182300.1.D	1562	1456.5	717.219	19.531
Gorai.009G182400.1.A	1077	971.505	0	0
Gorai.009G182400.1.D	1077	971.505	1	0.0408263
Gorai.009G182500.1.A	2094	1988.5	1708.55	34.079
Gorai.009G182500.1.D	2094	1988.5	841.445	16.7836
Gorai.009G182600.1.A	471	365.551	0	0
Gorai.009G182600.1.D	471	365.551	0	0
Gorai.009G182700.1.A	2005	1899.5	248.232	5.18325
Gorai.009G182700.1.D	2005	1899.5	262.768	5.48677
Gorai.009G182800.1.A	1085	979.505	3380.16	136.872
Gorai.009G182800.1.D	1085	979.505	3313.84	134.187
Gorai.009G182900.1.A	1810	1704.5	660.57	15.3711
Gorai.009G182900.1.D	1810	1704.5	203.708	4.74017
Gorai.009G183000.1.A	2373	2267.5	3	0.0524757
Gorai.009G183000.1.D	2373	2267.5	0	0
Gorai.009G183100.1.A	2003	1897.5	94.1552	1.9681
Gorai.009G183100.1.D	2003	1897.5	32.8448	0.686545
Gorai.009G183200.1.A	3798	3692.5	305.169	3.27797
Gorai.009G183200.1.D	3798	3692.5	323.831	3.47842
Gorai.009G183300.1.A	1749	1643.5	505.316	12.1949
Gorai.009G183300.1.D	1749	1643.5	226.684	5.4706
Gorai.009G183400.1.A	1106	1000.5	28.7222	1.13863
Gorai.009G183400.1.D	1106	1000.5	18.2778	0.724585
Gorai.009G183500.1.A	2078	1972.5	131.833	2.65089
Gorai.009G183500.1.D	2078	1972.5	1205.17	24.2334
Gorai.009G183600.1.A	1383	1277.5	0	0
Gorai.009G183600.1.D	1383	1277.5	0	0
Gorai.009G183700.1.A	1448	1342.5	237.132	7.00581
Gorai.009G183700.1.D	1448	1342.5	131.868	3.89592
Gorai.009G183800.1.A	2389	2283.5	887.497	15.4152
Gorai.009G183800.1.D	2389	2283.5	719.503	12.4973
Gorai.009G183900.1.A	790	684.505	26.8333	1.55483
Gorai.009G183900.1.D	790	684.505	22.1667	1.28443
Gorai.009G184000.1.A	1344	1238.5	45.92	1.47058
Gorai.009G184000.1.D	1344	1238.5	66.08	2.1162
Gorai.009G184100.1.A	1936	1830.5	21.6087	0.468212
Gorai.009G184100.1.D	1936	1830.5	49.3913	1.0702
Gorai.009G184200.1.A	2295	2189.5	6	0.10869
Gorai.009G184200.1.D	2295	2189.5	22	0.398531
Gorai.009G184300.1.A	378	272.583	0	0
Gorai.009G184300.1.D	378	272.583	0	0
Gorai.009G184400.1.A	911	805.505	277.132	13.6459
Gorai.009G184400.1.D	911	805.505	873.868	43.0291
Gorai.009G184500.1.A	666	560.505	0	0
Gorai.009G184500.1.D	666	560.505	2	0.141526
Gorai.009G184600.1.A	864	758.505	5	0.261455
Gorai.009G184600.1.D	864	758.505	5	0.261455
Gorai.009G184700.1.A	1161	1055.5	24.595	0.924214
Gorai.009G184700.1.D	1161	1055.5	99.405	3.73536
Gorai.009G184800.1.A	1136	1030.5	11.625	0.447433
Gorai.009G184800.1.D	1136	1030.5	19.375	0.745722
Gorai.009G184900.1.A	1593	1487.5	396.205	10.5645
Gorai.009G184900.1.D	1593	1487.5	697.795	18.606
Gorai.009G185000.1.A	1882	1776.5	0	0
Gorai.009G185000.1.D	1882	1776.5	24	0.535833
Gorai.009G185100.1.A	2142	2036.5	0	0
Gorai.009G185100.1.D	2142	2036.5	0	0
Gorai.009G185200.1.A	1079	973.505	1382.02	56.307
Gorai.009G185200.1.D	1079	973.505	2054.98	83.7247
Gorai.009G185300.1.A	1758	1652.5	80.8475	1.94048
Gorai.009G185300.1.D	1758	1652.5	396.153	9.50834
Gorai.009G185400.1.A	1032	926.505	0	0
Gorai.009G185400.1.D	1032	926.505	1	0.0428092
Gorai.009G185500.1.A	2437	2331.5	245.52	4.17672
Gorai.009G185500.1.D	2437	2331.5	312.48	5.31583
Gorai.009G185600.1.A	1607	1501.5	36.1739	0.955551
Gorai.009G185600.1.D	1607	1501.5	41.8261	1.10486
Gorai.009G185700.1.A	4175	4069.5	316.952	3.08913
Gorai.009G185700.1.D	4175	4069.5	278.048	2.70996
Gorai.009G185800.1.A	1056	950.505	282.311	11.7804
Gorai.009G185800.1.D	1056	950.505	392.689	16.3862
Gorai.009G185900.1.A	1905	1799.5	88.0283	1.94023
Gorai.009G185900.1.D	1905	1799.5	128.972	2.84267
Gorai.009G186000.1.A	1917	1811.5	30.9375	0.677377
Gorai.009G186000.1.D	1917	1811.5	2.0625	0.0451585
Gorai.009G186100.1.A	1402	1296.5	60.5714	1.85301
Gorai.009G186100.1.D	1402	1296.5	43.4286	1.32858
Gorai.009G186200.1.A	997	891.505	149.333	6.64382
Gorai.009G186200.1.D	997	891.505	278.667	12.3978
Gorai.009G186300.1.A	2653	2547.5	38.2333	0.595267
Gorai.009G186300.1.D	2653	2547.5	72.7667	1.13293
Gorai.009G186400.1.A	2016	1910.5	4	0.0830418
Gorai.009G186400.1.D	2016	1910.5	4	0.0830418
Gorai.009G186500.1.A	3756	3650.5	243	2.64021
Gorai.009G186500.1.D	3756	3650.5	243	2.64021
Gorai.009G186600.1.A	1923	1817.5	86.5315	1.88836
Gorai.009G186600.1.D	1923	1817.5	26.4685	0.577615
Gorai.009G186700.1.A	4344	4238.5	10.5	0.0982566
Gorai.009G186700.1.D	4344	4238.5	10.5	0.0982566
Gorai.009G186800.1.A	980	874.505	2779.44	126.061
Gorai.009G186800.1.D	980	874.505	3102.79	140.726
Gorai.009G186900.1.A	651	545.505	4	0.290835
Gorai.009G186900.1.D	651	545.505	0	0
Gorai.009G187000.1.A	2628	2522.5	58.0758	0.913163
Gorai.009G187000.1.D	2628	2522.5	22.0162	0.346175
Gorai.009G187100.1.A	2514	2408.5	242.3	3.99016
Gorai.009G187100.1.D	2514	2408.5	193.608	3.18831
Gorai.009G187200.1.A	699	593.505	19	1.26974
Gorai.009G187200.1.D	699	593.505	3	0.200485
Gorai.009G187300.1.A	729	623.505	63	4.00761
Gorai.009G187300.1.D	729	623.505	43	2.73535
Gorai.009G187400.1.A	819	713.505	35.6034	1.97916
Gorai.009G187400.1.D	819	713.505	23.3966	1.30059
Gorai.009G187500.1.A	3361	3255.5	12	0.1462
Gorai.009G187500.1.D	3361	3255.5	36	0.4386
Gorai.009G187600.1.A	2026	1920.5	14.545	0.300388
Gorai.009G187600.1.D	2026	1920.5	759.455	15.6845
Gorai.009G187700.1.A	3585	3479.5	424.354	4.83722
Gorai.009G187700.1.D	3585	3479.5	546.646	6.23123
Gorai.009G187800.1.A	916	810.505	3	0.146808
Gorai.009G187800.1.D	916	810.505	20	0.978722
Gorai.009G187900.1.A	1306	1200.5	222.94	7.36561
Gorai.009G187900.1.D	1306	1200.5	34.0602	1.1253
Gorai.009G188000.1.A	2002	1896.5	5	0.104569
Gorai.009G188000.1.D	2002	1896.5	1	0.0209137
Gorai.009G188100.1.A	1588	1482.5	2	0.053508
Gorai.009G188100.1.D	1588	1482.5	1	0.026754
Gorai.009G188200.1.A	2043	1937.5	229.074	4.6894
Gorai.009G188200.1.D	2043	1937.5	191.926	3.92895
Gorai.009G188300.1.A	2215	2109.5	1024.84	19.2691
Gorai.009G188300.1.D	2215	2109.5	1363.16	25.6301
Gorai.009G188400.1.A	1200	1094.5	85.3469	3.09282
Gorai.009G188400.1.D	1200	1094.5	16.6531	0.603478
Gorai.009G188500.1.A	2764	2658.5	236.613	3.53009
Gorai.009G188500.1.D	2764	2658.5	1513.39	22.5786
Gorai.009G188600.1.A	2780	2674.5	998.115	14.8021
Gorai.009G188600.1.D	2780	2674.5	394.373	5.84856
Gorai.009G188700.1.A	2085	1979.5	124.176	2.48809
Gorai.009G188700.1.D	2085	1979.5	84.3358	1.68982
Gorai.009G188800.1.A	2823	2717.5	169.664	2.4763
Gorai.009G188800.1.D	2823	2717.5	300.336	4.38351
Gorai.009G188900.1.A	1412	1306.5	0	0
Gorai.009G188900.1.D	1412	1306.5	21	0.637519
Gorai.009G189000.1.A	513	407.551	0	0
Gorai.009G189000.1.D	513	407.551	0	0
Gorai.009G189100.1.A	632	526.505	2017.53	151.986
Gorai.009G189100.1.D	632	526.505	2318.47	174.656
Gorai.009G189200.1.A	303	197.687	0	0
Gorai.009G189200.1.D	303	197.687	0	0
Gorai.009G189300.1.A	634	528.505	0	0
Gorai.009G189300.1.D	634	528.505	2	0.150095
Gorai.009G189400.1.A	1111	1005.5	206.222	8.1346
Gorai.009G189400.1.D	1111	1005.5	141.778	5.59254
Gorai.009G189500.1.A	1154	1048.5	4927.2	186.387
Gorai.009G189500.1.D	1154	1048.5	6866.8	259.758
Gorai.009G189600.1.A	2205	2099.5	0	0
Gorai.009G189600.1.D	2205	2099.5	0	0
Gorai.009G189700.1.A	3273	3167.5	155.126	1.94246
Gorai.009G189700.1.D	3273	3167.5	215.874	2.70314
Gorai.009G189800.1.A	1774	1668.5	117.04	2.78221
Gorai.009G189800.1.D	1774	1668.5	128.96	3.06559
Gorai.009G189900.1.A	2618	2512.5	2011.65	31.7563
Gorai.009G189900.1.D	2618	2512.5	1513.35	23.8901
Gorai.009G190000.1.A	2124	2018.5	1695.26	33.3114
Gorai.009G190000.1.D	2124	2018.5	1248.46	24.5318
Gorai.009G190100.1.A	2075	1969.5	74.2713	1.49572
Gorai.009G190100.1.D	2075	1969.5	68.7287	1.3841
Gorai.009G190200.1.A	2205	2099.5	26.9286	0.508723
Gorai.009G190200.1.D	2205	2099.5	118.071	2.23055
Gorai.009G190300.1.A	879	773.505	0	0
Gorai.009G190300.1.D	879	773.505	0	0
Gorai.009G190400.1.A	1955	1849.5	7.42857	0.159307
Gorai.009G190400.1.D	1955	1849.5	18.5714	0.398267
Gorai.009G190500.1.A	2760	2654.5	26.2857	0.392755
Gorai.009G190500.1.D	2760	2654.5	13.7143	0.204915
Gorai.009G190600.1.A	2347	2241.5	28.9655	0.512539
Gorai.009G190600.1.D	2347	2241.5	6.03448	0.106779
Gorai.009G190700.1.A	1109	1003.5	0	0
Gorai.009G190700.1.D	1109	1003.5	0	0
Gorai.009G190800.1.A	504	398.551	14.4	1.43306
Gorai.009G190800.1.D	504	398.551	9.6	0.955371
Gorai.009G190900.1.A	1795	1689.5	2.22222	0.0521691
Gorai.009G190900.1.D	1795	1689.5	7.77778	0.182592
Gorai.009G191000.1.A	2688	2582.5	165.208	2.53731
Gorai.009G191000.1.D	2688	2582.5	1094.79	16.8142
Gorai.009G191100.1.A	1518	1412.5	0	0
Gorai.009G191100.1.D	1518	1412.5	4	0.112319
Gorai.009G191200.1.A	1366	1260.5	29.0769	0.914932
Gorai.009G191200.1.D	1366	1260.5	40.9231	1.28768
Gorai.009G191300.1.A	2190	2084.5	122.48	2.3305
Gorai.009G191300.1.D	2190	2084.5	80.5196	1.53209
Gorai.009G191400.1.A	1487	1381.5	299.501	8.59866
Gorai.009G191400.1.D	1487	1381.5	424.499	12.1874
Gorai.009G191500.1.A	2622	2516.5	48.663	0.766984
Gorai.009G191500.1.D	2622	2516.5	72.337	1.14011
Gorai.009G191600.1.A	870	764.505	9	0.466925
Gorai.009G191600.1.D	870	764.505	0	0
Gorai.009G191700.1.A	899	793.505	27.9167	1.3954
Gorai.009G191700.1.D	899	793.505	39.0833	1.95356
Gorai.009G191800.1.A	1700	1594.5	397.688	9.89239
Gorai.009G191800.1.D	1700	1594.5	1594.31	39.6582
Gorai.009G191900.1.A	1669	1563.5	1765.34	44.7831
Gorai.009G191900.1.D	1669	1563.5	1122.66	28.4796
Gorai.009G192000.1.A	1565	1459.5	89.534	2.43314
Gorai.009G192000.1.D	1565	1459.5	16.466	0.447474
Gorai.009G192100.1.A	1356	1250.5	12	0.380611
Gorai.009G192100.1.D	1356	1250.5	9	0.285458
Gorai.009G192200.1.A	1041	935.505	2505.48	106.226
Gorai.009G192200.1.D	1041	935.505	3905.52	165.584
Gorai.009G192300.1.A	1393	1287.5	0	0
Gorai.009G192300.1.D	1393	1287.5	0	0
Gorai.009G192400.1.A	1584	1478.5	81.0436	2.17411
Gorai.009G192400.1.D	1584	1478.5	564.956	15.1557
Gorai.009G192500.1.A	2044	1938.5	0	0
Gorai.009G192500.1.D	2044	1938.5	0	0
Gorai.009G192600.1.A	3266	3160.5	44.5702	0.559337
Gorai.009G192600.1.D	3266	3160.5	324.43	4.07145
Gorai.009G192700.1.A	1707	1601.5	60.8759	1.50766
Gorai.009G192700.1.D	1707	1601.5	78.1241	1.93482
Gorai.009G192800.1.A	2343	2237.5	5871.84	104.087
Gorai.009G192800.1.D	2343	2237.5	3910.16	69.3132
Gorai.009G192900.1.A	497	391.551	6	0.607781
Gorai.009G192900.1.D	497	391.551	1	0.101297
Gorai.009G193000.1.A	1533	1427.5	66.2759	1.84146
Gorai.009G193000.1.D	1533	1427.5	57.7241	1.60385
Gorai.009G193100.1.A	1336	1230.5	44	1.41826
Gorai.009G193100.1.D	1336	1230.5	62	1.99845
Gorai.009G193200.1.A	2750	2644.5	276.767	4.15101
Gorai.009G193200.1.D	2750	2644.5	688.233	10.3223
Gorai.009G193300.1.A	1318	1212.5	732.272	23.9538
Gorai.009G193300.1.D	1318	1212.5	417.728	13.6645
Gorai.009G193400.1.A	1766	1660.5	31.6667	0.756392
Gorai.009G193400.1.D	1766	1660.5	6.33333	0.151278
Gorai.009G193500.1.A	2196	2090.5	0	0
Gorai.009G193500.1.D	2196	2090.5	9	0.170756
Gorai.009G193600.1.A	3377	3271.5	26.7826	0.324706
Gorai.009G193600.1.D	3377	3271.5	29.2174	0.354225
Gorai.009G193700.1.A	3031	2925.5	3	0.0406729
Gorai.009G193700.1.D	3031	2925.5	10	0.135576
Gorai.009G193800.1.A	4025	3919.5	463.757	4.69294
Gorai.009G193800.1.D	4025	3919.5	321.243	3.25077
Gorai.009G193900.1.A	2741	2635.5	180.95	2.72321
Gorai.009G193900.1.D	2741	2635.5	462.05	6.9536
Gorai.009G194000.1.A	1675	1569.5	268.146	6.7763
Gorai.009G194000.1.D	1675	1569.5	2808.85	70.9825
Gorai.009G194100.1.A	1891	1785.5	78.5279	1.74441
Gorai.009G194100.1.D	1891	1785.5	159.472	3.54249
Gorai.009G194200.1.A	1440	1334.5	7.85714	0.233523
Gorai.009G194200.1.D	1440	1334.5	47.1429	1.40114
Gorai.009G194300.1.A	1855	1749.5	1	0.022671
Gorai.009G194300.1.D	1855	1749.5	1	0.022671
Gorai.009G194400.1.A	2139	2033.5	7.53846	0.147036
Gorai.009G194400.1.D	2139	2033.5	6.46154	0.126031
Gorai.009G194500.1.A	1897	1791.5	8257.8	182.823
Gorai.009G194500.1.D	1897	1791.5	10277.2	227.531
Gorai.009G194600.1.A	1362	1256.5	89.9608	2.83971
Gorai.009G194600.1.D	1362	1256.5	34.0392	1.07448
Gorai.009G194700.1.A	933	827.505	0	0
Gorai.009G194700.1.D	933	827.505	0	0
Gorai.009G194800.1.A	784	678.505	0	0
Gorai.009G194800.1.D	784	678.505	0	0
Gorai.009G194900.1.A	513	407.551	0	0
Gorai.009G194900.1.D	513	407.551	0	0
Gorai.009G195000.1.A	1813	1707.5	98.7255	2.29325
Gorai.009G195000.1.D	1813	1707.5	219.275	5.09344
Gorai.009G195100.1.A	1754	1648.5	145.642	3.50413
Gorai.009G195100.1.D	1754	1648.5	100.358	2.41461
Gorai.009G195200.1.A	1557	1451.5	39.5417	1.08049
Gorai.009G195200.1.D	1557	1451.5	33.4583	0.914262
Gorai.009G195300.1.A	1138	1032.5	167.447	6.43235
Gorai.009G195300.1.D	1138	1032.5	393.553	15.1181
Gorai.009G195400.1.A	2834	2728.5	692.245	10.0628
Gorai.009G195400.1.D	2834	2728.5	1569.75	22.8188
Gorai.009G195500.1.A	1445	1339.5	2	0.0592203
Gorai.009G195500.1.D	1445	1339.5	0	0
Gorai.009G195600.1.A	4255	4149.5	259.905	2.4843
Gorai.009G195600.1.D	4255	4149.5	296.095	2.83021
Gorai.009G195700.1.A	1945	1839.5	1091.29	23.5301
Gorai.009G195700.1.D	1945	1839.5	480.712	10.365
Gorai.009G195800.1.A	1644	1538.5	0	0
Gorai.009G195800.1.D	1644	1538.5	57	1.46947
Gorai.009G195900.1.A	3755	3649.5	8582.21	93.2718
Gorai.009G195900.1.D	3755	3649.5	9022.79	98.06
Gorai.009G196000.1.A	465	359.551	43.32	4.77873
Gorai.009G196000.1.D	465	359.551	13.68	1.50907
Gorai.009G196100.1.A	3542	3436.5	37.6167	0.434158
Gorai.009G196100.1.D	3542	3436.5	23.3833	0.269882
Gorai.009G196200.1.A	3079	2973.5	2057.33	27.4423
Gorai.009G196200.1.D	3079	2973.5	1796.67	23.9654
Gorai.009G196300.1.A	546	440.551	73	6.57221
Gorai.009G196300.1.D	546	440.551	0	0
Gorai.009G196400.1.A	1947	1841.5	0	0
Gorai.009G196400.1.D	1947	1841.5	0	0
Gorai.009G196500.1.A	2050	1944.5	634.516	12.9425
Gorai.009G196500.1.D	2050	1944.5	444.484	9.06633
Gorai.009G196600.1.A	2963	2857.5	53.5131	0.742776
Gorai.009G196600.1.D	2963	2857.5	554.487	7.69643
Gorai.009G196700.1.A	3315	3209.5	15	0.185369
Gorai.009G196700.1.D	3315	3209.5	0	0
Gorai.009G196800.1.A	3853	3747.5	889.322	9.41243
Gorai.009G196800.1.D	3853	3747.5	723.678	7.65928
Gorai.009G196900.1.A	1166	1060.5	31	1.1594
Gorai.009G196900.1.D	1166	1060.5	0	0
Gorai.009G197000.1.A	1445	1339.5	6	0.177661
Gorai.009G197000.1.D	1445	1339.5	12	0.355322
Gorai.009G197100.1.A	1122	1016.5	0	0
Gorai.009G197100.1.D	1122	1016.5	0	0
Gorai.009G197200.1.A	1197	1091.5	5	0.181689
Gorai.009G197200.1.D	1197	1091.5	0	0
Gorai.009G197300.1.A	1864	1758.5	18.75	0.422905
Gorai.009G197300.1.D	1864	1758.5	11.25	0.253743
Gorai.009G197400.1.A	1376	1270.5	3.53846	0.110465
Gorai.009G197400.1.D	1376	1270.5	42.4615	1.32558
Gorai.009G197500.1.A	1706	1600.5	59.7176	1.47989
Gorai.009G197500.1.D	1706	1600.5	34.2824	0.849569
Gorai.009G197600.1.A	2322	2216.5	691.491	12.3738
Gorai.009G197600.1.D	2322	2216.5	630.509	11.2826
Gorai.009G197700.1.A	1401	1295.5	0	0
Gorai.009G197700.1.D	1401	1295.5	34	1.04094
Gorai.009G197800.1.A	780	674.505	0	0
Gorai.009G197800.1.D	780	674.505	0	0
Gorai.009G197900.1.A	1743	1637.5	286.083	6.92938
Gorai.009G197900.1.D	1743	1637.5	227.917	5.52051
Gorai.009G198000.1.A	846	740.505	6	0.321372
Gorai.009G198000.1.D	846	740.505	3	0.160686
Gorai.009G198100.1.A	3031	2925.5	2806.32	38.0471
Gorai.009G198100.1.D	3031	2925.5	2968.68	40.2483
Gorai.009G198200.1.A	4752	4646.5	123	1.04994
Gorai.009G198200.1.D	4752	4646.5	164	1.39992
Gorai.009G198300.1.A	2916	2810.5	916.693	12.9367
Gorai.009G198300.1.D	2916	2810.5	1002.31	14.1449
Gorai.009G198400.1.A	1272	1166.5	603.823	20.5309
Gorai.009G198400.1.D	1272	1166.5	484.027	16.4576
Gorai.009G198500.1.A	3225	3119.5	0	0
Gorai.009G198500.1.D	3225	3119.5	4	0.050858
Gorai.009G198600.1.A	2196	2090.5	143.451	2.72167
Gorai.009G198600.1.D	2196	2090.5	222.549	4.22241
Gorai.009G198700.1.A	1417	1311.5	0	0
Gorai.009G198700.1.D	1417	1311.5	0	0
Gorai.009G198800.1.A	2048	1942.5	417.48	8.52429
Gorai.009G198800.1.D	2048	1942.5	405.52	8.2801
Gorai.009G198900.1.A	1685	1579.5	724.643	18.1965
Gorai.009G198900.1.D	1685	1579.5	846.357	21.2529
Gorai.009G199000.1.A	1122	1016.5	1092.54	42.6299
Gorai.009G199000.1.D	1122	1016.5	1448.46	56.5172
Gorai.009G199100.1.A	2007	1901.5	37.6406	0.785135
Gorai.009G199100.1.D	2007	1901.5	35.3594	0.737551
Gorai.009G199200.1.A	546	440.551	0	0
Gorai.009G199200.1.D	546	440.551	0	0
Gorai.009G199300.1.A	588	482.551	106.644	8.76555
Gorai.009G199300.1.D	588	482.551	247.356	20.3312
Gorai.009G199400.1.A	2058	1952.5	85.9576	1.74613
Gorai.009G199400.1.D	2058	1952.5	236.042	4.79494
Gorai.009G199500.1.A	2070	1964.5	21.4565	0.433203
Gorai.009G199500.1.D	2070	1964.5	25.5435	0.515718
Gorai.009G199600.1.A	2369	2263.5	131.152	2.29815
Gorai.009G199600.1.D	2369	2263.5	28.1039	0.49246
Gorai.009G199700.1.A	1882	1776.5	74.7685	1.66931
Gorai.009G199700.1.D	1882	1776.5	400.231	8.93573
Gorai.009G199800.1.A	2604	2498.5	104.307	1.65584
Gorai.009G199800.1.D	2604	2498.5	754.693	11.9805
Gorai.009G199900.1.A	810	704.505	166.665	9.38308
Gorai.009G199900.1.D	810	704.505	80.335	4.52278
Gorai.009G200000.1.A	2689	2583.5	211.085	3.24066
Gorai.009G200000.1.D	2689	2583.5	403.915	6.20105
Gorai.009G200100.1.A	1459	1353.5	2	0.0586078
Gorai.009G200100.1.D	1459	1353.5	6	0.175823
Gorai.009G200200.1.A	873	767.505	6.5	0.335906
Gorai.009G200200.1.D	873	767.505	6.5	0.335906
Gorai.009G200300.1.A	892	786.505	187.332	9.44702
Gorai.009G200300.1.D	892	786.505	234.668	11.8342
Gorai.009G200400.1.A	2167	2061.5	105.92	2.03789
Gorai.009G200400.1.D	2167	2061.5	205.08	3.94569
Gorai.009G200500.1.A	1588	1482.5	221.058	5.91418
Gorai.009G200500.1.D	1588	1482.5	2056.94	55.0314
Gorai.009G200600.1.A	1486	1380.5	4459.25	128.118
Gorai.009G200600.1.D	1486	1380.5	1590.75	45.7034
Gorai.009G200700.1.A	2174	2068.5	572.184	10.9714
Gorai.009G200700.1.D	2174	2068.5	637.589	12.2256
Gorai.009G200800.1.A	2125	2019.5	30.0373	0.58993
Gorai.009G200800.1.D	2125	2019.5	73.1902	1.43745
Gorai.009G200900.1.A	791	685.505	0	0
Gorai.009G200900.1.D	791	685.505	1	0.0578595
Gorai.009G201000.1.A	1185	1079.5	0	0
Gorai.009G201000.1.D	1185	1079.5	0	0
Gorai.009G201100.1.A	1862	1756.5	0	0
Gorai.009G201100.1.D	1862	1756.5	0	0
Gorai.009G201200.1.A	670	564.505	0	0
Gorai.009G201200.1.D	670	564.505	0	0
Gorai.009G201300.1.A	1918	1812.5	7	0.153181
Gorai.009G201300.1.D	1918	1812.5	2	0.0437659
Gorai.009G201400.1.A	1920	1814.5	0	0
Gorai.009G201400.1.D	1920	1814.5	1	0.0218588
Gorai.009G201500.1.A	2035	1929.5	695.628	14.2993
Gorai.009G201500.1.D	2035	1929.5	360.372	7.40782
Gorai.009G201600.1.A	2393	2287.5	1035.65	17.9571
Gorai.009G201600.1.D	2393	2287.5	1095.35	18.9922
Gorai.009G201700.1.A	942	836.505	0	0
Gorai.009G201700.1.D	942	836.505	77	3.65096
Gorai.009G201800.1.A	2543	2437.5	24.8571	0.404474
Gorai.009G201800.1.D	2543	2437.5	4.14286	0.0674123
Gorai.009G201900.1.A	3306	3200.5	36.2564	0.449315
Gorai.009G201900.1.D	3306	3200.5	165.744	2.05401
Gorai.009G202000.1.A	2983	2877.5	637.752	8.79064
Gorai.009G202000.1.D	2983	2877.5	644.248	8.88019
Gorai.009G202100.1.A	1013	907.505	2.28571	0.0998983
Gorai.009G202100.1.D	1013	907.505	5.71429	0.249746
Gorai.009G202200.1.A	1495	1389.5	2	0.0570893
Gorai.009G202200.1.D	1495	1389.5	0	0
Gorai.009G202300.1.A	1644	1538.5	43.8015	1.12921
Gorai.009G202300.1.D	1644	1538.5	107.198	2.7636
Gorai.009G202400.1.A	1908	1802.5	357.916	7.87571
Gorai.009G202400.1.D	1908	1802.5	584.084	12.8524
Gorai.009G202500.1.A	2937	2831.5	44.7917	0.627429
Gorai.009G202500.1.D	2937	2831.5	5.20833	0.0729569
Gorai.009G202600.1.A	1907	1801.5	228.655	5.0342
Gorai.009G202600.1.D	1907	1801.5	142.909	3.14637
Gorai.009G202700.1.A	420	314.583	3.6	0.453891
Gorai.009G202700.1.D	420	314.583	2.4	0.302594
Gorai.009G202800.1.A	2973	2867.5	11.1765	0.154591
Gorai.009G202800.1.D	2973	2867.5	7.82353	0.108214
Gorai.009G202900.1.A	1955	1849.5	235.196	5.04382
Gorai.009G202900.1.D	1955	1849.5	195.804	4.19904
Gorai.009G203000.1.A	856	750.505	15.2	0.803295
Gorai.009G203000.1.D	856	750.505	3.8	0.200824
Gorai.009G203100.1.A	1071	965.505	339.897	13.963
Gorai.009G203100.1.D	1071	965.505	268.103	11.0137
Gorai.009G203200.1.A	1232	1126.5	199.288	7.01671
Gorai.009G203200.1.D	1232	1126.5	500.712	17.6295
Gorai.009G203300.1.A	1119	1013.5	0	0
Gorai.009G203300.1.D	1119	1013.5	0	0
Gorai.009G203400.1.A	1305	1199.5	3	0.0991983
Gorai.009G203400.1.D	1305	1199.5	1	0.0330661
Gorai.009G203500.1.A	1053	947.505	413.262	17.2993
Gorai.009G203500.1.D	1053	947.505	407.738	17.0681
Gorai.009G203600.1.A	2633	2527.5	1338.37	21.0025
Gorai.009G203600.1.D	2633	2527.5	913.627	14.3371
Gorai.009G203700.1.A	3978	3872.5	120.949	1.23879
Gorai.009G203700.1.D	3978	3872.5	74.0506	0.758441
Gorai.009G203800.1.A	2762	2656.5	526.982	7.8681
Gorai.009G203800.1.D	2762	2656.5	577.018	8.61517
Gorai.009G203900.1.A	1263	1157.5	0	0
Gorai.009G203900.1.D	1263	1157.5	3	0.102798
Gorai.009G204000.1.A	1695	1589.5	0	0
Gorai.009G204000.1.D	1695	1589.5	5	0.124765
Gorai.009G204100.1.A	2263	2157.5	450.711	8.28574
Gorai.009G204100.1.D	2263	2157.5	388.289	7.13819
Gorai.009G204200.1.A	2791	2685.5	109.824	1.62202
Gorai.009G204200.1.D	2791	2685.5	156.66	2.31375
Gorai.009G204300.1.A	1919	1813.5	75.4951	1.65115
Gorai.009G204300.1.D	1919	1813.5	32.5049	0.71091
Gorai.009G204400.1.A	1212	1106.5	42.7886	1.53377
Gorai.009G204400.1.D	1212	1106.5	234.211	8.39537
Gorai.009G204500.1.A	1744	1638.5	139.849	3.3853
Gorai.009G204500.1.D	1744	1638.5	78.1509	1.89178
Gorai.009G204600.1.A	1441	1335.5	1347.31	40.0134
Gorai.009G204600.1.D	1441	1335.5	527.695	15.6719
Gorai.009G204700.1.A	1431	1325.5	16	0.478766
Gorai.009G204700.1.D	1431	1325.5	0	0
Gorai.009G204800.1.A	423	317.583	3	0.37467
Gorai.009G204800.1.D	423	317.583	0	0
Gorai.009G204900.1.A	1435	1329.5	83.7582	2.49875
Gorai.009G204900.1.D	1435	1329.5	122.242	3.64682
Gorai.009G205000.1.A	1542	1436.5	0	0
Gorai.009G205000.1.D	1542	1436.5	2	0.0552215
Gorai.009G205100.1.A	3301	3195.5	4	0.0496484
Gorai.009G205100.1.D	3301	3195.5	12	0.148945
Gorai.009G205200.1.A	1330	1224.5	2655.96	86.0293
Gorai.009G205200.1.D	1330	1224.5	296.037	9.58893
Gorai.009G205300.1.A	1895	1789.5	145.9	3.23377
Gorai.009G205300.1.D	1895	1789.5	134.1	2.97221
Gorai.009G205400.1.A	2914	2808.5	40.8358	0.576701
Gorai.009G205400.1.D	2914	2808.5	35.1642	0.496604
Gorai.009G205500.1.A	1948	1842.5	1	0.0215266
Gorai.009G205500.1.D	1948	1842.5	1	0.0215266
Gorai.009G205600.1.A	2662	2556.5	52.6829	0.81735
Gorai.009G205600.1.D	2662	2556.5	67.3171	1.04439
Gorai.009G205700.1.A	1369	1263.5	10	0.313912
Gorai.009G205700.1.D	1369	1263.5	0	0
Gorai.009G205800.1.A	1087	981.505	181.788	7.34612
Gorai.009G205800.1.D	1087	981.505	1.21192	0.0489741
Gorai.009G205900.1.A	3090	2984.5	472.641	6.28121
Gorai.009G205900.1.D	3090	2984.5	708.359	9.41383
Gorai.009G206000.1.A	2466	2360.5	65.4545	1.09982
Gorai.009G206000.1.D	2466	2360.5	162.545	2.73121
Gorai.009G206100.1.A	1951	1845.5	44.075	0.947244
Gorai.009G206100.1.D	1951	1845.5	41.925	0.901037
Gorai.009G206200.1.A	672	566.505	3	0.21004
Gorai.009G206200.1.D	672	566.505	0	0
Gorai.009G206300.1.A	2389	2283.5	0	0
Gorai.009G206300.1.D	2389	2283.5	9	0.156324
Gorai.009G206400.1.A	1477	1371.5	0	0
Gorai.009G206400.1.D	1477	1371.5	5	0.144596
Gorai.009G206500.1.A	1440	1334.5	0	0
Gorai.009G206500.1.D	1440	1334.5	0	0
Gorai.009G206600.1.A	2154	2048.5	1	0.0193619
Gorai.009G206600.1.D	2154	2048.5	0	0
Gorai.009G206700.1.A	1968	1862.5	0	0
Gorai.009G206700.1.D	1968	1862.5	3	0.0638865
Gorai.009G206800.1.A	276	170.788	0	0
Gorai.009G206800.1.D	276	170.788	0	0
Gorai.009G206900.1.A	1979	1873.5	0	0
Gorai.009G206900.1.D	1979	1873.5	0	0
Gorai.009G207000.1.A	2097	1991.5	0.5	0.00995803
Gorai.009G207000.1.D	2097	1991.5	0.5	0.00995803
Gorai.009G207100.1.A	1848	1742.5	0	0
Gorai.009G207100.1.D	1848	1742.5	0	0
Gorai.009G207200.1.A	1612	1506.5	1	0.0263278
Gorai.009G207200.1.D	1612	1506.5	0	0
Gorai.009G207300.1.A	1299	1193.5	212.72	7.06919
Gorai.009G207300.1.D	1299	1193.5	279.895	9.30157
Gorai.009G207400.1.A	1976	1870.5	243.49	5.16307
Gorai.009G207400.1.D	1976	1870.5	564.51	11.9701
Gorai.009G207500.1.A	1152	1046.5	0	0
Gorai.009G207500.1.D	1152	1046.5	0	0
Gorai.009G207600.1.A	223	118.643	0.5	0.167152
Gorai.009G207600.1.D	223	118.643	0.5	0.167152
Gorai.009G207700.1.A	1090	984.505	0.509842	0.0205401
Gorai.009G207700.1.D	1090	984.505	0.509842	0.0205401
Gorai.009G207800.1.A	938	832.505	2275.09	108.392
Gorai.009G207800.1.D	938	832.505	252.912	12.0495
Gorai.009G207900.1.A	2097	1991.5	2	0.0398321
Gorai.009G207900.1.D	2097	1991.5	8	0.159329
Gorai.009G208000.1.A	1893	1787.5	0	0
Gorai.009G208000.1.D	1893	1787.5	396	8.78684
Gorai.009G208100.1.A	1758	1652.5	0	0
Gorai.009G208100.1.D	1758	1652.5	0	0
Gorai.009G208200.1.A	2420	2314.5	0	0
Gorai.009G208200.1.D	2420	2314.5	3	0.0514101
Gorai.009G208300.1.A	752	646.505	0	0
Gorai.009G208300.1.D	752	646.505	0	0
Gorai.009G208400.1.A	1734	1628.5	763.625	18.5984
Gorai.009G208400.1.D	1734	1628.5	1171.38	28.5294
Gorai.009G208500.1.A	2587	2481.5	124.921	1.99667
Gorai.009G208500.1.D	2587	2481.5	112.079	1.7914
Gorai.009G208600.1.A	2880	2774.5	101.756	1.45466
Gorai.009G208600.1.D	2880	2774.5	229.244	3.27716
Gorai.009G208700.1.A	1422	1316.5	29.9206	0.901433
Gorai.009G208700.1.D	1422	1316.5	35.0794	1.05685
Gorai.009G208800.1.A	2810	2704.5	47.9271	0.702875
Gorai.009G208800.1.D	2810	2704.5	59.0729	0.866334
Gorai.009G208900.1.A	1431	1325.5	7.53846	0.225573
Gorai.009G208900.1.D	1431	1325.5	6.46154	0.193348
Gorai.009G209000.1.A	1343	1237.5	12.7188	0.407645
Gorai.009G209000.1.D	1343	1237.5	135.281	4.33586
Gorai.009G209100.1.A	530	424.551	0	0
Gorai.009G209100.1.D	530	424.551	0	0
Gorai.009G209200.1.A	1719	1613.5	33.8113	0.831145
Gorai.009G209200.1.D	1719	1613.5	22.1887	0.545439
Gorai.009G209300.1.A	2911	2805.5	62.5882	0.884844
Gorai.009G209300.1.D	2911	2805.5	49.4118	0.698561
Gorai.009G209400.1.A	2420	2314.5	760.459	13.0317
Gorai.009G209400.1.D	2420	2314.5	170.82	2.92728
Gorai.009G209500.1.A	1934	1828.5	37.4836	0.813074
Gorai.009G209500.1.D	1934	1828.5	94.2383	2.04417
Gorai.009G209600.1.A	2003	1897.5	41.0577	0.858216
Gorai.009G209600.1.D	2003	1897.5	80.9423	1.69191
Gorai.009G209700.1.A	537	431.551	0	0
Gorai.009G209700.1.D	537	431.551	1	0.0919078
Gorai.009G209800.1.A	572	466.551	0	0
Gorai.009G209800.1.D	572	466.551	0	0
Gorai.009G209900.1.A	3964	3858.5	34.125	0.350783
Gorai.009G209900.1.D	3964	3858.5	56.875	0.584638
Gorai.009G210000.1.A	1239	1133.5	0	0
Gorai.009G210000.1.D	1239	1133.5	0	0
Gorai.009G210100.1.A	390	284.583	0	0
Gorai.009G210100.1.D	390	284.583	0	0
Gorai.009G210200.1.A	336	230.63	0	0
Gorai.009G210200.1.D	336	230.63	0	0
Gorai.009G210300.1.A	1591	1485.5	1171.21	31.2712
Gorai.009G210300.1.D	1591	1485.5	43.7939	1.1693
Gorai.009G210400.1.A	1254	1148.5	0	0
Gorai.009G210400.1.D	1254	1148.5	0	0
Gorai.009G210500.1.A	1345	1239.5	0	0
Gorai.009G210500.1.D	1345	1239.5	0	0
Gorai.009G210600.1.A	1226	1120.5	537.061	19.0106
Gorai.009G210600.1.D	1226	1120.5	402.194	14.2366
Gorai.009G210700.1.A	1142	1036.5	31.7059	1.21326
Gorai.009G210700.1.D	1142	1036.5	45.2941	1.73323
Gorai.009G210800.1.A	1762	1656.5	1793.29	42.9382
Gorai.009G210800.1.D	1762	1656.5	148.706	3.56058
Gorai.009G210900.1.A	2052	1946.5	357.883	7.29239
Gorai.009G210900.1.D	2052	1946.5	91.1174	1.85665
Gorai.009G211000.1.A	1392	1286.5	233.852	7.20967
Gorai.009G211000.1.D	1392	1286.5	271.148	8.35948
Gorai.009G211100.1.A	2262	2156.5	339.319	6.24084
Gorai.009G211100.1.D	2262	2156.5	407.681	7.49816
Gorai.009G211200.1.A	1717	1611.5	106.868	2.63028
Gorai.009G211200.1.D	1717	1611.5	76.3344	1.87877
Gorai.009G211300.1.A	3932	3826.5	82.7239	0.85746
Gorai.009G211300.1.D	3932	3826.5	228.276	2.36615
Gorai.009G211400.1.A	2125	2019.5	588.666	11.5614
Gorai.009G211400.1.D	2125	2019.5	232.334	4.56302
Gorai.009G211500.1.A	2822	2716.5	297.905	4.34963
Gorai.009G211500.1.D	2822	2716.5	70.0952	1.02344
Gorai.009G211600.1.A	2038	1932.5	70.6977	1.45101
Gorai.009G211600.1.D	2038	1932.5	24.3023	0.498784
Gorai.009G211700.1.A	873	767.505	19.3125	0.998027
Gorai.009G211700.1.D	873	767.505	392.688	20.2932
Gorai.009G211800.1.A	1148	1042.5	3.5	0.13316
Gorai.009G211800.1.D	1148	1042.5	10.5	0.399481
Gorai.009G211900.1.A	1893	1787.5	2	0.044378
Gorai.009G211900.1.D	1893	1787.5	6	0.133134
Gorai.009G212000.1.A	279	173.788	0	0
Gorai.009G212000.1.D	279	173.788	0	0
Gorai.009G212100.1.A	2189	2083.5	101.224	1.92697
Gorai.009G212100.1.D	2189	2083.5	58.7755	1.11889
Gorai.009G212200.1.A	1428	1322.5	21.7857	0.65337
Gorai.009G212200.1.D	1428	1322.5	39.2143	1.17607
Gorai.009G212300.1.A	3303	3197.5	672.75	8.34502
Gorai.009G212300.1.D	3303	3197.5	606.25	7.52014
Gorai.009G212400.1.A	2908	2802.5	369.747	5.23291
Gorai.009G212400.1.D	2908	2802.5	909.253	12.8684
Gorai.009G212500.1.A	2327	2221.5	0	0
Gorai.009G212500.1.D	2327	2221.5	1	0.0178541
Gorai.009G212600.1.A	2642	2536.5	451.26	7.05629
Gorai.009G212600.1.D	2642	2536.5	247.381	3.86826
Gorai.009G212700.1.A	3958	3852.5	646.839	6.65945
Gorai.009G212700.1.D	3958	3852.5	1245.52	12.8231
Gorai.009G212800.1.A	2674	2568.5	3449.7	53.2703
Gorai.009G212800.1.D	2674	2568.5	2910.3	44.941
Gorai.009G212900.1.A	810	704.505	0	0
Gorai.009G212900.1.D	810	704.505	0	0
Gorai.009G213000.1.A	463	357.551	0	0
Gorai.009G213000.1.D	463	357.551	0	0
Gorai.009G213100.1.A	1811	1705.5	0	0
Gorai.009G213100.1.D	1811	1705.5	1	0.0232558
Gorai.009G213200.1.A	1272	1166.5	349.273	11.8758
Gorai.009G213200.1.D	1272	1166.5	365.672	12.4334
Gorai.009G213300.1.A	1790	1684.5	8.70968	0.205076
Gorai.009G213300.1.D	1790	1684.5	36.2903	0.854483
Gorai.009G213400.1.A	846	740.505	0	0
Gorai.009G213400.1.D	846	740.505	0	0
Gorai.009G213500.1.A	2280	2174.5	0	0
Gorai.009G213500.1.D	2280	2174.5	0	0
Gorai.009G213600.1.A	2205	2099.5	0	0
Gorai.009G213600.1.D	2205	2099.5	0	0
Gorai.009G213700.1.A	2458	2352.5	99.6667	1.68037
Gorai.009G213700.1.D	2458	2352.5	95.3333	1.60731
Gorai.009G213800.1.A	1785	1679.5	69.6667	1.64524
Gorai.009G213800.1.D	1785	1679.5	44.3333	1.04697
Gorai.009G213900.1.A	3098	2992.5	910.79	12.0717
Gorai.009G213900.1.D	3098	2992.5	914.21	12.117
Gorai.009G214000.1.A	2135	2029.5	65.3052	1.27627
Gorai.009G214000.1.D	2135	2029.5	148.695	2.90597
Gorai.009G214100.1.A	2007	1901.5	9	0.187728
Gorai.009G214100.1.D	2007	1901.5	0	0
Gorai.009G214200.1.A	1227	1121.5	8.72727	0.308647
Gorai.009G214200.1.D	1227	1121.5	3.27273	0.115743
Gorai.009G214300.1.A	1112	1006.5	508.189	20.026
Gorai.009G214300.1.D	1112	1006.5	177.811	7.00694
Gorai.009G214400.1.A	2096	1990.5	514.037	10.2427
Gorai.009G214400.1.D	2096	1990.5	216.963	4.32323
Gorai.009G214500.1.A	1021	915.505	160.525	6.95451
Gorai.009G214500.1.D	1021	915.505	34.4751	1.49359
Gorai.009G214600.1.A	4330	4224.5	550.003	5.16386
Gorai.009G214600.1.D	4330	4224.5	721.144	6.77066
Gorai.009G214700.1.A	2587	2481.5	85.3091	1.36353
Gorai.009G214700.1.D	2587	2481.5	52.6909	0.842181
Gorai.009G214800.1.A	1816	1710.5	39.3871	0.913302
Gorai.009G214800.1.D	1816	1710.5	71.6129	1.66055
Gorai.009G214900.1.A	2282	2176.5	866.775	15.7954
Gorai.009G214900.1.D	2282	2176.5	1483.23	27.0292
Gorai.009G215000.1.A	838	732.505	16	0.866352
Gorai.009G215000.1.D	838	732.505	0	0
Gorai.009G215100.1.A	1602	1496.5	612.191	16.2253
Gorai.009G215100.1.D	1602	1496.5	979.809	25.9686
Gorai.009G215200.1.A	1112	1006.5	0	0
Gorai.009G215200.1.D	1112	1006.5	0	0
Gorai.009G215300.1.A	1151	1045.5	746.982	28.338
Gorai.009G215300.1.D	1151	1045.5	568.018	21.5487
Gorai.009G215400.1.A	2068	1962.5	70.8	1.43089
Gorai.009G215400.1.D	2068	1962.5	223.2	4.51095
Gorai.009G215500.1.A	1171	1065.5	224.23	8.34685
Gorai.009G215500.1.D	1171	1065.5	261.77	9.74429
Gorai.009G215600.1.A	1889	1783.5	27.9459	0.621483
Gorai.009G215600.1.D	1889	1783.5	19.0541	0.423739
Gorai.009G215700.1.A	1402	1296.5	30.678	0.938507
Gorai.009G215700.1.D	1402	1296.5	150.322	4.59868
Gorai.009G215800.1.A	1236	1130.5	7.11864	0.249752
Gorai.009G215800.1.D	1236	1130.5	112.881	3.96036
Gorai.009G215900.1.A	1024	918.505	22.2571	0.96111
Gorai.009G215900.1.D	1024	918.505	18.7429	0.809356
Gorai.009G216000.1.A	2328	2222.5	10.1739	0.181564
Gorai.009G216000.1.D	2328	2222.5	15.8261	0.282433
Gorai.009G216100.1.A	528	422.551	0	0
Gorai.009G216100.1.D	528	422.551	3	0.281596
Gorai.009G216200.1.A	2589	2483.5	0	0
Gorai.009G216200.1.D	2589	2483.5	0	0
Gorai.009G216300.1.A	623	517.505	1	0.0766427
Gorai.009G216300.1.D	623	517.505	0	0
Gorai.009G216400.1.A	1225	1119.5	2106.2	74.6206
Gorai.009G216400.1.D	1225	1119.5	2835.8	100.47
Gorai.009G216500.1.A	1669	1563.5	34.8857	0.88498
Gorai.009G216500.1.D	1669	1563.5	2.11429	0.0536351
Gorai.009G216600.1.A	225	120.599	0	0
Gorai.009G216600.1.D	225	120.599	0	0
Gorai.009G216700.1.A	812	706.505	2	0.112279
Gorai.009G216700.1.D	812	706.505	4	0.224559
Gorai.009G216800.1.A	1811	1705.5	2.22222	0.0516796
Gorai.009G216800.1.D	1811	1705.5	7.77778	0.180879
Gorai.009G216900.1.A	1233	1127.5	1	0.0351776
Gorai.009G216900.1.D	1233	1127.5	0	0
Gorai.009G217000.1.A	1829	1723.5	2	0.0460259
Gorai.009G217000.1.D	1829	1723.5	0	0
Gorai.009G217100.1.A	2267	2161.5	406.108	7.45196
Gorai.009G217100.1.D	2267	2161.5	243.892	4.47534
Gorai.009G217200.1.A	2026	1920.5	17.2	0.35522
Gorai.009G217200.1.D	2026	1920.5	25.8	0.532831
Gorai.009G217300.1.A	2571	2465.5	146.296	2.35349
Gorai.009G217300.1.D	2571	2465.5	462.704	7.44359
Gorai.009G217400.1.A	569	463.551	0	0
Gorai.009G217400.1.D	569	463.551	0	0
Gorai.009G217500.1.A	2315	2209.5	4549.44	81.6672
Gorai.009G217500.1.D	2315	2209.5	4074.48	73.1412
Gorai.009G217600.1.A	2018	1912.5	130.002	2.69607
Gorai.009G217600.1.D	2018	1912.5	411.08	8.52528
Gorai.009G217700.1.A	498	392.551	8	0.808311
Gorai.009G217700.1.D	498	392.551	1	0.101039
Gorai.009G217800.1.A	1812	1706.5	122.864	2.85563
Gorai.009G217800.1.D	1812	1706.5	134.136	3.11762
Gorai.009G217900.1.A	1305	1199.5	196.234	6.48868
Gorai.009G217900.1.D	1305	1199.5	89.7664	2.96823
Gorai.009G218000.1.A	2834	2728.5	117.265	1.70462
Gorai.009G218000.1.D	2834	2728.5	1263.74	18.3703
Gorai.009G218100.1.A	1155	1049.5	6	0.226752
Gorai.009G218100.1.D	1155	1049.5	0	0
Gorai.009G218200.1.A	867	761.505	26.7692	1.39427
Gorai.009G218200.1.D	867	761.505	60.2308	3.13712
Gorai.009G218300.1.A	989	883.505	79.4845	3.56828
Gorai.009G218300.1.D	989	883.505	111.516	5.00624
Gorai.009G218400.1.A	729	623.505	4	0.254452
Gorai.009G218400.1.D	729	623.505	0	0
Gorai.009G218500.1.A	1043	937.505	102.321	4.32889
Gorai.009G218500.1.D	1043	937.505	2608.68	110.365
Gorai.009G218600.1.A	2894	2788.5	385.81	5.48766
Gorai.009G218600.1.D	2894	2788.5	555.19	7.89687
Gorai.009G218700.1.A	372	266.583	2.30769	0.343345
Gorai.009G218700.1.D	372	266.583	12.6923	1.88839
Gorai.009G218800.1.A	887	781.505	146.215	7.42073
Gorai.009G218800.1.D	887	781.505	69.7846	3.54171
Gorai.009G218900.1.A	1582	1476.5	25.4118	0.682629
Gorai.009G218900.1.D	1582	1476.5	28.5882	0.767958
Gorai.009G219000.1.A	1472	1366.5	2147.05	62.3185
Gorai.009G219000.1.D	1472	1366.5	3326.95	96.5649
Gorai.009G219100.1.A	1155	1049.5	0	0
Gorai.009G219100.1.D	1155	1049.5	12	0.453505
Gorai.009G219200.1.A	4018	3912.5	148.011	1.50046
Gorai.009G219200.1.D	4018	3912.5	184.51	1.87046
Gorai.009G219300.1.A	1924	1818.5	553.486	12.0719
Gorai.009G219300.1.D	1924	1818.5	538.993	11.7558
Gorai.009G219400.1.A	1867	1761.5	4	0.090066
Gorai.009G219400.1.D	1867	1761.5	0	0
Gorai.009G219500.1.A	735	629.505	0	0
Gorai.009G219500.1.D	735	629.505	0	0
Gorai.009G219600.1.A	1599	1493.5	1284.49	34.1121
Gorai.009G219600.1.D	1599	1493.5	3902.51	103.639
Gorai.009G219700.1.A	1273	1167.5	29.8197	1.01305
Gorai.009G219700.1.D	1273	1167.5	77.1803	2.622
Gorai.009G219800.1.A	1547	1441.5	41.1667	1.1327
Gorai.009G219800.1.D	1547	1441.5	153.833	4.23272
Gorai.009G219900.1.A	1644	1538.5	364.602	9.39951
Gorai.009G219900.1.D	1644	1538.5	249.398	6.42953
Gorai.009G220000.1.A	382	276.583	7.5	1.07552
Gorai.009G220000.1.D	382	276.583	7.5	1.07552
Gorai.009G220100.1.A	2623	2517.5	45.1116	0.710727
Gorai.009G220100.1.D	2623	2517.5	189.888	2.99167
Gorai.009G220200.1.A	704	598.505	162.459	10.7661
Gorai.009G220200.1.D	704	598.505	164.541	10.9042
Gorai.009G220300.1.A	1395	1289.5	98.5594	3.03152
Gorai.009G220300.1.D	1395	1289.5	225.441	6.93416
Gorai.009G220400.1.A	1765	1659.5	60.7895	1.4529
Gorai.009G220400.1.D	1765	1659.5	93.2105	2.22778
Gorai.009G220500.1.A	2121	2015.5	2	0.0393578
Gorai.009G220500.1.D	2121	2015.5	0	0
Gorai.009G220600.1.A	857	751.505	1	0.052778
Gorai.009G220600.1.D	857	751.505	1	0.052778
Gorai.009G220700.1.A	2134	2028.5	6	0.117317
Gorai.009G220700.1.D	2134	2028.5	1	0.0195528
Gorai.009G220800.1.A	1018	912.505	0	0
Gorai.009G220800.1.D	1018	912.505	6	0.260796
Gorai.009G220900.1.A	3788	3682.5	1394.31	15.0176
Gorai.009G220900.1.D	3788	3682.5	1049.69	11.3059
Gorai.009G221000.1.A	1690	1584.5	94.7068	2.37068
Gorai.009G221000.1.D	1690	1584.5	266.293	6.66579
Gorai.009G221100.1.A	2577	2471.5	232.2	3.72637
Gorai.009G221100.1.D	2577	2471.5	199.8	3.20641
Gorai.009G221200.1.A	1493	1387.5	1	0.0285858
Gorai.009G221200.1.D	1493	1387.5	30	0.857574
Gorai.009G221300.1.A	1637	1531.5	0	0
Gorai.009G221300.1.D	1637	1531.5	0	0
Gorai.009G221400.1.A	2004	1898.5	236.998	4.95128
Gorai.009G221400.1.D	2004	1898.5	194.002	4.05304
Gorai.009G221500.1.A	526	420.551	2	0.188624
Gorai.009G221500.1.D	526	420.551	0	0
Gorai.009G221600.1.A	669	563.505	27.4821	1.93436
Gorai.009G221600.1.D	669	563.505	29.5179	2.07765
Gorai.009G221700.1.A	1771	1665.5	71.5152	1.70309
Gorai.009G221700.1.D	1771	1665.5	8.48485	0.202061
Gorai.009G221800.1.A	990	884.505	6.11111	0.274034
Gorai.009G221800.1.D	990	884.505	4.88889	0.219227
Gorai.009G221900.1.A	1599	1493.5	5	0.132785
Gorai.009G221900.1.D	1599	1493.5	5	0.132785
Gorai.009G222000.1.A	405	299.583	3	0.397181
Gorai.009G222000.1.D	405	299.583	0	0
Gorai.009G222100.1.A	2950	2844.5	3187.42	44.4444
Gorai.009G222100.1.D	2950	2844.5	1983.58	27.6585
Gorai.009G222200.1.A	3057	2951.5	33.5237	0.450499
Gorai.009G222200.1.D	3057	2951.5	54.4821	0.732141
Gorai.009G222300.1.A	3067	2961.5	591.108	7.91662
Gorai.009G222300.1.D	3067	2961.5	734.892	9.84228
Gorai.009G222400.1.A	2059	1953.5	145.318	2.95047
Gorai.009G222400.1.D	2059	1953.5	192.682	3.91211
Gorai.009G222500.1.A	1583	1477.5	100.649	2.70189
Gorai.009G222500.1.D	1583	1477.5	54.3506	1.45902
Gorai.009G222600.1.A	1376	1270.5	359.395	11.2197
Gorai.009G222600.1.D	1376	1270.5	288.605	9.00975
Gorai.009G222700.1.A	1407	1301.5	0	0
Gorai.009G222700.1.D	1407	1301.5	0	0
Gorai.009G222800.1.A	3428	3322.5	25.7879	0.307847
Gorai.009G222800.1.D	3428	3322.5	11.2121	0.133847
Gorai.009G222900.1.A	1401	1295.5	0.5	0.0153079
Gorai.009G222900.1.D	1401	1295.5	0.5	0.0153079
Gorai.009G223000.1.A	2120	2014.5	67.0103	1.31934
Gorai.009G223000.1.D	2120	2014.5	32.9897	0.649524
Gorai.009G223100.1.A	699	593.505	7.77778	0.519776
Gorai.009G223100.1.D	699	593.505	6.22222	0.415821
Gorai.009G223200.1.A	2540	2434.5	9.6	0.156403
Gorai.009G223200.1.D	2540	2434.5	2.4	0.0391008
Gorai.009G223300.1.A	715	609.505	0	0
Gorai.009G223300.1.D	715	609.505	2	0.130148
Gorai.009G223400.1.A	625	519.505	0	0
Gorai.009G223400.1.D	625	519.505	1	0.0763476
Gorai.009G223500.1.A	3078	2972.5	256.241	3.41909
Gorai.009G223500.1.D	3078	2972.5	27.7594	0.370401
Gorai.009G223600.1.A	2351	2245.5	2	0.0353265
Gorai.009G223600.1.D	2351	2245.5	1	0.0176633
Gorai.009G223700.1.A	2230	2124.5	599.762	11.1971
Gorai.009G223700.1.D	2230	2124.5	533.238	9.95515
Gorai.009G223800.1.A	1116	1010.5	76.8	3.01445
Gorai.009G223800.1.D	1116	1010.5	83.2	3.26565
Gorai.009G223900.1.A	1079	973.505	80.5	3.27977
Gorai.009G223900.1.D	1079	973.505	115.5	4.70575
Gorai.009G224000.1.A	2135	2029.5	407.832	7.97033
Gorai.009G224000.1.D	2135	2029.5	101.168	1.97714
Gorai.009G224100.1.A	504	398.551	32	3.18457
Gorai.009G224100.1.D	504	398.551	45	4.4783
Gorai.009G224200.1.A	273	167.834	0	0
Gorai.009G224200.1.D	273	167.834	0	0
Gorai.009G224300.1.A	1698	1592.5	260.571	6.4898
Gorai.009G224300.1.D	1698	1592.5	147.429	3.67186
Gorai.009G224400.1.A	2015	1909.5	425.397	8.83606
Gorai.009G224400.1.D	2015	1909.5	311.603	6.47241
Gorai.009G224500.1.A	2318	2212.5	40.5	0.726032
Gorai.009G224500.1.D	2318	2212.5	4.5	0.0806702
Gorai.009G224600.1.A	2962	2856.5	15.7778	0.219077
Gorai.009G224600.1.D	2962	2856.5	126.222	1.75261
Gorai.009G224700.1.A	2181	2075.5	579.669	11.0775
Gorai.009G224700.1.D	2181	2075.5	136.331	2.6053
Gorai.009G224800.1.A	1807	1701.5	96820.8	2256.94
Gorai.009G224800.1.D	1807	1701.5	168880	3936.67
Gorai.009G224900.1.A	1049	943.505	133.83	5.62594
Gorai.009G224900.1.D	1049	943.505	39.1698	1.64662
Gorai.009G225000.1.A	850	744.505	189.241	10.0817
Gorai.009G225000.1.D	850	744.505	115.759	6.16698
Gorai.009G225100.1.A	3393	3287.5	116.447	1.40491
Gorai.009G225100.1.D	3393	3287.5	55.5528	0.670231
Gorai.009G225200.1.A	354	248.63	0	0
Gorai.009G225200.1.D	354	248.63	0	0
Gorai.009G225300.1.A	3594	3488.5	527.398	5.99631
Gorai.009G225300.1.D	3594	3488.5	661.602	7.52216
Gorai.009G225400.1.A	1075	969.505	0	0
Gorai.009G225400.1.D	1075	969.505	10	0.409105
Gorai.009G225500.1.A	2829	2723.5	108.197	1.5757
Gorai.009G225500.1.D	2829	2723.5	342.803	4.99231
Gorai.009G225600.1.A	1982	1876.5	0	0
Gorai.009G225600.1.D	1982	1876.5	3	0.0634098
Gorai.009G225700.1.A	731	625.505	1.2	0.0760914
Gorai.009G225700.1.D	731	625.505	10.8	0.684823
Gorai.009G225800.1.A	3994	3888.5	56.5421	0.576732
Gorai.009G225800.1.D	3994	3888.5	64.4579	0.657474
Gorai.009G225900.1.A	2280	2174.5	150.033	2.7366
Gorai.009G225900.1.D	2280	2174.5	71.967	1.31268
Gorai.009G226000.1.A	1970	1864.5	3762.4	80.0362
Gorai.009G226000.1.D	1970	1864.5	2983.6	63.469
Gorai.009G226100.1.A	1069	963.505	1	0.0411653
Gorai.009G226100.1.D	1069	963.505	0	0
Gorai.009G226200.1.A	1371	1265.5	5	0.156708
Gorai.009G226200.1.D	1371	1265.5	1	0.0313416
Gorai.009G226300.1.A	1530	1424.5	115.403	3.21321
Gorai.009G226300.1.D	1530	1424.5	98.5969	2.74526
Gorai.009G226400.1.A	1617	1511.5	26	0.682258
Gorai.009G226400.1.D	1617	1511.5	6	0.157444
Gorai.009G226500.1.A	1060	954.505	31.1142	1.2929
Gorai.009G226500.1.D	1060	954.505	0	0
Gorai.009G226600.1.A	717	611.505	0	0
Gorai.009G226600.1.D	717	611.505	0	0
Gorai.009G226700.1.A	1864	1758.5	193.322	4.36036
Gorai.009G226700.1.D	1864	1758.5	176.678	3.98496
Gorai.009G226800.1.A	1674	1568.5	1053.24	26.6333
Gorai.009G226800.1.D	1674	1568.5	446.763	11.2973
Gorai.009G226900.1.A	1894	1788.5	368.783	8.17835
Gorai.009G226900.1.D	1894	1788.5	451.217	10.0065
Gorai.009G227000.1.A	2473	2367.5	4.36364	0.0731042
Gorai.009G227000.1.D	2473	2367.5	11.6364	0.194945
Gorai.009G227100.1.A	622	516.505	0	0
Gorai.009G227100.1.D	622	516.505	0	0
Gorai.009G227200.1.A	2262	2156.5	0	0
Gorai.009G227200.1.D	2262	2156.5	2	0.0367845
Gorai.009G227300.1.A	297	191.687	4	0.827659
Gorai.009G227300.1.D	297	191.687	0	0
Gorai.009G227400.1.A	1275	1169.5	4	0.135657
Gorai.009G227400.1.D	1275	1169.5	13	0.440886
Gorai.009G227500.1.A	766	660.505	0	0
Gorai.009G227500.1.D	766	660.505	5	0.300247
Gorai.009G227600.1.A	966	860.505	63.951	2.94767
Gorai.009G227600.1.D	966	860.505	91.049	4.19669
Gorai.009G227700.1.A	2637	2531.5	448.764	7.03111
Gorai.009G227700.1.D	2637	2531.5	221.236	3.46627
Gorai.009G227800.1.A	2292	2186.5	7	0.126979
Gorai.009G227800.1.D	2292	2186.5	1	0.0181399
Gorai.009G227900.1.A	833	727.505	4	0.218077
Gorai.009G227900.1.D	833	727.505	0	0
Gorai.009G228000.1.A	852	746.505	39.7458	2.11175
Gorai.009G228000.1.D	852	746.505	27.2542	1.44806
Gorai.009G228100.1.A	4193	4087.5	23.4762	0.2278
Gorai.009G228100.1.D	4193	4087.5	5.52381	0.0536001
Gorai.009G228200.1.A	11646	11540.5	189.867	0.652545
Gorai.009G228200.1.D	11646	11540.5	1428.13	4.90827
Gorai.009G228300.1.A	1172	1066.5	4	0.148759
Gorai.009G228300.1.D	1172	1066.5	2	0.0743793
Gorai.009G228400.1.A	3645	3539.5	8.94118	0.100193
Gorai.009G228400.1.D	3645	3539.5	10.0588	0.112717
Gorai.009G228500.1.A	2212	2106.5	84.6542	1.59394
Gorai.009G228500.1.D	2212	2106.5	65.3162	1.22983
Gorai.009G228600.1.A	1907	1801.5	184.434	4.0606
Gorai.009G228600.1.D	1907	1801.5	216.596	4.76869
Gorai.009G228700.1.A	8973	8867.5	1122.27	5.01973
Gorai.009G228700.1.D	8973	8867.5	946.731	4.23458
Gorai.009G228800.1.A	3825	3719.5	15.8093	0.168582
Gorai.009G228800.1.D	3825	3719.5	25.2948	0.269731
Gorai.009G228900.1.A	1212	1106.5	192.278	6.89226
Gorai.009G228900.1.D	1212	1106.5	229.722	8.23444
Gorai.009G229000.1.A	339	233.63	0	0
Gorai.009G229000.1.D	339	233.63	0	0
Gorai.009G229100.1.A	1445	1339.5	31.6535	0.937266
Gorai.009G229100.1.D	1445	1339.5	102.346	3.03049
Gorai.009G229200.1.A	345	239.63	0	0
Gorai.009G229200.1.D	345	239.63	0	0
Gorai.009G229300.1.A	2655	2549.5	2465.4	38.3545
Gorai.009G229300.1.D	2655	2549.5	2036.49	31.682
Gorai.009G229400.1.A	4292	4186.5	39.2239	0.371607
Gorai.009G229400.1.D	4292	4186.5	33.7761	0.319995
Gorai.009G229500.1.A	2136	2030.5	594.22	11.6072
Gorai.009G229500.1.D	2136	2030.5	570.78	11.1493
Gorai.009G229600.1.A	3844	3738.5	516.164	5.47614
Gorai.009G229600.1.D	3844	3738.5	436.836	4.63452
Gorai.009G229700.1.A	579	473.551	1.56375	0.130974
Gorai.009G229700.1.D	579	473.551	1.56375	0.130974
Gorai.009G229800.1.A	1680	1574.5	91.3846	2.30205
Gorai.009G229800.1.D	1680	1574.5	128.615	3.23992
Gorai.009G229900.1.A	1978	1872.5	464.694	9.84303
Gorai.009G229900.1.D	1978	1872.5	324.306	6.86938
Gorai.009G230000.1.A	981	875.505	0	0
Gorai.009G230000.1.D	981	875.505	0	0
Gorai.009G230100.1.A	1615	1509.5	31.875	0.837531
Gorai.009G230100.1.D	1615	1509.5	2.125	0.0558354
Gorai.009G230200.1.A	1880	1774.5	628.285	14.0431
Gorai.009G230200.1.D	1880	1774.5	513.715	11.4823
Gorai.009G230300.1.A	1869	1763.5	89.1324	2.00468
Gorai.009G230300.1.D	1869	1763.5	154.868	3.48312
Gorai.009G230400.1.A	1227	1121.5	73.8281	2.61099
Gorai.009G230400.1.D	1227	1121.5	1.17188	0.0414443
Gorai.009G230500.1.A	3400	3294.5	14.6957	0.176923
Gorai.009G230500.1.D	3400	3294.5	63.3043	0.762129
Gorai.009G230600.1.A	1196	1090.5	548.982	19.9671
Gorai.009G230600.1.D	1196	1090.5	554.018	20.1503
Gorai.009G230700.1.A	4727	4621.5	2077.23	17.8273
Gorai.009G230700.1.D	4727	4621.5	2950.77	25.3242
Gorai.009G230800.1.A	2448	2342.5	549.12	9.29761
Gorai.009G230800.1.D	2448	2342.5	53.8802	0.912292
Gorai.009G230900.1.A	380	274.583	0	0
Gorai.009G230900.1.D	380	274.583	1	0.144448
Gorai.009G231000.1.A	1043	937.505	2512.44	106.294
Gorai.009G231000.1.D	1043	937.505	4395.56	185.963
Gorai.009G231100.1.A	885	779.505	49	2.49323
Gorai.009G231100.1.D	885	779.505	0	0
Gorai.009G231200.1.A	683	577.505	0	0
Gorai.009G231200.1.D	683	577.505	0	0
Gorai.009G231300.1.A	1934	1828.5	4.72727	0.102541
Gorai.009G231300.1.D	1934	1828.5	21.2727	0.461437
Gorai.009G231400.1.A	1209	1103.5	136.261	4.89758
Gorai.009G231400.1.D	1209	1103.5	757.295	27.2192
Gorai.009G231500.1.A	488	382.551	54.2609	5.62577
Gorai.009G231500.1.D	488	382.551	401.739	41.6523
Gorai.009G231600.1.A	2991	2885.5	194.067	2.66757
Gorai.009G231600.1.D	2991	2885.5	207.433	2.85128
Gorai.009G231700.1.A	1139	1033.5	10.8571	0.416666
Gorai.009G231700.1.D	1139	1033.5	8.14286	0.312499
Gorai.009G231800.1.A	1470	1364.5	2	0.0581353
Gorai.009G231800.1.D	1470	1364.5	2	0.0581353
Gorai.009G231900.1.A	1418	1312.5	1169.75	35.3491
Gorai.009G231900.1.D	1418	1312.5	1359.25	41.0754
Gorai.009G232000.1.A	3078	2972.5	324.152	4.32524
Gorai.009G232000.1.D	3078	2972.5	235.848	3.14699
Gorai.009G232100.1.A	1308	1202.5	32.9268	1.08605
Gorai.009G232100.1.D	1308	1202.5	57.0732	1.88248
Gorai.009G232200.1.A	1914	1808.5	140.5	3.08135
Gorai.009G232200.1.D	1914	1808.5	140.5	3.08135
Gorai.009G232300.1.A	2073	1967.5	44.3902	0.894863
Gorai.009G232300.1.D	2073	1967.5	85.6098	1.72581
Gorai.009G232400.1.A	1503	1397.5	68.2533	1.93711
Gorai.009G232400.1.D	1503	1397.5	870.747	24.7129
Gorai.009G232500.1.A	1708	1602.5	0	0
Gorai.009G232500.1.D	1708	1602.5	0	0
Gorai.009G232600.1.A	888	782.505	0	0
Gorai.009G232600.1.D	888	782.505	0	0
Gorai.009G232700.1.A	1954	1848.5	292.31	6.27203
Gorai.009G232700.1.D	1954	1848.5	154.69	3.31914
Gorai.009G232800.1.A	1582	1476.5	0	0
Gorai.009G232800.1.D	1582	1476.5	0	0
Gorai.009G232900.1.A	1018	912.505	4	0.173864
Gorai.009G232900.1.D	1018	912.505	0	0
Gorai.009G233000.1.A	1622	1516.5	5.35714	0.140112
Gorai.009G233000.1.D	1622	1516.5	9.64286	0.252201
Gorai.009G233100.1.A	1101	995.505	47.9936	1.91216
Gorai.009G233100.1.D	1101	995.505	1453.01	57.8907
Gorai.009G233200.1.A	1409	1303.5	0	0
Gorai.009G233200.1.D	1409	1303.5	0	0
Gorai.009G233300.1.A	1005	899.505	8	0.352754
Gorai.009G233300.1.D	1005	899.505	5	0.220471
Gorai.009G233400.1.A	1558	1452.5	47.4921	1.29685
Gorai.009G233400.1.D	1558	1452.5	20.5079	0.560002
Gorai.009G233500.1.A	843	737.505	108	5.80823
Gorai.009G233500.1.D	843	737.505	0	0
Gorai.009G233600.1.A	1001	895.505	772.302	34.2062
Gorai.009G233600.1.D	1001	895.505	1108.7	49.1055
Gorai.009G233700.1.A	818	712.505	473.898	26.3804
Gorai.009G233700.1.D	818	712.505	54.1025	3.01172
Gorai.009G233800.1.A	3139	3033.5	359.754	4.70377
Gorai.009G233800.1.D	3139	3033.5	331.246	4.33102
Gorai.009G233900.1.A	1587	1481.5	156.384	4.18672
Gorai.009G233900.1.D	1587	1481.5	294.616	7.88748
Gorai.009G234000.1.A	273	167.834	0	0
Gorai.009G234000.1.D	273	167.834	10	2.36322
Gorai.009G234100.1.A	2453	2347.5	275.439	4.65377
Gorai.009G234100.1.D	2453	2347.5	141.561	2.39178
Gorai.009G234200.1.A	1336	1230.5	133.05	4.28859
Gorai.009G234200.1.D	1336	1230.5	226.789	7.3101
Gorai.009G234300.1.A	300	194.687	0	0
Gorai.009G234300.1.D	300	194.687	0	0
Gorai.009G234400.1.A	1416	1310.5	772.643	23.3844
Gorai.009G234400.1.D	1416	1310.5	1215.35	36.783
Gorai.009G234500.1.A	1500	1394.5	11.4545	0.325794
Gorai.009G234500.1.D	1500	1394.5	6.54545	0.186168
Gorai.009G234600.1.A	1774	1668.5	774.051	18.4004
Gorai.009G234600.1.D	1774	1668.5	1503.95	35.7512
Gorai.009G234700.1.A	878	772.505	1	0.0513433
Gorai.009G234700.1.D	878	772.505	0	0
Gorai.009G234800.1.A	1470	1364.5	1	0.0290676
Gorai.009G234800.1.D	1470	1364.5	0	0
Gorai.009G234900.1.A	2932	2826.5	1.03125	0.014471
Gorai.009G234900.1.D	2932	2826.5	31.9688	0.448602
Gorai.009G235000.1.A	2260	2154.5	6744.47	124.161
Gorai.009G235000.1.D	2260	2154.5	7919.53	145.793
Gorai.009G235100.1.A	1969	1863.5	155.182	3.3029
Gorai.009G235100.1.D	1969	1863.5	211.818	4.50834
Gorai.009G235200.1.A	906	800.505	0	0
Gorai.009G235200.1.D	906	800.505	6	0.297285
Gorai.009G235300.1.A	897	791.505	104.013	5.21219
Gorai.009G235300.1.D	897	791.505	164.987	8.26762
Gorai.009G235400.1.A	1038	932.505	917.86	39.0401
Gorai.009G235400.1.D	1038	932.505	3790.14	161.209
Gorai.009G235500.1.A	1631	1525.5	89.7232	2.33279
Gorai.009G235500.1.D	1631	1525.5	453.277	11.7851
Gorai.009G235600.1.A	1226	1120.5	9	0.318577
Gorai.009G235600.1.D	1226	1120.5	8	0.283179
Gorai.009G235700.1.A	1645	1539.5	14	0.360688
Gorai.009G235700.1.D	1645	1539.5	4	0.103054
Gorai.009G235800.1.A	525	419.551	3.6206	0.342279
Gorai.009G235800.1.D	525	419.551	3.6206	0.342279
Gorai.009G235900.1.A	300	194.687	0	0
Gorai.009G235900.1.D	300	194.687	0	0
Gorai.009G236000.1.A	1838	1732.5	15.4737	0.354245
Gorai.009G236000.1.D	1838	1732.5	5.52632	0.126516
Gorai.009G236100.1.A	2822	2716.5	51.6807	0.754575
Gorai.009G236100.1.D	2822	2716.5	358.319	5.23172
Gorai.009G236200.1.A	2975	2869.5	351.548	4.85917
Gorai.009G236200.1.D	2975	2869.5	1118.45	15.4595
Gorai.009G236300.1.A	1384	1278.5	2983.83	92.5671
Gorai.009G236300.1.D	1384	1278.5	3708.17	115.038
Gorai.009G236400.1.A	1685	1579.5	0	0
Gorai.009G236400.1.D	1685	1579.5	4	0.100444
Gorai.009G236500.1.A	1764	1658.5	31.1538	0.745041
Gorai.009G236500.1.D	1764	1658.5	22.8462	0.546363
Gorai.009G236600.1.A	1413	1307.5	0	0
Gorai.009G236600.1.D	1413	1307.5	2	0.0606697
Gorai.009G236700.1.A	2721	2615.5	66.5446	1.00912
Gorai.009G236700.1.D	2721	2615.5	76.4554	1.15941
Gorai.009G236800.1.A	746	640.505	1.29441	0.0801559
Gorai.009G236800.1.D	746	640.505	1.29441	0.0801559
Gorai.009G236900.1.A	1298	1192.5	5	0.166301
Gorai.009G236900.1.D	1298	1192.5	0	0
Gorai.009G237000.1.A	1784	1678.5	1	0.0236299
Gorai.009G237000.1.D	1784	1678.5	1	0.0236299
Gorai.009G237100.1.A	1698	1592.5	51.5699	1.2844
Gorai.009G237100.1.D	1698	1592.5	57.4301	1.43035
Gorai.009G237200.1.A	2701	2595.5	59	0.901602
Gorai.009G237200.1.D	2701	2595.5	0	0
Gorai.009G237300.1.A	544	438.551	3.1875	0.28828
Gorai.009G237300.1.D	544	438.551	13.8125	1.24921
Gorai.009G237400.1.A	369	263.583	0	0
Gorai.009G237400.1.D	369	263.583	1	0.150476
Gorai.009G237500.1.A	1178	1072.5	2943.08	108.84
Gorai.009G237500.1.D	1178	1072.5	2685.7	99.3215
Gorai.009G237600.1.A	2001	1895.5	802.365	16.7893
Gorai.009G237600.1.D	2001	1895.5	1312.64	27.4666
Gorai.009G237700.1.A	3268	3162.5	4	0.0501665
Gorai.009G237700.1.D	3268	3162.5	0	0
Gorai.009G237800.1.A	2448	2342.5	0	0
Gorai.009G237800.1.D	2448	2342.5	0	0
Gorai.009G237900.1.A	1211	1105.5	16872.7	605.355
Gorai.009G237900.1.D	1211	1105.5	15563.3	558.374
Gorai.009G238000.1.A	2753	2647.5	122.703	1.83824
Gorai.009G238000.1.D	2753	2647.5	74.2971	1.11306
Gorai.009G238100.1.A	1629	1523.5	115.318	3.00219
Gorai.009G238100.1.D	1629	1523.5	59.6821	1.55376
Gorai.009G238200.1.A	2147	2041.5	108.993	2.11754
Gorai.009G238200.1.D	2147	2041.5	41.0072	0.7967
Gorai.009G238300.1.A	1143	1037.5	0	0
Gorai.009G238300.1.D	1143	1037.5	0	0
Gorai.009G238400.1.A	1020	914.505	58.8503	2.55239
Gorai.009G238400.1.D	1020	914.505	130.15	5.64472
Gorai.009G238500.1.A	207	103.083	42.3879	16.3095
Gorai.009G238500.1.D	207	103.083	0	0
Gorai.009G238600.1.A	1631	1525.5	0	0
Gorai.009G238600.1.D	1631	1525.5	15	0.389998
Gorai.009G238700.1.A	1784	1678.5	170.027	4.01772
Gorai.009G238700.1.D	1784	1678.5	209.973	4.96165
Gorai.009G238800.1.A	2195	2089.5	217.02	4.11948
Gorai.009G238800.1.D	2195	2089.5	191.98	3.64415
Gorai.009G238900.1.A	2514	2408.5	83.8868	1.38144
Gorai.009G238900.1.D	2514	2408.5	87.1132	1.43457
Gorai.009G239000.1.A	612	506.551	4	0.3132
Gorai.009G239000.1.D	612	506.551	1	0.0782999
Gorai.009G239100.1.A	3225	3119.5	1090.31	13.8627
Gorai.009G239100.1.D	3225	3119.5	619.69	7.87905
Gorai.009G239200.1.A	5711	5605.5	676.391	4.78595
Gorai.009G239200.1.D	5711	5605.5	626.609	4.4337
Gorai.009G239300.1.A	1566	1460.5	261.424	7.09951
Gorai.009G239300.1.D	1566	1460.5	391.576	10.634
Gorai.009G239400.1.A	1740	1634.5	315.77	7.66248
Gorai.009G239400.1.D	1740	1634.5	120.23	2.91751
Gorai.009G239500.1.A	306	200.687	2.45889	0.485964
Gorai.009G239500.1.D	306	200.687	2.45889	0.485964
Gorai.009G239600.1.A	1958	1852.5	0	0
Gorai.009G239600.1.D	1958	1852.5	6	0.128463
Gorai.009G239700.1.A	988	882.505	144.988	6.51629
Gorai.009G239700.1.D	988	882.505	404.012	18.1578
Gorai.009G239800.1.A	687	581.505	1	0.0682074
Gorai.009G239800.1.D	687	581.505	3	0.204622
Gorai.009G239900.1.A	1941	1835.5	18.36	0.396736
Gorai.009G239900.1.D	1941	1835.5	8.64	0.1867
Gorai.009G240000.1.A	2493	2387.5	0	0
Gorai.009G240000.1.D	2493	2387.5	0	0
Gorai.009G240100.1.A	2463	2357.5	1.5	0.0252362
Gorai.009G240100.1.D	2463	2357.5	1.5	0.0252362
Gorai.009G240200.1.A	1050	944.505	0	0
Gorai.009G240200.1.D	1050	944.505	0	0
Gorai.009G240300.1.A	490	384.551	2	0.206282
Gorai.009G240300.1.D	490	384.551	2	0.206282
Gorai.009G240400.1.A	854	748.505	0	0
Gorai.009G240400.1.D	854	748.505	0	0
Gorai.009G240500.1.A	1297	1191.5	68.8962	2.29343
Gorai.009G240500.1.D	1297	1191.5	40.1038	1.33498
Gorai.009G240600.1.A	1737	1631.5	4.25	0.10332
Gorai.009G240600.1.D	1737	1631.5	12.75	0.309961
Gorai.009G240700.1.A	845	739.505	1	0.0536345
Gorai.009G240700.1.D	845	739.505	0	0
Gorai.009G240800.1.A	499	393.551	1	0.100782
Gorai.009G240800.1.D	499	393.551	7	0.705475
Gorai.009G240900.1.A	1051	945.505	3474.43	145.749
Gorai.009G240900.1.D	1051	945.505	53.5739	2.24737
Gorai.009G241000.1.A	1427	1321.5	0	0
Gorai.009G241000.1.D	1427	1321.5	0	0
Gorai.009G241100.1.A	2633	2527.5	154.862	2.43017
Gorai.009G241100.1.D	2633	2527.5	216.138	3.39175
Gorai.009G241200.1.A	1863	1757.5	17.05	0.38478
Gorai.009G241200.1.D	1863	1757.5	13.95	0.31482
Gorai.009G241300.1.A	1722	1616.5	57.1034	1.4011
Gorai.009G241300.1.D	1722	1616.5	34.8966	0.85623
Gorai.009G241400.1.A	1355	1249.5	12.76	0.40504
Gorai.009G241400.1.D	1355	1249.5	16.24	0.515505
Gorai.009G241500.1.A	1157	1051.5	14	0.528082
Gorai.009G241500.1.D	1157	1051.5	7	0.264041
Gorai.009G241600.1.A	2510	2404.5	574.247	9.47235
Gorai.009G241600.1.D	2510	2404.5	434.753	7.17137
Gorai.009G241700.1.A	892	786.505	45	2.26932
Gorai.009G241700.1.D	892	786.505	73	3.68134
Gorai.009G241800.1.A	1463	1357.5	130.327	3.80784
Gorai.009G241800.1.D	1463	1357.5	93.6727	2.73689
Gorai.009G241900.1.A	2430	2324.5	37.358	0.637439
Gorai.009G241900.1.D	2430	2324.5	51.642	0.881165
Gorai.009G242000.1.A	2177	2071.5	1853.86	35.4958
Gorai.009G242000.1.D	2177	2071.5	66.1356	1.26629
Gorai.009G242100.1.A	1367	1261.5	2.8	0.0880347
Gorai.009G242100.1.D	1367	1261.5	4.2	0.132052
Gorai.009G242200.1.A	312	206.649	0	0
Gorai.009G242200.1.D	312	206.649	0	0
Gorai.009G242300.1.A	543	437.551	6.4	0.580144
Gorai.009G242300.1.D	543	437.551	1.6	0.145036
Gorai.009G242400.1.A	1791	1685.5	233.19	5.48739
Gorai.009G242400.1.D	1791	1685.5	182.81	4.30184
Gorai.009G242500.1.A	1293	1187.5	60.2167	2.01125
Gorai.009G242500.1.D	1293	1187.5	407.783	13.6201
Gorai.009G242600.1.A	2669	2563.5	258.936	4.00629
Gorai.009G242600.1.D	2669	2563.5	182.064	2.81693
Gorai.009G242700.1.A	925	819.505	35.8696	1.73604
Gorai.009G242700.1.D	925	819.505	19.1304	0.925888
Gorai.009G242800.1.A	3453	3347.5	348.222	4.12591
Gorai.009G242800.1.D	3453	3347.5	279.778	3.31495
Gorai.009G242900.1.A	3442	3336.5	209.871	2.49486
Gorai.009G242900.1.D	3442	3336.5	122.129	1.45181
Gorai.009G243000.1.A	1169	1063.5	138.374	5.16061
Gorai.009G243000.1.D	1169	1063.5	126.626	4.72245
Gorai.009G243100.1.A	2954	2848.5	39.0935	0.544343
Gorai.009G243100.1.D	2954	2848.5	103.906	1.44681
Gorai.009G243200.1.A	1690	1584.5	0	0
Gorai.009G243200.1.D	1690	1584.5	8	0.200254
Gorai.009G243300.1.A	2750	2644.5	29.4945	0.442366
Gorai.009G243300.1.D	2750	2644.5	92.5055	1.38742
Gorai.009G243400.1.A	1080	974.505	0	0
Gorai.009G243400.1.D	1080	974.505	0	0
Gorai.009G243500.1.A	1058	952.505	69.2947	2.88548
Gorai.009G243500.1.D	1058	952.505	157.705	6.56695
Gorai.009G243600.1.A	1478	1372.5	0	0
Gorai.009G243600.1.D	1478	1372.5	23	0.664659
Gorai.009G243700.1.A	819	713.505	2420.15	134.534
Gorai.009G243700.1.D	819	713.505	1709.85	95.0485
Gorai.009G243800.1.A	3065	2959.5	1	0.0134019
Gorai.009G243800.1.D	3065	2959.5	1	0.0134019
Gorai.009G243900.1.A	4403	4297.5	186.284	1.71927
Gorai.009G243900.1.D	4403	4297.5	201.716	1.8617
Gorai.009G244000.1.A	1308	1202.5	44.6349	1.47222
Gorai.009G244000.1.D	1308	1202.5	31.3651	1.03453
Gorai.009G244100.1.A	995	889.505	104.589	4.66361
Gorai.009G244100.1.D	995	889.505	97.4112	4.34356
Gorai.009G244200.1.A	1807	1701.5	0	0
Gorai.009G244200.1.D	1807	1701.5	0	0
Gorai.009G244300.1.A	2092	1986.5	353.358	7.05521
Gorai.009G244300.1.D	2092	1986.5	1153.64	23.0338
Gorai.009G244400.1.A	1553	1447.5	249.592	6.83903
Gorai.009G244400.1.D	1553	1447.5	108.408	2.97049
Gorai.009G244500.1.A	1253	1147.5	14	0.483903
Gorai.009G244500.1.D	1253	1147.5	1	0.0345645
Gorai.009G244600.1.A	1005	899.505	57	2.51337
Gorai.009G244600.1.D	1005	899.505	0	0
Gorai.009G244700.1.A	1507	1401.5	17.6552	0.499646
Gorai.009G244700.1.D	1507	1401.5	46.3448	1.31157
Gorai.009G244800.1.A	1650	1544.5	1815.87	46.6317
Gorai.009G244800.1.D	1650	1544.5	1953.39	50.1632
Gorai.009G244900.1.A	1522	1416.5	53.8306	1.50729
Gorai.009G244900.1.D	1522	1416.5	535.905	15.0056
Gorai.009G245000.1.A	1600	1494.5	0	0
Gorai.009G245000.1.D	1600	1494.5	2.38192	0.0632142
Gorai.009G245100.1.A	2258	2152.5	233.977	4.31137
Gorai.009G245100.1.D	2258	2152.5	217.023	3.99895
Gorai.009G245200.1.A	1261	1155.5	210.031	7.20937
Gorai.009G245200.1.D	1261	1155.5	268.969	9.23241
Gorai.009G245300.1.A	1310	1204.5	234.349	7.71685
Gorai.009G245300.1.D	1310	1204.5	292.651	9.63665
Gorai.009G245400.1.A	1846	1740.5	433.943	9.88878
Gorai.009G245400.1.D	1846	1740.5	425.057	9.68627
Gorai.009G245500.1.A	1852	1746.5	321.891	7.3101
Gorai.009G245500.1.D	1852	1746.5	441.109	10.0175
Gorai.009G245600.1.A	2737	2631.5	229.545	3.45979
Gorai.009G245600.1.D	2737	2631.5	73.4545	1.10713
Gorai.009G245700.1.A	1062	956.505	214.343	8.88807
Gorai.009G245700.1.D	1062	956.505	120.657	5.00322
Gorai.009G245800.1.A	1100	994.505	0	0
Gorai.009G245800.1.D	1100	994.505	1	0.0398821
Gorai.009G245900.1.A	2985	2879.5	22.7972	0.314014
Gorai.009G245900.1.D	2985	2879.5	140.203	1.93118
Gorai.009G246000.1.A	2162	2056.5	27.3121	0.526758
Gorai.009G246000.1.D	2162	2056.5	161.688	3.11841
Gorai.009G246100.1.A	697	591.505	25	1.67636
Gorai.009G246100.1.D	697	591.505	2	0.134109
Gorai.009G246200.1.A	2193	2087.5	1090.22	20.7144
Gorai.009G246200.1.D	2193	2087.5	1706.78	32.4291
Gorai.009G246300.1.A	1771	1665.5	25	0.595359
Gorai.009G246300.1.D	1771	1665.5	23	0.54773
Gorai.009G246400.1.A	3959	3853.5	1152.75	11.8649
Gorai.009G246400.1.D	3959	3853.5	1043.24	10.7377
Gorai.009G246500.1.A	729	623.505	0	0
Gorai.009G246500.1.D	729	623.505	0	0
Gorai.009G246600.1.A	1017	911.505	68.2927	2.97167
Gorai.009G246600.1.D	1017	911.505	131.707	5.73107
Gorai.009G246700.1.A	2197	2091.5	1420.18	26.932
Gorai.009G246700.1.D	2197	2091.5	1766.82	33.5058
Gorai.009G246800.1.A	3798	3692.5	95.5656	1.02652
Gorai.009G246800.1.D	3798	3692.5	144.434	1.55144
Gorai.009G246900.1.A	1835	1729.5	2172.52	49.8226
Gorai.009G246900.1.D	1835	1729.5	1643.48	37.6902
Gorai.009G247000.1.A	1927	1821.5	1.11607	0.0243023
Gorai.009G247000.1.D	1927	1821.5	123.884	2.69755
Gorai.009G247100.1.A	390	284.583	0	0
Gorai.009G247100.1.D	390	284.583	0	0
Gorai.009G247200.1.A	258	152.936	0	0
Gorai.009G247200.1.D	258	152.936	0	0
Gorai.009G247300.1.A	1581	1475.5	0	0
Gorai.009G247300.1.D	1581	1475.5	0	0
Gorai.009G247400.1.A	1383	1277.5	30.1132	0.934931
Gorai.009G247400.1.D	1383	1277.5	83.8868	2.60445
Gorai.009G247500.1.A	3781	3675.5	28.3077	0.305473
Gorai.009G247500.1.D	3781	3675.5	3.69231	0.0398443
Gorai.009G247600.1.A	1891	1785.5	75.7418	1.68252
Gorai.009G247600.1.D	1891	1785.5	145.258	3.22674
Gorai.009G247700.1.A	6988	6882.5	1107.24	6.3809
Gorai.009G247700.1.D	6988	6882.5	472.756	2.72443
Gorai.009G247800.1.A	780	674.505	0	0
Gorai.009G247800.1.D	780	674.505	2	0.117606
Gorai.009G247900.1.A	830	724.505	6	0.328469
Gorai.009G247900.1.D	830	724.505	1	0.0547449
Gorai.009G248000.1.A	1803	1697.5	114.676	2.67945
Gorai.009G248000.1.D	1803	1697.5	99.307	2.32035
Gorai.009G248100.1.A	1951	1845.5	0	0
Gorai.009G248100.1.D	1951	1845.5	0	0
Gorai.009G248200.1.A	1128	1022.5	8	0.31032
Gorai.009G248200.1.D	1128	1022.5	2	0.07758
Gorai.009G248300.1.A	1938	1832.5	9.71429	0.210257
Gorai.009G248300.1.D	1938	1832.5	7.28571	0.157693
Gorai.009G248400.1.A	393	287.583	1.4314	0.197417
Gorai.009G248400.1.D	393	287.583	1.4314	0.197417
Gorai.009G248500.1.A	1246	1140.5	18.8	0.653801
Gorai.009G248500.1.D	1246	1140.5	28.2	0.980702
Gorai.009G248600.1.A	1819	1713.5	202.093	4.6779
Gorai.009G248600.1.D	1819	1713.5	192.907	4.46527
Gorai.009G248700.1.A	988	882.505	1261.48	56.6954
Gorai.009G248700.1.D	988	882.505	1062.52	47.7535
Gorai.009G248800.1.A	3591	3485.5	128.692	1.46443
Gorai.009G248800.1.D	3591	3485.5	120.576	1.37208
Gorai.009G248900.1.A	6452	6346.5	95.4105	0.596275
Gorai.009G248900.1.D	6452	6346.5	110.589	0.691137
Gorai.009G249000.1.A	6745	6639.5	587.484	3.5095
Gorai.009G249000.1.D	6745	6639.5	370.516	2.21338
Gorai.009G249100.1.A	1639	1533.5	0	0
Gorai.009G249100.1.D	1639	1533.5	9	0.232778
Gorai.009G249200.1.A	1028	922.505	0	0
Gorai.009G249200.1.D	1028	922.505	1	0.0429948
Gorai.009G249300.1.A	2268	2162.5	1	0.0183412
Gorai.009G249300.1.D	2268	2162.5	1	0.0183412
Gorai.009G249400.1.A	2634	2528.5	126.366	1.98222
Gorai.009G249400.1.D	2634	2528.5	74.7979	1.1733
Gorai.009G249500.1.A	2627	2521.5	52.0746	0.819127
Gorai.009G249500.1.D	2627	2521.5	65.7616	1.03442
Gorai.009G249600.1.A	1205	1099.5	357.007	12.8785
Gorai.009G249600.1.D	1205	1099.5	98.9931	3.57102
Gorai.009G249700.1.A	939	833.505	185	8.80336
Gorai.009G249700.1.D	939	833.505	4	0.190343
Gorai.009G249800.1.A	841	735.505	0	0
Gorai.009G249800.1.D	841	735.505	0	0
Gorai.009G249900.1.A	630	524.505	0	0
Gorai.009G249900.1.D	630	524.505	1	0.0756198
Gorai.009G250000.1.A	1404	1298.5	3	0.0916353
Gorai.009G250000.1.D	1404	1298.5	0	0
Gorai.009G250100.1.A	1584	1478.5	0	0
Gorai.009G250100.1.D	1584	1478.5	0	0
Gorai.009G250200.1.A	2284	2178.5	0	0
Gorai.009G250200.1.D	2284	2178.5	0	0
Gorai.009G250300.1.A	1095	989.505	0	0
Gorai.009G250300.1.D	1095	989.505	0	0
Gorai.009G250400.1.A	2262	2156.5	0	0
Gorai.009G250400.1.D	2262	2156.5	0	0
Gorai.009G250500.1.A	1578	1472.5	0	0
Gorai.009G250500.1.D	1578	1472.5	0	0
Gorai.009G250600.1.A	3096	2990.5	1087	14.4169
Gorai.009G250600.1.D	3096	2990.5	666.997	8.84636
Gorai.009G250700.1.A	2433	2327.5	1997.87	34.0456
Gorai.009G250700.1.D	2433	2327.5	647.135	11.0278
Gorai.009G250800.1.A	1434	1328.5	39.0182	1.1649
Gorai.009G250800.1.D	1434	1328.5	18.9818	0.566708
Gorai.009G250900.1.A	1653	1547.5	0	0
Gorai.009G250900.1.D	1653	1547.5	2	0.0512605
Gorai.009G251000.1.A	1962	1856.5	333.587	7.12685
Gorai.009G251000.1.D	1962	1856.5	7.41304	0.158375
Gorai.009G251100.1.A	1920	1814.5	0	0
Gorai.009G251100.1.D	1920	1814.5	28	0.612047
Gorai.009G251200.1.A	2814	2708.5	42.5085	0.622488
Gorai.009G251200.1.D	2814	2708.5	33.4915	0.490445
Gorai.009G251300.1.A	2308	2202.5	32.381	0.58312
Gorai.009G251300.1.D	2308	2202.5	137.619	2.47826
Gorai.009G251400.1.A	1794	1688.5	66.0924	1.55251
Gorai.009G251400.1.D	1794	1688.5	76.9076	1.80656
Gorai.009G251500.1.A	964	858.505	0	0
Gorai.009G251500.1.D	964	858.505	0	0
Gorai.009G251600.1.A	672	566.505	1	0.0700134
Gorai.009G251600.1.D	672	566.505	0	0
Gorai.009G251700.1.A	1789	1683.5	1.5	0.0353396
Gorai.009G251700.1.D	1789	1683.5	4.5	0.106019
Gorai.009G251800.1.A	2150	2044.5	186.337	3.61491
Gorai.009G251800.1.D	2150	2044.5	96.6626	1.87523
Gorai.009G251900.1.A	1048	942.505	1.33333	0.05611
Gorai.009G251900.1.D	1048	942.505	2.66667	0.11222
Gorai.009G252000.1.A	585	479.551	0	0
Gorai.009G252000.1.D	585	479.551	0	0
Gorai.009G252100.1.A	756	650.505	0	0
Gorai.009G252100.1.D	756	650.505	0	0
Gorai.009G252200.1.A	3084	2978.5	77.8599	1.03681
Gorai.009G252200.1.D	3084	2978.5	113.14	1.50662
Gorai.009G252300.1.A	1925	1819.5	1233.96	26.8989
Gorai.009G252300.1.D	1925	1819.5	493.037	10.7476
Gorai.009G252400.1.A	1482	1376.5	22.6667	0.653123
Gorai.009G252400.1.D	1482	1376.5	45.3333	1.30625
Gorai.009G252500.1.A	2744	2638.5	333.002	5.00581
Gorai.009G252500.1.D	2744	2638.5	642.998	9.66577
Gorai.009G252600.1.A	1113	1007.5	2.4	0.094482
Gorai.009G252600.1.D	1113	1007.5	3.6	0.141723
Gorai.009G252700.1.A	1132	1026.5	9.75	0.376729
Gorai.009G252700.1.D	1132	1026.5	3.25	0.125576
Gorai.009G252800.1.A	2251	2145.5	68.5957	1.2681
Gorai.009G252800.1.D	2251	2145.5	55.4043	1.02423
Gorai.009G252900.1.A	1034	928.505	4.8	0.205042
Gorai.009G252900.1.D	1034	928.505	13.2	0.563865
Gorai.009G253000.1.A	3687	3581.5	38.459	0.42591
Gorai.009G253000.1.D	3687	3581.5	30.541	0.338222
Gorai.009G253100.1.A	1524	1418.5	79.9175	2.23458
Gorai.009G253100.1.D	1524	1418.5	124.082	3.46948
Gorai.009G253200.1.A	2437	2331.5	63.6364	1.08256
Gorai.009G253200.1.D	2437	2331.5	111.364	1.89449
Gorai.009G253300.1.A	1032	926.505	9.16667	0.392418
Gorai.009G253300.1.D	1032	926.505	1.83333	0.0784836
Gorai.009G253400.1.A	2043	1937.5	425.145	8.70322
Gorai.009G253400.1.D	2043	1937.5	257.855	5.27858
Gorai.009G253500.1.A	2462	2356.5	270.797	4.55786
Gorai.009G253500.1.D	2462	2356.5	265.203	4.46369
Gorai.009G253600.1.A	862	756.505	528.301	27.6984
Gorai.009G253600.1.D	862	756.505	509.699	26.7231
Gorai.009G253700.1.A	2876	2770.5	1564.8	22.4018
Gorai.009G253700.1.D	2876	2770.5	851.204	12.186
Gorai.009G253800.1.A	435	329.583	0	0
Gorai.009G253800.1.D	435	329.583	0	0
Gorai.009G253900.1.A	2770	2664.5	1217.92	18.1296
Gorai.009G253900.1.D	2770	2664.5	1004.08	14.9464
Gorai.009G254000.1.A	1592	1486.5	102.115	2.72462
Gorai.009G254000.1.D	1592	1486.5	191.885	5.11989
Gorai.009G254100.1.A	2542	2436.5	247	4.02082
Gorai.009G254100.1.D	2542	2436.5	247	4.02082
Gorai.009G254200.1.A	612	506.551	10	0.782999
Gorai.009G254200.1.D	612	506.551	22	1.7226
Gorai.009G254300.1.A	324	218.63	2.4	0.435398
Gorai.009G254300.1.D	324	218.63	3.6	0.653097
Gorai.009G254400.1.A	1127	1021.5	9	0.349452
Gorai.009G254400.1.D	1127	1021.5	13	0.504763
Gorai.009G254500.1.A	3805	3699.5	191.428	2.05233
Gorai.009G254500.1.D	3805	3699.5	62.4764	0.669819
Gorai.009G254600.1.A	3861	3755.5	20.4983	0.216488
Gorai.009G254600.1.D	3861	3755.5	3.59715	0.0379905
Gorai.009G254700.1.A	1253	1147.5	4.5	0.15554
Gorai.009G254700.1.D	1253	1147.5	4.5	0.15554
Gorai.009G254800.1.A	2834	2728.5	652.976	9.49199
Gorai.009G254800.1.D	2834	2728.5	580.024	8.43153
Gorai.009G254900.1.A	1140	1034.5	70.56	2.70527
Gorai.009G254900.1.D	1140	1034.5	118.44	4.54099
Gorai.009G255000.1.A	719	613.505	0	0
Gorai.009G255000.1.D	719	613.505	0	0
Gorai.009G255100.1.A	4079	3973.5	2743.1	27.3812
Gorai.009G255100.1.D	4079	3973.5	3766.9	37.6007
Gorai.009G255200.1.A	8379	8273.5	90.6316	0.434485
Gorai.009G255200.1.D	8379	8273.5	35.3684	0.169555
Gorai.009G255300.1.A	1632	1526.5	1708.39	44.389
Gorai.009G255300.1.D	1632	1526.5	1711.61	44.4724
Gorai.009G255400.1.A	1740	1634.5	0	0
Gorai.009G255400.1.D	1740	1634.5	0	0
Gorai.009G255500.1.A	537	431.551	0	0
Gorai.009G255500.1.D	537	431.551	0	0
Gorai.009G255600.1.A	558	452.551	0	0
Gorai.009G255600.1.D	558	452.551	0	0
Gorai.009G255700.1.A	594	488.551	0	0
Gorai.009G255700.1.D	594	488.551	0	0
Gorai.009G255800.1.A	594	488.551	0	0
Gorai.009G255800.1.D	594	488.551	0	0
Gorai.009G255900.1.A	555	449.551	0	0
Gorai.009G255900.1.D	555	449.551	0	0
Gorai.009G256000.1.A	594	488.551	0	0
Gorai.009G256000.1.D	594	488.551	0	0
Gorai.009G256100.1.A	657	551.505	0	0
Gorai.009G256100.1.D	657	551.505	0	0
Gorai.009G256200.1.A	594	488.551	0	0
Gorai.009G256200.1.D	594	488.551	0	0
Gorai.009G256300.1.A	633	527.505	0	0
Gorai.009G256300.1.D	633	527.505	0	0
Gorai.009G256400.1.A	594	488.551	0	0
Gorai.009G256400.1.D	594	488.551	0	0
Gorai.009G256500.1.A	510	404.551	0	0
Gorai.009G256500.1.D	510	404.551	0	0
Gorai.009G256600.1.A	468	362.551	0	0
Gorai.009G256600.1.D	468	362.551	0	0
Gorai.009G256700.1.A	594	488.551	0	0
Gorai.009G256700.1.D	594	488.551	0	0
Gorai.009G256800.1.A	594	488.551	0	0
Gorai.009G256800.1.D	594	488.551	0	0
Gorai.009G256900.1.A	594	488.551	0	0
Gorai.009G256900.1.D	594	488.551	0	0
Gorai.009G257000.1.A	594	488.551	0	0
Gorai.009G257000.1.D	594	488.551	0	0
Gorai.009G257100.1.A	594	488.551	0	0
Gorai.009G257100.1.D	594	488.551	0	0
Gorai.009G257200.1.A	528	422.551	0	0
Gorai.009G257200.1.D	528	422.551	0	0
Gorai.009G257300.1.A	594	488.551	0	0
Gorai.009G257300.1.D	594	488.551	0	0
Gorai.009G257400.1.A	613	507.551	0	0
Gorai.009G257400.1.D	613	507.551	0	0
Gorai.009G257500.1.A	594	488.551	0	0
Gorai.009G257500.1.D	594	488.551	0	0
Gorai.009G257600.1.A	609	503.551	0	0
Gorai.009G257600.1.D	609	503.551	0	0
Gorai.009G257700.1.A	468	362.551	0	0
Gorai.009G257700.1.D	468	362.551	1	0.1094
Gorai.009G257800.1.A	2610	2504.5	84.4478	1.33737
Gorai.009G257800.1.D	2610	2504.5	79.5522	1.25984
Gorai.009G257900.1.A	551	445.551	7	0.623139
Gorai.009G257900.1.D	551	445.551	2	0.17804
Gorai.009G258000.1.A	2724	2618.5	35.3043	0.534761
Gorai.009G258000.1.D	2724	2618.5	20.6957	0.313481
Gorai.009G258100.1.A	1627	1521.5	217.346	5.66584
Gorai.009G258100.1.D	1627	1521.5	141.654	3.69266
Gorai.009G258200.1.A	1254	1148.5	0	0
Gorai.009G258200.1.D	1254	1148.5	4	0.138138
Gorai.009G258300.1.A	1060	954.505	21.1698	0.879678
Gorai.009G258300.1.D	1060	954.505	44.8302	1.86285
Gorai.009G258400.1.A	994	888.505	230.618	10.2948
Gorai.009G258400.1.D	994	888.505	222.382	9.92715
Gorai.009G258500.1.A	1321	1215.5	2604.36	84.9826
Gorai.009G258500.1.D	1321	1215.5	3369.64	109.954
Gorai.009G258600.1.A	1753	1647.5	160.963	3.87512
Gorai.009G258600.1.D	1753	1647.5	51.1341	1.23103
Gorai.009G258700.1.A	947	841.505	2816.63	132.757
Gorai.009G258700.1.D	947	841.505	3698.37	174.317
Gorai.009G258800.1.A	4629	4523.5	474.868	4.16374
Gorai.009G258800.1.D	4629	4523.5	728.132	6.38439
Gorai.009G258900.1.A	456	350.551	32.3769	3.66326
Gorai.009G258900.1.D	456	350.551	0	0
Gorai.009G259000.1.A	1375	1269.5	28.2889	0.883825
Gorai.009G259000.1.D	1375	1269.5	38.7111	1.20945
Gorai.009G259100.1.A	1161	1055.5	0	0
Gorai.009G259100.1.D	1161	1055.5	0	0
Gorai.009G259200.1.A	1555	1449.5	228.27	6.24618
Gorai.009G259200.1.D	1555	1449.5	17.7297	0.48514
Gorai.009G259300.1.A	3103	2997.5	54.4	0.71982
Gorai.009G259300.1.D	3103	2997.5	9.6	0.127027
Gorai.009G259400.1.A	1197	1091.5	112.784	4.09832
Gorai.009G259400.1.D	1197	1091.5	160.216	5.82191
Gorai.009G259500.1.A	1300	1194.5	280.632	9.31825
Gorai.009G259500.1.D	1300	1194.5	323.368	10.7373
Gorai.009G259600.1.A	516	410.551	0	0
Gorai.009G259600.1.D	516	410.551	0	0
Gorai.009G259700.1.A	1281	1175.5	551.829	18.6194
Gorai.009G259700.1.D	1281	1175.5	371.171	12.5237
Gorai.009G259800.1.A	1291	1185.5	418.884	14.0144
Gorai.009G259800.1.D	1291	1185.5	372.116	12.4497
Gorai.009G259900.1.A	1117	1011.5	1385.37	54.3228
Gorai.009G259900.1.D	1117	1011.5	1469.63	57.627
Gorai.009G260000.1.A	2819	2713.5	483.141	7.06201
Gorai.009G260000.1.D	2819	2713.5	285.859	4.17836
Gorai.009G260100.1.A	1586	1480.5	0	0
Gorai.009G260100.1.D	1586	1480.5	149	3.99173
Gorai.009G260200.1.A	2401	2295.5	98.051	1.69418
Gorai.009G260200.1.D	2401	2295.5	80.949	1.39868
Gorai.009G260300.1.A	1461	1355.5	116	3.39423
Gorai.009G260300.1.D	1461	1355.5	0	0
Gorai.009G260400.1.A	1903	1797.5	1.2	0.0264787
Gorai.009G260400.1.D	1903	1797.5	16.8	0.370701
Gorai.009G260500.1.A	955	849.505	0	0
Gorai.009G260500.1.D	955	849.505	2	0.093379
Gorai.009G260600.1.A	1964	1858.5	0	0
Gorai.009G260600.1.D	1964	1858.5	1	0.0213413
Gorai.009G260700.1.A	1166	1060.5	0	0
Gorai.009G260700.1.D	1166	1060.5	1	0.0374001
Gorai.009G260800.1.A	1949	1843.5	0	0
Gorai.009G260800.1.D	1949	1843.5	0	0
Gorai.009G260900.1.A	528	422.551	0	0
Gorai.009G260900.1.D	528	422.551	0	0
Gorai.009G261000.1.A	2118	2012.5	1	0.0197082
Gorai.009G261000.1.D	2118	2012.5	0	0
Gorai.009G261100.1.A	2018	1912.5	5	0.103694
Gorai.009G261100.1.D	2018	1912.5	0	0
Gorai.009G261200.1.A	1105	999.505	8	0.317461
Gorai.009G261200.1.D	1105	999.505	8	0.317461
Gorai.009G261300.1.A	1999	1893.5	2	0.0418937
Gorai.009G261300.1.D	1999	1893.5	0	0
Gorai.009G261400.1.A	1201	1095.5	1	0.0362052
Gorai.009G261400.1.D	1201	1095.5	0	0
Gorai.009G261500.1.A	1721	1615.5	0	0
Gorai.009G261500.1.D	1721	1615.5	0	0
Gorai.009G261600.1.A	1294	1188.5	4	0.133489
Gorai.009G261600.1.D	1294	1188.5	0	0
Gorai.009G261700.1.A	5571	5465.5	542.793	3.93902
Gorai.009G261700.1.D	5571	5465.5	242.207	1.75769
Gorai.009G261800.1.A	1456	1350.5	0	0
Gorai.009G261800.1.D	1456	1350.5	0	0
Gorai.009G261900.1.A	1906	1800.5	693.676	15.2809
Gorai.009G261900.1.D	1906	1800.5	976.324	21.5072
Gorai.009G262000.1.A	1275	1169.5	23.5294	0.797984
Gorai.009G262000.1.D	1275	1169.5	16.4706	0.558589
Gorai.009G262100.1.A	3469	3363.5	35.1373	0.414344
Gorai.009G262100.1.D	3469	3363.5	20.8627	0.246017
Gorai.009G262200.1.A	1369	1263.5	166.598	5.22971
Gorai.009G262200.1.D	1369	1263.5	447.965	14.0622
Gorai.009G262300.1.A	1163	1057.5	1001.3	37.5548
Gorai.009G262300.1.D	1163	1057.5	659.703	24.7429
Gorai.009G262400.1.A	300	194.687	495.917	101.031
Gorai.009G262400.1.D	300	194.687	174.083	35.4653
Gorai.009G262500.1.A	2813	2707.5	4.64	0.0679726
Gorai.009G262500.1.D	2813	2707.5	53.36	0.781685
Gorai.009G262600.1.A	2126	2020.5	17.7692	0.348814
Gorai.009G262600.1.D	2126	2020.5	15.2308	0.298983
Gorai.009G262700.1.A	1859	1753.5	0	0
Gorai.009G262700.1.D	1859	1753.5	1	0.0226192
Gorai.009G262800.1.A	1109	1003.5	0	0
Gorai.009G262800.1.D	1109	1003.5	27	1.06716
Gorai.009G262900.1.A	3396	3290.5	228.939	2.75958
Gorai.009G262900.1.D	3396	3290.5	307.061	3.70124
Gorai.009G263000.1.A	415	309.583	3.5	0.44841
Gorai.009G263000.1.D	415	309.583	3.5	0.44841
Gorai.009G263100.1.A	3217	3111.5	373.561	4.76185
Gorai.009G263100.1.D	3217	3111.5	312.938	3.98908
Gorai.009G263200.1.A	1501	1395.5	3.42857	0.0974466
Gorai.009G263200.1.D	1501	1395.5	4.57143	0.129929
Gorai.009G263300.1.A	776	670.505	1480.64	87.5854
Gorai.009G263300.1.D	776	670.505	961.782	56.8931
Gorai.009G263400.1.A	772	666.505	401.11	23.8696
Gorai.009G263400.1.D	772	666.505	805.471	47.9327
Gorai.009G263500.1.A	2367	2261.5	1.33333	0.0233844
Gorai.009G263500.1.D	2367	2261.5	6.66667	0.116922
Gorai.009G263600.1.A	2301	2195.5	114.416	2.06699
Gorai.009G263600.1.D	2301	2195.5	115.584	2.08808
Gorai.009G263700.1.A	1747	1641.5	35.2989	0.852911
Gorai.009G263700.1.D	1747	1641.5	440.701	10.6485
Gorai.009G263800.1.A	4953	4847.5	79.7153	0.652242
Gorai.009G263800.1.D	4953	4847.5	83.2847	0.681446
Gorai.009G263900.1.A	1704	1598.5	819.173	20.3257
Gorai.009G263900.1.D	1704	1598.5	509.827	12.6501
Gorai.009G264000.1.A	911	805.505	61.75	3.04056
Gorai.009G264000.1.D	911	805.505	71.25	3.50834
Gorai.009G264100.1.A	1920	1814.5	842.598	18.4182
Gorai.009G264100.1.D	1920	1814.5	825.402	18.0423
Gorai.009G264200.1.A	129	37.0574	0	0
Gorai.009G264200.1.D	129	37.0574	0	0
Gorai.009G264300.1.A	1864	1758.5	0	0
Gorai.009G264300.1.D	1864	1758.5	5	0.112775
Gorai.009G264400.1.A	2521	2415.5	22.4	0.367811
Gorai.009G264400.1.D	2521	2415.5	33.6	0.551717
Gorai.009G264500.1.A	312	206.649	0	0
Gorai.009G264500.1.D	312	206.649	0	0
Gorai.009G264600.1.A	2729	2623.5	23	0.347721
Gorai.009G264600.1.D	2729	2623.5	10	0.151183
Gorai.009G264700.1.A	2025	1919.5	410.933	8.49116
Gorai.009G264700.1.D	2025	1919.5	417.067	8.6179
Gorai.009G264800.1.A	2678	2572.5	1662.59	25.6339
Gorai.009G264800.1.D	2678	2572.5	1599.41	24.6597
Gorai.009G264900.1.A	594	488.551	1	0.0811848
Gorai.009G264900.1.D	594	488.551	0	0
Gorai.009G265000.1.A	1000	894.505	128.122	5.681
Gorai.009G265000.1.D	1000	894.505	159.878	7.08911
Gorai.009G265100.1.A	1861	1755.5	6590.24	148.896
Gorai.009G265100.1.D	1861	1755.5	4336.76	97.9824
Gorai.009G265200.1.A	2256	2150.5	0	0
Gorai.009G265200.1.D	2256	2150.5	3	0.0553306
Gorai.009G265300.1.A	3702	3596.5	393.701	4.34181
Gorai.009G265300.1.D	3702	3596.5	192.299	2.12071
Gorai.009G265400.1.A	2640	2534.5	14.6957	0.229975
Gorai.009G265400.1.D	2640	2534.5	11.3043	0.176904
Gorai.009G265500.1.A	923	817.505	235.12	11.4073
Gorai.009G265500.1.D	923	817.505	296.88	14.4037
Gorai.009G265600.1.A	1455	1349.5	2	0.0587815
Gorai.009G265600.1.D	1455	1349.5	0	0
Gorai.009G265700.1.A	1681	1575.5	56.8252	1.43056
Gorai.009G265700.1.D	1681	1575.5	48.5597	1.22248
Gorai.009G265800.1.A	1522	1416.5	4.89438	0.137045
Gorai.009G265800.1.D	1522	1416.5	42.7207	1.1962
Gorai.009G265900.1.A	1652	1546.5	43.0565	1.10426
Gorai.009G265900.1.D	1652	1546.5	436.944	11.2062
Gorai.009G266000.1.A	1500	1394.5	190.884	5.42919
Gorai.009G266000.1.D	1500	1394.5	183.116	5.20824
Gorai.009G266100.1.A	2484	2378.5	9	0.15008
Gorai.009G266100.1.D	2484	2378.5	6	0.100053
Gorai.009G266200.1.A	444	338.583	0	0
Gorai.009G266200.1.D	444	338.583	1	0.117144
Gorai.009G266300.1.A	1193	1087.5	1.22222	0.0445763
Gorai.009G266300.1.D	1193	1087.5	9.77778	0.35661
Gorai.009G266400.1.A	2897	2791.5	55.0921	0.782773
Gorai.009G266400.1.D	2897	2791.5	102.908	1.46216
Gorai.009G266500.1.A	2414	2308.5	34.375	0.590605
Gorai.009G266500.1.D	2414	2308.5	20.625	0.354363
Gorai.009G266600.1.A	903	797.505	0	0
Gorai.009G266600.1.D	903	797.505	0	0
Gorai.009G266700.1.A	894	788.505	2	0.100603
Gorai.009G266700.1.D	894	788.505	0	0
Gorai.009G266800.1.A	1118	1012.5	49	1.91948
Gorai.009G266800.1.D	1118	1012.5	20	0.783462
Gorai.009G266900.1.A	1710	1604.5	454.197	11.2276
Gorai.009G266900.1.D	1710	1604.5	443.803	10.9707
Gorai.009G267000.1.A	2682	2576.5	164.286	2.52903
Gorai.009G267000.1.D	2682	2576.5	65.7143	1.01161
Gorai.009G267100.1.A	346	240.63	16	2.63727
Gorai.009G267100.1.D	346	240.63	0	0
Gorai.009G267200.1.A	4132	4026.5	722.073	7.11275
Gorai.009G267200.1.D	4132	4026.5	617.927	6.08687
Gorai.009G267300.1.A	2018	1912.5	141.25	2.92935
Gorai.009G267300.1.D	2018	1912.5	84.75	1.75761
Gorai.009G267400.1.A	3211	3105.5	0	0
Gorai.009G267400.1.D	3211	3105.5	38	0.485329
Gorai.009G267500.1.A	2752	2646.5	177.067	2.65368
Gorai.009G267500.1.D	2752	2646.5	30.9333	0.463595
Gorai.009G267600.1.A	1225	1119.5	0	0
Gorai.009G267600.1.D	1225	1119.5	0	0
Gorai.009G267700.1.A	3529	3423.5	11.8919	0.137773
Gorai.009G267700.1.D	3529	3423.5	28.1081	0.325646
Gorai.009G267800.1.A	1558	1452.5	835.902	22.8256
Gorai.009G267800.1.D	1558	1452.5	600.098	16.3866
Gorai.009G267900.1.A	1403	1297.5	84.8716	2.59441
Gorai.009G267900.1.D	1403	1297.5	74.1284	2.266
Gorai.009G268000.1.A	3452	3346.5	1170.09	13.868
Gorai.009G268000.1.D	3452	3346.5	915.91	10.8554
Gorai.009G268100.1.A	2361	2255.5	60.1584	1.05788
Gorai.009G268100.1.D	2361	2255.5	63.8416	1.12265
Gorai.009G268200.1.A	2493	2387.5	620.059	10.3009
Gorai.009G268200.1.D	2493	2387.5	700.884	11.6436
Gorai.009G268300.1.A	1670	1564.5	135.674	3.43956
Gorai.009G268300.1.D	1670	1564.5	982.659	24.9121
Gorai.009G268400.1.A	1995	1889.5	12.9643	0.272136
Gorai.009G268400.1.D	1995	1889.5	20.0357	0.420573
Gorai.009G268500.1.A	2848	2742.5	7.875	0.113891
Gorai.009G268500.1.D	2848	2742.5	13.125	0.189818
Gorai.009G268600.1.A	2228	2122.5	2453.05	45.8398
Gorai.009G268600.1.D	2228	2122.5	912.948	17.0601
Gorai.009G268700.1.A	847	741.505	0	0
Gorai.009G268700.1.D	847	741.505	6	0.320939
Gorai.009G268800.1.A	2079	1973.5	335.488	6.74255
Gorai.009G268800.1.D	2079	1973.5	564.512	11.3454
Gorai.009G268900.1.A	732	626.505	0	0
Gorai.009G268900.1.D	732	626.505	3	0.189925
Gorai.009G269000.1.A	1345	1239.5	603.776	19.3202
Gorai.009G269000.1.D	1345	1239.5	250.224	8.00694
Gorai.009G269100.1.A	2065	1959.5	550.057	11.1339
Gorai.009G269100.1.D	2065	1959.5	878.943	17.791
Gorai.009G269200.1.A	1468	1362.5	0	0
Gorai.009G269200.1.D	1468	1362.5	0	0
Gorai.009G269300.1.A	630	524.505	0	0
Gorai.009G269300.1.D	630	524.505	0	0
Gorai.009G269400.1.A	1230	1124.5	12.6316	0.445534
Gorai.009G269400.1.D	1230	1124.5	7.36842	0.259895
Gorai.009G269500.1.A	683	577.505	222.887	15.3078
Gorai.009G269500.1.D	683	577.505	133.113	9.14219
Gorai.009G269600.1.A	1079	973.505	6	0.244455
Gorai.009G269600.1.D	1079	973.505	0	0
Gorai.009G269700.1.A	1824	1718.5	2	0.0461598
Gorai.009G269700.1.D	1824	1718.5	0	0
Gorai.009G269800.1.A	894	788.505	9.0011	0.452769
Gorai.009G269800.1.D	894	788.505	0	0
Gorai.009G269900.1.A	1263	1157.5	367.201	12.5825
Gorai.009G269900.1.D	1263	1157.5	123.799	4.24209
Gorai.009G270000.1.A	1493	1387.5	99.3578	2.84022
Gorai.009G270000.1.D	1493	1387.5	14.6422	0.418559
Gorai.009G270100.1.A	959	853.505	59.1881	2.75051
Gorai.009G270100.1.D	959	853.505	62.8119	2.91891
Gorai.009G270200.1.A	479	373.551	0	0
Gorai.009G270200.1.D	479	373.551	0	0
Gorai.009G270300.1.A	3934	3828.5	335.792	3.47878
Gorai.009G270300.1.D	3934	3828.5	461.172	4.77769
Gorai.009G270400.1.A	1076	970.505	13.2847	0.542923
Gorai.009G270400.1.D	1076	970.505	126.715	5.17865
Gorai.009G270500.1.A	444	338.583	0	0
Gorai.009G270500.1.D	444	338.583	0	0
Gorai.009G270600.1.A	2256	2150.5	485.91	8.9619
Gorai.009G270600.1.D	2256	2150.5	247.09	4.55722
Gorai.009G270700.1.A	1504	1398.5	13.3571	0.378821
Gorai.009G270700.1.D	1504	1398.5	20.6429	0.585451
Gorai.009G270800.1.A	1644	1538.5	10	0.257802
Gorai.009G270800.1.D	1644	1538.5	0	0
Gorai.009G270900.1.A	1146	1040.5	1.07812	0.041097
Gorai.009G270900.1.D	1146	1040.5	67.9219	2.58911
Gorai.009G271000.1.A	3505	3399.5	0	0
Gorai.009G271000.1.D	3505	3399.5	0	0
Gorai.009G271100.1.A	1131	1025.5	167.857	6.49213
Gorai.009G271100.1.D	1131	1025.5	20.1429	0.779055
Gorai.009G271200.1.A	1342	1236.5	126.437	4.05567
Gorai.009G271200.1.D	1342	1236.5	313.563	10.0581
Gorai.009G271300.1.A	2051	1945.5	1	0.020387
Gorai.009G271300.1.D	2051	1945.5	0	0
Gorai.009G271400.1.A	1447	1341.5	0	0
Gorai.009G271400.1.D	1447	1341.5	0	0
Gorai.009G271500.1.A	2200	2094.5	47.619	0.901746
Gorai.009G271500.1.D	2200	2094.5	27.381	0.518504
Gorai.009G271600.1.A	1917	1811.5	1205.45	26.3934
Gorai.009G271600.1.D	1917	1811.5	1240.55	27.1619
Gorai.009G271700.1.A	1822	1716.5	39.9487	0.923087
Gorai.009G271700.1.D	1822	1716.5	83.0513	1.91905
Gorai.009G271800.1.A	1447	1341.5	0	0
Gorai.009G271800.1.D	1447	1341.5	7	0.206962
Gorai.009G271900.1.A	867	761.505	0	0
Gorai.009G271900.1.D	867	761.505	0	0
Gorai.009G272000.1.A	590	484.551	11	0.900405
Gorai.009G272000.1.D	590	484.551	0	0
Gorai.009G272100.1.A	114	28.4159	0	0
Gorai.009G272100.1.D	114	28.4159	0	0
Gorai.009G272200.1.A	1208	1102.5	815.461	29.3365
Gorai.009G272200.1.D	1208	1102.5	816.539	29.3752
Gorai.009G272300.1.A	1542	1436.5	21.25	0.586728
Gorai.009G272300.1.D	1542	1436.5	63.75	1.76018
Gorai.009G272400.1.A	1638	1532.5	0	0
Gorai.009G272400.1.D	1638	1532.5	0	0
Gorai.009G272500.1.A	1008	902.505	0	0
Gorai.009G272500.1.D	1008	902.505	0	0
Gorai.009G272600.1.A	780	674.505	0	0
Gorai.009G272600.1.D	780	674.505	80	4.70425
Gorai.009G272700.1.A	999	893.505	0	0
Gorai.009G272700.1.D	999	893.505	0	0
Gorai.009G272800.1.A	1041	935.505	1	0.0423974
Gorai.009G272800.1.D	1041	935.505	35	1.48391
Gorai.009G272900.1.A	2134	2028.5	112.45	2.19872
Gorai.009G272900.1.D	2134	2028.5	31.5282	0.616464
Gorai.009G273000.1.A	839	733.505	0	0
Gorai.009G273000.1.D	839	733.505	1	0.0540732
Gorai.009G273100.1.A	1867	1761.5	381.855	8.59805
Gorai.009G273100.1.D	1867	1761.5	216.145	4.86682
Gorai.009G273200.1.A	1074	968.505	302.284	12.3794
Gorai.009G273200.1.D	1074	968.505	33.7163	1.38077
Gorai.009G273300.1.A	720	614.505	7	0.451812
Gorai.009G273300.1.D	720	614.505	0	0
Gorai.009G273400.1.A	3253	3147.5	20	0.252028
Gorai.009G273400.1.D	3253	3147.5	5	0.063007
Gorai.009G273500.1.A	1043	937.505	0	0
Gorai.009G273500.1.D	1043	937.505	103	4.35761
Gorai.009G273600.1.A	1119	1013.5	0	0
Gorai.009G273600.1.D	1119	1013.5	0	0
Gorai.009G273700.1.A	1319	1213.5	69.0303	2.25623
Gorai.009G273700.1.D	1319	1213.5	64.9697	2.12351
Gorai.009G273800.1.A	1705	1599.5	189.589	4.70124
Gorai.009G273800.1.D	1705	1599.5	130.411	3.2338
Gorai.009G273900.1.A	2299	2193.5	23.0189	0.416227
Gorai.009G273900.1.D	2299	2193.5	37.9811	0.686775
Gorai.009G274000.1.A	1562	1456.5	131.396	3.57812
Gorai.009G274000.1.D	1562	1456.5	181.604	4.94537
Gorai.009G274100.1.A	3482	3376.5	90.8621	1.06733
Gorai.009G274100.1.D	3482	3376.5	157.138	1.84586
Gorai.009G274200.1.A	1228	1122.5	8	0.282675
Gorai.009G274200.1.D	1228	1122.5	2	0.0706686
Gorai.009G274300.1.A	1744	1638.5	31.4471	0.761232
Gorai.009G274300.1.D	1744	1638.5	67.5529	1.63524
Gorai.009G274400.1.A	1946	1840.5	82.8141	1.78465
Gorai.009G274400.1.D	1946	1840.5	123.186	2.65466
Gorai.009G274500.1.A	2480	2374.5	26	0.434295
Gorai.009G274500.1.D	2480	2374.5	4	0.0668147
Gorai.009G274600.1.A	2024	1918.5	61.2766	1.26683
Gorai.009G274600.1.D	2024	1918.5	130.723	2.70256
Gorai.009G274700.1.A	2381	2275.5	23.3333	0.406709
Gorai.009G274700.1.D	2381	2275.5	88.6667	1.54549
Gorai.009G274800.1.A	1372	1266.5	3	0.0939506
Gorai.009G274800.1.D	1372	1266.5	1	0.0313169
Gorai.009G274900.1.A	2025	1919.5	0	0
Gorai.009G274900.1.D	2025	1919.5	30	0.619893
Gorai.009G275000.1.A	3046	2940.5	0	0
Gorai.009G275000.1.D	3046	2940.5	360	4.85585
Gorai.009G275100.1.A	642	536.505	0	0
Gorai.009G275100.1.D	642	536.505	0	0
Gorai.009G275200.1.A	1798	1692.5	6	0.140607
Gorai.009G275200.1.D	1798	1692.5	4	0.0937379
Gorai.009G275300.1.A	1087	981.505	0	0
Gorai.009G275300.1.D	1087	981.505	0	0
Gorai.009G275400.1.A	1745	1639.5	175.864	4.2545
Gorai.009G275400.1.D	1745	1639.5	70.1362	1.69674
Gorai.009G275500.1.A	288	182.738	0	0
Gorai.009G275500.1.D	288	182.738	0	0
Gorai.009G275600.1.A	623	517.505	2.5	0.191607
Gorai.009G275600.1.D	623	517.505	2.5	0.191607
Gorai.009G275700.1.A	1899	1793.5	6.6	0.145957
Gorai.009G275700.1.D	1899	1793.5	4.4	0.097305
Gorai.009G275800.1.A	2043	1937.5	0	0
Gorai.009G275800.1.D	2043	1937.5	0	0
Gorai.009G275900.1.A	2241	2135.5	152.541	2.83316
Gorai.009G275900.1.D	2241	2135.5	5061.46	94.007
Gorai.009G276000.1.A	2356	2250.5	59.2208	1.04371
Gorai.009G276000.1.D	2356	2250.5	20.7792	0.366213
Gorai.009G276100.1.A	1507	1401.5	5.4	0.152821
Gorai.009G276100.1.D	1507	1401.5	3.6	0.101881
Gorai.009G276200.1.A	1473	1367.5	28	0.812109
Gorai.009G276200.1.D	1473	1367.5	1	0.0290039
Gorai.009G276300.1.A	1130	1024.5	168.987	6.54221
Gorai.009G276300.1.D	1130	1024.5	706.013	27.3328
Gorai.009G276400.1.A	855	749.505	383.732	20.3067
Gorai.009G276400.1.D	855	749.505	15.2679	0.807958
Gorai.009G276500.1.A	2391	2285.5	6	0.104125
Gorai.009G276500.1.D	2391	2285.5	0	0
Gorai.009G276600.1.A	849	743.505	142.262	7.58912
Gorai.009G276600.1.D	849	743.505	97.7376	5.2139
Gorai.009G276700.1.A	1504	1398.5	2.64789	0.0750966
Gorai.009G276700.1.D	1504	1398.5	91.3521	2.59083
Gorai.009G276800.1.A	729	623.505	0	0
Gorai.009G276800.1.D	729	623.505	13	0.826968
Gorai.009G276900.1.A	2038	1932.5	1293.38	26.5455
Gorai.009G276900.1.D	2038	1932.5	316.62	6.49833
Gorai.009G277000.1.A	3289	3183.5	427.804	5.32997
Gorai.009G277000.1.D	3289	3183.5	324.196	4.03912
Gorai.009G277100.1.A	1351	1245.5	0	0
Gorai.009G277100.1.D	1351	1245.5	0	0
Gorai.009G277200.1.A	1018	912.505	25.0965	1.09085
Gorai.009G277200.1.D	1018	912.505	234.903	10.2103
Gorai.009G277300.1.A	810	704.505	35.1333	1.97797
Gorai.009G277300.1.D	810	704.505	57.8667	3.25784
Gorai.009G277400.1.A	2427	2321.5	17.2376	0.294504
Gorai.009G277400.1.D	2427	2321.5	30.4266	0.519839
Gorai.009G277500.1.A	2399	2293.5	3.10704	0.0537319
Gorai.009G277500.1.D	2399	2293.5	1.22877	0.0212499
Gorai.009G277600.1.A	3189	3083.5	83.8477	1.07853
Gorai.009G277600.1.D	3189	3083.5	181.152	2.33015
Gorai.009G277700.1.A	1395	1289.5	0	0
Gorai.009G277700.1.D	1395	1289.5	0	0
Gorai.009G277800.1.A	1646	1540.5	2.33333	0.0600757
Gorai.009G277800.1.D	1646	1540.5	4.66667	0.120151
Gorai.009G277900.1.A	864	758.505	0	0
Gorai.009G277900.1.D	864	758.505	0	0
Gorai.009G278000.1.A	2408	2302.5	8.51064	0.146604
Gorai.009G278000.1.D	2408	2302.5	41.4894	0.714696
Gorai.009G278100.1.A	1434	1328.5	0	0
Gorai.009G278100.1.D	1434	1328.5	0	0
Gorai.009G278200.1.A	3416	3310.5	69.8714	0.837125
Gorai.009G278200.1.D	3416	3310.5	76.1286	0.912091
Gorai.009G278300.1.A	2149	2043.5	3	0.0582278
Gorai.009G278300.1.D	2149	2043.5	12	0.232911
Gorai.009G278400.1.A	1093	987.505	1232.53	49.5045
Gorai.009G278400.1.D	1093	987.505	1950.47	78.3401
Gorai.009G278500.1.A	1377	1271.5	0	0
Gorai.009G278500.1.D	1377	1271.5	4.32478	0.134906
Gorai.009G278600.1.A	2054	1948.5	174.334	3.54868
Gorai.009G278600.1.D	2054	1948.5	177.666	3.61649
Gorai.009G278700.1.A	939	833.505	0	0
Gorai.009G278700.1.D	939	833.505	0	0
Gorai.009G278800.1.A	961	855.505	444.988	20.6305
Gorai.009G278800.1.D	961	855.505	483.012	22.3934
Gorai.009G278900.1.A	11777	11671.5	1796.58	6.10527
Gorai.009G278900.1.D	11777	11671.5	1931.42	6.56348
Gorai.009G279000.1.A	8337	8231.5	286.133	1.37871
Gorai.009G279000.1.D	8337	8231.5	175.867	0.847403
Gorai.009G279100.1.A	500	394.551	0.5	0.0502633
Gorai.009G279100.1.D	500	394.551	0.5	0.0502633
Gorai.009G279200.1.A	1603	1497.5	20.625	0.546274
Gorai.009G279200.1.D	1603	1497.5	34.375	0.910457
Gorai.009G279300.1.A	3542	3436.5	45.9	0.529762
Gorai.009G279300.1.D	3542	3436.5	5.1	0.0588624
Gorai.009G279400.1.A	1202	1096.5	0	0
Gorai.009G279400.1.D	1202	1096.5	0	0
Gorai.009G279500.1.A	1489	1383.5	239.52	6.86666
Gorai.009G279500.1.D	1489	1383.5	458.48	13.1439
Gorai.009G279600.1.A	2986	2880.5	544.138	7.49248
Gorai.009G279600.1.D	2986	2880.5	773.306	10.648
Gorai.009G279700.1.A	1926	1820.5	80.3134	1.74977
Gorai.009G279700.1.D	1926	1820.5	265.417	5.78259
Gorai.009G279800.1.A	2085	1979.5	568.282	11.3866
Gorai.009G279800.1.D	2085	1979.5	140.718	2.81953
Gorai.009G279900.1.A	1215	1109.5	1251.1	44.7246
Gorai.009G279900.1.D	1215	1109.5	167.905	6.00232
Gorai.009G280000.1.A	733	627.505	351.941	22.2453
Gorai.009G280000.1.D	733	627.505	7.05899	0.44618
Gorai.009G280100.1.A	725	619.505	0	0
Gorai.009G280100.1.D	725	619.505	0	0
Gorai.009G280200.1.A	1782	1676.5	48.8095	1.15474
Gorai.009G280200.1.D	1782	1676.5	1.19048	0.0281644
Gorai.009G280300.1.A	1186	1080.5	1322.76	48.5557
Gorai.009G280300.1.D	1186	1080.5	2559.24	93.9439
Gorai.009G280400.1.A	727	621.505	0	0
Gorai.009G280400.1.D	727	621.505	0	0
Gorai.009G280500.1.A	1236	1130.5	15	0.526264
Gorai.009G280500.1.D	1236	1130.5	0	0
Gorai.009G280600.1.A	1666	1560.5	233.732	5.9407
Gorai.009G280600.1.D	1666	1560.5	133.268	3.38724
Gorai.009G280700.1.A	381	275.583	0	0
Gorai.009G280700.1.D	381	275.583	0	0
Gorai.009G280800.1.A	2775	2669.5	338.525	5.02973
Gorai.009G280800.1.D	2775	2669.5	62.53	0.929058
Gorai.009G280900.1.A	2845	2739.5	130.123	1.88394
Gorai.009G280900.1.D	2845	2739.5	119.877	1.7356
Gorai.009G281000.1.A	1064	958.505	3	0.12414
Gorai.009G281000.1.D	1064	958.505	0	0
Gorai.009G281100.1.A	732	626.505	16.9333	1.07202
Gorai.009G281100.1.D	732	626.505	16.9333	1.07202
Gorai.009G281200.1.A	2191	2085.5	2.28571	0.0434706
Gorai.009G281200.1.D	2191	2085.5	5.71429	0.108677
Gorai.009G281300.1.A	846	740.505	1168.61	62.5931
Gorai.009G281300.1.D	846	740.505	401.392	21.4994
Gorai.009G281400.1.A	694	588.505	157	10.5812
Gorai.009G281400.1.D	694	588.505	3	0.202188
Gorai.009G281500.1.A	761	655.505	5	0.302537
Gorai.009G281500.1.D	761	655.505	26	1.57319
Gorai.009G281600.1.A	1563	1457.5	1103.14	30.0197
Gorai.009G281600.1.D	1563	1457.5	1283.86	34.9376
Gorai.009G281700.1.A	1590	1484.5	300.784	8.03634
Gorai.009G281700.1.D	1590	1484.5	88.2158	2.35695
Gorai.009G281800.1.A	801	695.505	17.9444	1.02333
Gorai.009G281800.1.D	801	695.505	1.05556	0.0601958
Gorai.009G281900.1.A	1647	1541.5	1559.96	40.1378
Gorai.009G281900.1.D	1647	1541.5	1626.04	41.838
Gorai.009G282000.1.A	2772	2666.5	588.689	8.75645
Gorai.009G282000.1.D	2772	2666.5	874.311	13.005
Gorai.009G282100.1.A	5402	5296.5	207.955	1.55727
Gorai.009G282100.1.D	5402	5296.5	267.045	1.99977
Gorai.009G282200.1.A	952	846.505	1809.08	84.7643
Gorai.009G282200.1.D	952	846.505	4582.92	214.733
Gorai.009G282300.1.A	7536	7430.5	162.668	0.868298
Gorai.009G282300.1.D	7536	7430.5	371.332	1.98212
Gorai.009G282400.1.A	462	356.551	0	0
Gorai.009G282400.1.D	462	356.551	0	0
Gorai.009G282500.1.A	240	135.211	0	0
Gorai.009G282500.1.D	240	135.211	0	0
Gorai.009G282600.1.A	2181	2075.5	181.124	3.46129
Gorai.009G282600.1.D	2181	2075.5	93.8755	1.79396
Gorai.009G282700.1.A	3695	3589.5	131.951	1.45802
Gorai.009G282700.1.D	3695	3589.5	105.049	1.16076
Gorai.009G282800.1.A	333	227.63	0	0
Gorai.009G282800.1.D	333	227.63	74.2315	12.9343
Gorai.009G282900.1.A	1759	1653.5	73.2781	1.75774
Gorai.009G282900.1.D	1759	1653.5	98.7219	2.36806
Gorai.009G283000.1.A	3296	3190.5	327.382	4.06987
Gorai.009G283000.1.D	3296	3190.5	168.618	2.09619
Gorai.009G283100.1.A	3364	3258.5	198.459	2.41567
Gorai.009G283100.1.D	3364	3258.5	287.541	3.49998
Gorai.009G283200.1.A	924	818.505	0	0
Gorai.009G283200.1.D	924	818.505	0	0
Gorai.009G283300.1.A	1139	1033.5	11.3333	0.434941
Gorai.009G283300.1.D	1139	1033.5	22.6667	0.869882
Gorai.009G283400.1.A	1319	1213.5	11.0345	0.360658
Gorai.009G283400.1.D	1319	1213.5	116.966	3.82297
Gorai.009G283500.1.A	1838	1732.5	0	0
Gorai.009G283500.1.D	1838	1732.5	0	0
Gorai.009G283600.1.A	609	503.551	0	0
Gorai.009G283600.1.D	609	503.551	0	0
Gorai.009G283700.1.A	1197	1091.5	0	0
Gorai.009G283700.1.D	1197	1091.5	0	0
Gorai.009G283800.1.A	2273	2167.5	1866.28	34.1509
Gorai.009G283800.1.D	2273	2167.5	1789.72	32.7498
Gorai.009G283900.1.A	1234	1128.5	309.358	10.8728
Gorai.009G283900.1.D	1234	1128.5	252.642	8.87948
Gorai.009G284000.1.A	2932	2826.5	136.039	1.90897
Gorai.009G284000.1.D	2932	2826.5	202.961	2.84805
Gorai.009G284100.1.A	1450	1344.5	385.705	11.3783
Gorai.009G284100.1.D	1450	1344.5	212.295	6.26272
Gorai.009G284200.1.A	282	176.772	0	0
Gorai.009G284200.1.D	282	176.772	0	0
Gorai.009G284300.1.A	588	482.551	0	0
Gorai.009G284300.1.D	588	482.551	0	0
Gorai.009G284400.1.A	2045	1939.5	258.645	5.2893
Gorai.009G284400.1.D	2045	1939.5	83.3548	1.70461
Gorai.009G284500.1.A	3377	3271.5	813.673	9.86477
Gorai.009G284500.1.D	3377	3271.5	806.068	9.77258
Gorai.009G284600.1.A	1452	1346.5	86.5	2.54796
Gorai.009G284600.1.D	1452	1346.5	86.5	2.54796
Gorai.009G284700.1.A	2423	2317.5	170.761	2.92249
Gorai.009G284700.1.D	2423	2317.5	502.239	8.59557
Gorai.009G284800.1.A	1299	1193.5	123.407	4.10112
Gorai.009G284800.1.D	1299	1193.5	184.593	6.13444
Gorai.009G284900.1.A	1806	1700.5	430.903	10.0505
Gorai.009G284900.1.D	1806	1700.5	420.097	9.79843
Gorai.009G285000.1.A	1582	1476.5	588.273	15.8026
Gorai.009G285000.1.D	1582	1476.5	647.727	17.3997
Gorai.009G285100.1.A	2389	2283.5	922.678	16.0263
Gorai.009G285100.1.D	2389	2283.5	733.322	12.7373
Gorai.009G285200.1.A	649	543.505	7	0.510834
Gorai.009G285200.1.D	649	543.505	8	0.58381
Gorai.009G285300.1.A	475	369.551	2	0.214655
Gorai.009G285300.1.D	475	369.551	0	0
Gorai.009G285400.1.A	1705	1599.5	41.7391	1.03501
Gorai.009G285400.1.D	1705	1599.5	30.2609	0.750379
Gorai.009G285500.1.A	1101	995.505	0	0
Gorai.009G285500.1.D	1101	995.505	0	0
Gorai.009G285600.1.A	654	548.505	0	0
Gorai.009G285600.1.D	654	548.505	0	0
Gorai.009G285700.1.A	654	548.505	0	0
Gorai.009G285700.1.D	654	548.505	0	0
Gorai.009G285800.1.A	387	281.583	0	0
Gorai.009G285800.1.D	387	281.583	0	0
Gorai.009G285900.1.A	1656	1550.5	2014.26	51.5261
Gorai.009G285900.1.D	1656	1550.5	1716.74	43.9153
Gorai.009G286000.1.A	1567	1461.5	1	0.0271384
Gorai.009G286000.1.D	1567	1461.5	0	0
Gorai.009G286100.1.A	1926	1820.5	763.693	16.6384
Gorai.009G286100.1.D	1926	1820.5	887.21	19.3294
Gorai.009G286200.1.A	675	569.505	407	28.3454
Gorai.009G286200.1.D	675	569.505	0	0
Gorai.009G286300.1.A	2137	2031.5	329.893	6.4408
Gorai.009G286300.1.D	2137	2031.5	155.107	3.0283
Gorai.009G286400.1.A	1871	1765.5	4.32877	0.0972479
Gorai.009G286400.1.D	1871	1765.5	74.6712	1.67753
Gorai.009G286500.1.A	2109	2003.5	0	0
Gorai.009G286500.1.D	2109	2003.5	27	0.534513
Gorai.009G286600.1.A	3395	3289.5	0	0
Gorai.009G286600.1.D	3395	3289.5	1	0.0120574
Gorai.009G286700.1.A	261	155.894	0	0
Gorai.009G286700.1.D	261	155.894	0	0
Gorai.009G286800.1.A	1528	1422.5	153.112	4.26914
Gorai.009G286800.1.D	1528	1422.5	136.888	3.81678
Gorai.009G286900.1.A	618	512.505	0	0
Gorai.009G286900.1.D	618	512.505	0	0
Gorai.009G287000.1.A	1387	1281.5	1094.73	33.8821
Gorai.009G287000.1.D	1387	1281.5	800.274	24.7687
Gorai.009G287100.1.A	1317	1211.5	21	0.68751
Gorai.009G287100.1.D	1317	1211.5	4	0.130954
Gorai.009G287200.1.A	894	788.505	76	3.82291
Gorai.009G287200.1.D	894	788.505	12	0.603618
Gorai.009G287300.1.A	4058	3952.5	362.199	3.63462
Gorai.009G287300.1.D	4058	3952.5	424.801	4.26283
Gorai.009G287400.1.A	980	874.505	2	0.0907095
Gorai.009G287400.1.D	980	874.505	0	0
Gorai.009G287500.1.A	1648	1542.5	0	0
Gorai.009G287500.1.D	1648	1542.5	0	0
Gorai.009G287600.1.A	957	851.505	3.86174	0.179879
Gorai.009G287600.1.D	957	851.505	3.86174	0.179879
Gorai.009G287700.1.A	843	737.505	0	0
Gorai.009G287700.1.D	843	737.505	0	0
Gorai.009G287800.1.A	3725	3619.5	819.683	8.98218
Gorai.009G287800.1.D	3725	3619.5	690.317	7.56457
Gorai.009G287900.1.A	2013	1907.5	3	0.0623793
Gorai.009G287900.1.D	2013	1907.5	1	0.0207931
Gorai.009G288000.1.A	1388	1282.5	10103.8	312.471
Gorai.009G288000.1.D	1388	1282.5	2669.23	82.5489
Gorai.009G288100.1.A	2433	2327.5	2487.83	42.395
Gorai.009G288100.1.D	2433	2327.5	3039.17	51.7905
Gorai.009G288200.1.A	2291	2185.5	5585.28	101.363
Gorai.009G288200.1.D	2291	2185.5	4875.72	88.4854
Gorai.009G288300.1.A	1099	993.505	3	0.119767
Gorai.009G288300.1.D	1099	993.505	0	0
Gorai.009G288400.1.A	3345	3239.5	601.705	7.36699
Gorai.009G288400.1.D	3345	3239.5	1415.29	17.3282
Gorai.009G288500.1.A	2461	2355.5	434.235	7.31182
Gorai.009G288500.1.D	2461	2355.5	461.765	7.77539
Gorai.009G288600.1.A	551	445.551	0	0
Gorai.009G288600.1.D	551	445.551	0	0
Gorai.009G288700.1.A	651	545.505	0	0
Gorai.009G288700.1.D	651	545.505	0	0
Gorai.009G288800.1.A	1584	1478.5	71.6667	1.92256
Gorai.009G288800.1.D	1584	1478.5	57.3333	1.53805
Gorai.009G288900.1.A	1373	1267.5	493.461	15.4415
Gorai.009G288900.1.D	1373	1267.5	1002.54	31.3716
Gorai.009G289000.1.A	1266	1160.5	42	1.43545
Gorai.009G289000.1.D	1266	1160.5	6	0.205064
Gorai.009G289100.1.A	945	839.505	0	0
Gorai.009G289100.1.D	945	839.505	25	1.18114
Gorai.009G289200.1.A	2215	2109.5	159.614	3.00107
Gorai.009G289200.1.D	2215	2109.5	163.539	3.07487
Gorai.009G289300.1.A	420	314.583	0	0
Gorai.009G289300.1.D	420	314.583	0	0
Gorai.009G289400.1.A	1912	1806.5	69.654	1.5293
Gorai.009G289400.1.D	1912	1806.5	143.346	3.14725
Gorai.009G289500.1.A	2136	2030.5	650.506	12.7067
Gorai.009G289500.1.D	2136	2030.5	880.494	17.1992
Gorai.009G289600.1.A	1365	1259.5	0	0
Gorai.009G289600.1.D	1365	1259.5	0	0
Gorai.009G289700.1.A	1510	1404.5	41.1765	1.16282
Gorai.009G289700.1.D	1510	1404.5	18.8235	0.531573
Gorai.009G289800.1.A	647	541.505	0	0
Gorai.009G289800.1.D	647	541.505	0	0
Gorai.009G289900.1.A	493	387.551	0	0
Gorai.009G289900.1.D	493	387.551	0	0
Gorai.009G290000.1.A	845	739.505	0	0
Gorai.009G290000.1.D	845	739.505	0	0
Gorai.009G290100.1.A	1183	1077.5	96.8507	3.56508
Gorai.009G290100.1.D	1183	1077.5	109.149	4.01778
Gorai.009G290200.1.A	2461	2355.5	238.438	4.01491
Gorai.009G290200.1.D	2461	2355.5	197.562	3.32664
Gorai.009G290300.1.A	2823	2717.5	45.1837	0.659472
Gorai.009G290300.1.D	2823	2717.5	8.81633	0.128677
Gorai.009G290400.1.A	1163	1057.5	2.01227	0.0754725
Gorai.009G290400.1.D	1163	1057.5	161.988	6.07554
Gorai.009G290500.1.A	3446	3340.5	1154.16	13.7038
Gorai.009G290500.1.D	3446	3340.5	1056.84	12.5482
Gorai.009G290600.1.A	547	441.551	0	0
Gorai.009G290600.1.D	547	441.551	0	0
Gorai.009G290700.1.A	1319	1213.5	101.318	3.31153
Gorai.009G290700.1.D	1319	1213.5	204.682	6.68996
Gorai.009G290800.1.A	2064	1958.5	3	0.0607549
Gorai.009G290800.1.D	2064	1958.5	0	0
Gorai.009G290900.1.A	1078	972.505	0	0
Gorai.009G290900.1.D	1078	972.505	1	0.0407843
Gorai.009G291000.1.A	412	306.583	148	19.1469
Gorai.009G291000.1.D	412	306.583	0	0
Gorai.009G291100.1.A	1619	1513.5	240.997	6.31557
Gorai.009G291100.1.D	1619	1513.5	47.968	1.25705
Gorai.009G291200.1.A	803	697.505	0	0
Gorai.009G291200.1.D	803	697.505	0	0
Gorai.009G291300.1.A	1337	1231.5	0	0
Gorai.009G291300.1.D	1337	1231.5	7	0.225448
Gorai.009G291400.1.A	1146	1040.5	0	0
Gorai.009G291400.1.D	1146	1040.5	6.03515	0.230053
Gorai.009G291500.1.A	810	704.505	6	0.337794
Gorai.009G291500.1.D	810	704.505	6	0.337794
Gorai.009G291600.1.A	1973	1867.5	163.333	3.46895
Gorai.009G291600.1.D	1973	1867.5	266.667	5.66359
Gorai.009G291700.1.A	1648	1542.5	0	0
Gorai.009G291700.1.D	1648	1542.5	2	0.0514267
Gorai.009G291800.1.A	2079	1973.5	91.375	1.83643
Gorai.009G291800.1.D	2079	1973.5	80.625	1.62038
Gorai.009G291900.1.A	1847	1741.5	86.0406	1.95958
Gorai.009G291900.1.D	1847	1741.5	65.2745	1.48663
Gorai.009G292000.1.A	1486	1380.5	436.394	12.5379
Gorai.009G292000.1.D	1486	1380.5	1481.43	42.5626
Gorai.009G292100.1.A	1874	1768.5	267.908	6.00848
Gorai.009G292100.1.D	1874	1768.5	225.092	5.04822
Gorai.009G292200.1.A	1257	1151.5	11.9167	0.410463
Gorai.009G292200.1.D	1257	1151.5	1.08333	0.0373148
Gorai.009G292300.1.A	1221	1115.5	1243.47	44.2128
Gorai.009G292300.1.D	1221	1115.5	1308.53	46.5263
Gorai.009G292400.1.A	2230	2124.5	163.989	3.06156
Gorai.009G292400.1.D	2230	2124.5	319.011	5.95569
Gorai.009G292500.1.A	1280	1174.5	120.102	4.05583
Gorai.009G292500.1.D	1280	1174.5	97.8981	3.30601
Gorai.009G292600.1.A	1313	1207.5	37.3663	1.22737
Gorai.009G292600.1.D	1313	1207.5	64.6337	2.12302
Gorai.009G292700.1.A	2714	2608.5	1130.47	17.189
Gorai.009G292700.1.D	2714	2608.5	1115.53	16.9619
Gorai.009G292800.1.A	3278	3172.5	13809.6	172.649
Gorai.009G292800.1.D	3278	3172.5	8523.1	106.557
Gorai.009G292900.1.A	839	733.505	3945.25	213.332
Gorai.009G292900.1.D	839	733.505	3330.75	180.104
Gorai.009G293000.1.A	1883	1777.5	33	0.736356
Gorai.009G293000.1.D	1883	1777.5	0	0
Gorai.009G293100.1.A	801	695.505	1976.92	112.739
Gorai.009G293100.1.D	801	695.505	1949.08	111.151
Gorai.009G293200.1.A	789	683.505	41.9922	2.43676
Gorai.009G293200.1.D	789	683.505	173.008	10.0394
Gorai.009G293300.1.A	1166	1060.5	1227.77	45.9187
Gorai.009G293300.1.D	1166	1060.5	1537.77	57.5127
Gorai.009G293400.1.A	1591	1485.5	1	0.0267
Gorai.009G293400.1.D	1591	1485.5	1	0.0267
Gorai.009G293500.1.A	2027	1921.5	540.895	11.165
Gorai.009G293500.1.D	2027	1921.5	872.105	18.0016
Gorai.009G293600.1.A	2009	1903.5	5.55556	0.11576
Gorai.009G293600.1.D	2009	1903.5	64.4444	1.34282
Gorai.009G293700.1.A	642	536.505	0	0
Gorai.009G293700.1.D	642	536.505	0	0
Gorai.009G293800.1.A	2312	2206.5	6	0.107853
Gorai.009G293800.1.D	2312	2206.5	0	0
Gorai.009G293900.1.A	1735	1629.5	0	0
Gorai.009G293900.1.D	1735	1629.5	0	0
Gorai.009G294000.1.A	1065	959.505	0	0
Gorai.009G294000.1.D	1065	959.505	1	0.0413369
Gorai.009G294100.1.A	1089	983.505	36.0541	1.45399
Gorai.009G294100.1.D	1089	983.505	9.94595	0.401102
Gorai.009G294200.1.A	3217	3111.5	42.6186	0.543267
Gorai.009G294200.1.D	3217	3111.5	63.3814	0.807935
Gorai.009G294300.1.A	1474	1368.5	13	0.376775
Gorai.009G294300.1.D	1474	1368.5	102	2.95623
Gorai.009G294400.1.A	2269	2163.5	1.5	0.0274991
Gorai.009G294400.1.D	2269	2163.5	1.5	0.0274991
Gorai.009G294500.1.A	1787	1681.5	74.185	1.74986
Gorai.009G294500.1.D	1787	1681.5	132.815	3.13281
Gorai.009G294600.1.A	1626	1520.5	162.365	4.23536
Gorai.009G294600.1.D	1626	1520.5	165.635	4.32064
Gorai.009G294700.1.A	1592	1486.5	156.277	4.16979
Gorai.009G294700.1.D	1592	1486.5	61.7229	1.64689
Gorai.009G294800.1.A	1442	1336.5	0	0
Gorai.009G294800.1.D	1442	1336.5	0	0
Gorai.009G294900.1.A	1395	1289.5	0	0
Gorai.009G294900.1.D	1395	1289.5	0	0
Gorai.009G295000.1.A	769	663.505	23.4783	1.40348
Gorai.009G295000.1.D	769	663.505	12.5217	0.748524
Gorai.009G295100.1.A	798	692.505	264.674	15.1591
Gorai.009G295100.1.D	798	692.505	188.326	10.7863
Gorai.009G295200.1.A	1185	1079.5	3.125	0.114818
Gorai.009G295200.1.D	1185	1079.5	21.875	0.803727
Gorai.009G295300.1.A	1066	960.505	29	1.19752
Gorai.009G295300.1.D	1066	960.505	26	1.07364
Gorai.009G295400.1.A	688	582.505	7	0.476632
Gorai.009G295400.1.D	688	582.505	0	0
Gorai.009G295500.1.A	701	595.505	21.4038	1.42558
Gorai.009G295500.1.D	701	595.505	31.5962	2.10443
Gorai.009G295600.1.A	778	672.505	248.709	14.6684
Gorai.009G295600.1.D	778	672.505	210.291	12.4025
Gorai.009G295700.1.A	2374	2268.5	0	0
Gorai.009G295700.1.D	2374	2268.5	0	0
Gorai.009G295800.1.A	1429	1323.5	81.3953	2.43927
Gorai.009G295800.1.D	1429	1323.5	93.6047	2.80516
Gorai.009G295900.1.A	1261	1155.5	2	0.0686504
Gorai.009G295900.1.D	1261	1155.5	1	0.0343252
Gorai.009G296000.1.A	1104	998.505	0	0
Gorai.009G296000.1.D	1104	998.505	0	0
Gorai.009G296100.1.A	1658	1552.5	1456.96	37.222
Gorai.009G296100.1.D	1658	1552.5	1477.04	37.735
Gorai.009G296200.1.A	480	374.551	3	0.317684
Gorai.009G296200.1.D	480	374.551	0	0
Gorai.009G296300.1.A	2899	2793.5	438.262	6.22256
Gorai.009G296300.1.D	2899	2793.5	145.738	2.06923
Gorai.009G296400.1.A	1852	1746.5	113.923	2.58717
Gorai.009G296400.1.D	1852	1746.5	181.077	4.11225
Gorai.009G296500.1.A	1972	1866.5	355.357	7.55129
Gorai.009G296500.1.D	1972	1866.5	440.643	9.36359
Gorai.009G296600.1.A	1627	1521.5	144.525	3.7675
Gorai.009G296600.1.D	1627	1521.5	83.4754	2.17606
Gorai.009G296700.1.A	1656	1550.5	2	0.0511613
Gorai.009G296700.1.D	1656	1550.5	0	0
Gorai.009G296800.1.A	1864	1758.5	42	0.947307
Gorai.009G296800.1.D	1864	1758.5	28	0.631538
Gorai.009G296900.1.A	1987	1881.5	109	2.29777
Gorai.009G296900.1.D	1987	1881.5	0	0
Gorai.009G297000.1.A	1292	1186.5	227.213	7.59537
Gorai.009G297000.1.D	1292	1186.5	472.787	15.8045
Gorai.009G297100.1.A	837	731.505	0	0
Gorai.009G297100.1.D	837	731.505	2	0.108442
Gorai.009G297200.1.A	267	161.849	3	0.735182
Gorai.009G297200.1.D	267	161.849	0	0
Gorai.009G297300.1.A	267	161.849	0	0
Gorai.009G297300.1.D	267	161.849	0	0
Gorai.009G297400.1.A	267	161.849	0	0
Gorai.009G297400.1.D	267	161.849	0	0
Gorai.009G297500.1.A	2722	2616.5	1	0.0151587
Gorai.009G297500.1.D	2722	2616.5	0	0
Gorai.009G297600.1.A	1647	1541.5	242.512	6.23983
Gorai.009G297600.1.D	1647	1541.5	65.4884	1.68502
Gorai.009G297700.1.A	1587	1481.5	111.771	2.99235
Gorai.009G297700.1.D	1587	1481.5	540.229	14.463
Gorai.009G297800.1.A	1539	1433.5	42.4211	1.17373
Gorai.009G297800.1.D	1539	1433.5	9.57895	0.265035
Gorai.009G297900.1.A	4377	4271.5	0	0
Gorai.009G297900.1.D	4377	4271.5	2	0.0185709
Gorai.009G298000.1.A	1560	1454.5	95.4751	2.60352
Gorai.009G298000.1.D	1560	1454.5	456.525	12.449
Gorai.009G298100.1.A	1489	1383.5	0	0
Gorai.009G298100.1.D	1489	1383.5	37	1.06073
Gorai.009G298200.1.A	411	305.583	32.5085	4.21942
Gorai.009G298200.1.D	411	305.583	729.491	94.6838
Gorai.009G298300.1.A	1776	1670.5	28.087	0.666871
Gorai.009G298300.1.D	1776	1670.5	9.91304	0.235366
Gorai.009G298400.1.A	765	659.505	0	0
Gorai.009G298400.1.D	765	659.505	0	0
Gorai.009G298500.1.A	678	572.505	0	0
Gorai.009G298500.1.D	678	572.505	0	0
Gorai.009G298600.1.A	824	718.505	1	0.0552021
Gorai.009G298600.1.D	824	718.505	0	0
Gorai.009G298700.1.A	1012	906.505	79.2109	3.46577
Gorai.009G298700.1.D	1012	906.505	84.7891	3.70984
Gorai.009G298800.1.A	3932	3826.5	1107.59	11.4805
Gorai.009G298800.1.D	3932	3826.5	764.409	7.92334
Gorai.009G298900.1.A	2242	2136.5	50.75	0.942144
Gorai.009G298900.1.D	2242	2136.5	65.25	1.21133
Gorai.009G299000.1.A	3625	3519.5	80.4706	0.906861
Gorai.009G299000.1.D	3625	3519.5	81.5294	0.918793
Gorai.009G299100.1.A	1314	1208.5	97.9121	3.21346
Gorai.009G299100.1.D	1314	1208.5	12.0879	0.396723
Gorai.009G299200.1.A	954	848.505	4	0.186978
Gorai.009G299200.1.D	954	848.505	2	0.093489
Gorai.009G299300.1.A	840	734.505	0	0
Gorai.009G299300.1.D	840	734.505	0	0
Gorai.009G299400.1.A	447	341.583	2	0.23223
Gorai.009G299400.1.D	447	341.583	0	0
Gorai.009G299500.1.A	528	422.551	2.5	0.234663
Gorai.009G299500.1.D	528	422.551	2.5	0.234663
Gorai.009G299600.1.A	1106	1000.5	4.0076	0.158873
Gorai.009G299600.1.D	1106	1000.5	0	0
Gorai.009G299700.1.A	860	754.505	5.93945	0.312226
Gorai.009G299700.1.D	860	754.505	2	0.105136
Gorai.009G299800.1.A	900	794.505	7.06055	0.352474
Gorai.009G299800.1.D	900	794.505	0	0
Gorai.009G299900.1.A	1533	1427.5	2.22222	0.061744
Gorai.009G299900.1.D	1533	1427.5	17.7778	0.493952
Gorai.009G300000.1.A	2099	1993.5	93.9375	1.86899
Gorai.009G300000.1.D	2099	1993.5	73.0625	1.45366
Gorai.009G300100.1.A	624	518.505	0	0
Gorai.009G300100.1.D	624	518.505	0	0
Gorai.009G300200.1.A	540	434.551	0	0
Gorai.009G300200.1.D	540	434.551	0	0
Gorai.009G300300.1.A	536	430.551	0	0
Gorai.009G300300.1.D	536	430.551	0	0
Gorai.009G300400.1.A	509	403.551	0	0
Gorai.009G300400.1.D	509	403.551	0	0
Gorai.009G300500.1.A	725	619.505	0	0
Gorai.009G300500.1.D	725	619.505	0	0
Gorai.009G300600.1.A	825	719.505	0	0
Gorai.009G300600.1.D	825	719.505	93	5.12666
Gorai.009G300700.1.A	736	630.505	0	0
Gorai.009G300700.1.D	736	630.505	0	0
Gorai.009G300800.1.A	677	571.505	0	0
Gorai.009G300800.1.D	677	571.505	0	0
Gorai.009G300900.1.A	1130	1024.5	19	0.735571
Gorai.009G300900.1.D	1130	1024.5	19	0.735571
Gorai.009G301000.1.A	864	758.505	0	0
Gorai.009G301000.1.D	864	758.505	0	0
Gorai.009G301100.1.A	2324	2218.5	60.0729	1.074
Gorai.009G301100.1.D	2324	2218.5	68.6548	1.22743
Gorai.009G301200.1.A	1980	1874.5	19.6721	0.416246
Gorai.009G301200.1.D	1980	1874.5	130.328	2.75763
Gorai.009G301300.1.A	576	470.551	1.5	0.126436
Gorai.009G301300.1.D	576	470.551	1.5	0.126436
Gorai.009G301400.1.A	1697	1591.5	40.5503	1.01058
Gorai.009G301400.1.D	1697	1591.5	118.45	2.95196
Gorai.009G301500.1.A	2646	2540.5	96.3333	1.50398
Gorai.009G301500.1.D	2646	2540.5	175.667	2.74255
Gorai.009G301600.1.A	2071	1965.5	109.038	2.20034
Gorai.009G301600.1.D	2071	1965.5	106.962	2.15843
Gorai.009G301700.1.A	919	813.505	1	0.0487556
Gorai.009G301700.1.D	919	813.505	2	0.0975113
Gorai.009G301800.1.A	2148	2042.5	65.4545	1.27105
Gorai.009G301800.1.D	2148	2042.5	69.5455	1.35049
Gorai.009G301900.1.A	1747	1641.5	91.6811	2.21525
Gorai.009G301900.1.D	1747	1641.5	376.319	9.09282
Gorai.009G302000.1.A	1615	1509.5	131.589	3.45757
Gorai.009G302000.1.D	1615	1509.5	177.411	4.66155
Gorai.009G302100.1.A	1488	1382.5	715.728	20.5337
Gorai.009G302100.1.D	1488	1382.5	458.272	13.1475
Gorai.009G302200.1.A	716	610.505	447.777	29.0909
Gorai.009G302200.1.D	716	610.505	317.223	20.6092
Gorai.009G302300.1.A	1355	1249.5	3.46875	0.110108
Gorai.009G302300.1.D	1355	1249.5	33.5312	1.06438
Gorai.009G302400.1.A	838	732.505	2	0.108294
Gorai.009G302400.1.D	838	732.505	0	0
Gorai.009G302500.1.A	1697	1591.5	4505.89	112.294
Gorai.009G302500.1.D	1697	1591.5	7366.11	183.576
Gorai.009G302600.1.A	2995	2889.5	17.5238	0.240542
Gorai.009G302600.1.D	2995	2889.5	5.47619	0.0751692
Gorai.009G302700.1.A	863	757.505	0	0
Gorai.009G302700.1.D	863	757.505	13	0.68068
Gorai.009G302800.1.A	1283	1177.5	1	0.0336839
Gorai.009G302800.1.D	1283	1177.5	0	0
Gorai.009G302900.1.A	797	691.505	48.0316	2.75497
Gorai.009G302900.1.D	797	691.505	68.9684	3.95585
Gorai.009G303000.1.A	991	885.505	0	0
Gorai.009G303000.1.D	991	885.505	26.1094	1.16947
Gorai.009G303100.1.A	909	803.505	641.632	31.6725
Gorai.009G303100.1.D	909	803.505	538.368	26.5751
Gorai.009G303200.1.A	1179	1073.5	881.292	32.5612
Gorai.009G303200.1.D	1179	1073.5	807.708	29.8425
Gorai.009G303300.1.A	1268	1162.5	1549.3	52.8597
Gorai.009G303300.1.D	1268	1162.5	1069.7	36.4967
Gorai.009G303400.1.A	742	636.505	0.5	0.0311568
Gorai.009G303400.1.D	742	636.505	0.5	0.0311568
Gorai.009G303500.1.A	1346	1240.5	1038.33	33.1988
Gorai.009G303500.1.D	1346	1240.5	1622.67	51.882
Gorai.009G303600.1.A	1045	939.505	186.63	7.87895
Gorai.009G303600.1.D	1045	939.505	217.37	9.17666
Gorai.009G303700.1.A	411	305.583	0	0
Gorai.009G303700.1.D	411	305.583	0	0
Gorai.009G303800.1.A	1663	1557.5	475.742	12.1151
Gorai.009G303800.1.D	1663	1557.5	713.812	18.1777
Gorai.009G303900.1.A	1358	1252.5	205.767	6.516
Gorai.009G303900.1.D	1358	1252.5	231.233	7.32244
Gorai.009G304000.1.A	1309	1203.5	17.0205	0.560933
Gorai.009G304000.1.D	1309	1203.5	337.979	11.1385
Gorai.009G304100.1.A	1221	1115.5	121.618	4.32427
Gorai.009G304100.1.D	1221	1115.5	112.382	3.99585
Gorai.009G304200.1.A	2431	2325.5	537.511	9.16759
Gorai.009G304200.1.D	2431	2325.5	393.489	6.7112
Gorai.009G304300.1.A	2847	2741.5	15.5642	0.225177
Gorai.009G304300.1.D	2847	2741.5	183.436	2.65387
Gorai.009G304400.1.A	2062	1956.5	11.7097	0.237383
Gorai.009G304400.1.D	2062	1956.5	21.2903	0.431605
Gorai.009G304500.1.A	615	509.505	40.7547	3.1726
Gorai.009G304500.1.D	615	509.505	67.2453	5.23478
Gorai.009G304600.1.A	1846	1740.5	6	0.136729
Gorai.009G304600.1.D	1846	1740.5	3	0.0683646
Gorai.009G304700.1.A	1465	1359.5	183.793	5.36208
Gorai.009G304700.1.D	1465	1359.5	474.207	13.8348
Gorai.009G304800.1.A	3152	3046.5	8.8	0.114569
Gorai.009G304800.1.D	3152	3046.5	2.2	0.0286422
Gorai.009G304900.1.A	4687	4581.5	13.4483	0.116424
Gorai.009G304900.1.D	4687	4581.5	64.5517	0.558836
Gorai.009G305000.1.A	718	612.505	12.4528	0.806387
Gorai.009G305000.1.D	718	612.505	42.5472	2.75516
Gorai.009G305100.1.A	712	606.505	0	0
Gorai.009G305100.1.D	712	606.505	0	0
Gorai.009G305200.1.A	608	502.551	0	0
Gorai.009G305200.1.D	608	502.551	0	0
Gorai.009G305300.1.A	3248	3142.5	725.951	9.16255
Gorai.009G305300.1.D	3248	3142.5	195.049	2.4618
Gorai.009G305400.1.A	2083	1977.5	12.4802	0.250316
Gorai.009G305400.1.D	2083	1977.5	8.3703	0.167884
Gorai.009G305500.1.A	2309	2203.5	17.5743	0.316336
Gorai.009G305500.1.D	2309	2203.5	176.575	3.17834
Gorai.009G305600.1.A	1802	1696.5	0	0
Gorai.009G305600.1.D	1802	1696.5	32	0.748135
Gorai.009G305700.1.A	1717	1611.5	76.2927	1.87774
Gorai.009G305700.1.D	1717	1611.5	59.7073	1.46954
Gorai.009G305800.1.A	1575	1469.5	0	0
Gorai.009G305800.1.D	1575	1469.5	0	0
Gorai.009G305900.1.A	790	684.505	188.011	10.8941
Gorai.009G305900.1.D	790	684.505	374.989	21.7284
Gorai.009G306000.1.A	300	194.687	3	0.611179
Gorai.009G306000.1.D	300	194.687	2	0.407453
Gorai.009G306100.1.A	1861	1755.5	196.935	4.44946
Gorai.009G306100.1.D	1861	1755.5	1.06452	0.0240511
Gorai.009G306200.1.A	1477	1371.5	13.2708	0.383783
Gorai.009G306200.1.D	1477	1371.5	35.7292	1.03326
Gorai.009G306300.1.A	1957	1851.5	4	0.085688
Gorai.009G306300.1.D	1957	1851.5	6	0.128532
Gorai.009G306400.1.A	1390	1284.5	4.75	0.146671
Gorai.009G306400.1.D	1390	1284.5	14.25	0.440012
Gorai.009G306500.1.A	1539	1433.5	0	0
Gorai.009G306500.1.D	1539	1433.5	0	0
Gorai.009G306600.1.A	277	171.788	0	0
Gorai.009G306600.1.D	277	171.788	0	0
Gorai.009G306700.1.A	654	548.505	0	0
Gorai.009G306700.1.D	654	548.505	0	0
Gorai.009G306800.1.A	1452	1346.5	64.3131	1.89442
Gorai.009G306800.1.D	1452	1346.5	0	0
Gorai.009G306900.1.A	3150	3044.5	0	0
Gorai.009G306900.1.D	3150	3044.5	0	0
Gorai.009G307000.1.A	1607	1501.5	0	0
Gorai.009G307000.1.D	1607	1501.5	31.3572	0.828315
Gorai.009G307100.1.A	3054	2948.5	0	0
Gorai.009G307100.1.D	3054	2948.5	0	0
Gorai.009G307200.1.A	2112	2006.5	16.8	0.332089
Gorai.009G307200.1.D	2112	2006.5	39.2	0.774873
Gorai.009G307300.1.A	2937	2831.5	9	0.12607
Gorai.009G307300.1.D	2937	2831.5	9	0.12607
Gorai.009G307400.1.A	1197	1091.5	149.387	5.42841
Gorai.009G307400.1.D	1197	1091.5	32.6127	1.18508
Gorai.009G307500.1.A	1847	1741.5	4.26043	0.0970317
Gorai.009G307500.1.D	1847	1741.5	0	0
Gorai.009G307600.1.A	3877	3771.5	588.108	6.18483
Gorai.009G307600.1.D	3877	3771.5	331.892	3.49033
Gorai.009G307700.1.A	920	814.505	355.636	17.318
Gorai.009G307700.1.D	920	814.505	184.364	8.97773
Gorai.009G307800.1.A	948	842.505	0	0
Gorai.009G307800.1.D	948	842.505	0	0
Gorai.009G307900.1.A	1650	1544.5	0	0
Gorai.009G307900.1.D	1650	1544.5	0	0
Gorai.009G308000.1.A	845	739.505	0	0
Gorai.009G308000.1.D	845	739.505	0	0
Gorai.009G308100.1.A	713	607.505	0	0
Gorai.009G308100.1.D	713	607.505	0	0
Gorai.009G308200.1.A	2559	2453.5	0	0
Gorai.009G308200.1.D	2559	2453.5	0	0
Gorai.009G308300.1.A	1148	1042.5	0	0
Gorai.009G308300.1.D	1148	1042.5	12.06	0.458831
Gorai.009G308400.1.A	1083	977.505	0	0
Gorai.009G308400.1.D	1083	977.505	0	0
Gorai.009G308500.1.A	1583	1477.5	597.02	16.0267
Gorai.009G308500.1.D	1583	1477.5	558.98	15.0056
Gorai.009G308600.1.A	270	164.849	20	4.81202
Gorai.009G308600.1.D	270	164.849	0	0
Gorai.009G308700.1.A	630	524.505	270	20.4173
Gorai.009G308700.1.D	630	524.505	0	0
Gorai.009G308800.1.A	237	132.247	42	12.5964
Gorai.009G308800.1.D	237	132.247	0	0
Gorai.009G308900.1.A	2003	1897.5	1416.22	29.6029
Gorai.009G308900.1.D	2003	1897.5	1104.78	23.0928
Gorai.009G309000.1.A	2544	2438.5	1425.78	23.1907
Gorai.009G309000.1.D	2544	2438.5	1441.22	23.4419
Gorai.009G309100.1.A	1260	1154.5	115.918	3.98237
Gorai.009G309100.1.D	1260	1154.5	239.082	8.21364
Gorai.009G309200.1.A	1333	1227.5	475.311	15.3582
Gorai.009G309200.1.D	1333	1227.5	921.689	29.7815
Gorai.009G309300.1.A	1854	1748.5	143.085	3.24572
Gorai.009G309300.1.D	1854	1748.5	108.915	2.47062
Gorai.009G309400.1.A	1772	1666.5	0	0
Gorai.009G309400.1.D	1772	1666.5	0	0
Gorai.009G309500.1.A	1867	1761.5	0	0
Gorai.009G309500.1.D	1867	1761.5	0	0
Gorai.009G309600.1.A	2541	2435.5	451.569	7.35393
Gorai.009G309600.1.D	2541	2435.5	38.4314	0.625867
Gorai.009G309700.1.A	1514	1408.5	0	0
Gorai.009G309700.1.D	1514	1408.5	86	2.42173
Gorai.009G309800.1.A	888	782.505	15.6471	0.793105
Gorai.009G309800.1.D	888	782.505	3.35294	0.169951
Gorai.009G309900.1.A	1812	1706.5	11	0.255664
Gorai.009G309900.1.D	1812	1706.5	0	0
Gorai.009G310000.1.A	1863	1757.5	0	0
Gorai.009G310000.1.D	1863	1757.5	2	0.0451355
Gorai.009G310100.1.A	818	712.505	0	0
Gorai.009G310100.1.D	818	712.505	0	0
Gorai.009G310200.1.A	1723	1617.5	0	0
Gorai.009G310200.1.D	1723	1617.5	0	0
Gorai.009G310300.1.A	3486	3380.5	70.1707	0.823302
Gorai.009G310300.1.D	3486	3380.5	66.8293	0.784097
Gorai.009G310400.1.A	2565	2459.5	1	0.0161264
Gorai.009G310400.1.D	2565	2459.5	2	0.0322528
Gorai.009G310500.1.A	1119	1013.5	350.316	13.7094
Gorai.009G310500.1.D	1119	1013.5	273.684	10.7105
Gorai.009G310600.1.A	1096	990.505	6	0.240259
Gorai.009G310600.1.D	1096	990.505	5	0.200216
Gorai.009G310700.1.A	1623	1517.5	1	0.0261369
Gorai.009G310700.1.D	1623	1517.5	0	0
Gorai.009G310800.1.A	2008	1902.5	16646.1	347.033
Gorai.009G310800.1.D	2008	1902.5	15218.9	317.28
Gorai.009G310900.1.A	756	650.505	52.4815	3.19993
Gorai.009G310900.1.D	756	650.505	56.5185	3.44608
Gorai.009G311000.1.A	648	542.505	0	0
Gorai.009G311000.1.D	648	542.505	0	0
Gorai.009G311100.1.A	1163	1057.5	2	0.0750123
Gorai.009G311100.1.D	1163	1057.5	0	0
Gorai.009G311200.1.A	2184	2078.5	570.892	10.894
Gorai.009G311200.1.D	2184	2078.5	466.108	8.89448
Gorai.009G311300.1.A	171	69.7331	16.7895	9.54955
Gorai.009G311300.1.D	171	69.7331	12.2105	6.94513
Gorai.009G311400.1.A	1804	1698.5	0	0
Gorai.009G311400.1.D	1804	1698.5	0	0
Gorai.009G311500.1.A	2309	2203.5	70.1299	1.26233
Gorai.009G311500.1.D	2309	2203.5	29.8701	0.53766
Gorai.009G311600.1.A	471	365.551	2	0.217003
Gorai.009G311600.1.D	471	365.551	0	0
Gorai.009G311700.1.A	4924	4818.5	17.8889	0.14725
Gorai.009G311700.1.D	4924	4818.5	28.1111	0.231393
Gorai.009G311800.1.A	2958	2852.5	11.669	0.162253
Gorai.009G311800.1.D	2958	2852.5	8.27602	0.115075
Gorai.009G311900.1.A	1095	989.505	62.1111	2.48964
Gorai.009G311900.1.D	1095	989.505	109.889	4.40475
Gorai.009G312000.1.A	1764	1658.5	31.5789	0.755207
Gorai.009G312000.1.D	1764	1658.5	128.421	3.07117
Gorai.009G312100.1.A	1054	948.505	198.923	8.31824
Gorai.009G312100.1.D	1054	948.505	440.077	18.4024
Gorai.009G312200.1.A	1857	1751.5	35.6061	0.806302
Gorai.009G312200.1.D	1857	1751.5	11.3939	0.258017
Gorai.009G312300.1.A	1793	1687.5	292.757	6.88094
Gorai.009G312300.1.D	1793	1687.5	88.2425	2.07404
Gorai.009G312400.1.A	951	845.505	34.3562	1.61166
Gorai.009G312400.1.D	951	845.505	41.6438	1.95353
Gorai.009G312500.1.A	1905	1799.5	174.559	3.84747
Gorai.009G312500.1.D	1905	1799.5	163.441	3.6024
Gorai.009G312600.1.A	548	442.551	0	0
Gorai.009G312600.1.D	548	442.551	0	0
Gorai.009G312700.1.A	4996	4890.5	74.79	0.606561
Gorai.009G312700.1.D	4996	4890.5	25.7417	0.20877
Gorai.009G312800.1.A	1824	1718.5	0	0
Gorai.009G312800.1.D	1824	1718.5	0	0
Gorai.009G312900.1.A	345	239.63	0	0
Gorai.009G312900.1.D	345	239.63	0	0
Gorai.009G313000.1.A	1150	1044.5	549.643	20.8716
Gorai.009G313000.1.D	1150	1044.5	1017.36	38.6321
Gorai.009G313100.1.A	5163	5057.5	222.591	1.74565
Gorai.009G313100.1.D	5163	5057.5	220.409	1.72853
Gorai.009G313200.1.A	410	304.583	0	0
Gorai.009G313200.1.D	410	304.583	0	0
Gorai.009G313300.1.A	1590	1484.5	1.11152	0.0296976
Gorai.009G313300.1.D	1590	1484.5	2699.89	72.1355
Gorai.009G313400.1.A	519	413.551	0	0
Gorai.009G313400.1.D	519	413.551	52	4.98722
Gorai.009G313500.1.A	1992	1886.5	2137.85	44.9473
Gorai.009G313500.1.D	1992	1886.5	1808.15	38.0157
Gorai.009G313600.1.A	2812	2706.5	258.902	3.79412
Gorai.009G313600.1.D	2812	2706.5	415.098	6.08313
Gorai.009G313700.1.A	1830	1724.5	160.66	3.69513
Gorai.009G313700.1.D	1830	1724.5	99.3396	2.28477
Gorai.009G313800.1.A	3154	3048.5	0	0
Gorai.009G313800.1.D	3154	3048.5	0	0
Gorai.009G313900.1.A	300	194.687	3	0.611179
Gorai.009G313900.1.D	300	194.687	0	0
Gorai.009G314000.1.A	3108	3002.5	0	0
Gorai.009G314000.1.D	3108	3002.5	0	0
Gorai.009G314100.1.A	420	314.583	140.838	17.757
Gorai.009G314100.1.D	420	314.583	0	0
Gorai.009G314200.1.A	1836	1730.5	922.125	21.135
Gorai.009G314200.1.D	1836	1730.5	353.875	8.11076
Gorai.009G314300.1.A	1626	1520.5	3.14758	0.0821058
Gorai.009G314300.1.D	1626	1520.5	0	0
Gorai.009G314400.1.A	2398	2292.5	224.214	3.87916
Gorai.009G314400.1.D	2398	2292.5	68.6385	1.18752
Gorai.009G314500.1.A	1071	965.505	9	0.36972
Gorai.009G314500.1.D	1071	965.505	54	2.21832
Gorai.009G314600.1.A	2925	2819.5	35.971	0.506017
Gorai.009G314600.1.D	2925	2819.5	37.029	0.520899
Gorai.009G314700.1.A	1601	1495.5	1595.15	42.3057
Gorai.009G314700.1.D	1601	1495.5	2929.85	77.7038
Gorai.009G314800.1.A	1789	1683.5	302.058	7.11642
Gorai.009G314800.1.D	1789	1683.5	193.942	4.56921
Gorai.009G314900.1.A	1426	1320.5	0	0
Gorai.009G314900.1.D	1426	1320.5	5	0.150181
Gorai.009G315000.1.A	943	837.505	569.412	26.9665
Gorai.009G315000.1.D	943	837.505	786.588	37.2516
Gorai.009G315100.1.A	984	878.505	0	0
Gorai.009G315100.1.D	984	878.505	2	0.0902965
Gorai.009G315200.1.A	387	281.583	1	0.140857
Gorai.009G315200.1.D	387	281.583	0	0
Gorai.009G315300.1.A	1067	961.505	0	0
Gorai.009G315300.1.D	1067	961.505	0	0
Gorai.009G315400.1.A	3043	2937.5	76.0989	1.02751
Gorai.009G315400.1.D	3043	2937.5	6.7555	0.0912145
Gorai.009G315500.1.A	3639	3533.5	36.8392	0.413514
Gorai.009G315500.1.D	3639	3533.5	25.8296	0.289933
Gorai.009G315600.1.A	1459	1353.5	650.871	19.073
Gorai.009G315600.1.D	1459	1353.5	418.129	12.2528
Gorai.009G315700.1.A	1585	1479.5	37	0.991905
Gorai.009G315700.1.D	1585	1479.5	5	0.134041
Gorai.009G315800.1.A	1019	913.505	88.2263	3.83065
Gorai.009G315800.1.D	1019	913.505	64.7737	2.81237
Gorai.009G315900.1.A	1752	1646.5	489.12	11.7825
Gorai.009G315900.1.D	1752	1646.5	378.88	9.12692
Gorai.009G316000.1.A	3330	3224.5	49.1011	0.603967
Gorai.009G316000.1.D	3330	3224.5	45.8989	0.564578
Gorai.009G316100.1.A	1905	1799.5	42.4468	0.935571
Gorai.009G316100.1.D	1905	1799.5	52.5532	1.15833
Gorai.009G316200.1.A	590	484.551	2	0.16371
Gorai.009G316200.1.D	590	484.551	0	0
Gorai.009G316300.1.A	559	453.551	4.5	0.393524
Gorai.009G316300.1.D	559	453.551	4.5	0.393524
Gorai.009G316400.1.A	912	806.505	0	0
Gorai.009G316400.1.D	912	806.505	0	0
Gorai.009G316500.1.A	669	563.505	0	0
Gorai.009G316500.1.D	669	563.505	0	0
Gorai.009G316600.1.A	1995	1889.5	0	0
Gorai.009G316600.1.D	1995	1889.5	0	0
Gorai.009G316700.1.A	634	528.505	611.31	45.8773
Gorai.009G316700.1.D	634	528.505	735.69	55.2117
Gorai.009G316800.1.A	903	797.505	0	0
Gorai.009G316800.1.D	903	797.505	0	0
Gorai.009G316900.1.A	2550	2444.5	0	0
Gorai.009G316900.1.D	2550	2444.5	0	0
Gorai.009G317000.1.A	1988	1882.5	267.225	5.63022
Gorai.009G317000.1.D	1988	1882.5	95.7752	2.01791
Gorai.009G317100.1.A	1721	1615.5	0	0
Gorai.009G317100.1.D	1721	1615.5	0	0
Gorai.009G317200.1.A	1164	1058.5	0.864133	0.0323797
Gorai.009G317200.1.D	1164	1058.5	0.864133	0.0323797
Gorai.009G317300.1.A	1253	1147.5	3.27173	0.113086
Gorai.009G317300.1.D	1253	1147.5	0	0
Gorai.009G317400.1.A	1252	1146.5	0	0
Gorai.009G317400.1.D	1252	1146.5	0	0
Gorai.009G317500.1.A	1563	1457.5	0	0
Gorai.009G317500.1.D	1563	1457.5	0	0
Gorai.009G317600.1.A	1215	1109.5	0	0
Gorai.009G317600.1.D	1215	1109.5	0	0
Gorai.009G317700.1.A	1131	1025.5	34.65	1.34014
Gorai.009G317700.1.D	1131	1025.5	7.35	0.284272
Gorai.009G317800.1.A	2146	2040.5	6.46602	0.125685
Gorai.009G317800.1.D	2146	2040.5	104.534	2.03191
Gorai.009G317900.1.A	1119	1013.5	24.4565	0.957092
Gorai.009G317900.1.D	1119	1013.5	100.543	3.93471
Gorai.009G318000.1.A	638	532.505	16	1.19174
Gorai.009G318000.1.D	638	532.505	20	1.48967
Gorai.009G318100.1.A	1350	1244.5	56.4	1.79749
Gorai.009G318100.1.D	1350	1244.5	37.6	1.19833
Gorai.009G318200.1.A	2554	2448.5	124.163	2.0113
Gorai.009G318200.1.D	2554	2448.5	162.837	2.63777
Gorai.009G318300.1.A	1647	1541.5	0	0
Gorai.009G318300.1.D	1647	1541.5	0	0
Gorai.009G318400.1.A	1533	1427.5	0	0
Gorai.009G318400.1.D	1533	1427.5	9	0.250063
Gorai.009G318500.1.A	1575	1469.5	1.5	0.040486
Gorai.009G318500.1.D	1575	1469.5	1.5	0.040486
Gorai.009G318600.1.A	1494	1388.5	4	0.114261
Gorai.009G318600.1.D	1494	1388.5	0	0
Gorai.009G318700.1.A	1756	1650.5	61.8169	1.48551
Gorai.009G318700.1.D	1756	1650.5	15.1831	0.364862
Gorai.009G318800.1.A	1784	1678.5	0	0
Gorai.009G318800.1.D	1784	1678.5	78	1.84313
Gorai.009G318900.1.A	1646	1540.5	16.2329	0.417943
Gorai.009G318900.1.D	1646	1540.5	62.7671	1.61605
Gorai.009G319000.1.A	2330	2224.5	243.159	4.33553
Gorai.009G319000.1.D	2330	2224.5	346.841	6.18418
Gorai.009G319100.1.A	486	380.551	0	0
Gorai.009G319100.1.D	486	380.551	0	0
Gorai.009G319200.1.A	939	833.505	2	0.0951715
Gorai.009G319200.1.D	939	833.505	0	0
Gorai.009G319300.1.A	1561	1455.5	100.223	2.73112
Gorai.009G319300.1.D	1561	1455.5	232.777	6.34324
Gorai.009G319400.1.A	1618	1512.5	327.498	8.58809
Gorai.009G319400.1.D	1618	1512.5	209.502	5.49385
Gorai.009G319500.1.A	1753	1647.5	8.4	0.202226
Gorai.009G319500.1.D	1753	1647.5	21.6	0.52001
Gorai.009G319600.1.A	3885	3779.5	898.135	9.42522
Gorai.009G319600.1.D	3885	3779.5	625.445	6.56356
Gorai.009G319700.1.A	2463	2357.5	220.32	3.70669
Gorai.009G319700.1.D	2463	2357.5	236.68	3.98194
Gorai.009G319800.1.A	2654	2548.5	193.538	3.01208
Gorai.009G319800.1.D	2654	2548.5	232.462	3.61786
Gorai.009G319900.1.A	1414	1308.5	100.088	3.03384
Gorai.009G319900.1.D	1414	1308.5	268.912	8.15116
Gorai.009G320000.1.A	3381	3275.5	179.287	2.17098
Gorai.009G320000.1.D	3381	3275.5	186.713	2.2609
Gorai.009G320100.1.A	651	545.505	0	0
Gorai.009G320100.1.D	651	545.505	0	0
Gorai.009G320200.1.A	432	326.583	0	0
Gorai.009G320200.1.D	432	326.583	0	0
Gorai.009G320300.1.A	567	461.551	0	0
Gorai.009G320300.1.D	567	461.551	0	0
Gorai.009G320400.1.A	567	461.551	0	0
Gorai.009G320400.1.D	567	461.551	0	0
Gorai.009G320500.1.A	567	461.551	0	0
Gorai.009G320500.1.D	567	461.551	0	0
Gorai.009G320600.1.A	567	461.551	0	0
Gorai.009G320600.1.D	567	461.551	0	0
Gorai.009G320700.1.A	501	395.551	0	0
Gorai.009G320700.1.D	501	395.551	0	0
Gorai.009G320800.1.A	1422	1316.5	0	0
Gorai.009G320800.1.D	1422	1316.5	5	0.150637
Gorai.009G320900.1.A	685	579.505	127	8.69224
Gorai.009G320900.1.D	685	579.505	0	0
Gorai.009G321000.1.A	446	340.583	126.968	14.7862
Gorai.009G321000.1.D	446	340.583	1.03226	0.120213
Gorai.009G321100.1.A	1720	1614.5	847.951	20.8313
Gorai.009G321100.1.D	1720	1614.5	1.04944	0.0257813
Gorai.009G321200.1.A	1467	1361.5	25	0.728292
Gorai.009G321200.1.D	1467	1361.5	1	0.0291317
Gorai.009G321300.1.A	739	633.505	0	0
Gorai.009G321300.1.D	739	633.505	0	0
Gorai.009G321400.1.A	1653	1547.5	0.5	0.0128151
Gorai.009G321400.1.D	1653	1547.5	0.5	0.0128151
Gorai.009G321500.1.A	493	387.551	0	0
Gorai.009G321500.1.D	493	387.551	0	0
Gorai.009G321600.1.A	2102	1996.5	1041.56	20.6919
Gorai.009G321600.1.D	2102	1996.5	443.438	8.80941
Gorai.009G321700.1.A	2142	2036.5	917.891	17.8768
Gorai.009G321700.1.D	2142	2036.5	1113.11	21.6789
Gorai.009G321800.1.A	249	144.019	2	0.550802
Gorai.009G321800.1.D	249	144.019	0	0
Gorai.009G321900.1.A	2326	2220.5	9	0.160759
Gorai.009G321900.1.D	2326	2220.5	0	0
Gorai.009G322000.1.A	396	290.583	0	0
Gorai.009G322000.1.D	396	290.583	0	0
Gorai.009G322100.1.A	1973	1867.5	39.2128	0.832819
Gorai.009G322100.1.D	1973	1867.5	57.7872	1.22731
Gorai.009G322200.1.A	2288	2182.5	17.0625	0.310079
Gorai.009G322200.1.D	2288	2182.5	21.9375	0.398673
Gorai.009G322300.1.A	307	201.687	102.128	20.0841
Gorai.009G322300.1.D	307	201.687	18.8716	3.7112
Gorai.009G322400.1.A	1029	923.505	0	0
Gorai.009G322400.1.D	1029	923.505	0	0
Gorai.009G322500.1.A	756	650.505	1.36148	0.083013
Gorai.009G322500.1.D	756	650.505	1.36148	0.083013
Gorai.009G322600.1.A	3844	3738.5	243.923	2.58785
Gorai.009G322600.1.D	3844	3738.5	216.071	2.29237
Gorai.009G322700.1.A	1122	1016.5	0	0
Gorai.009G322700.1.D	1122	1016.5	0	0
Gorai.009G322800.1.A	1441	1335.5	4	0.118795
Gorai.009G322800.1.D	1441	1335.5	18	0.534579
Gorai.009G322900.1.A	759	653.505	0	0
Gorai.009G322900.1.D	759	653.505	37	2.24563
Gorai.009G323000.1.A	633	527.505	0	0
Gorai.009G323000.1.D	633	527.505	0	0
Gorai.009G323100.1.A	1095	989.505	0	0
Gorai.009G323100.1.D	1095	989.505	0	0
Gorai.009G323200.1.A	582	476.551	0	0
Gorai.009G323200.1.D	582	476.551	0	0
Gorai.009G323300.1.A	1313	1207.5	2094.67	68.8037
Gorai.009G323300.1.D	1313	1207.5	1386.33	45.5368
Gorai.009G323400.1.A	2258	2152.5	24.4791	0.451061
Gorai.009G323400.1.D	2258	2152.5	1.21953	0.0224717
Gorai.009G323500.1.A	1524	1418.5	11.568	0.323454
Gorai.009G323500.1.D	1524	1418.5	28.7334	0.803417
Gorai.009G323600.1.A	1306	1200.5	236	7.7971
Gorai.009G323600.1.D	1306	1200.5	118	3.89855
Gorai.009G323700.1.A	938	832.505	0	0
Gorai.009G323700.1.D	938	832.505	5.05732	0.240945
Gorai.009G323800.1.A	831	725.505	1	0.0546695
Gorai.009G323800.1.D	831	725.505	1	0.0546695
Gorai.009G323900.1.A	1164	1058.5	124.8	4.67635
Gorai.009G323900.1.D	1164	1058.5	31.2	1.16909
Gorai.009G324000.1.A	629	523.505	0	0
Gorai.009G324000.1.D	629	523.505	0	0
Gorai.009G324100.1.A	2392	2286.5	308.497	5.35135
Gorai.009G324100.1.D	2392	2286.5	174.503	3.02703
Gorai.009G324200.1.A	3105	2999.5	23.653	0.312768
Gorai.009G324200.1.D	3105	2999.5	123.356	1.63116
Gorai.009G324300.1.A	2706	2600.5	1778.67	27.1283
Gorai.009G324300.1.D	2706	2600.5	934.333	14.2505
Gorai.009G324400.1.A	651	545.505	0	0
Gorai.009G324400.1.D	651	545.505	0	0
Gorai.009G324500.1.A	2833	2727.5	94.1838	1.36961
Gorai.009G324500.1.D	2833	2727.5	103.816	1.50968
Gorai.009G324600.1.A	408	302.583	5	0.655406
Gorai.009G324600.1.D	408	302.583	1	0.131081
Gorai.009G324700.1.A	848	742.505	41.6911	2.22705
Gorai.009G324700.1.D	848	742.505	41.6911	2.22705
Gorai.009G324800.1.A	1011	905.505	13.433	0.588393
Gorai.009G324800.1.D	1011	905.505	162.59	7.12176
Gorai.009G324900.1.A	1238	1132.5	0	0
Gorai.009G324900.1.D	1238	1132.5	3	0.105067
Gorai.009G325000.1.A	2848	2742.5	1	0.0144623
Gorai.009G325000.1.D	2848	2742.5	0	0
Gorai.009G325100.1.A	300	194.687	0	0
Gorai.009G325100.1.D	300	194.687	0	0
Gorai.009G325200.1.A	904	798.505	280.316	13.9237
Gorai.009G325200.1.D	904	798.505	280.316	13.9237
Gorai.009G325300.1.A	3457	3351.5	576.678	6.82462
Gorai.009G325300.1.D	3457	3351.5	103.322	1.22275
Gorai.009G325400.1.A	1193	1087.5	490.598	17.8928
Gorai.009G325400.1.D	1193	1087.5	394.402	14.3844
Gorai.009G325500.1.A	3773	3667.5	1.04545	0.0113063
Gorai.009G325500.1.D	3773	3667.5	21.9545	0.237432
Gorai.009G325600.1.A	1021	915.505	28.8116	1.24822
Gorai.009G325600.1.D	1021	915.505	42.1884	1.82775
Gorai.009G325700.1.A	900	794.505	19.707	0.983806
Gorai.009G325700.1.D	900	794.505	19.707	0.983806
Gorai.009G325800.1.A	1489	1383.5	62.2418	1.78438
Gorai.009G325800.1.D	1489	1383.5	33.7582	0.967797
Gorai.009G325900.1.A	4654	4548.5	297.561	2.59473
Gorai.009G325900.1.D	4654	4548.5	639.439	5.57591
Gorai.009G326000.1.A	2145	2039.5	218.647	4.2521
Gorai.009G326000.1.D	2145	2039.5	312.353	6.07443
Gorai.009G326100.1.A	888	782.505	43.0909	2.18416
Gorai.009G326100.1.D	888	782.505	35.9091	1.82013
Gorai.009G326200.1.A	1659	1553.5	347.728	8.87793
Gorai.009G326200.1.D	1659	1553.5	868.272	22.1681
Gorai.009G326300.1.A	1512	1406.5	0	0
Gorai.009G326300.1.D	1512	1406.5	0	0
Gorai.009G326400.1.A	2340	2234.5	25.0137	0.443999
Gorai.009G326400.1.D	2340	2234.5	57.9863	1.02927
Gorai.009G326500.1.A	1263	1157.5	16.8889	0.578713
Gorai.009G326500.1.D	1263	1157.5	21.1111	0.723391
Gorai.009G326600.1.A	1172	1066.5	3.34091	0.124247
Gorai.009G326600.1.D	1172	1066.5	45.6591	1.69805
Gorai.009G326700.1.A	631	525.505	7	0.528331
Gorai.009G326700.1.D	631	525.505	0	0
Gorai.009G326800.1.A	479	373.551	147.932	15.7071
Gorai.009G326800.1.D	479	373.551	0.557642	0.0592093
Gorai.009G326900.1.A	1183	1077.5	8	0.29448
Gorai.009G326900.1.D	1183	1077.5	0	0
Gorai.009G327000.1.A	1368	1262.5	219.698	6.90204
Gorai.009G327000.1.D	1368	1262.5	62.3023	1.95729
Gorai.009G327100.1.A	2601	2495.5	72.4158	1.15096
Gorai.009G327100.1.D	2601	2495.5	139.584	2.21852
Gorai.009G327200.1.A	738	632.505	1.00913	0.0632805
Gorai.009G327200.1.D	738	632.505	1.00913	0.0632805
Gorai.009G327300.1.A	1471	1365.5	317.571	9.22429
Gorai.009G327300.1.D	1471	1365.5	423.429	12.2991
Gorai.009G327400.1.A	2708	2602.5	244.806	3.73092
Gorai.009G327400.1.D	2708	2602.5	350.194	5.33706
Gorai.009G327500.1.A	1960	1854.5	0	0
Gorai.009G327500.1.D	1960	1854.5	0	0
Gorai.009G327600.1.A	546	440.551	15	1.35045
Gorai.009G327600.1.D	546	440.551	0	0
Gorai.009G327700.1.A	522	416.551	2	0.190435
Gorai.009G327700.1.D	522	416.551	2	0.190435
Gorai.009G327800.1.A	3451	3345.5	2724.66	32.3025
Gorai.009G327800.1.D	3451	3345.5	2797.13	33.1616
Gorai.009G327900.1.A	1290	1184.5	84	2.81273
Gorai.009G327900.1.D	1290	1184.5	1	0.0334848
Gorai.009G328000.1.A	535	429.551	6	0.554014
Gorai.009G328000.1.D	535	429.551	0	0
Gorai.009G328100.1.A	1144	1038.5	38.4583	1.46881
Gorai.009G328100.1.D	1144	1038.5	32.5417	1.24284
Gorai.009G328200.1.A	2148	2042.5	237.642	4.61472
Gorai.009G328200.1.D	2148	2042.5	94.3579	1.83231
Gorai.009G328300.1.A	1710	1604.5	0	0
Gorai.009G328300.1.D	1710	1604.5	4	0.098879
Gorai.009G328400.1.A	930	824.505	247.827	11.9218
Gorai.009G328400.1.D	930	824.505	162.173	7.80135
Gorai.009G328500.1.A	402	296.583	2	0.267466
Gorai.009G328500.1.D	402	296.583	0	0
Gorai.009G328600.1.A	1305	1199.5	112.241	3.71138
Gorai.009G328600.1.D	1305	1199.5	104.759	3.46396
Gorai.009G328700.1.A	2826	2720.5	961.353	14.0158
Gorai.009G328700.1.D	2826	2720.5	994.647	14.5012
Gorai.009G328800.1.A	1375	1269.5	0	0
Gorai.009G328800.1.D	1375	1269.5	1	0.0312428
Gorai.009G328900.1.A	258	152.936	0	0
Gorai.009G328900.1.D	258	152.936	0	0
Gorai.009G329000.1.A	1223	1117.5	0	0
Gorai.009G329000.1.D	1223	1117.5	0	0
Gorai.009G329100.1.A	1089	983.505	0	0
Gorai.009G329100.1.D	1089	983.505	0	0
Gorai.009G329200.1.A	1814	1708.5	0	0
Gorai.009G329200.1.D	1814	1708.5	0	0
Gorai.009G329300.1.A	2388	2282.5	3518.91	61.1479
Gorai.009G329300.1.D	2388	2282.5	2924.27	50.8149
Gorai.009G329400.1.A	1422	1316.5	2	0.0602549
Gorai.009G329400.1.D	1422	1316.5	1	0.0301275
Gorai.009G329500.1.A	3791	3685.5	1158.14	12.4638
Gorai.009G329500.1.D	3791	3685.5	655.857	7.05826
Gorai.009G329600.1.A	1764	1658.5	26.9268	0.643952
Gorai.009G329600.1.D	1764	1658.5	19.0732	0.456133
Gorai.009G329700.1.A	240	135.211	0	0
Gorai.009G329700.1.D	240	135.211	0	0
Gorai.009G329800.1.A	2752	2646.5	2914.6	43.6809
Gorai.009G329800.1.D	2752	2646.5	1270.75	19.0447
Gorai.009G329900.1.A	626	520.505	4.6053	0.350928
Gorai.009G329900.1.D	626	520.505	7.51926	0.572975
Gorai.009G330000.1.A	1641	1535.5	6.75	0.174356
Gorai.009G330000.1.D	1641	1535.5	2.25	0.0581188
Gorai.009G330100.1.A	641	535.505	0	0
Gorai.009G330100.1.D	641	535.505	15	1.111
Gorai.009G330200.1.A	2859	2753.5	368.537	5.30861
Gorai.009G330200.1.D	2859	2753.5	367.463	5.29313
Gorai.009G330300.1.A	878	772.505	12.5347	0.643571
Gorai.009G330300.1.D	878	772.505	198.465	10.1899
Gorai.009G330400.1.A	1843	1737.5	0	0
Gorai.009G330400.1.D	1843	1737.5	0	0
Gorai.009G330500.1.A	2224	2118.5	16	0.299554
Gorai.009G330500.1.D	2224	2118.5	2	0.0374443
Gorai.009G330600.1.A	1818	1712.5	21.1948	0.490888
Gorai.009G330600.1.D	1818	1712.5	80.8052	1.87151
Gorai.009G330700.1.A	2072	1966.5	2002.31	40.3851
Gorai.009G330700.1.D	2072	1966.5	3523.83	71.073
Gorai.009G330800.1.A	635	529.505	0	0
Gorai.009G330800.1.D	635	529.505	0	0
Gorai.009G330900.1.A	1530	1424.5	38.2906	1.06614
Gorai.009G330900.1.D	1530	1424.5	121.709	3.38879
Gorai.009G331000.1.A	504	398.551	0	0
Gorai.009G331000.1.D	504	398.551	0	0
Gorai.009G331100.1.A	576	470.551	0	0
Gorai.009G331100.1.D	576	470.551	0	0
Gorai.009G331200.1.A	506	400.551	1.5	0.148531
Gorai.009G331200.1.D	506	400.551	4.5	0.445594
Gorai.009G331300.1.A	975	869.505	2	0.0912311
Gorai.009G331300.1.D	975	869.505	0	0
Gorai.009G331400.1.A	2056	1950.5	72.3684	1.47159
Gorai.009G331400.1.D	2056	1950.5	202.632	4.12045
Gorai.009G331500.1.A	471	365.551	15	1.62753
Gorai.009G331500.1.D	471	365.551	0	0
Gorai.009G331600.1.A	1908	1802.5	0	0
Gorai.009G331600.1.D	1908	1802.5	1	0.0220043
Gorai.009G331700.1.A	675	569.505	0	0
Gorai.009G331700.1.D	675	569.505	0	0
Gorai.009G331800.1.A	1498	1392.5	262.141	7.46661
Gorai.009G331800.1.D	1498	1392.5	987.859	28.1373
Gorai.009G331900.1.A	530	424.551	1	0.0934232
Gorai.009G331900.1.D	530	424.551	4	0.373693
Gorai.009G332000.1.A	2651	2545.5	68.5385	1.06794
Gorai.009G332000.1.D	2651	2545.5	12.4615	0.19417
Gorai.009G332100.1.A	669	563.505	440.559	31.0093
Gorai.009G332100.1.D	669	563.505	759.441	53.4541
Gorai.009G332200.1.A	3084	2978.5	99.5422	1.32554
Gorai.009G332200.1.D	3084	2978.5	104.458	1.391
Gorai.009G332300.1.A	578	472.551	12.7869	1.07325
Gorai.009G332300.1.D	578	472.551	31.2229	2.62065
Gorai.009G332400.1.A	915	809.505	2220	108.773
Gorai.009G332400.1.D	915	809.505	2519.99	123.471
Gorai.009G332500.1.A	1900	1794.5	47.7273	1.05489
Gorai.009G332500.1.D	1900	1794.5	57.2727	1.26587
Gorai.009G332600.1.A	866	760.505	103.532	5.39956
Gorai.009G332600.1.D	866	760.505	27.4677	1.43254
Gorai.009G332700.1.A	1508	1402.5	5.60606	0.15854
Gorai.009G332700.1.D	1508	1402.5	31.3939	0.887823
Gorai.009G332800.1.A	3437	3331.5	611.026	7.27452
Gorai.009G332800.1.D	3437	3331.5	803.859	9.57027
Gorai.009G332900.1.A	2796	2690.5	61.0672	0.900241
Gorai.009G332900.1.D	2796	2690.5	105.933	1.56164
Gorai.009G333000.1.A	412	306.583	0	0
Gorai.009G333000.1.D	412	306.583	0	0
Gorai.009G333100.1.A	2085	1979.5	122.923	2.46299
Gorai.009G333100.1.D	2085	1979.5	310.077	6.21295
Gorai.009G333200.1.A	2507	2401.5	14.3146	0.236418
Gorai.009G333200.1.D	2507	2401.5	83.6854	1.38214
Gorai.009G333300.1.A	502	396.551	0	0
Gorai.009G333300.1.D	502	396.551	0	0
Gorai.009G333400.1.A	405	299.583	0	0
Gorai.009G333400.1.D	405	299.583	0	0
Gorai.009G333500.1.A	393	287.583	0	0
Gorai.009G333500.1.D	393	287.583	0	0
Gorai.009G333600.1.A	1652	1546.5	679.783	17.4343
Gorai.009G333600.1.D	1652	1546.5	1069.22	27.422
Gorai.009G333700.1.A	2549	2443.5	114.987	1.86646
Gorai.009G333700.1.D	2549	2443.5	39.0133	0.633264
Gorai.009G333800.1.A	2099	1993.5	226.207	4.50063
Gorai.009G333800.1.D	2099	1993.5	183.793	3.65676
Gorai.009G333900.1.A	1257	1151.5	0	0
Gorai.009G333900.1.D	1257	1151.5	53	1.82556
Gorai.009G334000.1.A	1427	1321.5	0	0
Gorai.009G334000.1.D	1427	1321.5	10	0.300135
Gorai.009G334100.1.A	2397	2291.5	1207.49	20.9001
Gorai.009G334100.1.D	2397	2291.5	1684.51	29.1566
Gorai.009G334200.1.A	1206	1100.5	34	1.22538
Gorai.009G334200.1.D	1206	1100.5	2	0.0720814
Gorai.009G334300.1.A	2055	1949.5	599.358	12.194
Gorai.009G334300.1.D	2055	1949.5	138.642	2.82068
Gorai.009G334400.1.A	2083	1977.5	1046.01	20.98
Gorai.009G334400.1.D	2083	1977.5	371.987	7.46096
Gorai.009G334500.1.A	1467	1361.5	0	0
Gorai.009G334500.1.D	1467	1361.5	0	0
Gorai.009G334600.1.A	1038	932.505	0	0
Gorai.009G334600.1.D	1038	932.505	0	0
Gorai.009G334700.1.A	1554	1448.5	0	0
Gorai.009G334700.1.D	1554	1448.5	0	0
Gorai.009G334800.1.A	1305	1199.5	0	0
Gorai.009G334800.1.D	1305	1199.5	0	0
Gorai.009G334900.1.A	942	836.505	0	0
Gorai.009G334900.1.D	942	836.505	0	0
Gorai.009G335000.1.A	1101	995.505	0	0
Gorai.009G335000.1.D	1101	995.505	0	0
Gorai.009G335100.1.A	873	767.505	0	0
Gorai.009G335100.1.D	873	767.505	0	0
Gorai.009G335200.1.A	2025	1919.5	111.744	2.30898
Gorai.009G335200.1.D	2025	1919.5	102.256	2.11293
Gorai.009G335300.1.A	351	245.63	0	0
Gorai.009G335300.1.D	351	245.63	0	0
Gorai.009G335400.1.A	1574	1468.5	2	0.0540181
Gorai.009G335400.1.D	1574	1468.5	0	0
Gorai.009G335500.1.A	1149	1043.5	0	0
Gorai.009G335500.1.D	1149	1043.5	3	0.114028
Gorai.009G335600.1.A	752	646.505	0	0
Gorai.009G335600.1.D	752	646.505	0	0
Gorai.009G335700.1.A	1793	1687.5	186.779	4.39003
Gorai.009G335700.1.D	1793	1687.5	128.221	3.0137
Gorai.009G335800.1.A	2016	1910.5	224.84	4.66778
Gorai.009G335800.1.D	2016	1910.5	160.16	3.32499
Gorai.009G335900.1.A	2023	1917.5	511.64	10.5831
Gorai.009G335900.1.D	2023	1917.5	335.36	6.93682
Gorai.009G336000.1.A	2066	1960.5	2	0.040462
Gorai.009G336000.1.D	2066	1960.5	0	0
Gorai.009G336100.1.A	1374	1268.5	8	0.25014
Gorai.009G336100.1.D	1374	1268.5	0	0
Gorai.009G336200.1.A	1886	1780.5	53.4185	1.18996
Gorai.009G336200.1.D	1886	1780.5	3.96714	0.088373
Gorai.009G336300.1.A	1111	1005.5	3.09427	0.122056
Gorai.009G336300.1.D	1111	1005.5	3.09427	0.122056
Gorai.009G336400.1.A	279	173.788	4.8	1.09549
Gorai.009G336400.1.D	279	173.788	1.2	0.273872
Gorai.009G336500.1.A	2145	2039.5	0	0
Gorai.009G336500.1.D	2145	2039.5	0	0
Gorai.009G336600.1.A	784	678.505	61.8536	3.61574
Gorai.009G336600.1.D	784	678.505	25.7288	1.50401
Gorai.009G336700.1.A	2617	2511.5	5.51587	0.0871094
Gorai.009G336700.1.D	2617	2511.5	133.484	2.10805
Gorai.009G336800.1.A	1186	1080.5	62.1888	2.28281
Gorai.009G336800.1.D	1186	1080.5	26.7719	0.982738
Gorai.009G336900.1.A	1479	1373.5	0	0
Gorai.009G336900.1.D	1479	1373.5	1	0.0288772
Gorai.009G337000.1.A	3040	2934.5	487.873	6.59412
Gorai.009G337000.1.D	3040	2934.5	668.127	9.03044
Gorai.009G337100.1.A	204	100.177	0	0
Gorai.009G337100.1.D	204	100.177	0	0
Gorai.009G337200.1.A	1125	1019.5	5	0.194521
Gorai.009G337200.1.D	1125	1019.5	2	0.0778083
Gorai.009G337300.1.A	1577	1471.5	354.709	9.56081
Gorai.009G337300.1.D	1577	1471.5	97.2915	2.62239
Gorai.009G337400.1.A	1380	1274.5	14	0.435684
Gorai.009G337400.1.D	1380	1274.5	0	0
Gorai.009G337500.1.A	1206	1100.5	518.748	18.696
Gorai.009G337500.1.D	1206	1100.5	67.297	2.42543
Gorai.009G337600.1.A	1634	1528.5	99.8919	2.59208
Gorai.009G337600.1.D	1634	1528.5	54.1081	1.40404
Gorai.009G337700.1.A	1365	1259.5	8.27273	0.260516
Gorai.009G337700.1.D	1365	1259.5	4.72727	0.148866
Gorai.009G337800.1.A	887	781.505	17	0.862784
Gorai.009G337800.1.D	887	781.505	8	0.406016
Gorai.009G337900.1.A	1815	1709.5	0	0
Gorai.009G337900.1.D	1815	1709.5	0	0
Gorai.009G338000.1.A	1172	1066.5	0	0
Gorai.009G338000.1.D	1172	1066.5	55	2.04543
Gorai.009G338100.1.A	791	685.505	0	0
Gorai.009G338100.1.D	791	685.505	0	0
Gorai.009G338200.1.A	340	234.63	0	0
Gorai.009G338200.1.D	340	234.63	0	0
Gorai.009G338300.1.A	1075	969.505	672.287	27.5036
Gorai.009G338300.1.D	1075	969.505	644.713	26.3755
Gorai.009G338400.1.A	504	398.551	18.1836	1.80959
Gorai.009G338400.1.D	504	398.551	4.95917	0.493525
Gorai.009G338500.1.A	1284	1178.5	0	0
Gorai.009G338500.1.D	1284	1178.5	0	0
Gorai.009G338600.1.A	1850	1744.5	16.4364	0.373696
Gorai.009G338600.1.D	1850	1744.5	96.5636	2.19546
Gorai.009G338700.1.A	1299	1193.5	107.866	3.58465
Gorai.009G338700.1.D	1299	1193.5	141.134	4.6902
Gorai.009G338800.1.A	1200	1094.5	182.955	6.62997
Gorai.009G338800.1.D	1200	1094.5	497.045	18.012
Gorai.009G338900.1.A	1451	1345.5	6.75	0.198977
Gorai.009G338900.1.D	1451	1345.5	2.25	0.0663258
Gorai.009G339000.1.A	865	759.505	0	0
Gorai.009G339000.1.D	865	759.505	2	0.104444
Gorai.009G339100.1.A	1948	1842.5	926.754	19.9499
Gorai.009G339100.1.D	1948	1842.5	935.246	20.1327
Gorai.009G339200.1.A	1508	1402.5	35.8545	1.01397
Gorai.009G339200.1.D	1508	1402.5	22.1455	0.626275
Gorai.009G339300.1.A	1635	1529.5	33.3191	0.864028
Gorai.009G339300.1.D	1635	1529.5	12.693	0.329154
Gorai.009G339400.1.A	1131	1025.5	737.075	28.5075
Gorai.009G339400.1.D	1131	1025.5	816.925	31.5958
Gorai.009G339500.1.A	1177	1071.5	0	0
Gorai.009G339500.1.D	1177	1071.5	42.0751	1.55746
Gorai.009G339600.1.A	393	287.583	5	0.689591
Gorai.009G339600.1.D	393	287.583	0	0
Gorai.009G339700.1.A	2047	1941.5	1536.78	31.3948
Gorai.009G339700.1.D	2047	1941.5	1248.22	25.4999
Gorai.009G339800.1.A	689	583.505	12	0.815684
Gorai.009G339800.1.D	689	583.505	9	0.611763
Gorai.009G339900.1.A	627	521.505	0	0
Gorai.009G339900.1.D	627	521.505	0	0
Gorai.009G340000.1.A	428	322.583	0	0
Gorai.009G340000.1.D	428	322.583	0	0
Gorai.009G340100.1.A	741	635.505	0	0
Gorai.009G340100.1.D	741	635.505	0	0
Gorai.009G340200.1.A	456	350.551	0	0
Gorai.009G340200.1.D	456	350.551	0	0
Gorai.009G340300.1.A	537	431.551	0	0
Gorai.009G340300.1.D	537	431.551	0	0
Gorai.009G340400.1.A	3256	3150.5	13.0204	0.163919
Gorai.009G340400.1.D	3256	3150.5	44.9796	0.566266
Gorai.009G340500.1.A	578	472.551	1	0.0839336
Gorai.009G340500.1.D	578	472.551	1	0.0839336
Gorai.009G340600.1.A	496	390.551	0	0
Gorai.009G340600.1.D	496	390.551	0	0
Gorai.009G340700.1.A	1456	1350.5	294.384	8.64577
Gorai.009G340700.1.D	1456	1350.5	285.616	8.38824
Gorai.009G340800.1.A	592	486.551	28.4747	2.32122
Gorai.009G340800.1.D	592	486.551	0	0
Gorai.009G340900.1.A	1180	1074.5	0	0
Gorai.009G340900.1.D	1180	1074.5	0	0
Gorai.009G341000.1.A	689	583.505	0	0
Gorai.009G341000.1.D	689	583.505	0	0
Gorai.009G341100.1.A	1236	1130.5	0	0
Gorai.009G341100.1.D	1236	1130.5	7	0.24559
Gorai.009G341200.1.A	509	403.551	1.31848	0.129587
Gorai.009G341200.1.D	509	403.551	1.31848	0.129587
Gorai.009G341300.1.A	1268	1162.5	13.5681	0.462924
Gorai.009G341300.1.D	1268	1162.5	13.5681	0.462924
Gorai.009G341400.1.A	1120	1014.5	1.12762	0.0440854
Gorai.009G341400.1.D	1120	1014.5	1.12762	0.0440854
Gorai.009G341500.1.A	1139	1033.5	15.7215	0.603345
Gorai.009G341500.1.D	1139	1033.5	15.7215	0.603345
Gorai.009G341600.1.A	1590	1484.5	410.919	10.9789
Gorai.009G341600.1.D	1590	1484.5	219.081	5.8534
Gorai.009G341700.1.A	2118	2012.5	1869.18	36.8383
Gorai.009G341700.1.D	2118	2012.5	995.818	19.6258
Gorai.009G341800.1.A	1094	988.505	270	10.8335
Gorai.009G341800.1.D	1094	988.505	153	6.139
Gorai.009G341900.1.A	1414	1308.5	147.7	4.47702
Gorai.009G341900.1.D	1414	1308.5	94.3005	2.8584
Gorai.009G342000.1.A	900	794.505	0	0
Gorai.009G342000.1.D	900	794.505	2	0.0998432
Gorai.009G342100.1.A	1674	1568.5	105.196	2.6601
Gorai.009G342100.1.D	1674	1568.5	201.804	5.10304
Gorai.009G342200.1.A	525	419.551	0	0
Gorai.009G342200.1.D	525	419.551	11.8228	1.11769
Gorai.009G342300.1.A	1560	1454.5	2.91576	0.0795099
Gorai.009G342300.1.D	1560	1454.5	10.6856	0.291385
Gorai.009G342400.1.A	1728	1622.5	14.0311	0.342996
Gorai.009G342400.1.D	1728	1622.5	14.0311	0.342996
Gorai.009G342500.1.A	1200	1094.5	12	0.434859
Gorai.009G342500.1.D	1200	1094.5	3	0.108715
Gorai.009G342600.1.A	1649	1543.5	49.5484	1.27323
Gorai.009G342600.1.D	1649	1543.5	14.4516	0.371358
Gorai.009G342700.1.A	411	305.583	3.08331	0.400197
Gorai.009G342700.1.D	411	305.583	3.08331	0.400197
Gorai.009G342800.1.A	1344	1238.5	143.074	4.58192
Gorai.009G342800.1.D	1344	1238.5	68.9261	2.20735
Gorai.009G342900.1.A	1839	1733.5	3458.64	79.1344
Gorai.009G342900.1.D	1839	1733.5	3231.36	73.9342
Gorai.009G343000.1.A	662	556.505	1.03274	0.0736052
Gorai.009G343000.1.D	662	556.505	1.03274	0.0736052
Gorai.009G343100.1.A	1280	1174.5	62.7045	2.11753
Gorai.009G343100.1.D	1280	1174.5	26.2955	0.887996
Gorai.009G343200.1.A	1600	1494.5	15.1403	0.401811
Gorai.009G343200.1.D	1600	1494.5	15.1403	0.401811
Gorai.009G343300.1.A	3359	3253.5	308.901	3.76577
Gorai.009G343300.1.D	3359	3253.5	325.099	3.96322
Gorai.009G343400.1.A	550	444.551	0	0
Gorai.009G343400.1.D	550	444.551	0	0
Gorai.009G343500.1.A	407	301.583	0	0
Gorai.009G343500.1.D	407	301.583	0	0
Gorai.009G343600.1.A	2108	2002.5	254.997	5.05065
Gorai.009G343600.1.D	2108	2002.5	622.003	12.3198
Gorai.009G343700.1.A	765	659.505	1	0.0601405
Gorai.009G343700.1.D	765	659.505	15	0.902108
Gorai.009G343800.1.A	950	844.505	0	0
Gorai.009G343800.1.D	950	844.505	0	0
Gorai.009G343900.1.A	740	634.505	1.69711	0.106086
Gorai.009G343900.1.D	740	634.505	1.69711	0.106086
Gorai.009G344000.1.A	1404	1298.5	8.57143	0.261815
Gorai.009G344000.1.D	1404	1298.5	1.42857	0.0436358
Gorai.009G344100.1.A	1537	1431.5	178.707	4.95148
Gorai.009G344100.1.D	1537	1431.5	191.293	5.30017
Gorai.009G344200.1.A	1308	1202.5	28.2941	0.933242
Gorai.009G344200.1.D	1308	1202.5	8.70588	0.287151
Gorai.009G344300.1.A	1948	1842.5	1	0.0215266
Gorai.009G344300.1.D	1948	1842.5	0	0
Gorai.009G344400.1.A	1359	1253.5	71.6038	2.26566
Gorai.009G344400.1.D	1359	1253.5	43.3962	1.37313
Gorai.009G344500.1.A	918	812.505	33	1.61092
Gorai.009G344500.1.D	918	812.505	0	0
Gorai.009G344600.1.A	841	735.505	0	0
Gorai.009G344600.1.D	841	735.505	5.01596	0.270492
Gorai.009G344700.1.A	939	833.505	1	0.0475857
Gorai.009G344700.1.D	939	833.505	30	1.42757
Gorai.009G344800.1.A	1679	1573.5	7	0.176447
Gorai.009G344800.1.D	1679	1573.5	14	0.352895
Gorai.009G344900.1.A	2632	2526.5	181.399	2.84773
Gorai.009G344900.1.D	2632	2526.5	154.601	2.42704
Gorai.009G345000.1.A	1271	1165.5	17	0.578522
Gorai.009G345000.1.D	1271	1165.5	18	0.612553
Gorai.009G345100.1.A	480	374.551	1	0.105895
Gorai.009G345100.1.D	480	374.551	0	0
Gorai.009G345200.1.A	2182	2076.5	1817.62	34.7181
Gorai.009G345200.1.D	2182	2076.5	1762.38	33.6629
Gorai.009G345300.1.A	1098	992.505	0	0
Gorai.009G345300.1.D	1098	992.505	0	0
Gorai.009G345400.1.A	2031	1925.5	1483.44	30.557
Gorai.009G345400.1.D	2031	1925.5	1174.56	24.1944
Gorai.009G345500.1.A	3902	3796.5	19.2093	0.200684
Gorai.009G345500.1.D	3902	3796.5	39.7907	0.415702
Gorai.009G345600.1.A	588	482.551	0	0
Gorai.009G345600.1.D	588	482.551	0	0
Gorai.009G345700.1.A	2786	2680.5	51.1494	0.756849
Gorai.009G345700.1.D	2786	2680.5	126.851	1.87698
Gorai.009G345800.1.A	2236	2130.5	127.361	2.37105
Gorai.009G345800.1.D	2236	2130.5	269.639	5.01978
Gorai.009G345900.1.A	2033	1927.5	81	1.66677
Gorai.009G345900.1.D	2033	1927.5	162	3.33353
Gorai.009G346000.1.A	1065	959.505	725.895	30.0063
Gorai.009G346000.1.D	1065	959.505	415.105	17.1591
Gorai.009G346100.1.A	1852	1746.5	113.498	2.57753
Gorai.009G346100.1.D	1852	1746.5	175.502	3.98563
Gorai.009G346200.1.A	603	497.551	0	0
Gorai.009G346200.1.D	603	497.551	0	0
Gorai.009G346300.1.A	4015	3909.5	20.16	0.204528
Gorai.009G346300.1.D	4015	3909.5	35.84	0.363606
Gorai.009G346400.1.A	1534	1428.5	21.0938	0.585675
Gorai.009G346400.1.D	1534	1428.5	53.9062	1.49673
Gorai.009G346500.1.A	1595	1489.5	78.9341	2.10188
Gorai.009G346500.1.D	1595	1489.5	90.0659	2.3983
Gorai.009G346600.1.A	2626	2520.5	47.6289	0.749493
Gorai.009G346600.1.D	2626	2520.5	57.3711	0.902799
Gorai.009G346700.1.A	640	534.505	124.735	9.25595
Gorai.009G346700.1.D	640	534.505	86.2652	6.40131
Gorai.009G346800.1.A	1887	1781.5	498.391	11.096
Gorai.009G346800.1.D	1887	1781.5	856.609	19.0713
Gorai.009G346900.1.A	1767	1661.5	0	0
Gorai.009G346900.1.D	1767	1661.5	19	0.453562
Gorai.009G347000.1.A	1522	1416.5	65.2019	1.82569
Gorai.009G347000.1.D	1522	1416.5	151.798	4.25043
Gorai.009G347100.1.A	1369	1263.5	11.7059	0.367462
Gorai.009G347100.1.D	1369	1263.5	187.294	5.87939
Gorai.009G347200.1.A	1517	1411.5	20	0.561995
Gorai.009G347200.1.D	1517	1411.5	17	0.477696
Gorai.009G347300.1.A	330	224.63	0	0
Gorai.009G347300.1.D	330	224.63	0	0
Gorai.009G347400.1.A	1174	1068.5	2	0.0742401
Gorai.009G347400.1.D	1174	1068.5	0	0
Gorai.009G347500.1.A	882	776.505	1	0.0510788
Gorai.009G347500.1.D	882	776.505	0	0
Gorai.009G347600.1.A	3002	2896.5	1277.01	17.4865
Gorai.009G347600.1.D	3002	2896.5	1327.99	18.1847
Gorai.009G347700.1.A	1128	1022.5	184.044	7.13908
Gorai.009G347700.1.D	1128	1022.5	174.956	6.78653
Gorai.009G347800.1.A	1905	1799.5	557.957	12.2979
Gorai.009G347800.1.D	1905	1799.5	381.043	8.39859
Gorai.009G347900.1.A	1380	1274.5	6.25	0.194502
Gorai.009G347900.1.D	1380	1274.5	3.75	0.116701
Gorai.009G348000.1.A	2809	2703.5	8	0.117367
Gorai.009G348000.1.D	2809	2703.5	0	0
Gorai.009G348100.1.A	579	473.551	0	0
Gorai.009G348100.1.D	579	473.551	0	0
Gorai.009G348200.1.A	2327	2221.5	166.234	2.96796
Gorai.009G348200.1.D	2327	2221.5	160.766	2.87033
Gorai.009G348300.1.A	1125	1019.5	0	0
Gorai.009G348300.1.D	1125	1019.5	0	0
Gorai.009G348400.1.A	516	410.551	0	0
Gorai.009G348400.1.D	516	410.551	0	0
Gorai.009G348500.1.A	795	689.505	0	0
Gorai.009G348500.1.D	795	689.505	0	0
Gorai.009G348600.1.A	795	689.505	0	0
Gorai.009G348600.1.D	795	689.505	0	0
Gorai.009G348700.1.A	432	326.583	0	0
Gorai.009G348700.1.D	432	326.583	0	0
Gorai.009G348800.1.A	1113	1007.5	5.39512	0.212392
Gorai.009G348800.1.D	1113	1007.5	7.86242	0.309524
Gorai.009G348900.1.A	3031	2925.5	2123.1	28.7842
Gorai.009G348900.1.D	3031	2925.5	3765.9	51.0567
Gorai.009G349000.1.A	3557	3451.5	412.861	4.74439
Gorai.009G349000.1.D	3557	3451.5	485.139	5.57497
Gorai.009G349100.1.A	670	564.505	13	0.913399
Gorai.009G349100.1.D	670	564.505	0	0
Gorai.009G349200.1.A	1381	1275.5	488.873	15.2019
Gorai.009G349200.1.D	1381	1275.5	472.477	14.6921
Gorai.009G349300.1.A	946	840.505	17.8694	0.843246
Gorai.009G349300.1.D	946	840.505	17.8694	0.843246
Gorai.009G349400.1.A	1233	1127.5	16.521	0.581171
Gorai.009G349400.1.D	1233	1127.5	52.5214	1.84758
Gorai.009G349500.1.A	653	547.505	4.5	0.325994
Gorai.009G349500.1.D	653	547.505	7.5	0.543323
Gorai.009G349600.1.A	3083	2977.5	107.124	1.42699
Gorai.009G349600.1.D	3083	2977.5	154.757	2.0615
Gorai.009G349700.1.A	1605	1499.5	22.233	0.588079
Gorai.009G349700.1.D	1605	1499.5	435.767	11.5263
Gorai.009G349800.1.A	1979	1873.5	626.4	13.2612
Gorai.009G349800.1.D	1979	1873.5	69.6	1.47346
Gorai.009G349900.1.A	755	649.505	8.57143	0.523427
Gorai.009G349900.1.D	755	649.505	6.42857	0.39257
Gorai.009G350000.1.A	1953	1847.5	51.4007	1.10349
Gorai.009G350000.1.D	1953	1847.5	51.4007	1.10349
Gorai.009G350100.1.A	2292	2186.5	50.662	0.919003
Gorai.009G350100.1.D	2292	2186.5	44.4959	0.80715
Gorai.009G350200.1.A	339	233.63	52	8.82794
Gorai.009G350200.1.D	339	233.63	52	8.82794
Gorai.009G350300.1.A	114	28.4159	15.3328	21.4015
Gorai.009G350300.1.D	114	28.4159	15.3328	21.4015
Gorai.009G350400.1.A	940	834.505	12.5107	0.594616
Gorai.009G350400.1.D	940	834.505	12.5107	0.594616
Gorai.009G350500.1.A	1769	1663.5	130.955	3.12236
Gorai.009G350500.1.D	1769	1663.5	167.045	3.98285
Gorai.009G350600.1.A	601	495.551	4.10078	0.328218
Gorai.009G350600.1.D	601	495.551	4.10078	0.328218
Gorai.009G350700.1.A	1271	1165.5	3.94587	0.134281
Gorai.009G350700.1.D	1271	1165.5	43.4046	1.47709
Gorai.009G350800.1.A	2131	2025.5	400.055	7.83378
Gorai.009G350800.1.D	2131	2025.5	252.945	4.95311
Gorai.009G350900.1.A	2042	1936.5	53.7261	1.1004
Gorai.009G350900.1.D	2042	1936.5	195.274	3.99954
Gorai.009G351000.1.A	1173	1067.5	0	0
Gorai.009G351000.1.D	1173	1067.5	0	0
Gorai.009G351100.1.A	1349	1243.5	0	0
Gorai.009G351100.1.D	1349	1243.5	0	0
Gorai.009G351200.1.A	1729	1623.5	0	0
Gorai.009G351200.1.D	1729	1623.5	0	0
Gorai.009G351300.1.A	4120	4014.5	204.439	2.01984
Gorai.009G351300.1.D	4120	4014.5	230.561	2.27793
Gorai.009G351400.1.A	1463	1357.5	0	0
Gorai.009G351400.1.D	1463	1357.5	374.501	10.942
Gorai.009G351500.1.A	750	644.505	0	0
Gorai.009G351500.1.D	750	644.505	1	0.0615402
Gorai.009G351600.1.A	3927	3821.5	13.5	0.140115
Gorai.009G351600.1.D	3927	3821.5	31.5	0.326935
Gorai.009G351700.1.A	857	751.505	7	0.369446
Gorai.009G351700.1.D	857	751.505	3	0.158334
Gorai.009G351800.1.A	1094	988.505	951.588	38.1817
Gorai.009G351800.1.D	1094	988.505	1359.41	54.5453
Gorai.009G351900.1.A	1711	1605.5	1507.64	37.2453
Gorai.009G351900.1.D	1711	1605.5	10040.2	248.036
Gorai.009G352000.1.A	1562	1456.5	98.0755	2.67075
Gorai.009G352000.1.D	1562	1456.5	14.9245	0.406419
Gorai.009G352100.1.A	639	533.505	0	0
Gorai.009G352100.1.D	639	533.505	0	0
Gorai.009G352200.1.A	1860	1754.5	160.977	3.63909
Gorai.009G352200.1.D	1860	1754.5	1148.2	25.9566
Gorai.009G352300.1.A	532	426.551	0	0
Gorai.009G352300.1.D	532	426.551	0	0
Gorai.009G352400.1.A	855	749.505	0	0
Gorai.009G352400.1.D	855	749.505	0	0
Gorai.009G352500.1.A	1215	1109.5	2.13133	0.0761917
Gorai.009G352500.1.D	1215	1109.5	1.68799e-05	6.03427e-07
Gorai.009G352600.1.A	1707	1601.5	373.596	9.2525
Gorai.009G352600.1.D	1707	1601.5	337.404	8.35616
Gorai.009G352700.1.A	813	707.505	3.53282	0.198051
Gorai.009G352700.1.D	813	707.505	3.53282	0.198051
Gorai.009G352800.1.A	1081	975.505	2	0.0813178
Gorai.009G352800.1.D	1081	975.505	0	0
Gorai.009G352900.1.A	429	323.583	19.6842	2.41278
Gorai.009G352900.1.D	429	323.583	2.31579	0.283856
Gorai.009G353000.1.A	8112	8006.5	146.161	0.724058
Gorai.009G353000.1.D	8112	8006.5	142.839	0.707602
Gorai.009G353100.1.A	1782	1676.5	0	0
Gorai.009G353100.1.D	1782	1676.5	0	0
Gorai.009G353200.1.A	1177	1071.5	0	0
Gorai.009G353200.1.D	1177	1071.5	0	0
Gorai.009G353300.1.A	1280	1174.5	36.2535	1.22428
Gorai.009G353300.1.D	1280	1174.5	41.7465	1.40978
Gorai.009G353400.1.A	348	242.63	0	0
Gorai.009G353400.1.D	348	242.63	0	0
Gorai.009G353500.1.A	1500	1394.5	0	0
Gorai.009G353500.1.D	1500	1394.5	0	0
Gorai.009G353600.1.A	927	821.505	1	0.0482808
Gorai.009G353600.1.D	927	821.505	1	0.0482808
Gorai.009G353700.1.A	1695	1589.5	32.0833	0.800576
Gorai.009G353700.1.D	1695	1589.5	132.917	3.31667
Gorai.009G353800.1.A	1011	905.505	0	0
Gorai.009G353800.1.D	1011	905.505	0	0
Gorai.009G353900.1.A	552	446.551	0	0
Gorai.009G353900.1.D	552	446.551	0	0
Gorai.009G354000.1.A	2397	2291.5	15.4	0.266554
Gorai.009G354000.1.D	2397	2291.5	6.6	0.114237
Gorai.009G354100.1.A	1204	1098.5	139	5.01878
Gorai.009G354100.1.D	1204	1098.5	0	0
Gorai.009G354200.1.A	1494	1388.5	58.5455	1.67236
Gorai.009G354200.1.D	1494	1388.5	56.4545	1.61264
Gorai.009G354300.1.A	873	767.505	0	0
Gorai.009G354300.1.D	873	767.505	0	0
Gorai.009G354400.1.A	1188	1082.5	0	0
Gorai.009G354400.1.D	1188	1082.5	0	0
Gorai.009G354500.1.A	881	775.505	65.0161	3.32523
Gorai.009G354500.1.D	881	775.505	73.9839	3.78388
Gorai.009G354600.1.A	3003	2897.5	0	0
Gorai.009G354600.1.D	3003	2897.5	0	0
Gorai.009G354700.1.A	1741	1635.5	2	0.0485024
Gorai.009G354700.1.D	1741	1635.5	8	0.19401
Gorai.009G354800.1.A	2412	2306.5	28.6792	0.493172
Gorai.009G354800.1.D	2412	2306.5	51.3208	0.882518
Gorai.009G354900.1.A	1526	1420.5	9.56863	0.267173
Gorai.009G354900.1.D	1526	1420.5	51.4314	1.43605
Gorai.009G355000.1.A	3661	3555.5	930.62	10.3814
Gorai.009G355000.1.D	3661	3555.5	1048.38	11.6951
Gorai.009G355100.1.A	1990	1884.5	18.145	0.381895
Gorai.009G355100.1.D	1990	1884.5	52.5955	1.10697
Gorai.009G355200.1.A	1890	1784.5	73.9583	1.64382
Gorai.009G355200.1.D	1890	1784.5	51.0417	1.13447
Gorai.009G355300.1.A	231	126.463	0	0
Gorai.009G355300.1.D	231	126.463	1	0.313633
Gorai.009G355400.1.A	1564	1458.5	38.128	1.03686
Gorai.009G355400.1.D	1564	1458.5	299.872	8.15479
Gorai.009G355500.1.A	703	597.505	0	0
Gorai.009G355500.1.D	703	597.505	0	0
Gorai.009G355600.1.A	1170	1064.5	0	0
Gorai.009G355600.1.D	1170	1064.5	3	0.111779
Gorai.009G355700.1.A	1551	1445.5	49.0909	1.347
Gorai.009G355700.1.D	1551	1445.5	58.9091	1.6164
Gorai.009G355800.1.A	240	135.211	0	0
Gorai.009G355800.1.D	240	135.211	0	0
Gorai.009G355900.1.A	576	470.551	0	0
Gorai.009G355900.1.D	576	470.551	0	0
Gorai.009G356000.1.A	576	470.551	6	0.505742
Gorai.009G356000.1.D	576	470.551	0	0
Gorai.009G356100.1.A	285	179.772	0	0
Gorai.009G356100.1.D	285	179.772	0	0
Gorai.009G356200.1.A	3064	2958.5	5531.07	74.1519
Gorai.009G356200.1.D	3064	2958.5	5880.65	78.8384
Gorai.009G356300.1.A	606	500.551	0	0
Gorai.009G356300.1.D	606	500.551	0	0
Gorai.009G356400.1.A	487	381.551	0	0
Gorai.009G356400.1.D	487	381.551	0	0
Gorai.009G356500.1.A	530	424.551	0	0
Gorai.009G356500.1.D	530	424.551	0	0
Gorai.009G356600.1.A	545	439.551	0	0
Gorai.009G356600.1.D	545	439.551	0	0
Gorai.009G356700.1.A	389	283.583	0	0
Gorai.009G356700.1.D	389	283.583	0	0
Gorai.009G356800.1.A	450	344.583	0	0
Gorai.009G356800.1.D	450	344.583	0	0
Gorai.009G356900.1.A	401	295.583	0	0
Gorai.009G356900.1.D	401	295.583	0	0
Gorai.009G357000.1.A	550	444.551	0	0
Gorai.009G357000.1.D	550	444.551	0	0
Gorai.009G357100.1.A	503	397.551	0	0
Gorai.009G357100.1.D	503	397.551	0	0
Gorai.009G357200.1.A	595	489.551	0	0
Gorai.009G357200.1.D	595	489.551	0	0
Gorai.009G357300.1.A	516	410.551	0	0
Gorai.009G357300.1.D	516	410.551	0	0
Gorai.009G357400.1.A	477	371.551	0	0
Gorai.009G357400.1.D	477	371.551	0	0
Gorai.009G357500.1.A	366	260.583	0	0
Gorai.009G357500.1.D	366	260.583	0	0
Gorai.009G357600.1.A	415	309.583	0	0
Gorai.009G357600.1.D	415	309.583	0	0
Gorai.009G357700.1.A	907	801.505	5	0.247428
Gorai.009G357700.1.D	907	801.505	0	0
Gorai.009G357800.1.A	1180	1074.5	8010.08	295.674
Gorai.009G357800.1.D	1180	1074.5	27.6687	1.02133
Gorai.009G357900.1.A	405	299.583	3.08941	0.409019
Gorai.009G357900.1.D	405	299.583	288.16	38.1506
Gorai.009G358000.1.A	2995	2889.5	404.254	5.54902
Gorai.009G358000.1.D	2995	2889.5	339.746	4.66354
Gorai.009G358100.1.A	1523	1417.5	477.525	13.3615
Gorai.009G358100.1.D	1523	1417.5	605.475	16.9417
Gorai.009G358200.1.A	3384	3278.5	836.819	10.1237
Gorai.009G358200.1.D	3384	3278.5	1117.18	13.5155
Gorai.009G358300.1.A	1592	1486.5	164.344	4.38502
Gorai.009G358300.1.D	1592	1486.5	16.6564	0.444427
Gorai.009G358400.1.A	2245	2139.5	0	0
Gorai.009G358400.1.D	2245	2139.5	7.94331	0.147256
Gorai.009G358500.1.A	996	890.505	0	0
Gorai.009G358500.1.D	996	890.505	21	0.935337
Gorai.009G358600.1.A	1455	1349.5	0.990834	0.0291214
Gorai.009G358600.1.D	1455	1349.5	0.990834	0.0291214
Gorai.009G358700.1.A	563	457.551	0	0
Gorai.009G358700.1.D	563	457.551	1	0.0866852
Gorai.009G358800.1.A	1128	1022.5	0	0
Gorai.009G358800.1.D	1128	1022.5	375.604	14.5697
Gorai.009G358900.1.A	455	349.551	0	0
Gorai.009G358900.1.D	455	349.551	0	0
Gorai.009G359000.1.A	1992	1886.5	0.789493	0.0165988
Gorai.009G359000.1.D	1992	1886.5	0.789493	0.0165988
Gorai.009G359100.1.A	1820	1714.5	0	0
Gorai.009G359100.1.D	1820	1714.5	434.892	10.0607
Gorai.009G359200.1.A	471	365.551	0	0
Gorai.009G359200.1.D	471	365.551	0	0
Gorai.009G359300.1.A	870	764.505	4.34838	0.225597
Gorai.009G359300.1.D	870	764.505	3.06865	0.159203
Gorai.009G359400.1.A	2182	2076.5	73.4259	1.4025
Gorai.009G359400.1.D	2182	2076.5	48.5741	0.927805
Gorai.009G359500.1.A	1210	1104.5	0	0
Gorai.009G359500.1.D	1210	1104.5	45.5125	1.63436
Gorai.009G359600.1.A	1386	1280.5	12.0941	0.374607
Gorai.009G359600.1.D	1386	1280.5	6.21649	0.192552
Gorai.009G359700.1.A	1633	1527.5	0	0
Gorai.009G359700.1.D	1633	1527.5	45	1.16846
Gorai.009G359800.1.A	993	887.505	1	0.0446904
Gorai.009G359800.1.D	993	887.505	1	0.0446904
Gorai.009G359900.1.A	2670	2564.5	12	0.185593
Gorai.009G359900.1.D	2670	2564.5	117	1.80954
Gorai.009G360000.1.A	2303	2197.5	15.5	0.279761
Gorai.009G360000.1.D	2303	2197.5	15.5	0.279761
Gorai.009G360100.1.A	1482	1376.5	0	0
Gorai.009G360100.1.D	1482	1376.5	0	0
Gorai.009G360200.1.A	1656	1550.5	1	0.0255807
Gorai.009G360200.1.D	1656	1550.5	1	0.0255807
Gorai.009G360300.1.A	497	391.551	1	0.101297
Gorai.009G360300.1.D	497	391.551	0	0
Gorai.009G360400.1.A	723	617.505	0	0
Gorai.009G360400.1.D	723	617.505	0	0
Gorai.009G360500.1.A	680	574.505	6	0.414231
Gorai.009G360500.1.D	680	574.505	0	0
Gorai.009G360600.1.A	685	579.505	0	0
Gorai.009G360600.1.D	685	579.505	7.2294	0.4948
Gorai.009G360700.1.A	471	365.551	0	0
Gorai.009G360700.1.D	471	365.551	0	0
Gorai.009G360800.1.A	345	239.63	0	0
Gorai.009G360800.1.D	345	239.63	0	0
Gorai.009G360900.1.A	308	202.687	232.5	45.4969
Gorai.009G360900.1.D	308	202.687	232.5	45.4969
Gorai.009G361000.1.A	4262	4156.5	1383.13	13.1983
Gorai.009G361000.1.D	4262	4156.5	1200.87	11.4592
Gorai.009G361100.1.A	480	374.551	0.5	0.0529473
Gorai.009G361100.1.D	480	374.551	0.5	0.0529473
Gorai.009G361200.1.A	667	561.505	0	0
Gorai.009G361200.1.D	667	561.505	0	0
Gorai.009G361300.1.A	2489	2383.5	53.9419	0.897626
Gorai.009G361300.1.D	2489	2383.5	196.058	3.26252
Gorai.009G361400.1.A	3316	3210.5	645.829	7.97865
Gorai.009G361400.1.D	3316	3210.5	1020.17	12.6033
Gorai.009G361500.1.A	1593	1487.5	1	0.0266641
Gorai.009G361500.1.D	1593	1487.5	2	0.0533282
Gorai.009G361600.1.A	368	262.583	1	0.151049
Gorai.009G361600.1.D	368	262.583	1	0.151049
Gorai.009G361700.1.A	1375	1269.5	122.878	3.83905
Gorai.009G361700.1.D	1375	1269.5	169.122	5.28386
Gorai.009G361800.1.A	1067	961.505	0	0
Gorai.009G361800.1.D	1067	961.505	0	0
Gorai.009G361900.1.A	4238	4132.5	3.15287	0.0302606
Gorai.009G361900.1.D	4238	4132.5	161.847	1.55338
Gorai.009G362000.1.A	612	506.551	6.22621	0.487512
Gorai.009G362000.1.D	612	506.551	0	0
Gorai.009G362100.1.A	1591	1485.5	328.728	8.77703
Gorai.009G362100.1.D	1591	1485.5	80.0872	2.13833
Gorai.009G362200.1.A	737	631.505	0	0
Gorai.009G362200.1.D	737	631.505	0	0
Gorai.009G362300.1.A	780	674.505	1	0.0588031
Gorai.009G362300.1.D	780	674.505	1	0.0588031
Gorai.009G362400.1.A	577	471.551	0	0
Gorai.009G362400.1.D	577	471.551	0	0
Gorai.009G362500.1.A	2637	2531.5	393.012	6.1576
Gorai.009G362500.1.D	2637	2531.5	995.988	15.6049
Gorai.009G362600.1.A	2975	2869.5	6.31579	0.0872983
Gorai.009G362600.1.D	2975	2869.5	53.6842	0.742035
Gorai.009G362700.1.A	597	491.551	0	0
Gorai.009G362700.1.D	597	491.551	0	0
Gorai.009G362800.1.A	892	786.505	2.68102	0.135202
Gorai.009G362800.1.D	892	786.505	2.68102	0.135202
Gorai.009G362900.1.A	1515	1409.5	7	0.196977
Gorai.009G362900.1.D	1515	1409.5	0	0
Gorai.009G363000.1.A	1675	1569.5	9.72744	0.245822
Gorai.009G363000.1.D	1675	1569.5	0	0
Gorai.009G363100.1.A	960	854.505	0	0
Gorai.009G363100.1.D	960	854.505	0	0
Gorai.009G363200.1.A	537	431.551	0	0
Gorai.009G363200.1.D	537	431.551	0	0
Gorai.009G363300.1.A	1635	1529.5	0	0
Gorai.009G363300.1.D	1635	1529.5	0	0
Gorai.009G363400.1.A	3405	3299.5	156.537	1.88171
Gorai.009G363400.1.D	3405	3299.5	215.635	2.59212
Gorai.009G363500.1.A	975	869.505	0	0
Gorai.009G363500.1.D	975	869.505	0	0
Gorai.009G363600.1.A	3684	3578.5	306.927	3.40187
Gorai.009G363600.1.D	3684	3578.5	969.073	10.7409
Gorai.009G363700.1.A	1020	914.505	0	0
Gorai.009G363700.1.D	1020	914.505	0	0
Gorai.009G363800.1.A	1017	911.505	0	0
Gorai.009G363800.1.D	1017	911.505	0	0
Gorai.009G363900.1.A	679	573.505	0	0
Gorai.009G363900.1.D	679	573.505	3	0.207477
Gorai.009G364000.1.A	435	329.583	0	0
Gorai.009G364000.1.D	435	329.583	0	0
Gorai.009G364100.1.A	555	449.551	0	0
Gorai.009G364100.1.D	555	449.551	0	0
Gorai.009G364200.1.A	1111	1005.5	7	0.276121
Gorai.009G364200.1.D	1111	1005.5	0	0
Gorai.009G364300.1.A	1263	1157.5	0	0
Gorai.009G364300.1.D	1263	1157.5	0	0
Gorai.009G364400.1.A	633	527.505	0	0
Gorai.009G364400.1.D	633	527.505	0	0
Gorai.009G364500.1.A	1052	946.505	0	0
Gorai.009G364500.1.D	1052	946.505	0	0
Gorai.009G364600.1.A	528	422.551	0	0
Gorai.009G364600.1.D	528	422.551	0	0
Gorai.009G364700.1.A	951	845.505	0	0
Gorai.009G364700.1.D	951	845.505	0	0
Gorai.009G364800.1.A	618	512.505	0	0
Gorai.009G364800.1.D	618	512.505	0	0
Gorai.009G364900.1.A	2202	2096.5	0	0
Gorai.009G364900.1.D	2202	2096.5	0	0
Gorai.009G365000.1.A	468	362.551	0	0
Gorai.009G365000.1.D	468	362.551	0	0
Gorai.009G365100.1.A	1512	1406.5	22.4141	0.632071
Gorai.009G365100.1.D	1512	1406.5	0	0
Gorai.009G365200.1.A	1479	1373.5	0	0
Gorai.009G365200.1.D	1479	1373.5	0	0
Gorai.009G365300.1.A	1962	1856.5	0	0
Gorai.009G365300.1.D	1962	1856.5	0	0
Gorai.009G365400.1.A	1140	1034.5	10.8084	0.414395
Gorai.009G365400.1.D	1140	1034.5	10.8084	0.414395
Gorai.009G365500.1.A	1074	968.505	0	0
Gorai.009G365500.1.D	1074	968.505	0	0
Gorai.009G365600.1.A	2034	1928.5	3.26092	0.0670663
Gorai.009G365600.1.D	2034	1928.5	0	0
Gorai.009G365700.1.A	1377	1271.5	0	0
Gorai.009G365700.1.D	1377	1271.5	0	0
Gorai.009G365800.1.A	1947	1841.5	0.559087	0.0120418
Gorai.009G365800.1.D	1947	1841.5	0.559087	0.0120418
Gorai.009G365900.1.A	1716	1610.5	0	0
Gorai.009G365900.1.D	1716	1610.5	0	0
Gorai.009G366000.1.A	3069	2963.5	0	0
Gorai.009G366000.1.D	3069	2963.5	0	0
Gorai.009G366100.1.A	990	884.505	1	0.044842
Gorai.009G366100.1.D	990	884.505	1	0.044842
Gorai.009G366200.1.A	1596	1490.5	0	0
Gorai.009G366200.1.D	1596	1490.5	0	0
Gorai.009G366300.1.A	586	480.551	0	0
Gorai.009G366300.1.D	586	480.551	22	1.8158
Gorai.009G366400.1.A	2095	1989.5	42.5859	0.848995
Gorai.009G366400.1.D	2095	1989.5	16	0.318977
Gorai.009G366500.1.A	3354	3248.5	374.226	4.56915
Gorai.009G366500.1.D	3354	3248.5	419.774	5.12527
Gorai.009G366600.1.A	1969	1863.5	54.7979	1.16632
Gorai.009G366600.1.D	1969	1863.5	46.2021	0.983369
Gorai.009G366700.1.A	617	511.505	75.5639	5.85935
Gorai.009G366700.1.D	617	511.505	74.4361	5.7719
Gorai.009G366800.1.A	1914	1808.5	27.3973	0.600859
Gorai.009G366800.1.D	1914	1808.5	52.6027	1.15365
Gorai.009G366900.1.A	627	521.505	0	0
Gorai.009G366900.1.D	627	521.505	0	0
Gorai.009G367000.1.A	678	572.505	8	0.554237
Gorai.009G367000.1.D	678	572.505	3	0.207839
Gorai.009G367100.1.A	1101	995.505	8	0.318736
Gorai.009G367100.1.D	1101	995.505	4	0.159368
Gorai.009G367200.1.A	1767	1661.5	480.884	11.4795
Gorai.009G367200.1.D	1767	1661.5	599.116	14.3019
Gorai.009G367300.1.A	910	804.505	1489.53	73.4354
Gorai.009G367300.1.D	910	804.505	2550.47	125.741
Gorai.009G367400.1.A	390	284.583	1	0.139372
Gorai.009G367400.1.D	390	284.583	0	0
Gorai.009G367500.1.A	2778	2672.5	0	0
Gorai.009G367500.1.D	2778	2672.5	0	0
Gorai.009G367600.1.A	2019	1913.5	0	0
Gorai.009G367600.1.D	2019	1913.5	0	0
Gorai.009G367700.1.A	2886	2780.5	0	0
Gorai.009G367700.1.D	2886	2780.5	0	0
Gorai.009G367800.1.A	2826	2720.5	11	0.160372
Gorai.009G367800.1.D	2826	2720.5	0	0
Gorai.009G367900.1.A	2022	1916.5	22.6027	0.467774
Gorai.009G367900.1.D	2022	1916.5	52.3973	1.08439
Gorai.009G368000.1.A	1158	1052.5	3	0.113053
Gorai.009G368000.1.D	1158	1052.5	11	0.414528
Gorai.009G368100.1.A	801	695.505	34	1.93894
Gorai.009G368100.1.D	801	695.505	13	0.741358
Gorai.009G368200.1.A	809	703.505	26.9231	1.5179
Gorai.009G368200.1.D	809	703.505	8.07692	0.455369
Gorai.009G368300.1.A	900	794.505	134.133	6.69616
Gorai.009G368300.1.D	900	794.505	51.3495	2.56345
Gorai.009G368400.1.A	1586	1480.5	931.748	24.9617
Gorai.009G368400.1.D	1586	1480.5	446.252	11.9552
Gorai.009G368500.1.A	1332	1226.5	0	0
Gorai.009G368500.1.D	1332	1226.5	0	0
Gorai.009G368600.1.A	2042	1936.5	540.263	11.0655
Gorai.009G368600.1.D	2042	1936.5	435.737	8.92464
Gorai.009G368700.1.A	4767	4661.5	12.4	0.105507
Gorai.009G368700.1.D	4767	4661.5	18.6	0.15826
Gorai.009G368800.1.A	799	693.505	0	0
Gorai.009G368800.1.D	799	693.505	3	0.171576
Gorai.009G368900.1.A	1783	1677.5	88.6559	2.09618
Gorai.009G368900.1.D	1783	1677.5	8.34409	0.197288
Gorai.009G369000.1.A	1687	1581.5	1395.97	35.0097
Gorai.009G369000.1.D	1687	1581.5	934.035	23.4249
Gorai.009G369100.1.A	1112	1006.5	0	0
Gorai.009G369100.1.D	1112	1006.5	0	0
Gorai.009G369200.1.A	821	715.505	3	0.166301
Gorai.009G369200.1.D	821	715.505	3	0.166301
Gorai.009G369300.1.A	756	650.505	0.5	0.0304863
Gorai.009G369300.1.D	756	650.505	0.5	0.0304863
Gorai.009G369400.1.A	2023	1917.5	4	0.0827387
Gorai.009G369400.1.D	2023	1917.5	33	0.682594
Gorai.009G369500.1.A	1962	1856.5	4	0.0854572
Gorai.009G369500.1.D	1962	1856.5	22	0.470015
Gorai.009G369600.1.A	1659	1553.5	249.747	6.37637
Gorai.009G369600.1.D	1659	1553.5	6.21865	0.15877
Gorai.009G369700.1.A	683	577.505	9.46815	0.650271
Gorai.009G369700.1.D	683	577.505	1.89363	0.130054
Gorai.009G369800.1.A	3437	3331.5	0	0
Gorai.009G369800.1.D	3437	3331.5	36	0.428595
Gorai.009G369900.1.A	1218	1112.5	1.1969	0.042672
Gorai.009G369900.1.D	1218	1112.5	5.08806	0.181399
Gorai.009G370000.1.A	2268	2162.5	0	0
Gorai.009G370000.1.D	2268	2162.5	0	0
Gorai.009G370100.1.A	464	358.551	0	0
Gorai.009G370100.1.D	464	358.551	0	0
Gorai.009G370200.1.A	582	476.551	0	0
Gorai.009G370200.1.D	582	476.551	0	0
Gorai.009G370300.1.A	2007	1901.5	17.85	0.372328
Gorai.009G370300.1.D	2007	1901.5	3.15	0.0657049
Gorai.009G370400.1.A	1218	1112.5	40.5294	1.44495
Gorai.009G370400.1.D	1218	1112.5	12.4706	0.444601
Gorai.009G370500.1.A	380	274.583	0	0
Gorai.009G370500.1.D	380	274.583	0	0
Gorai.009G370600.1.A	570	464.551	0	0
Gorai.009G370600.1.D	570	464.551	0	0
Gorai.009G370700.1.A	2013	1907.5	0	0
Gorai.009G370700.1.D	2013	1907.5	0	0
Gorai.009G370800.1.A	1374	1268.5	0	0
Gorai.009G370800.1.D	1374	1268.5	0	0
Gorai.009G370900.1.A	2289	2183.5	0	0
Gorai.009G370900.1.D	2289	2183.5	0	0
Gorai.009G371000.1.A	570	464.551	0	0
Gorai.009G371000.1.D	570	464.551	0	0
Gorai.009G371100.1.A	3286	3180.5	2.76312	0.0344578
Gorai.009G371100.1.D	3286	3180.5	0	0
Gorai.009G371200.1.A	2286	2180.5	0	0
Gorai.009G371200.1.D	2286	2180.5	0	0
Gorai.009G371300.1.A	4692	4586.5	0.618442	0.00534813
Gorai.009G371300.1.D	4692	4586.5	0.618442	0.00534813
Gorai.009G371400.1.A	2394	2288.5	0	0
Gorai.009G371400.1.D	2394	2288.5	0	0
Gorai.009G371500.1.A	361	255.607	0	0
Gorai.009G371500.1.D	361	255.607	0	0
Gorai.009G371600.1.A	3876	3770.5	0	0
Gorai.009G371600.1.D	3876	3770.5	0	0
Gorai.009G371700.1.A	1289	1183.5	0	0
Gorai.009G371700.1.D	1289	1183.5	0	0
Gorai.009G371800.1.A	1746	1640.5	22.3872	0.541262
Gorai.009G371800.1.D	1746	1640.5	0	0
Gorai.009G371900.1.A	3462	3356.5	0	0
Gorai.009G371900.1.D	3462	3356.5	1	0.0118167
Gorai.009G372000.1.A	1293	1187.5	0	0
Gorai.009G372000.1.D	1293	1187.5	24.3052	0.811799
Gorai.009G372100.1.A	2283	2177.5	0.5	0.00910743
Gorai.009G372100.1.D	2283	2177.5	0.5	0.00910743
Gorai.009G372200.1.A	4106	4000.5	191.479	1.89841
Gorai.009G372200.1.D	4106	4000.5	277.644	2.7527
Gorai.009G372300.1.A	1773	1667.5	352.222	8.37789
Gorai.009G372300.1.D	1773	1667.5	587.778	13.9808
Gorai.009G372400.1.A	1586	1480.5	0	0
Gorai.009G372400.1.D	1586	1480.5	14	0.375062
Gorai.009G372500.1.A	1607	1501.5	18.766	0.495711
Gorai.009G372500.1.D	1607	1501.5	30.234	0.798646
Gorai.009G372600.1.A	1547	1441.5	4183.78	115.116
Gorai.009G372600.1.D	1547	1441.5	4396.22	120.962
Gorai.009G372700.1.A	2221	2115.5	21	0.393722
Gorai.009G372700.1.D	2221	2115.5	15	0.28123
Gorai.009G372800.1.A	1467	1361.5	0	0
Gorai.009G372800.1.D	1467	1361.5	0	0
Gorai.009G372900.1.A	354	248.63	0	0
Gorai.009G372900.1.D	354	248.63	0	0
Gorai.009G373000.1.A	2559	2453.5	28.6567	0.46326
Gorai.009G373000.1.D	2559	2453.5	291.343	4.70981
Gorai.009G373100.1.A	4214	4108.5	43.241	0.417442
Gorai.009G373100.1.D	4214	4108.5	112.329	1.08441
Gorai.009G373200.1.A	1617	1511.5	4.27415	0.112157
Gorai.009G373200.1.D	1617	1511.5	1.4987	0.039327
Gorai.009G373300.1.A	2748	2642.5	3.11208	0.046711
Gorai.009G373300.1.D	2748	2642.5	36.2422	0.543981
Gorai.009G373400.1.A	1845	1739.5	49.3833	1.126
Gorai.009G373400.1.D	1845	1739.5	19.4857	0.444299
Gorai.009G373500.1.A	1446	1340.5	5.8879	0.174212
Gorai.009G373500.1.D	1446	1340.5	18.7754	0.555527
Gorai.009G373600.1.A	1734	1628.5	9.1823	0.223639
Gorai.009G373600.1.D	1734	1628.5	3.66916	0.0893639
Gorai.009G373700.1.A	2616	2510.5	4.0954	0.0647024
Gorai.009G373700.1.D	2616	2510.5	326.884	5.16438
Gorai.009G373800.1.A	3042	2936.5	9.21946	0.124526
Gorai.009G373800.1.D	3042	2936.5	35.9797	0.485972
Gorai.009G373900.1.A	5150	5044.5	34.593	0.271991
Gorai.009G373900.1.D	5150	5044.5	18.7571	0.14748
Gorai.009G374000.1.A	2041	1935.5	10.5114	0.215402
Gorai.009G374000.1.D	2041	1935.5	8.12385	0.166476
Gorai.009G374100.1.A	846	740.505	4.92351	0.263713
Gorai.009G374100.1.D	846	740.505	4.92351	0.263713
Gorai.009G374200.1.A	4192	4086.5	22.3404	0.216832
Gorai.009G374200.1.D	4192	4086.5	6.04792	0.0587001
Gorai.009G374300.1.A	3720	3614.5	94.9212	1.0416
Gorai.009G374300.1.D	3720	3614.5	31.4982	0.345639
Gorai.009G374400.1.A	850	744.505	178.66	9.51796
Gorai.009G374400.1.D	850	744.505	178.66	9.51796
Gorai.009G374500.1.A	1524	1418.5	0	0
Gorai.009G374500.1.D	1524	1418.5	0	0
Gorai.009G374600.1.A	1086	980.505	65.0132	2.62988
Gorai.009G374600.1.D	1086	980.505	15.9868	0.646693
Gorai.009G374700.1.A	2070	1964.5	25.4211	0.513246
Gorai.009G374700.1.D	2070	1964.5	20.5789	0.415485
Gorai.009G374800.1.A	884	778.505	32.6258	1.66221
Gorai.009G374800.1.D	884	778.505	62.215	3.1697
Gorai.009G374900.1.A	5058	4952.5	412.485	3.30345
Gorai.009G374900.1.D	5058	4952.5	79.5152	0.63681
Gorai.009G375000.1.A	1986	1880.5	187.101	3.94626
Gorai.009G375000.1.D	1986	1880.5	177.899	3.75219
Gorai.009G375100.1.A	3346	3240.5	59.5842	0.729295
Gorai.009G375100.1.D	3346	3240.5	42.4158	0.519159
Gorai.009G375200.1.A	1731	1625.5	9.17597	0.223897
Gorai.009G375200.1.D	1731	1625.5	4	0.0976015
Gorai.009G375300.1.A	782	676.505	11.6667	0.684008
Gorai.009G375300.1.D	782	676.505	2.33333	0.136802
Gorai.009G375400.1.A	2013	1907.5	21.9245	0.455879
Gorai.009G375400.1.D	2013	1907.5	21.9245	0.455879
Gorai.009G375500.1.A	2042	1936.5	428.639	8.77926
Gorai.009G375500.1.D	2042	1936.5	486.361	9.96151
Gorai.009G375600.1.A	863	757.505	115.274	6.03573
Gorai.009G375600.1.D	863	757.505	65.7263	3.44143
Gorai.009G375700.1.A	1988	1882.5	54	1.13774
Gorai.009G375700.1.D	1988	1882.5	107	2.25441
Gorai.009G375800.1.A	994	888.505	179.954	8.03318
Gorai.009G375800.1.D	994	888.505	181.151	8.08659
Gorai.009G375900.1.A	1495	1389.5	23.544	0.672056
Gorai.009G375900.1.D	1495	1389.5	6.35082	0.181282
Gorai.009G376000.1.A	1529	1423.5	85.5	2.38228
Gorai.009G376000.1.D	1529	1423.5	104.5	2.91167
Gorai.009G376100.1.A	2420	2314.5	2040.21	34.9624
Gorai.009G376100.1.D	2420	2314.5	331.794	5.68585
Gorai.009G376200.1.A	1308	1202.5	3.14755	0.103818
Gorai.009G376200.1.D	1308	1202.5	0	0
Gorai.009G376300.1.A	567	461.551	0.777176	0.0667858
Gorai.009G376300.1.D	567	461.551	0.777176	0.0667858
Gorai.009G376400.1.A	1437	1331.5	0	0
Gorai.009G376400.1.D	1437	1331.5	0	0
Gorai.009G376500.1.A	1185	1079.5	0	0
Gorai.009G376500.1.D	1185	1079.5	0	0
Gorai.009G376600.1.A	216	111.866	0	0
Gorai.009G376600.1.D	216	111.866	0	0
Gorai.009G376700.1.A	1755	1649.5	2.382	0.057276
Gorai.009G376700.1.D	1755	1649.5	0	0
Gorai.009G376800.1.A	390	284.583	0	0
Gorai.009G376800.1.D	390	284.583	0	0
Gorai.009G376900.1.A	1273	1167.5	0	0
Gorai.009G376900.1.D	1273	1167.5	0	0
Gorai.009G377000.1.A	335	229.63	4.34793	0.750998
Gorai.009G377000.1.D	335	229.63	0	0
Gorai.009G377100.1.A	1812	1706.5	0	0
Gorai.009G377100.1.D	1812	1706.5	6	0.139453
Gorai.009G377200.1.A	1719	1613.5	0	0
Gorai.009G377200.1.D	1719	1613.5	0	0
Gorai.009G377300.1.A	1833	1727.5	1.01033	0.0231969
Gorai.009G377300.1.D	1833	1727.5	1.3846	0.0317899
Gorai.009G377400.1.A	1968	1862.5	17.2444	0.367228
Gorai.009G377400.1.D	1968	1862.5	0	0
Gorai.009G377500.1.A	411	305.583	17	2.2065
Gorai.009G377500.1.D	411	305.583	0	0
Gorai.009G377600.1.A	1232	1126.5	0	0
Gorai.009G377600.1.D	1232	1126.5	0	0
Gorai.009G377700.1.A	510	404.551	3	0.294125
Gorai.009G377700.1.D	510	404.551	0	0
Gorai.009G377800.1.A	1056	950.505	0.559718	0.0233561
Gorai.009G377800.1.D	1056	950.505	0.559718	0.0233561
Gorai.009G377900.1.A	1548	1442.5	0.5	0.0137479
Gorai.009G377900.1.D	1548	1442.5	0.5	0.0137479
Gorai.009G378000.1.A	767	661.505	0	0
Gorai.009G378000.1.D	767	661.505	0	0
Gorai.009G378100.1.A	2104	1998.5	0	0
Gorai.009G378100.1.D	2104	1998.5	5.74275	0.113972
Gorai.009G378200.1.A	1458	1352.5	0	0
Gorai.009G378200.1.D	1458	1352.5	0	0
Gorai.009G378300.1.A	381	275.583	0	0
Gorai.009G378300.1.D	381	275.583	0	0
Gorai.009G378400.1.A	1909	1803.5	0	0
Gorai.009G378400.1.D	1909	1803.5	1.00989	0.0222097
Gorai.009G378500.1.A	1410	1304.5	3.23563	0.0983779
Gorai.009G378500.1.D	1410	1304.5	1.07854	0.0327926
Gorai.009G378600.1.A	675	569.505	1.64572	0.114616
Gorai.009G378600.1.D	675	569.505	11.3251	0.788736
Gorai.009G378700.1.A	435	329.583	0.5	0.0601714
Gorai.009G378700.1.D	435	329.583	0.5	0.0601714
Gorai.009G378800.1.A	622	516.505	0	0
Gorai.009G378800.1.D	622	516.505	0	0
Gorai.009G378900.1.A	2307	2201.5	13.6843	0.24654
Gorai.009G378900.1.D	2307	2201.5	1.17792	0.0212217
Gorai.009G379000.1.A	1693	1587.5	5.41667	0.135332
Gorai.009G379000.1.D	1693	1587.5	7.58333	0.189465
Gorai.009G379100.1.A	3085	2979.5	499.274	6.6463
Gorai.009G379100.1.D	3085	2979.5	394.726	5.25456
Gorai.009G379200.1.A	1845	1739.5	6.57925	0.150015
Gorai.009G379200.1.D	1845	1739.5	19.6231	0.447432
Gorai.009G379300.1.A	1980	1874.5	581.291	12.2996
Gorai.009G379300.1.D	1980	1874.5	1496.71	31.6691
Gorai.009G379400.1.A	1065	959.505	0	0
Gorai.009G379400.1.D	1065	959.505	0	0
Gorai.009G379500.1.A	1338	1232.5	0	0
Gorai.009G379500.1.D	1338	1232.5	0	0
Gorai.009G379600.1.A	3099	2993.5	11.898	0.157644
Gorai.009G379600.1.D	3099	2993.5	0	0
Gorai.009G379700.1.A	3260	3154.5	0	0
Gorai.009G379700.1.D	3260	3154.5	0	0
Gorai.009G379800.1.A	2998	2892.5	0	0
Gorai.009G379800.1.D	2998	2892.5	2.552	0.0349939
Gorai.009G379900.1.A	2956	2850.5	11.0253	0.15341
Gorai.009G379900.1.D	2956	2850.5	0	0
Gorai.009G380000.1.A	2958	2852.5	5.07915	0.0706236
Gorai.009G380000.1.D	2958	2852.5	0	0
Gorai.009G380100.1.A	2910	2804.5	3.60736	0.0510174
Gorai.009G380100.1.D	2910	2804.5	0.00016807	2.37694e-06
Gorai.009G380200.1.A	3305	3199.5	1.51124	0.0187343
Gorai.009G380200.1.D	3305	3199.5	20.3368	0.252107
Gorai.009G380300.1.A	1032	926.505	0	0
Gorai.009G380300.1.D	1032	926.505	1	0.0428092
Gorai.009G380400.1.A	1063	957.505	6.94282	0.287594
Gorai.009G380400.1.D	1063	957.505	162.562	6.73384
Gorai.009G380500.1.A	2910	2804.5	0	0
Gorai.009G380500.1.D	2910	2804.5	0	0
Gorai.009G380600.1.A	995	889.505	2.42779	0.108255
Gorai.009G380600.1.D	995	889.505	1	0.0445899
Gorai.009G380700.1.A	2007	1901.5	4.11312	0.0857945
Gorai.009G380700.1.D	2007	1901.5	0	0
Gorai.009G380800.1.A	503	397.551	0	0
Gorai.009G380800.1.D	503	397.551	3.07966	0.307252
Gorai.009G380900.1.A	2103	1997.5	30.206	0.599777
Gorai.009G380900.1.D	2103	1997.5	7.29047	0.144761
Gorai.009G381000.1.A	570	464.551	0	0
Gorai.009G381000.1.D	570	464.551	0	0
Gorai.009G381100.1.A	2544	2438.5	9.264	0.150681
Gorai.009G381100.1.D	2544	2438.5	14.6963	0.239039
Gorai.009G381200.1.A	4055	3949.5	49	0.492083
Gorai.009G381200.1.D	4055	3949.5	30	0.301275
Gorai.009G381300.1.A	2517	2411.5	0	0
Gorai.009G381300.1.D	2517	2411.5	0	0
Gorai.009G381400.1.A	852	746.505	0	0
Gorai.009G381400.1.D	852	746.505	0	0
Gorai.009G381500.1.A	2997	2891.5	3.76612	0.0516601
Gorai.009G381500.1.D	2997	2891.5	1.62393	0.0222756
Gorai.009G381600.1.A	1846	1740.5	13.5283	0.308285
Gorai.009G381600.1.D	1846	1740.5	6.60497	0.150515
Gorai.009G381700.1.A	1182	1076.5	0	0
Gorai.009G381700.1.D	1182	1076.5	3	0.110533
Gorai.009G381800.1.A	3353	3247.5	2.9416	0.0359268
Gorai.009G381800.1.D	3353	3247.5	0	0
Gorai.009G381900.1.A	1713	1607.5	3.72154	0.0918237
Gorai.009G381900.1.D	1713	1607.5	12.8104	0.316079
Gorai.009G382000.1.A	2094	1988.5	5.82449	0.116176
Gorai.009G382000.1.D	2094	1988.5	36.2346	0.72274
Gorai.009G382100.1.A	558	452.551	0	0
Gorai.009G382100.1.D	558	452.551	0	0
Gorai.009G382200.1.A	3092	2986.5	0	0
Gorai.009G382200.1.D	3092	2986.5	0	0
Gorai.009G382300.1.A	535	429.551	0	0
Gorai.009G382300.1.D	535	429.551	0	0
Gorai.009G382400.1.A	930	824.505	0	0
Gorai.009G382400.1.D	930	824.505	0	0
Gorai.009G382500.1.A	2109	2003.5	0	0
Gorai.009G382500.1.D	2109	2003.5	0	0
Gorai.009G382600.1.A	1856	1750.5	0	0
Gorai.009G382600.1.D	1856	1750.5	2.5457	0.0576806
Gorai.009G382700.1.A	3141	3035.5	0	0
Gorai.009G382700.1.D	3141	3035.5	0	0
Gorai.009G382800.1.A	3092	2986.5	2.14726	0.0285172
Gorai.009G382800.1.D	3092	2986.5	15.4943	0.205775
Gorai.009G382900.1.A	1674	1568.5	0	0
Gorai.009G382900.1.D	1674	1568.5	15.8432	0.40063
Gorai.009G383000.1.A	3631	3525.5	0	0
Gorai.009G383000.1.D	3631	3525.5	1.86669	0.0210008
Gorai.009G383100.1.A	691	585.505	0	0
Gorai.009G383100.1.D	691	585.505	2.69328	0.182447
Gorai.009G383200.1.A	2592	2486.5	2	0.0319026
Gorai.009G383200.1.D	2592	2486.5	1	0.0159513
Gorai.009G383300.1.A	1518	1412.5	0	0
Gorai.009G383300.1.D	1518	1412.5	0	0
Gorai.009G383400.1.A	1977	1871.5	0	0
Gorai.009G383400.1.D	1977	1871.5	0	0
Gorai.009G383500.1.A	1878	1772.5	8.85188	0.198077
Gorai.009G383500.1.D	1878	1772.5	0	0
Gorai.009G383600.1.A	1711	1605.5	2.28484	0.0564454
Gorai.009G383600.1.D	1711	1605.5	11.1699	0.275945
Gorai.009G383700.1.A	3007	2901.5	63.7856	0.871935
Gorai.009G383700.1.D	3007	2901.5	157.37	2.15121
Gorai.009G383800.1.A	358	252.63	0	0
Gorai.009G383800.1.D	358	252.63	0	0
Gorai.009G383900.1.A	237	132.247	0	0
Gorai.009G383900.1.D	237	132.247	0	0
Gorai.009G384000.1.A	1335	1229.5	3.75501	0.121134
Gorai.009G384000.1.D	1335	1229.5	1	0.0322593
Gorai.009G384100.1.A	2085	1979.5	11.9867	0.240175
Gorai.009G384100.1.D	2085	1979.5	0	0
Gorai.009G384200.1.A	2514	2408.5	1.41504e-06	2.33027e-08
Gorai.009G384200.1.D	2514	2408.5	11.3096	0.186245
Gorai.009G384300.1.A	279	173.788	0	0
Gorai.009G384300.1.D	279	173.788	0	0
Gorai.009G384400.1.A	1264	1158.5	2	0.0684726
Gorai.009G384400.1.D	1264	1158.5	3	0.102709
Gorai.009G384500.1.A	2880	2774.5	3	0.0428865
Gorai.009G384500.1.D	2880	2774.5	3	0.0428865
Gorai.009G384600.1.A	732	626.505	0	0
Gorai.009G384600.1.D	732	626.505	0	0
Gorai.009G384700.1.A	603	497.551	0	0
Gorai.009G384700.1.D	603	497.551	0	0
Gorai.009G384800.1.A	574	468.551	0	0
Gorai.009G384800.1.D	574	468.551	0	0
Gorai.009G384900.1.A	625	519.505	0	0
Gorai.009G384900.1.D	625	519.505	0	0
Gorai.009G385000.1.A	387	281.583	0	0
Gorai.009G385000.1.D	387	281.583	0	0
Gorai.009G385100.1.A	806	700.505	0	0
Gorai.009G385100.1.D	806	700.505	0	0
Gorai.009G385200.1.A	3351	3245.5	1.36876	0.0167275
Gorai.009G385200.1.D	3351	3245.5	2.13877	0.0261377
Gorai.009G385300.1.A	1503	1397.5	0	0
Gorai.009G385300.1.D	1503	1397.5	6.68901	0.189843
Gorai.009G385400.1.A	1720	1614.5	0	0
Gorai.009G385400.1.D	1720	1614.5	19.9195	0.489354
Gorai.009G385500.1.A	855	749.505	0	0
Gorai.009G385500.1.D	855	749.505	3.27229	0.173166
Gorai.009G385600.1.A	2899	2793.5	6.34309	0.0900609
Gorai.009G385600.1.D	2899	2793.5	0	0
Gorai.009G385700.1.A	286	180.755	1	0.219429
Gorai.009G385700.1.D	286	180.755	0	0
Gorai.009G385800.1.A	3280	3174.5	0	0
Gorai.009G385800.1.D	3280	3174.5	0	0
Gorai.009G385900.1.A	288	182.738	0	0
Gorai.009G385900.1.D	288	182.738	0	0
Gorai.009G386000.1.A	321	215.63	2.63156	0.484049
Gorai.009G386000.1.D	321	215.63	2.63156	0.484049
Gorai.009G386100.1.A	1554	1448.5	5.69605	0.155969
Gorai.009G386100.1.D	1554	1448.5	0	0
Gorai.009G386200.1.A	3020	2914.5	0	0
Gorai.009G386200.1.D	3020	2914.5	0	0
Gorai.009G386300.1.A	540	434.551	0.5	0.0456367
Gorai.009G386300.1.D	540	434.551	0.5	0.0456367
Gorai.009G386400.1.A	2469	2363.5	0	0
Gorai.009G386400.1.D	2469	2363.5	6.07034	0.101869
Gorai.009G386500.1.A	2939	2833.5	1.41513	0.0198088
Gorai.009G386500.1.D	2939	2833.5	1.02266	0.014315
Gorai.009G386600.1.A	564	458.551	0	0
Gorai.009G386600.1.D	564	458.551	1.22639	0.106078
Gorai.009G386700.1.A	3517	3411.5	0	0
Gorai.009G386700.1.D	3517	3411.5	21.4137	0.248961
Gorai.009G386800.1.A	1867	1761.5	38.6276	0.869759
Gorai.009G386800.1.D	1867	1761.5	0	0
Gorai.009G386900.1.A	1523	1417.5	10.7721	0.301412
Gorai.009G386900.1.D	1523	1417.5	0	0
Gorai.009G387000.1.A	1096	990.505	0	0
Gorai.009G387000.1.D	1096	990.505	0	0
Gorai.009G387100.1.A	1279	1173.5	0.548825	0.0185496
Gorai.009G387100.1.D	1279	1173.5	0.548825	0.0185496
Gorai.009G387200.1.A	879	773.505	0	0
Gorai.009G387200.1.D	879	773.505	0	0
Gorai.009G387300.1.A	1830	1724.5	0	0
Gorai.009G387300.1.D	1830	1724.5	0	0
Gorai.009G387400.1.A	343	237.63	0	0
Gorai.009G387400.1.D	343	237.63	2	0.333821
Gorai.009G387500.1.A	3024	2918.5	0	0
Gorai.009G387500.1.D	3024	2918.5	5.47059	0.0743462
Gorai.009G387600.1.A	3453	3347.5	9.39571	0.111325
Gorai.009G387600.1.D	3453	3347.5	0	0
Gorai.009G387700.1.A	528	422.551	41	3.84848
Gorai.009G387700.1.D	528	422.551	9	0.844788
Gorai.009G387800.1.A	1848	1742.5	71.0741	1.61779
Gorai.009G387800.1.D	1848	1742.5	59.8301	1.36186
Gorai.009G387900.1.A	2522	2416.5	57.5	0.943768
Gorai.009G387900.1.D	2522	2416.5	57.5	0.943768
Gorai.009G388000.1.A	1042	936.505	330.525	13.9984
Gorai.009G388000.1.D	1042	936.505	1649.48	69.8587
Gorai.009G388100.1.A	845	739.505	190.467	10.2156
Gorai.009G388100.1.D	845	739.505	645.533	34.6228
Gorai.009G388200.1.A	605	499.551	1432.63	113.747
Gorai.009G388200.1.D	605	499.551	241.372	19.1643
Gorai.009G388300.1.A	484	378.551	0	0
Gorai.009G388300.1.D	484	378.551	0	0
Gorai.009G388400.1.A	2194	2088.5	0	0
Gorai.009G388400.1.D	2194	2088.5	0	0
Gorai.009G388500.1.A	5583	5477.5	14.1254	0.102283
Gorai.009G388500.1.D	5583	5477.5	38.0498	0.275521
Gorai.009G388600.1.A	1131	1025.5	14.634	0.565993
Gorai.009G388600.1.D	1131	1025.5	4.76138	0.184153
Gorai.009G388700.1.A	465	359.551	0	0
Gorai.009G388700.1.D	465	359.551	0	0
Gorai.009G388800.1.A	2616	2510.5	1.41079	0.0222887
Gorai.009G388800.1.D	2616	2510.5	0	0
Gorai.009G388900.1.A	668	562.505	221.568	15.623
Gorai.009G388900.1.D	668	562.505	173.451	12.2302
Gorai.009G389000.1.A	720	614.505	61.282	3.95542
Gorai.009G389000.1.D	720	614.505	590.718	38.1276
Gorai.009G389100.1.A	2502	2396.5	2.57932	0.0426886
Gorai.009G389100.1.D	2502	2396.5	10.3173	0.170755
Gorai.009G389200.1.A	2167	2061.5	0	0
Gorai.009G389200.1.D	2167	2061.5	0	0
Gorai.009G389300.1.A	2285	2179.5	2.64198	0.048079
Gorai.009G389300.1.D	2285	2179.5	104.358	1.89912
Gorai.009G389400.1.A	897	791.505	0	0
Gorai.009G389400.1.D	897	791.505	0	0
Gorai.009G389500.1.A	1383	1277.5	7.95058	0.246843
Gorai.009G389500.1.D	1383	1277.5	9.71879	0.301741
Gorai.009G389600.1.A	477	371.551	0	0
Gorai.009G389600.1.D	477	371.551	0	0
Gorai.009G389700.1.A	801	695.505	0	0
Gorai.009G389700.1.D	801	695.505	0	0
Gorai.009G389800.1.A	1296	1190.5	223.163	7.4349
Gorai.009G389800.1.D	1296	1190.5	432.837	14.4204
Gorai.009G389900.1.A	689	583.505	0	0
Gorai.009G389900.1.D	689	583.505	0	0
Gorai.009G390000.1.A	4420	4314.5	9.18122	0.0844024
Gorai.009G390000.1.D	4420	4314.5	0	0
Gorai.009G390100.1.A	691	585.505	0	0
Gorai.009G390100.1.D	691	585.505	0	0
Gorai.009G390200.1.A	2255	2149.5	0	0
Gorai.009G390200.1.D	2255	2149.5	3	0.0553564
Gorai.009G390300.1.A	509	403.551	11.1091	1.09185
Gorai.009G390300.1.D	509	403.551	8.07932	0.794074
Gorai.009G390400.1.A	1636	1530.5	0	0
Gorai.009G390400.1.D	1636	1530.5	0	0
Gorai.009G390500.1.A	838	732.505	365.019	19.7647
Gorai.009G390500.1.D	838	732.505	154.793	8.38158
Gorai.009G390600.1.A	1653	1547.5	131.613	3.37328
Gorai.009G390600.1.D	1653	1547.5	41.8816	1.07344
Gorai.009G390700.1.A	1226	1120.5	85.3125	3.01984
Gorai.009G390700.1.D	1226	1120.5	369.688	13.086
Gorai.009G390800.1.A	1501	1395.5	254.123	7.22267
Gorai.009G390800.1.D	1501	1395.5	343.877	9.77365
Gorai.009G390900.1.A	477	371.551	0	0
Gorai.009G390900.1.D	477	371.551	0	0
Gorai.009G391000.1.A	957	851.505	0	0
Gorai.009G391000.1.D	957	851.505	0	0
Gorai.009G391100.1.A	498	392.551	0	0
Gorai.009G391100.1.D	498	392.551	0	0
Gorai.009G391200.1.A	2009	1903.5	0	0
Gorai.009G391200.1.D	2009	1903.5	0	0
Gorai.009G391300.1.A	735	629.505	6.19422	0.390277
Gorai.009G391300.1.D	735	629.505	6.19422	0.390277
Gorai.009G391400.1.A	1093	987.505	0	0
Gorai.009G391400.1.D	1093	987.505	0	0
Gorai.009G391500.1.A	2035	1929.5	69.4118	1.42683
Gorai.009G391500.1.D	2035	1929.5	48.5882	0.998781
Gorai.009G391600.1.A	802	696.505	1	0.0569457
Gorai.009G391600.1.D	802	696.505	5	0.284728
Gorai.009G391700.1.A	474	368.551	0	0
Gorai.009G391700.1.D	474	368.551	13	1.39904
Gorai.009G391800.1.A	499	393.551	3	0.302346
Gorai.009G391800.1.D	499	393.551	3	0.302346
Gorai.009G391900.1.A	855	749.505	0	0
Gorai.009G391900.1.D	855	749.505	42	2.22259
Gorai.009G392000.1.A	388	282.583	0	0
Gorai.009G392000.1.D	388	282.583	43	6.03541
Gorai.009G392100.1.A	618	512.505	115.54	8.94167
Gorai.009G392100.1.D	618	512.505	12.4602	0.964298
Gorai.009G392200.1.A	353	247.63	3.7686	0.603617
Gorai.009G392200.1.D	353	247.63	3.7686	0.603617
Gorai.009G392300.1.A	618	512.505	3.19509	0.247269
Gorai.009G392300.1.D	618	512.505	3.19509	0.247269
Gorai.009G392400.1.A	1534	1428.5	50.4878	1.40181
Gorai.009G392400.1.D	1534	1428.5	41.5122	1.1526
Gorai.009G392500.1.A	2797	2691.5	449.142	6.61871
Gorai.009G392500.1.D	2797	2691.5	420.858	6.20191
Gorai.009G392600.1.A	2785	2679.5	589.008	8.7187
Gorai.009G392600.1.D	2785	2679.5	367.992	5.44714
Gorai.009G392700.1.A	1979	1873.5	543.371	11.5034
Gorai.009G392700.1.D	1979	1873.5	441.015	9.33648
Gorai.009G392800.1.A	303	197.687	0	0
Gorai.009G392800.1.D	303	197.687	0	0
Gorai.009G392900.1.A	1317	1211.5	0	0
Gorai.009G392900.1.D	1317	1211.5	0	0
Gorai.009G393000.1.A	1439	1333.5	0	0
Gorai.009G393000.1.D	1439	1333.5	0	0
Gorai.009G393100.1.A	1077	971.505	13	0.530742
Gorai.009G393100.1.D	1077	971.505	5	0.204132
Gorai.009G393200.1.A	1496	1390.5	116.872	3.33368
Gorai.009G393200.1.D	1496	1390.5	167.128	4.76717
Gorai.009G393300.1.A	1269	1163.5	151.651	5.16966
Gorai.009G393300.1.D	1269	1163.5	147.349	5.02301
Gorai.009G393400.1.A	926	820.505	4.5	0.217529
Gorai.009G393400.1.D	926	820.505	4.5	0.217529
Gorai.009G393500.1.A	1605	1499.5	0	0
Gorai.009G393500.1.D	1605	1499.5	0	0
Gorai.009G393600.1.A	426	320.583	2.5	0.309303
Gorai.009G393600.1.D	426	320.583	2.5	0.309303
Gorai.009G393700.1.A	7247	7141.5	494.08	2.74406
Gorai.009G393700.1.D	7247	7141.5	439.92	2.44325
Gorai.009G393800.1.A	4522	4416.5	497.548	4.46829
Gorai.009G393800.1.D	4522	4416.5	1048.45	9.41575
Gorai.009G393900.1.A	4269	4163.5	69.5882	0.662921
Gorai.009G393900.1.D	4269	4163.5	203.412	1.93777
Gorai.009G394000.1.A	621	515.505	1.51931	0.116896
Gorai.009G394000.1.D	621	515.505	1.51931	0.116896
Gorai.009G394100.1.A	1625	1519.5	275.294	7.18588
Gorai.009G394100.1.D	1625	1519.5	140.706	3.67278
Gorai.009G394200.1.A	1461	1355.5	76.0976	2.22666
Gorai.009G394200.1.D	1461	1355.5	19.9024	0.582358
Gorai.009G394300.1.A	604	498.551	0	0
Gorai.009G394300.1.D	604	498.551	0	0
Gorai.009G394400.1.A	747	641.505	0	0
Gorai.009G394400.1.D	747	641.505	0	0
Gorai.009G394500.1.A	1194	1088.5	2835.82	103.332
Gorai.009G394500.1.D	1194	1088.5	3574.18	130.236
Gorai.009G394600.1.A	1524	1418.5	0	0
Gorai.009G394600.1.D	1524	1418.5	2	0.0559222
Gorai.009G394700.1.A	2904	2798.5	110.114	1.56064
Gorai.009G394700.1.D	2904	2798.5	53.8857	0.763717
Gorai.009G394800.1.A	1218	1112.5	0	0
Gorai.009G394800.1.D	1218	1112.5	0	0
Gorai.009G394900.1.A	330	224.63	32	5.65024
Gorai.009G394900.1.D	330	224.63	0	0
Gorai.009G395000.1.A	548	442.551	3.37079	0.302102
Gorai.009G395000.1.D	548	442.551	0	0
Gorai.009G395100.1.A	378	272.583	0	0
Gorai.009G395100.1.D	378	272.583	0	0
Gorai.009G395200.1.A	1053	947.505	238.776	9.99526
Gorai.009G395200.1.D	1053	947.505	0	0
Gorai.009G395300.1.A	1552	1446.5	1002.2	27.4802
Gorai.009G395300.1.D	1552	1446.5	1122.8	30.787
Gorai.009G395400.1.A	2691	2585.5	230.336	3.53347
Gorai.009G395400.1.D	2691	2585.5	91.6642	1.40618
Gorai.009G395500.1.A	2966	2860.5	9.3397	0.129502
Gorai.009G395500.1.D	2966	2860.5	193.818	2.68743
Gorai.009G395600.1.A	2452	2346.5	62.8326	1.06206
Gorai.009G395600.1.D	2452	2346.5	60.0095	1.01434
Gorai.009G395700.1.A	3897	3791.5	216.357	2.26331
Gorai.009G395700.1.D	3897	3791.5	231.643	2.42322
Gorai.009G395800.1.A	1971	1865.5	0	0
Gorai.009G395800.1.D	1971	1865.5	0	0
Gorai.009G395900.1.A	573	467.551	0	0
Gorai.009G395900.1.D	573	467.551	0	0
Gorai.009G396000.1.A	695	589.505	0	0
Gorai.009G396000.1.D	695	589.505	0	0
Gorai.009G396100.1.A	479	373.551	1.04521	0.110979
Gorai.009G396100.1.D	479	373.551	1.04521	0.110979
Gorai.009G396200.1.A	919	813.505	1	0.0487556
Gorai.009G396200.1.D	919	813.505	0	0
Gorai.009G396300.1.A	2065	1959.5	102.173	2.06812
Gorai.009G396300.1.D	2065	1959.5	58.8269	1.19073
Gorai.009G396400.1.A	1092	986.505	1143.63	45.9801
Gorai.009G396400.1.D	1092	986.505	66.0833	2.65691
Gorai.009G396500.1.A	1904	1798.5	0	0
Gorai.009G396500.1.D	1904	1798.5	12	0.264639
Gorai.009G396600.1.A	1245	1139.5	0	0
Gorai.009G396600.1.D	1245	1139.5	0	0
Gorai.009G396700.1.A	1224	1118.5	2	0.0709214
Gorai.009G396700.1.D	1224	1118.5	0	0
Gorai.009G396800.1.A	2142	2036.5	91	1.77231
Gorai.009G396800.1.D	2142	2036.5	14	0.272664
Gorai.009G396900.1.A	2307	2201.5	1625.97	29.2939
Gorai.009G396900.1.D	2307	2201.5	1627.03	29.313
Gorai.009G397000.1.A	255	149.978	0	0
Gorai.009G397000.1.D	255	149.978	0	0
Gorai.009G397100.1.A	524	418.551	26.8583	2.54515
Gorai.009G397100.1.D	524	418.551	0	0
Gorai.009G397200.1.A	1682	1576.5	0	0
Gorai.009G397200.1.D	1682	1576.5	0	0
Gorai.009G397300.1.A	210	105.986	0	0
Gorai.009G397300.1.D	210	105.986	1	0.374229
Gorai.009G397400.1.A	1398	1292.5	2494.4	76.5453
Gorai.009G397400.1.D	1398	1292.5	1799.6	55.2242
Gorai.009G397500.1.A	550	444.551	12	1.07064
Gorai.009G397500.1.D	550	444.551	0	0
Gorai.009G397600.1.A	1085	979.505	84.4068	3.41787
Gorai.009G397600.1.D	1085	979.505	35.5932	1.44127
Gorai.009G397700.1.A	585	479.551	0	0
Gorai.009G397700.1.D	585	479.551	0	0
Gorai.009G397800.1.A	1441	1335.5	518.562	15.4007
Gorai.009G397800.1.D	1441	1335.5	1022.44	30.3652
Gorai.009G397900.1.A	1230	1124.5	0	0
Gorai.009G397900.1.D	1230	1124.5	0	0
Gorai.009G398000.1.A	1370	1264.5	6.75	0.211723
Gorai.009G398000.1.D	1370	1264.5	47.25	1.48206
Gorai.009G398100.1.A	1710	1604.5	1	0.0247197
Gorai.009G398100.1.D	1710	1604.5	2	0.0494395
Gorai.009G398200.1.A	759	653.505	0	0
Gorai.009G398200.1.D	759	653.505	43	2.60978
Gorai.009G398300.1.A	291	185.705	1.39825	0.298639
Gorai.009G398300.1.D	291	185.705	10.8247	2.31194
Gorai.009G398400.1.A	777	671.505	3.74515	0.22121
Gorai.009G398400.1.D	777	671.505	3.74515	0.22121
Gorai.009G398500.1.A	951	845.505	31	1.45422
Gorai.009G398500.1.D	951	845.505	16	0.750566
Gorai.009G398600.1.A	1667	1561.5	7	0.177803
Gorai.009G398600.1.D	1667	1561.5	16	0.406407
Gorai.009G398700.1.A	1714	1608.5	1.07143	0.0264196
Gorai.009G398700.1.D	1714	1608.5	13.9286	0.343454
Gorai.009G398800.1.A	2774	2668.5	76.5	1.13705
Gorai.009G398800.1.D	2774	2668.5	76.5	1.13705
Gorai.009G398900.1.A	333	227.63	0	0
Gorai.009G398900.1.D	333	227.63	0	0
Gorai.009G399000.1.A	1848	1742.5	0	0
Gorai.009G399000.1.D	1848	1742.5	0	0
Gorai.009G399100.1.A	3459	3353.5	125.217	1.48098
Gorai.009G399100.1.D	3459	3353.5	354.783	4.19612
Gorai.009G399200.1.A	1062	956.505	55	2.28066
Gorai.009G399200.1.D	1062	956.505	2	0.0829331
Gorai.009G399300.1.A	495	389.551	0	0
Gorai.009G399300.1.D	495	389.551	0	0
Gorai.009G399400.1.A	1023	917.505	59.9819	2.59297
Gorai.009G399400.1.D	1023	917.505	0	0
Gorai.009G399500.1.A	844	738.505	64.0563	3.44028
Gorai.009G399500.1.D	844	738.505	0	0
Gorai.009G399600.1.A	861	755.505	2	0.104997
Gorai.009G399600.1.D	861	755.505	0	0
Gorai.009G399700.1.A	1690	1584.5	25.0345	0.626657
Gorai.009G399700.1.D	1690	1584.5	95.9655	2.40219
Gorai.009G399800.1.A	1485	1379.5	35.36	1.01666
Gorai.009G399800.1.D	1485	1379.5	68.64	1.97351
Gorai.009G399900.1.A	774	668.505	0	0
Gorai.009G399900.1.D	774	668.505	1	0.0593308
Gorai.009G400000.1.A	1505	1399.5	102.911	2.91657
Gorai.009G400000.1.D	1505	1399.5	113.089	3.20502
Gorai.009G400100.1.A	1403	1297.5	275.5	8.42166
Gorai.009G400100.1.D	1403	1297.5	275.5	8.42166
Gorai.009G400200.1.A	1522	1416.5	141.5	3.96208
Gorai.009G400200.1.D	1522	1416.5	141.5	3.96208
Gorai.009G400300.1.A	1803	1697.5	0	0
Gorai.009G400300.1.D	1803	1697.5	0	0
Gorai.009G400400.1.A	1104	998.505	346.917	13.7803
Gorai.009G400400.1.D	1104	998.505	911.083	36.1904
Gorai.009G400500.1.A	1806	1700.5	0	0
Gorai.009G400500.1.D	1806	1700.5	0	0
Gorai.009G400600.1.A	597	491.551	0	0
Gorai.009G400600.1.D	597	491.551	0	0
Gorai.009G400700.1.A	734	628.505	22.3375	1.40965
Gorai.009G400700.1.D	734	628.505	0	0
Gorai.009G400800.1.A	1813	1707.5	50.4373	1.17159
Gorai.009G400800.1.D	1813	1707.5	1343.56	31.2091
Gorai.009G400900.1.A	378	272.583	0	0
Gorai.009G400900.1.D	378	272.583	0	0
Gorai.009G401000.1.A	981	875.505	427.975	19.3885
Gorai.009G401000.1.D	981	875.505	473.025	21.4294
Gorai.009G401100.1.A	2099	1993.5	64.3061	1.27944
Gorai.009G401100.1.D	2099	1993.5	72.6939	1.44632
Gorai.009G401200.1.A	2148	2042.5	14.5783	0.283093
Gorai.009G401200.1.D	2148	2042.5	95.4217	1.85297
Gorai.009G401300.1.A	2445	2339.5	57.7255	0.978653
Gorai.009G401300.1.D	2445	2339.5	126.275	2.1408
Gorai.009G401400.1.A	1865	1759.5	26	0.586095
Gorai.009G401400.1.D	1865	1759.5	64	1.44269
Gorai.009G401500.1.A	1200	1094.5	130.284	4.72128
Gorai.009G401500.1.D	1200	1094.5	107.716	3.90342
Gorai.009G401600.1.A	1088	982.505	8.5	0.343138
Gorai.009G401600.1.D	1088	982.505	8.5	0.343138
Gorai.009G401700.1.A	313	207.649	2.5	0.477523
Gorai.009G401700.1.D	313	207.649	2.5	0.477523
Gorai.009G401800.1.A	554	448.551	8.48539	0.750317
Gorai.009G401800.1.D	554	448.551	8.48539	0.750317
Gorai.009G401900.1.A	885	779.505	0.533205	0.0271307
Gorai.009G401900.1.D	885	779.505	0.533205	0.0271307
Gorai.009G402000.1.A	953	847.505	0.5	0.0233998
Gorai.009G402000.1.D	953	847.505	0.5	0.0233998
Gorai.009G402100.1.A	665	559.505	3.65397	0.259028
Gorai.009G402100.1.D	665	559.505	3.65397	0.259028
Gorai.009G402200.1.A	444	338.583	2.06876	0.242342
Gorai.009G402200.1.D	444	338.583	2.06876	0.242342
Gorai.009G402300.1.A	465	359.551	0	0
Gorai.009G402300.1.D	465	359.551	0	0
Gorai.009G402400.1.A	1758	1652.5	108.728	2.60967
Gorai.009G402400.1.D	1758	1652.5	81.2717	1.95066
Gorai.009G402500.1.A	1493	1387.5	32.8675	0.939543
Gorai.009G402500.1.D	1493	1387.5	143.133	4.09156
Gorai.009G402600.1.A	2196	2090.5	29.037	0.550917
Gorai.009G402600.1.D	2196	2090.5	26.963	0.511566
Gorai.009G402700.1.A	804	698.505	1.18954	0.067545
Gorai.009G402700.1.D	804	698.505	1.18954	0.067545
Gorai.009G402800.1.A	2316	2210.5	119.926	2.15183
Gorai.009G402800.1.D	2316	2210.5	242.074	4.34351
Gorai.009G402900.1.A	1098	992.505	8.4	0.335685
Gorai.009G402900.1.D	1098	992.505	5.6	0.22379
Gorai.009G403000.1.A	862	756.505	0	0
Gorai.009G403000.1.D	862	756.505	6	0.314575
Gorai.009G403100.1.A	1375	1269.5	515.659	16.1106
Gorai.009G403100.1.D	1375	1269.5	235.341	7.35273
Gorai.009G403200.1.A	381	275.583	0	0
Gorai.009G403200.1.D	381	275.583	0	0
Gorai.009G403300.1.A	1047	941.505	135.835	5.72235
Gorai.009G403300.1.D	1047	941.505	108.165	4.55668
Gorai.009G403400.1.A	1270	1164.5	86.7708	2.95541
Gorai.009G403400.1.D	1270	1164.5	11.2292	0.382465
Gorai.009G403500.1.A	1612	1506.5	0	0
Gorai.009G403500.1.D	1612	1506.5	0	0
Gorai.009G403600.1.A	643	537.505	2.51221	0.185379
Gorai.009G403600.1.D	643	537.505	2.51221	0.185379
Gorai.009G403700.1.A	1743	1637.5	1710	41.4189
Gorai.009G403700.1.D	1743	1637.5	1710	41.4189
Gorai.009G403800.1.A	756	650.505	0	0
Gorai.009G403800.1.D	756	650.505	0	0
Gorai.009G403900.1.A	422	316.583	4	0.501138
Gorai.009G403900.1.D	422	316.583	4	0.501138
Gorai.009G404000.1.A	1447	1341.5	240.163	7.10066
Gorai.009G404000.1.D	1447	1341.5	172.837	5.1101
Gorai.009G404100.1.A	787	681.505	5.5	0.320095
Gorai.009G404100.1.D	787	681.505	5.5	0.320095
Gorai.009G404200.1.A	1718	1612.5	0	0
Gorai.009G404200.1.D	1718	1612.5	1	0.0245971
Gorai.009G404300.1.A	480	374.551	0.526924	0.0557984
Gorai.009G404300.1.D	480	374.551	0.526924	0.0557984
Gorai.009G404400.1.A	710	604.505	0	0
Gorai.009G404400.1.D	710	604.505	19.9211	1.30707
Gorai.009G404500.1.A	446	340.583	2	0.232912
Gorai.009G404500.1.D	446	340.583	2	0.232912
Gorai.009G404600.1.A	432	326.583	0	0
Gorai.009G404600.1.D	432	326.583	28	3.40055
Gorai.009G404700.1.A	1197	1091.5	1312.81	47.7046
Gorai.009G404700.1.D	1197	1091.5	738.192	26.8243
Gorai.009G404800.1.A	1325	1219.5	94.1972	3.06365
Gorai.009G404800.1.D	1325	1219.5	323.803	10.5313
Gorai.009G404900.1.A	1724	1618.5	460.252	11.2789
Gorai.009G404900.1.D	1724	1618.5	147.748	3.62071
Gorai.009G405000.1.A	829	723.505	818.42	44.8662
Gorai.009G405000.1.D	829	723.505	206.58	11.3249
Gorai.009G405100.1.A	252	147.005	2	0.539612
Gorai.009G405100.1.D	252	147.005	0	0
Gorai.009G405200.1.A	1480	1374.5	1036.35	29.9051
Gorai.009G405200.1.D	1480	1374.5	135.648	3.91429
Gorai.009G405300.1.A	2201	2095.5	7.09091	0.134214
Gorai.009G405300.1.D	2201	2095.5	5.90909	0.111845
Gorai.009G405400.1.A	2321	2215.5	6	0.107415
Gorai.009G405400.1.D	2321	2215.5	5	0.0895122
Gorai.009G405500.1.A	1848	1742.5	0	0
Gorai.009G405500.1.D	1848	1742.5	1	0.022762
Gorai.009G405600.1.A	485	379.551	0	0
Gorai.009G405600.1.D	485	379.551	0	0
Gorai.009G405700.1.A	3336	3230.5	130.04	1.59659
Gorai.009G405700.1.D	3336	3230.5	56.9598	0.699331
Gorai.009G405800.1.A	1386	1280.5	5.21739	0.161606
Gorai.009G405800.1.D	1386	1280.5	18.7826	0.581781
Gorai.009G405900.1.A	1210	1104.5	5.33058	0.191422
Gorai.009G405900.1.D	1210	1104.5	8.27289	0.297081
Gorai.009G406000.1.A	1721	1615.5	469.483	11.5265
Gorai.009G406000.1.D	1721	1615.5	123.914	3.04226
Gorai.009G406100.1.A	1435	1329.5	274.6	8.19209
Gorai.009G406100.1.D	1435	1329.5	259.4	7.73866
Gorai.009G406200.1.A	2198	2092.5	699.92	13.2668
Gorai.009G406200.1.D	2198	2092.5	693.08	13.1372
Gorai.009G406300.1.A	398	292.583	1.08308	0.146823
Gorai.009G406300.1.D	398	292.583	0	0
Gorai.009G406400.1.A	3831	3725.5	1309.69	13.9434
Gorai.009G406400.1.D	3831	3725.5	847.988	9.02796
Gorai.009G406500.1.A	1982	1876.5	0	0
Gorai.009G406500.1.D	1982	1876.5	0	0
Gorai.009G406600.1.A	525	419.551	1.66158	0.15708
Gorai.009G406600.1.D	525	419.551	1.66158	0.15708
Gorai.009G406700.1.A	741	635.505	0	0
Gorai.009G406700.1.D	741	635.505	0	0
Gorai.009G406800.1.A	853	747.505	0	0
Gorai.009G406800.1.D	853	747.505	0	0
Gorai.009G406900.1.A	1413	1307.5	1	0.0303348
Gorai.009G406900.1.D	1413	1307.5	1	0.0303348
Gorai.009G407000.1.A	1038	932.505	6	0.255203
Gorai.009G407000.1.D	1038	932.505	6	0.255203
Gorai.009G407100.1.A	1519	1413.5	13.5	0.37881
Gorai.009G407100.1.D	1519	1413.5	13.5	0.37881
Gorai.009G407200.1.A	609	503.551	0	0
Gorai.009G407200.1.D	609	503.551	0	0
Gorai.009G407300.1.A	1159	1053.5	18.2647	0.687638
Gorai.009G407300.1.D	1159	1053.5	15.7494	0.592942
Gorai.009G407400.1.A	1800	1694.5	6549.54	153.304
Gorai.009G407400.1.D	1800	1694.5	9123.36	213.549
Gorai.009G407500.1.A	1703	1597.5	10825	268.763
Gorai.009G407500.1.D	1703	1597.5	16747.1	415.798
Gorai.009G407600.1.A	926	820.505	224.908	10.872
Gorai.009G407600.1.D	926	820.505	0	0
Gorai.009G407700.1.A	3871	3765.5	89.7002	0.944833
Gorai.009G407700.1.D	3871	3765.5	250.989	2.64373
Gorai.009G407800.1.A	4171	4065.5	97.0852	0.94716
Gorai.009G407800.1.D	4171	4065.5	287.225	2.80216
Gorai.009G407900.1.A	773	667.505	1	0.0594197
Gorai.009G407900.1.D	773	667.505	1	0.0594197
Gorai.009G408000.1.A	1915	1809.5	34	0.745254
Gorai.009G408000.1.D	1915	1809.5	5	0.109596
Gorai.009G408100.1.A	4023	3917.5	242.322	2.4534
Gorai.009G408100.1.D	4023	3917.5	167.678	1.69766
Gorai.009G408200.1.A	3505	3399.5	288.567	3.36679
Gorai.009G408200.1.D	3505	3399.5	384.049	4.48081
Gorai.009G408300.1.A	6359	6253.5	1524.55	9.6695
Gorai.009G408300.1.D	6359	6253.5	1046.45	6.6371
Gorai.009G408400.1.A	867	761.505	0	0
Gorai.009G408400.1.D	867	761.505	0	0
Gorai.009G408500.1.A	1065	959.505	1.44777e-06	5.98462e-08
Gorai.009G408500.1.D	1065	959.505	49.495	2.04597
Gorai.009G408600.1.A	508	402.551	0	0
Gorai.009G408600.1.D	508	402.551	0	0
Gorai.009G408700.1.A	474	368.551	0	0
Gorai.009G408700.1.D	474	368.551	0	0
Gorai.009G408800.1.A	1589	1483.5	8.08621	0.216193
Gorai.009G408800.1.D	1589	1483.5	58.9138	1.57512
Gorai.009G408900.1.A	1451	1345.5	7.21744	0.212757
Gorai.009G408900.1.D	1451	1345.5	7.21744	0.212757
Gorai.009G409000.1.A	1822	1716.5	2	0.0462136
Gorai.009G409000.1.D	1822	1716.5	0	0
Gorai.009G409100.1.A	275	169.788	0	0
Gorai.009G409100.1.D	275	169.788	0	0
Gorai.009G409200.1.A	1494	1388.5	32.9787	0.942044
Gorai.009G409200.1.D	1494	1388.5	17.0213	0.486217
Gorai.009G409300.1.A	1278	1172.5	18	0.608896
Gorai.009G409300.1.D	1278	1172.5	13	0.439758
Gorai.009G409400.1.A	600	494.551	0	0
Gorai.009G409400.1.D	600	494.551	0	0
Gorai.009G409500.1.A	1558	1452.5	159.037	4.34276
Gorai.009G409500.1.D	1558	1452.5	66.963	1.82853
Gorai.009G409600.1.A	1061	955.505	0	0
Gorai.009G409600.1.D	1061	955.505	0	0
Gorai.009G409700.1.A	866	760.505	363.417	18.9535
Gorai.009G409700.1.D	866	760.505	75.5825	3.94189
Gorai.009G409800.1.A	2011	1905.5	517.068	10.7627
Gorai.009G409800.1.D	2011	1905.5	1620.93	33.7396
Gorai.009G409900.1.A	2389	2283.5	30.948	0.537546
Gorai.009G409900.1.D	2389	2283.5	16.7137	0.290305
Gorai.009G410000.1.A	1946	1840.5	1	0.02155
Gorai.009G410000.1.D	1946	1840.5	1	0.02155
Gorai.009G410100.1.A	1778	1672.5	1	0.0237147
Gorai.009G410100.1.D	1778	1672.5	0	0
Gorai.009G410200.1.A	784	678.505	6.2449	0.365054
Gorai.009G410200.1.D	784	678.505	44.7551	2.61622
Gorai.009G410300.1.A	1805	1699.5	18.3453	0.428142
Gorai.009G410300.1.D	1805	1699.5	131.655	3.07255
Gorai.009G410400.1.A	2476	2370.5	980.093	16.3988
Gorai.009G410400.1.D	2476	2370.5	589.907	9.87024
Gorai.009G410500.1.A	546	440.551	4.85278	0.436897
Gorai.009G410500.1.D	546	440.551	0	0
Gorai.009G410600.1.A	2392	2286.5	1080.39	18.7411
Gorai.009G410600.1.D	2392	2286.5	1214.61	21.0693
Gorai.009G410700.1.A	1131	1025.5	102.305	3.95679
Gorai.009G410700.1.D	1131	1025.5	32.6953	1.26454
Gorai.009G410800.1.A	2191	2085.5	1218.99	23.1832
Gorai.009G410800.1.D	2191	2085.5	1744.01	33.1683
Gorai.009G410900.1.A	1190	1084.5	35.3077	1.29129
Gorai.009G410900.1.D	1190	1084.5	45.6923	1.67108
Gorai.009G411000.1.A	1451	1345.5	153.211	4.51636
Gorai.009G411000.1.D	1451	1345.5	747.789	22.0434
Gorai.009G411100.1.A	1401	1295.5	22.6875	0.694596
Gorai.009G411100.1.D	1401	1295.5	10.3125	0.315726
Gorai.009G411200.1.A	371	265.583	0	0
Gorai.009G411200.1.D	371	265.583	0	0
Gorai.009G411300.1.A	1078	972.505	0	0
Gorai.009G411300.1.D	1078	972.505	1	0.0407843
Gorai.009G411400.1.A	542	436.551	5.66843	0.515006
Gorai.009G411400.1.D	542	436.551	5.66843	0.515006
Gorai.009G411500.1.A	1618	1512.5	2	0.0524467
Gorai.009G411500.1.D	1618	1512.5	1	0.0262234
Gorai.009G411600.1.A	1459	1353.5	446.52	13.0848
Gorai.009G411600.1.D	1459	1353.5	549.48	16.1019
Gorai.009G411700.1.A	1467	1361.5	1	0.0291317
Gorai.009G411700.1.D	1467	1361.5	0	0
Gorai.009G411800.1.A	1786	1680.5	1	0.0236018
Gorai.009G411800.1.D	1786	1680.5	0	0
Gorai.009G411900.1.A	1670	1564.5	0	0
Gorai.009G411900.1.D	1670	1564.5	0	0
Gorai.009G412000.1.A	898	792.505	0	0
Gorai.009G412000.1.D	898	792.505	5	0.250238
Gorai.009G412100.1.A	1294	1188.5	61.044	2.03717
Gorai.009G412100.1.D	1294	1188.5	39.956	1.33342
Gorai.009G412200.1.A	882	776.505	0	0
Gorai.009G412200.1.D	882	776.505	0	0
Gorai.009G412300.1.A	767	661.505	0	0
Gorai.009G412300.1.D	767	661.505	0	0
Gorai.009G412400.1.A	877	771.505	0	0
Gorai.009G412400.1.D	877	771.505	0	0
Gorai.009G412500.1.A	2976	2870.5	26.4407	0.365342
Gorai.009G412500.1.D	2976	2870.5	298.559	4.12532
Gorai.009G412600.1.A	3423	3317.5	81.4091	0.973299
Gorai.009G412600.1.D	3423	3317.5	117.591	1.40588
Gorai.009G412700.1.A	3076	2970.5	72.9013	0.973397
Gorai.009G412700.1.D	3076	2970.5	225.099	3.00558
Gorai.009G412800.1.A	1250	1144.5	232.112	8.04387
Gorai.009G412800.1.D	1250	1144.5	126.888	4.39732
Gorai.009G412900.1.A	759	653.505	0	0
Gorai.009G412900.1.D	759	653.505	0	0
Gorai.009G413000.1.A	1544	1438.5	3999.84	110.285
Gorai.009G413000.1.D	1544	1438.5	629.163	17.3475
Gorai.009G413100.1.A	1450	1344.5	5.93008	0.174938
Gorai.009G413100.1.D	1450	1344.5	5.93008	0.174938
Gorai.009G413200.1.A	1566	1460.5	0	0
Gorai.009G413200.1.D	1566	1460.5	18	0.488826
Gorai.009G413300.1.A	2528	2422.5	35.25	0.577138
Gorai.009G413300.1.D	2528	2422.5	105.75	1.73141
Gorai.009G413400.1.A	2133	2027.5	190.497	3.72658
Gorai.009G413400.1.D	2133	2027.5	275.503	5.38952
Gorai.009G413500.1.A	1135	1029.5	4	0.154105
Gorai.009G413500.1.D	1135	1029.5	1	0.0385262
Gorai.009G413600.1.A	785	679.505	0	0
Gorai.009G413600.1.D	785	679.505	0	0
Gorai.009G413700.1.A	1402	1296.5	0	0
Gorai.009G413700.1.D	1402	1296.5	14	0.428291
Gorai.009G413800.1.A	2435	2329.5	23.5699	0.401309
Gorai.009G413800.1.D	2435	2329.5	265.931	4.52783
Gorai.009G413900.1.A	1934	1828.5	125.355	2.71914
Gorai.009G413900.1.D	1934	1828.5	32.6446	0.70811
Gorai.009G414000.1.A	964	858.505	471.268	21.7726
Gorai.009G414000.1.D	964	858.505	512.732	23.6882
Gorai.009G414100.1.A	1400	1294.5	0	0
Gorai.009G414100.1.D	1400	1294.5	3	0.0919184
Gorai.009G414200.1.A	3147	3041.5	13.4483	0.175373
Gorai.009G414200.1.D	3147	3041.5	76.5517	0.998278
Gorai.009G414300.1.A	2395	2289.5	193.033	3.34406
Gorai.009G414300.1.D	2395	2289.5	219.967	3.81067
Gorai.009G414400.1.A	742	636.505	52.8214	3.2915
Gorai.009G414400.1.D	742	636.505	34.1786	2.12979
Gorai.009G414500.1.A	1741	1635.5	508.299	12.3268
Gorai.009G414500.1.D	1741	1635.5	523.701	12.7004
Gorai.009G414600.1.A	2223	2117.5	28	0.524467
Gorai.009G414600.1.D	2223	2117.5	17	0.318427
Gorai.009G414700.1.A	1254	1148.5	0	0
Gorai.009G414700.1.D	1254	1148.5	0	0
Gorai.009G414800.1.A	1789	1683.5	1.01562	0.0239279
Gorai.009G414800.1.D	1789	1683.5	63.9844	1.50746
Gorai.009G414900.1.A	2981	2875.5	299.867	4.13618
Gorai.009G414900.1.D	2981	2875.5	240.133	3.31224
Gorai.009G415000.1.A	2917	2811.5	1922.62	27.123
Gorai.009G415000.1.D	2917	2811.5	2402.38	33.8913
Gorai.009G415100.1.A	213	108.896	0	0
Gorai.009G415100.1.D	213	108.896	0	0
Gorai.009G415200.1.A	241	136.211	6.30868	1.83701
Gorai.009G415200.1.D	241	136.211	6.30868	1.83701
Gorai.009G415300.1.A	181	78.678	0.5	0.252059
Gorai.009G415300.1.D	181	78.678	0.5	0.252059
Gorai.009G415400.1.A	2237	2131.5	28.383	0.528149
Gorai.009G415400.1.D	2237	2131.5	29.617	0.551112
Gorai.009G415500.1.A	2047	1941.5	261.095	5.3339
Gorai.009G415500.1.D	2047	1941.5	106.905	2.18396
Gorai.009G415600.1.A	1646	1540.5	34.4815	0.887785
Gorai.009G415600.1.D	1646	1540.5	98.5185	2.53653
Gorai.009G415700.1.A	1314	1208.5	72.3239	2.37366
Gorai.009G415700.1.D	1314	1208.5	85.6761	2.81188
Gorai.009G415800.1.A	1634	1528.5	0	0
Gorai.009G415800.1.D	1634	1528.5	0	0
Gorai.009G415900.1.A	255	149.978	0	0
Gorai.009G415900.1.D	255	149.978	5	1.32229
Gorai.009G416000.1.A	1619	1513.5	36.3455	0.95247
Gorai.009G416000.1.D	1619	1513.5	17.0255	0.446171
Gorai.009G416100.1.A	354	248.63	0	0
Gorai.009G416100.1.D	354	248.63	0	0
Gorai.009G416200.1.A	2194	2088.5	615.773	11.6942
Gorai.009G416200.1.D	2194	2088.5	743.383	14.1176
Gorai.009G416300.1.A	2589	2483.5	71.1818	1.13681
Gorai.009G416300.1.D	2589	2483.5	189.818	3.0315
Gorai.009G416400.1.A	1680	1574.5	0	0
Gorai.009G416400.1.D	1680	1574.5	0	0
Gorai.009G416500.1.A	388	282.583	0	0
Gorai.009G416500.1.D	388	282.583	0	0
Gorai.009G416600.1.A	667	561.505	21	1.48337
Gorai.009G416600.1.D	667	561.505	0	0
Gorai.009G416700.1.A	5589	5483.5	693.316	5.01485
Gorai.009G416700.1.D	5589	5483.5	673.684	4.87285
Gorai.009G416800.1.A	797	691.505	4.78067	0.274207
Gorai.009G416800.1.D	797	691.505	4.78067	0.274207
Gorai.009G416900.1.A	1365	1259.5	282.761	8.90439
Gorai.009G416900.1.D	1365	1259.5	195.239	6.14827
Gorai.009G417000.1.A	746	640.505	12.1818	0.754353
Gorai.009G417000.1.D	746	640.505	54.8182	3.39459
Gorai.009G417100.1.A	1469	1363.5	12	0.349068
Gorai.009G417100.1.D	1469	1363.5	75	2.18167
Gorai.009G417200.1.A	399	293.583	0	0
Gorai.009G417200.1.D	399	293.583	0	0
Gorai.009G417300.1.A	1370	1264.5	0	0
Gorai.009G417300.1.D	1370	1264.5	0	0
Gorai.009G417400.1.A	1866	1760.5	0	0
Gorai.009G417400.1.D	1866	1760.5	0	0
Gorai.009G417500.1.A	1696	1590.5	146.065	3.64247
Gorai.009G417500.1.D	1696	1590.5	247.507	6.17217
Gorai.009G417600.1.A	1133	1027.5	504.211	19.4632
Gorai.009G417600.1.D	1133	1027.5	271.216	10.4693
Gorai.009G417700.1.A	804	698.505	4	0.227131
Gorai.009G417700.1.D	804	698.505	11	0.624609
Gorai.009G417800.1.A	1062	956.505	1.9036	0.0789358
Gorai.009G417800.1.D	1062	956.505	1.9036	0.0789358
Gorai.009G417900.1.A	786	680.505	0.511892	0.0298354
Gorai.009G417900.1.D	786	680.505	0.511892	0.0298354
Gorai.009G418000.1.A	768	662.505	0	0
Gorai.009G418000.1.D	768	662.505	1	0.0598682
Gorai.009G418100.1.A	1198	1092.5	41.4545	1.50499
Gorai.009G418100.1.D	1198	1092.5	110.545	4.01331
Gorai.009G418200.1.A	789	683.505	408.819	23.7233
Gorai.009G418200.1.D	789	683.505	381.181	22.1195
Gorai.009G418300.1.A	1870	1764.5	1077.68	24.2244
Gorai.009G418300.1.D	1870	1764.5	1427.26	32.0824
Gorai.009G418400.1.A	2776	2670.5	864.555	12.8406
Gorai.009G418400.1.D	2776	2670.5	454.445	6.74953
Gorai.009G418500.1.A	975	869.505	1.56289	0.0712921
Gorai.009G418500.1.D	975	869.505	1.56289	0.0712921
Gorai.009G418600.1.A	2532	2426.5	0	0
Gorai.009G418600.1.D	2532	2426.5	0	0
Gorai.009G418700.1.A	1047	941.505	0	0
Gorai.009G418700.1.D	1047	941.505	0	0
Gorai.009G418800.1.A	1743	1637.5	515.631	12.4894
Gorai.009G418800.1.D	1743	1637.5	1044.33	25.2953
Gorai.009G418900.1.A	1603	1497.5	3067.07	81.2344
Gorai.009G418900.1.D	1603	1497.5	3848.93	101.943
Gorai.009G419000.1.A	1629	1523.5	104.439	2.71896
Gorai.009G419000.1.D	1629	1523.5	10.5612	0.274951
Gorai.009G419100.1.A	1113	1007.5	0	0
Gorai.009G419100.1.D	1113	1007.5	1	0.0393675
Gorai.009G419200.1.A	3028	2922.5	476.223	6.46309
Gorai.009G419200.1.D	3028	2922.5	253.777	3.44415
Gorai.009G419300.1.A	598	492.551	107	8.61623
Gorai.009G419300.1.D	598	492.551	0	0
Gorai.009G419400.1.A	1258	1152.5	508.228	17.4904
Gorai.009G419400.1.D	1258	1152.5	3019.77	103.924
Gorai.009G419500.1.A	1508	1402.5	18.275	0.516818
Gorai.009G419500.1.D	1508	1402.5	67.725	1.91527
Gorai.009G419600.1.A	2046	1940.5	108.189	2.21133
Gorai.009G419600.1.D	2046	1940.5	164.811	3.36866
Gorai.009G419700.1.A	4798	4692.5	657.713	5.55925
Gorai.009G419700.1.D	4798	4692.5	389.287	3.29041
Gorai.009G419800.1.A	702	596.505	6.07895	0.404203
Gorai.009G419800.1.D	702	596.505	70.9211	4.7157
Gorai.009G419900.1.A	1421	1315.5	0	0
Gorai.009G419900.1.D	1421	1315.5	7.94636	0.239586
Gorai.009G420000.1.A	1852	1746.5	1987.18	45.1287
Gorai.009G420000.1.D	1852	1746.5	8202.82	186.285
Gorai.009G420100.1.A	1831	1725.5	3352.98	77.0725
Gorai.009G420100.1.D	1831	1725.5	3627.39	83.3803
Gorai.009G420200.1.A	1685	1579.5	2298.08	57.7071
Gorai.009G420200.1.D	1685	1579.5	215.92	5.42196
Gorai.009G420300.1.A	2116	2010.5	411.84	8.12472
Gorai.009G420300.1.D	2116	2010.5	442.16	8.72286
Gorai.009G420400.1.A	5398	5292.5	728.626	5.46045
Gorai.009G420400.1.D	5398	5292.5	763.374	5.72086
Gorai.009G420500.1.A	1050	944.505	0	0
Gorai.009G420500.1.D	1050	944.505	1	0.0419934
Gorai.009G420600.1.A	1670	1564.5	2098.19	53.1929
Gorai.009G420600.1.D	1670	1564.5	2093.81	53.0817
Gorai.009G420700.1.A	1234	1128.5	8.25	0.289958
Gorai.009G420700.1.D	1234	1128.5	2.75	0.0966528
Gorai.009G420800.1.A	2930	2824.5	164.47	2.30956
Gorai.009G420800.1.D	2930	2824.5	37.5301	0.527014
Gorai.009G420900.1.A	1695	1589.5	57.2699	1.42906
Gorai.009G420900.1.D	1695	1589.5	243.73	6.0818
Gorai.009G421000.1.A	240	135.211	0	0
Gorai.009G421000.1.D	240	135.211	0	0
Gorai.009G421100.1.A	620	514.505	0	0
Gorai.009G421100.1.D	620	514.505	0	0
Gorai.009G421200.1.A	2301	2195.5	847.403	15.3088
Gorai.009G421200.1.D	2301	2195.5	736.597	13.307
Gorai.009G421300.1.A	1572	1466.5	0	0
Gorai.009G421300.1.D	1572	1466.5	0	0
Gorai.009G421400.1.A	1836	1730.5	0	0
Gorai.009G421400.1.D	1836	1730.5	1	0.0229199
Gorai.009G421500.1.A	2333	2227.5	248.141	4.41839
Gorai.009G421500.1.D	2333	2227.5	446.859	7.95677
Gorai.009G421600.1.A	2116	2010.5	26.0571	0.514051
Gorai.009G421600.1.D	2116	2010.5	11.9429	0.235607
Gorai.009G421700.1.A	1147	1041.5	0	0
Gorai.009G421700.1.D	1147	1041.5	4	0.152329
Gorai.009G421800.1.A	837	731.505	9	0.487989
Gorai.009G421800.1.D	837	731.505	12	0.650652
Gorai.009G421900.1.A	1268	1162.5	23	0.784726
Gorai.009G421900.1.D	1268	1162.5	24	0.818845
Gorai.009G422000.1.A	1179	1073.5	31.8621	1.17721
Gorai.009G422000.1.D	1179	1073.5	34.1379	1.2613
Gorai.009G422100.1.A	791	685.505	0	0
Gorai.009G422100.1.D	791	685.505	0	0
Gorai.009G422200.1.A	2872	2766.5	3884.53	55.6918
Gorai.009G422200.1.D	2872	2766.5	1580.47	22.659
Gorai.009G422300.1.A	492	386.551	1	0.102607
Gorai.009G422300.1.D	492	386.551	0	0
Gorai.009G422400.1.A	4678	4572.5	147.917	1.28306
Gorai.009G422400.1.D	4678	4572.5	52.0833	0.451783
Gorai.009G422500.1.A	1810	1704.5	7.2	0.16754
Gorai.009G422500.1.D	1810	1704.5	4.8	0.111694
Gorai.009G422600.1.A	2269	2163.5	57.881	1.06112
Gorai.009G422600.1.D	2269	2163.5	129.119	2.3671
Gorai.009G422700.1.A	2124	2018.5	0	0
Gorai.009G422700.1.D	2124	2018.5	16	0.314395
Gorai.009G422800.1.A	1865	1759.5	0	0
Gorai.009G422800.1.D	1865	1759.5	0	0
Gorai.009G422900.1.A	2176	2070.5	2113.3	40.4827
Gorai.009G422900.1.D	2176	2070.5	1983.7	38.0001
Gorai.009G423000.1.A	1515	1409.5	11	0.309536
Gorai.009G423000.1.D	1515	1409.5	38	1.06931
Gorai.009G423100.1.A	744	638.505	0	0
Gorai.009G423100.1.D	744	638.505	0	0
Gorai.009G423200.1.A	822	716.505	0	0
Gorai.009G423200.1.D	822	716.505	0	0
Gorai.009G423300.1.A	3269	3163.5	0	0
Gorai.009G423300.1.D	3269	3163.5	5	0.0626883
Gorai.009G423400.1.A	2107	2001.5	83.5095	1.65487
Gorai.009G423400.1.D	2107	2001.5	163.49	3.23982
Gorai.009G423500.1.A	1273	1167.5	5	0.169862
Gorai.009G423500.1.D	1273	1167.5	0	0
Gorai.009G423600.1.A	1079	973.505	15.0424	0.612864
Gorai.009G423600.1.D	1079	973.505	15.0424	0.612864
Gorai.009G423700.1.A	2233	2127.5	1064.63	19.8478
Gorai.009G423700.1.D	2233	2127.5	585.371	10.913
Gorai.009G423800.1.A	1567	1461.5	694.03	18.8349
Gorai.009G423800.1.D	1567	1461.5	706.97	19.186
Gorai.009G423900.1.A	3665	3559.5	2.07143	0.0230816
Gorai.009G423900.1.D	3665	3559.5	26.9286	0.30006
Gorai.009G424000.1.A	2188	2082.5	1.33333	0.0253944
Gorai.009G424000.1.D	2188	2082.5	2.66667	0.0507888
Gorai.009G424100.1.A	1541	1435.5	215.197	5.9459
Gorai.009G424100.1.D	1541	1435.5	335.803	9.27821
Gorai.009G424200.1.A	1470	1364.5	615.008	17.8768
Gorai.009G424200.1.D	1470	1364.5	1823.48	53.0044
Gorai.009G424300.1.A	1086	980.505	8747.27	353.841
Gorai.009G424300.1.D	1086	980.505	5987.6	242.208
Gorai.009G424400.1.A	1322	1216.5	121.958	3.97631
Gorai.009G424400.1.D	1322	1216.5	260.042	8.47842
Gorai.009G424500.1.A	1117	1011.5	0	0
Gorai.009G424500.1.D	1117	1011.5	0	0
Gorai.009G424600.1.A	525	419.551	0	0
Gorai.009G424600.1.D	525	419.551	0	0
Gorai.009G424700.1.A	866	760.505	0	0
Gorai.009G424700.1.D	866	760.505	0	0
Gorai.009G424800.1.A	1782	1676.5	0	0
Gorai.009G424800.1.D	1782	1676.5	0	0
Gorai.009G424900.1.A	1758	1652.5	0	0
Gorai.009G424900.1.D	1758	1652.5	0	0
Gorai.009G425000.1.A	1207	1101.5	86.6138	3.11879
Gorai.009G425000.1.D	1207	1101.5	191.931	6.91104
Gorai.009G425100.1.A	1131	1025.5	13.3862	0.517731
Gorai.009G425100.1.D	1131	1025.5	46.069	1.78179
Gorai.009G425200.1.A	994	888.505	7	0.312481
Gorai.009G425200.1.D	994	888.505	62	2.76769
Gorai.009G425300.1.A	690	584.505	0	0
Gorai.009G425300.1.D	690	584.505	0	0
Gorai.009G425400.1.A	443	337.583	0	0
Gorai.009G425400.1.D	443	337.583	0	0
Gorai.009G425500.1.A	867	761.505	16.9836	0.884591
Gorai.009G425500.1.D	867	761.505	57.0164	2.9697
Gorai.009G425600.1.A	1577	1471.5	523.776	14.1179
Gorai.009G425600.1.D	1577	1471.5	1175.22	31.677
Gorai.009G425700.1.A	1950	1844.5	0	0
Gorai.009G425700.1.D	1950	1844.5	4	0.0860132
Gorai.009G425800.1.A	1356	1250.5	0	0
Gorai.009G425800.1.D	1356	1250.5	0	0
Gorai.009G425900.1.A	699	593.505	0	0
Gorai.009G425900.1.D	699	593.505	0	0
Gorai.009G426000.1.A	2116	2010.5	0	0
Gorai.009G426000.1.D	2116	2010.5	0	0
Gorai.009G426100.1.A	1841	1735.5	847.119	19.3599
Gorai.009G426100.1.D	1841	1735.5	804.881	18.3946
Gorai.009G426200.1.A	1033	927.505	15	0.641446
Gorai.009G426200.1.D	1033	927.505	7	0.299341
Gorai.009G426300.1.A	1821	1715.5	0	0
Gorai.009G426300.1.D	1821	1715.5	0	0
Gorai.009G426400.1.A	1550	1444.5	568.822	15.6186
Gorai.009G426400.1.D	1550	1444.5	924.078	25.3732
Gorai.009G426500.1.A	1083	977.505	597.83	24.2574
Gorai.009G426500.1.D	1083	977.505	556.17	22.567
Gorai.009G426600.1.A	623	517.505	1	0.0766427
Gorai.009G426600.1.D	623	517.505	1	0.0766427
Gorai.009G426700.1.A	1200	1094.5	0	0
Gorai.009G426700.1.D	1200	1094.5	0	0
Gorai.009G426800.1.A	436	330.583	0	0
Gorai.009G426800.1.D	436	330.583	0	0
Gorai.009G426900.1.A	1851	1745.5	1051.78	23.8995
Gorai.009G426900.1.D	1851	1745.5	2827.71	64.2537
Gorai.009G427000.1.A	1800	1694.5	3490.81	81.7086
Gorai.009G427000.1.D	1800	1694.5	1827.71	42.7808
Gorai.009G427100.1.A	1249	1143.5	27	0.936506
Gorai.009G427100.1.D	1249	1143.5	33	1.14462
Gorai.009G427200.1.A	806	700.505	1	0.0566205
Gorai.009G427200.1.D	806	700.505	1	0.0566205
Gorai.009G427300.1.A	3878	3772.5	49.2748	0.51806
Gorai.009G427300.1.D	3878	3772.5	123.627	1.29977
Gorai.009G427400.1.A	3135	3029.5	41.7686	0.546844
Gorai.009G427400.1.D	3135	3029.5	91.2314	1.19442
Gorai.009G427500.1.A	1029	923.505	436.654	18.7535
Gorai.009G427500.1.D	1029	923.505	15.0524	0.646476
Gorai.009G427600.1.A	2884	2778.5	31.5345	0.450152
Gorai.009G427600.1.D	2884	2778.5	27.4655	0.392068
Gorai.009G427700.1.A	1194	1088.5	202	7.36048
Gorai.009G427700.1.D	1194	1088.5	448	16.3242
Gorai.009G427800.1.A	2205	2099.5	85.7647	1.62023
Gorai.009G427800.1.D	2205	2099.5	4.23529	0.0800114
Gorai.009G427900.1.A	1930	1824.5	0	0
Gorai.009G427900.1.D	1930	1824.5	0	0
Gorai.009G428000.1.A	1913	1807.5	0	0
Gorai.009G428000.1.D	1913	1807.5	0	0
Gorai.009G428100.1.A	1210	1104.5	0	0
Gorai.009G428100.1.D	1210	1104.5	0	0
Gorai.009G428200.1.A	1940	1834.5	0	0
Gorai.009G428200.1.D	1940	1834.5	0	0
Gorai.009G428300.1.A	1665	1559.5	0	0
Gorai.009G428300.1.D	1665	1559.5	0	0
Gorai.009G428400.1.A	2051	1945.5	0	0
Gorai.009G428400.1.D	2051	1945.5	31.967	0.65171
Gorai.009G428500.1.A	1946	1840.5	1.03303	0.0222619
Gorai.009G428500.1.D	1946	1840.5	1	0.02155
Gorai.009G428600.1.A	1870	1764.5	0	0
Gorai.009G428600.1.D	1870	1764.5	0	0
Gorai.009G428700.1.A	1590	1484.5	0	0
Gorai.009G428700.1.D	1590	1484.5	0	0
Gorai.009G428800.1.A	1055	949.505	0	0
Gorai.009G428800.1.D	1055	949.505	0	0
Gorai.009G428900.1.A	858	752.505	119.202	6.28286
Gorai.009G428900.1.D	858	752.505	155.798	8.21181
Gorai.009G429000.1.A	743	637.505	0	0
Gorai.009G429000.1.D	743	637.505	0	0
Gorai.009G429100.1.A	2880	2774.5	6.17143	0.0882237
Gorai.009G429100.1.D	2880	2774.5	29.8286	0.426414
Gorai.009G429200.1.A	1144	1038.5	6053.72	231.206
Gorai.009G429200.1.D	1144	1038.5	5465.28	208.732
Gorai.009G429300.1.A	2672	2566.5	0	0
Gorai.009G429300.1.D	2672	2566.5	6	0.0927244
Gorai.009G429400.1.A	2614	2508.5	4	0.0632456
Gorai.009G429400.1.D	2614	2508.5	0	0
Gorai.009G429500.1.A	2788	2682.5	1.36	0.0201087
Gorai.009G429500.1.D	2788	2682.5	32.64	0.482608
Gorai.009G429600.1.A	1044	938.505	1	0.0422618
Gorai.009G429600.1.D	1044	938.505	3	0.126786
Gorai.009G429700.1.A	1563	1457.5	2	0.0544258
Gorai.009G429700.1.D	1563	1457.5	0	0
Gorai.009G429800.1.A	2632	2526.5	12.6	0.197804
Gorai.009G429800.1.D	2632	2526.5	1.4	0.0219782
Gorai.009G429900.1.A	896	790.505	1	0.0501742
Gorai.009G429900.1.D	896	790.505	2	0.100348
Gorai.009G430000.1.A	1264	1158.5	131	4.48496
Gorai.009G430000.1.D	1264	1158.5	75	2.56772
Gorai.009G430100.1.A	512	406.551	0	0
Gorai.009G430100.1.D	512	406.551	0	0
Gorai.009G430200.1.A	1185	1079.5	859.714	31.5874
Gorai.009G430200.1.D	1185	1079.5	857.286	31.4982
Gorai.009G430300.1.A	589	483.551	1	0.0820243
Gorai.009G430300.1.D	589	483.551	1	0.0820243
Gorai.009G430400.1.A	1345	1239.5	314.873	10.0756
Gorai.009G430400.1.D	1345	1239.5	171.127	5.47589
Gorai.009G430500.1.A	487	381.551	0	0
Gorai.009G430500.1.D	487	381.551	0	0
Gorai.009G430600.1.A	2841	2735.5	0	0
Gorai.009G430600.1.D	2841	2735.5	0	0
Gorai.009G430700.1.A	2771	2665.5	35.8861	0.533988
Gorai.009G430700.1.D	2771	2665.5	45.1139	0.671299
Gorai.009G430800.1.A	1719	1613.5	16.6667	0.409698
Gorai.009G430800.1.D	1719	1613.5	13.3333	0.327758
Gorai.009G430900.1.A	3960	3854.5	1359.22	13.9864
Gorai.009G430900.1.D	3960	3854.5	2045.78	21.0512
Gorai.009G431000.1.A	1133	1027.5	0	0
Gorai.009G431000.1.D	1133	1027.5	8.12201	0.31352
Gorai.009G431100.1.A	2119	2013.5	1958.7	38.5833
Gorai.009G431100.1.D	2119	2013.5	2414.3	47.558
Gorai.009G431200.1.A	1089	983.505	0	0
Gorai.009G431200.1.D	1089	983.505	0	0
Gorai.009G431300.1.A	1287	1181.5	15.037	0.504791
Gorai.009G431300.1.D	1287	1181.5	13.963	0.468735
Gorai.009G431400.1.A	426	320.583	0	0
Gorai.009G431400.1.D	426	320.583	0	0
Gorai.009G431500.1.A	1057	951.505	0	0
Gorai.009G431500.1.D	1057	951.505	0	0
Gorai.009G431600.1.A	1037	931.505	0	0
Gorai.009G431600.1.D	1037	931.505	0	0
Gorai.009G431700.1.A	3685	3579.5	0	0
Gorai.009G431700.1.D	3685	3579.5	98	1.0859
Gorai.009G431800.1.A	1122	1016.5	2.97766	0.116185
Gorai.009G431800.1.D	1122	1016.5	2.45155	0.0956568
Gorai.009G431900.1.A	904	798.505	1.2854	0.0638476
Gorai.009G431900.1.D	904	798.505	1.2854	0.0638476
Gorai.009G432000.1.A	1202	1096.5	0	0
Gorai.009G432000.1.D	1202	1096.5	6	0.217033
Gorai.009G432100.1.A	2502	2396.5	0	0
Gorai.009G432100.1.D	2502	2396.5	20	0.331007
Gorai.009G432200.1.A	338	232.63	0	0
Gorai.009G432200.1.D	338	232.63	2	0.340996
Gorai.009G432300.1.A	1511	1405.5	612.14	17.2744
Gorai.009G432300.1.D	1511	1405.5	476.86	13.4569
Gorai.009G432400.1.A	2776	2670.5	0	0
Gorai.009G432400.1.D	2776	2670.5	7	0.103966
Gorai.009G432500.1.A	1519	1413.5	394.037	11.0567
Gorai.009G432500.1.D	1519	1413.5	733.963	20.595
Gorai.009G432600.1.A	1897	1791.5	3523.43	78.0067
Gorai.009G432600.1.D	1897	1791.5	2461.46	54.4953
Gorai.009G432700.1.A	580	474.551	0	0
Gorai.009G432700.1.D	580	474.551	0	0
Gorai.009G432800.1.A	275	169.788	8.50482	1.98675
Gorai.009G432800.1.D	275	169.788	0	0
Gorai.009G432900.1.A	1165	1059.5	0	0
Gorai.009G432900.1.D	1165	1059.5	1	0.0374354
Gorai.009G433000.1.A	416	310.583	0	0
Gorai.009G433000.1.D	416	310.583	0	0
Gorai.009G433100.1.A	1795	1689.5	118.661	2.78569
Gorai.009G433100.1.D	1795	1689.5	177.339	4.16323
Gorai.009G433200.1.A	1368	1262.5	0	0
Gorai.009G433200.1.D	1368	1262.5	0	0
Gorai.009G433300.1.A	2364	2258.5	61.8841	1.08678
Gorai.009G433300.1.D	2364	2258.5	8.11594	0.142529
Gorai.009G433400.1.A	433	327.583	0	0
Gorai.009G433400.1.D	433	327.583	0	0
Gorai.009G433500.1.A	777	671.505	10	0.590658
Gorai.009G433500.1.D	777	671.505	22	1.29945
Gorai.009G433600.1.A	642	536.505	0	0
Gorai.009G433600.1.D	642	536.505	0	0
Gorai.009G433700.1.A	663	557.505	0	0
Gorai.009G433700.1.D	663	557.505	0	0
Gorai.009G433800.1.A	1085	979.505	658.163	26.6509
Gorai.009G433800.1.D	1085	979.505	3984.84	161.357
Gorai.009G433900.1.A	1593	1487.5	8.96	0.23891
Gorai.009G433900.1.D	1593	1487.5	19.04	0.507684
Gorai.009G434000.1.A	651	545.505	0	0
Gorai.009G434000.1.D	651	545.505	0	0
Gorai.009G434100.1.A	642	536.505	0	0
Gorai.009G434100.1.D	642	536.505	0	0
Gorai.009G434200.1.A	804	698.505	7.77778	0.441643
Gorai.009G434200.1.D	804	698.505	2.22222	0.126184
Gorai.009G434300.1.A	474	368.551	5	0.538092
Gorai.009G434300.1.D	474	368.551	0	0
Gorai.009G434400.1.A	1386	1280.5	3.33333	0.103248
Gorai.009G434400.1.D	1386	1280.5	16.6667	0.516241
Gorai.009G434500.1.A	1657	1551.5	493.273	12.6101
Gorai.009G434500.1.D	1657	1551.5	722.727	18.4759
Gorai.009G434600.1.A	2469	2363.5	292.878	4.9149
Gorai.009G434600.1.D	2469	2363.5	297.122	4.98613
Gorai.009G434700.1.A	2016	1910.5	251.823	5.22796
Gorai.009G434700.1.D	2016	1910.5	246.177	5.11074
Gorai.009G434800.1.A	1334	1228.5	0	0
Gorai.009G434800.1.D	1334	1228.5	0	0
Gorai.009G434900.1.A	3060	2954.5	154.442	2.07331
Gorai.009G434900.1.D	3060	2954.5	98.5582	1.3231
Gorai.009G435000.1.A	2146	2040.5	854.261	16.605
Gorai.009G435000.1.D	2146	2040.5	1202.74	23.3786
Gorai.009G435100.1.A	847	741.505	775.73	41.4937
Gorai.009G435100.1.D	847	741.505	1192.27	63.7743
Gorai.009G435200.1.A	1607	1501.5	15.4074	0.406994
Gorai.009G435200.1.D	1607	1501.5	16.5926	0.438301
Gorai.009G435300.1.A	1536	1430.5	12.1516	0.336922
Gorai.009G435300.1.D	1536	1430.5	3.27323	0.0907553
Gorai.009G435400.1.A	3087	2981.5	0	0
Gorai.009G435400.1.D	3087	2981.5	0	0
Gorai.009G435500.1.A	351	245.63	7.11444	1.1488
Gorai.009G435500.1.D	351	245.63	0	0
Gorai.009G435600.1.A	2454	2348.5	0	0
Gorai.009G435600.1.D	2454	2348.5	0	0
Gorai.009G435700.1.A	4411	4305.5	0.53613	0.00493891
Gorai.009G435700.1.D	4411	4305.5	0.53613	0.00493891
Gorai.009G435800.1.A	1625	1519.5	0	0
Gorai.009G435800.1.D	1625	1519.5	0	0
Gorai.009G435900.1.A	4077	3971.5	0	0
Gorai.009G435900.1.D	4077	3971.5	0	0
Gorai.009G436000.1.A	657	551.505	0	0
Gorai.009G436000.1.D	657	551.505	0	0
Gorai.009G436100.1.A	1614	1508.5	17.3476	0.456117
Gorai.009G436100.1.D	1614	1508.5	2.22759	0.0585699
Gorai.009G436200.1.A	3368	3262.5	0	0
Gorai.009G436200.1.D	3368	3262.5	0	0
Gorai.009G436300.1.A	2432	2326.5	0	0
Gorai.009G436300.1.D	2432	2326.5	0	0
Gorai.009G436400.1.A	2580	2474.5	0	0
Gorai.009G436400.1.D	2580	2474.5	3	0.0480859
Gorai.009G436500.1.A	4207	4101.5	5.38064	0.0520326
Gorai.009G436500.1.D	4207	4101.5	0	0
Gorai.009G436600.1.A	4317	4211.5	4	0.037671
Gorai.009G436600.1.D	4317	4211.5	0	0
Gorai.009G436700.1.A	3699	3593.5	4	0.0441496
Gorai.009G436700.1.D	3699	3593.5	0	0
Gorai.009G436800.1.A	369	263.583	0	0
Gorai.009G436800.1.D	369	263.583	0	0
Gorai.009G436900.1.A	4012	3906.5	7.36587	0.0747861
Gorai.009G436900.1.D	4012	3906.5	0	0
Gorai.009G437000.1.A	4409	4303.5	0	0
Gorai.009G437000.1.D	4409	4303.5	8	0.0737314
Gorai.009G437100.1.A	1326	1220.5	0	0
Gorai.009G437100.1.D	1326	1220.5	141.121	4.58604
Gorai.009G437200.1.A	1475	1369.5	1146.71	33.2104
Gorai.009G437200.1.D	1475	1369.5	278.171	8.05627
Gorai.009G437300.1.A	1206	1100.5	0	0
Gorai.009G437300.1.D	1206	1100.5	0	0
Gorai.009G437400.1.A	1660	1554.5	48.5772	1.23944
Gorai.009G437400.1.D	1660	1554.5	0	0
Gorai.009G437500.1.A	324	218.63	6.42282	1.1652
Gorai.009G437500.1.D	324	218.63	0	0
Gorai.009G437600.1.A	1447	1341.5	6.17949	0.182703
Gorai.009G437600.1.D	1447	1341.5	234.821	6.94271
Gorai.009G437700.1.A	2568	2462.5	131.975	2.12568
Gorai.009G437700.1.D	2568	2462.5	217.025	3.49557
Gorai.009G437800.1.A	1669	1563.5	55.8106	1.4158
Gorai.009G437800.1.D	1669	1563.5	361.189	9.16264
Gorai.009G437900.1.A	1130	1024.5	85.2035	3.29859
Gorai.009G437900.1.D	1130	1024.5	30.7965	1.19226
Gorai.009G438000.1.A	360	254.63	36.7568	5.72549
Gorai.009G438000.1.D	360	254.63	31.2432	4.86666
Gorai.009G438100.1.A	3309	3203.5	168.69	2.08858
Gorai.009G438100.1.D	3309	3203.5	49.3095	0.610507
Gorai.009G438200.1.A	1283	1177.5	9303.47	313.377
Gorai.009G438200.1.D	1283	1177.5	16252.5	547.449
Gorai.009G438300.1.A	2272	2166.5	89.5743	1.63987
Gorai.009G438300.1.D	2272	2166.5	238.426	4.36494
Gorai.009G438400.1.A	1615	1509.5	276.633	7.26866
Gorai.009G438400.1.D	1615	1509.5	50.1452	1.31759
Gorai.009G438500.1.A	1257	1151.5	44.2218	1.52319
Gorai.009G438500.1.D	1257	1151.5	0	0
Gorai.009G438600.1.A	335	229.63	0	0
Gorai.009G438600.1.D	335	229.63	0	0
Gorai.009G438700.1.A	1508	1402.5	0	0
Gorai.009G438700.1.D	1508	1402.5	0	0
Gorai.009G438800.1.A	3336	3230.5	0	0
Gorai.009G438800.1.D	3336	3230.5	0	0
Gorai.009G438900.1.A	1569	1463.5	63.9062	1.73194
Gorai.009G438900.1.D	1569	1463.5	2.53417	0.0686793
Gorai.009G439000.1.A	4568	4462.5	59.253	0.526643
Gorai.009G439000.1.D	4568	4462.5	10.8405	0.0963508
Gorai.009G439100.1.A	3054	2948.5	0	0
Gorai.009G439100.1.D	3054	2948.5	0	0
Gorai.009G439200.1.A	1371	1265.5	0	0
Gorai.009G439200.1.D	1371	1265.5	0	0
Gorai.009G439300.1.A	1740	1634.5	0	0
Gorai.009G439300.1.D	1740	1634.5	0	0
Gorai.009G439400.1.A	4740	4634.5	17.5522	0.150215
Gorai.009G439400.1.D	4740	4634.5	13.8843	0.118824
Gorai.009G439500.1.A	903	797.505	0	0
Gorai.009G439500.1.D	903	797.505	0	0
Gorai.009G439600.1.A	5016	4910.5	40.6415	0.328268
Gorai.009G439600.1.D	5016	4910.5	80.188	0.647692
Gorai.009G439700.1.A	1618	1512.5	145.496	3.81538
Gorai.009G439700.1.D	1618	1512.5	11.152	0.292444
Gorai.009G439800.1.A	1086	980.505	0	0
Gorai.009G439800.1.D	1086	980.505	0	0
Gorai.009G439900.1.A	4245	4139.5	6.59652	0.063205
Gorai.009G439900.1.D	4245	4139.5	9.81456	0.0940389
Gorai.009G440000.1.A	3553	3447.5	58.3756	0.671601
Gorai.009G440000.1.D	3553	3447.5	227.536	2.61777
Gorai.009G440100.1.A	1426	1320.5	0	0
Gorai.009G440100.1.D	1426	1320.5	0	0
Gorai.009G440200.1.A	1845	1739.5	2083.62	47.5092
Gorai.009G440200.1.D	1845	1739.5	1203.38	27.4386
Gorai.009G440300.1.A	935	829.505	633.134	30.2734
Gorai.009G440300.1.D	935	829.505	406.866	19.4544
Gorai.009G440400.1.A	2726	2620.5	453.993	6.87146
Gorai.009G440400.1.D	2726	2620.5	422.007	6.38733
Gorai.009G440500.1.A	1513	1407.5	0	0
Gorai.009G440500.1.D	1513	1407.5	0	0
Gorai.009G440600.1.A	2415	2309.5	0	0
Gorai.009G440600.1.D	2415	2309.5	6	0.103043
Gorai.009G440700.1.A	645	539.505	0	0
Gorai.009G440700.1.D	645	539.505	0	0
Gorai.009G440800.1.A	2475	2369.5	42.1053	0.704796
Gorai.009G440800.1.D	2475	2369.5	37.8947	0.634317
Gorai.009G440900.1.A	354	248.63	0	0
Gorai.009G440900.1.D	354	248.63	1	0.159526
Gorai.009G441000.1.A	1776	1670.5	818.421	19.4319
Gorai.009G441000.1.D	1776	1670.5	1288.58	30.5948
Gorai.009G441100.1.A	3479	3373.5	297.752	3.50072
Gorai.009G441100.1.D	3479	3373.5	278.248	3.27142
Gorai.009G441200.1.A	1356	1250.5	34	1.0784
Gorai.009G441200.1.D	1356	1250.5	26	0.824656
Gorai.009G441300.1.A	426	320.583	0	0
Gorai.009G441300.1.D	426	320.583	0	0
Gorai.009G441400.1.A	3611	3505.5	0	0
Gorai.009G441400.1.D	3611	3505.5	25.0401	0.283316
Gorai.009G441500.1.A	3661	3555.5	40.2907	0.449457
Gorai.009G441500.1.D	3661	3555.5	124.669	1.39073
Gorai.009G441600.1.A	1422	1316.5	0	0
Gorai.009G441600.1.D	1422	1316.5	0	0
Gorai.009G441700.1.A	1048	942.505	100.203	4.21679
Gorai.009G441700.1.D	1048	942.505	134.797	5.67259
Gorai.009G441800.1.A	3153	3047.5	88.7241	1.15473
Gorai.009G441800.1.D	3153	3047.5	35.2759	0.459111
Gorai.009G441900.1.A	1505	1399.5	18.8085	0.533046
Gorai.009G441900.1.D	1505	1399.5	33.1915	0.94067
Gorai.009G442000.1.A	2409	2303.5	800.141	13.7772
Gorai.009G442000.1.D	2409	2303.5	694.925	11.9656
Gorai.009G442100.1.A	829	723.505	66.108	3.62408
Gorai.009G442100.1.D	829	723.505	112.892	6.18881
Gorai.009G442200.1.A	1597	1491.5	148.974	3.96159
Gorai.009G442200.1.D	1597	1491.5	157.026	4.17573
Gorai.009G442300.1.A	1802	1696.5	124.43	2.90908
Gorai.009G442300.1.D	1802	1696.5	397.57	9.29487
Gorai.009G442400.1.A	1007	901.505	0	0
Gorai.009G442400.1.D	1007	901.505	0	0
Gorai.009G442500.1.A	730	624.505	304	19.3074
Gorai.009G442500.1.D	730	624.505	187	11.8766
Gorai.009G442600.1.A	596	490.551	0	0
Gorai.009G442600.1.D	596	490.551	0	0
Gorai.009G442700.1.A	3031	2925.5	1873.36	25.3984
Gorai.009G442700.1.D	3031	2925.5	39.6369	0.537382
Gorai.009G442800.1.A	463	357.551	35	3.88253
Gorai.009G442800.1.D	463	357.551	0	0
Gorai.009G442900.1.A	1217	1111.5	0	0
Gorai.009G442900.1.D	1217	1111.5	0	0
Gorai.009G443000.1.A	948	842.505	0	0
Gorai.009G443000.1.D	948	842.505	0	0
Gorai.009G443100.1.A	1171	1065.5	5	0.186123
Gorai.009G443100.1.D	1171	1065.5	1	0.0372246
Gorai.009G443200.1.A	924	818.505	0	0
Gorai.009G443200.1.D	924	818.505	2	0.0969156
Gorai.009G443300.1.A	1376	1270.5	0	0
Gorai.009G443300.1.D	1376	1270.5	0	0
Gorai.009G443400.1.A	1647	1541.5	299.712	7.71159
Gorai.009G443400.1.D	1647	1541.5	198.288	5.10196
Gorai.009G443500.1.A	1944	1838.5	8.61538	0.185864
Gorai.009G443500.1.D	1944	1838.5	7.38462	0.159312
Gorai.009G443600.1.A	1361	1255.5	535.331	16.9118
Gorai.009G443600.1.D	1361	1255.5	202.669	6.40255
Gorai.009G443700.1.A	2247	2141.5	267.095	4.94688
Gorai.009G443700.1.D	2247	2141.5	240.274	4.45012
Gorai.009G443800.1.A	1524	1418.5	408.757	11.4293
Gorai.009G443800.1.D	1524	1418.5	427.243	11.9462
Gorai.009G443900.1.A	1310	1204.5	129.811	4.27451
Gorai.009G443900.1.D	1310	1204.5	168.189	5.53828
Gorai.009G444000.1.A	823	717.505	560.608	30.9898
Gorai.009G444000.1.D	823	717.505	169.392	9.36384
Gorai.009G444100.1.A	2124	2018.5	82.8271	1.62752
Gorai.009G444100.1.D	2124	2018.5	133.173	2.6168
Gorai.009G444200.1.A	2505	2399.5	0	0
Gorai.009G444200.1.D	2505	2399.5	3.52666	0.0582944
Gorai.009G444300.1.A	1059	953.505	7	0.291179
Gorai.009G444300.1.D	1059	953.505	0	0
Gorai.009G444400.1.A	2982	2876.5	0	0
Gorai.009G444400.1.D	2982	2876.5	1.44919	0.0199823
Gorai.009G444500.1.A	2688	2582.5	1.18581	0.0182121
Gorai.009G444500.1.D	2688	2582.5	0	0
Gorai.009G444600.1.A	657	551.505	2	0.143835
Gorai.009G444600.1.D	657	551.505	0	0
Gorai.009G444700.1.A	3442	3336.5	600.801	7.14206
Gorai.009G444700.1.D	3442	3336.5	504.808	6.00094
Gorai.009G444800.1.A	1037	931.505	21.957	0.934917
Gorai.009G444800.1.D	1037	931.505	1.15239	0.0490683
Gorai.009G444900.1.A	207	103.083	0	0
Gorai.009G444900.1.D	207	103.083	0	0
Gorai.009G445000.1.A	1024	918.505	64.1387	2.76964
Gorai.009G445000.1.D	1024	918.505	319.801	13.8097
Gorai.009G445100.1.A	810	704.505	32.4126	1.8248
Gorai.009G445100.1.D	810	704.505	47.5384	2.67637
Gorai.009G445200.1.A	591	485.551	1	0.0816864
Gorai.009G445200.1.D	591	485.551	0	0
Gorai.009G445300.1.A	1257	1151.5	37	1.27444
Gorai.009G445300.1.D	1257	1151.5	62	2.13556
Gorai.009G445400.1.A	2849	2743.5	66.4175	0.960199
Gorai.009G445400.1.D	2849	2743.5	380.583	5.50209
Gorai.009G445500.1.A	1237	1131.5	288.898	10.1268
Gorai.009G445500.1.D	1237	1131.5	546.102	19.1427
Gorai.009G445600.1.A	2119	2013.5	19	0.374271
Gorai.009G445600.1.D	2119	2013.5	36	0.709145
Gorai.009G445700.1.A	827	721.505	21	1.15442
Gorai.009G445700.1.D	827	721.505	14	0.769616
Gorai.009G445800.1.A	1146	1040.5	1973.13	75.2135
Gorai.009G445800.1.D	1146	1040.5	1670.87	63.692
Gorai.009G445900.1.A	2004	1898.5	24.7692	0.517471
Gorai.009G445900.1.D	2004	1898.5	87.2308	1.8224
Gorai.009G446000.1.A	1883	1777.5	1944.57	43.3909
Gorai.009G446000.1.D	1883	1777.5	3196.43	71.3245
Gorai.009G446100.1.A	2160	2054.5	104.689	2.02107
Gorai.009G446100.1.D	2160	2054.5	122.311	2.36125
Gorai.009G446200.1.A	1158	1052.5	0	0
Gorai.009G446200.1.D	1158	1052.5	0	0
Gorai.009G446300.1.A	3831	3725.5	1056.96	11.2528
Gorai.009G446300.1.D	3831	3725.5	1588.03	16.9067
Gorai.009G446400.1.A	583	477.551	0	0
Gorai.009G446400.1.D	583	477.551	0	0
Gorai.009G446500.1.A	1440	1334.5	0	0
Gorai.009G446500.1.D	1440	1334.5	0	0
Gorai.009G446600.1.A	1308	1202.5	0	0
Gorai.009G446600.1.D	1308	1202.5	0	0
Gorai.009G446700.1.A	3290	3184.5	2.60242e-05	3.24131e-07
Gorai.009G446700.1.D	3290	3184.5	99.7887	1.24287
Gorai.009G446800.1.A	786	680.505	0	0
Gorai.009G446800.1.D	786	680.505	0	0
Gorai.009G446900.1.A	772	666.505	0	0
Gorai.009G446900.1.D	772	666.505	0	0
Gorai.009G447000.1.A	525	419.551	0.5	0.0472683
Gorai.009G447000.1.D	525	419.551	0.5	0.0472683
Gorai.009G447100.1.A	1048	942.505	0	0
Gorai.009G447100.1.D	1048	942.505	1	0.0420825
Gorai.009G447200.1.A	525	419.551	1	0.0945366
Gorai.009G447200.1.D	525	419.551	0	0
Gorai.009G447300.1.A	525	419.551	0	0
Gorai.009G447300.1.D	525	419.551	0	0
Gorai.009G447400.1.A	863	757.505	0	0
Gorai.009G447400.1.D	863	757.505	0	0
Gorai.009G447500.1.A	528	422.551	0	0
Gorai.009G447500.1.D	528	422.551	0.993817	0.093285
Gorai.009G447600.1.A	531	425.551	0.00309146	0.000288135
Gorai.009G447600.1.D	531	425.551	0.00309146	0.000288135
Gorai.009G447700.1.A	1116	1010.5	1	0.0392506
Gorai.009G447700.1.D	1116	1010.5	0	0
Gorai.009G447800.1.A	1659	1553.5	0	0
Gorai.009G447800.1.D	1659	1553.5	0	0
Gorai.009G447900.1.A	2949	2843.5	9.35181	0.130445
Gorai.009G447900.1.D	2949	2843.5	0	0
Gorai.009G448000.1.A	3195	3089.5	6.37776	0.0818774
Gorai.009G448000.1.D	3195	3089.5	0	0
Gorai.009G448100.1.A	3195	3089.5	0	0
Gorai.009G448100.1.D	3195	3089.5	0	0
Gorai.009G448200.1.A	3117	3011.5	0	0
Gorai.009G448200.1.D	3117	3011.5	0	0
Gorai.009G448300.1.A	1833	1727.5	1.03738	0.0238178
Gorai.009G448300.1.D	1833	1727.5	0	0
Gorai.009G448400.1.A	306	200.687	0	0
Gorai.009G448400.1.D	306	200.687	0	0
Gorai.009G448500.1.A	3051	2945.5	30.8219	0.415035
Gorai.009G448500.1.D	3051	2945.5	0	0
Gorai.009G448600.1.A	3183	3077.5	2.30819	0.029748
Gorai.009G448600.1.D	3183	3077.5	0	0
Gorai.009G448700.1.A	1183	1077.5	0	0
Gorai.009G448700.1.D	1183	1077.5	14	0.51534
Gorai.009G448800.1.A	1080	974.505	0	0
Gorai.009G448800.1.D	1080	974.505	11.7748	0.479243
Gorai.009G448900.1.A	3318	3212.5	2.04466	0.0252442
Gorai.009G448900.1.D	3318	3212.5	0	0
Gorai.009G449000.1.A	1666	1560.5	82.5498	2.09815
Gorai.009G449000.1.D	1666	1560.5	162.317	4.12557
Gorai.009G449100.1.A	2937	2831.5	1	0.0140077
Gorai.009G449100.1.D	2937	2831.5	7	0.0980541
Gorai.009G449200.1.A	1074	968.505	131.841	5.39925
Gorai.009G449200.1.D	1074	968.505	4.29213	0.175775
Gorai.009G449300.1.A	977	871.505	3703.97	168.571
Gorai.009G449300.1.D	977	871.505	15427	702.098
Gorai.009G449400.1.A	657	551.505	0	0
Gorai.009G449400.1.D	657	551.505	0.190155	0.0136755
Gorai.009G449500.1.A	486	380.551	0	0
Gorai.009G449500.1.D	486	380.551	0	0
Gorai.009G449600.1.A	1338	1232.5	0	0
Gorai.009G449600.1.D	1338	1232.5	1.80985	0.0582422
Gorai.009G449700.1.A	531	425.551	0	0
Gorai.009G449700.1.D	531	425.551	0	0
Gorai.009G449800.1.A	1785	1679.5	41.711	0.985041
Gorai.009G449800.1.D	1785	1679.5	134.289	3.17135
Gorai.009G449900.1.A	1005	899.505	114.396	5.0442
Gorai.009G449900.1.D	1005	899.505	212.604	9.3746
Gorai.009G450000.1.A	600	494.551	38.6238	3.09762
Gorai.009G450000.1.D	600	494.551	38.6238	3.09762
Gorai.009G450100.1.A	3227	3121.5	1409.56	17.9104
Gorai.009G450100.1.D	3227	3121.5	1697.44	21.5682
Gorai.009G450200.1.A	507	401.551	9.6	0.948233
Gorai.009G450200.1.D	507	401.551	22.4	2.21254
Gorai.009G450300.1.A	1577	1471.5	0	0
Gorai.009G450300.1.D	1577	1471.5	0	0
Gorai.009G450400.1.A	1347	1241.5	138.178	4.41445
Gorai.009G450400.1.D	1347	1241.5	306.822	9.80217
Gorai.009G450500.1.A	806	700.505	0	0
Gorai.009G450500.1.D	806	700.505	20.9904	1.18849
Gorai.009G450600.1.A	2956	2850.5	37.4539	0.521147
Gorai.009G450600.1.D	2956	2850.5	3.59953	0.0500852
Gorai.009G450700.1.A	623	517.505	3	0.229928
Gorai.009G450700.1.D	623	517.505	0	0
Gorai.009G450800.1.A	2835	2729.5	69.6378	1.01192
Gorai.009G450800.1.D	2835	2729.5	64.3622	0.935259
Gorai.009G450900.1.A	1566	1460.5	887.165	24.0927
Gorai.009G450900.1.D	1566	1460.5	1032.84	28.0487
Gorai.009G451000.1.A	3125	3019.5	113.333	1.4887
Gorai.009G451000.1.D	3125	3019.5	90.6667	1.19096
Gorai.009G451100.1.A	1187	1081.5	608.46	22.3146
Gorai.009G451100.1.D	1187	1081.5	627.54	23.0143
Gorai.009G451200.1.A	2168	2062.5	43.0323	0.827531
Gorai.009G451200.1.D	2168	2062.5	48.9677	0.941673
Gorai.009G451300.1.A	1339	1233.5	0	0
Gorai.009G451300.1.D	1339	1233.5	0	0
Gorai.009G451400.1.A	1445	1339.5	16.1468	0.478109
Gorai.009G451400.1.D	1445	1339.5	93.8532	2.77901
Gorai.009G451500.1.A	2300	2194.5	131.226	2.37175
Gorai.009G451500.1.D	2300	2194.5	203.774	3.68296
Gorai.009G451600.1.A	2907	2801.5	263.882	3.73597
Gorai.009G451600.1.D	2907	2801.5	337.118	4.77282
Gorai.009G451700.1.A	3426	3320.5	164.369	1.96336
Gorai.009G451700.1.D	3426	3320.5	223.631	2.67124
Gorai.009G451800.1.A	873	767.505	347.968	17.9822
Gorai.009G451800.1.D	873	767.505	622.032	32.1452
Gorai.009G451900.1.A	1146	1040.5	545.584	20.7971
Gorai.009G451900.1.D	1146	1040.5	832.416	31.7308
Gorai.009G452000.1.A	4771	4665.5	38.971	0.331305
Gorai.009G452000.1.D	4771	4665.5	37.7632	0.321037
Gorai.009G452100.1.A	1234	1128.5	29.9335	1.05206
Gorai.009G452100.1.D	1234	1128.5	43.3323	1.52298
Gorai.009G452200.1.A	982	876.505	0.5	0.0226256
Gorai.009G452200.1.D	982	876.505	0.5	0.0226256
Gorai.009G452300.1.A	3913	3807.5	194.894	2.03022
Gorai.009G452300.1.D	3913	3807.5	943.106	9.82438
Gorai.009G452400.1.A	1942	1836.5	965.721	20.8567
Gorai.009G452400.1.D	1942	1836.5	1439.74	31.0941
Gorai.009G452500.1.A	819	713.505	5	0.277945
Gorai.009G452500.1.D	819	713.505	0	0
Gorai.009G452600.1.A	1191	1085.5	0	0
Gorai.009G452600.1.D	1191	1085.5	0	0
Gorai.009G452700.1.A	396	290.583	0	0
Gorai.009G452700.1.D	396	290.583	0	0
Gorai.009G452800.1.A	732	626.505	0	0
Gorai.009G452800.1.D	732	626.505	0	0
Gorai.009G452900.1.A	362	256.583	0	0
Gorai.009G452900.1.D	362	256.583	0	0
Gorai.009G453000.1.A	1431	1325.5	43.6	1.30464
Gorai.009G453000.1.D	1431	1325.5	65.4	1.95696
Gorai.009G453100.1.A	2666	2560.5	28.8732	0.447255
Gorai.009G453100.1.D	2666	2560.5	53.1268	0.822949
Gorai.009G453200.1.A	1162	1056.5	95.8442	3.59815
Gorai.009G453200.1.D	1162	1056.5	264.156	9.91685
Gorai.009G453300.1.A	1551	1445.5	24.64	0.676092
Gorai.009G453300.1.D	1551	1445.5	52.36	1.4367
Gorai.009G453400.1.A	180	77.7296	262.84	134.119
Gorai.009G453400.1.D	180	77.7296	403.16	205.72
Gorai.009G453500.1.A	1802	1696.5	216.59	5.0637
Gorai.009G453500.1.D	1802	1696.5	136.41	3.18916
Gorai.009G453600.1.A	675	569.505	31.4627	2.19121
Gorai.009G453600.1.D	675	569.505	36.5373	2.54463
Gorai.009G453700.1.A	2780	2674.5	0.5	0.00741501
Gorai.009G453700.1.D	2780	2674.5	0.5	0.00741501
Gorai.009G453800.1.A	2100	1994.5	603.383	11.9989
Gorai.009G453800.1.D	2100	1994.5	458.617	9.12011
Gorai.009G453900.1.A	1703	1597.5	983.402	24.416
Gorai.009G453900.1.D	1703	1597.5	865.598	21.4911
Gorai.009G454000.1.A	1188	1082.5	13.5	0.49464
Gorai.009G454000.1.D	1188	1082.5	13.5	0.49464
Gorai.009G454100.1.A	5657	5551.5	946.228	6.76036
Gorai.009G454100.1.D	5657	5551.5	1054.77	7.53586
Gorai.009G454200.1.A	1210	1104.5	4.5	0.161596
Gorai.009G454200.1.D	1210	1104.5	1.5	0.0538652
Gorai.009G454300.1.A	1318	1212.5	202.444	6.62226
Gorai.009G454300.1.D	1318	1212.5	148.556	4.8595
Gorai.009G454400.1.A	1578	1472.5	475.823	12.8166
Gorai.009G454400.1.D	1578	1472.5	350.177	9.43227
Gorai.009G454500.1.A	1103	997.505	0.5	0.0198811
Gorai.009G454500.1.D	1103	997.505	0.5	0.0198811
Gorai.009G454600.1.A	586	480.551	33.3333	2.75121
Gorai.009G454600.1.D	586	480.551	16.6667	1.37561
Gorai.009G454700.1.A	1891	1785.5	172.967	3.84226
Gorai.009G454700.1.D	1891	1785.5	155.78	3.46048
Gorai.009G454800.1.A	2192	2086.5	430.667	8.18666
Gorai.009G454800.1.D	2192	2086.5	390.586	7.42477
Gorai.009G454900.1.A	966	860.505	1.10714	0.0510312
Gorai.009G454900.1.D	966	860.505	29.8929	1.37784
Gorai.009G455000.1.A	3721	3615.5	18.0303	0.197797
Gorai.009G455000.1.D	3721	3615.5	16.9697	0.186162
Gorai.009G455100.1.A	4981	4875.5	261.874	2.13038
Gorai.009G455100.1.D	4981	4875.5	254.126	2.06735
Gorai.009G455200.1.A	672	566.505	95.1909	6.66464
Gorai.009G455200.1.D	672	566.505	9.85255	0.689811
Gorai.009G455300.1.A	2762	2656.5	9.5	0.14184
Gorai.009G455300.1.D	2762	2656.5	9.5	0.14184
Gorai.009G455400.1.A	2784	2678.5	1202.74	17.8101
Gorai.009G455400.1.D	2784	2678.5	1261.21	18.6759
Gorai.009G455500.1.A	1973	1867.5	10.191	0.216442
Gorai.009G455500.1.D	1973	1867.5	0	0
Gorai.009G455600.1.A	561	455.551	0	0
Gorai.009G455600.1.D	561	455.551	15.9493	1.38864
Gorai.009G455700.1.A	492	386.551	0	0
Gorai.009G455700.1.D	492	386.551	0	0
Gorai.009G455800.1.A	1515	1409.5	0	0
Gorai.009G455800.1.D	1515	1409.5	12.1367	0.341521
Gorai.009G455900.1.A	736	630.505	19.6462	1.23588
Gorai.009G455900.1.D	736	630.505	4.92511	0.309822
Gorai.009G456000.1.A	603	497.551	4.01348	0.31994
Gorai.009G456000.1.D	603	497.551	4.01348	0.31994
Gorai.009G456100.1.A	1979	1873.5	11.109	0.235182
Gorai.009G456100.1.D	1979	1873.5	77.7635	1.64629
Gorai.009G456200.1.A	1116	1010.5	145.144	5.69701
Gorai.009G456200.1.D	1116	1010.5	56.1988	2.20584
Gorai.009G456300.1.A	784	678.505	47.6973	2.78821
Gorai.009G456300.1.D	784	678.505	47.6973	2.78821
Gorai.009G456400.1.A	625	519.505	4.35013	0.332122
Gorai.009G456400.1.D	625	519.505	34.4043	2.62668
Gorai.010G000100.1.A	2123	2017.5	66.4118	1.30562
Gorai.010G000100.1.D	2123	2017.5	4.18178	0.0822113
Gorai.010G000200.1.A	1644	1538.5	9.04167	0.233096
Gorai.010G000200.1.D	1644	1538.5	21.9583	0.56609
Gorai.010G000300.1.A	390	284.583	5	0.69686
Gorai.010G000300.1.D	390	284.583	12.1079	1.6875
Gorai.010G000400.1.A	895	789.505	52.9024	2.6577
Gorai.010G000400.1.D	895	789.505	35.9968	1.8084
Gorai.010G000500.1.A	758	652.505	0	0
Gorai.010G000500.1.D	758	652.505	13.2966	0.808246
Gorai.010G000600.1.A	1419	1313.5	0	0
Gorai.010G000600.1.D	1419	1313.5	0	0
Gorai.010G000700.1.A	951	845.505	1.00305	0.0470535
Gorai.010G000700.1.D	951	845.505	0.0030706	0.000144043
Gorai.010G000800.1.A	1527	1421.5	0	0
Gorai.010G000800.1.D	1527	1421.5	0	0
Gorai.010G000900.1.A	998	892.505	351	15.5985
Gorai.010G000900.1.D	998	892.505	0	0
Gorai.010G001000.1.A	1675	1569.5	490.874	12.4049
Gorai.010G001000.1.D	1675	1569.5	1.12586	0.0284516
Gorai.010G001100.1.A	1569	1463.5	103	2.79144
Gorai.010G001100.1.D	1569	1463.5	0	0
Gorai.010G001200.1.A	771	665.505	82	4.88706
Gorai.010G001200.1.D	771	665.505	0	0
Gorai.010G001300.1.A	1975	1869.5	1	0.0212157
Gorai.010G001300.1.D	1975	1869.5	0	0
Gorai.010G001400.1.A	591	485.551	0	0
Gorai.010G001400.1.D	591	485.551	0	0
Gorai.010G001500.1.A	1097	991.505	2513	100.527
Gorai.010G001500.1.D	1097	991.505	0	0
Gorai.010G001600.1.A	3266	3160.5	111	1.393
Gorai.010G001600.1.D	3266	3160.5	0	0
Gorai.010G001700.1.A	1236	1130.5	55	1.92964
Gorai.010G001700.1.D	1236	1130.5	0	0
Gorai.010G001800.1.A	1588	1482.5	4	0.107016
Gorai.010G001800.1.D	1588	1482.5	0	0
Gorai.010G001900.1.A	1227	1121.5	2631	93.0475
Gorai.010G001900.1.D	1227	1121.5	0	0
Gorai.010G002000.1.A	2807	2701.5	16.6254	0.244091
Gorai.010G002000.1.D	2807	2701.5	0	0
Gorai.010G002100.1.A	1581	1475.5	2164.06	58.172
Gorai.010G002100.1.D	1581	1475.5	2.31402	0.062203
Gorai.010G002200.1.A	1510	1404.5	5	0.141199
Gorai.010G002200.1.D	1510	1404.5	0	0
Gorai.010G002300.1.A	1409	1303.5	27	0.821554
Gorai.010G002300.1.D	1409	1303.5	0	0
Gorai.010G002400.1.A	1303	1197.5	5	0.165607
Gorai.010G002400.1.D	1303	1197.5	1	0.0331213
Gorai.010G002500.1.A	1690	1584.5	402.064	10.0644
Gorai.010G002500.1.D	1690	1584.5	284.936	7.13245
Gorai.010G002600.1.A	1408	1302.5	491.15	14.9562
Gorai.010G002600.1.D	1408	1302.5	407.85	12.4195
Gorai.010G002700.1.A	4207	4101.5	13	0.125714
Gorai.010G002700.1.D	4207	4101.5	2	0.0193407
Gorai.010G002800.1.A	999	893.505	53.0137	2.35329
Gorai.010G002800.1.D	999	893.505	32.9863	1.46427
Gorai.010G002900.1.A	3813	3707.5	83.5155	0.89345
Gorai.010G002900.1.D	3813	3707.5	82.4845	0.88242
Gorai.010G003000.1.A	3626	3520.5	9538.54	107.464
Gorai.010G003000.1.D	3626	3520.5	5791.42	65.2477
Gorai.010G003100.1.A	1423	1317.5	16	0.481673
Gorai.010G003100.1.D	1423	1317.5	7	0.210732
Gorai.010G003200.1.A	1514	1408.5	302.067	8.50608
Gorai.010G003200.1.D	1514	1408.5	682.933	19.2311
Gorai.010G003300.1.A	525	419.551	0	0
Gorai.010G003300.1.D	525	419.551	0	0
Gorai.010G003400.1.A	774	668.505	0	0
Gorai.010G003400.1.D	774	668.505	0	0
Gorai.010G003500.1.A	1218	1112.5	3	0.106956
Gorai.010G003500.1.D	1218	1112.5	0	0
Gorai.010G003600.1.A	1310	1204.5	0	0
Gorai.010G003600.1.D	1310	1204.5	18	0.592719
Gorai.010G003700.1.A	984	878.505	0	0
Gorai.010G003700.1.D	984	878.505	0	0
Gorai.010G003800.1.A	1862	1756.5	999.368	22.5663
Gorai.010G003800.1.D	1862	1756.5	216.644	4.89194
Gorai.010G003900.1.A	1199	1093.5	2	0.0725428
Gorai.010G003900.1.D	1199	1093.5	1	0.0362714
Gorai.010G004000.1.A	1023	917.505	0	0
Gorai.010G004000.1.D	1023	917.505	0	0
Gorai.010G004100.1.A	1147	1041.5	4.19044	0.159582
Gorai.010G004100.1.D	1147	1041.5	17.8135	0.67838
Gorai.010G004200.1.A	669	563.505	14.7	1.03468
Gorai.010G004200.1.D	669	563.505	6.3	0.443433
Gorai.010G004300.1.A	1344	1238.5	0	0
Gorai.010G004300.1.D	1344	1238.5	251	8.03824
Gorai.010G004400.1.A	765	659.505	909.934	54.7239
Gorai.010G004400.1.D	765	659.505	286.066	17.2042
Gorai.010G004500.1.A	597	491.551	100.524	8.11118
Gorai.010G004500.1.D	597	491.551	99.4764	8.02669
Gorai.010G004600.1.A	960	854.505	1586.53	73.641
Gorai.010G004600.1.D	960	854.505	1691.47	78.5116
Gorai.010G004700.1.A	1820	1714.5	192.746	4.45894
Gorai.010G004700.1.D	1820	1714.5	427.254	9.88399
Gorai.010G004800.1.A	1115	1009.5	2	0.078579
Gorai.010G004800.1.D	1115	1009.5	3	0.117869
Gorai.010G004900.1.A	402	296.583	0	0
Gorai.010G004900.1.D	402	296.583	1	0.133733
Gorai.010G005000.1.A	963	857.505	68.2991	3.1591
Gorai.010G005000.1.D	963	857.505	57.7009	2.66889
Gorai.010G005100.1.A	1666	1560.5	723.316	18.3843
Gorai.010G005100.1.D	1666	1560.5	1297.68	32.9829
Gorai.010G005200.1.A	1791	1685.5	0	0
Gorai.010G005200.1.D	1791	1685.5	1156	27.2027
Gorai.010G005300.1.A	1052	946.505	0	0
Gorai.010G005300.1.D	1052	946.505	0	0
Gorai.010G005400.1.A	3650	3544.5	1588.78	17.7784
Gorai.010G005400.1.D	3650	3544.5	1540.22	17.235
Gorai.010G005500.1.A	459	353.551	1.25	0.14023
Gorai.010G005500.1.D	459	353.551	13.75	1.54254
Gorai.010G005600.1.A	1149	1043.5	1.1978	0.0455277
Gorai.010G005600.1.D	1149	1043.5	652.802	24.8126
Gorai.010G005700.1.A	1825	1719.5	111.602	2.57427
Gorai.010G005700.1.D	1825	1719.5	82.3978	1.90063
Gorai.010G005800.1.A	2178	2072.5	588.455	11.2617
Gorai.010G005800.1.D	2178	2072.5	624.545	11.9523
Gorai.010G005900.1.A	2438	2332.5	103.96	1.76777
Gorai.010G005900.1.D	2438	2332.5	144.04	2.44933
Gorai.010G006000.1.A	1774	1668.5	56.5074	1.34327
Gorai.010G006000.1.D	1774	1668.5	88.4926	2.10361
Gorai.010G006100.1.A	1030	924.505	1396.03	59.8923
Gorai.010G006100.1.D	1030	924.505	461.969	19.8193
Gorai.010G006200.1.A	3357	3251.5	3.62033	0.044162
Gorai.010G006200.1.D	3357	3251.5	25.7073	0.313586
Gorai.010G006300.1.A	434	328.583	0	0
Gorai.010G006300.1.D	434	328.583	0	0
Gorai.010G006400.1.A	3082	2976.5	1	0.0133253
Gorai.010G006400.1.D	3082	2976.5	1	0.0133253
Gorai.010G006500.1.A	618	512.505	0	0
Gorai.010G006500.1.D	618	512.505	0	0
Gorai.010G006600.1.A	767	661.505	42.7907	2.56567
Gorai.010G006600.1.D	767	661.505	3.2093	0.192426
Gorai.010G006700.1.A	1260	1154.5	0	0
Gorai.010G006700.1.D	1260	1154.5	0	0
Gorai.010G006800.1.A	1479	1373.5	2.90909	0.0840063
Gorai.010G006800.1.D	1479	1373.5	13.0909	0.378029
Gorai.010G006900.1.A	1639	1533.5	133.416	3.45071
Gorai.010G006900.1.D	1639	1533.5	269.584	6.97258
Gorai.010G007000.1.A	261	155.894	0	0
Gorai.010G007000.1.D	261	155.894	0	0
Gorai.010G007100.1.A	1971	1865.5	3.54545	0.0753808
Gorai.010G007100.1.D	1971	1865.5	9.45455	0.201015
Gorai.010G007200.1.A	1967	1861.5	133.673	2.84816
Gorai.010G007200.1.D	1967	1861.5	243.327	5.18455
Gorai.010G007300.1.A	2696	2590.5	277.397	4.2472
Gorai.010G007300.1.D	2696	2590.5	97.6027	1.49439
Gorai.010G007400.1.A	1945	1839.5	5.83333	0.125777
Gorai.010G007400.1.D	1945	1839.5	1.16667	0.0251554
Gorai.010G007500.1.A	2145	2039.5	6	0.116684
Gorai.010G007500.1.D	2145	2039.5	0	0
Gorai.010G007600.1.A	1743	1637.5	22.5	0.544985
Gorai.010G007600.1.D	1743	1637.5	31.5	0.76298
Gorai.010G007700.1.A	1583	1477.5	0	0
Gorai.010G007700.1.D	1583	1477.5	2	0.0536891
Gorai.010G007800.1.A	2429	2323.5	324.946	5.54693
Gorai.010G007800.1.D	2429	2323.5	428.054	7.30701
Gorai.010G007900.1.A	1252	1146.5	93.0647	3.21954
Gorai.010G007900.1.D	1252	1146.5	53.9353	1.86587
Gorai.010G008000.1.A	579	473.551	534.632	44.7788
Gorai.010G008000.1.D	579	473.551	435.368	36.4648
Gorai.010G008100.1.A	1749	1643.5	12	0.289598
Gorai.010G008100.1.D	1749	1643.5	2	0.0482663
Gorai.010G008200.1.A	1574	1468.5	126.629	3.42014
Gorai.010G008200.1.D	1574	1468.5	174.115	4.70269
Gorai.010G008300.1.A	1496	1390.5	234.699	6.69459
Gorai.010G008300.1.D	1496	1390.5	218.301	6.22684
Gorai.010G008400.1.A	2985	2879.5	45.0469	0.620486
Gorai.010G008400.1.D	2985	2879.5	47.9531	0.660517
Gorai.010G008500.1.A	1414	1308.5	4.5	0.136402
Gorai.010G008500.1.D	1414	1308.5	4.5	0.136402
Gorai.010G008600.1.A	1777	1671.5	0	0
Gorai.010G008600.1.D	1777	1671.5	5	0.118644
Gorai.010G008700.1.A	1877	1771.5	1.14286	0.0255879
Gorai.010G008700.1.D	1877	1771.5	22.8571	0.511758
Gorai.010G008800.1.A	1286	1180.5	17	0.571171
Gorai.010G008800.1.D	1286	1180.5	24	0.806359
Gorai.010G008900.1.A	1472	1366.5	164.086	4.7626
Gorai.010G008900.1.D	1472	1366.5	344.914	10.0112
Gorai.010G009000.1.A	4293	4187.5	222.403	2.10654
Gorai.010G009000.1.D	4293	4187.5	174.597	1.65374
Gorai.010G009100.1.A	1575	1469.5	699.933	18.8917
Gorai.010G009100.1.D	1575	1469.5	1069.07	28.8549
Gorai.010G009200.1.A	705	599.505	47.7568	3.15956
Gorai.010G009200.1.D	705	599.505	9.24324	0.611529
Gorai.010G009300.1.A	836	730.505	8.72727	0.47385
Gorai.010G009300.1.D	836	730.505	3.27273	0.177694
Gorai.010G009400.1.A	1398	1292.5	47.5901	1.46039
Gorai.010G009400.1.D	1398	1292.5	204.275	6.26856
Gorai.010G009500.1.A	1680	1574.5	13.1044	0.330111
Gorai.010G009500.1.D	1680	1574.5	18.0307	0.454206
Gorai.010G009600.1.A	807	701.505	11.1765	0.631916
Gorai.010G009600.1.D	807	701.505	7.82353	0.442341
Gorai.010G009700.1.A	2792	2686.5	345.118	5.09525
Gorai.010G009700.1.D	2792	2686.5	534.882	7.89687
Gorai.010G009800.1.A	636	530.505	0	0
Gorai.010G009800.1.D	636	530.505	0	0
Gorai.010G009900.1.A	2083	1977.5	267.441	5.36409
Gorai.010G009900.1.D	2083	1977.5	165.559	3.32062
Gorai.010G010000.1.A	288	182.738	0	0
Gorai.010G010000.1.D	288	182.738	0	0
Gorai.010G010100.1.A	3625	3519.5	710.815	8.01051
Gorai.010G010100.1.D	3625	3519.5	567.185	6.39187
Gorai.010G010200.1.A	2495	2389.5	90.4412	1.50122
Gorai.010G010200.1.D	2495	2389.5	155.559	2.58209
Gorai.010G010300.1.A	2217	2111.5	387.236	7.27392
Gorai.010G010300.1.D	2217	2111.5	143.764	2.7005
Gorai.010G010400.1.A	1125	1019.5	1.22222	0.0475495
Gorai.010G010400.1.D	1125	1019.5	9.77778	0.380396
Gorai.010G010500.1.A	2460	2354.5	13.3421	0.224755
Gorai.010G010500.1.D	2460	2354.5	25.6579	0.432222
Gorai.010G010600.1.A	4052	3946.5	1343.43	13.5016
Gorai.010G010600.1.D	4052	3946.5	1138.57	11.4428
Gorai.010G010700.1.A	1567	1461.5	33.2468	0.902265
Gorai.010G010700.1.D	1567	1461.5	46.7532	1.26881
Gorai.010G010800.1.A	3112	3006.5	2	0.0263848
Gorai.010G010800.1.D	3112	3006.5	4	0.0527695
Gorai.010G010900.1.A	1033	927.505	61.6	2.6342
Gorai.010G010900.1.D	1033	927.505	37.4	1.59934
Gorai.010G011000.1.A	454	348.551	0	0
Gorai.010G011000.1.D	454	348.551	1	0.113794
Gorai.010G011100.1.A	2966	2860.5	213.271	2.95716
Gorai.010G011100.1.D	2966	2860.5	112.729	1.56307
Gorai.010G011200.1.A	1646	1540.5	2	0.0514934
Gorai.010G011200.1.D	1646	1540.5	3	0.0772402
Gorai.010G011300.1.A	2295	2189.5	0	0
Gorai.010G011300.1.D	2295	2189.5	0	0
Gorai.010G011400.1.A	2325	2219.5	0	0
Gorai.010G011400.1.D	2325	2219.5	0	0
Gorai.010G011500.1.A	1862	1756.5	1629.14	36.787
Gorai.010G011500.1.D	1862	1756.5	1221.86	27.5903
Gorai.010G011600.1.A	2077	1971.5	0	0
Gorai.010G011600.1.D	2077	1971.5	14	0.281653
Gorai.010G011700.1.A	1516	1410.5	156.687	4.40599
Gorai.010G011700.1.D	1516	1410.5	299.313	8.41658
Gorai.010G011800.1.A	1693	1587.5	329.217	8.22532
Gorai.010G011800.1.D	1693	1587.5	301.783	7.53987
Gorai.010G011900.1.A	2299	2193.5	33.7802	0.610814
Gorai.010G011900.1.D	2299	2193.5	72.2198	1.30588
Gorai.010G012000.1.A	1551	1445.5	38.5352	1.05736
Gorai.010G012000.1.D	1551	1445.5	33.4648	0.918234
Gorai.010G012100.1.A	1329	1223.5	183.916	5.96208
Gorai.010G012100.1.D	1329	1223.5	269.084	8.72304
Gorai.010G012200.1.A	3435	3329.5	766.527	9.1313
Gorai.010G012200.1.D	3435	3329.5	284.473	3.38881
Gorai.010G012300.1.A	1528	1422.5	174.513	4.86585
Gorai.010G012300.1.D	1528	1422.5	113.487	3.1643
Gorai.010G012400.1.A	924	818.505	30.5717	1.48144
Gorai.010G012400.1.D	924	818.505	28.8556	1.39828
Gorai.010G012500.1.A	1158	1052.5	231.011	8.70549
Gorai.010G012500.1.D	1158	1052.5	301.204	11.3507
Gorai.010G012600.1.A	1225	1119.5	1.125	0.0398576
Gorai.010G012600.1.D	1225	1119.5	7.875	0.279003
Gorai.010G012700.1.A	1434	1328.5	225.181	6.72284
Gorai.010G012700.1.D	1434	1328.5	108.819	3.24884
Gorai.010G012800.1.A	839	733.505	3	0.16222
Gorai.010G012800.1.D	839	733.505	0	0
Gorai.010G012900.1.A	1021	915.505	2	0.0866472
Gorai.010G012900.1.D	1021	915.505	0	0
Gorai.010G013000.1.A	1071	965.505	5.61321	0.230591
Gorai.010G013000.1.D	1071	965.505	113.387	4.65793
Gorai.010G013100.1.A	2538	2432.5	19.4118	0.316516
Gorai.010G013100.1.D	2538	2432.5	46.5882	0.759639
Gorai.010G013200.1.A	360	254.63	0	0
Gorai.010G013200.1.D	360	254.63	0	0
Gorai.010G013300.1.A	1841	1735.5	192.898	4.40847
Gorai.010G013300.1.D	1841	1735.5	374.066	8.54884
Gorai.010G013400.1.A	1493	1387.5	4	0.114343
Gorai.010G013400.1.D	1493	1387.5	1.00012	0.0285892
Gorai.010G013500.1.A	1566	1460.5	95.8182	2.60214
Gorai.010G013500.1.D	1566	1460.5	74.1818	2.01456
Gorai.010G013600.1.A	1959	1853.5	0	0
Gorai.010G013600.1.D	1959	1853.5	64	1.36953
Gorai.010G013700.1.A	1836	1730.5	0	0
Gorai.010G013700.1.D	1836	1730.5	0	0
Gorai.010G013800.1.A	2465	2359.5	7.25	0.121871
Gorai.010G013800.1.D	2465	2359.5	21.75	0.365614
Gorai.010G013900.1.A	336	230.63	0	0
Gorai.010G013900.1.D	336	230.63	0	0
Gorai.010G014000.1.A	1874	1768.5	59.3976	1.33213
Gorai.010G014000.1.D	1874	1768.5	85.6024	1.91984
Gorai.010G014100.1.A	2524	2418.5	10	0.163998
Gorai.010G014100.1.D	2524	2418.5	10	0.163998
Gorai.010G014200.1.A	1693	1587.5	2	0.0499689
Gorai.010G014200.1.D	1693	1587.5	0	0
Gorai.010G014300.1.A	1780	1674.5	1	0.0236864
Gorai.010G014300.1.D	1780	1674.5	0	0
Gorai.010G014400.1.A	786	680.505	0	0
Gorai.010G014400.1.D	786	680.505	0	0
Gorai.010G014500.1.A	1661	1555.5	0	0
Gorai.010G014500.1.D	1661	1555.5	10	0.254984
Gorai.010G014600.1.A	1838	1732.5	0	0
Gorai.010G014600.1.D	1838	1732.5	1	0.0228934
Gorai.010G014700.1.A	1680	1574.5	0	0
Gorai.010G014700.1.D	1680	1574.5	2	0.0503815
Gorai.010G014800.1.A	1687	1581.5	0	0
Gorai.010G014800.1.D	1687	1581.5	19	0.476506
Gorai.010G014900.1.A	1769	1663.5	0	0
Gorai.010G014900.1.D	1769	1663.5	0	0
Gorai.010G015000.1.A	3135	3029.5	0	0
Gorai.010G015000.1.D	3135	3029.5	0	0
Gorai.010G015100.1.A	948	842.505	0	0
Gorai.010G015100.1.D	948	842.505	0	0
Gorai.010G015200.1.A	1773	1667.5	0	0
Gorai.010G015200.1.D	1773	1667.5	5	0.118929
Gorai.010G015300.1.A	1482	1376.5	0	0
Gorai.010G015300.1.D	1482	1376.5	0	0
Gorai.010G015400.1.A	1800	1694.5	0	0
Gorai.010G015400.1.D	1800	1694.5	0	0
Gorai.010G015500.1.A	1501	1395.5	0	0
Gorai.010G015500.1.D	1501	1395.5	0	0
Gorai.010G015600.1.A	1193	1087.5	280.483	10.2297
Gorai.010G015600.1.D	1193	1087.5	385.901	14.0744
Gorai.010G015700.1.A	1066	960.505	1	0.0412939
Gorai.010G015700.1.D	1066	960.505	0	0
Gorai.010G015800.1.A	3469	3363.5	263.774	3.11046
Gorai.010G015800.1.D	3469	3363.5	365.226	4.3068
Gorai.010G015900.1.A	1875	1769.5	329.514	7.38596
Gorai.010G015900.1.D	1875	1769.5	35.4861	0.795411
Gorai.010G016000.1.A	1850	1744.5	0	0
Gorai.010G016000.1.D	1850	1744.5	0	0
Gorai.010G016100.1.A	2078	1972.5	1113.59	22.3919
Gorai.010G016100.1.D	2078	1972.5	547.413	11.0073
Gorai.010G016200.1.A	2248	2142.5	837.796	15.5096
Gorai.010G016200.1.D	2248	2142.5	855.204	15.8319
Gorai.010G016300.1.A	700	594.505	2	0.133432
Gorai.010G016300.1.D	700	594.505	6	0.400296
Gorai.010G016400.1.A	1382	1276.5	20.5556	0.638692
Gorai.010G016400.1.D	1382	1276.5	16.4444	0.510954
Gorai.010G016500.1.A	569	463.551	5	0.427816
Gorai.010G016500.1.D	569	463.551	5	0.427816
Gorai.010G016600.1.A	808	702.505	40.1714	2.26805
Gorai.010G016600.1.D	808	702.505	35.8286	2.02286
Gorai.010G016700.1.A	722	616.505	0	0
Gorai.010G016700.1.D	722	616.505	0	0
Gorai.010G016800.1.A	1060	954.505	2.21053	0.0918549
Gorai.010G016800.1.D	1060	954.505	18.7895	0.780767
Gorai.010G016900.1.A	2433	2327.5	390.621	6.65656
Gorai.010G016900.1.D	2433	2327.5	492.379	8.39062
Gorai.010G017000.1.A	1895	1789.5	56.2041	1.24572
Gorai.010G017000.1.D	1895	1789.5	51.7959	1.14802
Gorai.010G017100.1.A	655	549.505	2	0.144359
Gorai.010G017100.1.D	655	549.505	2	0.144359
Gorai.010G017200.1.A	1170	1064.5	2	0.0745191
Gorai.010G017200.1.D	1170	1064.5	0	0
Gorai.010G017300.1.A	1919	1813.5	33.2215	0.726583
Gorai.010G017300.1.D	1919	1813.5	131.779	2.88211
Gorai.010G017400.1.A	228	123.486	20.2105	6.49149
Gorai.010G017400.1.D	228	123.486	3.78947	1.21715
Gorai.010G017500.1.A	3744	3638.5	19.8333	0.216201
Gorai.010G017500.1.D	3744	3638.5	36.1667	0.394249
Gorai.010G017600.1.A	1602	1496.5	0	0
Gorai.010G017600.1.D	1602	1496.5	0	0
Gorai.010G017700.1.A	1300	1194.5	1477.89	49.0725
Gorai.010G017700.1.D	1300	1194.5	1445.86	48.009
Gorai.010G017800.1.A	1120	1014.5	993.117	38.8268
Gorai.010G017800.1.D	1120	1014.5	855.883	33.4615
Gorai.010G017900.1.A	937	831.505	2	0.0954004
Gorai.010G017900.1.D	937	831.505	0	0
Gorai.010G018000.1.A	867	761.505	133.052	6.93
Gorai.010G018000.1.D	867	761.505	119.948	6.2475
Gorai.010G018100.1.A	1696	1590.5	486.785	12.1391
Gorai.010G018100.1.D	1696	1590.5	572.876	14.286
Gorai.010G018200.1.A	2583	2477.5	235.685	3.77314
Gorai.010G018200.1.D	2583	2477.5	376.315	6.02451
Gorai.010G018300.1.A	1496	1390.5	6	0.171145
Gorai.010G018300.1.D	1496	1390.5	29	0.8272
Gorai.010G018400.1.A	3899	3793.5	374.23	3.91276
Gorai.010G018400.1.D	3899	3793.5	228.77	2.3919
Gorai.010G018500.1.A	291	185.705	0	0
Gorai.010G018500.1.D	291	185.705	0	0
Gorai.010G018600.1.A	294	188.687	0	0
Gorai.010G018600.1.D	294	188.687	0	0
Gorai.010G018700.1.A	291	185.705	0	0
Gorai.010G018700.1.D	291	185.705	0	0
Gorai.010G018800.1.A	294	188.687	0	0
Gorai.010G018800.1.D	294	188.687	0	0
Gorai.010G018900.1.A	261	155.894	0	0
Gorai.010G018900.1.D	261	155.894	0	0
Gorai.010G019000.1.A	246	141.071	0	0
Gorai.010G019000.1.D	246	141.071	0	0
Gorai.010G019100.1.A	348	242.63	0	0
Gorai.010G019100.1.D	348	242.63	2	0.326942
Gorai.010G019200.1.A	608	502.551	8.9769	0.708485
Gorai.010G019200.1.D	608	502.551	331.023	26.1254
Gorai.010G019300.1.A	309	203.687	0	0
Gorai.010G019300.1.D	309	203.687	0	0
Gorai.010G019400.1.A	576	470.551	6.6	0.556316
Gorai.010G019400.1.D	576	470.551	4.4	0.370878
Gorai.010G019500.1.A	2191	2085.5	6307.38	119.956
Gorai.010G019500.1.D	2191	2085.5	5655.62	107.561
Gorai.010G019600.1.A	2658	2552.5	0	0
Gorai.010G019600.1.D	2658	2552.5	1	0.0155388
Gorai.010G019700.1.A	2318	2212.5	22.7647	0.408096
Gorai.010G019700.1.D	2318	2212.5	20.2353	0.362752
Gorai.010G019800.1.A	824	718.505	4.00116	0.220872
Gorai.010G019800.1.D	824	718.505	3452	190.557
Gorai.010G019900.1.A	1275	1169.5	0	0
Gorai.010G019900.1.D	1275	1169.5	182	6.1724
Gorai.010G020000.1.A	1250	1144.5	106.344	3.68536
Gorai.010G020000.1.D	1250	1144.5	92.6561	3.21101
Gorai.010G020100.1.A	2816	2710.5	412.454	6.03546
Gorai.010G020100.1.D	2816	2710.5	357.546	5.23198
Gorai.010G020200.1.A	1064	958.505	163.839	6.77968
Gorai.010G020200.1.D	1064	958.505	97.1606	4.02051
Gorai.010G020300.1.A	2715	2609.5	46.2	0.702213
Gorai.010G020300.1.D	2715	2609.5	58.8	0.893726
Gorai.010G020400.1.A	2262	2156.5	475.486	8.74525
Gorai.010G020400.1.D	2262	2156.5	373.514	6.86976
Gorai.010G020500.1.A	1042	936.505	0	0
Gorai.010G020500.1.D	1042	936.505	0	0
Gorai.010G020600.1.A	1847	1741.5	50.2414	1.14425
Gorai.010G020600.1.D	1847	1741.5	73.7586	1.67986
Gorai.010G020700.1.A	1514	1408.5	2	0.0563192
Gorai.010G020700.1.D	1514	1408.5	0	0
Gorai.010G020800.1.A	700	594.505	0	0
Gorai.010G020800.1.D	700	594.505	0	0
Gorai.010G020900.1.A	1200	1094.5	72.5	2.62727
Gorai.010G020900.1.D	1200	1094.5	2.5	0.0905956
Gorai.010G021000.1.A	1365	1259.5	0	0
Gorai.010G021000.1.D	1365	1259.5	0	0
Gorai.010G021100.1.A	1695	1589.5	0	0
Gorai.010G021100.1.D	1695	1589.5	0	0
Gorai.010G021200.1.A	1176	1070.5	0	0
Gorai.010G021200.1.D	1176	1070.5	0	0
Gorai.010G021300.1.A	1497	1391.5	0	0
Gorai.010G021300.1.D	1497	1391.5	2.0687	0.0589656
Gorai.010G021400.1.A	1311	1205.5	6.23918	0.205279
Gorai.010G021400.1.D	1311	1205.5	0	0
Gorai.010G021500.1.A	2824	2718.5	664.276	9.69177
Gorai.010G021500.1.D	2824	2718.5	840.724	12.2662
Gorai.010G021600.1.A	2749	2643.5	227.429	3.41233
Gorai.010G021600.1.D	2749	2643.5	526.571	7.90063
Gorai.010G021700.1.A	1368	1262.5	427.79	13.4395
Gorai.010G021700.1.D	1368	1262.5	2.90236	0.0911806
Gorai.010G021800.1.A	2465	2359.5	937.871	15.7655
Gorai.010G021800.1.D	2465	2359.5	1236.13	20.7792
Gorai.010G021900.1.A	1146	1040.5	6.42857	0.24505
Gorai.010G021900.1.D	1146	1040.5	2.57143	0.0980201
Gorai.010G022000.1.A	1221	1115.5	79.1257	2.8134
Gorai.010G022000.1.D	1221	1115.5	104.48	3.71489
Gorai.010G022100.1.A	973	867.505	0	0
Gorai.010G022100.1.D	973	867.505	0	0
Gorai.010G022200.1.A	1573	1467.5	389.624	10.5306
Gorai.010G022200.1.D	1573	1467.5	184.376	4.98321
Gorai.010G022300.1.A	1710	1604.5	182	4.49899
Gorai.010G022300.1.D	1710	1604.5	0	0
Gorai.010G022400.1.A	3524	3418.5	4	0.0464097
Gorai.010G022400.1.D	3524	3418.5	19	0.220446
Gorai.010G022500.1.A	938	832.505	248.758	11.8515
Gorai.010G022500.1.D	938	832.505	173.242	8.25376
Gorai.010G022600.1.A	1587	1481.5	23.6667	0.633606
Gorai.010G022600.1.D	1587	1481.5	47.3333	1.26721
Gorai.010G022700.1.A	1499	1393.5	0	0
Gorai.010G022700.1.D	1499	1393.5	0	0
Gorai.010G022800.1.A	937	831.505	0	0
Gorai.010G022800.1.D	937	831.505	0	0
Gorai.010G022900.1.A	2223	2117.5	677.905	12.6978
Gorai.010G022900.1.D	2223	2117.5	329.095	6.16427
Gorai.010G023000.1.A	1473	1367.5	46.125	1.3378
Gorai.010G023000.1.D	1473	1367.5	76.875	2.22967
Gorai.010G023100.1.A	598	492.551	0	0
Gorai.010G023100.1.D	598	492.551	0	0
Gorai.010G023200.1.A	2088	1982.5	12.2222	0.244524
Gorai.010G023200.1.D	2088	1982.5	20.7778	0.41569
Gorai.010G023300.1.A	807	701.505	0	0
Gorai.010G023300.1.D	807	701.505	0	0
Gorai.010G023400.1.A	1196	1090.5	1305.39	47.4785
Gorai.010G023400.1.D	1196	1090.5	1168.61	42.5038
Gorai.010G023500.1.A	1912	1806.5	368.925	8.09999
Gorai.010G023500.1.D	1912	1806.5	312.075	6.85179
Gorai.010G023600.1.A	2755	2649.5	4	0.0598798
Gorai.010G023600.1.D	2755	2649.5	2	0.0299399
Gorai.010G023700.1.A	741	635.505	0	0
Gorai.010G023700.1.D	741	635.505	1	0.0624117
Gorai.010G023800.1.A	489	383.551	121.91	12.6067
Gorai.010G023800.1.D	489	383.551	188.09	19.4503
Gorai.010G023900.1.A	952	846.505	0	0
Gorai.010G023900.1.D	952	846.505	0	0
Gorai.010G024000.1.A	707	601.505	0	0
Gorai.010G024000.1.D	707	601.505	0	0
Gorai.010G024100.1.A	1674	1568.5	16.4	0.414709
Gorai.010G024100.1.D	1674	1568.5	24.6	0.622063
Gorai.010G024200.1.A	614	508.505	102.574	8.00065
Gorai.010G024200.1.D	614	508.505	122.426	9.54916
Gorai.010G024300.1.A	2496	2390.5	85.3911	1.4168
Gorai.010G024300.1.D	2496	2390.5	89.1594	1.47932
Gorai.010G024400.1.A	1790	1684.5	7.30834	0.17208
Gorai.010G024400.1.D	1790	1684.5	14.1412	0.332964
Gorai.010G024500.1.A	1880	1774.5	11.6364	0.260091
Gorai.010G024500.1.D	1880	1774.5	36.3636	0.812784
Gorai.010G024600.1.A	879	773.505	115.162	5.90518
Gorai.010G024600.1.D	879	773.505	133.838	6.86278
Gorai.010G024700.1.A	1688	1582.5	465.794	11.6744
Gorai.010G024700.1.D	1688	1582.5	686.758	17.2125
Gorai.010G024800.1.A	882	776.505	2	0.102158
Gorai.010G024800.1.D	882	776.505	0	0
Gorai.010G024900.1.A	901	795.505	163.454	8.14961
Gorai.010G024900.1.D	901	795.505	114.546	5.71115
Gorai.010G025000.1.A	2943	2837.5	393.882	5.50572
Gorai.010G025000.1.D	2943	2837.5	673.118	9.40892
Gorai.010G025100.1.A	1082	976.505	106.145	4.31133
Gorai.010G025100.1.D	1082	976.505	83.8547	3.40595
Gorai.010G025200.1.A	744	638.505	8.23529	0.511564
Gorai.010G025200.1.D	744	638.505	26.7647	1.66258
Gorai.010G025300.1.A	1087	981.505	1404	56.7362
Gorai.010G025300.1.D	1087	981.505	969.997	39.1979
Gorai.010G025400.1.A	750	644.505	0	0
Gorai.010G025400.1.D	750	644.505	0	0
Gorai.010G025500.1.A	3883	3777.5	120.171	1.26176
Gorai.010G025500.1.D	3883	3777.5	1579.83	16.5878
Gorai.010G025600.1.A	1283	1177.5	27.2609	0.918252
Gorai.010G025600.1.D	1283	1177.5	5.73913	0.193316
Gorai.010G025700.1.A	1504	1398.5	740.991	21.0152
Gorai.010G025700.1.D	1504	1398.5	42.0089	1.19141
Gorai.010G025800.1.A	1116	1010.5	0	0
Gorai.010G025800.1.D	1116	1010.5	0	0
Gorai.010G025900.1.A	678	572.505	0	0
Gorai.010G025900.1.D	678	572.505	2	0.138559
Gorai.010G026000.1.A	1250	1144.5	329.806	11.4295
Gorai.010G026000.1.D	1250	1144.5	177.194	6.14068
Gorai.010G026100.1.A	1267	1161.5	833.962	28.4781
Gorai.010G026100.1.D	1267	1161.5	482.038	16.4606
Gorai.010G026200.1.A	927	821.505	0	0
Gorai.010G026200.1.D	927	821.505	0	0
Gorai.010G026300.1.A	889	783.505	0	0
Gorai.010G026300.1.D	889	783.505	0	0
Gorai.010G026400.1.A	1809	1703.5	214.778	5.0007
Gorai.010G026400.1.D	1809	1703.5	177.277	4.12756
Gorai.010G026500.1.A	1709	1603.5	106.367	2.63099
Gorai.010G026500.1.D	1709	1603.5	485.633	12.0122
Gorai.010G026600.1.A	1858	1752.5	70.573	1.59722
Gorai.010G026600.1.D	1858	1752.5	121.427	2.74815
Gorai.010G026700.1.A	697	591.505	18.835	1.26296
Gorai.010G026700.1.D	697	591.505	369.165	24.7541
Gorai.010G026800.1.A	848	742.505	127.252	6.79754
Gorai.010G026800.1.D	848	742.505	7697.75	411.196
Gorai.010G026900.1.A	1908	1802.5	234.323	5.15613
Gorai.010G026900.1.D	1908	1802.5	644.563	14.1832
Gorai.010G027000.1.A	2348	2242.5	9.69231	0.171427
Gorai.010G027000.1.D	2348	2242.5	8.30769	0.146937
Gorai.010G027100.1.A	1295	1189.5	7.8	0.260084
Gorai.010G027100.1.D	1295	1189.5	5.2	0.173389
Gorai.010G027200.1.A	3745	3639.5	419.321	4.56972
Gorai.010G027200.1.D	3745	3639.5	442.679	4.82427
Gorai.010G027300.1.A	585	479.551	0	0
Gorai.010G027300.1.D	585	479.551	0	0
Gorai.010G027400.1.A	453	347.551	153.396	17.5057
Gorai.010G027400.1.D	453	347.551	244.604	27.9145
Gorai.010G027500.1.A	581	475.551	43	3.58638
Gorai.010G027500.1.D	581	475.551	116	9.67488
Gorai.010G027600.1.A	2513	2407.5	596.449	9.82632
Gorai.010G027600.1.D	2513	2407.5	1188.55	19.581
Gorai.010G027700.1.A	2136	2030.5	1	0.0195335
Gorai.010G027700.1.D	2136	2030.5	1	0.0195335
Gorai.010G027800.1.A	1066	960.505	6.09968	0.251879
Gorai.010G027800.1.D	1066	960.505	259.336	10.709
Gorai.010G027900.1.A	1661	1555.5	46.382	1.18267
Gorai.010G027900.1.D	1661	1555.5	49.618	1.26518
Gorai.010G028000.1.A	1957	1851.5	18.7	0.400591
Gorai.010G028000.1.D	1957	1851.5	36.3	0.777619
Gorai.010G028100.1.A	2947	2841.5	8.75	0.122136
Gorai.010G028100.1.D	2947	2841.5	1.25	0.017448
Gorai.010G028200.1.A	2467	2361.5	339.786	5.70692
Gorai.010G028200.1.D	2467	2361.5	207.214	3.48029
Gorai.010G028300.1.A	2484	2378.5	95.2752	1.58877
Gorai.010G028300.1.D	2484	2378.5	73.7248	1.2294
Gorai.010G028400.1.A	2016	1910.5	122.754	2.54842
Gorai.010G028400.1.D	2016	1910.5	108.246	2.24724
Gorai.010G028500.1.A	2558	2452.5	766.703	12.3994
Gorai.010G028500.1.D	2558	2452.5	766.891	12.4025
Gorai.010G028600.1.A	1656	1550.5	122.967	3.14557
Gorai.010G028600.1.D	1656	1550.5	76.4394	1.95537
Gorai.010G028700.1.A	2778	2672.5	5.03693	0.0747536
Gorai.010G028700.1.D	2778	2672.5	74.7276	1.10904
Gorai.010G028800.1.A	799	693.505	0	0
Gorai.010G028800.1.D	799	693.505	0	0
Gorai.010G028900.1.A	1604	1498.5	12.8571	0.340307
Gorai.010G028900.1.D	1604	1498.5	2.14286	0.0567179
Gorai.010G029000.1.A	1969	1863.5	6	0.127704
Gorai.010G029000.1.D	1969	1863.5	2	0.0425681
Gorai.010G029100.1.A	3441	3335.5	295.742	3.51671
Gorai.010G029100.1.D	3441	3335.5	850.258	10.1105
Gorai.010G029200.1.A	937	831.505	0	0
Gorai.010G029200.1.D	937	831.505	5.07228	0.241949
Gorai.010G029300.1.A	1379	1273.5	78.8788	2.45666
Gorai.010G029300.1.D	1379	1273.5	58.1212	1.81017
Gorai.010G029400.1.A	555	449.551	105.714	9.32694
Gorai.010G029400.1.D	555	449.551	264.286	23.3174
Gorai.010G029500.1.A	2393	2287.5	722.314	12.5242
Gorai.010G029500.1.D	2393	2287.5	1026.69	17.8017
Gorai.010G029600.1.A	1347	1241.5	10	0.319475
Gorai.010G029600.1.D	1347	1241.5	12	0.38337
Gorai.010G029700.1.A	2719	2613.5	264.294	4.01097
Gorai.010G029700.1.D	2719	2613.5	226.706	3.44052
Gorai.010G029800.1.A	2133	2027.5	44.9524	0.879378
Gorai.010G029800.1.D	2133	2027.5	14.0476	0.274806
Gorai.010G029900.1.A	1307	1201.5	0	0
Gorai.010G029900.1.D	1307	1201.5	0	0
Gorai.010G030000.1.A	1350	1244.5	7	0.223093
Gorai.010G030000.1.D	1350	1244.5	0	0
Gorai.010G030100.1.A	720	614.505	0	0
Gorai.010G030100.1.D	720	614.505	0	0
Gorai.010G030200.1.A	985	879.505	0	0
Gorai.010G030200.1.D	985	879.505	0	0
Gorai.010G030300.1.A	525	419.551	0	0
Gorai.010G030300.1.D	525	419.551	0	0
Gorai.010G030400.1.A	3288	3182.5	313.466	3.90667
Gorai.010G030400.1.D	3288	3182.5	321.534	4.00721
Gorai.010G030500.1.A	2978	2872.5	24.75	0.341743
Gorai.010G030500.1.D	2978	2872.5	2.25	0.0310675
Gorai.010G030600.1.A	3438	3332.5	93.3951	1.11157
Gorai.010G030600.1.D	3438	3332.5	76.6049	0.91174
Gorai.010G030700.1.A	2196	2090.5	2455.81	46.5938
Gorai.010G030700.1.D	2196	2090.5	269.192	5.10736
Gorai.010G030800.1.A	1239	1133.5	12.8	0.44789
Gorai.010G030800.1.D	1239	1133.5	3.2	0.111973
Gorai.010G030900.1.A	1741	1635.5	19.2	0.465623
Gorai.010G030900.1.D	1741	1635.5	4.8	0.116406
Gorai.010G031000.1.A	1966	1860.5	2046.67	43.6317
Gorai.010G031000.1.D	1966	1860.5	315.327	6.72226
Gorai.010G031100.1.A	3799	3693.5	77.7482	0.834905
Gorai.010G031100.1.D	3799	3693.5	3.51972	0.0377967
Gorai.010G031200.1.A	3679	3573.5	24.732	0.274505
Gorai.010G031200.1.D	3679	3573.5	19	0.210884
Gorai.010G031300.1.A	888	782.505	326.339	16.5412
Gorai.010G031300.1.D	888	782.505	129.661	6.57217
Gorai.010G031400.1.A	842	736.505	58	3.12347
Gorai.010G031400.1.D	842	736.505	0	0
Gorai.010G031500.1.A	667	561.505	132	9.32407
Gorai.010G031500.1.D	667	561.505	0	0
Gorai.010G031600.1.A	2206	2100.5	3916.98	73.9627
Gorai.010G031600.1.D	2206	2100.5	5231.02	98.7752
Gorai.010G031700.1.A	800	694.505	0	0
Gorai.010G031700.1.D	800	694.505	0	0
Gorai.010G031800.1.A	1253	1147.5	32.5	1.12335
Gorai.010G031800.1.D	1253	1147.5	32.5	1.12335
Gorai.010G031900.1.A	1393	1287.5	191.462	5.8982
Gorai.010G031900.1.D	1393	1287.5	54.5377	1.68009
Gorai.010G032000.1.A	687	581.505	0	0
Gorai.010G032000.1.D	687	581.505	0	0
Gorai.010G032100.1.A	775	669.505	0	0
Gorai.010G032100.1.D	775	669.505	0	0
Gorai.010G032200.1.A	2011	1905.5	219.224	4.56312
Gorai.010G032200.1.D	2011	1905.5	365.776	7.61361
Gorai.010G032300.1.A	2507	2401.5	6.5	0.107353
Gorai.010G032300.1.D	2507	2401.5	6.5	0.107353
Gorai.010G032400.1.A	390	284.583	3.75	0.522645
Gorai.010G032400.1.D	390	284.583	1.25	0.174215
Gorai.010G032500.1.A	2447	2341.5	152.105	2.57652
Gorai.010G032500.1.D	2447	2341.5	136.895	2.31887
Gorai.010G032600.1.A	765	659.505	26.7826	1.61072
Gorai.010G032600.1.D	765	659.505	1.21739	0.0732145
Gorai.010G032700.1.A	720	614.505	7	0.451812
Gorai.010G032700.1.D	720	614.505	0	0
Gorai.010G032800.1.A	1028	922.505	113.388	4.87512
Gorai.010G032800.1.D	1028	922.505	82.6116	3.55187
Gorai.010G032900.1.A	2234	2128.5	52.2955	0.974483
Gorai.010G032900.1.D	2234	2128.5	6.70455	0.124934
Gorai.010G033000.1.A	1948	1842.5	2	0.0430533
Gorai.010G033000.1.D	1948	1842.5	0	0
Gorai.010G033100.1.A	11664	11558.5	946.963	3.2495
Gorai.010G033100.1.D	11664	11558.5	917.037	3.14681
Gorai.010G033200.1.A	1857	1751.5	25.8462	0.585288
Gorai.010G033200.1.D	1857	1751.5	30.1538	0.682836
Gorai.010G033300.1.A	1011	905.505	312.174	13.6739
Gorai.010G033300.1.D	1011	905.505	496.826	21.762
Gorai.010G033400.1.A	1749	1643.5	100.852	2.43388
Gorai.010G033400.1.D	1749	1643.5	24.1477	0.582761
Gorai.010G033500.1.A	1524	1418.5	105.198	2.94145
Gorai.010G033500.1.D	1524	1418.5	144.802	4.04882
Gorai.010G033600.1.A	1822	1716.5	3.42857	0.0792233
Gorai.010G033600.1.D	1822	1716.5	4.57143	0.105631
Gorai.010G033700.1.A	8995	8889.5	62.066	0.276924
Gorai.010G033700.1.D	8995	8889.5	66.934	0.298644
Gorai.010G033800.1.A	1762	1656.5	16.6304	0.398195
Gorai.010G033800.1.D	1762	1656.5	34.3696	0.822936
Gorai.010G033900.1.A	3611	3505.5	306.47	3.46755
Gorai.010G033900.1.D	3611	3505.5	101.784	1.15163
Gorai.010G034000.1.A	336	230.63	0	0
Gorai.010G034000.1.D	336	230.63	0	0
Gorai.010G034100.1.A	330	224.63	2	0.35314
Gorai.010G034100.1.D	330	224.63	1	0.17657
Gorai.010G034200.1.A	2717	2611.5	177.634	2.69787
Gorai.010G034200.1.D	2717	2611.5	270.526	4.10868
Gorai.010G034300.1.A	1317	1211.5	0	0
Gorai.010G034300.1.D	1317	1211.5	84	2.75004
Gorai.010G034400.1.A	1836	1730.5	92.636	2.1232
Gorai.010G034400.1.D	1836	1730.5	153.364	3.51508
Gorai.010G034500.1.A	2779	2673.5	0	0
Gorai.010G034500.1.D	2779	2673.5	0	0
Gorai.010G034600.1.A	1733	1627.5	21.3058	0.519231
Gorai.010G034600.1.D	1733	1627.5	209.694	5.11033
Gorai.010G034700.1.A	1886	1780.5	459.139	10.2279
Gorai.010G034700.1.D	1886	1780.5	173.861	3.87296
Gorai.010G034800.1.A	3817	3711.5	34.2439	0.365947
Gorai.010G034800.1.D	3817	3711.5	69.7561	0.745448
Gorai.010G034900.1.A	2823	2717.5	279.391	4.07781
Gorai.010G034900.1.D	2823	2717.5	260.609	3.80368
Gorai.010G035000.1.A	1088	982.505	0	0
Gorai.010G035000.1.D	1088	982.505	0	0
Gorai.010G035100.1.A	1705	1599.5	145.122	3.5986
Gorai.010G035100.1.D	1705	1599.5	227.878	5.65069
Gorai.010G035200.1.A	1924	1818.5	567.778	12.3837
Gorai.010G035200.1.D	1924	1818.5	342.222	7.46412
Gorai.010G035300.1.A	1448	1342.5	2	0.059088
Gorai.010G035300.1.D	1448	1342.5	8	0.236352
Gorai.010G035400.1.A	3854	3748.5	263.936	2.7927
Gorai.010G035400.1.D	3854	3748.5	482.064	5.10072
Gorai.010G035500.1.A	528	422.551	1197.97	112.448
Gorai.010G035500.1.D	528	422.551	1253.02	117.615
Gorai.010G035600.1.A	2188	2082.5	611.239	11.6415
Gorai.010G035600.1.D	2188	2082.5	1778.76	33.8779
Gorai.010G035700.1.A	1084	978.505	883.777	35.8232
Gorai.010G035700.1.D	1084	978.505	1281.22	51.9334
Gorai.010G035800.1.A	1844	1738.5	9.94737	0.226943
Gorai.010G035800.1.D	1844	1738.5	11.0526	0.252159
Gorai.010G035900.1.A	1146	1040.5	840.17	32.0264
Gorai.010G035900.1.D	1146	1040.5	860.83	32.8139
Gorai.010G036000.1.A	3047	2941.5	340.06	4.58534
Gorai.010G036000.1.D	3047	2941.5	329.94	4.44887
Gorai.010G036100.1.A	2257	2151.5	62.1073	1.14495
Gorai.010G036100.1.D	2257	2151.5	436.893	8.05411
Gorai.010G036200.1.A	942	836.505	0	0
Gorai.010G036200.1.D	942	836.505	0	0
Gorai.010G036300.1.A	1316	1210.5	5	0.163828
Gorai.010G036300.1.D	1316	1210.5	4	0.131062
Gorai.010G036400.1.A	3123	3017.5	48.1463	0.632849
Gorai.010G036400.1.D	3123	3017.5	139.854	1.83828
Gorai.010G036500.1.A	474	368.551	1	0.107618
Gorai.010G036500.1.D	474	368.551	0	0
Gorai.010G036600.1.A	967	861.505	292.505	13.4667
Gorai.010G036600.1.D	967	861.505	392.495	18.0701
Gorai.010G036700.1.A	2109	2003.5	93.6709	1.85438
Gorai.010G036700.1.D	2109	2003.5	91.3291	1.80802
Gorai.010G036800.1.A	1852	1746.5	94.5	2.14609
Gorai.010G036800.1.D	1852	1746.5	94.5	2.14609
Gorai.010G036900.1.A	1044	938.505	8	0.338095
Gorai.010G036900.1.D	1044	938.505	0	0
Gorai.010G037000.1.A	786	680.505	0	0
Gorai.010G037000.1.D	786	680.505	1	0.0582846
Gorai.010G037100.1.A	2268	2162.5	5.32274	0.0976255
Gorai.010G037100.1.D	2268	2162.5	1066.68	19.5641
Gorai.010G037200.1.A	1286	1180.5	0	0
Gorai.010G037200.1.D	1286	1180.5	4	0.134393
Gorai.010G037300.1.A	1445	1339.5	72.5446	2.14806
Gorai.010G037300.1.D	1445	1339.5	52.4554	1.55321
Gorai.010G037400.1.A	897	791.505	3418.46	171.302
Gorai.010G037400.1.D	897	791.505	15649.5	784.211
Gorai.010G037500.1.A	644	538.505	0	0
Gorai.010G037500.1.D	644	538.505	0	0
Gorai.010G037600.1.A	681	575.505	288.759	19.9009
Gorai.010G037600.1.D	681	575.505	568.241	39.1623
Gorai.010G037700.1.A	3288	3182.5	77.8208	0.969865
Gorai.010G037700.1.D	3288	3182.5	35.1792	0.438432
Gorai.010G037800.1.A	1174	1068.5	22.4695	0.83407
Gorai.010G037800.1.D	1174	1068.5	36.2009	1.34378
Gorai.010G037900.1.A	751	645.505	137.043	8.42062
Gorai.010G037900.1.D	751	645.505	59.9565	3.68402
Gorai.010G038000.1.A	986	880.505	217.722	9.80743
Gorai.010G038000.1.D	986	880.505	16.2783	0.733266
Gorai.010G038100.1.A	2665	2559.5	275.488	4.26905
Gorai.010G038100.1.D	2665	2559.5	219.512	3.40163
Gorai.010G038200.1.A	1758	1652.5	14.6087	0.350634
Gorai.010G038200.1.D	1758	1652.5	33.3913	0.801448
Gorai.010G038300.1.A	1374	1268.5	87.5676	2.73802
Gorai.010G038300.1.D	1374	1268.5	72.4324	2.26478
Gorai.010G038400.1.A	1465	1359.5	408.615	11.9212
Gorai.010G038400.1.D	1465	1359.5	4903.38	143.054
Gorai.010G038500.1.A	1119	1013.5	2.38222	0.0932267
Gorai.010G038500.1.D	1119	1013.5	2.38222	0.0932267
Gorai.010G038600.1.A	1271	1165.5	29	0.98689
Gorai.010G038600.1.D	1271	1165.5	29	0.98689
Gorai.010G038700.1.A	1134	1028.5	305.5	11.7812
Gorai.010G038700.1.D	1134	1028.5	305.5	11.7812
Gorai.010G038800.1.A	564	458.551	0	0
Gorai.010G038800.1.D	564	458.551	0	0
Gorai.010G038900.1.A	1493	1387.5	10	0.285858
Gorai.010G038900.1.D	1493	1387.5	45	1.28636
Gorai.010G039000.1.A	1261	1155.5	154	5.28608
Gorai.010G039000.1.D	1261	1155.5	4	0.137301
Gorai.010G039100.1.A	1401	1295.5	37	1.13279
Gorai.010G039100.1.D	1401	1295.5	62	1.89818
Gorai.010G039200.1.A	822	716.505	10.3486	0.572861
Gorai.010G039200.1.D	822	716.505	228.887	12.6703
Gorai.010G039300.1.A	769	663.505	0	0
Gorai.010G039300.1.D	769	663.505	0	0
Gorai.010G039400.1.A	799	693.505	6	0.343152
Gorai.010G039400.1.D	799	693.505	1	0.057192
Gorai.010G039500.1.A	1660	1554.5	710.958	18.14
Gorai.010G039500.1.D	1660	1554.5	627.042	15.9989
Gorai.010G039600.1.A	1764	1658.5	0	0
Gorai.010G039600.1.D	1764	1658.5	7	0.167404
Gorai.010G039700.1.A	1726	1620.5	70.9385	1.73627
Gorai.010G039700.1.D	1726	1620.5	88.0615	2.15537
Gorai.010G039800.1.A	3200	3094.5	2881.27	36.9299
Gorai.010G039800.1.D	3200	3094.5	5169.67	66.2608
Gorai.010G039900.1.A	2111	2005.5	595.713	11.7814
Gorai.010G039900.1.D	2111	2005.5	491.277	9.716
Gorai.010G040000.1.A	1701	1595.5	3742.82	93.0433
Gorai.010G040000.1.D	1701	1595.5	2190.18	54.4462
Gorai.010G040100.1.A	1915	1809.5	87.3196	1.91398
Gorai.010G040100.1.D	1915	1809.5	111.447	2.44284
Gorai.010G040200.1.A	1036	930.505	51.8023	2.20808
Gorai.010G040200.1.D	1036	930.505	47.1977	2.01181
Gorai.010G040300.1.A	2206	2100.5	53.7528	1.01499
Gorai.010G040300.1.D	2206	2100.5	50.2472	0.948796
Gorai.010G040400.1.A	1548	1442.5	0	0
Gorai.010G040400.1.D	1548	1442.5	0	0
Gorai.010G040500.1.A	1602	1496.5	0	0
Gorai.010G040500.1.D	1602	1496.5	0	0
Gorai.010G040600.1.A	2808	2702.5	0	0
Gorai.010G040600.1.D	2808	2702.5	4	0.0587055
Gorai.010G040700.1.A	889	783.505	42.8276	2.16804
Gorai.010G040700.1.D	889	783.505	11.1724	0.565575
Gorai.010G040800.1.A	909	803.505	447.914	22.1101
Gorai.010G040800.1.D	909	803.505	202.744	10.0079
Gorai.010G040900.1.A	2949	2843.5	0	0
Gorai.010G040900.1.D	2949	2843.5	3	0.0418458
Gorai.010G041000.1.A	1029	923.505	15.619	0.670811
Gorai.010G041000.1.D	1029	923.505	15.619	0.670811
Gorai.010G041100.1.A	1731	1625.5	1	0.0244004
Gorai.010G041100.1.D	1731	1625.5	1	0.0244004
Gorai.010G041200.1.A	1065	959.505	10	0.413369
Gorai.010G041200.1.D	1065	959.505	8.44175	0.348956
Gorai.010G041300.1.A	972	866.505	5.83201	0.266952
Gorai.010G041300.1.D	972	866.505	5.83201	0.266952
Gorai.010G041400.1.A	945	839.505	420.345	19.8595
Gorai.010G041400.1.D	945	839.505	239.654	11.3226
Gorai.010G041500.1.A	2337	2231.5	0	0
Gorai.010G041500.1.D	2337	2231.5	2	0.0355482
Gorai.010G041600.1.A	410	304.583	0	0
Gorai.010G041600.1.D	410	304.583	0	0
Gorai.010G041700.1.A	993	887.505	1.52072e-07	6.79616e-09
Gorai.010G041700.1.D	993	887.505	13.4685	0.601913
Gorai.010G041800.1.A	2862	2756.5	0	0
Gorai.010G041800.1.D	2862	2756.5	0	0
Gorai.010G041900.1.A	2508	2402.5	63.6101	1.05014
Gorai.010G041900.1.D	2508	2402.5	42.7259	0.705362
Gorai.010G042000.1.A	1471	1365.5	777.186	22.5744
Gorai.010G042000.1.D	1471	1365.5	622.814	18.0905
Gorai.010G042100.1.A	612	506.551	1	0.0782999
Gorai.010G042100.1.D	612	506.551	0	0
Gorai.010G042200.1.A	2407	2301.5	7	0.120634
Gorai.010G042200.1.D	2407	2301.5	7	0.120634
Gorai.010G042300.1.A	2923	2817.5	1	0.0140773
Gorai.010G042300.1.D	2923	2817.5	1	0.0140773
Gorai.010G042400.1.A	1442	1336.5	67.4466	2.00159
Gorai.010G042400.1.D	1442	1336.5	305.553	9.06779
Gorai.010G042500.1.A	909	803.505	6.97337	0.344222
Gorai.010G042500.1.D	909	803.505	473.027	23.3497
Gorai.010G042600.1.A	1395	1289.5	1	0.0307583
Gorai.010G042600.1.D	1395	1289.5	2	0.0615166
Gorai.010G042700.1.A	493	387.551	21.4073	2.19088
Gorai.010G042700.1.D	493	387.551	21.4073	2.19088
Gorai.010G042800.1.A	5535	5429.5	505.664	3.69391
Gorai.010G042800.1.D	5535	5429.5	575.734	4.20578
Gorai.010G042900.1.A	992	886.505	27.8402	1.24559
Gorai.010G042900.1.D	992	886.505	4.40035	0.196875
Gorai.010G043000.1.A	685	579.505	0	0
Gorai.010G043000.1.D	685	579.505	0	0
Gorai.010G043100.1.A	1150	1044.5	3.55825	0.135117
Gorai.010G043100.1.D	1150	1044.5	0	0
Gorai.010G043200.1.A	2147	2041.5	168.619	3.27597
Gorai.010G043200.1.D	2147	2041.5	222.381	4.32049
Gorai.010G043300.1.A	2061	1955.5	265.681	5.38873
Gorai.010G043300.1.D	2061	1955.5	856.319	17.3685
Gorai.010G043400.1.A	898	792.505	2.63255	0.131753
Gorai.010G043400.1.D	898	792.505	7.44843	0.372776
Gorai.010G043500.1.A	2413	2307.5	61.3591	1.05468
Gorai.010G043500.1.D	2413	2307.5	15.5227	0.266815
Gorai.010G043600.1.A	2446	2340.5	16.1386	0.27349
Gorai.010G043600.1.D	2446	2340.5	91.9795	1.55871
Gorai.010G043700.1.A	1119	1013.5	0	0
Gorai.010G043700.1.D	1119	1013.5	0	0
Gorai.010G043800.1.A	1176	1070.5	0	0
Gorai.010G043800.1.D	1176	1070.5	0	0
Gorai.010G043900.1.A	682	576.505	53	3.64635
Gorai.010G043900.1.D	682	576.505	4	0.275196
Gorai.010G044000.1.A	1099	993.505	1081.6	43.1798
Gorai.010G044000.1.D	1099	993.505	330.402	13.1904
Gorai.010G044100.1.A	717	611.505	0	0
Gorai.010G044100.1.D	717	611.505	0	0
Gorai.010G044200.1.A	2764	2658.5	26.7541	0.399152
Gorai.010G044200.1.D	2764	2658.5	41.2459	0.615359
Gorai.010G044300.1.A	2285	2179.5	0	0
Gorai.010G044300.1.D	2285	2179.5	0	0
Gorai.010G044400.1.A	766	660.505	0.5	0.0300247
Gorai.010G044400.1.D	766	660.505	0.5	0.0300247
Gorai.010G044500.1.A	1070	964.505	117.204	4.81974
Gorai.010G044500.1.D	1070	964.505	174.796	7.18806
Gorai.010G044600.1.A	860	754.505	0	0
Gorai.010G044600.1.D	860	754.505	0	0
Gorai.010G044700.1.A	869	763.505	0	0
Gorai.010G044700.1.D	869	763.505	0	0
Gorai.010G044800.1.A	1392	1286.5	0	0
Gorai.010G044800.1.D	1392	1286.5	0	0
Gorai.010G044900.1.A	1937	1831.5	47.5152	1.02898
Gorai.010G044900.1.D	1937	1831.5	50.4848	1.0933
Gorai.010G045000.1.A	1047	941.505	100.037	4.21426
Gorai.010G045000.1.D	1047	941.505	23.7228	0.999374
Gorai.010G045100.1.A	6883	6777.5	486.04	2.84438
Gorai.010G045100.1.D	6883	6777.5	352.562	2.06325
Gorai.010G045200.1.A	940	834.505	178	8.46011
Gorai.010G045200.1.D	940	834.505	0	0
Gorai.010G045300.1.A	654	548.505	687.886	49.7417
Gorai.010G045300.1.D	654	548.505	16.1144	1.16525
Gorai.010G045400.1.A	2135	2029.5	170.354	3.32925
Gorai.010G045400.1.D	2135	2029.5	145.646	2.84639
Gorai.010G045500.1.A	2030	1924.5	1200.46	24.7409
Gorai.010G045500.1.D	2030	1924.5	16277.5	335.471
Gorai.010G045600.1.A	1789	1683.5	51.2349	1.20708
Gorai.010G045600.1.D	1789	1683.5	137.765	3.24571
Gorai.010G045700.1.A	1886	1780.5	121.045	2.69643
Gorai.010G045700.1.D	1886	1780.5	67.9551	1.51378
Gorai.010G045800.1.A	1523	1417.5	0	0
Gorai.010G045800.1.D	1523	1417.5	6	0.167885
Gorai.010G045900.1.A	1487	1381.5	88.2474	2.53358
Gorai.010G045900.1.D	1487	1381.5	125.753	3.61035
Gorai.010G046000.1.A	2479	2373.5	108.771	1.81763
Gorai.010G046000.1.D	2479	2373.5	138.229	2.30991
Gorai.010G046100.1.A	894	788.505	1.01403	0.0510072
Gorai.010G046100.1.D	894	788.505	2.16453e-06	1.08879e-07
Gorai.010G046200.1.A	828	722.505	0	0
Gorai.010G046200.1.D	828	722.505	0	0
Gorai.010G046300.1.A	942	836.505	80.3029	3.80757
Gorai.010G046300.1.D	942	836.505	4.61068e-08	2.18616e-09
Gorai.010G046400.1.A	1044	938.505	2	0.0845237
Gorai.010G046400.1.D	1044	938.505	10	0.422618
Gorai.010G046500.1.A	2243	2137.5	1190.35	22.0878
Gorai.010G046500.1.D	2243	2137.5	1369.65	25.4148
Gorai.010G046600.1.A	1856	1750.5	117.529	2.66298
Gorai.010G046600.1.D	1856	1750.5	104.471	2.36709
Gorai.010G046700.1.A	2306	2200.5	209.859	3.78261
Gorai.010G046700.1.D	2306	2200.5	212.141	3.82372
Gorai.010G046800.1.A	1183	1077.5	15.4286	0.567926
Gorai.010G046800.1.D	1183	1077.5	11.5714	0.425944
Gorai.010G046900.1.A	1908	1802.5	95.281	2.0966
Gorai.010G046900.1.D	1908	1802.5	97.109	2.13682
Gorai.010G047000.1.A	5576	5470.5	175.061	1.26925
Gorai.010G047000.1.D	5576	5470.5	322.939	2.34141
Gorai.010G047100.1.A	737	631.505	544.079	34.172
Gorai.010G047100.1.D	737	631.505	438.921	27.5673
Gorai.010G047200.1.A	2287	2181.5	81.4638	1.48113
Gorai.010G047200.1.D	2287	2181.5	149.536	2.71879
Gorai.010G047300.1.A	548	442.551	19	1.70284
Gorai.010G047300.1.D	548	442.551	25	2.24058
Gorai.010G047400.1.A	939	833.505	117.914	5.61103
Gorai.010G047400.1.D	939	833.505	140.086	6.66609
Gorai.010G047500.1.A	1196	1090.5	0	0
Gorai.010G047500.1.D	1196	1090.5	0	0
Gorai.010G047600.1.A	1137	1031.5	142.328	5.47271
Gorai.010G047600.1.D	1137	1031.5	117.672	4.52469
Gorai.010G047700.1.A	852	746.505	0	0
Gorai.010G047700.1.D	852	746.505	0	0
Gorai.010G047800.1.A	3422	3316.5	453.29	5.42102
Gorai.010G047800.1.D	3422	3316.5	365.71	4.37362
Gorai.010G047900.1.A	2891	2785.5	68.4643	0.974866
Gorai.010G047900.1.D	2891	2785.5	73.5357	1.04708
Gorai.010G048000.1.A	1785	1679.5	3.2093	0.0757904
Gorai.010G048000.1.D	1785	1679.5	42.7907	1.01054
Gorai.010G048100.1.A	766	660.505	1469.73	88.2567
Gorai.010G048100.1.D	766	660.505	1702.27	102.22
Gorai.010G048200.1.A	1871	1765.5	88.2143	1.98178
Gorai.010G048200.1.D	1871	1765.5	6.78571	0.152444
Gorai.010G048300.1.A	522	416.551	92.1062	8.77012
Gorai.010G048300.1.D	522	416.551	774.894	73.7834
Gorai.010G048400.1.A	2726	2620.5	124.953	1.89124
Gorai.010G048400.1.D	2726	2620.5	49.047	0.742356
Gorai.010G048500.1.A	3978	3872.5	121.767	1.24717
Gorai.010G048500.1.D	3978	3872.5	186.233	1.90743
Gorai.010G048600.1.A	939	833.505	217.166	10.334
Gorai.010G048600.1.D	939	833.505	183.834	8.74787
Gorai.010G048700.1.A	2079	1973.5	477.085	9.58831
Gorai.010G048700.1.D	2079	1973.5	327.915	6.59035
Gorai.010G048800.1.A	1649	1543.5	47.9216	1.23143
Gorai.010G048800.1.D	1649	1543.5	4.07843	0.104802
Gorai.010G048900.1.A	936	830.505	0	0
Gorai.010G048900.1.D	936	830.505	0	0
Gorai.010G049000.1.A	1378	1272.5	419.674	13.0809
Gorai.010G049000.1.D	1378	1272.5	311.326	9.70379
Gorai.010G049100.1.A	457	351.551	4.8	0.541549
Gorai.010G049100.1.D	457	351.551	1.2	0.135387
Gorai.010G049200.1.A	1522	1416.5	1260.57	35.2967
Gorai.010G049200.1.D	1522	1416.5	575.429	16.1123
Gorai.010G049300.1.A	1424	1318.5	1	0.0300818
Gorai.010G049300.1.D	1424	1318.5	1	0.0300818
Gorai.010G049400.1.A	1519	1413.5	327.6	9.19246
Gorai.010G049400.1.D	1519	1413.5	218.4	6.1283
Gorai.010G049500.1.A	1459	1353.5	0.5	0.0146519
Gorai.010G049500.1.D	1459	1353.5	0.5	0.0146519
Gorai.010G049600.1.A	2189	2083.5	65.8696	1.25394
Gorai.010G049600.1.D	2189	2083.5	35.1304	0.668766
Gorai.010G049700.1.A	2191	2085.5	168.754	3.20942
Gorai.010G049700.1.D	2191	2085.5	44.2464	0.841495
Gorai.010G049800.1.A	4216	4110.5	111.634	1.07717
Gorai.010G049800.1.D	4216	4110.5	93.3663	0.900907
Gorai.010G049900.1.A	1333	1227.5	88.7231	2.86681
Gorai.010G049900.1.D	1333	1227.5	69.2769	2.23847
Gorai.010G050000.1.A	1322	1216.5	174.117	5.67691
Gorai.010G050000.1.D	1322	1216.5	152.883	4.9846
Gorai.010G050100.1.A	1754	1648.5	27.027	0.650269
Gorai.010G050100.1.D	1754	1648.5	12.973	0.312129
Gorai.010G050200.1.A	2729	2623.5	278.923	4.21684
Gorai.010G050200.1.D	2729	2623.5	1446.08	21.8622
Gorai.010G050300.1.A	1097	991.505	290.927	11.6379
Gorai.010G050300.1.D	1097	991.505	90.0734	3.60319
Gorai.010G050400.1.A	2620	2514.5	31.0531	0.489821
Gorai.010G050400.1.D	2620	2514.5	89.9469	1.41879
Gorai.010G050500.1.A	977	871.505	13	0.591641
Gorai.010G050500.1.D	977	871.505	121	5.50682
Gorai.010G050600.1.A	585	479.551	0	0
Gorai.010G050600.1.D	585	479.551	0	0
Gorai.010G050700.1.A	770	664.505	0	0
Gorai.010G050700.1.D	770	664.505	0	0
Gorai.010G050800.1.A	684	578.505	1	0.0685611
Gorai.010G050800.1.D	684	578.505	0	0
Gorai.010G050900.1.A	4157	4051.5	1337.58	13.0945
Gorai.010G050900.1.D	4157	4051.5	2168.43	21.2283
Gorai.010G051000.1.A	1581	1475.5	26.9608	0.724731
Gorai.010G051000.1.D	1581	1475.5	248.039	6.66753
Gorai.010G051100.1.A	1994	1888.5	0	0
Gorai.010G051100.1.D	1994	1888.5	5	0.105011
Gorai.010G051200.1.A	893	787.505	8.94642	0.45059
Gorai.010G051200.1.D	893	787.505	8.94642	0.45059
Gorai.010G051300.1.A	1419	1313.5	1789.52	54.0367
Gorai.010G051300.1.D	1419	1313.5	2562.48	77.3774
Gorai.010G051400.1.A	1780	1674.5	16.5797	0.392713
Gorai.010G051400.1.D	1780	1674.5	71.4203	1.69169
Gorai.010G051500.1.A	1986	1880.5	134.936	2.84602
Gorai.010G051500.1.D	1986	1880.5	1138.06	24.0036
Gorai.010G051600.1.A	1798	1692.5	4.8	0.112485
Gorai.010G051600.1.D	1798	1692.5	1.2	0.0281214
Gorai.010G051700.1.A	6902	6796.5	82.6543	0.482353
Gorai.010G051700.1.D	6902	6796.5	432.346	2.52308
Gorai.010G051800.1.A	461	355.551	19.22	2.14405
Gorai.010G051800.1.D	461	355.551	19.22	2.14405
Gorai.010G051900.1.A	1610	1504.5	14.6667	0.386654
Gorai.010G051900.1.D	1610	1504.5	17.3333	0.456955
Gorai.010G052000.1.A	872	766.505	0	0
Gorai.010G052000.1.D	872	766.505	0	0
Gorai.010G052100.1.A	1076	970.505	29.8092	1.21826
Gorai.010G052100.1.D	1076	970.505	161.191	6.5876
Gorai.010G052200.1.A	2655	2549.5	0	0
Gorai.010G052200.1.D	2655	2549.5	1	0.0155571
Gorai.010G052300.1.A	1792	1686.5	0.5	0.0117589
Gorai.010G052300.1.D	1792	1686.5	0.5	0.0117589
Gorai.010G052400.1.A	385	279.583	0	0
Gorai.010G052400.1.D	385	279.583	0	0
Gorai.010G052500.1.A	1911	1805.5	0	0
Gorai.010G052500.1.D	1911	1805.5	0	0
Gorai.010G052600.1.A	2571	2465.5	17.7391	0.285372
Gorai.010G052600.1.D	2571	2465.5	6.26087	0.10072
Gorai.010G052700.1.A	919	813.505	7	0.341289
Gorai.010G052700.1.D	919	813.505	1	0.0487556
Gorai.010G052800.1.A	1524	1418.5	177.136	4.95293
Gorai.010G052800.1.D	1524	1418.5	255.864	7.15423
Gorai.010G052900.1.A	1881	1775.5	67.28	1.50297
Gorai.010G052900.1.D	1881	1775.5	106.72	2.38401
Gorai.010G053000.1.A	3232	3126.5	1005.54	12.7564
Gorai.010G053000.1.D	3232	3126.5	845.457	10.7255
Gorai.010G053100.1.A	1748	1642.5	356.815	8.6163
Gorai.010G053100.1.D	1748	1642.5	14.1853	0.342544
Gorai.010G053200.1.A	2485	2379.5	100.861	1.68121
Gorai.010G053200.1.D	2485	2379.5	46.1387	0.769066
Gorai.010G053300.1.A	2482	2376.5	14.7368	0.245952
Gorai.010G053300.1.D	2482	2376.5	5.26316	0.0878401
Gorai.010G053400.1.A	1966	1860.5	109.326	2.33066
Gorai.010G053400.1.D	1966	1860.5	63.6736	1.35742
Gorai.010G053500.1.A	1012	906.505	0	0
Gorai.010G053500.1.D	1012	906.505	6.02972	0.263823
Gorai.010G053600.1.A	3059	2953.5	28.7143	0.385607
Gorai.010G053600.1.D	3059	2953.5	38.2857	0.514143
Gorai.010G053700.1.A	1295	1189.5	1151.32	38.3897
Gorai.010G053700.1.D	1295	1189.5	1396.68	46.5711
Gorai.010G053800.1.A	1147	1041.5	33.7812	1.28647
Gorai.010G053800.1.D	1147	1041.5	13.2188	0.503401
Gorai.010G053900.1.A	7246	7140.5	118.224	0.656691
Gorai.010G053900.1.D	7246	7140.5	59.7761	0.332035
Gorai.010G054000.1.A	1697	1591.5	283.04	7.05383
Gorai.010G054000.1.D	1697	1591.5	204.96	5.10794
Gorai.010G054100.1.A	2599	2493.5	32.8788	0.522987
Gorai.010G054100.1.D	2599	2493.5	2.12121	0.0337411
Gorai.010G054200.1.A	1356	1250.5	454.154	14.4046
Gorai.010G054200.1.D	1356	1250.5	9.69019	0.307349
Gorai.010G054300.1.A	843	737.505	0	0
Gorai.010G054300.1.D	843	737.505	35.156	1.89069
Gorai.010G054400.1.A	2707	2601.5	44.08	0.67205
Gorai.010G054400.1.D	2707	2601.5	42.92	0.654365
Gorai.010G054500.1.A	2332	2226.5	3005.94	53.5479
Gorai.010G054500.1.D	2332	2226.5	3479.06	61.9759
Gorai.010G054600.1.A	2364	2258.5	26.4	0.463626
Gorai.010G054600.1.D	2364	2258.5	17.6	0.309084
Gorai.010G054700.1.A	219	114.772	0	0
Gorai.010G054700.1.D	219	114.772	0	0
Gorai.010G054800.1.A	2552	2446.5	4160.9	67.4569
Gorai.010G054800.1.D	2552	2446.5	3885.9	62.9986
Gorai.010G054900.1.A	3059	2953.5	275.241	3.69624
Gorai.010G054900.1.D	3059	2953.5	225.759	3.03175
Gorai.010G055000.1.A	570	464.551	5	0.426895
Gorai.010G055000.1.D	570	464.551	0	0
Gorai.010G055100.1.A	727	621.505	12	0.765811
Gorai.010G055100.1.D	727	621.505	16	1.02108
Gorai.010G055200.1.A	597	491.551	0	0
Gorai.010G055200.1.D	597	491.551	0	0
Gorai.010G055300.1.A	321	215.63	0	0
Gorai.010G055300.1.D	321	215.63	0	0
Gorai.010G055400.1.A	333	227.63	0	0
Gorai.010G055400.1.D	333	227.63	0	0
Gorai.010G055500.1.A	528	422.551	0	0
Gorai.010G055500.1.D	528	422.551	0	0
Gorai.010G055600.1.A	333	227.63	0	0
Gorai.010G055600.1.D	333	227.63	0	0
Gorai.010G055700.1.A	324	218.63	0	0
Gorai.010G055700.1.D	324	218.63	0	0
Gorai.010G055800.1.A	330	224.63	0	0
Gorai.010G055800.1.D	330	224.63	0	0
Gorai.010G055900.1.A	1116	1010.5	0	0
Gorai.010G055900.1.D	1116	1010.5	17.6001	0.690815
Gorai.010G056000.1.A	834	728.505	14.5263	0.790875
Gorai.010G056000.1.D	834	728.505	8.47368	0.461344
Gorai.010G056100.1.A	1359	1253.5	251.237	7.94954
Gorai.010G056100.1.D	1359	1253.5	255.763	8.09277
Gorai.010G056200.1.A	441	335.583	37.4	4.42035
Gorai.010G056200.1.D	441	335.583	13.6	1.6074
Gorai.010G056300.1.A	4495	4389.5	111.769	1.00993
Gorai.010G056300.1.D	4495	4389.5	26.2314	0.237023
Gorai.010G056400.1.A	1023	917.505	146.973	6.35351
Gorai.010G056400.1.D	1023	917.505	2.02721	0.0876346
Gorai.010G056500.1.A	1880	1774.5	12.5692	0.28094
Gorai.010G056500.1.D	1880	1774.5	4.66998	0.104381
Gorai.010G056600.1.A	2670	2564.5	145.567	2.25135
Gorai.010G056600.1.D	2670	2564.5	151.194	2.33839
Gorai.010G056700.1.A	649	543.505	2	0.145953
Gorai.010G056700.1.D	649	543.505	17	1.2406
Gorai.010G056800.1.A	1129	1023.5	675.474	26.176
Gorai.010G056800.1.D	1129	1023.5	750.526	29.0845
Gorai.010G056900.1.A	1807	1701.5	18.9245	0.44114
Gorai.010G056900.1.D	1807	1701.5	630.075	14.6874
Gorai.010G057000.1.A	2059	1953.5	380.651	7.72854
Gorai.010G057000.1.D	2059	1953.5	147.349	2.99169
Gorai.010G057100.1.A	2777	2671.5	539.198	8.00529
Gorai.010G057100.1.D	2777	2671.5	666.903	9.90128
Gorai.010G057200.1.A	521	415.551	0	0
Gorai.010G057200.1.D	521	415.551	0	0
Gorai.010G057300.1.A	1122	1016.5	1	0.0390189
Gorai.010G057300.1.D	1122	1016.5	0	0
Gorai.010G057400.1.A	2003	1897.5	270.933	5.66323
Gorai.010G057400.1.D	2003	1897.5	110.067	2.30069
Gorai.010G057500.1.A	285	179.772	0	0
Gorai.010G057500.1.D	285	179.772	0	0
Gorai.010G057600.1.A	936	830.505	342.353	16.35
Gorai.010G057600.1.D	936	830.505	142.647	6.81249
Gorai.010G057700.1.A	1148	1042.5	0	0
Gorai.010G057700.1.D	1148	1042.5	39	1.48379
Gorai.010G057800.1.A	691	585.505	0	0
Gorai.010G057800.1.D	691	585.505	32.0003	2.16775
Gorai.010G057900.1.A	1406	1300.5	219.5	6.69434
Gorai.010G057900.1.D	1406	1300.5	219.5	6.69434
Gorai.010G058000.1.A	834	728.505	0	0
Gorai.010G058000.1.D	834	728.505	0	0
Gorai.010G058100.1.A	1053	947.505	1	0.0418604
Gorai.010G058100.1.D	1053	947.505	1	0.0418604
Gorai.010G058200.1.A	1846	1740.5	5	0.113941
Gorai.010G058200.1.D	1846	1740.5	5	0.113941
Gorai.010G058300.1.A	281	175.788	5.5	1.24096
Gorai.010G058300.1.D	281	175.788	5.5	1.24096
Gorai.010G058400.1.A	876	770.505	0	0
Gorai.010G058400.1.D	876	770.505	0	0
Gorai.010G058500.1.A	1980	1874.5	22.5	0.476081
Gorai.010G058500.1.D	1980	1874.5	22.5	0.476081
Gorai.010G058600.1.A	938	832.505	0	0
Gorai.010G058600.1.D	938	832.505	0	0
Gorai.010G058700.1.A	1077	971.505	0	0
Gorai.010G058700.1.D	1077	971.505	0	0
Gorai.010G058800.1.A	1029	923.505	0	0
Gorai.010G058800.1.D	1029	923.505	0	0
Gorai.010G058900.1.A	1135	1029.5	112.933	4.35088
Gorai.010G058900.1.D	1135	1029.5	88.067	3.39289
Gorai.010G059000.1.A	3219	3113.5	438.056	5.5804
Gorai.010G059000.1.D	3219	3113.5	1166.94	14.8657
Gorai.010G059100.1.A	1569	1463.5	0	0
Gorai.010G059100.1.D	1569	1463.5	0	0
Gorai.010G059200.1.A	2234	2128.5	0	0
Gorai.010G059200.1.D	2234	2128.5	3.30159	0.0615225
Gorai.010G059300.1.A	1784	1678.5	593.215	14.0176
Gorai.010G059300.1.D	1784	1678.5	1197.48	28.2964
Gorai.010G059400.1.A	1932	1826.5	96.8292	2.10267
Gorai.010G059400.1.D	1932	1826.5	202.171	4.39018
Gorai.010G059500.1.A	1470	1364.5	0	0
Gorai.010G059500.1.D	1470	1364.5	0	0
Gorai.010G059600.1.A	2559	2453.5	7552.72	122.096
Gorai.010G059600.1.D	2559	2453.5	5587.28	90.323
Gorai.010G059700.1.A	3190	3084.5	26.4742	0.340426
Gorai.010G059700.1.D	3190	3084.5	80.5258	1.03546
Gorai.010G059800.1.A	2843	2737.5	4979.19	72.1421
Gorai.010G059800.1.D	2843	2737.5	12798.8	185.439
Gorai.010G059900.1.A	1941	1835.5	126.976	2.74379
Gorai.010G059900.1.D	1941	1835.5	1.024	0.0221273
Gorai.010G060000.1.A	3342	3236.5	102.935	1.26146
Gorai.010G060000.1.D	3342	3236.5	189.065	2.31696
Gorai.010G060100.1.A	2037	1931.5	416.991	8.5628
Gorai.010G060100.1.D	2037	1931.5	1515.88	31.1282
Gorai.010G060200.1.A	2782	2676.5	218.109	3.23214
Gorai.010G060200.1.D	2782	2676.5	409.016	6.06119
Gorai.010G060300.1.A	2949	2843.5	789.763	11.0161
Gorai.010G060300.1.D	2949	2843.5	642.237	8.95831
Gorai.010G060400.1.A	2447	2341.5	244.554	4.14253
Gorai.010G060400.1.D	2447	2341.5	230.446	3.90354
Gorai.010G060500.1.A	1546	1440.5	3617.01	99.5911
Gorai.010G060500.1.D	1546	1440.5	2478.99	68.2565
Gorai.010G060600.1.A	1602	1496.5	0	0
Gorai.010G060600.1.D	1602	1496.5	1	0.0265037
Gorai.010G060700.1.A	582	476.551	1	0.0832291
Gorai.010G060700.1.D	582	476.551	0	0
Gorai.010G060800.1.A	2268	2162.5	1784.32	32.7266
Gorai.010G060800.1.D	2268	2162.5	1878.68	34.4573
Gorai.010G060900.1.A	1861	1755.5	661.621	14.9483
Gorai.010G060900.1.D	1861	1755.5	853.379	19.2808
Gorai.010G061000.1.A	4382	4276.5	1.5	0.0139119
Gorai.010G061000.1.D	4382	4276.5	1.5	0.0139119
Gorai.010G061100.1.A	3322	3216.5	214.589	2.64611
Gorai.010G061100.1.D	3322	3216.5	186.411	2.29864
Gorai.010G061200.1.A	1410	1304.5	135.458	4.11853
Gorai.010G061200.1.D	1410	1304.5	12.5424	0.381346
Gorai.010G061300.1.A	801	695.505	0	0
Gorai.010G061300.1.D	801	695.505	0	0
Gorai.010G061400.1.A	2394	2288.5	172.671	2.99263
Gorai.010G061400.1.D	2394	2288.5	133.329	2.31077
Gorai.010G061500.1.A	2584	2478.5	58.8196	0.941277
Gorai.010G061500.1.D	2584	2478.5	22.972	0.367616
Gorai.010G061600.1.A	2582	2476.5	51.6819	0.827721
Gorai.010G061600.1.D	2582	2476.5	18.5265	0.296715
Gorai.010G061700.1.A	507	401.551	0	0
Gorai.010G061700.1.D	507	401.551	0	0
Gorai.010G061800.1.A	405	299.583	2	0.264788
Gorai.010G061800.1.D	405	299.583	2	0.264788
Gorai.010G061900.1.A	2399	2293.5	1020.76	17.6527
Gorai.010G061900.1.D	2399	2293.5	924.236	15.9834
Gorai.010G062000.1.A	1046	940.505	19.3048	0.814122
Gorai.010G062000.1.D	1046	940.505	170.695	7.19855
Gorai.010G062100.1.A	1109	1003.5	68.9887	2.72674
Gorai.010G062100.1.D	1109	1003.5	9.41658	0.372185
Gorai.010G062200.1.A	4102	3996.5	396.993	3.93992
Gorai.010G062200.1.D	4102	3996.5	633.007	6.28222
Gorai.010G062300.1.A	1877	1771.5	470.016	10.5234
Gorai.010G062300.1.D	1877	1771.5	447.984	10.0301
Gorai.010G062400.1.A	2360	2254.5	327.135	5.75521
Gorai.010G062400.1.D	2360	2254.5	181.865	3.1995
Gorai.010G062500.1.A	626	520.505	0	0
Gorai.010G062500.1.D	626	520.505	0	0
Gorai.010G062600.1.A	775	669.505	0	0
Gorai.010G062600.1.D	775	669.505	1	0.0592422
Gorai.010G062700.1.A	2173	2067.5	19.475	0.373608
Gorai.010G062700.1.D	2173	2067.5	62.525	1.19948
Gorai.010G062800.1.A	1303	1197.5	96.8212	3.20685
Gorai.010G062800.1.D	1303	1197.5	73.1788	2.42378
Gorai.010G062900.1.A	1379	1273.5	0	0
Gorai.010G062900.1.D	1379	1273.5	0	0
Gorai.010G063000.1.A	2770	2664.5	211.951	3.15503
Gorai.010G063000.1.D	2770	2664.5	270.049	4.01986
Gorai.010G063100.1.A	576	470.551	0.5	0.0421452
Gorai.010G063100.1.D	576	470.551	0.5	0.0421452
Gorai.010G063200.1.A	1270	1164.5	339.533	11.5645
Gorai.010G063200.1.D	1270	1164.5	546.467	18.6126
Gorai.010G063300.1.A	2103	1997.5	203.871	4.04811
Gorai.010G063300.1.D	2103	1997.5	276.129	5.48289
Gorai.010G063400.1.A	1350	1244.5	0	0
Gorai.010G063400.1.D	1350	1244.5	0	0
Gorai.010G063500.1.A	1014	908.505	240.046	10.4798
Gorai.010G063500.1.D	1014	908.505	425.954	18.596
Gorai.010G063600.1.A	641	535.505	0	0
Gorai.010G063600.1.D	641	535.505	43.1333	3.19473
Gorai.010G063700.1.A	1328	1222.5	0	0
Gorai.010G063700.1.D	1328	1222.5	1	0.032444
Gorai.010G063800.1.A	2347	2241.5	347.122	6.14224
Gorai.010G063800.1.D	2347	2241.5	554.878	9.81845
Gorai.010G063900.1.A	958	852.505	63.3535	2.94754
Gorai.010G063900.1.D	958	852.505	132.646	6.1714
Gorai.010G064000.1.A	2054	1948.5	31.7603	0.646499
Gorai.010G064000.1.D	2054	1948.5	17.5981	0.358219
Gorai.010G064100.1.A	1756	1650.5	173.398	4.1669
Gorai.010G064100.1.D	1756	1650.5	289.243	6.95075
Gorai.010G064200.1.A	2183	2077.5	0	0
Gorai.010G064200.1.D	2183	2077.5	13	0.248191
Gorai.010G064300.1.A	1267	1161.5	189.822	6.48202
Gorai.010G064300.1.D	1267	1161.5	257.178	8.78209
Gorai.010G064400.1.A	832	726.505	61.4455	3.35457
Gorai.010G064400.1.D	832	726.505	45.5545	2.48701
Gorai.010G064500.1.A	1078	972.505	109.6	4.46996
Gorai.010G064500.1.D	1078	972.505	164.4	6.70494
Gorai.010G064600.1.A	1448	1342.5	9.45745	0.279411
Gorai.010G064600.1.D	1448	1342.5	117.543	3.47268
Gorai.010G064700.1.A	1960	1854.5	136.093	2.91067
Gorai.010G064700.1.D	1960	1854.5	72.907	1.55929
Gorai.010G064800.1.A	402	296.583	0	0
Gorai.010G064800.1.D	402	296.583	0	0
Gorai.010G064900.1.A	1626	1520.5	811.683	21.1731
Gorai.010G064900.1.D	1626	1520.5	582.317	15.19
Gorai.010G065000.1.A	774	668.505	16	0.949293
Gorai.010G065000.1.D	774	668.505	1	0.0593308
Gorai.010G065100.1.A	724	618.505	0	0
Gorai.010G065100.1.D	724	618.505	0	0
Gorai.010G065200.1.A	556	450.551	20	1.76064
Gorai.010G065200.1.D	556	450.551	0	0
Gorai.010G065300.1.A	1021	915.505	10	0.433236
Gorai.010G065300.1.D	1021	915.505	10	0.433236
Gorai.010G065400.1.A	341	235.63	0	0
Gorai.010G065400.1.D	341	235.63	0	0
Gorai.010G065500.1.A	609	503.551	27	2.12669
Gorai.010G065500.1.D	609	503.551	3	0.236299
Gorai.010G065600.1.A	1350	1244.5	0	0
Gorai.010G065600.1.D	1350	1244.5	0	0
Gorai.010G065700.1.A	2533	2427.5	63.6	1.03916
Gorai.010G065700.1.D	2533	2427.5	146.4	2.39203
Gorai.010G065800.1.A	1937	1831.5	37.2727	0.807176
Gorai.010G065800.1.D	1937	1831.5	3.72727	0.0807176
Gorai.010G065900.1.A	620	514.505	0	0
Gorai.010G065900.1.D	620	514.505	0	0
Gorai.010G066000.1.A	762	656.505	3068.15	185.363
Gorai.010G066000.1.D	762	656.505	3730.45	225.376
Gorai.010G066100.1.A	711	605.505	4129.44	270.494
Gorai.010G066100.1.D	711	605.505	3976.96	260.507
Gorai.010G066200.1.A	1086	980.505	205.209	8.30101
Gorai.010G066200.1.D	1086	980.505	197.791	8.00097
Gorai.010G066300.1.A	381	275.583	11	1.58316
Gorai.010G066300.1.D	381	275.583	2	0.287847
Gorai.010G066400.1.A	3271	3165.5	32.6374	0.408938
Gorai.010G066400.1.D	3271	3165.5	66.3626	0.831506
Gorai.010G066500.1.A	1060	954.505	21.9545	0.912287
Gorai.010G066500.1.D	1060	954.505	1.04545	0.0434422
Gorai.010G066600.1.A	1675	1569.5	815.484	20.6081
Gorai.010G066600.1.D	1675	1569.5	13.5163	0.34157
Gorai.010G066700.1.A	1603	1497.5	0	0
Gorai.010G066700.1.D	1603	1497.5	29	0.768095
Gorai.010G066800.1.A	2076	1970.5	1169.65	23.5431
Gorai.010G066800.1.D	2076	1970.5	922.348	18.5653
Gorai.010G066900.1.A	1290	1184.5	0	0
Gorai.010G066900.1.D	1290	1184.5	0	0
Gorai.010G067000.1.A	2900	2794.5	43.5789	0.618524
Gorai.010G067000.1.D	2900	2794.5	48.4211	0.687249
Gorai.010G067100.1.A	480	374.551	1.58796	0.168157
Gorai.010G067100.1.D	480	374.551	1.58796	0.168157
Gorai.010G067200.1.A	1533	1427.5	176.298	4.89841
Gorai.010G067200.1.D	1533	1427.5	176.298	4.89841
Gorai.010G067300.1.A	1038	932.505	0	0
Gorai.010G067300.1.D	1038	932.505	0	0
Gorai.010G067400.1.A	2510	2404.5	1.14286	0.0188517
Gorai.010G067400.1.D	2510	2404.5	6.85714	0.11311
Gorai.010G067500.1.A	379	273.583	11.4152	1.65492
Gorai.010G067500.1.D	379	273.583	0	0
Gorai.010G067600.1.A	354	248.63	0	0
Gorai.010G067600.1.D	354	248.63	0	0
Gorai.010G067700.1.A	1716	1610.5	1	0.0246276
Gorai.010G067700.1.D	1716	1610.5	7	0.172394
Gorai.010G067800.1.A	3069	2963.5	191.712	2.56583
Gorai.010G067800.1.D	3069	2963.5	228.288	3.05536
Gorai.010G067900.1.A	4818	4712.5	1206.16	10.1517
Gorai.010G067900.1.D	4818	4712.5	156.838	1.32003
Gorai.010G068000.1.A	983	877.505	0	0
Gorai.010G068000.1.D	983	877.505	0	0
Gorai.010G068100.1.A	1914	1808.5	107.919	2.36682
Gorai.010G068100.1.D	1914	1808.5	116.78	2.56113
Gorai.010G068200.1.A	550	444.551	3.87396	0.345635
Gorai.010G068200.1.D	550	444.551	34.4271	3.07159
Gorai.010G068300.1.A	1425	1319.5	258.335	7.76527
Gorai.010G068300.1.D	1425	1319.5	288.665	8.67698
Gorai.010G068400.1.A	2384	2278.5	65.2931	1.13659
Gorai.010G068400.1.D	2384	2278.5	475.707	8.28084
Gorai.010G068500.1.A	2052	1946.5	2556.77	52.0981
Gorai.010G068500.1.D	2052	1946.5	947.226	19.3011
Gorai.010G068600.1.A	8656	8550.5	2114.97	9.81063
Gorai.010G068600.1.D	8656	8550.5	2386.03	11.068
Gorai.010G068700.1.A	1398	1292.5	0	0
Gorai.010G068700.1.D	1398	1292.5	0	0
Gorai.010G068800.1.A	2979	2873.5	41.6386	0.574736
Gorai.010G068800.1.D	2979	2873.5	54.3614	0.75035
Gorai.010G068900.1.A	1715	1609.5	58.8119	1.4493
Gorai.010G068900.1.D	1715	1609.5	49.1881	1.21214
Gorai.010G069000.1.A	1341	1235.5	0	0
Gorai.010G069000.1.D	1341	1235.5	583	18.7158
Gorai.010G069100.1.A	2880	2774.5	715.733	10.2318
Gorai.010G069100.1.D	2880	2774.5	749.267	10.7111
Gorai.010G069200.1.A	438	332.583	0	0
Gorai.010G069200.1.D	438	332.583	0	0
Gorai.010G069300.1.A	876	770.505	5.14286	0.264737
Gorai.010G069300.1.D	876	770.505	3.85714	0.198553
Gorai.010G069400.1.A	3710	3604.5	73.6615	0.810551
Gorai.010G069400.1.D	3710	3604.5	97.3385	1.07108
Gorai.010G069500.1.A	662	556.505	7.11864	0.507357
Gorai.010G069500.1.D	662	556.505	62.8814	4.48165
Gorai.010G069600.1.A	1727	1621.5	19.0909	0.466975
Gorai.010G069600.1.D	1727	1621.5	10.9091	0.266843
Gorai.010G069700.1.A	207	103.083	15.4947	5.96186
Gorai.010G069700.1.D	207	103.083	8.26383	3.17966
Gorai.010G069800.1.A	700	594.505	40	2.66864
Gorai.010G069800.1.D	700	594.505	88	5.871
Gorai.010G069900.1.A	1057	951.505	306.565	12.779
Gorai.010G069900.1.D	1057	951.505	294.435	12.2734
Gorai.010G070000.1.A	367	261.583	3	0.45488
Gorai.010G070000.1.D	367	261.583	0	0
Gorai.010G070100.1.A	1826	1720.5	134.189	3.09346
Gorai.010G070100.1.D	1826	1720.5	89.8113	2.07043
Gorai.010G070200.1.A	1275	1169.5	405.695	13.7588
Gorai.010G070200.1.D	1275	1169.5	207.305	7.03062
Gorai.010G070300.1.A	828	722.505	1.5	0.0823447
Gorai.010G070300.1.D	828	722.505	1.5	0.0823447
Gorai.010G070400.1.A	2709	2603.5	1161.79	17.6992
Gorai.010G070400.1.D	2709	2603.5	1533.21	23.3576
Gorai.010G070500.1.A	439	333.583	20	2.37799
Gorai.010G070500.1.D	439	333.583	20	2.37799
Gorai.010G070600.1.A	1092	986.505	414.764	16.6758
Gorai.010G070600.1.D	1092	986.505	163.236	6.563
Gorai.010G070700.1.A	1932	1826.5	47.8387	1.03883
Gorai.010G070700.1.D	1932	1826.5	9.19936	0.199766
Gorai.010G070800.1.A	1860	1754.5	1.28571	0.0290653
Gorai.010G070800.1.D	1860	1754.5	7.71429	0.174392
Gorai.010G070900.1.A	1456	1350.5	30.1765	0.886252
Gorai.010G070900.1.D	1456	1350.5	23.8235	0.699673
Gorai.010G071000.1.A	207	103.083	0	0
Gorai.010G071000.1.D	207	103.083	0	0
Gorai.010G071100.1.A	1692	1586.5	10.9091	0.27273
Gorai.010G071100.1.D	1692	1586.5	1.09091	0.027273
Gorai.010G071200.1.A	1167	1061.5	23.8519	0.89122
Gorai.010G071200.1.D	1167	1061.5	88.1481	3.29364
Gorai.010G071300.1.A	903	797.505	1	0.0497338
Gorai.010G071300.1.D	903	797.505	7	0.348137
Gorai.010G071400.1.A	2192	2086.5	20.7059	0.393604
Gorai.010G071400.1.D	2192	2086.5	23.2941	0.442804
Gorai.010G071500.1.A	1200	1094.5	0	0
Gorai.010G071500.1.D	1200	1094.5	0	0
Gorai.010G071600.1.A	937	831.505	0	0
Gorai.010G071600.1.D	937	831.505	0	0
Gorai.010G071700.1.A	1002	896.505	0.00104304	4.61459e-05
Gorai.010G071700.1.D	1002	896.505	77.999	3.45081
Gorai.010G071800.1.A	2343	2237.5	2.08572	0.0369723
Gorai.010G071800.1.D	2343	2237.5	2.08572	0.0369723
Gorai.010G071900.1.A	1422	1316.5	0	0
Gorai.010G071900.1.D	1422	1316.5	1	0.0301275
Gorai.010G072000.1.A	2382	2276.5	1500.84	26.1487
Gorai.010G072000.1.D	2382	2276.5	2554.16	44.5005
Gorai.010G072100.1.A	1055	949.505	80.5699	3.36559
Gorai.010G072100.1.D	1055	949.505	46.4301	1.93949
Gorai.010G072200.1.A	2736	2630.5	3	0.0452342
Gorai.010G072200.1.D	2736	2630.5	2	0.0301561
Gorai.010G072300.1.A	1508	1402.5	666.329	18.8438
Gorai.010G072300.1.D	1508	1402.5	454.671	12.8581
Gorai.010G072400.1.A	855	749.505	0	0
Gorai.010G072400.1.D	855	749.505	0	0
Gorai.010G072500.1.A	451	345.583	0	0
Gorai.010G072500.1.D	451	345.583	0	0
Gorai.010G072600.1.A	852	746.505	92.9262	4.93731
Gorai.010G072600.1.D	852	746.505	68.0738	3.61687
Gorai.010G072700.1.A	3544	3438.5	157.85	1.82079
Gorai.010G072700.1.D	3544	3438.5	88.15	1.0168
Gorai.010G072800.1.A	1690	1584.5	0	0
Gorai.010G072800.1.D	1690	1584.5	1	0.0250318
Gorai.010G072900.1.A	1891	1785.5	2757.01	61.2439
Gorai.010G072900.1.D	1891	1785.5	2686.99	59.6883
Gorai.010G073000.1.A	771	665.505	22	1.31116
Gorai.010G073000.1.D	771	665.505	8	0.476786
Gorai.010G073100.1.A	2897	2791.5	234.065	3.3257
Gorai.010G073100.1.D	2897	2791.5	182.518	2.59329
Gorai.010G073200.1.A	2560	2454.5	46.5412	0.75207
Gorai.010G073200.1.D	2560	2454.5	39.4588	0.637625
Gorai.010G073300.1.A	1413	1307.5	23.1724	0.702931
Gorai.010G073300.1.D	1413	1307.5	8.82759	0.267783
Gorai.010G073400.1.A	2746	2640.5	23	0.345482
Gorai.010G073400.1.D	2746	2640.5	23	0.345482
Gorai.010G073500.1.A	1338	1232.5	7.175	0.230897
Gorai.010G073500.1.D	1338	1232.5	33.825	1.08851
Gorai.010G073600.1.A	1721	1615.5	29.25	0.718129
Gorai.010G073600.1.D	1721	1615.5	9.75	0.239376
Gorai.010G073700.1.A	1344	1238.5	88.413	2.83142
Gorai.010G073700.1.D	1344	1238.5	58.587	1.87624
Gorai.010G073800.1.A	3946	3840.5	124.71	1.28795
Gorai.010G073800.1.D	3946	3840.5	88.2902	0.91182
Gorai.010G073900.1.A	988	882.505	4.7614	0.213994
Gorai.010G073900.1.D	988	882.505	0	0
Gorai.010G074000.1.A	855	749.505	10	0.529189
Gorai.010G074000.1.D	855	749.505	0	0
Gorai.010G074100.1.A	525	419.551	53.2	5.02935
Gorai.010G074100.1.D	525	419.551	41.8	3.95163
Gorai.010G074200.1.A	843	737.505	0	0
Gorai.010G074200.1.D	843	737.505	47.8485	2.57329
Gorai.010G074300.1.A	1021	915.505	28.3891	1.22992
Gorai.010G074300.1.D	1021	915.505	24.6083	1.06612
Gorai.010G074400.1.A	2908	2802.5	711.031	10.063
Gorai.010G074400.1.D	2908	2802.5	1057.8	14.9707
Gorai.010G074500.1.A	1539	1433.5	87.301	2.41549
Gorai.010G074500.1.D	1539	1433.5	93.871	2.59727
Gorai.010G074600.1.A	3859	3753.5	88.4615	0.934765
Gorai.010G074600.1.D	3859	3753.5	49.5385	0.523468
Gorai.010G074700.1.A	1152	1046.5	0	0
Gorai.010G074700.1.D	1152	1046.5	5	0.189502
Gorai.010G074800.1.A	1795	1689.5	1	0.0234761
Gorai.010G074800.1.D	1795	1689.5	2	0.0469522
Gorai.010G074900.1.A	1946	1840.5	158.598	3.41779
Gorai.010G074900.1.D	1946	1840.5	238.402	5.13757
Gorai.010G075000.1.A	570	464.551	0	0
Gorai.010G075000.1.D	570	464.551	0	0
Gorai.010G075100.1.A	2053	1947.5	586.606	11.9468
Gorai.010G075100.1.D	2053	1947.5	322.093	6.55976
Gorai.010G075200.1.A	2635	2529.5	104.475	1.63818
Gorai.010G075200.1.D	2635	2529.5	94.5513	1.48258
Gorai.010G075300.1.A	1654	1548.5	1	0.0256137
Gorai.010G075300.1.D	1654	1548.5	0	0
Gorai.010G075400.1.A	2941	2835.5	7.82353	0.109435
Gorai.010G075400.1.D	2941	2835.5	11.1765	0.156336
Gorai.010G075500.1.A	462	356.551	6	0.667443
Gorai.010G075500.1.D	462	356.551	0	0
Gorai.010G075600.1.A	3776	3670.5	1245.26	13.4561
Gorai.010G075600.1.D	3776	3670.5	2725.73	29.4538
Gorai.010G075700.1.A	894	788.505	0	0
Gorai.010G075700.1.D	894	788.505	0	0
Gorai.010G075800.1.A	3019	2913.5	790.365	10.7596
Gorai.010G075800.1.D	3019	2913.5	661.931	9.01118
Gorai.010G075900.1.A	800	694.505	0	0
Gorai.010G075900.1.D	800	694.505	0	0
Gorai.010G076000.1.A	2424	2318.5	635.86	10.8777
Gorai.010G076000.1.D	2424	2318.5	876.14	14.9882
Gorai.010G076100.1.A	1563	1457.5	51.2759	1.39537
Gorai.010G076100.1.D	1563	1457.5	236.529	6.43664
Gorai.010G076200.1.A	2880	2774.5	483.261	6.90846
Gorai.010G076200.1.D	2880	2774.5	432.739	6.18622
Gorai.010G076300.1.A	1281	1175.5	198.36	6.6929
Gorai.010G076300.1.D	1281	1175.5	200.64	6.76983
Gorai.010G076400.1.A	345	239.63	0	0
Gorai.010G076400.1.D	345	239.63	0	0
Gorai.010G076500.1.A	2789	2683.5	220.432	3.25805
Gorai.010G076500.1.D	2789	2683.5	240.568	3.55566
Gorai.010G076600.1.A	1135	1029.5	4	0.154105
Gorai.010G076600.1.D	1135	1029.5	1	0.0385262
Gorai.010G076700.1.A	1781	1675.5	75.6774	1.79145
Gorai.010G076700.1.D	1781	1675.5	26.3226	0.623114
Gorai.010G076800.1.A	4195	4089.5	2	0.0193974
Gorai.010G076800.1.D	4195	4089.5	2	0.0193974
Gorai.010G076900.1.A	706	600.505	2.38578	0.157579
Gorai.010G076900.1.D	706	600.505	2.38578	0.157579
Gorai.010G077000.1.A	1619	1513.5	12.6316	0.331023
Gorai.010G077000.1.D	1619	1513.5	7.36842	0.193097
Gorai.010G077100.1.A	2263	2157.5	311.359	5.72394
Gorai.010G077100.1.D	2263	2157.5	757.641	13.9282
Gorai.010G077200.1.A	581	475.551	2.50456e-08	2.08891e-09
Gorai.010G077200.1.D	581	475.551	40.2639	3.35817
Gorai.010G077300.1.A	1724	1618.5	434.64	10.6512
Gorai.010G077300.1.D	1724	1618.5	596.241	14.6114
Gorai.010G077400.1.A	2408	2302.5	115.12	1.98305
Gorai.010G077400.1.D	2408	2302.5	0	0
Gorai.010G077500.1.A	1771	1665.5	6	0.142886
Gorai.010G077500.1.D	1771	1665.5	33	0.785874
Gorai.010G077600.1.A	754	648.505	0	0
Gorai.010G077600.1.D	754	648.505	0	0
Gorai.010G077700.1.A	1906	1800.5	0	0
Gorai.010G077700.1.D	1906	1800.5	1	0.0220288
Gorai.010G077800.1.A	1411	1305.5	0	0
Gorai.010G077800.1.D	1411	1305.5	8	0.24305
Gorai.010G077900.1.A	2766	2660.5	5.3125	0.079199
Gorai.010G077900.1.D	2766	2660.5	11.6875	0.174238
Gorai.010G078000.1.A	216	111.866	4	1.41823
Gorai.010G078000.1.D	216	111.866	3	1.06367
Gorai.010G078100.1.A	228	123.486	370.788	119.095
Gorai.010G078100.1.D	228	123.486	300.212	96.4262
Gorai.010G078200.1.A	1519	1413.5	0	0
Gorai.010G078200.1.D	1519	1413.5	1	0.02806
Gorai.010G078300.1.A	2085	1979.5	53.7705	1.07739
Gorai.010G078300.1.D	2085	1979.5	26.2295	0.525555
Gorai.010G078400.1.A	911	805.505	1014.5	49.9539
Gorai.010G078400.1.D	911	805.505	526.498	25.9247
Gorai.010G078500.1.A	771	665.505	0	0
Gorai.010G078500.1.D	771	665.505	0	0
Gorai.010G078600.1.A	1160	1054.5	34.6154	1.30198
Gorai.010G078600.1.D	1160	1054.5	85.3846	3.21156
Gorai.010G078700.1.A	1435	1329.5	80.7716	2.40965
Gorai.010G078700.1.D	1435	1329.5	140.228	4.18342
Gorai.010G078800.1.A	1364	1258.5	371.76	11.7164
Gorai.010G078800.1.D	1364	1258.5	226.24	7.13015
Gorai.010G078900.1.A	2377	2271.5	8.53333	0.149001
Gorai.010G078900.1.D	2377	2271.5	7.46667	0.130376
Gorai.010G079000.1.A	378	272.583	0	0
Gorai.010G079000.1.D	378	272.583	6.41317	0.933166
Gorai.010G079100.1.A	2470	2364.5	1437.78	24.1178
Gorai.010G079100.1.D	2470	2364.5	41.218	0.691404
Gorai.010G079200.1.A	526	420.551	0	0
Gorai.010G079200.1.D	526	420.551	0	0
Gorai.010G079300.1.A	518	412.551	6.18421	0.594554
Gorai.010G079300.1.D	518	412.551	6.18421	0.594554
Gorai.010G079400.1.A	2363	2257.5	181.177	3.18317
Gorai.010G079400.1.D	2363	2257.5	426.823	7.49901
Gorai.010G079500.1.A	4487	4381.5	38.3273	0.346952
Gorai.010G079500.1.D	4487	4381.5	23.6727	0.214294
Gorai.010G079600.1.A	4679	4573.5	261.19	2.26513
Gorai.010G079600.1.D	4679	4573.5	204.81	1.77618
Gorai.010G079700.1.A	1421	1315.5	5.66667	0.170852
Gorai.010G079700.1.D	1421	1315.5	11.3333	0.341704
Gorai.010G079800.1.A	936	830.505	10.0959	0.482159
Gorai.010G079800.1.D	936	830.505	0	0
Gorai.010G079900.1.A	1246	1140.5	0	0
Gorai.010G079900.1.D	1246	1140.5	0	0
Gorai.010G080000.1.A	2558	2452.5	0	0
Gorai.010G080000.1.D	2558	2452.5	0	0
Gorai.010G080100.1.A	636	530.505	8	0.598116
Gorai.010G080100.1.D	636	530.505	0	0
Gorai.010G080200.1.A	1460	1354.5	3497.69	102.42
Gorai.010G080200.1.D	1460	1354.5	3303.31	96.7284
Gorai.010G080300.1.A	1592	1486.5	259.028	6.91139
Gorai.010G080300.1.D	1592	1486.5	413.972	11.0456
Gorai.010G080400.1.A	2118	2012.5	1471.86	29.0077
Gorai.010G080400.1.D	2118	2012.5	1884.14	37.1331
Gorai.010G080500.1.A	1001	895.505	3404.12	150.772
Gorai.010G080500.1.D	1001	895.505	2478.8	109.789
Gorai.010G080600.1.A	553	447.551	15	1.32933
Gorai.010G080600.1.D	553	447.551	0	0
Gorai.010G080700.1.A	1798	1692.5	179.377	4.20361
Gorai.010G080700.1.D	1798	1692.5	62.6228	1.46753
Gorai.010G080800.1.A	887	781.505	395.828	20.0891
Gorai.010G080800.1.D	887	781.505	468.172	23.7607
Gorai.010G080900.1.A	2002	1896.5	131.526	2.7507
Gorai.010G080900.1.D	2002	1896.5	113.474	2.37316
Gorai.010G081000.1.A	1033	927.505	12.6545	0.541147
Gorai.010G081000.1.D	1033	927.505	45.3455	1.93911
Gorai.010G081100.1.A	3231	3125.5	28	0.355323
Gorai.010G081100.1.D	3231	3125.5	0	0
Gorai.010G081200.1.A	1026	920.505	978.019	42.1411
Gorai.010G081200.1.D	1026	920.505	1174.98	50.6279
Gorai.010G081300.1.A	1907	1801.5	189.902	4.18098
Gorai.010G081300.1.D	1907	1801.5	307.098	6.76125
Gorai.010G081400.1.A	1459	1353.5	461.613	13.527
Gorai.010G081400.1.D	1459	1353.5	643.387	18.8537
Gorai.010G081500.1.A	1857	1751.5	0	0
Gorai.010G081500.1.D	1857	1751.5	1	0.0226451
Gorai.010G081600.1.A	3052	2946.5	133.722	1.80003
Gorai.010G081600.1.D	3052	2946.5	84.2784	1.13447
Gorai.010G081700.1.A	1920	1814.5	9	0.196729
Gorai.010G081700.1.D	1920	1814.5	25	0.546471
Gorai.010G081800.1.A	1388	1282.5	24.3333	0.752536
Gorai.010G081800.1.D	1388	1282.5	48.6667	1.50507
Gorai.010G081900.1.A	1809	1703.5	6.46154	0.150445
Gorai.010G081900.1.D	1809	1703.5	7.53846	0.175519
Gorai.010G082000.1.A	675	569.505	0	0
Gorai.010G082000.1.D	675	569.505	1	0.0696446
Gorai.010G082100.1.A	1210	1104.5	37.5	1.34663
Gorai.010G082100.1.D	1210	1104.5	58.5	2.10074
Gorai.010G082200.1.A	1303	1197.5	75.4605	2.49935
Gorai.010G082200.1.D	1303	1197.5	79.5395	2.63445
Gorai.010G082300.1.A	2829	2723.5	321.455	4.68142
Gorai.010G082300.1.D	2829	2723.5	514.545	7.49341
Gorai.010G082400.1.A	222	117.654	0	0
Gorai.010G082400.1.D	222	117.654	0	0
Gorai.010G082500.1.A	1721	1615.5	120.546	2.95958
Gorai.010G082500.1.D	1721	1615.5	57.5225	1.41226
Gorai.010G082600.1.A	2869	2763.5	372.723	5.34947
Gorai.010G082600.1.D	2869	2763.5	263.208	3.77767
Gorai.010G082700.1.A	625	519.505	0	0
Gorai.010G082700.1.D	625	519.505	0	0
Gorai.010G082800.1.A	1401	1295.5	8	0.244927
Gorai.010G082800.1.D	1401	1295.5	0	0
Gorai.010G082900.1.A	3482	3376.5	2031.03	23.858
Gorai.010G082900.1.D	3482	3376.5	12939	151.991
Gorai.010G083000.1.A	755	649.505	20.4545	1.24909
Gorai.010G083000.1.D	755	649.505	24.5455	1.4989
Gorai.010G083100.1.A	2251	2145.5	291.571	5.39014
Gorai.010G083100.1.D	2251	2145.5	434.429	8.03109
Gorai.010G083200.1.A	2392	2286.5	200.423	3.47665
Gorai.010G083200.1.D	2392	2286.5	177.577	3.08034
Gorai.010G083300.1.A	363	257.583	0	0
Gorai.010G083300.1.D	363	257.583	0	0
Gorai.010G083400.1.A	1853	1747.5	0	0
Gorai.010G083400.1.D	1853	1747.5	4	0.0907876
Gorai.010G083500.1.A	2948	2842.5	74.8846	1.0449
Gorai.010G083500.1.D	2948	2842.5	102.115	1.42487
Gorai.010G083600.1.A	771	665.505	5.29562	0.31561
Gorai.010G083600.1.D	771	665.505	8.66335	0.516321
Gorai.010G083700.1.A	1317	1211.5	0	0
Gorai.010G083700.1.D	1317	1211.5	0	0
Gorai.010G083800.1.A	804	698.505	11.0974	0.630142
Gorai.010G083800.1.D	804	698.505	16.9436	0.962102
Gorai.010G083900.1.A	1269	1163.5	0	0
Gorai.010G083900.1.D	1269	1163.5	0	0
Gorai.010G084000.1.A	2069	1963.5	86.7834	1.75303
Gorai.010G084000.1.D	2069	1963.5	126.498	2.55527
Gorai.010G084100.1.A	1603	1497.5	2224.94	58.9299
Gorai.010G084100.1.D	1603	1497.5	2815.06	74.5596
Gorai.010G084200.1.A	1508	1402.5	740.149	20.9315
Gorai.010G084200.1.D	1508	1402.5	68.8511	1.94711
Gorai.010G084300.1.A	1952	1846.5	0	0
Gorai.010G084300.1.D	1952	1846.5	0	0
Gorai.010G084400.1.A	360	254.63	0	0
Gorai.010G084400.1.D	360	254.63	0	0
Gorai.010G084500.1.A	1556	1450.5	337.728	9.23491
Gorai.010G084500.1.D	1556	1450.5	183.272	5.01144
Gorai.010G084600.1.A	1704	1598.5	283.359	7.03085
Gorai.010G084600.1.D	1704	1598.5	353.125	8.76194
Gorai.010G084700.1.A	2615	2509.5	26.0482	0.411694
Gorai.010G084700.1.D	2615	2509.5	67.9518	1.07398
Gorai.010G084800.1.A	1060	954.505	127.898	5.31462
Gorai.010G084800.1.D	1060	954.505	25.1016	1.04306
Gorai.010G084900.1.A	4571	4465.5	179.309	1.59264
Gorai.010G084900.1.D	4571	4465.5	165.691	1.47168
Gorai.010G085000.1.A	1008	902.505	0	0
Gorai.010G085000.1.D	1008	902.505	0	0
Gorai.010G085100.1.A	2328	2222.5	0	0
Gorai.010G085100.1.D	2328	2222.5	0	0
Gorai.010G085200.1.A	228	123.486	33	10.5994
Gorai.010G085200.1.D	228	123.486	0	0
Gorai.010G085300.1.A	1248	1142.5	623.56	21.6474
Gorai.010G085300.1.D	1248	1142.5	444.44	15.4291
Gorai.010G085400.1.A	1538	1432.5	172.355	4.77215
Gorai.010G085400.1.D	1538	1432.5	14.6446	0.405477
Gorai.010G085500.1.A	1755	1649.5	13.6957	0.329317
Gorai.010G085500.1.D	1755	1649.5	21.3043	0.512271
Gorai.010G085600.1.A	1201	1095.5	0.168736	0.00610911
Gorai.010G085600.1.D	1201	1095.5	136.288	4.93432
Gorai.010G085700.1.A	1496	1390.5	6.92308	0.197475
Gorai.010G085700.1.D	1496	1390.5	8.07692	0.230387
Gorai.010G085800.1.A	3902	3796.5	91.3117	0.953954
Gorai.010G085800.1.D	3902	3796.5	66.6883	0.696708
Gorai.010G085900.1.A	870	764.505	0	0
Gorai.010G085900.1.D	870	764.505	0	0
Gorai.010G086000.1.A	2170	2064.5	11	0.21133
Gorai.010G086000.1.D	2170	2064.5	2	0.0384237
Gorai.010G086100.1.A	955	849.505	6.81818	0.318337
Gorai.010G086100.1.D	955	849.505	18.1818	0.8489
Gorai.010G086200.1.A	675	569.505	3	0.208934
Gorai.010G086200.1.D	675	569.505	6	0.417868
Gorai.010G086300.1.A	1610	1504.5	13.8125	0.364136
Gorai.010G086300.1.D	1610	1504.5	3.1875	0.0840314
Gorai.010G086400.1.A	3424	3318.5	85.6504	1.0237
Gorai.010G086400.1.D	3424	3318.5	215.35	2.57387
Gorai.010G086500.1.A	2093	1987.5	153.033	3.05395
Gorai.010G086500.1.D	2093	1987.5	127.967	2.55373
Gorai.010G086600.1.A	999	893.505	0	0
Gorai.010G086600.1.D	999	893.505	2	0.0887806
Gorai.010G086700.1.A	1127	1021.5	126.302	4.90405
Gorai.010G086700.1.D	1127	1021.5	26.698	1.03663
Gorai.010G086800.1.A	2268	2162.5	1058.5	19.4141
Gorai.010G086800.1.D	2268	2162.5	491.501	9.01472
Gorai.010G086900.1.A	369	263.583	0	0
Gorai.010G086900.1.D	369	263.583	0	0
Gorai.010G087000.1.A	1015	909.505	1.08333	0.0472435
Gorai.010G087000.1.D	1015	909.505	11.9167	0.519679
Gorai.010G087100.1.A	511	405.551	1.25634	0.12287
Gorai.010G087100.1.D	511	405.551	1.25634	0.12287
Gorai.010G087200.1.A	1309	1203.5	5	0.164781
Gorai.010G087200.1.D	1309	1203.5	7	0.230693
Gorai.010G087300.1.A	538	432.551	0	0
Gorai.010G087300.1.D	538	432.551	0	0
Gorai.010G087400.1.A	1988	1882.5	95.2963	2.00782
Gorai.010G087400.1.D	1988	1882.5	152.704	3.21735
Gorai.010G087500.1.A	1497	1391.5	4.12907	0.117694
Gorai.010G087500.1.D	1497	1391.5	7	0.199525
Gorai.010G087600.1.A	2382	2276.5	8.69231	0.151444
Gorai.010G087600.1.D	2382	2276.5	104.308	1.81733
Gorai.010G087700.1.A	2688	2582.5	9	0.138225
Gorai.010G087700.1.D	2688	2582.5	7	0.107508
Gorai.010G087800.1.A	1197	1091.5	0	0
Gorai.010G087800.1.D	1197	1091.5	0	0
Gorai.010G087900.1.A	537	431.551	0	0
Gorai.010G087900.1.D	537	431.551	0	0
Gorai.010G088000.1.A	1095	989.505	0	0
Gorai.010G088000.1.D	1095	989.505	1	0.0400836
Gorai.010G088100.1.A	1951	1845.5	31.871	0.68496
Gorai.010G088100.1.D	1951	1845.5	158.129	3.39845
Gorai.010G088200.1.A	627	521.505	4.44444	0.338021
Gorai.010G088200.1.D	627	521.505	5.55556	0.422527
Gorai.010G088300.1.A	1634	1528.5	133.85	3.47325
Gorai.010G088300.1.D	1634	1528.5	181.15	4.70064
Gorai.010G088400.1.A	3204	3098.5	299.229	3.83034
Gorai.010G088400.1.D	3204	3098.5	290.771	3.72206
Gorai.010G088500.1.A	1429	1323.5	547.726	16.4143
Gorai.010G088500.1.D	1429	1323.5	549.274	16.4607
Gorai.010G088600.1.A	1653	1547.5	0	0
Gorai.010G088600.1.D	1653	1547.5	0	0
Gorai.010G088700.1.A	1864	1758.5	0	0
Gorai.010G088700.1.D	1864	1758.5	0	0
Gorai.010G088800.1.A	719	613.505	0	0
Gorai.010G088800.1.D	719	613.505	132	8.53377
Gorai.010G088900.1.A	1823	1717.5	2	0.0461867
Gorai.010G088900.1.D	1823	1717.5	3	0.0692801
Gorai.010G089000.1.A	633	527.505	106.935	8.04045
Gorai.010G089000.1.D	633	527.505	114.065	8.57648
Gorai.010G089100.1.A	932	826.505	1	0.0479888
Gorai.010G089100.1.D	932	826.505	3	0.143966
Gorai.010G089200.1.A	423	317.583	2579.32	322.131
Gorai.010G089200.1.D	423	317.583	771.678	96.3749
Gorai.010G089300.1.A	953	847.505	3	0.140399
Gorai.010G089300.1.D	953	847.505	2	0.0935993
Gorai.010G089400.1.A	198	94.5106	0	0
Gorai.010G089400.1.D	198	94.5106	1	0.419667
Gorai.010G089500.1.A	243	138.135	0	0
Gorai.010G089500.1.D	243	138.135	0	0
Gorai.010G089600.1.A	1278	1172.5	1262.5	42.7071
Gorai.010G089600.1.D	1278	1172.5	1411.95	47.7629
Gorai.010G089700.1.A	1445	1339.5	0	0
Gorai.010G089700.1.D	1445	1339.5	2	0.0592203
Gorai.010G089800.1.A	2673	2567.5	95.5372	1.47586
Gorai.010G089800.1.D	2673	2567.5	193.463	2.98862
Gorai.010G089900.1.A	1663	1557.5	5	0.127328
Gorai.010G089900.1.D	1663	1557.5	0	0
Gorai.010G090000.1.A	1537	1431.5	0	0
Gorai.010G090000.1.D	1537	1431.5	0	0
Gorai.010G090100.1.A	1000	894.505	50.2704	2.22902
Gorai.010G090100.1.D	1000	894.505	54.0729	2.39763
Gorai.010G090200.1.A	980	874.505	61.8971	2.80733
Gorai.010G090200.1.D	980	874.505	7.10294	0.322152
Gorai.010G090300.1.A	1368	1262.5	82.1088	2.57954
Gorai.010G090300.1.D	1368	1262.5	272.891	8.57317
Gorai.010G090400.1.A	2228	2122.5	720.835	13.4701
Gorai.010G090400.1.D	2228	2122.5	3527.16	65.9116
Gorai.010G090500.1.A	384	278.583	0	0
Gorai.010G090500.1.D	384	278.583	0	0
Gorai.010G090600.1.A	1760	1654.5	60.4421	1.44896
Gorai.010G090600.1.D	1760	1654.5	38.5579	0.924337
Gorai.010G090700.1.A	1621	1515.5	442.715	11.5865
Gorai.010G090700.1.D	1621	1515.5	585.285	15.3177
Gorai.010G090800.1.A	1092	986.505	502.919	20.2201
Gorai.010G090800.1.D	1092	986.505	1951.08	78.4443
Gorai.010G090900.1.A	1041	935.505	0	0
Gorai.010G090900.1.D	1041	935.505	24.5034	1.03888
Gorai.010G091000.1.A	1343	1237.5	766.282	24.5599
Gorai.010G091000.1.D	1343	1237.5	722.718	23.1636
Gorai.010G091100.1.A	597	491.551	1.5	0.121034
Gorai.010G091100.1.D	597	491.551	1.5	0.121034
Gorai.010G091200.1.A	1322	1216.5	0	0
Gorai.010G091200.1.D	1322	1216.5	0	0
Gorai.010G091300.1.A	3564	3458.5	208.18	2.38746
Gorai.010G091300.1.D	3564	3458.5	180.82	2.07368
Gorai.010G091400.1.A	2601	2495.5	0	0
Gorai.010G091400.1.D	2601	2495.5	16	0.2543
Gorai.010G091500.1.A	558	452.551	0	0
Gorai.010G091500.1.D	558	452.551	9	0.788787
Gorai.010G091600.1.A	1302	1196.5	2.21672	0.0734819
Gorai.010G091600.1.D	1302	1196.5	8.78697	0.291279
Gorai.010G091700.1.A	1243	1137.5	939.12	32.7456
Gorai.010G091700.1.D	1243	1137.5	1851.88	64.572
Gorai.010G091800.1.A	3021	2915.5	11169	151.945
Gorai.010G091800.1.D	3021	2915.5	11169	151.945
Gorai.010G091900.1.A	1352	1246.5	1.5	0.047729
Gorai.010G091900.1.D	1352	1246.5	1.5	0.047729
Gorai.010G092000.1.A	849	743.505	0	0
Gorai.010G092000.1.D	849	743.505	0	0
Gorai.010G092100.1.A	2636	2530.5	309.399	4.8495
Gorai.010G092100.1.D	2636	2530.5	480.601	7.5329
Gorai.010G092200.1.A	805	699.505	0	0
Gorai.010G092200.1.D	805	699.505	0	0
Gorai.010G092300.1.A	2647	2541.5	2259.01	35.2542
Gorai.010G092300.1.D	2647	2541.5	4795.42	74.8378
Gorai.010G092400.1.A	4018	3912.5	328.452	3.32968
Gorai.010G092400.1.D	4018	3912.5	527.548	5.34801
Gorai.010G092500.1.A	994	888.505	145.344	6.48819
Gorai.010G092500.1.D	994	888.505	106.656	4.76112
Gorai.010G092600.1.A	627	521.505	0	0
Gorai.010G092600.1.D	627	521.505	0	0
Gorai.010G092700.1.A	1639	1533.5	2	0.0517285
Gorai.010G092700.1.D	1639	1533.5	6	0.155185
Gorai.010G092800.1.A	1974	1868.5	106.311	2.25668
Gorai.010G092800.1.D	1974	1868.5	77.6889	1.64911
Gorai.010G092900.1.A	1150	1044.5	2120.19	80.51
Gorai.010G092900.1.D	1150	1044.5	30.8072	1.16984
Gorai.010G093000.1.A	1611	1505.5	5	0.131726
Gorai.010G093000.1.D	1611	1505.5	0	0
Gorai.010G093100.1.A	5721	5615.5	543.351	3.83775
Gorai.010G093100.1.D	5721	5615.5	439.649	3.10529
Gorai.010G093200.1.A	2147	2041.5	692.344	13.4511
Gorai.010G093200.1.D	2147	2041.5	889.656	17.2845
Gorai.010G093300.1.A	180	77.7296	4	2.04107
Gorai.010G093300.1.D	180	77.7296	0	0
Gorai.010G093400.1.A	2862	2756.5	226.257	3.25559
Gorai.010G093400.1.D	2862	2756.5	2.74251	0.0394616
Gorai.010G093500.1.A	1046	940.505	0	0
Gorai.010G093500.1.D	1046	940.505	0	0
Gorai.010G093600.1.A	821	715.505	0	0
Gorai.010G093600.1.D	821	715.505	0	0
Gorai.010G093700.1.A	1333	1227.5	12.7059	0.410551
Gorai.010G093700.1.D	1333	1227.5	41.2941	1.33429
Gorai.010G093800.1.A	819	713.505	1.5	0.0833834
Gorai.010G093800.1.D	819	713.505	1.5	0.0833834
Gorai.010G093900.1.A	1027	921.505	0	0
Gorai.010G093900.1.D	1027	921.505	0	0
Gorai.010G094000.1.A	1729	1623.5	0	0
Gorai.010G094000.1.D	1729	1623.5	0	0
Gorai.010G094100.1.A	1418	1312.5	0	0
Gorai.010G094100.1.D	1418	1312.5	1	0.0302193
Gorai.010G094200.1.A	947	841.505	13.8304	0.651874
Gorai.010G094200.1.D	947	841.505	0	0
Gorai.010G094300.1.A	1588	1482.5	4.97616	0.133132
Gorai.010G094300.1.D	1588	1482.5	1.19344	0.0319293
Gorai.010G094400.1.A	1500	1394.5	171.759	4.88523
Gorai.010G094400.1.D	1500	1394.5	279.241	7.94225
Gorai.010G094500.1.A	1766	1660.5	1	0.0238861
Gorai.010G094500.1.D	1766	1660.5	1	0.0238861
Gorai.010G094600.1.A	2097	1991.5	50	0.995803
Gorai.010G094600.1.D	2097	1991.5	26	0.517818
Gorai.010G094700.1.A	3676	3570.5	4563.88	50.6979
Gorai.010G094700.1.D	3676	3570.5	989.115	10.9876
Gorai.010G094800.1.A	2058	1952.5	138.006	2.80344
Gorai.010G094800.1.D	2058	1952.5	259.994	5.28148
Gorai.010G094900.1.A	546	440.551	30	2.70091
Gorai.010G094900.1.D	546	440.551	0	0
Gorai.010G095000.1.A	2152	2046.5	17.3333	0.335934
Gorai.010G095000.1.D	2152	2046.5	34.6667	0.671868
Gorai.010G095100.1.A	585	479.551	0	0
Gorai.010G095100.1.D	585	479.551	0	0
Gorai.010G095200.1.A	3044	2938.5	788.139	10.638
Gorai.010G095200.1.D	3044	2938.5	818.861	11.0527
Gorai.010G095300.1.A	1459	1353.5	34.3636	1.00699
Gorai.010G095300.1.D	1459	1353.5	1.63636	0.0479518
Gorai.010G095400.1.A	5403	5297.5	200.034	1.49767
Gorai.010G095400.1.D	5403	5297.5	458.966	3.43633
Gorai.010G095500.1.A	976	870.505	216.011	9.84215
Gorai.010G095500.1.D	976	870.505	196.33	8.94541
Gorai.010G095600.1.A	1173	1067.5	0	0
Gorai.010G095600.1.D	1173	1067.5	43.0229	1.59851
Gorai.010G095700.1.A	491	385.551	13.4344	1.38204
Gorai.010G095700.1.D	491	385.551	24.9239	2.56401
Gorai.010G095800.1.A	3610	3504.5	120.129	1.35958
Gorai.010G095800.1.D	3610	3504.5	160.576	1.81736
Gorai.010G095900.1.A	1400	1294.5	0	0
Gorai.010G095900.1.D	1400	1294.5	4	0.122558
Gorai.010G096000.1.A	1427	1321.5	231.362	6.94396
Gorai.010G096000.1.D	1427	1321.5	76.6385	2.30019
Gorai.010G096100.1.A	345	239.63	0	0
Gorai.010G096100.1.D	345	239.63	0	0
Gorai.010G096200.1.A	884	778.505	0	0
Gorai.010G096200.1.D	884	778.505	0	0
Gorai.010G096300.1.A	3351	3245.5	256.095	3.12971
Gorai.010G096300.1.D	3351	3245.5	36.9046	0.451007
Gorai.010G096400.1.A	3247	3141.5	52.4136	0.661746
Gorai.010G096400.1.D	3247	3141.5	160.586	2.02748
Gorai.010G096500.1.A	1335	1229.5	8547.3	275.73
Gorai.010G096500.1.D	1335	1229.5	13075.7	421.813
Gorai.010G096600.1.A	2799	2693.5	93.9394	1.3833
Gorai.010G096600.1.D	2799	2693.5	216.061	3.18158
Gorai.010G096700.1.A	2003	1897.5	10	0.209027
Gorai.010G096700.1.D	2003	1897.5	40	0.836107
Gorai.010G096800.1.A	1192	1086.5	19.3171	0.705171
Gorai.010G096800.1.D	1192	1086.5	68.6829	2.50728
Gorai.010G096900.1.A	2269	2163.5	13.3333	0.244436
Gorai.010G096900.1.D	2269	2163.5	6.66667	0.122218
Gorai.010G097000.1.A	2313	2207.5	62.9551	1.13113
Gorai.010G097000.1.D	2313	2207.5	98.0449	1.7616
Gorai.010G097100.1.A	1540	1434.5	89.0753	2.46286
Gorai.010G097100.1.D	1540	1434.5	165.925	4.58769
Gorai.010G097200.1.A	3220	3114.5	308.109	3.92375
Gorai.010G097200.1.D	3220	3114.5	4.89062	0.0622817
Gorai.010G097300.1.A	1197	1091.5	5	0.181689
Gorai.010G097300.1.D	1197	1091.5	3	0.109014
Gorai.010G097400.1.A	1320	1214.5	0.5	0.0163289
Gorai.010G097400.1.D	1320	1214.5	0.5	0.0163289
Gorai.010G097500.1.A	1625	1519.5	240.125	6.26787
Gorai.010G097500.1.D	1625	1519.5	670.875	17.5115
Gorai.010G097600.1.A	1104	998.505	87	3.45584
Gorai.010G097600.1.D	1104	998.505	87	3.45584
Gorai.010G097700.1.A	1456	1350.5	0	0
Gorai.010G097700.1.D	1456	1350.5	0	0
Gorai.010G097800.1.A	1572	1466.5	0	0
Gorai.010G097800.1.D	1572	1466.5	0	0
Gorai.010G097900.1.A	920	814.505	0	0
Gorai.010G097900.1.D	920	814.505	0	0
Gorai.010G098000.1.A	1115	1009.5	9	0.353606
Gorai.010G098000.1.D	1115	1009.5	5	0.196448
Gorai.010G098100.1.A	3835	3729.5	454.909	4.83791
Gorai.010G098100.1.D	3835	3729.5	401.091	4.26557
Gorai.010G098200.1.A	2191	2085.5	187.636	3.56854
Gorai.010G098200.1.D	2191	2085.5	148.364	2.82164
Gorai.010G098300.1.A	2710	2604.5	1	0.0152286
Gorai.010G098300.1.D	2710	2604.5	1	0.0152286
Gorai.010G098400.1.A	2124	2018.5	93.758	1.84231
Gorai.010G098400.1.D	2124	2018.5	66.242	1.30163
Gorai.010G098500.1.A	1738	1632.5	393.25	9.55431
Gorai.010G098500.1.D	1738	1632.5	1311.75	31.87
Gorai.010G098600.1.A	1142	1036.5	329.238	12.5987
Gorai.010G098600.1.D	1142	1036.5	29.7617	1.13886
Gorai.010G098700.1.A	736	630.505	0	0
Gorai.010G098700.1.D	736	630.505	39.4851	2.48388
Gorai.010G098800.1.A	853	747.505	134.821	7.15365
Gorai.010G098800.1.D	853	747.505	38.1793	2.02581
Gorai.010G098900.1.A	770	664.505	0	0
Gorai.010G098900.1.D	770	664.505	0	0
Gorai.010G099000.1.A	2130	2024.5	388.138	7.60419
Gorai.010G099000.1.D	2130	2024.5	182.862	3.58252
Gorai.010G099100.1.A	375	269.583	4	0.588508
Gorai.010G099100.1.D	375	269.583	0	0
Gorai.010G099200.1.A	1480	1374.5	33.8889	0.977904
Gorai.010G099200.1.D	1480	1374.5	27.1111	0.782323
Gorai.010G099300.1.A	2256	2150.5	1	0.0184435
Gorai.010G099300.1.D	2256	2150.5	1	0.0184435
Gorai.010G099400.1.A	2279	2173.5	89.561	1.63434
Gorai.010G099400.1.D	2279	2173.5	12.439	0.226992
Gorai.010G099500.1.A	582	476.551	0.59269	0.0493291
Gorai.010G099500.1.D	582	476.551	0.59269	0.0493291
Gorai.010G099600.1.A	2526	2420.5	24.4286	0.400292
Gorai.010G099600.1.D	2526	2420.5	11.5714	0.189612
Gorai.010G099700.1.A	1679	1573.5	126.758	3.19515
Gorai.010G099700.1.D	1679	1573.5	14.2424	0.359005
Gorai.010G099800.1.A	1594	1488.5	422.128	11.2481
Gorai.010G099800.1.D	1594	1488.5	486.872	12.9733
Gorai.010G099900.1.A	338	232.63	61.6818	10.5166
Gorai.010G099900.1.D	338	232.63	0	0
Gorai.010G100000.1.A	2660	2554.5	34.8095	0.540476
Gorai.010G100000.1.D	2660	2554.5	51.1905	0.794817
Gorai.010G100100.1.A	1031	925.505	1808.3	77.4954
Gorai.010G100100.1.D	1031	925.505	2626.7	112.569
Gorai.010G100200.1.A	995	889.505	53.0164	2.364
Gorai.010G100200.1.D	995	889.505	78.9836	3.52187
Gorai.010G100300.1.A	1263	1157.5	208.837	7.15598
Gorai.010G100300.1.D	1263	1157.5	170.163	5.8308
Gorai.010G100400.1.A	834	728.505	0	0
Gorai.010G100400.1.D	834	728.505	0	0
Gorai.010G100500.1.A	458	352.551	0	0
Gorai.010G100500.1.D	458	352.551	0	0
Gorai.010G100600.1.A	2038	1932.5	38.1111	0.782197
Gorai.010G100600.1.D	2038	1932.5	304.889	6.25757
Gorai.010G100700.1.A	254	148.992	0	0
Gorai.010G100700.1.D	254	148.992	0	0
Gorai.010G100800.1.A	571	465.551	0	0
Gorai.010G100800.1.D	571	465.551	0	0
Gorai.010G100900.1.A	2078	1972.5	286.529	5.7615
Gorai.010G100900.1.D	2078	1972.5	306.471	6.16249
Gorai.010G101000.1.A	926	820.505	0	0
Gorai.010G101000.1.D	926	820.505	0	0
Gorai.010G101100.1.A	1292	1186.5	0	0
Gorai.010G101100.1.D	1292	1186.5	3	0.100285
Gorai.010G101200.1.A	4113	4007.5	1598.31	15.8187
Gorai.010G101200.1.D	4113	4007.5	2156.69	21.3452
Gorai.010G101300.1.A	3495	3389.5	141.652	1.65757
Gorai.010G101300.1.D	3495	3389.5	39.3478	0.460436
Gorai.010G101400.1.A	1261	1155.5	12.4776	0.428297
Gorai.010G101400.1.D	1261	1155.5	63.5224	2.18042
Gorai.010G101500.1.A	698	592.505	0	0
Gorai.010G101500.1.D	698	592.505	0	0
Gorai.010G101600.1.A	2510	2404.5	575.769	9.49747
Gorai.010G101600.1.D	2510	2404.5	486.231	8.0205
Gorai.010G101700.1.A	1497	1391.5	1.11765	0.031857
Gorai.010G101700.1.D	1497	1391.5	17.8824	0.509712
Gorai.010G101800.1.A	2970	2864.5	408.598	5.6576
Gorai.010G101800.1.D	2970	2864.5	350.152	4.84833
Gorai.010G101900.1.A	872	766.505	6.23093	0.322421
Gorai.010G101900.1.D	872	766.505	6.23093	0.322421
Gorai.010G102000.1.A	1019	913.505	808.857	35.1193
Gorai.010G102000.1.D	1019	913.505	62.1427	2.69814
Gorai.010G102100.1.A	2427	2321.5	1047.4	17.8949
Gorai.010G102100.1.D	2427	2321.5	618.599	10.5688
Gorai.010G102200.1.A	1386	1280.5	2.09689	0.06495
Gorai.010G102200.1.D	1386	1280.5	35.9449	1.11337
Gorai.010G102300.1.A	1349	1243.5	7	0.223273
Gorai.010G102300.1.D	1349	1243.5	1	0.0318961
Gorai.010G102400.1.A	1505	1399.5	0	0
Gorai.010G102400.1.D	1505	1399.5	26	0.736858
Gorai.010G102500.1.A	1058	952.505	45.4945	1.89442
Gorai.010G102500.1.D	1058	952.505	46.5055	1.93652
Gorai.010G102600.1.A	2045	1939.5	281.466	5.75599
Gorai.010G102600.1.D	2045	1939.5	461.534	9.43839
Gorai.010G102700.1.A	1028	922.505	0	0
Gorai.010G102700.1.D	1028	922.505	186.677	8.02613
Gorai.010G102800.1.A	1153	1047.5	290.171	10.9871
Gorai.010G102800.1.D	1153	1047.5	768.829	29.1111
Gorai.010G102900.1.A	1251	1145.5	11.3438	0.392776
Gorai.010G102900.1.D	1251	1145.5	21.6562	0.749845
Gorai.010G103000.1.A	1918	1812.5	7569.85	165.651
Gorai.010G103000.1.D	1918	1812.5	5255.15	114.998
Gorai.010G103100.1.A	625	519.505	23038.6	1758.94
Gorai.010G103100.1.D	625	519.505	10122.4	772.819
Gorai.010G103200.1.A	300	194.687	0	0
Gorai.010G103200.1.D	300	194.687	0	0
Gorai.010G103300.1.A	1998	1892.5	11.6111	0.243345
Gorai.010G103300.1.D	1998	1892.5	64.3889	1.34946
Gorai.010G103400.1.A	1452	1346.5	655.151	19.2983
Gorai.010G103400.1.D	1452	1346.5	340.849	10.0401
Gorai.010G103500.1.A	2444	2338.5	103.685	1.75858
Gorai.010G103500.1.D	2444	2338.5	78.3152	1.32829
Gorai.010G103600.1.A	5243	5137.5	621.487	4.79805
Gorai.010G103600.1.D	5243	5137.5	742.685	5.73373
Gorai.010G103700.1.A	680	574.505	12	0.828462
Gorai.010G103700.1.D	680	574.505	13	0.897501
Gorai.010G103800.1.A	840	734.505	99.4439	5.36993
Gorai.010G103800.1.D	840	734.505	41.4179	2.23655
Gorai.010G103900.1.A	2072	1966.5	480.629	9.69394
Gorai.010G103900.1.D	2072	1966.5	664.509	13.4026
Gorai.010G104000.1.A	894	788.505	736.398	37.0419
Gorai.010G104000.1.D	894	788.505	479.602	24.1247
Gorai.010G104100.1.A	2290	2184.5	233.86	4.24608
Gorai.010G104100.1.D	2290	2184.5	89.1396	1.61846
Gorai.010G104200.1.A	2557	2451.5	109.605	1.77329
Gorai.010G104200.1.D	2557	2451.5	90.3955	1.46251
Gorai.010G104300.1.A	3586	3480.5	39.4262	0.449291
Gorai.010G104300.1.D	3586	3480.5	25.5738	0.291432
Gorai.010G104400.1.A	1775	1669.5	0	0
Gorai.010G104400.1.D	1775	1669.5	0	0
Gorai.010G104500.1.A	1725	1619.5	0	0
Gorai.010G104500.1.D	1725	1619.5	0	0
Gorai.010G104600.1.A	1263	1157.5	552.517	18.9325
Gorai.010G104600.1.D	1263	1157.5	111.483	3.82008
Gorai.010G104700.1.A	231	126.463	0	0
Gorai.010G104700.1.D	231	126.463	0	0
Gorai.010G104800.1.A	1863	1757.5	0	0
Gorai.010G104800.1.D	1863	1757.5	0	0
Gorai.010G104900.1.A	746	640.505	0	0
Gorai.010G104900.1.D	746	640.505	4	0.247698
Gorai.010G105000.1.A	1546	1440.5	98.8235	2.72101
Gorai.010G105000.1.D	1546	1440.5	41.1765	1.13376
Gorai.010G105100.1.A	2444	2338.5	114.297	1.93857
Gorai.010G105100.1.D	2444	2338.5	197.703	3.3532
Gorai.010G105200.1.A	559	453.551	0.5	0.0437249
Gorai.010G105200.1.D	559	453.551	0.5	0.0437249
Gorai.010G105300.1.A	783	677.505	2.77686e-08	1.62565e-09
Gorai.010G105300.1.D	783	677.505	1.01964	0.0596923
Gorai.010G105400.1.A	1342	1236.5	32.5517	1.04415
Gorai.010G105400.1.D	1342	1236.5	26.4483	0.848372
Gorai.010G105500.1.A	920	814.505	15	0.730437
Gorai.010G105500.1.D	920	814.505	0	0
Gorai.010G105600.1.A	1582	1476.5	476.101	12.7894
Gorai.010G105600.1.D	1582	1476.5	348.899	9.37237
Gorai.010G105700.1.A	817	711.505	0	0
Gorai.010G105700.1.D	817	711.505	7	0.390216
Gorai.010G105800.1.A	402	296.583	1	0.133733
Gorai.010G105800.1.D	402	296.583	0	0
Gorai.010G105900.1.A	3316	3210.5	16.5092	0.203956
Gorai.010G105900.1.D	3316	3210.5	12.9567	0.160069
Gorai.010G106000.1.A	1188	1082.5	0	0
Gorai.010G106000.1.D	1188	1082.5	0	0
Gorai.010G106100.1.A	1424	1318.5	0	0
Gorai.010G106100.1.D	1424	1318.5	0	0
Gorai.010G106200.1.A	1078	972.505	0	0
Gorai.010G106200.1.D	1078	972.505	0	0
Gorai.010G106300.1.A	2585	2479.5	317.29	5.07547
Gorai.010G106300.1.D	2585	2479.5	334.71	5.35413
Gorai.010G106400.1.A	1998	1892.5	0	0
Gorai.010G106400.1.D	1998	1892.5	1	0.0209579
Gorai.010G106500.1.A	267	161.849	1.60068	0.392264
Gorai.010G106500.1.D	267	161.849	1.60068	0.392264
Gorai.010G106600.1.A	783	677.505	0	0
Gorai.010G106600.1.D	783	677.505	0	0
Gorai.010G106700.1.A	525	419.551	2	0.189073
Gorai.010G106700.1.D	525	419.551	0	0
Gorai.010G106800.1.A	1224	1118.5	2.55072	0.0904502
Gorai.010G106800.1.D	1224	1118.5	0	0
Gorai.010G106900.1.A	327	221.63	0	0
Gorai.010G106900.1.D	327	221.63	0	0
Gorai.010G107000.1.A	919	813.505	31.9	1.5553
Gorai.010G107000.1.D	919	813.505	1.1	0.0536312
Gorai.010G107100.1.A	636	530.505	7.45161	0.557117
Gorai.010G107100.1.D	636	530.505	25.5484	1.91011
Gorai.010G107200.1.A	1110	1004.5	9	0.355366
Gorai.010G107200.1.D	1110	1004.5	6	0.23691
Gorai.010G107300.1.A	3091	2985.5	854.661	11.3543
Gorai.010G107300.1.D	3091	2985.5	363.339	4.82702
Gorai.010G107400.1.A	725	619.505	73.9835	4.73669
Gorai.010G107400.1.D	725	619.505	18.4788	1.18308
Gorai.010G107500.1.A	1828	1722.5	37.9046	0.872803
Gorai.010G107500.1.D	1828	1722.5	35.5782	0.819236
Gorai.010G107600.1.A	708	602.505	1.1	0.0724131
Gorai.010G107600.1.D	708	602.505	9.9	0.651718
Gorai.010G107700.1.A	1950	1844.5	11.375	0.2446
Gorai.010G107700.1.D	1950	1844.5	1.625	0.0349429
Gorai.010G107800.1.A	1750	1644.5	111.96	2.70031
Gorai.010G107800.1.D	1750	1644.5	368.04	8.87656
Gorai.010G107900.1.A	1126	1020.5	2.93651	0.11413
Gorai.010G107900.1.D	1126	1020.5	182.063	7.07608
Gorai.010G108000.1.A	1118	1012.5	23.4227	0.917539
Gorai.010G108000.1.D	1118	1012.5	1.58216	0.0619781
Gorai.010G108100.1.A	766	660.505	12.123	0.727978
Gorai.010G108100.1.D	766	660.505	5.87219	0.352622
Gorai.010G108200.1.A	3205	3099.5	924.084	11.8251
Gorai.010G108200.1.D	3205	3099.5	1189.92	15.2268
Gorai.010G108300.1.A	2404	2298.5	23.1	0.398613
Gorai.010G108300.1.D	2404	2298.5	60.9	1.05089
Gorai.010G108400.1.A	1684	1578.5	284.952	7.15997
Gorai.010G108400.1.D	1684	1578.5	259.048	6.50907
Gorai.010G108500.1.A	2038	1932.5	3.60404	0.0739697
Gorai.010G108500.1.D	2038	1932.5	166.209	3.41128
Gorai.010G108600.1.A	953	847.505	126.373	5.91421
Gorai.010G108600.1.D	953	847.505	11.8144	0.55291
Gorai.010G108700.1.A	772	666.505	115.673	6.8836
Gorai.010G108700.1.D	772	666.505	211.327	12.5758
Gorai.010G108800.1.A	1961	1855.5	7.6	0.162456
Gorai.010G108800.1.D	1961	1855.5	11.4	0.243684
Gorai.010G108900.1.A	1640	1534.5	112.771	2.91484
Gorai.010G108900.1.D	1640	1534.5	67.2289	1.73769
Gorai.010G109000.1.A	90	21.9731	0	0
Gorai.010G109000.1.D	90	21.9731	0	0
Gorai.010G109100.1.A	1059	953.505	37.6071	1.56434
Gorai.010G109100.1.D	1059	953.505	1.39286	0.0579387
Gorai.010G109200.1.A	2776	2670.5	244.397	3.62983
Gorai.010G109200.1.D	2776	2670.5	25.6034	0.380268
Gorai.010G109300.1.A	1017	911.505	5.7082	0.248385
Gorai.010G109300.1.D	1017	911.505	5.7082	0.248385
Gorai.010G109400.1.A	2319	2213.5	0	0
Gorai.010G109400.1.D	2319	2213.5	0	0
Gorai.010G109500.1.A	962	856.505	252.963	11.7142
Gorai.010G109500.1.D	962	856.505	553.037	25.61
Gorai.010G109600.1.A	1423	1317.5	78.1597	2.35296
Gorai.010G109600.1.D	1423	1317.5	52.8403	1.59074
Gorai.010G109700.1.A	2472	2366.5	13	0.217882
Gorai.010G109700.1.D	2472	2366.5	3	0.0502804
Gorai.010G109800.1.A	607	501.551	1	0.0790805
Gorai.010G109800.1.D	607	501.551	0	0
Gorai.010G109900.1.A	883	777.505	0	0
Gorai.010G109900.1.D	883	777.505	1	0.0510131
Gorai.010G110000.1.A	3304	3198.5	174.293	2.16131
Gorai.010G110000.1.D	3304	3198.5	222.707	2.76167
Gorai.010G110100.1.A	1134	1028.5	17	0.655583
Gorai.010G110100.1.D	1134	1028.5	30	1.15691
Gorai.010G110200.1.A	2056	1950.5	1962.53	39.9075
Gorai.010G110200.1.D	2056	1950.5	1532.22	31.1572
Gorai.010G110300.1.A	1792	1686.5	101.629	2.39009
Gorai.010G110300.1.D	1792	1686.5	110.371	2.59569
Gorai.010G110400.1.A	234	129.404	0	0
Gorai.010G110400.1.D	234	129.404	0	0
Gorai.010G110500.1.A	1228	1122.5	137.531	4.85956
Gorai.010G110500.1.D	1228	1122.5	220.469	7.79013
Gorai.010G110600.1.A	279	173.788	0	0
Gorai.010G110600.1.D	279	173.788	0	0
Gorai.010G110700.1.A	1052	946.505	0	0
Gorai.010G110700.1.D	1052	946.505	14	0.586665
Gorai.010G110800.1.A	3493	3387.5	15.7895	0.184873
Gorai.010G110800.1.D	3493	3387.5	4.21053	0.0492994
Gorai.010G110900.1.A	1128	1022.5	111.642	4.3306
Gorai.010G110900.1.D	1128	1022.5	49.3577	1.91458
Gorai.010G111000.1.A	1183	1077.5	11.8878	0.437589
Gorai.010G111000.1.D	1183	1077.5	11.8878	0.437589
Gorai.010G111100.1.A	1410	1304.5	110	3.34451
Gorai.010G111100.1.D	1410	1304.5	0	0
Gorai.010G111200.1.A	1261	1155.5	0	0
Gorai.010G111200.1.D	1261	1155.5	62	2.12816
Gorai.010G111300.1.A	2103	1997.5	53.3077	1.05849
Gorai.010G111300.1.D	2103	1997.5	9.69231	0.192453
Gorai.010G111400.1.A	1153	1047.5	13.4906	0.51081
Gorai.010G111400.1.D	1153	1047.5	116.509	4.41154
Gorai.010G111500.1.A	1333	1227.5	66.8934	2.16145
Gorai.010G111500.1.D	1333	1227.5	66.8934	2.16145
Gorai.010G111600.1.A	1091	985.505	1.05556	0.0424822
Gorai.010G111600.1.D	1091	985.505	17.9444	0.722198
Gorai.010G111700.1.A	1000	894.505	23.0303	1.02118
Gorai.010G111700.1.D	1000	894.505	14.9697	0.663766
Gorai.010G111800.1.A	276	170.788	0	0
Gorai.010G111800.1.D	276	170.788	0	0
Gorai.010G111900.1.A	1267	1161.5	0	0
Gorai.010G111900.1.D	1267	1161.5	14.2685	0.487238
Gorai.010G112000.1.A	740	634.505	1460.44	91.292
Gorai.010G112000.1.D	740	634.505	1822.56	113.929
Gorai.010G112100.1.A	492	386.551	0	0
Gorai.010G112100.1.D	492	386.551	0	0
Gorai.010G112200.1.A	1751	1645.5	16.927	0.408006
Gorai.010G112200.1.D	1751	1645.5	476.073	11.4752
Gorai.010G112300.1.A	335	229.63	0	0
Gorai.010G112300.1.D	335	229.63	0	0
Gorai.010G112400.1.A	1914	1808.5	365.858	8.02375
Gorai.010G112400.1.D	1914	1808.5	393.142	8.62214
Gorai.010G112500.1.A	2164	2058.5	131.478	2.5333
Gorai.010G112500.1.D	2164	2058.5	84.5217	1.62855
Gorai.010G112600.1.A	4198	4092.5	467.596	4.53175
Gorai.010G112600.1.D	4198	4092.5	342.404	3.31845
Gorai.010G112700.1.A	1329	1223.5	248.797	8.06537
Gorai.010G112700.1.D	1329	1223.5	353.203	11.45
Gorai.010G112800.1.A	3356	3250.5	44.9829	0.548885
Gorai.010G112800.1.D	3356	3250.5	147.017	1.79392
Gorai.010G112900.1.A	1451	1345.5	27.4357	0.808753
Gorai.010G112900.1.D	1451	1345.5	139.564	4.11409
Gorai.010G113000.1.A	1955	1849.5	176.1	3.7765
Gorai.010G113000.1.D	1955	1849.5	391.9	8.40435
Gorai.010G113100.1.A	2554	2448.5	355.765	5.76298
Gorai.010G113100.1.D	2554	2448.5	112.235	1.81808
Gorai.010G113200.1.A	2174	2068.5	3002.71	57.576
Gorai.010G113200.1.D	2174	2068.5	4109.29	78.7944
Gorai.010G113300.1.A	2558	2452.5	2	0.0323448
Gorai.010G113300.1.D	2558	2452.5	7	0.113207
Gorai.010G113400.1.A	1020	914.505	37	1.60473
Gorai.010G113400.1.D	1020	914.505	0	0
Gorai.010G113500.1.A	868	762.505	13.5	0.702225
Gorai.010G113500.1.D	868	762.505	13.5	0.702225
Gorai.010G113600.1.A	2321	2215.5	2252.55	40.3261
Gorai.010G113600.1.D	2321	2215.5	419.454	7.50926
Gorai.010G113700.1.A	1245	1139.5	0	0
Gorai.010G113700.1.D	1245	1139.5	0	0
Gorai.010G113800.1.A	549	443.551	20.1818	1.80468
Gorai.010G113800.1.D	549	443.551	53.8182	4.81249
Gorai.010G113900.1.A	788	682.505	0	0
Gorai.010G113900.1.D	788	682.505	19	1.10416
Gorai.010G114000.1.A	577	471.551	5	0.420558
Gorai.010G114000.1.D	577	471.551	10	0.841116
Gorai.010G114100.1.A	1735	1629.5	1524.09	37.0971
Gorai.010G114100.1.D	1735	1629.5	1437.91	34.9994
Gorai.010G114200.1.A	336	230.63	0	0
Gorai.010G114200.1.D	336	230.63	0	0
Gorai.010G114300.1.A	2554	2448.5	268.922	4.35623
Gorai.010G114300.1.D	2554	2448.5	345.078	5.58986
Gorai.010G114400.1.A	629	523.505	22	1.66681
Gorai.010G114400.1.D	629	523.505	0	0
Gorai.010G114500.1.A	933	827.505	8	0.383446
Gorai.010G114500.1.D	933	827.505	0	0
Gorai.010G114600.1.A	1292	1186.5	213.722	7.14439
Gorai.010G114600.1.D	1292	1186.5	221.278	7.39696
Gorai.010G114700.1.A	450	344.583	3	0.345312
Gorai.010G114700.1.D	450	344.583	0	0
Gorai.010G114800.1.A	1421	1315.5	47	1.41707
Gorai.010G114800.1.D	1421	1315.5	0	0
Gorai.010G114900.1.A	2748	2642.5	87.0588	1.30672
Gorai.010G114900.1.D	2748	2642.5	92.9412	1.39501
Gorai.010G115000.1.A	798	692.505	0	0
Gorai.010G115000.1.D	798	692.505	0	0
Gorai.010G115100.1.A	2519	2413.5	1281.16	21.0542
Gorai.010G115100.1.D	2519	2413.5	608.845	10.0056
Gorai.010G115200.1.A	1240	1134.5	41.4783	1.4501
Gorai.010G115200.1.D	1240	1134.5	11.5217	0.402807
Gorai.010G115300.1.A	1416	1310.5	0	0
Gorai.010G115300.1.D	1416	1310.5	0	0
Gorai.010G115400.1.A	585	479.551	0	0
Gorai.010G115400.1.D	585	479.551	0	0
Gorai.010G115500.1.A	1122	1016.5	0	0
Gorai.010G115500.1.D	1122	1016.5	3	0.117057
Gorai.010G115600.1.A	990	884.505	0	0
Gorai.010G115600.1.D	990	884.505	0	0
Gorai.010G115700.1.A	1137	1031.5	93.9337	3.6119
Gorai.010G115700.1.D	1137	1031.5	97.0161	3.73042
Gorai.010G115800.1.A	1117	1011.5	4	0.156847
Gorai.010G115800.1.D	1117	1011.5	7	0.274483
Gorai.010G115900.1.A	2832	2726.5	294.866	4.28947
Gorai.010G115900.1.D	2832	2726.5	459.134	6.6791
Gorai.010G116000.1.A	1980	1874.5	116.301	2.46083
Gorai.010G116000.1.D	1980	1874.5	195.699	4.14082
Gorai.010G116100.1.A	3351	3245.5	9.18519	0.112251
Gorai.010G116100.1.D	3351	3245.5	21.8148	0.266596
Gorai.010G116200.1.A	2116	2010.5	1038.65	20.4903
Gorai.010G116200.1.D	2116	2010.5	212.351	4.18923
Gorai.010G116300.1.A	1074	968.505	17	0.696197
Gorai.010G116300.1.D	1074	968.505	0	0
Gorai.010G116400.1.A	1941	1835.5	463.849	10.0232
Gorai.010G116400.1.D	1941	1835.5	414.151	8.94928
Gorai.010G116500.1.A	3635	3529.5	353.987	3.97794
Gorai.010G116500.1.D	3635	3529.5	654.013	7.34949
Gorai.010G116600.1.A	1328	1222.5	581.245	18.8579
Gorai.010G116600.1.D	1328	1222.5	81.7551	2.65246
Gorai.010G116700.1.A	594	488.551	81.0048	6.57636
Gorai.010G116700.1.D	594	488.551	81.0048	6.57636
Gorai.010G116800.1.A	2466	2360.5	187.937	3.15786
Gorai.010G116800.1.D	2466	2360.5	118.063	1.98378
Gorai.010G116900.1.A	2133	2027.5	8.81013	0.172348
Gorai.010G116900.1.D	2133	2027.5	78.1899	1.52958
Gorai.010G117000.1.A	1063	957.505	14.4	0.596495
Gorai.010G117000.1.D	1063	957.505	1.6	0.0662772
Gorai.010G117100.1.A	2034	1928.5	10.3125	0.212094
Gorai.010G117100.1.D	2034	1928.5	22.6875	0.466607
Gorai.010G117200.1.A	4005	3899.5	322.608	3.28134
Gorai.010G117200.1.D	4005	3899.5	249.392	2.53663
Gorai.010G117300.1.A	1577	1471.5	653	17.601
Gorai.010G117300.1.D	1577	1471.5	824	22.2101
Gorai.010G117400.1.A	2071	1965.5	623.255	12.577
Gorai.010G117400.1.D	2071	1965.5	562.745	11.3559
Gorai.010G117500.1.A	1142	1036.5	0	0
Gorai.010G117500.1.D	1142	1036.5	2	0.0765321
Gorai.010G117600.1.A	647	541.505	0	0
Gorai.010G117600.1.D	647	541.505	43	3.14957
Gorai.010G117700.1.A	1953	1847.5	10.3226	0.221609
Gorai.010G117700.1.D	1953	1847.5	21.6774	0.465379
Gorai.010G117800.1.A	1289	1183.5	13.8462	0.464028
Gorai.010G117800.1.D	1289	1183.5	6.15385	0.206235
Gorai.010G117900.1.A	1626	1520.5	262.665	6.85171
Gorai.010G117900.1.D	1626	1520.5	111.335	2.90422
Gorai.010G118000.1.A	3783	3677.5	465.765	5.02341
Gorai.010G118000.1.D	3783	3677.5	390.235	4.2088
Gorai.010G118100.1.A	2059	1953.5	20.4167	0.414529
Gorai.010G118100.1.D	2059	1953.5	28.5833	0.580341
Gorai.010G118200.1.A	3234	3128.5	727.867	9.22784
Gorai.010G118200.1.D	3234	3128.5	449.133	5.69408
Gorai.010G118300.1.A	1716	1610.5	30.5455	0.752263
Gorai.010G118300.1.D	1716	1610.5	17.4545	0.429864
Gorai.010G118400.1.A	623	517.505	7.31186	0.560401
Gorai.010G118400.1.D	623	517.505	7.31186	0.560401
Gorai.010G118500.1.A	1350	1244.5	1488.36	47.4346
Gorai.010G118500.1.D	1350	1244.5	903.644	28.7996
Gorai.010G118600.1.A	1271	1165.5	1	0.0340307
Gorai.010G118600.1.D	1271	1165.5	2	0.0680614
Gorai.010G118700.1.A	1421	1315.5	88.3803	2.6647
Gorai.010G118700.1.D	1421	1315.5	611.221	18.4285
Gorai.010G118800.1.A	2039	1933.5	2.39892	0.0492102
Gorai.010G118800.1.D	2039	1933.5	0	0
Gorai.010G118900.1.A	3122	3016.5	179.145	2.35552
Gorai.010G118900.1.D	3122	3016.5	233.855	3.07487
Gorai.010G119000.1.A	2365	2259.5	249.6	4.38143
Gorai.010G119000.1.D	2365	2259.5	14.4	0.252775
Gorai.010G119100.1.A	459	353.551	14.7333	1.65285
Gorai.010G119100.1.D	459	353.551	2.26667	0.254285
Gorai.010G119200.1.A	480	374.551	32.5	3.44157
Gorai.010G119200.1.D	480	374.551	19.5	2.06494
Gorai.010G119300.1.A	1749	1643.5	193.575	4.67158
Gorai.010G119300.1.D	1749	1643.5	331.425	7.99832
Gorai.010G119400.1.A	556	450.551	73.2	6.44394
Gorai.010G119400.1.D	556	450.551	48.8	4.29596
Gorai.010G119500.1.A	3596	3490.5	326.809	3.71356
Gorai.010G119500.1.D	3596	3490.5	428.191	4.86558
Gorai.010G119600.1.A	1003	897.505	2	0.0883849
Gorai.010G119600.1.D	1003	897.505	0	0
Gorai.010G119700.1.A	2106	2000.5	144.075	2.8565
Gorai.010G119700.1.D	2106	2000.5	129.925	2.57595
Gorai.010G119800.1.A	383	277.583	10.5	1.50031
Gorai.010G119800.1.D	383	277.583	10.5	1.50031
Gorai.010G119900.1.A	909	803.505	24.5	1.20938
Gorai.010G119900.1.D	909	803.505	24.5	1.20938
Gorai.010G120000.1.A	570	464.551	1	0.085379
Gorai.010G120000.1.D	570	464.551	0	0
Gorai.010G120100.1.A	509	403.551	7.61129	0.748074
Gorai.010G120100.1.D	509	403.551	7.61129	0.748074
Gorai.010G120200.1.A	1070	964.505	0	0
Gorai.010G120200.1.D	1070	964.505	1330	54.6931
Gorai.010G120300.1.A	1743	1637.5	1.03376	0.0250393
Gorai.010G120300.1.D	1743	1637.5	19749	478.351
Gorai.010G120400.1.A	2558	2452.5	25.5	0.412397
Gorai.010G120400.1.D	2558	2452.5	25.5	0.412397
Gorai.010G120500.1.A	557	451.551	3.13042	0.274967
Gorai.010G120500.1.D	557	451.551	4.06739	0.357267
Gorai.010G120600.1.A	1829	1723.5	2179.72	50.1617
Gorai.010G120600.1.D	1829	1723.5	2031.17	46.7433
Gorai.010G120700.1.A	501	395.551	1	0.100273
Gorai.010G120700.1.D	501	395.551	0	0
Gorai.010G120800.1.A	2794	2688.5	191.849	2.83031
Gorai.010G120800.1.D	2794	2688.5	118.151	1.74306
Gorai.010G120900.1.A	2613	2507.5	9.52303	0.150632
Gorai.010G120900.1.D	2613	2507.5	2.22983	0.0352707
Gorai.010G121000.1.A	4095	3989.5	68.9218	0.685208
Gorai.010G121000.1.D	4095	3989.5	27.3253	0.271664
Gorai.010G121100.1.A	1822	1716.5	233.809	5.40257
Gorai.010G121100.1.D	1822	1716.5	337.064	7.78848
Gorai.010G121200.1.A	312	206.649	0	0
Gorai.010G121200.1.D	312	206.649	0	0
Gorai.010G121300.1.A	1153	1047.5	0	0
Gorai.010G121300.1.D	1153	1047.5	0	0
Gorai.010G121400.1.A	891	785.505	0	0
Gorai.010G121400.1.D	891	785.505	2	0.100987
Gorai.010G121500.1.A	787	681.505	38.3704	2.23312
Gorai.010G121500.1.D	787	681.505	17.6296	1.02603
Gorai.010G121600.1.A	1233	1127.5	229.845	8.08539
Gorai.010G121600.1.D	1233	1127.5	174.155	6.12637
Gorai.010G121700.1.A	441	335.583	0	0
Gorai.010G121700.1.D	441	335.583	0	0
Gorai.010G121800.1.A	1671	1565.5	100.488	2.54592
Gorai.010G121800.1.D	1671	1565.5	105.512	2.67321
Gorai.010G121900.1.A	1540	1434.5	14.4616	0.399853
Gorai.010G121900.1.D	1540	1434.5	14.4616	0.399853
Gorai.010G122000.1.A	1409	1303.5	248.589	7.56406
Gorai.010G122000.1.D	1409	1303.5	423.411	12.8835
Gorai.010G122100.1.A	834	728.505	127.947	6.96601
Gorai.010G122100.1.D	834	728.505	93.0526	5.06619
Gorai.010G122200.1.A	3584	3478.5	3510.69	40.03
Gorai.010G122200.1.D	3584	3478.5	2102.31	23.9711
Gorai.010G122300.1.A	1168	1062.5	1.00069	0.0373555
Gorai.010G122300.1.D	1168	1062.5	1.00069	0.0373555
Gorai.010G122400.1.A	265	159.879	0	0
Gorai.010G122400.1.D	265	159.879	0	0
Gorai.010G122500.1.A	878	772.505	0	0
Gorai.010G122500.1.D	878	772.505	0	0
Gorai.010G122600.1.A	628	522.505	0	0
Gorai.010G122600.1.D	628	522.505	13	0.98682
Gorai.010G122700.1.A	219	114.772	0	0
Gorai.010G122700.1.D	219	114.772	0	0
Gorai.010G122800.1.A	2755	2649.5	211.839	3.17121
Gorai.010G122800.1.D	2755	2649.5	193.539	2.89727
Gorai.010G122900.1.A	2143	2037.5	46.9485	0.913919
Gorai.010G122900.1.D	2143	2037.5	52.0515	1.01326
Gorai.010G123000.1.A	3588	3482.5	1212.97	13.8147
Gorai.010G123000.1.D	3588	3482.5	996.034	11.344
Gorai.010G123100.1.A	1917	1811.5	0	0
Gorai.010G123100.1.D	1917	1811.5	1	0.021895
Gorai.010G123200.1.A	1940	1834.5	82.5659	1.78512
Gorai.010G123200.1.D	1940	1834.5	134.434	2.90654
Gorai.010G123300.1.A	2499	2393.5	409.085	6.77898
Gorai.010G123300.1.D	2499	2393.5	282.667	4.6841
Gorai.010G123400.1.A	300	194.687	0	0
Gorai.010G123400.1.D	300	194.687	0	0
Gorai.010G123500.1.A	1463	1357.5	0	0
Gorai.010G123500.1.D	1463	1357.5	0	0
Gorai.010G123600.1.A	762	656.505	0.500802	0.0302561
Gorai.010G123600.1.D	762	656.505	0.500802	0.0302561
Gorai.010G123700.1.A	1095	989.505	28.35	1.13637
Gorai.010G123700.1.D	1095	989.505	13.65	0.547142
Gorai.010G123800.1.A	643	537.505	143.25	10.5705
Gorai.010G123800.1.D	643	537.505	47.75	3.52351
Gorai.010G123900.1.A	1230	1124.5	5	0.176357
Gorai.010G123900.1.D	1230	1124.5	16	0.564344
Gorai.010G124000.1.A	1962	1856.5	149.293	3.18955
Gorai.010G124000.1.D	1962	1856.5	122.707	2.62155
Gorai.010G124100.1.A	1241	1135.5	3.33333	0.116433
Gorai.010G124100.1.D	1241	1135.5	6.66667	0.232865
Gorai.010G124200.1.A	2364	2258.5	113.038	1.98513
Gorai.010G124200.1.D	2364	2258.5	214.535	3.76757
Gorai.010G124300.1.A	780	674.505	0	0
Gorai.010G124300.1.D	780	674.505	0	0
Gorai.010G124400.1.A	1134	1028.5	9.75	0.375996
Gorai.010G124400.1.D	1134	1028.5	3.25	0.125332
Gorai.010G124500.1.A	1277	1171.5	0	0
Gorai.010G124500.1.D	1277	1171.5	0	0
Gorai.010G124600.1.A	3494	3388.5	1078.49	12.6239
Gorai.010G124600.1.D	3494	3388.5	639.512	7.48558
Gorai.010G124700.1.A	1250	1144.5	127.68	4.42477
Gorai.010G124700.1.D	1250	1144.5	40.32	1.39729
Gorai.010G124800.1.A	1658	1552.5	797.691	20.3792
Gorai.010G124800.1.D	1658	1552.5	673.205	17.1988
Gorai.010G124900.1.A	751	645.505	8.52547	0.523846
Gorai.010G124900.1.D	751	645.505	15.0813	0.926671
Gorai.010G125000.1.A	605	499.551	0.5	0.0396986
Gorai.010G125000.1.D	605	499.551	0.5	0.0396986
Gorai.010G125100.1.A	2047	1941.5	2398.75	49.0041
Gorai.010G125100.1.D	2047	1941.5	1272.25	25.9907
Gorai.010G125200.1.A	1265	1159.5	889.856	30.4391
Gorai.010G125200.1.D	1265	1159.5	1314.14	44.9526
Gorai.010G125300.1.A	825	719.505	0	0
Gorai.010G125300.1.D	825	719.505	0	0
Gorai.010G125400.1.A	3143	3037.5	395.744	5.16752
Gorai.010G125400.1.D	3143	3037.5	349.256	4.56049
Gorai.010G125500.1.A	4005	3899.5	141.505	1.43928
Gorai.010G125500.1.D	4005	3899.5	87.4953	0.889939
Gorai.010G125600.1.A	666	560.505	12.9562	0.916815
Gorai.010G125600.1.D	666	560.505	12.9562	0.916815
Gorai.010G125700.1.A	1781	1675.5	6551.39	155.086
Gorai.010G125700.1.D	1781	1675.5	5867.25	138.891
Gorai.010G125800.1.A	1824	1718.5	0	0
Gorai.010G125800.1.D	1824	1718.5	0	0
Gorai.010G125900.1.A	4131	4025.5	2438.76	24.0289
Gorai.010G125900.1.D	4131	4025.5	2242.24	22.0926
Gorai.010G126000.1.A	2348	2242.5	1057.03	18.6955
Gorai.010G126000.1.D	2348	2242.5	2555.97	45.2072
Gorai.010G126100.1.A	2349	2243.5	2	0.035358
Gorai.010G126100.1.D	2349	2243.5	11	0.194469
Gorai.010G126200.1.A	1329	1223.5	0	0
Gorai.010G126200.1.D	1329	1223.5	0	0
Gorai.010G126300.1.A	1667	1561.5	172.288	4.37619
Gorai.010G126300.1.D	1667	1561.5	238.712	6.0634
Gorai.010G126400.1.A	2358	2252.5	108.575	1.91183
Gorai.010G126400.1.D	2358	2252.5	63.425	1.11681
Gorai.010G126500.1.A	1432	1326.5	8.07546	0.241459
Gorai.010G126500.1.D	1432	1326.5	8.07546	0.241459
Gorai.010G126600.1.A	603	497.551	0	0
Gorai.010G126600.1.D	603	497.551	0	0
Gorai.010G126700.1.A	1449	1343.5	126.407	3.73178
Gorai.010G126700.1.D	1449	1343.5	129.593	3.82585
Gorai.010G126800.1.A	1254	1148.5	7	0.241741
Gorai.010G126800.1.D	1254	1148.5	0	0
Gorai.010G126900.1.A	1226	1120.5	0.5	0.0176987
Gorai.010G126900.1.D	1226	1120.5	0.5	0.0176987
Gorai.010G127000.1.A	2774	2668.5	0	0
Gorai.010G127000.1.D	2774	2668.5	2	0.0297267
Gorai.010G127100.1.A	957	851.505	62.1701	2.89587
Gorai.010G127100.1.D	957	851.505	8056.83	375.286
Gorai.010G127200.1.A	267	161.849	1.0077	0.246947
Gorai.010G127200.1.D	267	161.849	1.0077	0.246947
Gorai.010G127300.1.A	423	317.583	0	0
Gorai.010G127300.1.D	423	317.583	0	0
Gorai.010G127400.1.A	1502	1396.5	251.444	7.14142
Gorai.010G127400.1.D	1502	1396.5	1541.56	43.7826
Gorai.010G127500.1.A	3747	3641.5	89.0263	0.969667
Gorai.010G127500.1.D	3747	3641.5	109.974	1.19782
Gorai.010G127600.1.A	2366	2260.5	104.885	1.84031
Gorai.010G127600.1.D	2366	2260.5	97.1154	1.70399
Gorai.010G127700.1.A	767	661.505	0	0
Gorai.010G127700.1.D	767	661.505	0	0
Gorai.010G127800.1.A	1975	1869.5	0	0
Gorai.010G127800.1.D	1975	1869.5	0	0
Gorai.010G127900.1.A	2071	1965.5	12.8333	0.258971
Gorai.010G127900.1.D	2071	1965.5	78.1667	1.57737
Gorai.010G128000.1.A	1054	948.505	0	0
Gorai.010G128000.1.D	1054	948.505	61	2.55079
Gorai.010G128100.1.A	1521	1415.5	30	0.840611
Gorai.010G128100.1.D	1521	1415.5	0	0
Gorai.010G128200.1.A	1645	1539.5	721.936	18.5996
Gorai.010G128200.1.D	1645	1539.5	403.064	10.3843
Gorai.010G128300.1.A	701	595.505	7.37423	0.491152
Gorai.010G128300.1.D	701	595.505	7.37423	0.491152
Gorai.010G128400.1.A	2692	2586.5	280.107	4.29532
Gorai.010G128400.1.D	2692	2586.5	91.8929	1.40914
Gorai.010G128500.1.A	1516	1410.5	195.245	5.49024
Gorai.010G128500.1.D	1516	1410.5	139.755	3.92985
Gorai.010G128600.1.A	1365	1259.5	0.517462	0.0162953
Gorai.010G128600.1.D	1365	1259.5	0.517462	0.0162953
Gorai.010G128700.1.A	2950	2844.5	30.3662	0.423417
Gorai.010G128700.1.D	2950	2844.5	123.634	1.72391
Gorai.010G128800.1.A	1425	1319.5	224.708	6.75448
Gorai.010G128800.1.D	1425	1319.5	244.292	7.34317
Gorai.010G128900.1.A	3242	3136.5	341.309	4.31605
Gorai.010G128900.1.D	3242	3136.5	544.691	6.88794
Gorai.010G129000.1.A	2922	2816.5	257.929	3.63224
Gorai.010G129000.1.D	2922	2816.5	225.596	3.17692
Gorai.010G129100.1.A	1690	1584.5	354.373	8.87058
Gorai.010G129100.1.D	1690	1584.5	238.147	5.96125
Gorai.010G129200.1.A	733	627.505	23.3231	1.47419
Gorai.010G129200.1.D	733	627.505	23.3231	1.47419
Gorai.010G129300.1.A	2739	2633.5	518.733	7.81258
Gorai.010G129300.1.D	2739	2633.5	313.562	4.72253
Gorai.010G129400.1.A	1983	1877.5	0	0
Gorai.010G129400.1.D	1983	1877.5	28	0.59151
Gorai.010G129500.1.A	371	265.583	2.77359	0.414215
Gorai.010G129500.1.D	371	265.583	0	0
Gorai.010G129600.1.A	1015	909.505	5	0.218047
Gorai.010G129600.1.D	1015	909.505	0	0
Gorai.010G129700.1.A	307	201.687	54.9763	10.8114
Gorai.010G129700.1.D	307	201.687	54.9763	10.8114
Gorai.010G129800.1.A	450	344.583	303.768	34.965
Gorai.010G129800.1.D	450	344.583	0	0
Gorai.010G129900.1.A	912	806.505	8	0.393431
Gorai.010G129900.1.D	912	806.505	0	0
Gorai.010G130000.1.A	2488	2382.5	29.3445	0.488516
Gorai.010G130000.1.D	2488	2382.5	0	0
Gorai.010G130100.1.A	1798	1692.5	0	0
Gorai.010G130100.1.D	1798	1692.5	0	0
Gorai.010G130200.1.A	906	800.505	0	0
Gorai.010G130200.1.D	906	800.505	0	0
Gorai.010G130300.1.A	512	406.551	0	0
Gorai.010G130300.1.D	512	406.551	0	0
Gorai.010G130400.1.A	872	766.505	149.24	7.72245
Gorai.010G130400.1.D	872	766.505	137.76	7.12842
Gorai.010G130500.1.A	1244	1138.5	0	0
Gorai.010G130500.1.D	1244	1138.5	15.5105	0.54035
Gorai.010G130600.1.A	891	785.505	7.24399	0.365775
Gorai.010G130600.1.D	891	785.505	7.24399	0.365775
Gorai.010G130700.1.A	1635	1529.5	0	0
Gorai.010G130700.1.D	1635	1529.5	0	0
Gorai.010G130800.1.A	2465	2359.5	33.369	0.560928
Gorai.010G130800.1.D	2465	2359.5	161.631	2.71699
Gorai.010G130900.1.A	412	306.583	1	0.129371
Gorai.010G130900.1.D	412	306.583	0	0
Gorai.010G131000.1.A	2397	2291.5	58.8657	1.01889
Gorai.010G131000.1.D	2397	2291.5	77.1343	1.33509
Gorai.010G131100.1.A	1630	1524.5	296.706	7.71938
Gorai.010G131100.1.D	1630	1524.5	673.294	17.5171
Gorai.010G131200.1.A	1812	1706.5	12.5172	0.290928
Gorai.010G131200.1.D	1812	1706.5	20.4828	0.476065
Gorai.010G131300.1.A	543	437.551	1	0.0906475
Gorai.010G131300.1.D	543	437.551	0	0
Gorai.010G131400.1.A	1250	1144.5	199.748	6.92229
Gorai.010G131400.1.D	1250	1144.5	74.2519	2.57321
Gorai.010G131500.1.A	1664	1558.5	0	0
Gorai.010G131500.1.D	1664	1558.5	0	0
Gorai.010G131600.1.A	1748	1642.5	89.3986	2.15878
Gorai.010G131600.1.D	1748	1642.5	98.6014	2.38101
Gorai.010G131700.1.A	2060	1954.5	0	0
Gorai.010G131700.1.D	2060	1954.5	72	1.4611
Gorai.010G131800.1.A	1328	1222.5	1	0.032444
Gorai.010G131800.1.D	1328	1222.5	3	0.097332
Gorai.010G131900.1.A	1874	1768.5	0	0
Gorai.010G131900.1.D	1874	1768.5	3	0.0672822
Gorai.010G132000.1.A	884	778.505	71	3.61728
Gorai.010G132000.1.D	884	778.505	39	1.98696
Gorai.010G132100.1.A	1077	971.505	913.25	37.2846
Gorai.010G132100.1.D	1077	971.505	1374.75	56.126
Gorai.010G132200.1.A	291	185.705	0	0
Gorai.010G132200.1.D	291	185.705	0	0
Gorai.010G132300.1.A	585	479.551	0	0
Gorai.010G132300.1.D	585	479.551	0	0
Gorai.010G132400.1.A	618	512.505	0	0
Gorai.010G132400.1.D	618	512.505	0	0
Gorai.010G132500.1.A	489	383.551	0	0
Gorai.010G132500.1.D	489	383.551	0	0
Gorai.010G132600.1.A	484	378.551	0	0
Gorai.010G132600.1.D	484	378.551	0	0
Gorai.010G132700.1.A	603	497.551	0	0
Gorai.010G132700.1.D	603	497.551	0	0
Gorai.010G132800.1.A	603	497.551	0	0
Gorai.010G132800.1.D	603	497.551	0	0
Gorai.010G132900.1.A	528	422.551	0	0
Gorai.010G132900.1.D	528	422.551	0	0
Gorai.010G133000.1.A	435	329.583	0	0
Gorai.010G133000.1.D	435	329.583	0	0
Gorai.010G133100.1.A	504	398.551	0	0
Gorai.010G133100.1.D	504	398.551	0	0
Gorai.010G133200.1.A	456	350.551	0	0
Gorai.010G133200.1.D	456	350.551	0	0
Gorai.010G133300.1.A	579	473.551	0	0
Gorai.010G133300.1.D	579	473.551	0	0
Gorai.010G133400.1.A	1685	1579.5	256.097	6.43084
Gorai.010G133400.1.D	1685	1579.5	417.903	10.494
Gorai.010G133500.1.A	270	164.849	0	0
Gorai.010G133500.1.D	270	164.849	0	0
Gorai.010G133600.1.A	1530	1424.5	47.1429	1.31261
Gorai.010G133600.1.D	1530	1424.5	87.8571	2.44623
Gorai.010G133700.1.A	2483	2377.5	35.5109	0.592413
Gorai.010G133700.1.D	2483	2377.5	63.4891	1.05916
Gorai.010G133800.1.A	471	365.551	21.248	2.30545
Gorai.010G133800.1.D	471	365.551	0	0
Gorai.010G133900.1.A	935	829.505	18.6755	0.892973
Gorai.010G133900.1.D	935	829.505	169.325	8.09629
Gorai.010G134000.1.A	638	532.505	1	0.0744837
Gorai.010G134000.1.D	638	532.505	1	0.0744837
Gorai.010G134100.1.A	2474	2368.5	275.981	4.62158
Gorai.010G134100.1.D	2474	2368.5	221.019	3.70118
Gorai.010G134200.1.A	1788	1682.5	254.264	5.99394
Gorai.010G134200.1.D	1788	1682.5	56.7365	1.33749
Gorai.010G134300.1.A	1001	895.505	66.9767	2.96648
Gorai.010G134300.1.D	1001	895.505	61.0233	2.70279
Gorai.010G134400.1.A	2353	2247.5	38.4	0.677666
Gorai.010G134400.1.D	2353	2247.5	25.6	0.451777
Gorai.010G134500.1.A	4671	4565.5	2604.71	22.6285
Gorai.010G134500.1.D	4671	4565.5	630.293	5.47569
Gorai.010G134600.1.A	1965	1859.5	41.197	0.878726
Gorai.010G134600.1.D	1965	1859.5	371.803	7.9305
Gorai.010G134700.1.A	1511	1405.5	161.196	4.54889
Gorai.010G134700.1.D	1511	1405.5	419.804	11.8468
Gorai.010G134800.1.A	1947	1841.5	443.367	9.5494
Gorai.010G134800.1.D	1947	1841.5	758.87	16.3448
Gorai.010G134900.1.A	934	828.505	35.2639	1.68819
Gorai.010G134900.1.D	934	828.505	67.9625	3.25357
Gorai.010G135000.1.A	2362	2256.5	0	0
Gorai.010G135000.1.D	2362	2256.5	50	0.878858
Gorai.010G135100.1.A	2613	2507.5	45.6857	0.722643
Gorai.010G135100.1.D	2613	2507.5	32.3143	0.511137
Gorai.010G135200.1.A	1558	1452.5	420.277	11.4763
Gorai.010G135200.1.D	1558	1452.5	554.723	15.1476
Gorai.010G135300.1.A	1057	951.505	8.2734	0.344872
Gorai.010G135300.1.D	1057	951.505	8.2734	0.344872
Gorai.010G135400.1.A	798	692.505	2.37523	0.136041
Gorai.010G135400.1.D	798	692.505	2.37523	0.136041
Gorai.010G135500.1.A	1981	1875.5	18.1395	0.383613
Gorai.010G135500.1.D	1981	1875.5	33.8605	0.716077
Gorai.010G135600.1.A	343	237.63	33	5.50804
Gorai.010G135600.1.D	343	237.63	6	1.00146
Gorai.010G135700.1.A	5633	5527.5	36.5	0.261908
Gorai.010G135700.1.D	5633	5527.5	36.5	0.261908
Gorai.010G135800.1.A	1385	1279.5	12.5642	0.389475
Gorai.010G135800.1.D	1385	1279.5	12.5642	0.389475
Gorai.010G135900.1.A	1986	1880.5	0	0
Gorai.010G135900.1.D	1986	1880.5	0	0
Gorai.010G136000.1.A	645	539.505	3.53666	0.260006
Gorai.010G136000.1.D	645	539.505	3.53666	0.260006
Gorai.010G136100.1.A	1644	1538.5	1	0.0257802
Gorai.010G136100.1.D	1644	1538.5	0	0
Gorai.010G136200.1.A	3254	3148.5	2	0.0251948
Gorai.010G136200.1.D	3254	3148.5	0	0
Gorai.010G136300.1.A	3088	2982.5	2	0.0265971
Gorai.010G136300.1.D	3088	2982.5	7	0.0930897
Gorai.010G136400.1.A	1474	1368.5	173.172	5.019
Gorai.010G136400.1.D	1474	1368.5	384.828	11.1533
Gorai.010G136500.1.A	1583	1477.5	274.404	7.36625
Gorai.010G136500.1.D	1583	1477.5	535.596	14.3778
Gorai.010G136600.1.A	2573	2467.5	26.0684	0.419026
Gorai.010G136600.1.D	2573	2467.5	95.9316	1.54202
Gorai.010G136700.1.A	876	770.505	166.602	8.57611
Gorai.010G136700.1.D	876	770.505	199.398	10.2643
Gorai.010G136800.1.A	2391	2285.5	65.7143	1.14041
Gorai.010G136800.1.D	2391	2285.5	72.2857	1.25446
Gorai.010G136900.1.A	1128	1022.5	4	0.15516
Gorai.010G136900.1.D	1128	1022.5	0	0
Gorai.010G137000.1.A	735	629.505	0	0
Gorai.010G137000.1.D	735	629.505	0	0
Gorai.010G137100.1.A	405	299.583	1	0.132394
Gorai.010G137100.1.D	405	299.583	3	0.397181
Gorai.010G137200.1.A	345	239.63	0	0
Gorai.010G137200.1.D	345	239.63	0	0
Gorai.010G137300.1.A	1092	986.505	0	0
Gorai.010G137300.1.D	1092	986.505	1	0.0402055
Gorai.010G137400.1.A	666	560.505	0	0
Gorai.010G137400.1.D	666	560.505	0	0
Gorai.010G137500.1.A	3040	2934.5	101.821	1.37622
Gorai.010G137500.1.D	3040	2934.5	302.179	4.08427
Gorai.010G137600.1.A	1083	977.505	63	2.55627
Gorai.010G137600.1.D	1083	977.505	54	2.19109
Gorai.010G137700.1.A	1326	1220.5	0.519024	0.0168668
Gorai.010G137700.1.D	1326	1220.5	0.519024	0.0168668
Gorai.010G137800.1.A	1667	1561.5	223.964	5.68879
Gorai.010G137800.1.D	1667	1561.5	244.036	6.19863
Gorai.010G137900.1.A	1735	1629.5	141.877	3.45335
Gorai.010G137900.1.D	1735	1629.5	299.123	7.28081
Gorai.010G138000.1.A	2099	1993.5	634.619	12.6264
Gorai.010G138000.1.D	2099	1993.5	613.381	12.2039
Gorai.010G138100.1.A	5704	5598.5	32.5597	0.230671
Gorai.010G138100.1.D	5704	5598.5	134.44	0.95245
Gorai.010G138200.1.A	753	647.505	0	0
Gorai.010G138200.1.D	753	647.505	0	0
Gorai.010G138300.1.A	751	645.505	5.79837	0.35628
Gorai.010G138300.1.D	751	645.505	0	0
Gorai.010G138400.1.A	1483	1377.5	172.676	4.9719
Gorai.010G138400.1.D	1483	1377.5	108.324	3.11902
Gorai.010G138500.1.A	1720	1614.5	91.7841	2.25483
Gorai.010G138500.1.D	1720	1614.5	105.216	2.5848
Gorai.010G138600.1.A	2324	2218.5	101.566	1.81582
Gorai.010G138600.1.D	2324	2218.5	230.434	4.11976
Gorai.010G138700.1.A	2374	2268.5	154.413	2.69978
Gorai.010G138700.1.D	2374	2268.5	149.587	2.61541
Gorai.010G138800.1.A	2084	1978.5	172.87	3.4655
Gorai.010G138800.1.D	2084	1978.5	275.13	5.51552
Gorai.010G138900.1.A	1239	1133.5	67.5	2.36192
Gorai.010G138900.1.D	1239	1133.5	67.5	2.36192
Gorai.010G139000.1.A	1556	1450.5	295.442	8.07863
Gorai.010G139000.1.D	1556	1450.5	101.558	2.77703
Gorai.010G139100.1.A	2094	1988.5	770.726	15.373
Gorai.010G139100.1.D	2094	1988.5	351.408	7.00923
Gorai.010G139200.1.A	675	569.505	0.742836	0.0517345
Gorai.010G139200.1.D	675	569.505	0.742836	0.0517345
Gorai.010G139300.1.A	1402	1296.5	0	0
Gorai.010G139300.1.D	1402	1296.5	0	0
Gorai.010G139400.1.A	834	728.505	30.6921	1.67101
Gorai.010G139400.1.D	834	728.505	30.6921	1.67101
Gorai.010G139500.1.A	830	724.505	213.612	11.6942
Gorai.010G139500.1.D	830	724.505	135.388	7.4118
Gorai.010G139600.1.A	1143	1037.5	189.059	7.22757
Gorai.010G139600.1.D	1143	1037.5	197.941	7.56712
Gorai.010G139700.1.A	1766	1660.5	107.5	2.56775
Gorai.010G139700.1.D	1766	1660.5	107.5	2.56775
Gorai.010G139800.1.A	1332	1226.5	32	1.03482
Gorai.010G139800.1.D	1332	1226.5	0	0
Gorai.010G139900.1.A	1377	1271.5	64.0328	1.99742
Gorai.010G139900.1.D	1377	1271.5	121.967	3.80461
Gorai.010G140000.1.A	201	97.3325	0	0
Gorai.010G140000.1.D	201	97.3325	0	0
Gorai.010G140100.1.A	1280	1174.5	659.873	22.2839
Gorai.010G140100.1.D	1280	1174.5	147.127	4.96845
Gorai.010G140200.1.A	2497	2391.5	239.829	3.97755
Gorai.010G140200.1.D	2497	2391.5	220.171	3.65152
Gorai.010G140300.1.A	1484	1378.5	44.7732	1.28823
Gorai.010G140300.1.D	1484	1378.5	157.227	4.5238
Gorai.010G140400.1.A	1263	1157.5	57.2973	1.96334
Gorai.010G140400.1.D	1263	1157.5	22.7027	0.777929
Gorai.010G140500.1.A	2546	2440.5	49.6125	0.806299
Gorai.010G140500.1.D	2546	2440.5	31.3875	0.510108
Gorai.010G140600.1.A	423	317.583	10.5492	1.31748
Gorai.010G140600.1.D	423	317.583	10.5492	1.31748
Gorai.010G140700.1.A	1385	1279.5	17.6902	0.548373
Gorai.010G140700.1.D	1385	1279.5	199.31	6.17834
Gorai.010G140800.1.A	1568	1462.5	446.057	12.097
Gorai.010G140800.1.D	1568	1462.5	203.943	5.53091
Gorai.010G140900.1.A	2127	2021.5	158.164	3.10326
Gorai.010G140900.1.D	2127	2021.5	128.836	2.52782
Gorai.010G141000.1.A	1857	1751.5	221.119	5.00726
Gorai.010G141000.1.D	1857	1751.5	124.881	2.82793
Gorai.010G141100.1.A	1716	1610.5	973.957	23.9863
Gorai.010G141100.1.D	1716	1610.5	2949.04	72.628
Gorai.010G141200.1.A	477	371.551	0	0
Gorai.010G141200.1.D	477	371.551	0	0
Gorai.010G141300.1.A	3393	3287.5	1461.97	17.6383
Gorai.010G141300.1.D	3393	3287.5	1427.03	17.2168
Gorai.010G141400.1.A	723	617.505	0	0
Gorai.010G141400.1.D	723	617.505	0	0
Gorai.010G141500.1.A	1903	1797.5	19.9149	0.439433
Gorai.010G141500.1.D	1903	1797.5	32.0851	0.707976
Gorai.010G141600.1.A	7321	7215.5	174.809	0.960909
Gorai.010G141600.1.D	7321	7215.5	112.191	0.616703
Gorai.010G141700.1.A	2612	2506.5	344.531	5.45186
Gorai.010G141700.1.D	2612	2506.5	1021.47	16.1637
Gorai.010G141800.1.A	1325	1219.5	21.6514	0.704185
Gorai.010G141800.1.D	1325	1219.5	96.3486	3.13362
Gorai.010G141900.1.A	1911	1805.5	1.00349	0.0220444
Gorai.010G141900.1.D	1911	1805.5	1.00349	0.0220444
Gorai.010G142000.1.A	2183	2077.5	38.8974	0.742615
Gorai.010G142000.1.D	2183	2077.5	43.1026	0.822898
Gorai.010G142100.1.A	1259	1153.5	11.25	0.386828
Gorai.010G142100.1.D	1259	1153.5	8.75	0.300866
Gorai.010G142200.1.A	3111	3005.5	71.9178	0.949082
Gorai.010G142200.1.D	3111	3005.5	3.08219	0.040675
Gorai.010G142300.1.A	2021	1915.5	1318.18	27.2946
Gorai.010G142300.1.D	2021	1915.5	254.82	5.27636
Gorai.010G142400.1.A	2135	2029.5	2	0.0390863
Gorai.010G142400.1.D	2135	2029.5	0	0
Gorai.010G142500.1.A	1960	1854.5	105.5	2.25637
Gorai.010G142500.1.D	1960	1854.5	105.5	2.25637
Gorai.010G142600.1.A	1411	1305.5	199.064	6.04783
Gorai.010G142600.1.D	1411	1305.5	311.936	9.47702
Gorai.010G142700.1.A	2392	2286.5	947.314	16.4326
Gorai.010G142700.1.D	2392	2286.5	17.6861	0.306793
Gorai.010G142800.1.A	1596	1490.5	27.6957	0.736993
Gorai.010G142800.1.D	1596	1490.5	21.3043	0.566917
Gorai.010G142900.1.A	1481	1375.5	180.259	5.1978
Gorai.010G142900.1.D	1481	1375.5	283.741	8.18173
Gorai.010G143000.1.A	285	179.772	413.334	91.1939
Gorai.010G143000.1.D	285	179.772	0	0
Gorai.010G143100.1.A	3807	3701.5	520.3	5.5752
Gorai.010G143100.1.D	3807	3701.5	1294.7	13.8732
Gorai.010G143200.1.A	1211	1105.5	496.603	17.817
Gorai.010G143200.1.D	1211	1105.5	478.397	17.1638
Gorai.010G143300.1.A	2655	2549.5	22934.5	356.795
Gorai.010G143300.1.D	2655	2549.5	33031.3	513.872
Gorai.010G143400.1.A	1509	1403.5	527.286	14.9011
Gorai.010G143400.1.D	1509	1403.5	433.714	12.2567
Gorai.010G143500.1.A	1439	1333.5	79.214	2.35609
Gorai.010G143500.1.D	1439	1333.5	442.786	13.17
Gorai.010G143600.1.A	2087	1981.5	163.511	3.27293
Gorai.010G143600.1.D	2087	1981.5	89.4891	1.79127
Gorai.010G143700.1.A	662	556.505	0	0
Gorai.010G143700.1.D	662	556.505	1	0.0712715
Gorai.010G143800.1.A	978	872.505	1091.63	49.6242
Gorai.010G143800.1.D	978	872.505	597.368	27.1556
Gorai.010G143900.1.A	1938	1832.5	1.5	0.0324662
Gorai.010G143900.1.D	1938	1832.5	1.5	0.0324662
Gorai.010G144000.1.A	873	767.505	0	0
Gorai.010G144000.1.D	873	767.505	0	0
Gorai.010G144100.1.A	2930	2824.5	186.644	2.62094
Gorai.010G144100.1.D	2930	2824.5	122.356	1.71817
Gorai.010G144200.1.A	616	510.505	0	0
Gorai.010G144200.1.D	616	510.505	1	0.0776936
Gorai.010G144300.1.A	1962	1856.5	133.48	2.8517
Gorai.010G144300.1.D	1962	1856.5	112.52	2.40392
Gorai.010G144400.1.A	624	518.505	0	0
Gorai.010G144400.1.D	624	518.505	0	0
Gorai.010G144500.1.A	966	860.505	15.8929	0.732544
Gorai.010G144500.1.D	966	860.505	73.1071	3.3697
Gorai.010G144600.1.A	1014	908.505	0	0
Gorai.010G144600.1.D	1014	908.505	0	0
Gorai.010G144700.1.A	1375	1269.5	0	0
Gorai.010G144700.1.D	1375	1269.5	0	0
Gorai.010G144800.1.A	1613	1507.5	0	0
Gorai.010G144800.1.D	1613	1507.5	4.07355	0.107177
Gorai.010G144900.1.A	335	229.63	1	0.172725
Gorai.010G144900.1.D	335	229.63	3	0.518176
Gorai.010G145000.1.A	1007	901.505	0	0
Gorai.010G145000.1.D	1007	901.505	0	0
Gorai.010G145100.1.A	1442	1336.5	0	0
Gorai.010G145100.1.D	1442	1336.5	0	0
Gorai.010G145200.1.A	646	540.505	31.4096	2.30488
Gorai.010G145200.1.D	646	540.505	31.4096	2.30488
Gorai.010G145300.1.A	1968	1862.5	0	0
Gorai.010G145300.1.D	1968	1862.5	0	0
Gorai.010G145400.1.A	2753	2647.5	1	0.0149813
Gorai.010G145400.1.D	2753	2647.5	0	0
Gorai.010G145500.1.A	1371	1265.5	0	0
Gorai.010G145500.1.D	1371	1265.5	0	0
Gorai.010G145600.1.A	350	244.63	1.58833	0.257522
Gorai.010G145600.1.D	350	244.63	1.58833	0.257522
Gorai.010G145700.1.A	1560	1454.5	0	0
Gorai.010G145700.1.D	1560	1454.5	0	0
Gorai.010G145800.1.A	813	707.505	0	0
Gorai.010G145800.1.D	813	707.505	0	0
Gorai.010G145900.1.A	609	503.551	0	0
Gorai.010G145900.1.D	609	503.551	0	0
Gorai.010G146000.1.A	1839	1733.5	0	0
Gorai.010G146000.1.D	1839	1733.5	0	0
Gorai.010G146100.1.A	2195	2089.5	0	0
Gorai.010G146100.1.D	2195	2089.5	0	0
Gorai.010G146200.1.A	805	699.505	0	0
Gorai.010G146200.1.D	805	699.505	0	0
Gorai.010G146300.1.A	1341	1235.5	0	0
Gorai.010G146300.1.D	1341	1235.5	0	0
Gorai.010G146400.1.A	1329	1223.5	0	0
Gorai.010G146400.1.D	1329	1223.5	5	0.162087
Gorai.010G146500.1.A	1153	1047.5	9.1875	0.347877
Gorai.010G146500.1.D	1153	1047.5	39.8125	1.50747
Gorai.010G146600.1.A	1653	1547.5	20.4902	0.525169
Gorai.010G146600.1.D	1653	1547.5	89.5098	2.29416
Gorai.010G146700.1.A	1346	1240.5	340.303	10.8806
Gorai.010G146700.1.D	1346	1240.5	126.697	4.05092
Gorai.010G146800.1.A	369	263.583	0	0
Gorai.010G146800.1.D	369	263.583	0	0
Gorai.010G146900.1.A	255	149.978	0	0
Gorai.010G146900.1.D	255	149.978	0	0
Gorai.010G147000.1.A	1294	1188.5	1.23077	0.0410734
Gorai.010G147000.1.D	1294	1188.5	14.7692	0.492881
Gorai.010G147100.1.A	1960	1854.5	7	0.149711
Gorai.010G147100.1.D	1960	1854.5	0	0
Gorai.010G147200.1.A	231	126.463	0	0
Gorai.010G147200.1.D	231	126.463	0	0
Gorai.010G147300.1.A	2614	2508.5	1	0.0158114
Gorai.010G147300.1.D	2614	2508.5	0	0
Gorai.010G147400.1.A	2669	2563.5	116.706	1.80569
Gorai.010G147400.1.D	2669	2563.5	108.294	1.67555
Gorai.010G147500.1.A	3200	3094.5	3	0.0384517
Gorai.010G147500.1.D	3200	3094.5	3	0.0384517
Gorai.010G147600.1.A	1525	1419.5	16.3896	0.45795
Gorai.010G147600.1.D	1525	1419.5	1.82107	0.0508833
Gorai.010G147700.1.A	2310	2204.5	1.5	0.0269877
Gorai.010G147700.1.D	2310	2204.5	1.5	0.0269877
Gorai.010G147800.1.A	1612	1506.5	0	0
Gorai.010G147800.1.D	1612	1506.5	30.4981	0.802947
Gorai.010G147900.1.A	727	621.505	0	0
Gorai.010G147900.1.D	727	621.505	0	0
Gorai.010G148000.1.A	818	712.505	78	4.34202
Gorai.010G148000.1.D	818	712.505	78	4.34202
Gorai.010G148100.1.A	570	464.551	0	0
Gorai.010G148100.1.D	570	464.551	0	0
Gorai.010G148200.1.A	465	359.551	0.51968	0.0573272
Gorai.010G148200.1.D	465	359.551	0.51968	0.0573272
Gorai.010G148300.1.A	1113	1007.5	0	0
Gorai.010G148300.1.D	1113	1007.5	0	0
Gorai.010G148400.1.A	1476	1370.5	22.7263	0.657708
Gorai.010G148400.1.D	1476	1370.5	22.7263	0.657708
Gorai.010G148500.1.A	1330	1224.5	110.137	3.56744
Gorai.010G148500.1.D	1330	1224.5	110.137	3.56744
Gorai.010G148600.1.A	1824	1718.5	2	0.0461598
Gorai.010G148600.1.D	1824	1718.5	0	0
Gorai.010G148700.1.A	692	586.505	4.2266	0.285828
Gorai.010G148700.1.D	692	586.505	4.2266	0.285828
Gorai.010G148800.1.A	1794	1688.5	136.769	3.21271
Gorai.010G148800.1.D	1794	1688.5	101.231	2.37791
Gorai.010G148900.1.A	756	650.505	169.388	10.328
Gorai.010G148900.1.D	756	650.505	0	0
Gorai.010G149000.1.A	927	821.505	6.8181	0.329184
Gorai.010G149000.1.D	927	821.505	3.7933	0.183144
Gorai.010G149100.1.A	1524	1418.5	168.046	4.69876
Gorai.010G149100.1.D	1524	1418.5	110.954	3.10239
Gorai.010G149200.1.A	1214	1108.5	0	0
Gorai.010G149200.1.D	1214	1108.5	0	0
Gorai.010G149300.1.A	1107	1001.5	0	0
Gorai.010G149300.1.D	1107	1001.5	0	0
Gorai.010G149400.1.A	643	537.505	0	0
Gorai.010G149400.1.D	643	537.505	9	0.664118
Gorai.010G149500.1.A	796	690.505	4.8	0.275714
Gorai.010G149500.1.D	796	690.505	1.2	0.0689286
Gorai.010G149600.1.A	1412	1306.5	249.652	7.57895
Gorai.010G149600.1.D	1412	1306.5	146.348	4.44284
Gorai.010G149700.1.A	282	176.772	0	0
Gorai.010G149700.1.D	282	176.772	0	0
Gorai.010G149800.1.A	2004	1898.5	0	0
Gorai.010G149800.1.D	2004	1898.5	0	0
Gorai.010G149900.1.A	3003	2897.5	81	1.10878
Gorai.010G149900.1.D	3003	2897.5	0	0
Gorai.010G150000.1.A	2470	2364.5	223.848	3.7549
Gorai.010G150000.1.D	2470	2364.5	378.152	6.34323
Gorai.010G150100.1.A	2687	2581.5	13	0.199736
Gorai.010G150100.1.D	2687	2581.5	9	0.138278
Gorai.010G150200.1.A	1802	1696.5	2.16667	0.050655
Gorai.010G150200.1.D	1802	1696.5	10.8333	0.253275
Gorai.010G150300.1.A	1171	1065.5	939.031	34.955
Gorai.010G150300.1.D	1171	1065.5	285.969	10.6451
Gorai.010G150400.1.A	1657	1551.5	193.022	4.93446
Gorai.010G150400.1.D	1657	1551.5	512.978	13.1139
Gorai.010G150500.1.A	1319	1213.5	2	0.0653692
Gorai.010G150500.1.D	1319	1213.5	5	0.163423
Gorai.010G150600.1.A	473	367.551	0	0
Gorai.010G150600.1.D	473	367.551	0	0
Gorai.010G150700.1.A	2081	1975.5	11.4231	0.229345
Gorai.010G150700.1.D	2081	1975.5	15.5769	0.312744
Gorai.010G150800.1.A	1412	1306.5	32.4762	0.985914
Gorai.010G150800.1.D	1412	1306.5	187.524	5.69286
Gorai.010G150900.1.A	1297	1191.5	4	0.133152
Gorai.010G150900.1.D	1297	1191.5	7	0.233017
Gorai.010G151000.1.A	423	317.583	1	0.12489
Gorai.010G151000.1.D	423	317.583	0	0
Gorai.010G151100.1.A	4810	4704.5	183.573	1.54767
Gorai.010G151100.1.D	4810	4704.5	164.427	1.38626
Gorai.010G151200.1.A	951	845.505	38.2913	1.79626
Gorai.010G151200.1.D	951	845.505	454.709	21.3306
Gorai.010G151300.1.A	1612	1506.5	0	0
Gorai.010G151300.1.D	1612	1506.5	0	0
Gorai.010G151400.1.A	1096	990.505	0	0
Gorai.010G151400.1.D	1096	990.505	0	0
Gorai.010G151500.1.A	688	582.505	0	0
Gorai.010G151500.1.D	688	582.505	0	0
Gorai.010G151600.1.A	2682	2576.5	58.5812	0.901804
Gorai.010G151600.1.D	2682	2576.5	90.4188	1.39192
Gorai.010G151700.1.A	939	833.505	20.5982	0.980178
Gorai.010G151700.1.D	939	833.505	20.5982	0.980178
Gorai.010G151800.1.A	2354	2248.5	2.27273	0.0400902
Gorai.010G151800.1.D	2354	2248.5	47.7273	0.841895
Gorai.010G151900.1.A	673	567.505	0	0
Gorai.010G151900.1.D	673	567.505	63.2964	4.42379
Gorai.010G152000.1.A	2070	1964.5	0	0
Gorai.010G152000.1.D	2070	1964.5	0	0
Gorai.010G152100.1.A	834	728.505	73.9726	4.02739
Gorai.010G152100.1.D	834	728.505	16.0274	0.872601
Gorai.010G152200.1.A	1913	1807.5	547.13	12.0059
Gorai.010G152200.1.D	1913	1807.5	622.87	13.6679
Gorai.010G152300.1.A	1308	1202.5	72.8808	2.40387
Gorai.010G152300.1.D	1308	1202.5	237.119	7.82105
Gorai.010G152400.1.A	3339	3233.5	155.04	1.90176
Gorai.010G152400.1.D	3339	3233.5	167.96	2.06024
Gorai.010G152500.1.A	1730	1624.5	171	4.17503
Gorai.010G152500.1.D	1730	1624.5	95	2.31946
Gorai.010G152600.1.A	686	580.505	0	0
Gorai.010G152600.1.D	686	580.505	0	0
Gorai.010G152700.1.A	636	530.505	5.05228	0.377732
Gorai.010G152700.1.D	636	530.505	5.05228	0.377732
Gorai.010G152800.1.A	1786	1680.5	303.725	7.16846
Gorai.010G152800.1.D	1786	1680.5	373.9	8.82471
Gorai.010G152900.1.A	1722	1616.5	114.238	2.80298
Gorai.010G152900.1.D	1722	1616.5	3114.76	76.4245
Gorai.010G153000.1.A	2493	2387.5	320.498	5.32435
Gorai.010G153000.1.D	2493	2387.5	311.502	5.17489
Gorai.010G153100.1.A	1014	908.505	0	0
Gorai.010G153100.1.D	1014	908.505	4	0.17463
Gorai.010G153200.1.A	1155	1049.5	18.6289	0.704023
Gorai.010G153200.1.D	1155	1049.5	120.371	4.54907
Gorai.010G153300.1.A	2154	2048.5	35.4023	0.685456
Gorai.010G153300.1.D	2154	2048.5	52.5977	1.01839
Gorai.010G153400.1.A	3347	3241.5	124	1.51726
Gorai.010G153400.1.D	3347	3241.5	116	1.41937
Gorai.010G153500.1.A	1297	1191.5	64.0449	2.13194
Gorai.010G153500.1.D	1297	1191.5	30.9551	1.03044
Gorai.010G153600.1.A	2927	2821.5	1485.06	20.8761
Gorai.010G153600.1.D	2927	2821.5	2062.7	28.9962
Gorai.010G153700.1.A	1107	1001.5	798.117	31.6081
Gorai.010G153700.1.D	1107	1001.5	288.883	11.4407
Gorai.010G153800.1.A	2537	2431.5	212.788	3.47101
Gorai.010G153800.1.D	2537	2431.5	187.212	3.05382
Gorai.010G153900.1.A	2683	2577.5	8.69903	0.133862
Gorai.010G153900.1.D	2683	2577.5	119.301	1.83582
Gorai.010G154000.1.A	608	502.551	0.63172	0.0498574
Gorai.010G154000.1.D	608	502.551	0.63172	0.0498574
Gorai.010G154100.1.A	595	489.551	7	0.567133
Gorai.010G154100.1.D	595	489.551	0	0
Gorai.010G154200.1.A	2338	2232.5	1080.72	19.2002
Gorai.010G154200.1.D	2338	2232.5	909.279	16.1544
Gorai.010G154300.1.A	1371	1265.5	23.8596	0.7478
Gorai.010G154300.1.D	1371	1265.5	44.1404	1.38343
Gorai.010G154400.1.A	1281	1175.5	0	0
Gorai.010G154400.1.D	1281	1175.5	0	0
Gorai.010G154500.1.A	1407	1301.5	4.23529	0.129069
Gorai.010G154500.1.D	1407	1301.5	31.7647	0.968019
Gorai.010G154600.1.A	348	242.63	0	0
Gorai.010G154600.1.D	348	242.63	0	0
Gorai.010G154700.1.A	550	444.551	1.42019	0.12671
Gorai.010G154700.1.D	550	444.551	1.42019	0.12671
Gorai.010G154800.1.A	896	790.505	0	0
Gorai.010G154800.1.D	896	790.505	0	0
Gorai.010G154900.1.A	379	273.583	0	0
Gorai.010G154900.1.D	379	273.583	6.05648	0.878043
Gorai.010G155000.1.A	5044	4938.5	236.031	1.89565
Gorai.010G155000.1.D	5044	4938.5	468.969	3.76646
Gorai.010G155100.1.A	1097	991.505	12	0.480033
Gorai.010G155100.1.D	1097	991.505	21	0.840058
Gorai.010G155200.1.A	1966	1860.5	1.15385	0.0245981
Gorai.010G155200.1.D	1966	1860.5	13.8462	0.295178
Gorai.010G155300.1.A	960	854.505	1	0.0464163
Gorai.010G155300.1.D	960	854.505	0	0
Gorai.010G155400.1.A	2959	2853.5	100.693	1.39961
Gorai.010G155400.1.D	2959	2853.5	54.3066	0.754847
Gorai.010G155500.1.A	1941	1835.5	148.018	3.19849
Gorai.010G155500.1.D	1941	1835.5	71.9816	1.55543
Gorai.010G155600.1.A	1360	1254.5	16914.9	534.787
Gorai.010G155600.1.D	1360	1254.5	1820.14	57.5463
Gorai.010G155700.1.A	603	497.551	0	0
Gorai.010G155700.1.D	603	497.551	43.5808	3.4741
Gorai.010G155800.1.A	825	719.505	0	0
Gorai.010G155800.1.D	825	719.505	0	0
Gorai.010G155900.1.A	1543	1437.5	123.395	3.40465
Gorai.010G155900.1.D	1543	1437.5	180.605	4.98317
Gorai.010G156000.1.A	1662	1556.5	0	0
Gorai.010G156000.1.D	1662	1556.5	0	0
Gorai.010G156100.1.A	1436	1330.5	4226.78	126.002
Gorai.010G156100.1.D	1436	1330.5	3977.22	118.563
Gorai.010G156200.1.A	957	851.505	6.34286	0.295449
Gorai.010G156200.1.D	957	851.505	844.657	39.344
Gorai.010G156300.1.A	2056	1950.5	54.8377	1.11511
Gorai.010G156300.1.D	2056	1950.5	4.89045	0.0994459
Gorai.010G156400.1.A	1784	1678.5	114.262	2.70001
Gorai.010G156400.1.D	1784	1678.5	37.9463	0.896669
Gorai.010G156500.1.A	804	698.505	0	0
Gorai.010G156500.1.D	804	698.505	0	0
Gorai.010G156600.1.A	748	642.505	3	0.185195
Gorai.010G156600.1.D	748	642.505	5	0.308659
Gorai.010G156700.1.A	943	837.505	67.0465	3.17522
Gorai.010G156700.1.D	943	837.505	211.953	10.0378
Gorai.010G156800.1.A	1433	1327.5	1	0.0298778
Gorai.010G156800.1.D	1433	1327.5	9	0.2689
Gorai.010G156900.1.A	1027	921.505	17.4962	0.753063
Gorai.010G156900.1.D	1027	921.505	17.4962	0.753063
Gorai.010G157000.1.A	2191	2085.5	53.3898	1.01539
Gorai.010G157000.1.D	2191	2085.5	72.6102	1.38093
Gorai.010G157100.1.A	846	740.505	1233.1	66.0475
Gorai.010G157100.1.D	846	740.505	505.413	27.0709
Gorai.010G157200.1.A	2086	1980.5	101.538	2.03348
Gorai.010G157200.1.D	2086	1980.5	138.462	2.77293
Gorai.010G157300.1.A	681	575.505	0	0
Gorai.010G157300.1.D	681	575.505	0	0
Gorai.010G157400.1.A	3145	3039.5	39.6044	0.516803
Gorai.010G157400.1.D	3145	3039.5	91.4543	1.1934
Gorai.010G157500.1.A	3720	3614.5	53.8113	0.590486
Gorai.010G157500.1.D	3720	3614.5	132.189	1.45054
Gorai.010G157600.1.A	1631	1525.5	266.763	6.9358
Gorai.010G157600.1.D	1631	1525.5	207.237	5.38814
Gorai.010G157700.1.A	597	491.551	0	0
Gorai.010G157700.1.D	597	491.551	0	0
Gorai.010G157800.1.A	1716	1610.5	0	0
Gorai.010G157800.1.D	1716	1610.5	0	0
Gorai.010G157900.1.A	396	290.583	0	0
Gorai.010G157900.1.D	396	290.583	0	0
Gorai.010G158000.1.A	1003	897.505	7	0.309347
Gorai.010G158000.1.D	1003	897.505	0	0
Gorai.010G158100.1.A	519	413.551	0	0
Gorai.010G158100.1.D	519	413.551	0	0
Gorai.010G158200.1.A	1695	1589.5	0	0
Gorai.010G158200.1.D	1695	1589.5	0	0
Gorai.010G158300.1.A	2552	2446.5	522.997	8.47887
Gorai.010G158300.1.D	2552	2446.5	182.003	2.95065
Gorai.010G158400.1.A	1865	1759.5	73.6667	1.6606
Gorai.010G158400.1.D	1865	1759.5	147.333	3.3212
Gorai.010G158500.1.A	869	763.505	13.7345	0.713488
Gorai.010G158500.1.D	869	763.505	13.7345	0.713488
Gorai.010G158600.1.A	1065	959.505	189.586	7.83691
Gorai.010G158600.1.D	1065	959.505	362.414	14.9811
Gorai.010G158700.1.A	1189	1083.5	11.9318	0.436778
Gorai.010G158700.1.D	1189	1083.5	93.0682	3.40687
Gorai.010G158800.1.A	1280	1174.5	0	0
Gorai.010G158800.1.D	1280	1174.5	0	0
Gorai.010G158900.1.A	1826	1720.5	21	0.484115
Gorai.010G158900.1.D	1826	1720.5	48	1.10655
Gorai.010G159000.1.A	1362	1256.5	1.03125	0.0325525
Gorai.010G159000.1.D	1362	1256.5	31.9688	1.00913
Gorai.010G159100.1.A	1617	1511.5	0	0
Gorai.010G159100.1.D	1617	1511.5	0	0
Gorai.010G159200.1.A	2044	1938.5	2006.08	41.0456
Gorai.010G159200.1.D	2044	1938.5	2234.92	45.7277
Gorai.010G159300.1.A	1192	1086.5	8	0.292041
Gorai.010G159300.1.D	1192	1086.5	13	0.474566
Gorai.010G159400.1.A	582	476.551	2.82286	0.234944
Gorai.010G159400.1.D	582	476.551	491.177	40.8802
Gorai.010G159500.1.A	2106	2000.5	0	0
Gorai.010G159500.1.D	2106	2000.5	0	0
Gorai.010G159600.1.A	1750	1644.5	34177.6	824.312
Gorai.010G159600.1.D	1750	1644.5	30992.4	747.489
Gorai.010G159700.1.A	1167	1061.5	4.22857	0.158
Gorai.010G159700.1.D	1167	1061.5	32.7714	1.2245
Gorai.010G159800.1.A	1690	1584.5	7.12844	0.178437
Gorai.010G159800.1.D	1690	1584.5	103.872	2.60009
Gorai.010G159900.1.A	1545	1439.5	2	0.0551064
Gorai.010G159900.1.D	1545	1439.5	2	0.0551064
Gorai.010G160000.1.A	2352	2246.5	1	0.0176554
Gorai.010G160000.1.D	2352	2246.5	1	0.0176554
Gorai.010G160100.1.A	1309	1203.5	486.855	16.0449
Gorai.010G160100.1.D	1309	1203.5	810.384	26.7072
Gorai.010G160200.1.A	1484	1378.5	84.0165	2.41736
Gorai.010G160200.1.D	1484	1378.5	111.745	3.21517
Gorai.010G160300.1.A	426	320.583	0	0
Gorai.010G160300.1.D	426	320.583	1	0.123721
Gorai.010G160400.1.A	1296	1190.5	305.231	10.1691
Gorai.010G160400.1.D	1296	1190.5	195.769	6.52225
Gorai.010G160500.1.A	885	779.505	2	0.101764
Gorai.010G160500.1.D	885	779.505	0	0
Gorai.010G160600.1.A	598	492.551	0	0
Gorai.010G160600.1.D	598	492.551	0	0
Gorai.010G160700.1.A	1457	1351.5	302.641	8.88168
Gorai.010G160700.1.D	1457	1351.5	79.3592	2.32897
Gorai.010G160800.1.A	219	114.772	0	0
Gorai.010G160800.1.D	219	114.772	0	0
Gorai.010G160900.1.A	860	754.505	1	0.0525682
Gorai.010G160900.1.D	860	754.505	1	0.0525682
Gorai.010G161000.1.A	1431	1325.5	3.63158	0.108667
Gorai.010G161000.1.D	1431	1325.5	19.3684	0.579559
Gorai.010G161100.1.A	1370	1264.5	817.512	25.6424
Gorai.010G161100.1.D	1370	1264.5	480.488	15.0712
Gorai.010G161200.1.A	1142	1036.5	27.4114	1.04892
Gorai.010G161200.1.D	1142	1036.5	0	0
Gorai.010G161300.1.A	972	866.505	0	0
Gorai.010G161300.1.D	972	866.505	1	0.0457735
Gorai.010G161400.1.A	2427	2321.5	77.4	1.32238
Gorai.010G161400.1.D	2427	2321.5	30.6	0.522801
Gorai.010G161500.1.A	756	650.505	1	0.0609726
Gorai.010G161500.1.D	756	650.505	0	0
Gorai.010G161600.1.A	447	341.583	0	0
Gorai.010G161600.1.D	447	341.583	0	0
Gorai.010G161700.1.A	2912	2806.5	188.125	2.65868
Gorai.010G161700.1.D	2912	2806.5	843.875	11.9261
Gorai.010G161800.1.A	861	755.505	2.5	0.131247
Gorai.010G161800.1.D	861	755.505	2.5	0.131247
Gorai.010G161900.1.A	558	452.551	0	0
Gorai.010G161900.1.D	558	452.551	0	0
Gorai.010G162000.1.A	819	713.505	0	0
Gorai.010G162000.1.D	819	713.505	0	0
Gorai.010G162100.1.A	954	848.505	0	0
Gorai.010G162100.1.D	954	848.505	0	0
Gorai.010G162200.1.A	602	496.551	3.26653	0.26092
Gorai.010G162200.1.D	602	496.551	3.26653	0.26092
Gorai.010G162300.1.A	954	848.505	4	0.186978
Gorai.010G162300.1.D	954	848.505	0	0
Gorai.010G162400.1.A	1106	1000.5	64	2.53715
Gorai.010G162400.1.D	1106	1000.5	0	0
Gorai.010G162500.1.A	388	282.583	0	0
Gorai.010G162500.1.D	388	282.583	0	0
Gorai.010G162600.1.A	345	239.63	0.309041	0.0511516
Gorai.010G162600.1.D	345	239.63	0.309041	0.0511516
Gorai.010G162700.1.A	3390	3284.5	6.55385	0.0791428
Gorai.010G162700.1.D	3390	3284.5	135.446	1.63562
Gorai.010G162800.1.A	3458	3352.5	82.6695	0.978049
Gorai.010G162800.1.D	3458	3352.5	184.331	2.18078
Gorai.010G162900.1.A	855	749.505	3.5	0.185216
Gorai.010G162900.1.D	855	749.505	3.5	0.185216
Gorai.010G163000.1.A	3222	3116.5	2	0.0254535
Gorai.010G163000.1.D	3222	3116.5	1	0.0127267
Gorai.010G163100.1.A	555	449.551	0	0
Gorai.010G163100.1.D	555	449.551	0	0
Gorai.010G163200.1.A	1592	1486.5	10.166	0.27125
Gorai.010G163200.1.D	1592	1486.5	10.166	0.27125
Gorai.010G163300.1.A	1716	1610.5	0	0
Gorai.010G163300.1.D	1716	1610.5	0	0
Gorai.010G163400.1.A	762	656.505	0	0
Gorai.010G163400.1.D	762	656.505	0	0
Gorai.010G163500.1.A	2199	2093.5	1288.06	24.4032
Gorai.010G163500.1.D	2199	2093.5	1079.94	20.4603
Gorai.010G163600.1.A	1181	1075.5	81.7021	3.01305
Gorai.010G163600.1.D	1181	1075.5	110.298	4.06761
Gorai.010G163700.1.A	2725	2619.5	98.7975	1.49593
Gorai.010G163700.1.D	2725	2619.5	84.2025	1.27494
Gorai.010G163800.1.A	921	815.505	1	0.0486361
Gorai.010G163800.1.D	921	815.505	0	0
Gorai.010G163900.1.A	1686	1580.5	444.407	11.1525
Gorai.010G163900.1.D	1686	1580.5	478.593	12.0103
Gorai.010G164000.1.A	1136	1030.5	7.87684	0.303171
Gorai.010G164000.1.D	1136	1030.5	7.87684	0.303171
Gorai.010G164100.1.A	1568	1462.5	64.9355	1.76104
Gorai.010G164100.1.D	1568	1462.5	67.0645	1.81878
Gorai.010G164200.1.A	874	768.505	0	0
Gorai.010G164200.1.D	874	768.505	0	0
Gorai.010G164300.1.A	2546	2440.5	92.2072	1.49855
Gorai.010G164300.1.D	2546	2440.5	137.793	2.2394
Gorai.010G164400.1.A	1118	1012.5	294.514	11.537
Gorai.010G164400.1.D	1118	1012.5	260.486	10.2041
Gorai.010G164500.1.A	1113	1007.5	4729.01	186.169
Gorai.010G164500.1.D	1113	1007.5	53.9934	2.12559
Gorai.010G164600.1.A	1908	1802.5	84.3333	1.8557
Gorai.010G164600.1.D	1908	1802.5	91.6667	2.01707
Gorai.010G164700.1.A	1156	1050.5	0	0
Gorai.010G164700.1.D	1156	1050.5	0	0
Gorai.010G164800.1.A	1721	1615.5	70.7	1.73579
Gorai.010G164800.1.D	1721	1615.5	434.3	10.6627
Gorai.010G164900.1.A	469	363.551	0	0
Gorai.010G164900.1.D	469	363.551	0	0
Gorai.010G165000.1.A	579	473.551	0	0
Gorai.010G165000.1.D	579	473.551	0	0
Gorai.010G165100.1.A	1100	994.505	0	0
Gorai.010G165100.1.D	1100	994.505	7	0.279175
Gorai.010G165200.1.A	696	590.505	0	0
Gorai.010G165200.1.D	696	590.505	34	2.28371
Gorai.010G165300.1.A	3650	3544.5	21.8182	0.244145
Gorai.010G165300.1.D	3650	3544.5	10.1818	0.113934
Gorai.010G165400.1.A	1237	1131.5	2.2	0.0771172
Gorai.010G165400.1.D	1237	1131.5	8.8	0.308469
Gorai.010G165500.1.A	552	446.551	30.8333	2.73863
Gorai.010G165500.1.D	552	446.551	43.1667	3.83409
Gorai.010G165600.1.A	2058	1952.5	64.1811	1.30377
Gorai.010G165600.1.D	2058	1952.5	178.888	3.6339
Gorai.010G165700.1.A	420	314.583	0	0
Gorai.010G165700.1.D	420	314.583	14	1.76513
Gorai.010G165800.1.A	1410	1304.5	0	0
Gorai.010G165800.1.D	1410	1304.5	0	0
Gorai.010G165900.1.A	1655	1549.5	7	0.17918
Gorai.010G165900.1.D	1655	1549.5	0	0
Gorai.010G166000.1.A	1512	1406.5	0	0
Gorai.010G166000.1.D	1512	1406.5	0	0
Gorai.010G166100.1.A	1512	1406.5	0.5	0.0140998
Gorai.010G166100.1.D	1512	1406.5	0.5	0.0140998
Gorai.010G166200.1.A	441	335.583	0	0
Gorai.010G166200.1.D	441	335.583	1	0.118191
Gorai.010G166300.1.A	444	338.583	0	0
Gorai.010G166300.1.D	444	338.583	0	0
Gorai.010G166400.1.A	1001	895.505	1	0.0442912
Gorai.010G166400.1.D	1001	895.505	0	0
Gorai.010G166500.1.A	1335	1229.5	3	0.0967779
Gorai.010G166500.1.D	1335	1229.5	0	0
Gorai.010G166600.1.A	1213	1107.5	0	0
Gorai.010G166600.1.D	1213	1107.5	0	0
Gorai.010G166700.1.A	1564	1458.5	160.852	4.37425
Gorai.010G166700.1.D	1564	1458.5	344.148	9.35885
Gorai.010G166800.1.A	3196	3090.5	326.078	4.18482
Gorai.010G166800.1.D	3196	3090.5	447.922	5.74854
Gorai.010G166900.1.A	2179	2073.5	22.3077	0.426712
Gorai.010G166900.1.D	2179	2073.5	6.69231	0.128014
Gorai.010G167000.1.A	1862	1756.5	307.178	6.93628
Gorai.010G167000.1.D	1862	1756.5	413.822	9.34434
Gorai.010G167100.1.A	759	653.505	0	0
Gorai.010G167100.1.D	759	653.505	0	0
Gorai.010G167200.1.A	2163	2057.5	496.956	9.57992
Gorai.010G167200.1.D	2163	2057.5	1588.04	30.6131
Gorai.010G167300.1.A	297	191.687	0	0
Gorai.010G167300.1.D	297	191.687	0	0
Gorai.010G167400.1.A	2070	1964.5	347.499	7.01593
Gorai.010G167400.1.D	2070	1964.5	238.501	4.81528
Gorai.010G167500.1.A	459	353.551	0	0
Gorai.010G167500.1.D	459	353.551	0	0
Gorai.010G167600.1.A	2080	1974.5	200.568	4.02891
Gorai.010G167600.1.D	2080	1974.5	291.432	5.85416
Gorai.010G167700.1.A	750	644.505	9	0.553862
Gorai.010G167700.1.D	750	644.505	65	4.00011
Gorai.010G167800.1.A	219	114.772	0	0
Gorai.010G167800.1.D	219	114.772	3	1.03674
Gorai.010G167900.1.A	1001	895.505	203.66	9.02035
Gorai.010G167900.1.D	1001	895.505	164.34	7.2788
Gorai.010G168000.1.A	372	266.583	18	2.67809
Gorai.010G168000.1.D	372	266.583	0	0
Gorai.010G168100.1.A	1971	1865.5	870.21	18.5017
Gorai.010G168100.1.D	1971	1865.5	298.79	6.35265
Gorai.010G168200.1.A	3131	3025.5	192.923	2.52913
Gorai.010G168200.1.D	3131	3025.5	225.077	2.95065
Gorai.010G168300.1.A	2569	2463.5	51.4069	0.827662
Gorai.010G168300.1.D	2569	2463.5	239.899	3.86242
Gorai.010G168400.1.A	2621	2515.5	2	0.0315348
Gorai.010G168400.1.D	2621	2515.5	0	0
Gorai.010G168500.1.A	357	251.63	0	0
Gorai.010G168500.1.D	357	251.63	0	0
Gorai.010G168600.1.A	2772	2666.5	1.17054	0.0174112
Gorai.010G168600.1.D	2772	2666.5	149.829	2.22864
Gorai.010G168700.1.A	776	670.505	0	0
Gorai.010G168700.1.D	776	670.505	19	1.12392
Gorai.010G168800.1.A	875	769.505	2	0.103087
Gorai.010G168800.1.D	875	769.505	1	0.0515435
Gorai.010G168900.1.A	2905	2799.5	626.937	8.88234
Gorai.010G168900.1.D	2905	2799.5	594.063	8.4166
Gorai.010G169000.1.A	276	170.788	0	0
Gorai.010G169000.1.D	276	170.788	0	0
Gorai.010G169100.1.A	852	746.505	0	0
Gorai.010G169100.1.D	852	746.505	10	0.531315
Gorai.010G169200.1.A	1284	1178.5	131.518	4.42628
Gorai.010G169200.1.D	1284	1178.5	841.482	28.3203
Gorai.010G169300.1.A	1373	1267.5	0	0
Gorai.010G169300.1.D	1373	1267.5	3	0.0938764
Gorai.010G169400.1.A	2503	2397.5	0	0
Gorai.010G169400.1.D	2503	2397.5	46	0.760998
Gorai.010G169500.1.A	1211	1105.5	2	0.0717554
Gorai.010G169500.1.D	1211	1105.5	25	0.896942
Gorai.010G169600.1.A	621	515.505	8.88849	0.683881
Gorai.010G169600.1.D	621	515.505	0	0
Gorai.010G169700.1.A	768	662.505	0	0
Gorai.010G169700.1.D	768	662.505	0	0
Gorai.010G169800.1.A	531	425.551	0.5	0.0466018
Gorai.010G169800.1.D	531	425.551	0.5	0.0466018
Gorai.010G169900.1.A	941	835.505	0	0
Gorai.010G169900.1.D	941	835.505	0	0
Gorai.010G170000.1.A	1551	1445.5	128.915	3.53727
Gorai.010G170000.1.D	1551	1445.5	266.238	7.30526
Gorai.010G170100.1.A	1727	1621.5	2894.73	70.8067
Gorai.010G170100.1.D	1727	1621.5	6064.27	148.336
Gorai.010G170200.1.A	1008	902.505	267.989	11.7775
Gorai.010G170200.1.D	1008	902.505	313.011	13.7561
Gorai.010G170300.1.A	454	348.551	0	0
Gorai.010G170300.1.D	454	348.551	0	0
Gorai.010G170400.1.A	716	610.505	423.938	27.5421
Gorai.010G170400.1.D	716	610.505	69.0625	4.48682
Gorai.010G170500.1.A	222	117.654	0	0
Gorai.010G170500.1.D	222	117.654	0	0
Gorai.010G170600.1.A	1263	1157.5	10.8	0.370072
Gorai.010G170600.1.D	1263	1157.5	7.2	0.246714
Gorai.010G170700.1.A	1081	975.505	6	0.243953
Gorai.010G170700.1.D	1081	975.505	12	0.487907
Gorai.010G170800.1.A	2602	2496.5	0	0
Gorai.010G170800.1.D	2602	2496.5	24	0.381297
Gorai.010G170900.1.A	1147	1041.5	46.6944	1.77823
Gorai.010G170900.1.D	1147	1041.5	35.3056	1.34452
Gorai.010G171000.1.A	582	476.551	15.5769	1.29645
Gorai.010G171000.1.D	582	476.551	11.4231	0.950732
Gorai.010G171100.1.A	1088	982.505	0	0
Gorai.010G171100.1.D	1088	982.505	0	0
Gorai.010G171200.1.A	3039	2933.5	8.3	0.112222
Gorai.010G171200.1.D	3039	2933.5	74.7	1.00999
Gorai.010G171300.1.A	1752	1646.5	0	0
Gorai.010G171300.1.D	1752	1646.5	0	0
Gorai.010G171400.1.A	232	127.428	105	32.6821
Gorai.010G171400.1.D	232	127.428	0	0
Gorai.010G171500.1.A	1104	998.505	0	0
Gorai.010G171500.1.D	1104	998.505	0	0
Gorai.010G171600.1.A	1255	1149.5	932.298	32.1684
Gorai.010G171600.1.D	1255	1149.5	1452.7	50.1246
Gorai.010G171700.1.A	1446	1340.5	0	0
Gorai.010G171700.1.D	1446	1340.5	0	0
Gorai.010G171800.1.A	3739	3633.5	321.954	3.51441
Gorai.010G171800.1.D	3739	3633.5	659.046	7.19408
Gorai.010G171900.1.A	2366	2260.5	3	0.0526382
Gorai.010G171900.1.D	2366	2260.5	0	0
Gorai.010G172000.1.A	689	583.505	0.5	0.0339868
Gorai.010G172000.1.D	689	583.505	0.5	0.0339868
Gorai.010G172100.1.A	948	842.505	0.652522	0.0307191
Gorai.010G172100.1.D	948	842.505	0.652522	0.0307191
Gorai.010G172200.1.A	914	808.505	0	0
Gorai.010G172200.1.D	914	808.505	0	0
Gorai.010G172300.1.A	1374	1268.5	2.5	0.0781687
Gorai.010G172300.1.D	1374	1268.5	22.5	0.703518
Gorai.010G172400.1.A	177	75.0539	0	0
Gorai.010G172400.1.D	177	75.0539	0	0
Gorai.010G172500.1.A	2638	2532.5	143.71	2.25072
Gorai.010G172500.1.D	2638	2532.5	152.29	2.38509
Gorai.010G172600.1.A	1239	1133.5	50.8696	1.78
Gorai.010G172600.1.D	1239	1133.5	1.13043	0.0395555
Gorai.010G172700.1.A	228	123.486	0.5	0.160597
Gorai.010G172700.1.D	228	123.486	0.5	0.160597
Gorai.010G172800.1.A	2345	2239.5	1680.07	29.755
Gorai.010G172800.1.D	2345	2239.5	1223.93	21.6766
Gorai.010G172900.1.A	1042	936.505	8	0.338817
Gorai.010G172900.1.D	1042	936.505	0	0
Gorai.010G173000.1.A	1739	1633.5	786.838	19.1051
Gorai.010G173000.1.D	1739	1633.5	727.651	17.668
Gorai.010G173100.1.A	1338	1232.5	695.49	22.3814
Gorai.010G173100.1.D	1338	1232.5	727.51	23.4118
Gorai.010G173200.1.A	2536	2430.5	329.029	5.36936
Gorai.010G173200.1.D	2536	2430.5	212.971	3.47544
Gorai.010G173300.1.A	762	656.505	13.6842	0.826736
Gorai.010G173300.1.D	762	656.505	6.31579	0.38157
Gorai.010G173400.1.A	6163	6057.5	126.869	0.830703
Gorai.010G173400.1.D	6163	6057.5	256.131	1.67708
Gorai.010G173500.1.A	762	656.505	0	0
Gorai.010G173500.1.D	762	656.505	0	0
Gorai.010G173600.1.A	1050	944.505	2.36641	0.0993736
Gorai.010G173600.1.D	1050	944.505	152.634	6.4096
Gorai.010G173700.1.A	681	575.505	3	0.206756
Gorai.010G173700.1.D	681	575.505	3	0.206756
Gorai.010G173800.1.A	1368	1262.5	1174.16	36.8875
Gorai.010G173800.1.D	1368	1262.5	1478.84	46.4593
Gorai.010G173900.1.A	564	458.551	0	0
Gorai.010G173900.1.D	564	458.551	0	0
Gorai.010G174000.1.A	1317	1211.5	706.215	23.1205
Gorai.010G174000.1.D	1317	1211.5	13.785	0.451301
Gorai.010G174100.1.A	554	448.551	388.896	34.3879
Gorai.010G174100.1.D	554	448.551	4.10444	0.362933
Gorai.010G174200.1.A	4911	4805.5	159.573	1.31706
Gorai.010G174200.1.D	4911	4805.5	242.427	2.00091
Gorai.010G174300.1.A	1997	1891.5	0	0
Gorai.010G174300.1.D	1997	1891.5	0	0
Gorai.010G174400.1.A	621	515.505	0	0
Gorai.010G174400.1.D	621	515.505	0	0
Gorai.010G174500.1.A	1383	1277.5	1	0.0310472
Gorai.010G174500.1.D	1383	1277.5	4	0.124189
Gorai.010G174600.1.A	348	242.63	22	3.59636
Gorai.010G174600.1.D	348	242.63	0	0
Gorai.010G174700.1.A	2480	2374.5	159.714	2.66781
Gorai.010G174700.1.D	2480	2374.5	184.286	3.07825
Gorai.010G174800.1.A	2246	2140.5	116.03	2.15001
Gorai.010G174800.1.D	2246	2140.5	2874.97	53.2724
Gorai.010G174900.1.A	2753	2647.5	127.833	1.9151
Gorai.010G174900.1.D	2753	2647.5	132.167	1.98002
Gorai.010G175000.1.A	519	413.551	0	0
Gorai.010G175000.1.D	519	413.551	0	0
Gorai.010G175100.1.A	524	418.551	20	1.89525
Gorai.010G175100.1.D	524	418.551	8	0.758099
Gorai.010G175200.1.A	2555	2449.5	218.452	3.53723
Gorai.010G175200.1.D	2555	2449.5	498.548	8.0726
Gorai.010G175300.1.A	3000	2894.5	176.424	2.41751
Gorai.010G175300.1.D	3000	2894.5	178.576	2.447
Gorai.010G175400.1.A	2148	2042.5	3	0.0582563
Gorai.010G175400.1.D	2148	2042.5	1	0.0194188
Gorai.010G175500.1.A	4336	4230.5	1961.11	18.3863
Gorai.010G175500.1.D	4336	4230.5	1911.89	17.9248
Gorai.010G175600.1.A	1833	1727.5	95.6489	2.19607
Gorai.010G175600.1.D	1833	1727.5	128.004	2.93894
Gorai.010G175700.1.A	3671	3565.5	178.286	1.98326
Gorai.010G175700.1.D	3671	3565.5	133.714	1.48745
Gorai.010G175800.1.A	2040	1934.5	1	0.0205029
Gorai.010G175800.1.D	2040	1934.5	0	0
Gorai.010G175900.1.A	1477	1371.5	121.951	3.52675
Gorai.010G175900.1.D	1477	1371.5	37.0485	1.07142
Gorai.010G176000.1.A	1546	1440.5	34	0.936158
Gorai.010G176000.1.D	1546	1440.5	0	0
Gorai.010G176100.1.A	2266	2160.5	756	13.8788
Gorai.010G176100.1.D	2266	2160.5	0	0
Gorai.010G176200.1.A	1462	1356.5	27.871	0.814921
Gorai.010G176200.1.D	1462	1356.5	4.12903	0.120729
Gorai.010G176300.1.A	1001	895.505	10.8323	0.479777
Gorai.010G176300.1.D	1001	895.505	10.8323	0.479777
Gorai.010G176400.1.A	546	440.551	0	0
Gorai.010G176400.1.D	546	440.551	0	0
Gorai.010G176500.1.A	683	577.505	0	0
Gorai.010G176500.1.D	683	577.505	0	0
Gorai.010G176600.1.A	977	871.505	19.4862	0.886834
Gorai.010G176600.1.D	977	871.505	19.4862	0.886834
Gorai.010G176700.1.A	1101	995.505	18	0.717157
Gorai.010G176700.1.D	1101	995.505	33	1.31479
Gorai.010G176800.1.A	493	387.551	1	0.102342
Gorai.010G176800.1.D	493	387.551	3	0.307027
Gorai.010G176900.1.A	1644	1538.5	109.65	2.82681
Gorai.010G176900.1.D	1644	1538.5	267.35	6.89233
Gorai.010G177000.1.A	1363	1257.5	19469.4	614.083
Gorai.010G177000.1.D	1363	1257.5	31730	1000.79
Gorai.010G177100.1.A	570	464.551	14.0694	1.20123
Gorai.010G177100.1.D	570	464.551	6.61477	0.564762
Gorai.010G177200.1.A	514	408.551	48.3333	4.69229
Gorai.010G177200.1.D	514	408.551	9.66667	0.938458
Gorai.010G177300.1.A	1399	1293.5	19.7931	0.606919
Gorai.010G177300.1.D	1399	1293.5	144.207	4.42184
Gorai.010G177400.1.A	1774	1668.5	825.573	19.6251
Gorai.010G177400.1.D	1774	1668.5	1465.43	34.8355
Gorai.010G177500.1.A	2027	1921.5	1	0.0206416
Gorai.010G177500.1.D	2027	1921.5	0	0
Gorai.010G177600.1.A	429	323.583	0	0
Gorai.010G177600.1.D	429	323.583	0	0
Gorai.010G177700.1.A	1986	1880.5	18	0.37965
Gorai.010G177700.1.D	1986	1880.5	2	0.0421833
Gorai.010G177800.1.A	3302	3196.5	69.8824	0.867116
Gorai.010G177800.1.D	3302	3196.5	20.1176	0.249624
Gorai.010G177900.1.A	851	745.505	0	0
Gorai.010G177900.1.D	851	745.505	2.0549	0.109326
Gorai.010G178000.1.A	996	890.505	0	0
Gorai.010G178000.1.D	996	890.505	0	0
Gorai.010G178100.1.A	1026	920.505	0	0
Gorai.010G178100.1.D	1026	920.505	0	0
Gorai.010G178200.1.A	4405	4299.5	154.793	1.42797
Gorai.010G178200.1.D	4405	4299.5	164.207	1.51481
Gorai.010G178300.1.A	1745	1639.5	75.4839	1.82611
Gorai.010G178300.1.D	1745	1639.5	314.516	7.60878
Gorai.010G178400.1.A	1024	918.505	0.541631	0.0233887
Gorai.010G178400.1.D	1024	918.505	0.541631	0.0233887
Gorai.010G178500.1.A	2536	2430.5	0	0
Gorai.010G178500.1.D	2536	2430.5	0	0
Gorai.010G178600.1.A	989	883.505	0	0
Gorai.010G178600.1.D	989	883.505	0	0
Gorai.010G178700.1.A	421	315.583	0	0
Gorai.010G178700.1.D	421	315.583	0	0
Gorai.010G178800.1.A	1551	1445.5	1	0.0274388
Gorai.010G178800.1.D	1551	1445.5	0	0
Gorai.010G178900.1.A	1779	1673.5	353.622	8.38102
Gorai.010G178900.1.D	1779	1673.5	20.3782	0.482974
Gorai.010G179000.1.A	1557	1451.5	52.2532	1.42784
Gorai.010G179000.1.D	1557	1451.5	33.7468	0.922146
Gorai.010G179100.1.A	4438	4332.5	1137.17	10.4105
Gorai.010G179100.1.D	4438	4332.5	799.832	7.32225
Gorai.010G179200.1.A	613	507.551	17.6	1.37536
Gorai.010G179200.1.D	613	507.551	6.4	0.500132
Gorai.010G179300.1.A	1626	1520.5	3	0.0782561
Gorai.010G179300.1.D	1626	1520.5	6	0.156512
Gorai.010G179400.1.A	1672	1566.5	312.199	7.90468
Gorai.010G179400.1.D	1672	1566.5	173.801	4.40054
Gorai.010G179500.1.A	1403	1297.5	842.208	25.7451
Gorai.010G179500.1.D	1403	1297.5	847.792	25.9159
Gorai.010G179600.1.A	1170	1064.5	0	0
Gorai.010G179600.1.D	1170	1064.5	12.9591	0.482849
Gorai.010G179700.1.A	4462	4356.5	2.90276	0.0264276
Gorai.010G179700.1.D	4462	4356.5	13.1744	0.119944
Gorai.010G179800.1.A	1013	907.505	78	3.40903
Gorai.010G179800.1.D	1013	907.505	103.923	4.542
Gorai.010G179900.1.A	1685	1579.5	33.9706	0.853035
Gorai.010G179900.1.D	1685	1579.5	71.0294	1.78362
Gorai.010G180000.1.A	330	224.63	0	0
Gorai.010G180000.1.D	330	224.63	0	0
Gorai.010G180100.1.A	2063	1957.5	1351.85	27.3912
Gorai.010G180100.1.D	2063	1957.5	2242.15	45.4304
Gorai.010G180200.1.A	2597	2491.5	48.6597	0.774627
Gorai.010G180200.1.D	2597	2491.5	71.006	1.13036
Gorai.010G180300.1.A	1859	1753.5	12.5714	0.284356
Gorai.010G180300.1.D	1859	1753.5	19.4286	0.439459
Gorai.010G180400.1.A	585	479.551	0	0
Gorai.010G180400.1.D	585	479.551	12	0.992501
Gorai.010G180500.1.A	2687	2581.5	34.4749	0.529681
Gorai.010G180500.1.D	2687	2581.5	152.525	2.34344
Gorai.010G180600.1.A	684	578.505	0	0
Gorai.010G180600.1.D	684	578.505	0	0
Gorai.010G180700.1.A	2482	2376.5	141.567	2.36269
Gorai.010G180700.1.D	2482	2376.5	13.4333	0.224197
Gorai.010G180800.1.A	1502	1396.5	4894.67	139.016
Gorai.010G180800.1.D	1502	1396.5	3516.33	99.8693
Gorai.010G180900.1.A	1359	1253.5	1375.96	43.5377
Gorai.010G180900.1.D	1359	1253.5	460.038	14.5564
Gorai.010G181000.1.A	3234	3128.5	332.953	4.22116
Gorai.010G181000.1.D	3234	3128.5	126.047	1.59801
Gorai.010G181100.1.A	1282	1176.5	0.5	0.0168563
Gorai.010G181100.1.D	1282	1176.5	0.5	0.0168563
Gorai.010G181200.1.A	1409	1303.5	64.1667	1.95246
Gorai.010G181200.1.D	1409	1303.5	1.83333	0.0557845
Gorai.010G181300.1.A	1185	1079.5	0	0
Gorai.010G181300.1.D	1185	1079.5	2	0.0734836
Gorai.010G181400.1.A	1417	1311.5	18.2812	0.552867
Gorai.010G181400.1.D	1417	1311.5	176.719	5.34438
Gorai.010G181500.1.A	2137	2031.5	1899.22	37.0801
Gorai.010G181500.1.D	2137	2031.5	1668.78	32.5812
Gorai.010G181600.1.A	2127	2021.5	243.514	4.77786
Gorai.010G181600.1.D	2127	2021.5	179.486	3.52161
Gorai.010G181700.1.A	1920	1814.5	5.83333	0.12751
Gorai.010G181700.1.D	1920	1814.5	8.16667	0.178514
Gorai.010G181800.1.A	1350	1244.5	0	0
Gorai.010G181800.1.D	1350	1244.5	0	0
Gorai.010G181900.1.A	1269	1163.5	0	0
Gorai.010G181900.1.D	1269	1163.5	0	0
Gorai.010G182000.1.A	1109	1003.5	1466.5	57.9626
Gorai.010G182000.1.D	1109	1003.5	1091.5	43.1408
Gorai.010G182100.1.A	1421	1315.5	3.25714	0.098204
Gorai.010G182100.1.D	1421	1315.5	34.7429	1.04751
Gorai.010G182200.1.A	366	260.583	0	0
Gorai.010G182200.1.D	366	260.583	0	0
Gorai.010G182300.1.A	315	209.649	0	0
Gorai.010G182300.1.D	315	209.649	0	0
Gorai.010G182400.1.A	2001	1895.5	8973.43	187.767
Gorai.010G182400.1.D	2001	1895.5	14534.6	304.132
Gorai.010G182500.1.A	2125	2019.5	0	0
Gorai.010G182500.1.D	2125	2019.5	0	0
Gorai.010G182600.1.A	1338	1232.5	0	0
Gorai.010G182600.1.D	1338	1232.5	2.25535	0.0725788
Gorai.010G182700.1.A	1182	1076.5	0	0
Gorai.010G182700.1.D	1182	1076.5	5.74465	0.211657
Gorai.010G182800.1.A	1270	1164.5	143.065	4.87279
Gorai.010G182800.1.D	1270	1164.5	75.9347	2.58633
Gorai.010G182900.1.A	2247	2141.5	75.0316	1.38966
Gorai.010G182900.1.D	2247	2141.5	23.9684	0.443921
Gorai.010G183000.1.A	1597	1491.5	108.097	2.87458
Gorai.010G183000.1.D	1597	1491.5	73.903	1.96527
Gorai.010G183100.1.A	3416	3310.5	52.1111	0.62434
Gorai.010G183100.1.D	3416	3310.5	14.8889	0.178383
Gorai.010G183200.1.A	402	296.583	0	0
Gorai.010G183200.1.D	402	296.583	0	0
Gorai.010G183300.1.A	381	275.583	11.2349	1.61697
Gorai.010G183300.1.D	381	275.583	11.2349	1.61697
Gorai.010G183400.1.A	4002	3896.5	97.0395	0.987775
Gorai.010G183400.1.D	4002	3896.5	371.534	3.78189
Gorai.010G183500.1.A	4241	4135.5	40.5964	0.389353
Gorai.010G183500.1.D	4241	4135.5	45.8298	0.439546
Gorai.010G183600.1.A	1488	1382.5	7	0.200824
Gorai.010G183600.1.D	1488	1382.5	11	0.315581
Gorai.010G183700.1.A	552	446.551	0	0
Gorai.010G183700.1.D	552	446.551	0	0
Gorai.010G183800.1.A	2608	2502.5	0	0
Gorai.010G183800.1.D	2608	2502.5	0	0
Gorai.010G183900.1.A	710	604.505	384.325	25.2165
Gorai.010G183900.1.D	710	604.505	424.675	27.8639
Gorai.010G184000.1.A	2134	2028.5	106.189	2.07629
Gorai.010G184000.1.D	2134	2028.5	125.811	2.45996
Gorai.010G184100.1.A	435	329.583	0	0
Gorai.010G184100.1.D	435	329.583	0	0
Gorai.010G184200.1.A	876	770.505	65.6949	3.38175
Gorai.010G184200.1.D	876	770.505	70.3051	3.61907
Gorai.010G184300.1.A	2872	2766.5	2903.48	41.6267
Gorai.010G184300.1.D	2872	2766.5	4556.52	65.3262
Gorai.010G184400.1.A	468	362.551	0	0
Gorai.010G184400.1.D	468	362.551	0	0
Gorai.010G184500.1.A	2369	2263.5	2	0.0350456
Gorai.010G184500.1.D	2369	2263.5	3	0.0525684
Gorai.010G184600.1.A	2258	2152.5	0	0
Gorai.010G184600.1.D	2258	2152.5	1	0.0184264
Gorai.010G184700.1.A	1779	1673.5	3	0.0711016
Gorai.010G184700.1.D	1779	1673.5	1	0.0237005
Gorai.010G184800.1.A	984	878.505	1.5	0.0677224
Gorai.010G184800.1.D	984	878.505	1.5	0.0677224
Gorai.010G184900.1.A	1269	1163.5	6	0.204535
Gorai.010G184900.1.D	1269	1163.5	0	0
Gorai.010G185000.1.A	867	761.505	0	0
Gorai.010G185000.1.D	867	761.505	0	0
Gorai.010G185100.1.A	630	524.505	0	0
Gorai.010G185100.1.D	630	524.505	0	0
Gorai.010G185200.1.A	495	389.551	53.9636	5.49441
Gorai.010G185200.1.D	495	389.551	2.03636	0.207336
Gorai.010G185300.1.A	1098	992.505	2161.51	86.3793
Gorai.010G185300.1.D	1098	992.505	1786.49	71.3926
Gorai.010G185400.1.A	2237	2131.5	920.618	17.1308
Gorai.010G185400.1.D	2237	2131.5	556.382	10.3531
Gorai.010G185500.1.A	552	446.551	8212	729.394
Gorai.010G185500.1.D	552	446.551	0	0
Gorai.010G185600.1.A	2211	2105.5	1.11111	0.0209308
Gorai.010G185600.1.D	2211	2105.5	8.88889	0.167447
Gorai.010G185700.1.A	1546	1440.5	36.439	1.00331
Gorai.010G185700.1.D	1546	1440.5	46.561	1.28201
Gorai.010G185800.1.A	1133	1027.5	196.618	7.58971
Gorai.010G185800.1.D	1133	1027.5	96.3816	3.72045
Gorai.010G185900.1.A	707	601.505	722.159	47.6188
Gorai.010G185900.1.D	707	601.505	858.841	56.6316
Gorai.010G186000.1.A	1962	1856.5	52.3585	1.1186
Gorai.010G186000.1.D	1962	1856.5	58.6415	1.25284
Gorai.010G186100.1.A	845	739.505	36	1.93084
Gorai.010G186100.1.D	845	739.505	0	0
Gorai.010G186200.1.A	925	819.505	42.5714	2.0604
Gorai.010G186200.1.D	925	819.505	106.429	5.151
Gorai.010G186300.1.A	2433	2327.5	1028.4	17.5249
Gorai.010G186300.1.D	2433	2327.5	775.838	13.221
Gorai.010G186400.1.A	1708	1602.5	14.5526	0.360186
Gorai.010G186400.1.D	1708	1602.5	459.447	11.3716
Gorai.010G186500.1.A	1044	938.505	58.625	2.4776
Gorai.010G186500.1.D	1044	938.505	8.375	0.353943
Gorai.010G186600.1.A	2461	2355.5	76.8337	1.29376
Gorai.010G186600.1.D	2461	2355.5	119.993	2.0205
Gorai.010G186700.1.A	969	863.505	18820.1	864.455
Gorai.010G186700.1.D	969	863.505	841.896	38.6704
Gorai.010G186800.1.A	3543	3437.5	922.232	10.641
Gorai.010G186800.1.D	3543	3437.5	686.768	7.92413
Gorai.010G186900.1.A	1874	1768.5	229.924	5.15659
Gorai.010G186900.1.D	1874	1768.5	256.076	5.74312
Gorai.010G187000.1.A	2476	2370.5	52.4407	0.87743
Gorai.010G187000.1.D	2476	2370.5	66.5593	1.11366
Gorai.010G187100.1.A	1811	1705.5	276.117	6.42134
Gorai.010G187100.1.D	1811	1705.5	525.883	12.2298
Gorai.010G187200.1.A	1661	1555.5	25	0.637461
Gorai.010G187200.1.D	1661	1555.5	35	0.892445
Gorai.010G187300.1.A	547	441.551	20	1.79653
Gorai.010G187300.1.D	547	441.551	128	11.4978
Gorai.010G187400.1.A	484	378.551	1.5	0.157163
Gorai.010G187400.1.D	484	378.551	1.5	0.157163
Gorai.010G187500.1.A	629	523.505	1	0.0757643
Gorai.010G187500.1.D	629	523.505	0	0
Gorai.010G187600.1.A	739	633.505	1.59114	0.0996192
Gorai.010G187600.1.D	739	633.505	1.59114	0.0996192
Gorai.010G187700.1.A	1118	1012.5	2721.56	106.612
Gorai.010G187700.1.D	1118	1012.5	6948.44	272.192
Gorai.010G187800.1.A	1752	1646.5	214.496	5.16703
Gorai.010G187800.1.D	1752	1646.5	311.504	7.50388
Gorai.010G187900.1.A	1395	1289.5	0	0
Gorai.010G187900.1.D	1395	1289.5	0	0
Gorai.010G188000.1.A	1870	1764.5	228.998	5.14746
Gorai.010G188000.1.D	1870	1764.5	239.002	5.37235
Gorai.010G188100.1.A	1407	1301.5	370.947	11.3045
Gorai.010G188100.1.D	1407	1301.5	401.053	12.222
Gorai.010G188200.1.A	1435	1329.5	89.4667	2.66905
Gorai.010G188200.1.D	1435	1329.5	108.533	3.23786
Gorai.010G188300.1.A	2685	2579.5	2140.78	32.917
Gorai.010G188300.1.D	2685	2579.5	1770.22	27.2192
Gorai.010G188400.1.A	2531	2425.5	14.2083	0.232341
Gorai.010G188400.1.D	2531	2425.5	16.7917	0.274585
Gorai.010G188500.1.A	834	728.505	0	0
Gorai.010G188500.1.D	834	728.505	0	0
Gorai.010G188600.1.A	1436	1330.5	7	0.208673
Gorai.010G188600.1.D	1436	1330.5	3	0.0894313
Gorai.010G188700.1.A	1069	963.505	0	0
Gorai.010G188700.1.D	1069	963.505	5	0.205826
Gorai.010G188800.1.A	576	470.551	13	1.09577
Gorai.010G188800.1.D	576	470.551	1	0.0842904
Gorai.010G188900.1.A	1458	1352.5	4.5	0.131965
Gorai.010G188900.1.D	1458	1352.5	4.5	0.131965
Gorai.010G189000.1.A	1057	951.505	0	0
Gorai.010G189000.1.D	1057	951.505	3	0.125053
Gorai.010G189100.1.A	1158	1052.5	0	0
Gorai.010G189100.1.D	1158	1052.5	0	0
Gorai.010G189200.1.A	1488	1382.5	0	0
Gorai.010G189200.1.D	1488	1382.5	0	0
Gorai.010G189300.1.A	715	609.505	0	0
Gorai.010G189300.1.D	715	609.505	0	0
Gorai.010G189400.1.A	723	617.505	0	0
Gorai.010G189400.1.D	723	617.505	0	0
Gorai.010G189500.1.A	539	433.551	0	0
Gorai.010G189500.1.D	539	433.551	0	0
Gorai.010G189600.1.A	3001	2895.5	17.6923	0.242351
Gorai.010G189600.1.D	3001	2895.5	5.30769	0.0727054
Gorai.010G189700.1.A	1163	1057.5	0	0
Gorai.010G189700.1.D	1163	1057.5	0	0
Gorai.010G189800.1.A	799	693.505	14	0.800688
Gorai.010G189800.1.D	799	693.505	8	0.457536
Gorai.010G189900.1.A	2217	2111.5	20.5	0.385076
Gorai.010G189900.1.D	2217	2111.5	20.5	0.385076
Gorai.010G190000.1.A	450	344.583	2	0.230208
Gorai.010G190000.1.D	450	344.583	56	6.44583
Gorai.010G190100.1.A	1315	1209.5	3804.06	124.745
Gorai.010G190100.1.D	1315	1209.5	7974.94	261.52
Gorai.010G190200.1.A	1146	1040.5	0	0
Gorai.010G190200.1.D	1146	1040.5	0	0
Gorai.010G190300.1.A	3066	2960.5	6189.62	82.9245
Gorai.010G190300.1.D	3066	2960.5	2198.37	29.4523
Gorai.010G190400.1.A	1037	931.505	3.09653	0.131848
Gorai.010G190400.1.D	1037	931.505	99.9196	4.25452
Gorai.010G190500.1.A	1521	1415.5	137.602	3.85567
Gorai.010G190500.1.D	1521	1415.5	43.3977	1.21602
Gorai.010G190600.1.A	4362	4256.5	377.541	3.518
Gorai.010G190600.1.D	4362	4256.5	327.459	3.05133
Gorai.010G190700.1.A	1713	1607.5	127.062	3.13509
Gorai.010G190700.1.D	1713	1607.5	328.938	8.11608
Gorai.010G190800.1.A	2483	2377.5	1016.77	16.9623
Gorai.010G190800.1.D	2483	2377.5	1846.05	30.7968
Gorai.010G190900.1.A	2860	2754.5	27.1431	0.390842
Gorai.010G190900.1.D	2860	2754.5	82.0421	1.18135
Gorai.010G191000.1.A	2219	2113.5	9	0.168898
Gorai.010G191000.1.D	2219	2113.5	0	0
Gorai.010G191100.1.A	2564	2458.5	1	0.016133
Gorai.010G191100.1.D	2564	2458.5	1	0.016133
Gorai.010G191200.1.A	1854	1748.5	5.39994	0.122492
Gorai.010G191200.1.D	1854	1748.5	0	0
Gorai.010G191300.1.A	2744	2638.5	32.6001	0.490056
Gorai.010G191300.1.D	2744	2638.5	0	0
Gorai.010G191400.1.A	3853	3747.5	421.911	4.46543
Gorai.010G191400.1.D	3853	3747.5	713.089	7.54721
Gorai.010G191500.1.A	2109	2003.5	420.854	8.33156
Gorai.010G191500.1.D	2109	2003.5	178.146	3.52671
Gorai.010G191600.1.A	447	341.583	3.04154	0.353168
Gorai.010G191600.1.D	447	341.583	3.04154	0.353168
Gorai.010G191700.1.A	432	326.583	2.62702	0.319047
Gorai.010G191700.1.D	432	326.583	2.62702	0.319047
Gorai.010G191800.1.A	1703	1597.5	3.27393	0.0812852
Gorai.010G191800.1.D	1703	1597.5	20.6299	0.512199
Gorai.010G191900.1.A	1785	1679.5	0	0
Gorai.010G191900.1.D	1785	1679.5	1.09622	0.0258882
Gorai.010G192000.1.A	1909	1803.5	14.625	0.321635
Gorai.010G192000.1.D	1909	1803.5	141.375	3.10914
Gorai.010G192100.1.A	2466	2360.5	26	0.436871
Gorai.010G192100.1.D	2466	2360.5	0	0
Gorai.010G192200.1.A	3267	3161.5	254.642	3.19463
Gorai.010G192200.1.D	3267	3161.5	145.358	1.8236
Gorai.010G192300.1.A	2517	2411.5	646.547	10.634
Gorai.010G192300.1.D	2517	2411.5	576.453	9.48114
Gorai.010G192400.1.A	1337	1231.5	6.67442	0.214962
Gorai.010G192400.1.D	1337	1231.5	280.326	9.02842
Gorai.010G192500.1.A	1310	1204.5	199.436	6.56719
Gorai.010G192500.1.D	1310	1204.5	49.1279	1.61773
Gorai.010G192600.1.A	2182	2076.5	26.8182	0.512249
Gorai.010G192600.1.D	2182	2076.5	32.1818	0.614699
Gorai.010G192700.1.A	1661	1555.5	20	0.509969
Gorai.010G192700.1.D	1661	1555.5	0	0
Gorai.010G192800.1.A	479	373.551	0	0
Gorai.010G192800.1.D	479	373.551	0	0
Gorai.010G192900.1.A	2448	2342.5	362.405	6.13618
Gorai.010G192900.1.D	2448	2342.5	559.595	9.47499
Gorai.010G193000.1.A	693	587.505	325.256	21.9583
Gorai.010G193000.1.D	693	587.505	165.744	11.1895
Gorai.010G193100.1.A	754	648.505	0.5	0.0305803
Gorai.010G193100.1.D	754	648.505	0.5	0.0305803
Gorai.010G193200.1.A	869	763.505	52.4312	2.72372
Gorai.010G193200.1.D	869	763.505	74.5688	3.87374
Gorai.010G193300.1.A	1684	1578.5	66.3937	1.66827
Gorai.010G193300.1.D	1684	1578.5	69.6063	1.74899
Gorai.010G193400.1.A	2352	2246.5	0	0
Gorai.010G193400.1.D	2352	2246.5	0	0
Gorai.010G193500.1.A	1566	1460.5	4.08571	0.110956
Gorai.010G193500.1.D	1566	1460.5	35.6065	0.966965
Gorai.010G193600.1.A	2472	2366.5	1	0.0167601
Gorai.010G193600.1.D	2472	2366.5	2	0.0335203
Gorai.010G193700.1.A	1563	1457.5	90.3692	2.45921
Gorai.010G193700.1.D	1563	1457.5	41.6308	1.13289
Gorai.010G193800.1.A	1532	1426.5	0	0
Gorai.010G193800.1.D	1532	1426.5	1	0.0278043
Gorai.010G193900.1.A	1280	1174.5	354.092	11.9577
Gorai.010G193900.1.D	1280	1174.5	878.908	29.6807
Gorai.010G194000.1.A	475	369.551	0	0
Gorai.010G194000.1.D	475	369.551	2	0.214655
Gorai.010G194100.1.A	3123	3017.5	2	0.0262886
Gorai.010G194100.1.D	3123	3017.5	6	0.0788657
Gorai.010G194200.1.A	1308	1202.5	2.95536	0.0974785
Gorai.010G194200.1.D	1308	1202.5	1.43737	0.0474097
Gorai.010G194300.1.A	2045	1939.5	36.8264	0.753101
Gorai.010G194300.1.D	2045	1939.5	56.3055	1.15145
Gorai.010G194400.1.A	1094	988.505	4.32788	0.173653
Gorai.010G194400.1.D	1094	988.505	0	0
Gorai.010G194500.1.A	1473	1367.5	0	0
Gorai.010G194500.1.D	1473	1367.5	0	0
Gorai.010G194600.1.A	1976	1870.5	77.3662	1.6405
Gorai.010G194600.1.D	1976	1870.5	66.7813	1.41606
Gorai.010G194700.1.A	4963	4857.5	76.7379	0.626587
Gorai.010G194700.1.D	4963	4857.5	170.262	1.39024
Gorai.010G194800.1.A	1075	969.505	0	0
Gorai.010G194800.1.D	1075	969.505	0	0
Gorai.010G194900.1.A	1660	1554.5	3965.32	101.175
Gorai.010G194900.1.D	1660	1554.5	3307.68	84.3949
Gorai.010G195000.1.A	1605	1499.5	2	0.0529014
Gorai.010G195000.1.D	1605	1499.5	2	0.0529014
Gorai.010G195100.1.A	590	484.551	0	0
Gorai.010G195100.1.D	590	484.551	0	0
Gorai.010G195200.1.A	884	778.505	12	0.611371
Gorai.010G195200.1.D	884	778.505	5	0.254738
Gorai.010G195300.1.A	2097	1991.5	349.305	6.95678
Gorai.010G195300.1.D	2097	1991.5	239.695	4.77379
Gorai.010G195400.1.A	2437	2331.5	309.14	5.25901
Gorai.010G195400.1.D	2437	2331.5	137.86	2.34523
Gorai.010G195500.1.A	2391	2285.5	125.971	2.18611
Gorai.010G195500.1.D	2391	2285.5	392.029	6.80333
Gorai.010G195600.1.A	1151	1045.5	1.03846	0.0393957
Gorai.010G195600.1.D	1151	1045.5	25.9615	0.984894
Gorai.010G195700.1.A	2613	2507.5	72.328	1.14406
Gorai.010G195700.1.D	2613	2507.5	253.672	4.01251
Gorai.010G195800.1.A	2126	2020.5	236.295	4.63852
Gorai.010G195800.1.D	2126	2020.5	120.705	2.36946
Gorai.010G195900.1.A	600	494.551	7	0.561399
Gorai.010G195900.1.D	600	494.551	7	0.561399
Gorai.010G196000.1.A	227	122.52	0.5	0.161863
Gorai.010G196000.1.D	227	122.52	0.5	0.161863
Gorai.010G196100.1.A	6024	5918.5	4136.08	27.718
Gorai.010G196100.1.D	6024	5918.5	3719.78	24.9282
Gorai.010G196200.1.A	264	158.879	0	0
Gorai.010G196200.1.D	264	158.879	0	0
Gorai.010G196300.1.A	728	622.505	1	0.0637151
Gorai.010G196300.1.D	728	622.505	0	0
Gorai.010G196400.1.A	1344	1238.5	0	0
Gorai.010G196400.1.D	1344	1238.5	0	0
Gorai.010G196500.1.A	2643	2537.5	221.265	3.45853
Gorai.010G196500.1.D	2643	2537.5	193.735	3.02821
Gorai.010G196600.1.A	1288	1182.5	352.253	11.8151
Gorai.010G196600.1.D	1288	1182.5	426.747	14.3137
Gorai.010G196700.1.A	1011	905.505	0	0
Gorai.010G196700.1.D	1011	905.505	0	0
Gorai.010G196800.1.A	1134	1028.5	0	0
Gorai.010G196800.1.D	1134	1028.5	0	0
Gorai.010G196900.1.A	1125	1019.5	0	0
Gorai.010G196900.1.D	1125	1019.5	0	0
Gorai.010G197000.1.A	1059	953.505	0	0
Gorai.010G197000.1.D	1059	953.505	0	0
Gorai.010G197100.1.A	669	563.505	0	0
Gorai.010G197100.1.D	669	563.505	0	0
Gorai.010G197200.1.A	879	773.505	0	0
Gorai.010G197200.1.D	879	773.505	0	0
Gorai.010G197300.1.A	1053	947.505	0	0
Gorai.010G197300.1.D	1053	947.505	0	0
Gorai.010G197400.1.A	999	893.505	0	0
Gorai.010G197400.1.D	999	893.505	0	0
Gorai.010G197500.1.A	984	878.505	0	0
Gorai.010G197500.1.D	984	878.505	0	0
Gorai.010G197600.1.A	1044	938.505	0	0
Gorai.010G197600.1.D	1044	938.505	0	0
Gorai.010G197700.1.A	2972	2866.5	214.588	2.96919
Gorai.010G197700.1.D	2972	2866.5	70.4118	0.974266
Gorai.010G197800.1.A	3392	3286.5	256.079	3.09048
Gorai.010G197800.1.D	3392	3286.5	223.921	2.70237
Gorai.010G197900.1.A	2299	2193.5	52.0625	0.941394
Gorai.010G197900.1.D	2299	2193.5	2480.94	44.8603
Gorai.010G198000.1.A	2201	2095.5	1	0.0189276
Gorai.010G198000.1.D	2201	2095.5	3	0.0567829
Gorai.010G198100.1.A	339	233.63	1	0.169768
Gorai.010G198100.1.D	339	233.63	16	2.71629
Gorai.010G198200.1.A	981	875.505	20.2222	0.916126
Gorai.010G198200.1.D	981	875.505	7.77778	0.352356
Gorai.010G198300.1.A	2127	2021.5	168.312	3.30236
Gorai.010G198300.1.D	2127	2021.5	155.688	3.05468
Gorai.010G198400.1.A	1558	1452.5	33.6506	0.918882
Gorai.010G198400.1.D	1558	1452.5	69.8021	1.90606
Gorai.010G198500.1.A	1874	1768.5	37.4941	0.840894
Gorai.010G198500.1.D	1874	1768.5	266.053	5.96688
Gorai.010G198600.1.A	1164	1058.5	1	0.0374707
Gorai.010G198600.1.D	1164	1058.5	0	0
Gorai.010G198700.1.A	1269	1163.5	0	0
Gorai.010G198700.1.D	1269	1163.5	0	0
Gorai.010G198800.1.A	1350	1244.5	2214.43	70.5748
Gorai.010G198800.1.D	1350	1244.5	2591.52	82.593
Gorai.010G198900.1.A	321	215.63	5.0323	0.925641
Gorai.010G198900.1.D	321	215.63	5.0323	0.925641
Gorai.010G199000.1.A	1384	1278.5	294.946	9.15008
Gorai.010G199000.1.D	1384	1278.5	4.05424	0.125774
Gorai.010G199100.1.A	2594	2488.5	428.819	6.83472
Gorai.010G199100.1.D	2594	2488.5	285.181	4.54534
Gorai.010G199200.1.A	1227	1121.5	469.916	16.619
Gorai.010G199200.1.D	1227	1121.5	416.084	14.7151
Gorai.010G199300.1.A	1851	1745.5	91.1855	2.072
Gorai.010G199300.1.D	1851	1745.5	152.696	3.4697
Gorai.010G199400.1.A	1405	1299.5	218.516	6.66945
Gorai.010G199400.1.D	1405	1299.5	189.261	5.77653
Gorai.010G199500.1.A	1133	1027.5	369.772	14.2736
Gorai.010G199500.1.D	1133	1027.5	196.228	7.57466
Gorai.010G199600.1.A	1648	1542.5	0	0
Gorai.010G199600.1.D	1648	1542.5	0	0
Gorai.010G199700.1.A	1107	1001.5	0	0
Gorai.010G199700.1.D	1107	1001.5	98	3.88113
Gorai.010G199800.1.A	2314	2208.5	19.3846	0.348132
Gorai.010G199800.1.D	2314	2208.5	36.6154	0.657582
Gorai.010G199900.1.A	2242	2136.5	0	0
Gorai.010G199900.1.D	2242	2136.5	16.7703	0.31133
Gorai.010G200000.1.A	1113	1007.5	0	0
Gorai.010G200000.1.D	1113	1007.5	1.2783	0.0503233
Gorai.010G200100.1.A	767	661.505	0	0
Gorai.010G200100.1.D	767	661.505	0	0
Gorai.010G200200.1.A	1738	1632.5	3	0.0728873
Gorai.010G200200.1.D	1738	1632.5	5.95144	0.144595
Gorai.010G200300.1.A	2124	2018.5	0	0
Gorai.010G200300.1.D	2124	2018.5	0	0
Gorai.010G200400.1.A	1164	1058.5	65.5856	2.45754
Gorai.010G200400.1.D	1164	1058.5	46.4144	1.73918
Gorai.010G200500.1.A	1780	1674.5	376.326	8.91379
Gorai.010G200500.1.D	1780	1674.5	1096.67	25.9762
Gorai.010G200600.1.A	1724	1618.5	11.3793	0.27886
Gorai.010G200600.1.D	1724	1618.5	18.6207	0.456317
Gorai.010G200700.1.A	546	440.551	1	0.0900302
Gorai.010G200700.1.D	546	440.551	1	0.0900302
Gorai.010G200800.1.A	546	440.551	1	0.0900302
Gorai.010G200800.1.D	546	440.551	0	0
Gorai.010G200900.1.A	2334	2228.5	276.648	4.92378
Gorai.010G200900.1.D	2334	2228.5	178.352	3.17431
Gorai.010G201000.1.A	3003	2897.5	83.7155	1.14595
Gorai.010G201000.1.D	3003	2897.5	160.285	2.19408
Gorai.010G201100.1.A	1245	1139.5	461.683	16.0699
Gorai.010G201100.1.D	1245	1139.5	788.317	27.4391
Gorai.010G201200.1.A	1524	1418.5	0	0
Gorai.010G201200.1.D	1524	1418.5	0	0
Gorai.010G201300.1.A	3674	3568.5	77.5354	0.861784
Gorai.010G201300.1.D	3674	3568.5	23.4646	0.260803
Gorai.010G201400.1.A	2424	2318.5	185.314	3.17019
Gorai.010G201400.1.D	2424	2318.5	96.6857	1.65401
Gorai.010G201500.1.A	2058	1952.5	132.588	2.69338
Gorai.010G201500.1.D	2058	1952.5	63.4118	1.28814
Gorai.010G201600.1.A	1234	1128.5	142.114	4.99481
Gorai.010G201600.1.D	1234	1128.5	149.886	5.26796
Gorai.010G201700.1.A	1138	1032.5	0	0
Gorai.010G201700.1.D	1138	1032.5	0	0
Gorai.010G201800.1.A	621	515.505	0	0
Gorai.010G201800.1.D	621	515.505	0	0
Gorai.010G201900.1.A	756	650.505	7	0.426808
Gorai.010G201900.1.D	756	650.505	13	0.792643
Gorai.010G202000.1.A	789	683.505	0	0
Gorai.010G202000.1.D	789	683.505	0	0
Gorai.010G202100.1.A	2363	2257.5	13060.6	229.466
Gorai.010G202100.1.D	2363	2257.5	13552.4	238.108
Gorai.010G202200.1.A	396	290.583	0	0
Gorai.010G202200.1.D	396	290.583	0	0
Gorai.010G202300.1.A	1493	1387.5	19.6333	0.561235
Gorai.010G202300.1.D	1493	1387.5	11.3667	0.324925
Gorai.010G202400.1.A	501	395.551	0	0
Gorai.010G202400.1.D	501	395.551	0	0
Gorai.010G202500.1.A	1687	1581.5	0	0
Gorai.010G202500.1.D	1687	1581.5	0	0
Gorai.010G202600.1.A	1102	996.505	1	0.0398021
Gorai.010G202600.1.D	1102	996.505	2	0.0796041
Gorai.010G202700.1.A	1375	1269.5	631.918	19.7429
Gorai.010G202700.1.D	1375	1269.5	1956.08	61.1136
Gorai.010G202800.1.A	1656	1550.5	1	0.0255807
Gorai.010G202800.1.D	1656	1550.5	0	0
Gorai.010G202900.1.A	2817	2711.5	396.023	5.79288
Gorai.010G202900.1.D	2817	2711.5	943.962	13.8079
Gorai.010G203000.1.A	2618	2512.5	233.568	3.68715
Gorai.010G203000.1.D	2618	2512.5	247.432	3.90602
Gorai.010G203100.1.A	1297	1191.5	771.685	25.6879
Gorai.010G203100.1.D	1297	1191.5	839.247	27.9369
Gorai.010G203200.1.A	3215	3109.5	0	0
Gorai.010G203200.1.D	3215	3109.5	0	0
Gorai.010G203300.1.A	321	215.63	0	0
Gorai.010G203300.1.D	321	215.63	0	0
Gorai.010G203400.1.A	2387	2281.5	0	0
Gorai.010G203400.1.D	2387	2281.5	1	0.0173846
Gorai.010G203500.1.A	1966	1860.5	186.522	3.97634
Gorai.010G203500.1.D	1966	1860.5	143.478	3.05872
Gorai.010G203600.1.A	1224	1118.5	175.646	6.22852
Gorai.010G203600.1.D	1224	1118.5	104.354	3.70047
Gorai.010G203700.1.A	4480	4374.5	674.784	6.11816
Gorai.010G203700.1.D	4480	4374.5	635.216	5.75941
Gorai.010G203800.1.A	895	789.505	37.4583	1.88182
Gorai.010G203800.1.D	895	789.505	20.5417	1.03197
Gorai.010G203900.1.A	2643	2537.5	2.21168	0.0345701
Gorai.010G203900.1.D	2643	2537.5	300.788	4.70153
Gorai.010G204000.1.A	3435	3329.5	170.258	2.02821
Gorai.010G204000.1.D	3435	3329.5	196.742	2.3437
Gorai.010G204100.1.A	1116	1010.5	0	0
Gorai.010G204100.1.D	1116	1010.5	0	0
Gorai.010G204200.1.A	1261	1155.5	0	0
Gorai.010G204200.1.D	1261	1155.5	0	0
Gorai.010G204300.1.A	780	674.505	1	0.0588031
Gorai.010G204300.1.D	780	674.505	0	0
Gorai.010G204400.1.A	1728	1622.5	97.8737	2.39257
Gorai.010G204400.1.D	1728	1622.5	732.365	17.903
Gorai.010G204500.1.A	1121	1015.5	0.5	0.0195287
Gorai.010G204500.1.D	1121	1015.5	0.5	0.0195287
Gorai.010G204600.1.A	563	457.551	1	0.0866852
Gorai.010G204600.1.D	563	457.551	1	0.0866852
Gorai.010G204700.1.A	1117	1011.5	601.221	23.575
Gorai.010G204700.1.D	1117	1011.5	504.779	19.7933
Gorai.010G204800.1.A	462	356.551	1	0.11124
Gorai.010G204800.1.D	462	356.551	1	0.11124
Gorai.010G204900.1.A	1565	1459.5	116.741	3.17252
Gorai.010G204900.1.D	1565	1459.5	66.2586	1.80062
Gorai.010G205000.1.A	1871	1765.5	0	0
Gorai.010G205000.1.D	1871	1765.5	0	0
Gorai.010G205100.1.A	1239	1133.5	0	0
Gorai.010G205100.1.D	1239	1133.5	0	0
Gorai.010G205200.1.A	423	317.583	0	0
Gorai.010G205200.1.D	423	317.583	0	0
Gorai.010G205300.1.A	2913	2807.5	0	0
Gorai.010G205300.1.D	2913	2807.5	0	0
Gorai.010G205400.1.A	871	765.505	825.933	42.7939
Gorai.010G205400.1.D	871	765.505	615.507	31.8912
Gorai.010G205500.1.A	634	528.505	723.372	54.2872
Gorai.010G205500.1.D	634	528.505	1114.19	83.617
Gorai.010G205600.1.A	2360	2254.5	9	0.158335
Gorai.010G205600.1.D	2360	2254.5	1	0.0175928
Gorai.010G205700.1.A	876	770.505	84.766	4.36346
Gorai.010G205700.1.D	876	770.505	107.234	5.52004
Gorai.010G205800.1.A	1450	1344.5	259.536	7.65631
Gorai.010G205800.1.D	1450	1344.5	256.464	7.56571
Gorai.010G205900.1.A	2416	2310.5	184.821	3.17271
Gorai.010G205900.1.D	2416	2310.5	390.179	6.69794
Gorai.010G206000.1.A	3250	3144.5	71.0408	0.896067
Gorai.010G206000.1.D	3250	3144.5	105.959	1.33651
Gorai.010G206100.1.A	2208	2102.5	0	0
Gorai.010G206100.1.D	2208	2102.5	29	0.547074
Gorai.010G206200.1.A	1305	1199.5	0	0
Gorai.010G206200.1.D	1305	1199.5	0	0
Gorai.010G206300.1.A	1991	1885.5	0	0
Gorai.010G206300.1.D	1991	1885.5	102.058	2.14685
Gorai.010G206400.1.A	999	893.505	24.15	1.07203
Gorai.010G206400.1.D	999	893.505	17.85	0.792367
Gorai.010G206500.1.A	2107	2001.5	16.242	0.321861
Gorai.010G206500.1.D	2107	2001.5	0	0
Gorai.010G206600.1.A	333	227.63	20.5	3.57198
Gorai.010G206600.1.D	333	227.63	20.5	3.57198
Gorai.010G206700.1.A	1642	1536.5	6.26256	0.16166
Gorai.010G206700.1.D	1642	1536.5	13.3599	0.344869
Gorai.010G206800.1.A	858	752.505	8.05819	0.42473
Gorai.010G206800.1.D	858	752.505	8.05819	0.42473
Gorai.010G206900.1.A	342	236.63	0	0
Gorai.010G206900.1.D	342	236.63	0	0
Gorai.010G207000.1.A	1337	1231.5	147.878	4.76269
Gorai.010G207000.1.D	1337	1231.5	87.122	2.80593
Gorai.010G207100.1.A	2839	2733.5	75.9055	1.10138
Gorai.010G207100.1.D	2839	2733.5	133.095	1.93119
Gorai.010G207200.1.A	1914	1808.5	160.268	3.51488
Gorai.010G207200.1.D	1914	1808.5	258.733	5.67435
Gorai.010G207300.1.A	1989	1883.5	14	0.294813
Gorai.010G207300.1.D	1989	1883.5	7	0.147406
Gorai.010G207400.1.A	640	534.505	1.5	0.111308
Gorai.010G207400.1.D	640	534.505	1.5	0.111308
Gorai.010G207500.1.A	2013	1907.5	131.438	2.73301
Gorai.010G207500.1.D	2013	1907.5	22.6034	0.469994
Gorai.010G207600.1.A	1604	1498.5	272.187	7.20434
Gorai.010G207600.1.D	1604	1498.5	268.813	7.11503
Gorai.010G207700.1.A	831	725.505	29	1.58541
Gorai.010G207700.1.D	831	725.505	29	1.58541
Gorai.010G207800.1.A	1915	1809.5	23	0.504142
Gorai.010G207800.1.D	1915	1809.5	10	0.219192
Gorai.010G207900.1.A	1152	1046.5	3	0.113701
Gorai.010G207900.1.D	1152	1046.5	19	0.720108
Gorai.010G208000.1.A	3114	3008.5	68	0.896485
Gorai.010G208000.1.D	3114	3008.5	44	0.580079
Gorai.010G208100.1.A	2297	2191.5	0	0
Gorai.010G208100.1.D	2297	2191.5	0	0
Gorai.010G208200.1.A	492	386.551	73.6719	7.55926
Gorai.010G208200.1.D	492	386.551	41.3281	4.24056
Gorai.010G208300.1.A	796	690.505	113.415	6.51459
Gorai.010G208300.1.D	796	690.505	196.585	11.292
Gorai.010G208400.1.A	2293	2187.5	0	0
Gorai.010G208400.1.D	2293	2187.5	4	0.0725264
Gorai.010G208500.1.A	483	377.551	0	0
Gorai.010G208500.1.D	483	377.551	0	0
Gorai.010G208600.1.A	384	278.583	0	0
Gorai.010G208600.1.D	384	278.583	0	0
Gorai.010G208700.1.A	1044	938.505	0	0
Gorai.010G208700.1.D	1044	938.505	0	0
Gorai.010G208800.1.A	1592	1486.5	385.52	10.2865
Gorai.010G208800.1.D	1592	1486.5	349.48	9.32483
Gorai.010G208900.1.A	2490	2384.5	28	0.465741
Gorai.010G208900.1.D	2490	2384.5	33	0.548909
Gorai.010G209000.1.A	2152	2046.5	3.79687	0.0735865
Gorai.010G209000.1.D	2152	2046.5	13.1213	0.254301
Gorai.010G209100.1.A	508	402.551	69.2552	6.82364
Gorai.010G209100.1.D	508	402.551	69.2552	6.82364
Gorai.010G209200.1.A	656	550.505	27.3296	1.96905
Gorai.010G209200.1.D	656	550.505	27.3296	1.96905
Gorai.010G209300.1.A	792	686.505	2.11237	0.122042
Gorai.010G209300.1.D	792	686.505	0	0
Gorai.010G209400.1.A	480	374.551	0	0
Gorai.010G209400.1.D	480	374.551	0	0
Gorai.010G209500.1.A	1671	1565.5	0	0
Gorai.010G209500.1.D	1671	1565.5	0	0
Gorai.010G209600.1.A	1535	1429.5	11.933	0.331092
Gorai.010G209600.1.D	1535	1429.5	11.933	0.331092
Gorai.010G209700.1.A	1308	1202.5	0	0
Gorai.010G209700.1.D	1308	1202.5	42.2322	1.39297
Gorai.010G209800.1.A	2057	1951.5	9.0394	0.183719
Gorai.010G209800.1.D	2057	1951.5	12.7838	0.259822
Gorai.010G209900.1.A	1473	1367.5	33.2695	0.964945
Gorai.010G209900.1.D	1473	1367.5	8.03042	0.232913
Gorai.010G210000.1.A	1386	1280.5	18.2857	0.56639
Gorai.010G210000.1.D	1386	1280.5	45.7143	1.41598
Gorai.010G210100.1.A	2076	1970.5	113.493	2.28443
Gorai.010G210100.1.D	2076	1970.5	116.507	2.34508
Gorai.010G210200.1.A	1058	952.505	52.5974	2.19019
Gorai.010G210200.1.D	1058	952.505	28.4026	1.1827
Gorai.010G210300.1.A	3615	3509.5	273.014	3.08549
Gorai.010G210300.1.D	3615	3509.5	531.728	6.00936
Gorai.010G210400.1.A	2283	2177.5	1.04209	0.0189815
Gorai.010G210400.1.D	2283	2177.5	3.92461	0.0714862
Gorai.010G210500.1.A	2472	2366.5	0	0
Gorai.010G210500.1.D	2472	2366.5	2.09366	0.03509
Gorai.010G210600.1.A	315	209.649	0	0
Gorai.010G210600.1.D	315	209.649	0	0
Gorai.010G210700.1.A	1341	1235.5	1.05876	0.033989
Gorai.010G210700.1.D	1341	1235.5	1.05876	0.033989
Gorai.010G210800.1.A	1611	1505.5	0	0
Gorai.010G210800.1.D	1611	1505.5	0	0
Gorai.010G210900.1.A	972	866.505	121.618	5.56689
Gorai.010G210900.1.D	972	866.505	11.9176	0.545512
Gorai.010G211000.1.A	621	515.505	0	0
Gorai.010G211000.1.D	621	515.505	0	0
Gorai.010G211100.1.A	1773	1667.5	6.72405	0.159937
Gorai.010G211100.1.D	1773	1667.5	0	0
Gorai.010G211200.1.A	611	505.551	1.00785	0.0790708
Gorai.010G211200.1.D	611	505.551	1.00785	0.0790708
Gorai.010G211300.1.A	1000	894.505	10.6816	0.473631
Gorai.010G211300.1.D	1000	894.505	0	0
Gorai.010G211400.1.A	1743	1637.5	0	0
Gorai.010G211400.1.D	1743	1637.5	5	0.121108
Gorai.010G211500.1.A	1632	1526.5	57.6503	1.49792
Gorai.010G211500.1.D	1632	1526.5	289.668	7.5264
Gorai.010G211600.1.A	2067	1961.5	24.879	0.503069
Gorai.010G211600.1.D	2067	1961.5	419.542	8.48343
Gorai.010G211700.1.A	2376	2270.5	396.628	6.92861
Gorai.010G211700.1.D	2376	2270.5	56.9304	0.994505
Gorai.010G211800.1.A	1985	1879.5	0	0
Gorai.010G211800.1.D	1985	1879.5	0	0
Gorai.010G211900.1.A	1986	1880.5	0	0
Gorai.010G211900.1.D	1986	1880.5	0	0
Gorai.010G212000.1.A	1494	1388.5	187.911	5.36771
Gorai.010G212000.1.D	1494	1388.5	262.314	7.49305
Gorai.010G212100.1.A	3315	3209.5	2809.59	34.7208
Gorai.010G212100.1.D	3315	3209.5	2289.41	28.2925
Gorai.010G212200.1.A	2134	2028.5	688.874	13.4694
Gorai.010G212200.1.D	2134	2028.5	394.126	7.70627
Gorai.010G212300.1.A	2413	2307.5	5.97222	0.102655
Gorai.010G212300.1.D	2413	2307.5	37.0278	0.636458
Gorai.010G212400.1.A	865	759.505	169.227	8.83737
Gorai.010G212400.1.D	865	759.505	134.773	7.03815
Gorai.010G212500.1.A	2552	2446.5	33.7037	0.546407
Gorai.010G212500.1.D	2552	2446.5	31.2963	0.507378
Gorai.010G212600.1.A	2892	2786.5	170.181	2.42235
Gorai.010G212600.1.D	2892	2786.5	125.255	1.78288
Gorai.010G212700.1.A	2251	2145.5	148.462	2.74455
Gorai.010G212700.1.D	2251	2145.5	123.538	2.28379
Gorai.010G212800.1.A	4324	4218.5	238.92	2.24636
Gorai.010G212800.1.D	4324	4218.5	228.54	2.14876
Gorai.010G212900.1.A	5586	5480.5	738.584	5.3452
Gorai.010G212900.1.D	5586	5480.5	688.416	4.98213
Gorai.010G213000.1.A	2177	2071.5	0	0
Gorai.010G213000.1.D	2177	2071.5	0	0
Gorai.010G213100.1.A	2213	2107.5	5	0.0940993
Gorai.010G213100.1.D	2213	2107.5	0	0
Gorai.010G213200.1.A	765	659.505	0	0
Gorai.010G213200.1.D	765	659.505	0	0
Gorai.010G213300.1.A	1707	1601.5	0	0
Gorai.010G213300.1.D	1707	1601.5	0	0
Gorai.010G213400.1.A	1221	1115.5	29.1686	1.03712
Gorai.010G213400.1.D	1221	1115.5	662.831	23.5677
Gorai.010G213500.1.A	889	783.505	0	0
Gorai.010G213500.1.D	889	783.505	0	0
Gorai.010G213600.1.A	960	854.505	4	0.185665
Gorai.010G213600.1.D	960	854.505	0	0
Gorai.010G213700.1.A	997	891.505	1	0.0444899
Gorai.010G213700.1.D	997	891.505	0	0
Gorai.010G213800.1.A	1408	1302.5	179.99	5.48093
Gorai.010G213800.1.D	1408	1302.5	0.00987644	0.00030075
Gorai.010G213900.1.A	1217	1111.5	2	0.071368
Gorai.010G213900.1.D	1217	1111.5	0	0
Gorai.010G214000.1.A	1901	1795.5	45.0058	0.994184
Gorai.010G214000.1.D	1901	1795.5	676.287	14.9393
Gorai.010G214100.1.A	1580	1474.5	165.558	4.45337
Gorai.010G214100.1.D	1580	1474.5	194.149	5.22245
Gorai.010G214200.1.A	1104	998.505	0	0
Gorai.010G214200.1.D	1104	998.505	0	0
Gorai.010G214300.1.A	903	797.505	1349.98	67.1394
Gorai.010G214300.1.D	903	797.505	1553.02	77.2378
Gorai.010G214400.1.A	1428	1322.5	199.012	5.96851
Gorai.010G214400.1.D	1428	1322.5	220.988	6.62761
Gorai.010G214500.1.A	1700	1594.5	380.134	9.45575
Gorai.010G214500.1.D	1700	1594.5	342.866	8.52871
Gorai.010G214600.1.A	2322	2216.5	17.5667	0.314344
Gorai.010G214600.1.D	2322	2216.5	44.4333	0.795106
Gorai.010G214700.1.A	1062	956.505	14.1675	0.587479
Gorai.010G214700.1.D	1062	956.505	0	0
Gorai.010G214800.1.A	282	176.772	0	0
Gorai.010G214800.1.D	282	176.772	0	0
Gorai.010G214900.1.A	1349	1243.5	3.3	0.105257
Gorai.010G214900.1.D	1349	1243.5	7.7	0.2456
Gorai.010G215000.1.A	1125	1019.5	1	0.0389041
Gorai.010G215000.1.D	1125	1019.5	0	0
Gorai.010G215100.1.A	675	569.505	0	0
Gorai.010G215100.1.D	675	569.505	0	0
Gorai.010G215200.1.A	1641	1535.5	207.727	5.36571
Gorai.010G215200.1.D	1641	1535.5	249.273	6.43885
Gorai.010G215300.1.A	1365	1259.5	0	0
Gorai.010G215300.1.D	1365	1259.5	3	0.0944727
Gorai.010G215400.1.A	1118	1012.5	845.025	33.1023
Gorai.010G215400.1.D	1118	1012.5	228.975	8.96964
Gorai.010G215500.1.A	2409	2303.5	951.131	16.3771
Gorai.010G215500.1.D	2409	2303.5	2679.87	46.1434
Gorai.010G215600.1.A	1206	1100.5	15.2062	0.548041
Gorai.010G215600.1.D	1206	1100.5	869.794	31.348
Gorai.010G215700.1.A	808	702.505	4	0.225837
Gorai.010G215700.1.D	808	702.505	82	4.62967
Gorai.010G215800.1.A	1083	977.505	0	0
Gorai.010G215800.1.D	1083	977.505	0	0
Gorai.010G215900.1.A	2469	2363.5	555.869	9.32826
Gorai.010G215900.1.D	2469	2363.5	620.131	10.4067
Gorai.010G216000.1.A	1789	1683.5	1247.58	29.3927
Gorai.010G216000.1.D	1789	1683.5	465.687	10.9715
Gorai.010G216100.1.A	1799	1693.5	99.5086	2.33055
Gorai.010G216100.1.D	1799	1693.5	19.4914	0.4565
Gorai.010G216200.1.A	2282	2176.5	133.896	2.44002
Gorai.010G216200.1.D	2282	2176.5	99.1041	1.806
Gorai.010G216300.1.A	2557	2451.5	235.003	3.80211
Gorai.010G216300.1.D	2557	2451.5	150.997	2.44299
Gorai.010G216400.1.A	2463	2357.5	5	0.0841206
Gorai.010G216400.1.D	2463	2357.5	5	0.0841206
Gorai.010G216500.1.A	3870	3764.5	583.417	6.1469
Gorai.010G216500.1.D	3870	3764.5	1073.58	11.3113
Gorai.010G216600.1.A	6790	6684.5	606.065	3.59613
Gorai.010G216600.1.D	6790	6684.5	677.935	4.02257
Gorai.010G216700.1.A	1302	1196.5	0	0
Gorai.010G216700.1.D	1302	1196.5	0	0
Gorai.010G216800.1.A	2269	2163.5	129.338	2.37112
Gorai.010G216800.1.D	2269	2163.5	190.662	3.49535
Gorai.010G216900.1.A	204	100.177	8	3.16743
Gorai.010G216900.1.D	204	100.177	0	0
Gorai.010G217000.1.A	1434	1328.5	36.9	1.10166
Gorai.010G217000.1.D	1434	1328.5	4.1	0.122407
Gorai.010G217100.1.A	2615	2509.5	16.5455	0.261502
Gorai.010G217100.1.D	2615	2509.5	25.4545	0.402311
Gorai.010G217200.1.A	2108	2002.5	24.9231	0.493643
Gorai.010G217200.1.D	2108	2002.5	83.0769	1.64548
Gorai.010G217300.1.A	3501	3395.5	151.269	1.76698
Gorai.010G217300.1.D	3501	3395.5	133.731	1.56211
Gorai.010G217400.1.A	528	422.551	0	0
Gorai.010G217400.1.D	528	422.551	0	0
Gorai.010G217500.1.A	1137	1031.5	0	0
Gorai.010G217500.1.D	1137	1031.5	0	0
Gorai.010G217600.1.A	969	863.505	5.3534	0.245895
Gorai.010G217600.1.D	969	863.505	0	0
Gorai.010G217700.1.A	1158	1052.5	0	0
Gorai.010G217700.1.D	1158	1052.5	0	0
Gorai.010G217800.1.A	938	832.505	0	0
Gorai.010G217800.1.D	938	832.505	2	0.0952858
Gorai.010G217900.1.A	1756	1650.5	24.3939	0.586206
Gorai.010G217900.1.D	1756	1650.5	80.6061	1.93703
Gorai.010G218000.1.A	2410	2304.5	271.728	4.67673
Gorai.010G218000.1.D	2410	2304.5	571.272	9.83218
Gorai.010G218100.1.A	752	646.505	0	0
Gorai.010G218100.1.D	752	646.505	0	0
Gorai.010G218200.1.A	736	630.505	0	0
Gorai.010G218200.1.D	736	630.505	0	0
Gorai.010G218300.1.A	2146	2040.5	22.4272	0.435935
Gorai.010G218300.1.D	2146	2040.5	82.5728	1.60503
Gorai.010G218400.1.A	3732	3626.5	176.477	1.93012
Gorai.010G218400.1.D	3732	3626.5	52.5229	0.574441
Gorai.010G218500.1.A	1552	1446.5	4	0.109679
Gorai.010G218500.1.D	1552	1446.5	1	0.0274198
Gorai.010G218600.1.A	576	470.551	0	0
Gorai.010G218600.1.D	576	470.551	4	0.337161
Gorai.010G218700.1.A	1575	1469.5	75.4875	2.03746
Gorai.010G218700.1.D	1575	1469.5	122.513	3.3067
Gorai.010G218800.1.A	1141	1035.5	570.843	21.865
Gorai.010G218800.1.D	1141	1035.5	10.1573	0.389057
Gorai.010G218900.1.A	2222	2116.5	23.5172	0.440709
Gorai.010G218900.1.D	2222	2116.5	38.4828	0.72116
Gorai.010G219000.1.A	2827	2721.5	154.196	2.24723
Gorai.010G219000.1.D	2827	2721.5	20.8042	0.303198
Gorai.010G219100.1.A	2653	2547.5	376.217	5.85745
Gorai.010G219100.1.D	2653	2547.5	792.783	12.3431
Gorai.010G219200.1.A	1176	1070.5	26.4906	0.981494
Gorai.010G219200.1.D	1176	1070.5	27.5094	1.01924
Gorai.010G219300.1.A	643	537.505	1110.48	81.9435
Gorai.010G219300.1.D	643	537.505	773.518	57.0786
Gorai.010G219400.1.A	411	305.583	0	0
Gorai.010G219400.1.D	411	305.583	0	0
Gorai.010G219500.1.A	2091	1985.5	460.995	9.20895
Gorai.010G219500.1.D	2091	1985.5	801.005	16.0011
Gorai.010G219600.1.A	973	867.505	4.27586	0.195496
Gorai.010G219600.1.D	973	867.505	57.7241	2.63919
Gorai.010G219700.1.A	2462	2356.5	180.381	3.03603
Gorai.010G219700.1.D	2462	2356.5	271.619	4.5717
Gorai.010G219800.1.A	1884	1778.5	336.912	7.51357
Gorai.010G219800.1.D	1884	1778.5	406.088	9.05628
Gorai.010G219900.1.A	2787	2681.5	1588.58	23.4971
Gorai.010G219900.1.D	2787	2681.5	1192.42	17.6375
Gorai.010G220000.1.A	1915	1809.5	39	0.85485
Gorai.010G220000.1.D	1915	1809.5	117	2.56455
Gorai.010G220100.1.A	1910	1804.5	7	0.15386
Gorai.010G220100.1.D	1910	1804.5	7	0.15386
Gorai.010G220200.1.A	1976	1870.5	593.887	12.593
Gorai.010G220200.1.D	1976	1870.5	452.113	9.58679
Gorai.010G220300.1.A	2116	2010.5	380.933	7.51498
Gorai.010G220300.1.D	2116	2010.5	204.802	4.04031
Gorai.010G220400.1.A	807	701.505	0	0
Gorai.010G220400.1.D	807	701.505	0	0
Gorai.010G220500.1.A	1243	1137.5	70.9272	2.47312
Gorai.010G220500.1.D	1243	1137.5	101.486	3.53864
Gorai.010G220600.1.A	2734	2628.5	148.447	2.23999
Gorai.010G220600.1.D	2734	2628.5	181.553	2.73956
Gorai.010G220700.1.A	1984	1878.5	965.74	20.3907
Gorai.010G220700.1.D	1984	1878.5	3599.26	75.9951
Gorai.010G220800.1.A	2466	2360.5	0	0
Gorai.010G220800.1.D	2466	2360.5	0	0
Gorai.010G220900.1.A	813	707.505	0	0
Gorai.010G220900.1.D	813	707.505	0	0
Gorai.010G221000.1.A	888	782.505	0	0
Gorai.010G221000.1.D	888	782.505	0	0
Gorai.010G221100.1.A	1198	1092.5	0	0
Gorai.010G221100.1.D	1198	1092.5	0	0
Gorai.010G221200.1.A	246	141.071	0	0
Gorai.010G221200.1.D	246	141.071	0	0
Gorai.010G221300.1.A	2384	2278.5	0	0
Gorai.010G221300.1.D	2384	2278.5	1	0.0174074
Gorai.010G221400.1.A	1620	1514.5	0	0
Gorai.010G221400.1.D	1620	1514.5	0	0
Gorai.010G221500.1.A	1605	1499.5	0	0
Gorai.010G221500.1.D	1605	1499.5	0	0
Gorai.010G221600.1.A	1141	1035.5	10.7027	0.409946
Gorai.010G221600.1.D	1141	1035.5	33.2973	1.27539
Gorai.010G221700.1.A	1932	1826.5	6.25	0.13572
Gorai.010G221700.1.D	1932	1826.5	18.75	0.40716
Gorai.010G221800.1.A	1050	944.505	0	0
Gorai.010G221800.1.D	1050	944.505	176	7.39083
Gorai.010G221900.1.A	3408	3302.5	635.581	7.6333
Gorai.010G221900.1.D	3408	3302.5	1438.42	17.2754
Gorai.010G222000.1.A	2784	2678.5	1322.27	19.58
Gorai.010G222000.1.D	2784	2678.5	910.578	13.4837
Gorai.010G222100.1.A	6285	6179.5	365.989	2.34908
Gorai.010G222100.1.D	6285	6179.5	335.011	2.15026
Gorai.010G222200.1.A	1461	1355.5	99.6563	2.91601
Gorai.010G222200.1.D	1461	1355.5	487.344	14.26
Gorai.010G222300.1.A	1579	1473.5	372.348	10.0227
Gorai.010G222300.1.D	1579	1473.5	295.652	7.95818
Gorai.010G222400.1.A	1418	1312.5	61.5	1.85849
Gorai.010G222400.1.D	1418	1312.5	20.5	0.619495
Gorai.010G222500.1.A	1785	1679.5	220.205	5.20032
Gorai.010G222500.1.D	1785	1679.5	346.795	8.18987
Gorai.010G222600.1.A	1467	1361.5	948.468	27.6305
Gorai.010G222600.1.D	1467	1361.5	1646.53	47.9663
Gorai.010G222700.1.A	837	731.505	0	0
Gorai.010G222700.1.D	837	731.505	0	0
Gorai.010G222800.1.A	357	251.63	0	0
Gorai.010G222800.1.D	357	251.63	0	0
Gorai.010G222900.1.A	955	849.505	4	0.186758
Gorai.010G222900.1.D	955	849.505	0	0
Gorai.010G223000.1.A	1845	1739.5	52.275	1.19194
Gorai.010G223000.1.D	1845	1739.5	111.725	2.54747
Gorai.010G223100.1.A	677	571.505	2.81501	0.195364
Gorai.010G223100.1.D	677	571.505	94.5373	6.56098
Gorai.010G223200.1.A	2525	2419.5	8.45104	0.138538
Gorai.010G223200.1.D	2525	2419.5	890.323	14.5951
Gorai.010G223300.1.A	2205	2099.5	3.08581	0.0582957
Gorai.010G223300.1.D	2205	2099.5	3.08581	0.0582957
Gorai.010G223400.1.A	714	608.505	1.2611	0.0822
Gorai.010G223400.1.D	714	608.505	1.2611	0.0822
Gorai.010G223500.1.A	2346	2240.5	35.99	0.637119
Gorai.010G223500.1.D	2346	2240.5	53.3705	0.944802
Gorai.010G223600.1.A	4713	4607.5	0	0
Gorai.010G223600.1.D	4713	4607.5	919.819	7.91811
Gorai.010G223700.1.A	512	406.551	0	0
Gorai.010G223700.1.D	512	406.551	0	0
Gorai.010G223800.1.A	2027	1921.5	359.05	7.41137
Gorai.010G223800.1.D	2027	1921.5	414.95	8.56523
Gorai.010G223900.1.A	1371	1265.5	16.0345	0.502546
Gorai.010G223900.1.D	1371	1265.5	45.9655	1.44063
Gorai.010G224000.1.A	4198	4092.5	518.518	5.02527
Gorai.010G224000.1.D	4198	4092.5	576.482	5.58704
Gorai.010G224100.1.A	609	503.551	67.725	5.33446
Gorai.010G224100.1.D	609	503.551	18.275	1.43946
Gorai.010G224200.1.A	5447	5341.5	299.647	2.22501
Gorai.010G224200.1.D	5447	5341.5	294.353	2.1857
Gorai.010G224300.1.A	1968	1862.5	2	0.042591
Gorai.010G224300.1.D	1968	1862.5	1	0.0212955
Gorai.010G224400.1.A	333	227.63	0	0
Gorai.010G224400.1.D	333	227.63	0	0
Gorai.010G224500.1.A	1602	1496.5	103.426	2.74118
Gorai.010G224500.1.D	1602	1496.5	243.067	6.44217
Gorai.010G224600.1.A	2037	1931.5	54.065	1.11021
Gorai.010G224600.1.D	2037	1931.5	40.7646	0.837091
Gorai.010G224700.1.A	477	371.551	1	0.10675
Gorai.010G224700.1.D	477	371.551	0	0
Gorai.010G224800.1.A	2075	1969.5	83.6682	1.68496
Gorai.010G224800.1.D	2075	1969.5	95.3645	1.9205
Gorai.010G224900.1.A	1364	1258.5	783.11	24.6804
Gorai.010G224900.1.D	1364	1258.5	378.89	11.9411
Gorai.010G225000.1.A	2499	2393.5	463.006	7.6725
Gorai.010G225000.1.D	2499	2393.5	684.994	11.3511
Gorai.010G225100.1.A	1990	1884.5	4927.78	103.714
Gorai.010G225100.1.D	1990	1884.5	947.221	19.936
Gorai.010G225200.1.A	4552	4446.5	75.2187	0.670953
Gorai.010G225200.1.D	4552	4446.5	49.0965	0.437942
Gorai.010G225300.1.A	1146	1040.5	375.163	14.3008
Gorai.010G225300.1.D	1146	1040.5	217.837	8.30371
Gorai.010G225400.1.A	1259	1153.5	20	0.687695
Gorai.010G225400.1.D	1259	1153.5	10	0.343847
Gorai.010G225500.1.A	633	527.505	0	0
Gorai.010G225500.1.D	633	527.505	0	0
Gorai.010G225600.1.A	2475	2369.5	0	0
Gorai.010G225600.1.D	2475	2369.5	0	0
Gorai.010G225700.1.A	3168	3062.5	31.4758	0.407648
Gorai.010G225700.1.D	3168	3062.5	13.3571	0.172989
Gorai.010G225800.1.A	2789	2683.5	33.5817	0.496347
Gorai.010G225800.1.D	2789	2683.5	18.4221	0.272283
Gorai.010G225900.1.A	676	570.505	3.5	0.243329
Gorai.010G225900.1.D	676	570.505	3.5	0.243329
Gorai.010G226000.1.A	1666	1560.5	0	0
Gorai.010G226000.1.D	1666	1560.5	5	0.127084
Gorai.010G226100.1.A	737	631.505	3	0.188421
Gorai.010G226100.1.D	737	631.505	3	0.188421
Gorai.010G226200.1.A	240	135.211	0	0
Gorai.010G226200.1.D	240	135.211	0	0
Gorai.010G226300.1.A	3163	3057.5	28.7414	0.372843
Gorai.010G226300.1.D	3163	3057.5	56.6334	0.734667
Gorai.010G226400.1.A	1129	1023.5	0	0
Gorai.010G226400.1.D	1129	1023.5	1	0.0387521
Gorai.010G226500.1.A	1481	1375.5	10	0.288352
Gorai.010G226500.1.D	1481	1375.5	30	0.865056
Gorai.010G226600.1.A	2345	2239.5	33.4177	0.591847
Gorai.010G226600.1.D	2345	2239.5	46.5823	0.824999
Gorai.010G226700.1.A	2106	2000.5	40	0.793059
Gorai.010G226700.1.D	2106	2000.5	5.08206	0.100759
Gorai.010G226800.1.A	2547	2441.5	107.701	1.74963
Gorai.010G226800.1.D	2547	2441.5	0	0
Gorai.010G226900.1.A	2405	2299.5	43.2992	0.746844
Gorai.010G226900.1.D	2405	2299.5	4	0.0689939
Gorai.010G227000.1.A	1003	897.505	3	0.132577
Gorai.010G227000.1.D	1003	897.505	0	0
Gorai.010G227100.1.A	411	305.583	0	0
Gorai.010G227100.1.D	411	305.583	0	0
Gorai.010G227200.1.A	1736	1630.5	6.75	0.164198
Gorai.010G227200.1.D	1736	1630.5	2.25	0.0547325
Gorai.010G227300.1.A	1382	1276.5	517.613	16.083
Gorai.010G227300.1.D	1382	1276.5	699.387	21.731
Gorai.010G227400.1.A	1464	1358.5	17.2308	0.50307
Gorai.010G227400.1.D	1464	1358.5	94.7692	2.76689
Gorai.010G227500.1.A	2405	2299.5	5.45455	0.0940826
Gorai.010G227500.1.D	2405	2299.5	6.54545	0.112899
Gorai.010G227600.1.A	1938	1832.5	0	0
Gorai.010G227600.1.D	1938	1832.5	0	0
Gorai.010G227700.1.A	1357	1251.5	1.5	0.0475383
Gorai.010G227700.1.D	1357	1251.5	1.5	0.0475383
Gorai.010G227800.1.A	858	752.505	0	0
Gorai.010G227800.1.D	858	752.505	1	0.0527079
Gorai.010G227900.1.A	2020	1914.5	877.83	18.1861
Gorai.010G227900.1.D	2020	1914.5	892.17	18.4832
Gorai.010G228000.1.A	1959	1853.5	220.179	4.71158
Gorai.010G228000.1.D	1959	1853.5	190.821	4.08337
Gorai.010G228100.1.A	3095	2989.5	72.0896	0.956441
Gorai.010G228100.1.D	3095	2989.5	65.9104	0.87446
Gorai.010G228200.1.A	3492	3386.5	55.0326	0.644545
Gorai.010G228200.1.D	3492	3386.5	176.967	2.07265
Gorai.010G228300.1.A	1419	1313.5	0	0
Gorai.010G228300.1.D	1419	1313.5	8	0.24157
Gorai.010G228400.1.A	2325	2219.5	3	0.0536105
Gorai.010G228400.1.D	2325	2219.5	1	0.0178702
Gorai.010G228500.1.A	810	704.505	0	0
Gorai.010G228500.1.D	810	704.505	0	0
Gorai.010G228600.1.A	2505	2399.5	7	0.115707
Gorai.010G228600.1.D	2505	2399.5	0	0
Gorai.010G228700.1.A	1268	1162.5	0	0
Gorai.010G228700.1.D	1268	1162.5	4	0.136474
Gorai.010G228800.1.A	2535	2429.5	9	0.14693
Gorai.010G228800.1.D	2535	2429.5	0	0
Gorai.010G228900.1.A	1203	1097.5	0	0
Gorai.010G228900.1.D	1203	1097.5	0	0
Gorai.010G229000.1.A	221	116.697	1.33333	0.453172
Gorai.010G229000.1.D	221	116.697	6.66667	2.26586
Gorai.010G229100.1.A	999	893.505	0	0
Gorai.010G229100.1.D	999	893.505	0	0
Gorai.010G229200.1.A	3481	3375.5	35.1101	0.412552
Gorai.010G229200.1.D	3481	3375.5	14	0.164503
Gorai.010G229300.1.A	978	872.505	4	0.181835
Gorai.010G229300.1.D	978	872.505	0	0
Gorai.010G229400.1.A	1167	1061.5	17.2207	0.643448
Gorai.010G229400.1.D	1167	1061.5	5.48301	0.204872
Gorai.010G229500.1.A	1524	1418.5	8.27126	0.231273
Gorai.010G229500.1.D	1524	1418.5	0	0
Gorai.010G229600.1.A	1550	1444.5	106.56	2.92589
Gorai.010G229600.1.D	1550	1444.5	119.44	3.27957
Gorai.010G229700.1.A	2117	2011.5	415.682	8.19644
Gorai.010G229700.1.D	2117	2011.5	474.318	9.35262
Gorai.010G229800.1.A	2738	2632.5	47.7931	0.72008
Gorai.010G229800.1.D	2738	2632.5	78.2069	1.17831
Gorai.010G229900.1.A	2588	2482.5	26.2246	0.41899
Gorai.010G229900.1.D	2588	2482.5	3.42277	0.0546856
Gorai.010G230000.1.A	607	501.551	0	0
Gorai.010G230000.1.D	607	501.551	0	0
Gorai.010G230100.1.A	1227	1121.5	0	0
Gorai.010G230100.1.D	1227	1121.5	0	0
Gorai.010G230200.1.A	1371	1265.5	0	0
Gorai.010G230200.1.D	1371	1265.5	0	0
Gorai.010G230300.1.A	1092	986.505	0	0
Gorai.010G230300.1.D	1092	986.505	0	0
Gorai.010G230400.1.A	1371	1265.5	0	0
Gorai.010G230400.1.D	1371	1265.5	0	0
Gorai.010G230500.1.A	1185	1079.5	19	0.698094
Gorai.010G230500.1.D	1185	1079.5	20	0.734836
Gorai.010G230600.1.A	3911	3805.5	131.629	1.3719
Gorai.010G230600.1.D	3911	3805.5	139.371	1.4526
Gorai.010G230700.1.A	1814	1708.5	5	0.116075
Gorai.010G230700.1.D	1814	1708.5	7	0.162505
Gorai.010G230800.1.A	2733	2627.5	3	0.0452859
Gorai.010G230800.1.D	2733	2627.5	23	0.347192
Gorai.010G230900.1.A	948	842.505	73.9733	3.48247
Gorai.010G230900.1.D	948	842.505	2.02667	0.0954102
Gorai.010G231000.1.A	972	866.505	181.968	8.32931
Gorai.010G231000.1.D	972	866.505	6.03209	0.27611
Gorai.010G231100.1.A	1647	1541.5	132.368	3.40583
Gorai.010G231100.1.D	1647	1541.5	41.6319	1.07119
Gorai.010G231200.1.A	2115	2009.5	155.77	3.07453
Gorai.010G231200.1.D	2115	2009.5	217.23	4.28762
Gorai.010G231300.1.A	1993	1887.5	131	2.75276
Gorai.010G231300.1.D	1993	1887.5	162	3.40418
Gorai.010G231400.1.A	1122	1016.5	980.906	38.2739
Gorai.010G231400.1.D	1122	1016.5	798.094	31.1408
Gorai.010G231500.1.A	868	762.505	5	0.260083
Gorai.010G231500.1.D	868	762.505	10	0.520167
Gorai.010G231600.1.A	852	746.505	3751.75	199.336
Gorai.010G231600.1.D	852	746.505	2968.27	157.709
Gorai.010G231700.1.A	1211	1105.5	7	0.251144
Gorai.010G231700.1.D	1211	1105.5	24	0.861064
Gorai.010G231800.1.A	1805	1699.5	72.565	1.69352
Gorai.010G231800.1.D	1805	1699.5	206.435	4.81777
Gorai.010G231900.1.A	2964	2858.5	5215	72.3603
Gorai.010G231900.1.D	2964	2858.5	3940	54.6691
Gorai.010G232000.1.A	195	91.658	0	0
Gorai.010G232000.1.D	195	91.658	0	0
Gorai.010G232100.1.A	513	407.551	0	0
Gorai.010G232100.1.D	513	407.551	0	0
Gorai.010G232200.1.A	468	362.551	0	0
Gorai.010G232200.1.D	468	362.551	0	0
Gorai.010G232300.1.A	765	659.505	3	0.180422
Gorai.010G232300.1.D	765	659.505	0	0
Gorai.010G232400.1.A	3003	2897.5	439.101	6.0107
Gorai.010G232400.1.D	3003	2897.5	414.899	5.67941
Gorai.010G232500.1.A	1567	1461.5	52.8196	1.43344
Gorai.010G232500.1.D	1567	1461.5	98.6893	2.67827
Gorai.010G232600.1.A	1049	943.505	127.613	5.36458
Gorai.010G232600.1.D	1049	943.505	56.3871	2.37039
Gorai.010G232700.1.A	1174	1068.5	0	0
Gorai.010G232700.1.D	1174	1068.5	0	0
Gorai.010G232800.1.A	607	501.551	0	0
Gorai.010G232800.1.D	607	501.551	0	0
Gorai.010G232900.1.A	2025	1919.5	5	0.103316
Gorai.010G232900.1.D	2025	1919.5	9	0.185968
Gorai.010G233000.1.A	645	539.505	0	0
Gorai.010G233000.1.D	645	539.505	0	0
Gorai.010G233100.1.A	583	477.551	0	0
Gorai.010G233100.1.D	583	477.551	0	0
Gorai.010G233200.1.A	837	731.505	0	0
Gorai.010G233200.1.D	837	731.505	0	0
Gorai.010G233300.1.A	525	419.551	0	0
Gorai.010G233300.1.D	525	419.551	0	0
Gorai.010G233400.1.A	2613	2507.5	56.6352	0.895839
Gorai.010G233400.1.D	2613	2507.5	13.7011	0.21672
Gorai.010G233500.1.A	1542	1436.5	11	0.303718
Gorai.010G233500.1.D	1542	1436.5	0	0
Gorai.010G233600.1.A	1748	1642.5	2	0.0482957
Gorai.010G233600.1.D	1748	1642.5	3	0.0724435
Gorai.010G233700.1.A	582	476.551	1	0.0832291
Gorai.010G233700.1.D	582	476.551	0	0
Gorai.010G233800.1.A	3524	3418.5	7	0.081217
Gorai.010G233800.1.D	3524	3418.5	1	0.0116024
Gorai.010G233900.1.A	2180	2074.5	757.681	14.4863
Gorai.010G233900.1.D	2180	2074.5	534.568	10.2205
Gorai.010G234000.1.A	1609	1503.5	88.0694	2.3233
Gorai.010G234000.1.D	1609	1503.5	204.931	5.40614
Gorai.010G234100.1.A	2774	2668.5	458.854	6.82012
Gorai.010G234100.1.D	2774	2668.5	489.146	7.27035
Gorai.010G234200.1.A	1504	1398.5	57	1.61657
Gorai.010G234200.1.D	1504	1398.5	0	0
Gorai.010G234300.1.A	2672	2566.5	80.8588	1.2496
Gorai.010G234300.1.D	2672	2566.5	6.14118	0.0949062
Gorai.010G234400.1.A	1663	1557.5	98.8571	2.51747
Gorai.010G234400.1.D	1663	1557.5	74.1429	1.8881
Gorai.010G234500.1.A	1460	1354.5	0	0
Gorai.010G234500.1.D	1460	1354.5	4.24858	0.124408
Gorai.010G234600.1.A	1045	939.505	0	0
Gorai.010G234600.1.D	1045	939.505	0	0
Gorai.010G234700.1.A	1400	1294.5	0	0
Gorai.010G234700.1.D	1400	1294.5	0	0
Gorai.010G234800.1.A	1682	1576.5	0	0
Gorai.010G234800.1.D	1682	1576.5	25.2416	0.635047
Gorai.010G234900.1.A	1353	1247.5	0	0
Gorai.010G234900.1.D	1353	1247.5	0	0
Gorai.010G235000.1.A	1108	1002.5	0	0
Gorai.010G235000.1.D	1108	1002.5	3.50984	0.138863
Gorai.010G235100.1.A	2421	2315.5	359.254	6.15376
Gorai.010G235100.1.D	2421	2315.5	282.746	4.84324
Gorai.010G235200.1.A	1290	1184.5	405.02	13.562
Gorai.010G235200.1.D	1290	1184.5	230.98	7.73432
Gorai.010G235300.1.A	2125	2019.5	0	0
Gorai.010G235300.1.D	2125	2019.5	0	0
Gorai.010G235400.1.A	1755	1649.5	1604.32	38.5764
Gorai.010G235400.1.D	1755	1649.5	3268.34	78.5884
Gorai.010G235500.1.A	1761	1655.5	13.5789	0.325327
Gorai.010G235500.1.D	1761	1655.5	29.4211	0.704876
Gorai.010G235600.1.A	1900	1794.5	223.909	4.94893
Gorai.010G235600.1.D	1900	1794.5	153.091	3.38369
Gorai.010G235700.1.A	1832	1726.5	90.4413	2.07771
Gorai.010G235700.1.D	1832	1726.5	133.559	3.06824
Gorai.010G235800.1.A	297	191.687	0	0
Gorai.010G235800.1.D	297	191.687	0	0
Gorai.010G235900.1.A	3092	2986.5	12.9643	0.172175
Gorai.010G235900.1.D	3092	2986.5	20.0357	0.266089
Gorai.010G236000.1.A	705	599.505	0	0
Gorai.010G236000.1.D	705	599.505	0	0
Gorai.010G236100.1.A	1663	1557.5	1099.88	28.0092
Gorai.010G236100.1.D	1663	1557.5	818.119	20.834
Gorai.010G236200.1.A	1732	1626.5	504.618	12.3053
Gorai.010G236200.1.D	1732	1626.5	398.382	9.71471
Gorai.010G236300.1.A	1375	1269.5	30.4225	0.950487
Gorai.010G236300.1.D	1375	1269.5	41.5775	1.299
Gorai.010G236400.1.A	1649	1543.5	1861.7	47.8395
Gorai.010G236400.1.D	1649	1543.5	1157.74	29.7501
Gorai.010G236500.1.A	1786	1680.5	6788.4	160.218
Gorai.010G236500.1.D	1786	1680.5	4465.6	105.396
Gorai.010G236600.1.A	740	634.505	885.822	55.3728
Gorai.010G236600.1.D	740	634.505	1608.17	100.527
Gorai.010G236700.1.A	1195	1089.5	0	0
Gorai.010G236700.1.D	1195	1089.5	0	0
Gorai.010G236800.1.A	902	796.505	227.263	11.3168
Gorai.010G236800.1.D	902	796.505	312.737	15.5731
Gorai.010G236900.1.A	1016	910.505	802.364	34.9522
Gorai.010G236900.1.D	1016	910.505	1141.3	49.7168
Gorai.010G237000.1.A	1271	1165.5	1	0.0340307
Gorai.010G237000.1.D	1271	1165.5	0	0
Gorai.010G237100.1.A	1144	1038.5	0	0
Gorai.010G237100.1.D	1144	1038.5	0	0
Gorai.010G237200.1.A	1063	957.505	2	0.0828465
Gorai.010G237200.1.D	1063	957.505	33	1.36697
Gorai.010G237300.1.A	2047	1941.5	447.201	9.13585
Gorai.010G237300.1.D	2047	1941.5	628.799	12.8457
Gorai.010G237400.1.A	950	844.505	1	0.0469659
Gorai.010G237400.1.D	950	844.505	1	0.0469659
Gorai.010G237500.1.A	1423	1317.5	73.8608	2.22355
Gorai.010G237500.1.D	1423	1317.5	279.702	8.42033
Gorai.010G237600.1.A	1287	1181.5	55.1902	1.85273
Gorai.010G237600.1.D	1287	1181.5	117.81	3.95486
Gorai.010G237700.1.A	375	269.583	0	0
Gorai.010G237700.1.D	375	269.583	0	0
Gorai.010G237800.1.A	231	126.463	0	0
Gorai.010G237800.1.D	231	126.463	0	0
Gorai.010G237900.1.A	1096	990.505	390.334	15.6302
Gorai.010G237900.1.D	1096	990.505	395.666	15.8437
Gorai.010G238000.1.A	840	734.505	68.2759	3.68687
Gorai.010G238000.1.D	840	734.505	41.7241	2.25309
Gorai.010G238100.1.A	2105	1999.5	269.233	5.3406
Gorai.010G238100.1.D	2105	1999.5	189.767	3.7643
Gorai.010G238200.1.A	1745	1639.5	46.7681	1.13141
Gorai.010G238200.1.D	1745	1639.5	501.232	12.1258
Gorai.010G238300.1.A	2713	2607.5	243.713	3.70713
Gorai.010G238300.1.D	2713	2607.5	491.817	7.48106
Gorai.010G238400.1.A	1328	1222.5	5	0.16222
Gorai.010G238400.1.D	1328	1222.5	0	0
Gorai.010G238500.1.A	1025	919.505	0	0
Gorai.010G238500.1.D	1025	919.505	0	0
Gorai.010G238600.1.A	2115	2009.5	0	0
Gorai.010G238600.1.D	2115	2009.5	2	0.0394753
Gorai.010G238700.1.A	1559	1453.5	1231.03	33.5922
Gorai.010G238700.1.D	1559	1453.5	2616.97	71.4112
Gorai.010G238800.1.A	975	869.505	320.962	14.6409
Gorai.010G238800.1.D	975	869.505	143.038	6.52474
Gorai.010G238900.1.A	1313	1207.5	75.748	2.4881
Gorai.010G238900.1.D	1313	1207.5	54.252	1.78202
Gorai.010G239000.1.A	2520	2414.5	0	0
Gorai.010G239000.1.D	2520	2414.5	0	0
Gorai.010G239100.1.A	449	343.583	7	0.808074
Gorai.010G239100.1.D	449	343.583	0	0
Gorai.010G239200.1.A	893	787.505	0	0
Gorai.010G239200.1.D	893	787.505	0	0
Gorai.010G239300.1.A	456	350.551	0	0
Gorai.010G239300.1.D	456	350.551	0	0
Gorai.010G239400.1.A	3747	3641.5	127.67	1.39058
Gorai.010G239400.1.D	3747	3641.5	82.3295	0.896726
Gorai.010G239500.1.A	2444	2338.5	3980.52	67.5128
Gorai.010G239500.1.D	2444	2338.5	4068.48	69.0048
Gorai.010G239600.1.A	1389	1283.5	2	0.0618041
Gorai.010G239600.1.D	1389	1283.5	6	0.185412
Gorai.010G239700.1.A	1004	898.505	37.3012	1.6466
Gorai.010G239700.1.D	1004	898.505	48.6988	2.14972
Gorai.010G239800.1.A	967	861.505	2451.02	112.843
Gorai.010G239800.1.D	967	861.505	2299.71	105.877
Gorai.010G239900.1.A	2414	2308.5	106.41	1.82826
Gorai.010G239900.1.D	2414	2308.5	111.722	1.91952
Gorai.010G240000.1.A	1290	1184.5	771.027	25.8177
Gorai.010G240000.1.D	1290	1184.5	1011.97	33.8857
Gorai.010G240100.1.A	357	251.63	1.2973	0.204485
Gorai.010G240100.1.D	357	251.63	46.7027	7.36147
Gorai.010G240200.1.A	1586	1480.5	10.9375	0.293017
Gorai.010G240200.1.D	1586	1480.5	129.062	3.4576
Gorai.010G240300.1.A	1670	1564.5	5	0.126759
Gorai.010G240300.1.D	1670	1564.5	18	0.456332
Gorai.010G240400.1.A	747	641.505	0	0
Gorai.010G240400.1.D	747	641.505	0	0
Gorai.010G240500.1.A	333	227.63	107.639	18.7553
Gorai.010G240500.1.D	333	227.63	64.3613	11.2145
Gorai.010G240600.1.A	2303	2197.5	316.638	5.71502
Gorai.010G240600.1.D	2303	2197.5	289.362	5.22272
Gorai.010G240700.1.A	1420	1314.5	52.3077	1.5783
Gorai.010G240700.1.D	1420	1314.5	27.6923	0.835568
Gorai.010G240800.1.A	2587	2481.5	109.503	1.75023
Gorai.010G240800.1.D	2587	2481.5	65.4971	1.04687
Gorai.010G240900.1.A	4069	3963.5	54.1972	0.542353
Gorai.010G240900.1.D	4069	3963.5	19.8028	0.198168
Gorai.010G241000.1.A	2213	2107.5	3506.6	65.9936
Gorai.010G241000.1.D	2213	2107.5	4511.4	84.904
Gorai.010G241100.1.A	1730	1624.5	20.4615	0.499577
Gorai.010G241100.1.D	1730	1624.5	7.53846	0.184055
Gorai.010G241200.1.A	3082	2976.5	228.606	3.04626
Gorai.010G241200.1.D	3082	2976.5	196.394	2.61701
Gorai.010G241300.1.A	1008	902.505	204.795	9.00023
Gorai.010G241300.1.D	1008	902.505	94.2055	4.14011
Gorai.010G241400.1.A	1117	1011.5	331.389	12.9944
Gorai.010G241400.1.D	1117	1011.5	268.611	10.5327
Gorai.010G241500.1.A	1583	1477.5	42	1.12747
Gorai.010G241500.1.D	1583	1477.5	19	0.510046
Gorai.010G241600.1.A	1853	1747.5	1315.42	29.8559
Gorai.010G241600.1.D	1853	1747.5	1147.58	26.0465
Gorai.010G241700.1.A	1454	1348.5	0	0
Gorai.010G241700.1.D	1454	1348.5	0	0
Gorai.010G241800.1.A	2691	2585.5	227.371	3.48798
Gorai.010G241800.1.D	2691	2585.5	22.6293	0.347145
Gorai.010G241900.1.A	1999	1893.5	534.947	11.2055
Gorai.010G241900.1.D	1999	1893.5	330.053	6.91356
Gorai.010G242000.1.A	530	424.551	0	0
Gorai.010G242000.1.D	530	424.551	0	0
Gorai.010G242100.1.A	826	720.505	60.2727	3.31794
Gorai.010G242100.1.D	826	720.505	41.7273	2.29704
Gorai.010G242200.1.A	2207	2101.5	10.4211	0.196683
Gorai.010G242200.1.D	2207	2101.5	11.5789	0.218536
Gorai.010G242300.1.A	593	487.551	0	0
Gorai.010G242300.1.D	593	487.551	0	0
Gorai.010G242400.1.A	1533	1427.5	65.1236	1.80945
Gorai.010G242400.1.D	1533	1427.5	26.8764	0.746756
Gorai.010G242500.1.A	1056	950.505	250.788	10.465
Gorai.010G242500.1.D	1056	950.505	71.2115	2.97154
Gorai.010G242600.1.A	1336	1230.5	153.649	4.95258
Gorai.010G242600.1.D	1336	1230.5	20.3509	0.655971
Gorai.010G242700.1.A	2115	2009.5	177.739	3.50815
Gorai.010G242700.1.D	2115	2009.5	224.261	4.42639
Gorai.010G242800.1.A	1523	1417.5	4.13333	0.115654
Gorai.010G242800.1.D	1523	1417.5	150.867	4.22137
Gorai.010G242900.1.A	1438	1332.5	36.4145	1.0839
Gorai.010G242900.1.D	1438	1332.5	578.586	17.222
Gorai.010G243000.1.A	1145	1039.5	66.9307	2.55378
Gorai.010G243000.1.D	1145	1039.5	37.0693	1.4144
Gorai.010G243100.1.A	1224	1118.5	0	0
Gorai.010G243100.1.D	1224	1118.5	0	0
Gorai.010G243200.1.A	1133	1027.5	2.38651	0.0921223
Gorai.010G243200.1.D	1133	1027.5	655.097	25.2876
Gorai.010G243300.1.A	506	400.551	0	0
Gorai.010G243300.1.D	506	400.551	3	0.297063
Gorai.010G243400.1.A	1408	1302.5	1146.73	34.9195
Gorai.010G243400.1.D	1408	1302.5	312.266	9.5089
Gorai.010G243500.1.A	5677	5571.5	854.518	6.08322
Gorai.010G243500.1.D	5677	5571.5	801.868	5.70841
Gorai.010G243600.1.A	1182	1076.5	422.762	15.5763
Gorai.010G243600.1.D	1182	1076.5	221.238	8.15134
Gorai.010G243700.1.A	1004	898.505	0	0
Gorai.010G243700.1.D	1004	898.505	0	0
Gorai.010G243800.1.A	1312	1206.5	0	0
Gorai.010G243800.1.D	1312	1206.5	0	0
Gorai.010G243900.1.A	2520	2414.5	12.3429	0.202755
Gorai.010G243900.1.D	2520	2414.5	23.6571	0.388615
Gorai.010G244000.1.A	1522	1416.5	0	0
Gorai.010G244000.1.D	1522	1416.5	0	0
Gorai.010G244100.1.A	4601	4495.5	504.886	4.45451
Gorai.010G244100.1.D	4601	4495.5	394.114	3.47719
Gorai.010G244200.1.A	800	694.505	78.3051	4.47198
Gorai.010G244200.1.D	800	694.505	61.6949	3.52338
Gorai.010G244300.1.A	2678	2572.5	592.05	9.12825
Gorai.010G244300.1.D	2678	2572.5	681.95	10.5143
Gorai.010G244400.1.A	1019	913.505	0	0
Gorai.010G244400.1.D	1019	913.505	0	0
Gorai.010G244500.1.A	1183	1077.5	1314.96	48.4038
Gorai.010G244500.1.D	1183	1077.5	1750.77	64.4459
Gorai.010G244600.1.A	2435	2329.5	4798.2	81.6958
Gorai.010G244600.1.D	2435	2329.5	6873.06	117.023
Gorai.010G244700.1.A	2269	2163.5	65.097	1.19341
Gorai.010G244700.1.D	2269	2163.5	77.903	1.42817
Gorai.010G244800.1.A	829	723.505	2101.18	115.188
Gorai.010G244800.1.D	829	723.505	1307.82	71.6952
Gorai.010G244900.1.A	1596	1490.5	15.95	0.424436
Gorai.010G244900.1.D	1596	1490.5	13.05	0.347266
Gorai.010G245000.1.A	1627	1521.5	112.904	2.9432
Gorai.010G245000.1.D	1627	1521.5	172.096	4.48624
Gorai.010G245100.1.A	656	550.505	70	5.04338
Gorai.010G245100.1.D	656	550.505	47	3.38627
Gorai.010G245200.1.A	1210	1104.5	8.44444	0.303241
Gorai.010G245200.1.D	1210	1104.5	10.5556	0.379052
Gorai.010G245300.1.A	2404	2298.5	7	0.120792
Gorai.010G245300.1.D	2404	2298.5	0	0
Gorai.010G245400.1.A	2184	2078.5	917.675	17.5115
Gorai.010G245400.1.D	2184	2078.5	762.325	14.547
Gorai.010G245500.1.A	2883	2777.5	369.701	5.27936
Gorai.010G245500.1.D	2883	2777.5	300.299	4.28829
Gorai.010G245600.1.A	3504	3398.5	3114.89	36.353
Gorai.010G245600.1.D	3504	3398.5	3594.11	41.9458
Gorai.010G245700.1.A	904	798.505	0	0
Gorai.010G245700.1.D	904	798.505	9.26579	0.460246
Gorai.010G245800.1.A	1116	1010.5	0	0
Gorai.010G245800.1.D	1116	1010.5	0	0
Gorai.010G245900.1.A	975	869.505	11.8495	0.540521
Gorai.010G245900.1.D	975	869.505	91.4742	4.17265
Gorai.010G246000.1.A	387	281.583	5.54263	0.780718
Gorai.010G246000.1.D	387	281.583	155.123	21.8501
Gorai.010G246100.1.A	1154	1048.5	81.7616	3.09289
Gorai.010G246100.1.D	1154	1048.5	143.024	5.41034
Gorai.010G246200.1.A	756	650.505	3.32084	0.20248
Gorai.010G246200.1.D	756	650.505	3.32084	0.20248
Gorai.010G246300.1.A	1342	1236.5	15.6457	0.501863
Gorai.010G246300.1.D	1342	1236.5	36.7065	1.17742
Gorai.010G246400.1.A	2102	1996.5	145.667	2.89384
Gorai.010G246400.1.D	2102	1996.5	728.333	14.4692
Gorai.010G246500.1.A	918	812.505	0	0
Gorai.010G246500.1.D	918	812.505	16	0.78105
Gorai.010G246600.1.A	1214	1108.5	3	0.107342
Gorai.010G246600.1.D	1214	1108.5	0	0
Gorai.010G246700.1.A	1375	1269.5	71.9904	2.24918
Gorai.010G246700.1.D	1375	1269.5	2129.01	66.5163
Gorai.010G246800.1.A	958	852.505	139.897	6.50875
Gorai.010G246800.1.D	958	852.505	356.103	16.5677
Gorai.010G246900.1.A	999	893.505	309.025	13.7177
Gorai.010G246900.1.D	999	893.505	662.975	29.4297
Gorai.010G247000.1.A	1430	1324.5	1229.13	36.8068
Gorai.010G247000.1.D	1430	1324.5	1004.87	30.0914
Gorai.010G247100.1.A	1814	1708.5	284.486	6.60435
Gorai.010G247100.1.D	1814	1708.5	272.483	6.32568
Gorai.010G247200.1.A	1494	1388.5	163.857	4.68062
Gorai.010G247200.1.D	1494	1388.5	239.143	6.83117
Gorai.010G247300.1.A	2183	2077.5	131.553	2.51156
Gorai.010G247300.1.D	2183	2077.5	71.4469	1.36404
Gorai.010G247400.1.A	1242	1136.5	6.9	0.240803
Gorai.010G247400.1.D	1242	1136.5	16.1	0.561875
Gorai.010G247500.1.A	2761	2655.5	286.718	4.28246
Gorai.010G247500.1.D	2761	2655.5	34.2816	0.512033
Gorai.010G247600.1.A	1914	1808.5	249.996	5.48274
Gorai.010G247600.1.D	1914	1808.5	262.004	5.74611
Gorai.010G247700.1.A	825	719.505	30.4468	1.67839
Gorai.010G247700.1.D	825	719.505	22.5532	1.24325
Gorai.010G247800.1.A	3801	3695.5	202.09	2.16898
Gorai.010G247800.1.D	3801	3695.5	99.9098	1.07231
Gorai.010G247900.1.A	1423	1317.5	899.31	27.0734
Gorai.010G247900.1.D	1423	1317.5	828.69	24.9474
Gorai.010G248000.1.A	2256	2150.5	0	0
Gorai.010G248000.1.D	2256	2150.5	0	0
Gorai.010G248100.1.A	2146	2040.5	176.725	3.43514
Gorai.010G248100.1.D	2146	2040.5	469.275	9.12169
Gorai.010G248200.1.A	1081	975.505	5	0.203294
Gorai.010G248200.1.D	1081	975.505	1	0.0406589
Gorai.010G248300.1.A	1963	1857.5	367.632	7.84998
Gorai.010G248300.1.D	1963	1857.5	699.368	14.9335
Gorai.010G248400.1.A	1761	1655.5	220.671	5.28689
Gorai.010G248400.1.D	1761	1655.5	141.329	3.38599
Gorai.010G248500.1.A	5799	5693.5	358.616	2.49825
Gorai.010G248500.1.D	5799	5693.5	461.384	3.21416
Gorai.010G248600.1.A	1876	1770.5	33.2925	0.745821
Gorai.010G248600.1.D	1876	1770.5	22.8751	0.51245
Gorai.010G248700.1.A	1894	1788.5	140.255	3.11038
Gorai.010G248700.1.D	1894	1788.5	1422.58	31.5479
Gorai.010G248800.1.A	1036	930.505	752.758	32.0865
Gorai.010G248800.1.D	1036	930.505	2231.24	95.1071
Gorai.010G248900.1.A	1581	1475.5	220.244	5.92036
Gorai.010G248900.1.D	1581	1475.5	252.756	6.79432
Gorai.010G249000.1.A	1167	1061.5	204.27	7.6325
Gorai.010G249000.1.D	1167	1061.5	245.73	9.18167
Gorai.010G249100.1.A	2674	2568.5	310.88	4.80062
Gorai.010G249100.1.D	2674	2568.5	228.12	3.52264
Gorai.010G249200.1.A	2156	2050.5	173.385	3.35378
Gorai.010G249200.1.D	2156	2050.5	148.615	2.87467
Gorai.010G249300.1.A	785	679.505	927.4	54.1327
Gorai.010G249300.1.D	785	679.505	783.6	45.7391
Gorai.010G249400.1.A	3294	3188.5	148.921	1.85249
Gorai.010G249400.1.D	3294	3188.5	227.079	2.82471
Gorai.010G249500.1.A	1180	1074.5	20.5063	0.756945
Gorai.010G249500.1.D	1180	1074.5	60.4937	2.23299
Gorai.010G249600.1.A	1377	1271.5	62.6561	1.95448
Gorai.010G249600.1.D	1377	1271.5	128.344	4.00352
Gorai.010G249700.1.A	1520	1414.5	12.9231	0.362365
Gorai.010G249700.1.D	1520	1414.5	1.07692	0.0301971
Gorai.010G249800.1.A	1755	1649.5	139.228	3.34778
Gorai.010G249800.1.D	1755	1649.5	134.772	3.24065
Gorai.010G249900.1.A	1197	1091.5	40	1.45351
Gorai.010G249900.1.D	1197	1091.5	42	1.52619
Gorai.010G250000.1.A	2252	2146.5	188.247	3.47842
Gorai.010G250000.1.D	2252	2146.5	31.7526	0.586722
Gorai.010G250100.1.A	536	430.551	0	0
Gorai.010G250100.1.D	536	430.551	0	0
Gorai.010G250200.1.A	1034	928.505	136.564	5.83362
Gorai.010G250200.1.D	1034	928.505	105.436	4.5039
Gorai.010G250300.1.A	1791	1685.5	867.889	20.423
Gorai.010G250300.1.D	1791	1685.5	510.728	12.0183
Gorai.010G250400.1.A	513	407.551	0	0
Gorai.010G250400.1.D	513	407.551	0	0
Gorai.010G250500.1.A	1890	1784.5	16.6216	0.369437
Gorai.010G250500.1.D	1890	1784.5	65.3784	1.45312
Gorai.010G250600.1.A	2533	2427.5	131.839	2.15411
Gorai.010G250600.1.D	2533	2427.5	215.161	3.51551
Gorai.010G250700.1.A	1081	975.505	6	0.243953
Gorai.010G250700.1.D	1081	975.505	0	0
Gorai.010G250800.1.A	1201	1095.5	38.3373	1.38801
Gorai.010G250800.1.D	1201	1095.5	47.6627	1.72563
Gorai.010G250900.1.A	277	171.788	0	0
Gorai.010G250900.1.D	277	171.788	0	0
Gorai.010G251000.1.A	1294	1188.5	206.771	6.9004
Gorai.010G251000.1.D	1294	1188.5	131.212	4.37881
Gorai.010G251100.1.A	1000	894.505	2	0.0886814
Gorai.010G251100.1.D	1000	894.505	2	0.0886814
Gorai.010G251200.1.A	1700	1594.5	1.33333	0.0331664
Gorai.010G251200.1.D	1700	1594.5	2.66667	0.0663327
Gorai.010G251300.1.A	1033	927.505	360.433	15.4132
Gorai.010G251300.1.D	1033	927.505	142.567	6.0966
Gorai.010G251400.1.A	894	788.505	0	0
Gorai.010G251400.1.D	894	788.505	0	0
Gorai.010G251500.1.A	1209	1103.5	0	0
Gorai.010G251500.1.D	1209	1103.5	0	0
Gorai.010G251600.1.A	1266	1160.5	0	0
Gorai.010G251600.1.D	1266	1160.5	0	0
Gorai.010G251700.1.A	1269	1163.5	0	0
Gorai.010G251700.1.D	1269	1163.5	0	0
Gorai.010G251800.1.A	1266	1160.5	0	0
Gorai.010G251800.1.D	1266	1160.5	0	0
Gorai.010G251900.1.A	1215	1109.5	0	0
Gorai.010G251900.1.D	1215	1109.5	0	0
Gorai.010G252000.1.A	1140	1034.5	0	0
Gorai.010G252000.1.D	1140	1034.5	0	0
Gorai.010G252100.1.A	1781	1675.5	57.9866	1.37267
Gorai.010G252100.1.D	1781	1675.5	134.013	3.1724
Gorai.010G252200.1.A	1552	1446.5	28.7368	0.78796
Gorai.010G252200.1.D	1552	1446.5	10.2632	0.281414
Gorai.010G252300.1.A	832	726.505	3	0.163783
Gorai.010G252300.1.D	832	726.505	0	0
Gorai.010G252400.1.A	1793	1687.5	0	0
Gorai.010G252400.1.D	1793	1687.5	1	0.0235039
Gorai.010G252500.1.A	705	599.505	303.264	20.0638
Gorai.010G252500.1.D	705	599.505	247.736	16.3901
Gorai.010G252600.1.A	679	573.505	2	0.138318
Gorai.010G252600.1.D	679	573.505	1	0.0691589
Gorai.010G252700.1.A	1729	1623.5	0	0
Gorai.010G252700.1.D	1729	1623.5	0	0
Gorai.010G252800.1.A	324	218.63	0	0
Gorai.010G252800.1.D	324	218.63	0	0
Gorai.010G252900.1.A	765	659.505	29	1.74407
Gorai.010G252900.1.D	765	659.505	0	0
Gorai.010G253000.1.A	935	829.505	85.68	4.09681
Gorai.010G253000.1.D	935	829.505	118.32	5.6575
Gorai.010G253100.1.A	1232	1126.5	219.207	7.71804
Gorai.010G253100.1.D	1232	1126.5	86.7927	3.05587
Gorai.010G253200.1.A	1028	922.505	0	0
Gorai.010G253200.1.D	1028	922.505	2	0.0859897
Gorai.010G253300.1.A	1065	959.505	0	0
Gorai.010G253300.1.D	1065	959.505	0	0
Gorai.010G253400.1.A	2318	2212.5	339.018	6.07748
Gorai.010G253400.1.D	2318	2212.5	628.982	11.2756
Gorai.010G253500.1.A	1854	1748.5	2	0.0453678
Gorai.010G253500.1.D	1854	1748.5	0	0
Gorai.010G253600.1.A	3927	3821.5	524.606	5.44483
Gorai.010G253600.1.D	3927	3821.5	617.394	6.40786
Gorai.010G253700.1.A	1344	1238.5	87.1206	2.79002
Gorai.010G253700.1.D	1344	1238.5	60.8794	1.94966
Gorai.010G253800.1.A	3170	3064.5	30.9189	0.400174
Gorai.010G253800.1.D	3170	3064.5	13.0811	0.169304
Gorai.010G253900.1.A	1462	1356.5	90.0376	2.63261
Gorai.010G253900.1.D	1462	1356.5	132.962	3.8877
Gorai.010G254000.1.A	1560	1454.5	27	0.736264
Gorai.010G254000.1.D	1560	1454.5	27	0.736264
Gorai.010G254100.1.A	216	111.866	0	0
Gorai.010G254100.1.D	216	111.866	0	0
Gorai.010G254200.1.A	666	560.505	0	0
Gorai.010G254200.1.D	666	560.505	4	0.283052
Gorai.010G254300.1.A	2573	2467.5	2.5	0.0401853
Gorai.010G254300.1.D	2573	2467.5	12.5	0.200926
Gorai.010G254400.1.A	924	818.505	0	0
Gorai.010G254400.1.D	924	818.505	0	0
Gorai.010G254500.1.A	898	792.505	0	0
Gorai.010G254500.1.D	898	792.505	0	0
Gorai.010G254600.1.A	1200	1094.5	8.2807	0.300078
Gorai.010G254600.1.D	1200	1094.5	50.7193	1.83798
Gorai.010G254700.1.A	3693	3587.5	188.209	2.08082
Gorai.010G254700.1.D	3693	3587.5	235.791	2.60687
Gorai.010G254800.1.A	959	853.505	154.187	7.16515
Gorai.010G254800.1.D	959	853.505	136.813	6.35781
Gorai.010G254900.1.A	1704	1598.5	0	0
Gorai.010G254900.1.D	1704	1598.5	15	0.372188
Gorai.010G255000.1.A	3376	3270.5	296.441	3.59508
Gorai.010G255000.1.D	3376	3270.5	1116.56	13.541
Gorai.010G255100.1.A	2121	2015.5	27.3922	0.539048
Gorai.010G255100.1.D	2121	2015.5	99.6078	1.96017
Gorai.010G255200.1.A	1256	1150.5	37.6489	1.29792
Gorai.010G255200.1.D	1256	1150.5	99.3511	3.42507
Gorai.010G255300.1.A	1252	1146.5	45.3846	1.57007
Gorai.010G255300.1.D	1252	1146.5	72.6154	2.5121
Gorai.010G255400.1.A	4171	4065.5	673.027	6.56603
Gorai.010G255400.1.D	4171	4065.5	984.973	9.60937
Gorai.010G255500.1.A	2881	2775.5	1081.47	15.4547
Gorai.010G255500.1.D	2881	2775.5	554.762	7.92774
Gorai.010G255600.1.A	2601	2495.5	0	0
Gorai.010G255600.1.D	2601	2495.5	0	0
Gorai.010G255700.1.A	2905	2799.5	0	0
Gorai.010G255700.1.D	2905	2799.5	0	0
Gorai.010G255800.1.A	2050	1944.5	0	0
Gorai.010G255800.1.D	2050	1944.5	1	0.0203975
Gorai.010G255900.1.A	927	821.505	0	0
Gorai.010G255900.1.D	927	821.505	0	0
Gorai.010G256000.1.A	552	446.551	0	0
Gorai.010G256000.1.D	552	446.551	0	0
Gorai.010G256100.1.A	339	233.63	7	1.18838
Gorai.010G256100.1.D	339	233.63	0	0
Gorai.010G256200.1.A	1487	1381.5	0	0
Gorai.010G256200.1.D	1487	1381.5	0	0
Gorai.010G256300.1.A	1042	936.505	0	0
Gorai.010G256300.1.D	1042	936.505	1	0.0423521
Gorai.010G256400.1.A	1340	1234.5	111.658	3.58743
Gorai.010G256400.1.D	1340	1234.5	90.3417	2.90256
Gorai.010G256500.1.A	2932	2826.5	57.4176	0.805712
Gorai.010G256500.1.D	2932	2826.5	37.5824	0.527375
Gorai.010G256600.1.A	687	581.505	9.68421	0.660535
Gorai.010G256600.1.D	687	581.505	36.3158	2.47701
Gorai.010G256700.1.A	2285	2179.5	106.919	1.94572
Gorai.010G256700.1.D	2285	2179.5	306.081	5.57011
Gorai.010G256800.1.A	1351	1245.5	795.989	25.3482
Gorai.010G256800.1.D	1351	1245.5	455.011	14.4898
Gorai.010G256900.1.A	5548	5442.5	447.943	3.26444
Gorai.010G256900.1.D	5548	5442.5	929.672	6.7751
Gorai.010G257000.1.A	330	224.63	0	0
Gorai.010G257000.1.D	330	224.63	0	0
Gorai.011G000100.1.A	1014	908.505	1.42824	0.0623532
Gorai.011G000100.1.D	1014	908.505	82.4303	3.59869
Gorai.011G000200.1.A	846	740.505	4.33333	0.232102
Gorai.011G000200.1.D	846	740.505	8.66667	0.464204
Gorai.011G000300.1.A	1458	1352.5	3.33909	0.0979207
Gorai.011G000300.1.D	1458	1352.5	2.05408	0.0602371
Gorai.011G000400.1.A	434	328.583	0	0
Gorai.011G000400.1.D	434	328.583	15.7982	1.90698
Gorai.011G000500.1.A	2240	2134.5	116.447	2.1638
Gorai.011G000500.1.D	2240	2134.5	157.063	2.91851
Gorai.011G000600.1.A	390	284.583	15.352	2.13963
Gorai.011G000600.1.D	390	284.583	66.1452	9.21879
Gorai.011G000700.1.A	1263	1157.5	3.03938	0.104147
Gorai.011G000700.1.D	1263	1157.5	3.03938	0.104147
Gorai.011G000800.1.A	2563	2457.5	43.6631	0.704702
Gorai.011G000800.1.D	2563	2457.5	2577.34	41.597
Gorai.011G000900.1.A	3214	3108.5	5.05263	0.064469
Gorai.011G000900.1.D	3214	3108.5	18.9474	0.241759
Gorai.011G001000.1.A	1979	1873.5	174.516	3.69459
Gorai.011G001000.1.D	1979	1873.5	173.484	3.67273
Gorai.011G001100.1.A	2845	2739.5	559.049	8.09399
Gorai.011G001100.1.D	2845	2739.5	371.668	5.38107
Gorai.011G001200.1.A	3261	3155.5	44.2549	0.55626
Gorai.011G001200.1.D	3261	3155.5	77.7451	0.977213
Gorai.011G001300.1.A	2003	1897.5	96.1329	2.00944
Gorai.011G001300.1.D	2003	1897.5	86.8671	1.81576
Gorai.011G001400.1.A	6522	6416.5	219.154	1.35468
Gorai.011G001400.1.D	6522	6416.5	272.846	1.68657
Gorai.011G001500.1.A	1957	1851.5	194.338	4.1631
Gorai.011G001500.1.D	1957	1851.5	63.6623	1.36377
Gorai.011G001600.1.A	875	769.505	1	0.0515435
Gorai.011G001600.1.D	875	769.505	0	0
Gorai.011G001700.1.A	2593	2487.5	558.45	8.90441
Gorai.011G001700.1.D	2593	2487.5	609.55	9.7192
Gorai.011G001800.1.A	2166	2060.5	8.88889	0.171103
Gorai.011G001800.1.D	2166	2060.5	1.11111	0.0213879
Gorai.011G001900.1.A	1920	1814.5	0	0
Gorai.011G001900.1.D	1920	1814.5	0	0
Gorai.011G002000.1.A	3200	3094.5	2527.96	32.4014
Gorai.011G002000.1.D	3200	3094.5	2497.04	32.0051
Gorai.011G002100.1.A	1505	1399.5	38.2857	1.08504
Gorai.011G002100.1.D	1505	1399.5	28.7143	0.813783
Gorai.011G002200.1.A	698	592.505	0.5	0.0334706
Gorai.011G002200.1.D	698	592.505	0.5	0.0334706
Gorai.011G002300.1.A	2224	2118.5	443.118	8.29612
Gorai.011G002300.1.D	2224	2118.5	225.882	4.229
Gorai.011G002400.1.A	2021	1915.5	747.918	15.4866
Gorai.011G002400.1.D	2021	1915.5	477.278	9.88265
Gorai.011G002500.1.A	735	629.505	15	0.945099
Gorai.011G002500.1.D	735	629.505	1	0.0630066
Gorai.011G002600.1.A	2674	2568.5	6722.85	103.814
Gorai.011G002600.1.D	2674	2568.5	6649.92	102.688
Gorai.011G002700.1.A	1770	1664.5	861.933	20.5387
Gorai.011G002700.1.D	1770	1664.5	671.067	15.9906
Gorai.011G002800.1.A	2037	1931.5	334.903	6.87714
Gorai.011G002800.1.D	2037	1931.5	72.0971	1.4805
Gorai.011G002900.1.A	1096	990.505	604.618	24.2108
Gorai.011G002900.1.D	1096	990.505	587.382	23.5206
Gorai.011G003000.1.A	1831	1725.5	379.563	8.72475
Gorai.011G003000.1.D	1831	1725.5	367.437	8.446
Gorai.011G003100.1.A	2415	2309.5	1224.6	21.0311
Gorai.011G003100.1.D	2415	2309.5	729.674	12.5313
Gorai.011G003200.1.A	1756	1650.5	58.6221	1.40874
Gorai.011G003200.1.D	1756	1650.5	567.378	13.6345
Gorai.011G003300.1.A	1961	1855.5	1022.79	21.863
Gorai.011G003300.1.D	1961	1855.5	486.207	10.3931
Gorai.011G003400.1.A	3081	2975.5	120.05	1.60024
Gorai.011G003400.1.D	3081	2975.5	133.95	1.78553
Gorai.011G003500.1.A	2060	1954.5	858.88	17.4293
Gorai.011G003500.1.D	2060	1954.5	646.12	13.1118
Gorai.011G003600.1.A	1198	1092.5	419.221	15.2197
Gorai.011G003600.1.D	1198	1092.5	193.779	7.03507
Gorai.011G003700.1.A	1465	1359.5	143.67	4.19152
Gorai.011G003700.1.D	1465	1359.5	125.33	3.65643
Gorai.011G003800.1.A	1639	1533.5	78.9017	2.04073
Gorai.011G003800.1.D	1639	1533.5	116.098	3.00279
Gorai.011G003900.1.A	3300	3194.5	1341.92	16.6613
Gorai.011G003900.1.D	3300	3194.5	1682.08	20.8847
Gorai.011G004000.1.A	3062	2956.5	765.041	10.2634
Gorai.011G004000.1.D	3062	2956.5	716.959	9.61835
Gorai.011G004100.1.A	1690	1584.5	504.451	12.6273
Gorai.011G004100.1.D	1690	1584.5	313.549	7.84868
Gorai.011G004200.1.A	3369	3263.5	60.8276	0.739267
Gorai.011G004200.1.D	3369	3263.5	65.1724	0.792072
Gorai.011G004300.1.A	1908	1802.5	0	0
Gorai.011G004300.1.D	1908	1802.5	5	0.110022
Gorai.011G004400.1.A	639	533.505	9.78261	0.72728
Gorai.011G004400.1.D	639	533.505	15.2174	1.13132
Gorai.011G004500.1.A	1004	898.505	0	0
Gorai.011G004500.1.D	1004	898.505	1	0.0441433
Gorai.011G004600.1.A	759	653.505	37.4194	2.27108
Gorai.011G004600.1.D	759	653.505	2.58065	0.156626
Gorai.011G004700.1.A	3106	3000.5	205.266	2.71336
Gorai.011G004700.1.D	3106	3000.5	92.7343	1.22583
Gorai.011G004800.1.A	3873	3767.5	935	9.84335
Gorai.011G004800.1.D	3873	3767.5	1037	10.9172
Gorai.011G004900.1.A	4191	4085.5	179.715	1.74471
Gorai.011G004900.1.D	4191	4085.5	207.285	2.01237
Gorai.011G005000.1.A	1789	1683.5	1878.37	44.254
Gorai.011G005000.1.D	1789	1683.5	1776.62	41.8566
Gorai.011G005100.1.A	1564	1458.5	20956.9	569.908
Gorai.011G005100.1.D	1564	1458.5	19067.1	518.515
Gorai.011G005200.1.A	998	892.505	44.4915	1.97721
Gorai.011G005200.1.D	998	892.505	30.5085	1.3558
Gorai.011G005300.1.A	1047	941.505	221.56	9.33369
Gorai.011G005300.1.D	1047	941.505	1106.44	46.6112
Gorai.011G005400.1.A	3855	3749.5	220.091	2.32817
Gorai.011G005400.1.D	3855	3749.5	390.909	4.1351
Gorai.011G005500.1.A	2115	2009.5	0	0
Gorai.011G005500.1.D	2115	2009.5	7	0.138164
Gorai.011G005600.1.A	1936	1830.5	0	0
Gorai.011G005600.1.D	1936	1830.5	0	0
Gorai.011G005700.1.A	1616	1510.5	0	0
Gorai.011G005700.1.D	1616	1510.5	0	0
Gorai.011G005800.1.A	775	669.505	0	0
Gorai.011G005800.1.D	775	669.505	0	0
Gorai.011G005900.1.A	1806	1700.5	0	0
Gorai.011G005900.1.D	1806	1700.5	0	0
Gorai.011G006000.1.A	2833	2727.5	6.47059	0.0940943
Gorai.011G006000.1.D	2833	2727.5	48.5294	0.705707
Gorai.011G006100.1.A	1749	1643.5	105.861	2.55476
Gorai.011G006100.1.D	1749	1643.5	5.13889	0.124018
Gorai.011G006200.1.A	1417	1311.5	864.84	26.1548
Gorai.011G006200.1.D	1417	1311.5	713.16	21.5676
Gorai.011G006300.1.A	1873	1767.5	2207.32	49.5325
Gorai.011G006300.1.D	1873	1767.5	593.679	13.3222
Gorai.011G006400.1.A	2049	1943.5	244	4.97954
Gorai.011G006400.1.D	2049	1943.5	0	0
Gorai.011G006500.1.A	331	225.63	0	0
Gorai.011G006500.1.D	331	225.63	0	0
Gorai.011G006600.1.A	1668	1562.5	0	0
Gorai.011G006600.1.D	1668	1562.5	0	0
Gorai.011G006700.1.A	1197	1091.5	43.6655	1.58671
Gorai.011G006700.1.D	1197	1091.5	188.22	6.83953
Gorai.011G006800.1.A	814	708.505	1.03524	0.0579538
Gorai.011G006800.1.D	814	708.505	1.07877	0.0603909
Gorai.011G006900.1.A	1518	1412.5	0	0
Gorai.011G006900.1.D	1518	1412.5	1	0.0280799
Gorai.011G007000.1.A	1593	1487.5	336.828	8.98121
Gorai.011G007000.1.D	1593	1487.5	493.172	13.15
Gorai.011G007100.1.A	1734	1628.5	0	0
Gorai.011G007100.1.D	1734	1628.5	0	0
Gorai.011G007200.1.A	1605	1499.5	0	0
Gorai.011G007200.1.D	1605	1499.5	5	0.132253
Gorai.011G007300.1.A	1600	1494.5	0	0
Gorai.011G007300.1.D	1600	1494.5	0	0
Gorai.011G007400.1.A	1632	1526.5	0	0
Gorai.011G007400.1.D	1632	1526.5	0	0
Gorai.011G007500.1.A	1720	1614.5	15	0.368499
Gorai.011G007500.1.D	1720	1614.5	0	0
Gorai.011G007600.1.A	3915	3809.5	83.0228	0.864398
Gorai.011G007600.1.D	3915	3809.5	588.104	6.12309
Gorai.011G007700.1.A	1590	1484.5	0	0
Gorai.011G007700.1.D	1590	1484.5	0	0
Gorai.011G007800.1.A	1744	1638.5	0	0
Gorai.011G007800.1.D	1744	1638.5	0	0
Gorai.011G007900.1.A	5163	5057.5	82.713	0.648668
Gorai.011G007900.1.D	5163	5057.5	149.287	1.17077
Gorai.011G008000.1.A	1604	1498.5	8.65306	0.229032
Gorai.011G008000.1.D	1604	1498.5	44.3469	1.17379
Gorai.011G008100.1.A	2803	2697.5	318.182	4.6784
Gorai.011G008100.1.D	2803	2697.5	330.148	4.85435
Gorai.011G008200.1.A	3669	3563.5	38.2131	0.425324
Gorai.011G008200.1.D	3669	3563.5	24.7869	0.275886
Gorai.011G008300.1.A	3152	3046.5	340.421	4.432
Gorai.011G008300.1.D	3152	3046.5	345.579	4.49915
Gorai.011G008400.1.A	1977	1871.5	2.11429	0.0448082
Gorai.011G008400.1.D	1977	1871.5	34.8857	0.739336
Gorai.011G008500.1.A	1326	1220.5	6.85714	0.222838
Gorai.011G008500.1.D	1326	1220.5	17.1429	0.557094
Gorai.011G008600.1.A	1280	1174.5	611.756	20.659
Gorai.011G008600.1.D	1280	1174.5	2300.24	77.6791
Gorai.011G008700.1.A	2860	2754.5	147	2.1167
Gorai.011G008700.1.D	2860	2754.5	196	2.82226
Gorai.011G008800.1.A	1553	1447.5	3.09677	0.0848544
Gorai.011G008800.1.D	1553	1447.5	28.9032	0.791975
Gorai.011G008900.1.A	1071	965.505	618.635	25.4135
Gorai.011G008900.1.D	1071	965.505	3102.36	127.445
Gorai.011G009000.1.A	1664	1558.5	281.377	7.16085
Gorai.011G009000.1.D	1664	1558.5	274.623	6.98899
Gorai.011G009100.1.A	1806	1700.5	0	0
Gorai.011G009100.1.D	1806	1700.5	1	0.0233242
Gorai.011G009200.1.A	1350	1244.5	776.162	24.7366
Gorai.011G009200.1.D	1350	1244.5	650.838	20.7425
Gorai.011G009300.1.A	1746	1640.5	212.449	5.13645
Gorai.011G009300.1.D	1746	1640.5	288.551	6.97637
Gorai.011G009400.1.A	1566	1460.5	7	0.190099
Gorai.011G009400.1.D	1566	1460.5	4	0.108628
Gorai.011G009500.1.A	1186	1080.5	523.937	19.2326
Gorai.011G009500.1.D	1186	1080.5	930.238	34.147
Gorai.011G009600.1.A	1393	1287.5	493.795	15.2119
Gorai.011G009600.1.D	1393	1287.5	741.962	22.8569
Gorai.011G009700.1.A	1342	1236.5	5	0.160383
Gorai.011G009700.1.D	1342	1236.5	1	0.0320767
Gorai.011G009800.1.A	1812	1706.5	115.979	2.6956
Gorai.011G009800.1.D	1812	1706.5	121.021	2.8128
Gorai.011G009900.1.A	444	338.583	0	0
Gorai.011G009900.1.D	444	338.583	0	0
Gorai.011G010000.1.A	1843	1737.5	141.487	3.22979
Gorai.011G010000.1.D	1843	1737.5	79.5132	1.81509
Gorai.011G010100.1.A	1185	1079.5	0	0
Gorai.011G010100.1.D	1185	1079.5	0	0
Gorai.011G010200.1.A	342	236.63	19.3388	3.24148
Gorai.011G010200.1.D	342	236.63	15.4679	2.59266
Gorai.011G010300.1.A	1357	1251.5	72.6497	2.30243
Gorai.011G010300.1.D	1357	1251.5	85.3876	2.70612
Gorai.011G010400.1.A	1300	1194.5	94.5103	3.13817
Gorai.011G010400.1.D	1300	1194.5	41.6457	1.38283
Gorai.011G010500.1.A	1898	1792.5	68.8947	1.52444
Gorai.011G010500.1.D	1898	1792.5	50.1053	1.10868
Gorai.011G010600.1.A	1810	1704.5	64.4857	1.50055
Gorai.011G010600.1.D	1810	1704.5	9.51429	0.221392
Gorai.011G010700.1.A	1188	1082.5	210.981	7.73034
Gorai.011G010700.1.D	1188	1082.5	215.019	7.87829
Gorai.011G010800.1.A	1002	896.505	1.14286	0.050562
Gorai.011G010800.1.D	1002	896.505	6.85714	0.303372
Gorai.011G010900.1.A	2007	1901.5	85.3662	1.78063
Gorai.011G010900.1.D	2007	1901.5	233.634	4.8733
Gorai.011G011000.1.A	699	593.505	0	0
Gorai.011G011000.1.D	699	593.505	0	0
Gorai.011G011100.1.A	1784	1678.5	154.276	3.64552
Gorai.011G011100.1.D	1784	1678.5	1008.72	23.8361
Gorai.011G011200.1.A	2520	2414.5	4.20588	0.0690898
Gorai.011G011200.1.D	2520	2414.5	138.794	2.27996
Gorai.011G011300.1.A	1212	1106.5	263.922	9.46037
Gorai.011G011300.1.D	1212	1106.5	910.078	32.622
Gorai.011G011400.1.A	2138	2032.5	28	0.546401
Gorai.011G011400.1.D	2138	2032.5	0	0
Gorai.011G011500.1.A	561	455.551	1	0.0870658
Gorai.011G011500.1.D	561	455.551	0	0
Gorai.011G011600.1.A	2331	2225.5	9.04269	0.161159
Gorai.011G011600.1.D	2331	2225.5	1836.96	32.7382
Gorai.011G011700.1.A	1895	1789.5	0	0
Gorai.011G011700.1.D	1895	1789.5	0	0
Gorai.011G011800.1.A	2918	2812.5	436.403	6.15431
Gorai.011G011800.1.D	2918	2812.5	1185.6	16.7197
Gorai.011G011900.1.A	2287	2181.5	138.385	2.51605
Gorai.011G011900.1.D	2287	2181.5	493.366	8.97012
Gorai.011G012000.1.A	1060	954.505	23.7473	0.986781
Gorai.011G012000.1.D	1060	954.505	1.50085	0.0623653
Gorai.011G012100.1.A	2329	2223.5	114.687	2.04579
Gorai.011G012100.1.D	2329	2223.5	6.31304	0.112612
Gorai.011G012200.1.A	3017	2911.5	997.326	13.5864
Gorai.011G012200.1.D	3017	2911.5	1243.67	16.9424
Gorai.011G012300.1.A	3785	3679.5	126.042	1.35866
Gorai.011G012300.1.D	3785	3679.5	216.958	2.33868
Gorai.011G012400.1.A	370	264.583	8	1.19926
Gorai.011G012400.1.D	370	264.583	0	0
Gorai.011G012500.1.A	1272	1166.5	0	0
Gorai.011G012500.1.D	1272	1166.5	3	0.102005
Gorai.011G012600.1.A	1279	1173.5	0	0
Gorai.011G012600.1.D	1279	1173.5	0	0
Gorai.011G012700.1.A	2106	2000.5	1	0.0198265
Gorai.011G012700.1.D	2106	2000.5	13	0.257744
Gorai.011G012800.1.A	1995	1889.5	7566.34	158.826
Gorai.011G012800.1.D	1995	1889.5	28.6649	0.60171
Gorai.011G012900.1.A	2024	1918.5	134.705	2.78488
Gorai.011G012900.1.D	2024	1918.5	23.2949	0.481595
Gorai.011G013000.1.A	1189	1083.5	1762.9	64.5329
Gorai.011G013000.1.D	1189	1083.5	1410.1	51.6184
Gorai.011G013100.1.A	180	77.7296	0	0
Gorai.011G013100.1.D	180	77.7296	0	0
Gorai.011G013200.1.A	452	346.551	0	0
Gorai.011G013200.1.D	452	346.551	1	0.11445
Gorai.011G013300.1.A	204	100.177	0	0
Gorai.011G013300.1.D	204	100.177	0	0
Gorai.011G013400.1.A	442	336.583	0	0
Gorai.011G013400.1.D	442	336.583	3	0.35352
Gorai.011G013500.1.A	903	797.505	201.914	10.042
Gorai.011G013500.1.D	903	797.505	204.086	10.15
Gorai.011G013600.1.A	2071	1965.5	27.1277	0.547423
Gorai.011G013600.1.D	2071	1965.5	23.8723	0.481732
Gorai.011G013700.1.A	845	739.505	0	0
Gorai.011G013700.1.D	845	739.505	0	0
Gorai.011G013800.1.A	4110	4004.5	576.095	5.70598
Gorai.011G013800.1.D	4110	4004.5	504.905	5.00087
Gorai.011G013900.1.A	661	555.505	6.33333	0.452199
Gorai.011G013900.1.D	661	555.505	12.6667	0.904398
Gorai.011G014000.1.A	4410	4304.5	75.5368	0.696018
Gorai.011G014000.1.D	4410	4304.5	132.463	1.22055
Gorai.011G014100.1.A	2049	1943.5	0	0
Gorai.011G014100.1.D	2049	1943.5	1	0.0204079
Gorai.011G014200.1.A	2090	1984.5	29.4603	0.588803
Gorai.011G014200.1.D	2090	1984.5	34.5397	0.690321
Gorai.011G014300.1.A	165	64.5498	0.5	0.307227
Gorai.011G014300.1.D	165	64.5498	0.5	0.307227
Gorai.011G014400.1.A	1705	1599.5	28.7542	0.713019
Gorai.011G014400.1.D	1705	1599.5	276.246	6.85007
Gorai.011G014500.1.A	2300	2194.5	402.987	7.28349
Gorai.011G014500.1.D	2300	2194.5	101.013	1.82568
Gorai.011G014600.1.A	632	526.505	5.10204	0.38435
Gorai.011G014600.1.D	632	526.505	44.898	3.38228
Gorai.011G014700.1.A	2021	1915.5	1084.98	22.4658
Gorai.011G014700.1.D	2021	1915.5	2443.02	50.5858
Gorai.011G014800.1.A	1863	1757.5	0	0
Gorai.011G014800.1.D	1863	1757.5	12	0.270813
Gorai.011G014900.1.A	3218	3112.5	316.329	4.03101
Gorai.011G014900.1.D	3218	3112.5	419.671	5.34791
Gorai.011G015000.1.A	444	338.583	0	0
Gorai.011G015000.1.D	444	338.583	3	0.351432
Gorai.011G015100.1.A	1321	1215.5	11.3235	0.369496
Gorai.011G015100.1.D	1321	1215.5	23.6765	0.772583
Gorai.011G015200.1.A	1247	1141.5	14.359	0.49892
Gorai.011G015200.1.D	1247	1141.5	25.641	0.890928
Gorai.011G015300.1.A	1843	1737.5	5366.44	122.502
Gorai.011G015300.1.D	1843	1737.5	4536.56	103.559
Gorai.011G015400.1.A	2818	2712.5	8.88889	0.129976
Gorai.011G015400.1.D	2818	2712.5	21.1111	0.308692
Gorai.011G015500.1.A	1611	1505.5	0	0
Gorai.011G015500.1.D	1611	1505.5	4	0.105381
Gorai.011G015600.1.A	1695	1589.5	116.641	2.91053
Gorai.011G015600.1.D	1695	1589.5	302.359	7.54478
Gorai.011G015700.1.A	1782	1676.5	85.9492	2.0334
Gorai.011G015700.1.D	1782	1676.5	118.051	2.79286
Gorai.011G015800.1.A	1847	1741.5	98.7516	2.24908
Gorai.011G015800.1.D	1847	1741.5	914.248	20.8221
Gorai.011G015900.1.A	3511	3405.5	1.1875	0.0138305
Gorai.011G015900.1.D	3511	3405.5	169.812	1.97776
Gorai.011G016000.1.A	1521	1415.5	0	0
Gorai.011G016000.1.D	1521	1415.5	0	0
Gorai.011G016100.1.A	2682	2576.5	57.75	0.889009
Gorai.011G016100.1.D	2682	2576.5	41.25	0.635006
Gorai.011G016200.1.A	3149	3043.5	180.13	2.34745
Gorai.011G016200.1.D	3149	3043.5	9.87013	0.128627
Gorai.011G016300.1.A	958	852.505	35.5556	1.65423
Gorai.011G016300.1.D	958	852.505	4.44444	0.206779
Gorai.011G016400.1.A	663	557.505	7	0.498006
Gorai.011G016400.1.D	663	557.505	21	1.49402
Gorai.011G016500.1.A	1257	1151.5	25.875	0.89125
Gorai.011G016500.1.D	1257	1151.5	1.125	0.03875
Gorai.011G016600.1.A	1570	1464.5	21329.6	577.666
Gorai.011G016600.1.D	1570	1464.5	26491.1	717.454
Gorai.011G016700.1.A	810	704.505	0	0
Gorai.011G016700.1.D	810	704.505	0	0
Gorai.011G016800.1.A	2358	2252.5	110.469	1.94517
Gorai.011G016800.1.D	2358	2252.5	68.5314	1.20673
Gorai.011G016900.1.A	1667	1561.5	526.006	13.3608
Gorai.011G016900.1.D	1667	1561.5	607.994	15.4433
Gorai.011G017000.1.A	1062	956.505	0	0
Gorai.011G017000.1.D	1062	956.505	0	0
Gorai.011G017100.1.A	998	892.505	1	0.04444
Gorai.011G017100.1.D	998	892.505	0	0
Gorai.011G017200.1.A	922	816.505	0	0
Gorai.011G017200.1.D	922	816.505	0	0
Gorai.011G017300.1.A	735	629.505	7.875	0.496177
Gorai.011G017300.1.D	735	629.505	1.125	0.0708824
Gorai.011G017400.1.A	768	662.505	0	0
Gorai.011G017400.1.D	768	662.505	0	0
Gorai.011G017500.1.A	918	812.505	0	0
Gorai.011G017500.1.D	918	812.505	0	0
Gorai.011G017600.1.A	1993	1887.5	0	0
Gorai.011G017600.1.D	1993	1887.5	0	0
Gorai.011G017700.1.A	2345	2239.5	6	0.106264
Gorai.011G017700.1.D	2345	2239.5	0	0
Gorai.011G017800.1.A	2506	2400.5	0	0
Gorai.011G017800.1.D	2506	2400.5	0	0
Gorai.011G017900.1.A	1851	1745.5	0	0
Gorai.011G017900.1.D	1851	1745.5	0	0
Gorai.011G018000.1.A	1615	1509.5	0	0
Gorai.011G018000.1.D	1615	1509.5	0	0
Gorai.011G018100.1.A	2428	2322.5	0	0
Gorai.011G018100.1.D	2428	2322.5	0	0
Gorai.011G018200.1.A	2095	1989.5	0	0
Gorai.011G018200.1.D	2095	1989.5	0	0
Gorai.011G018300.1.A	780	674.505	0	0
Gorai.011G018300.1.D	780	674.505	0	0
Gorai.011G018400.1.A	2268	2162.5	0	0
Gorai.011G018400.1.D	2268	2162.5	0	0
Gorai.011G018500.1.A	2059	1953.5	69.1553	1.40409
Gorai.011G018500.1.D	2059	1953.5	195.614	3.97164
Gorai.011G018600.1.A	3392	3286.5	11.2729	0.136047
Gorai.011G018600.1.D	3392	3286.5	45.9581	0.554642
Gorai.011G018700.1.A	1009	903.505	2	0.087798
Gorai.011G018700.1.D	1009	903.505	2	0.087798
Gorai.011G018800.1.A	802	696.505	0	0
Gorai.011G018800.1.D	802	696.505	2	0.113891
Gorai.011G018900.1.A	741	635.505	0	0
Gorai.011G018900.1.D	741	635.505	0	0
Gorai.011G019000.1.A	1424	1318.5	438.904	13.203
Gorai.011G019000.1.D	1424	1318.5	197.086	5.92868
Gorai.011G019100.1.A	1309	1203.5	4.00991	0.132151
Gorai.011G019100.1.D	1309	1203.5	0	0
Gorai.011G019200.1.A	1859	1753.5	0	0
Gorai.011G019200.1.D	1859	1753.5	0	0
Gorai.011G019300.1.A	2660	2554.5	855.789	13.2875
Gorai.011G019300.1.D	2660	2554.5	918.211	14.2568
Gorai.011G019400.1.A	2002	1896.5	19.76	0.413255
Gorai.011G019400.1.D	2002	1896.5	6.24	0.130502
Gorai.011G019500.1.A	3261	3155.5	349.605	4.39434
Gorai.011G019500.1.D	3261	3155.5	33.3951	0.419758
Gorai.011G019600.1.A	1458	1352.5	0	0
Gorai.011G019600.1.D	1458	1352.5	4	0.117302
Gorai.011G019700.1.A	1928	1822.5	1	0.0217629
Gorai.011G019700.1.D	1928	1822.5	0	0
Gorai.011G019800.1.A	1146	1040.5	12.375	0.471722
Gorai.011G019800.1.D	1146	1040.5	97.625	3.72136
Gorai.011G019900.1.A	617	511.505	1.5	0.116313
Gorai.011G019900.1.D	617	511.505	1.5	0.116313
Gorai.011G020000.1.A	653	547.505	0	0
Gorai.011G020000.1.D	653	547.505	0	0
Gorai.011G020100.1.A	1719	1613.5	0	0
Gorai.011G020100.1.D	1719	1613.5	26	0.639128
Gorai.011G020200.1.A	1034	928.505	279.791	11.9518
Gorai.011G020200.1.D	1034	928.505	91.2093	3.89619
Gorai.011G020300.1.A	1101	995.505	87.8889	3.50167
Gorai.011G020300.1.D	1101	995.505	25.1111	1.00048
Gorai.011G020400.1.A	3128	3022.5	6.66667	0.0874836
Gorai.011G020400.1.D	3128	3022.5	3.33333	0.0437418
Gorai.011G020500.1.A	3071	2965.5	14.3	0.191259
Gorai.011G020500.1.D	3071	2965.5	7.7	0.102986
Gorai.011G020600.1.A	503	397.551	0	0
Gorai.011G020600.1.D	503	397.551	0	0
Gorai.011G020700.1.A	371	265.583	0	0
Gorai.011G020700.1.D	371	265.583	0	0
Gorai.011G020800.1.A	393	287.583	0	0
Gorai.011G020800.1.D	393	287.583	0	0
Gorai.011G020900.1.A	1115	1009.5	0	0
Gorai.011G020900.1.D	1115	1009.5	0	0
Gorai.011G021000.1.A	733	627.505	0	0
Gorai.011G021000.1.D	733	627.505	0	0
Gorai.011G021100.1.A	1316	1210.5	548.546	17.9734
Gorai.011G021100.1.D	1316	1210.5	289.454	9.48414
Gorai.011G021200.1.A	1364	1258.5	0	0
Gorai.011G021200.1.D	1364	1258.5	4	0.126064
Gorai.011G021300.1.A	980	874.505	67.5492	3.06368
Gorai.011G021300.1.D	980	874.505	55.4508	2.51496
Gorai.011G021400.1.A	1479	1373.5	5	0.144386
Gorai.011G021400.1.D	1479	1373.5	1	0.0288772
Gorai.011G021500.1.A	1152	1046.5	0	0
Gorai.011G021500.1.D	1152	1046.5	0	0
Gorai.011G021600.1.A	1180	1074.5	9.14286	0.337488
Gorai.011G021600.1.D	1180	1074.5	6.85714	0.253116
Gorai.011G021700.1.A	1387	1281.5	633.748	19.6147
Gorai.011G021700.1.D	1387	1281.5	700.686	21.6864
Gorai.011G021800.1.A	2517	2411.5	1	0.0164474
Gorai.011G021800.1.D	2517	2411.5	0	0
Gorai.011G021900.1.A	1300	1194.5	0	0
Gorai.011G021900.1.D	1300	1194.5	33	1.09575
Gorai.011G022000.1.A	1843	1737.5	49.0213	1.11903
Gorai.011G022000.1.D	1843	1737.5	46.9787	1.07241
Gorai.011G022100.1.A	1295	1189.5	63.9653	2.13286
Gorai.011G022100.1.D	1295	1189.5	238.035	7.93705
Gorai.011G022200.1.A	1298	1192.5	189.551	6.30451
Gorai.011G022200.1.D	1298	1192.5	209.449	6.96631
Gorai.011G022300.1.A	924	818.505	0	0
Gorai.011G022300.1.D	924	818.505	0	0
Gorai.011G022400.1.A	3214	3108.5	64.3152	0.820629
Gorai.011G022400.1.D	3214	3108.5	129.685	1.65471
Gorai.011G022500.1.A	2009	1903.5	557.267	11.6117
Gorai.011G022500.1.D	2009	1903.5	381.733	7.9541
Gorai.011G022600.1.A	2405	2299.5	0	0
Gorai.011G022600.1.D	2405	2299.5	2	0.0344969
Gorai.011G022700.1.A	2985	2879.5	101.352	1.39605
Gorai.011G022700.1.D	2985	2879.5	155.648	2.14393
Gorai.011G022800.1.A	1123	1017.5	3.47368	0.135406
Gorai.011G022800.1.D	1123	1017.5	18.5263	0.722167
Gorai.011G022900.1.A	1370	1264.5	8	0.250931
Gorai.011G022900.1.D	1370	1264.5	0	0
Gorai.011G023000.1.A	2580	2474.5	1	0.0160286
Gorai.011G023000.1.D	2580	2474.5	1	0.0160286
Gorai.011G023100.1.A	1988	1882.5	52	1.0956
Gorai.011G023100.1.D	1988	1882.5	104	2.1912
Gorai.011G023200.1.A	1101	995.505	30.1053	1.19946
Gorai.011G023200.1.D	1101	995.505	57.8947	2.30664
Gorai.011G023300.1.A	2334	2228.5	146	2.59851
Gorai.011G023300.1.D	2334	2228.5	146	2.59851
Gorai.011G023400.1.A	1960	1854.5	3.33333	0.0712912
Gorai.011G023400.1.D	1960	1854.5	11.6667	0.249519
Gorai.011G023500.1.A	1593	1487.5	36.4449	0.971769
Gorai.011G023500.1.D	1593	1487.5	318.555	8.49398
Gorai.011G023600.1.A	866	760.505	6	0.312921
Gorai.011G023600.1.D	866	760.505	13	0.677995
Gorai.011G023700.1.A	1919	1813.5	15.7949	0.345448
Gorai.011G023700.1.D	1919	1813.5	28.2051	0.616871
Gorai.011G023800.1.A	1080	974.505	0	0
Gorai.011G023800.1.D	1080	974.505	3	0.122102
Gorai.011G023900.1.A	2672	2566.5	228.099	3.52506
Gorai.011G023900.1.D	2672	2566.5	144.353	2.23083
Gorai.011G024000.1.A	3870	3764.5	187.634	1.97691
Gorai.011G024000.1.D	3870	3764.5	149.366	1.57373
Gorai.011G024100.1.A	1709	1603.5	24.7059	0.611104
Gorai.011G024100.1.D	1709	1603.5	10.2941	0.254627
Gorai.011G024200.1.A	2066	1960.5	1025.1	20.7388
Gorai.011G024200.1.D	2066	1960.5	821.898	16.6278
Gorai.011G024300.1.A	2076	1970.5	8.75	0.176123
Gorai.011G024300.1.D	2076	1970.5	6.25	0.125802
Gorai.011G024400.1.A	3745	3639.5	1229.47	13.3986
Gorai.011G024400.1.D	3745	3639.5	1464.53	15.9603
Gorai.011G024500.1.A	3021	2915.5	32.3478	0.440064
Gorai.011G024500.1.D	3021	2915.5	15.6522	0.212934
Gorai.011G024600.1.A	1121	1015.5	1	0.0390574
Gorai.011G024600.1.D	1121	1015.5	0	0
Gorai.011G024700.1.A	1083	977.505	0	0
Gorai.011G024700.1.D	1083	977.505	0	0
Gorai.011G024800.1.A	724	618.505	0	0
Gorai.011G024800.1.D	724	618.505	0	0
Gorai.011G024900.1.A	1290	1184.5	249.162	8.34314
Gorai.011G024900.1.D	1290	1184.5	256.459	8.5875
Gorai.011G025000.1.A	1712	1606.5	0	0
Gorai.011G025000.1.D	1712	1606.5	0	0
Gorai.011G025100.1.A	1726	1620.5	14	0.342659
Gorai.011G025100.1.D	1726	1620.5	8	0.195805
Gorai.011G025200.1.A	585	479.551	0	0
Gorai.011G025200.1.D	585	479.551	0	0
Gorai.011G025300.1.A	633	527.505	0	0
Gorai.011G025300.1.D	633	527.505	0	0
Gorai.011G025400.1.A	2946	2840.5	8	0.111707
Gorai.011G025400.1.D	2946	2840.5	9	0.12567
Gorai.011G025500.1.A	1065	959.505	26.7761	1.10684
Gorai.011G025500.1.D	1065	959.505	51.2239	2.11744
Gorai.011G025600.1.A	477	371.551	2	0.213499
Gorai.011G025600.1.D	477	371.551	0	0
Gorai.011G025700.1.A	1602	1496.5	5.83333	0.154605
Gorai.011G025700.1.D	1602	1496.5	1.16667	0.030921
Gorai.011G025800.1.A	2280	2174.5	1428.86	26.0624
Gorai.011G025800.1.D	2280	2174.5	1017.14	18.5526
Gorai.011G025900.1.A	4162	4056.5	238.678	2.3337
Gorai.011G025900.1.D	4162	4056.5	341.322	3.33731
Gorai.011G026000.1.A	1447	1341.5	5059.83	149.599
Gorai.011G026000.1.D	1447	1341.5	4741.17	140.177
Gorai.011G026100.1.A	4726	4620.5	498.072	4.27551
Gorai.011G026100.1.D	4726	4620.5	296.928	2.54886
Gorai.011G026200.1.A	1463	1357.5	86.114	2.51604
Gorai.011G026200.1.D	1463	1357.5	40.2611	1.17633
Gorai.011G026300.1.A	1381	1275.5	1263.42	39.2873
Gorai.011G026300.1.D	1381	1275.5	1377.58	42.8369
Gorai.011G026400.1.A	1648	1542.5	231.443	5.95116
Gorai.011G026400.1.D	1648	1542.5	130.557	3.35707
Gorai.011G026500.1.A	1522	1416.5	280.889	7.86505
Gorai.011G026500.1.D	1522	1416.5	1073.11	30.0477
Gorai.011G026600.1.A	1460	1354.5	35.2549	1.03234
Gorai.011G026600.1.D	1460	1354.5	22.7451	0.666028
Gorai.011G026700.1.A	1904	1798.5	151.267	3.33593
Gorai.011G026700.1.D	1904	1798.5	86.0139	1.89689
Gorai.011G026800.1.A	1888	1782.5	434.758	9.6739
Gorai.011G026800.1.D	1888	1782.5	421.242	9.37316
Gorai.011G026900.1.A	3029	2923.5	42.5753	0.577616
Gorai.011G026900.1.D	3029	2923.5	41.4247	0.562005
Gorai.011G027000.1.A	540	434.551	13.4286	1.22567
Gorai.011G027000.1.D	540	434.551	80.5714	7.35402
Gorai.011G027100.1.A	2119	2013.5	77.7466	1.53149
Gorai.011G027100.1.D	2119	2013.5	164.253	3.23554
Gorai.011G027200.1.A	1977	1871.5	465.127	9.85747
Gorai.011G027200.1.D	1977	1871.5	740.873	15.7014
Gorai.011G027300.1.A	1831	1725.5	125.8	2.89167
Gorai.011G027300.1.D	1831	1725.5	44.2	1.01599
Gorai.011G027400.1.A	1001	895.505	25.5556	1.13189
Gorai.011G027400.1.D	1001	895.505	4.44444	0.19685
Gorai.011G027500.1.A	1219	1113.5	52.9541	1.88622
Gorai.011G027500.1.D	1219	1113.5	58.0459	2.06759
Gorai.011G027600.1.A	1484	1378.5	66.1017	1.90191
Gorai.011G027600.1.D	1484	1378.5	8.89831	0.256026
Gorai.011G027700.1.A	1220	1114.5	19.5	0.693965
Gorai.011G027700.1.D	1220	1114.5	6.5	0.231322
Gorai.011G027800.1.A	3062	2956.5	1192.02	15.9915
Gorai.011G027800.1.D	3062	2956.5	1233.98	16.5544
Gorai.011G027900.1.A	4254	4148.5	643.214	6.14962
Gorai.011G027900.1.D	4254	4148.5	30.7863	0.294341
Gorai.011G028000.1.A	1026	920.505	18.0645	0.778369
Gorai.011G028000.1.D	1026	920.505	16.9355	0.72972
Gorai.011G028100.1.A	2055	1949.5	0	0
Gorai.011G028100.1.D	2055	1949.5	0	0
Gorai.011G028200.1.A	1256	1150.5	23.8364	0.821744
Gorai.011G028200.1.D	1256	1150.5	45.1636	1.55699
Gorai.011G028300.1.A	2330	2224.5	137.61	2.45358
Gorai.011G028300.1.D	2330	2224.5	405.39	7.22812
Gorai.011G028400.1.A	1058	952.505	0	0
Gorai.011G028400.1.D	1058	952.505	3	0.124922
Gorai.011G028500.1.A	2233	2127.5	210.518	3.92468
Gorai.011G028500.1.D	2233	2127.5	193.482	3.60707
Gorai.011G028600.1.A	1122	1016.5	0	0
Gorai.011G028600.1.D	1122	1016.5	0	0
Gorai.011G028700.1.A	939	833.505	0	0
Gorai.011G028700.1.D	939	833.505	0	0
Gorai.011G028800.1.A	1142	1036.5	1	0.0382661
Gorai.011G028800.1.D	1142	1036.5	1	0.0382661
Gorai.011G028900.1.A	1170	1064.5	0.5	0.0186298
Gorai.011G028900.1.D	1170	1064.5	0.5	0.0186298
Gorai.011G029000.1.A	1357	1251.5	0	0
Gorai.011G029000.1.D	1357	1251.5	1	0.0316922
Gorai.011G029100.1.A	1148	1042.5	5.17167	0.196761
Gorai.011G029100.1.D	1148	1042.5	235.828	8.97228
Gorai.011G029200.1.A	1280	1174.5	137.291	4.63631
Gorai.011G029200.1.D	1280	1174.5	425.709	14.3762
Gorai.011G029300.1.A	2105	1999.5	13.3333	0.264485
Gorai.011G029300.1.D	2105	1999.5	26.6667	0.52897
Gorai.011G029400.1.A	909	803.505	4.52174	0.223204
Gorai.011G029400.1.D	909	803.505	21.4783	1.06022
Gorai.011G029500.1.A	405	299.583	0	0
Gorai.011G029500.1.D	405	299.583	0	0
Gorai.011G029600.1.A	2323	2217.5	213.52	3.81908
Gorai.011G029600.1.D	2323	2217.5	554.48	9.9176
Gorai.011G029700.1.A	1625	1519.5	0	0
Gorai.011G029700.1.D	1625	1519.5	5	0.130513
Gorai.011G029800.1.A	1507	1401.5	12.4472	0.352259
Gorai.011G029800.1.D	1507	1401.5	154.553	4.37388
Gorai.011G029900.1.A	2073	1967.5	62.4455	1.25884
Gorai.011G029900.1.D	2073	1967.5	153.555	3.09551
Gorai.011G030000.1.A	1217	1111.5	165.27	5.89749
Gorai.011G030000.1.D	1217	1111.5	14784.7	527.578
Gorai.011G030100.1.A	1428	1322.5	284.935	8.54542
Gorai.011G030100.1.D	1428	1322.5	276.065	8.27941
Gorai.011G030200.1.A	1696	1590.5	152.528	3.80365
Gorai.011G030200.1.D	1696	1590.5	19.4717	0.485572
Gorai.011G030300.1.A	630	524.505	2.25	0.170145
Gorai.011G030300.1.D	630	524.505	6.75	0.510434
Gorai.011G030400.1.A	3700	3594.5	1063.95	11.74
Gorai.011G030400.1.D	3700	3594.5	208.047	2.29566
Gorai.011G030500.1.A	3757	3651.5	494.885	5.37548
Gorai.011G030500.1.D	3757	3651.5	574.115	6.23609
Gorai.011G030600.1.A	747	641.505	0	0
Gorai.011G030600.1.D	747	641.505	0	0
Gorai.011G030700.1.A	561	455.551	5	0.435329
Gorai.011G030700.1.D	561	455.551	0	0
Gorai.011G030800.1.A	2006	1900.5	0	0
Gorai.011G030800.1.D	2006	1900.5	7	0.146088
Gorai.011G030900.1.A	2872	2766.5	148.569	2.13001
Gorai.011G030900.1.D	2872	2766.5	146.431	2.09936
Gorai.011G031000.1.A	1212	1106.5	209.955	7.52589
Gorai.011G031000.1.D	1212	1106.5	273.045	9.78737
Gorai.011G031100.1.A	1054	948.505	500.22	20.9174
Gorai.011G031100.1.D	1054	948.505	464.78	19.4354
Gorai.011G031200.1.A	1177	1071.5	319.603	11.8304
Gorai.011G031200.1.D	1177	1071.5	262.397	9.71293
Gorai.011G031300.1.A	1675	1569.5	31.791	0.803391
Gorai.011G031300.1.D	1675	1569.5	39.209	0.990849
Gorai.011G031400.1.A	963	857.505	6418.9	296.899
Gorai.011G031400.1.D	963	857.505	3166.1	146.444
Gorai.011G031500.1.A	144	47.6522	1	0.832342
Gorai.011G031500.1.D	144	47.6522	1	0.832342
Gorai.011G031600.1.A	1867	1761.5	22	0.495363
Gorai.011G031600.1.D	1867	1761.5	22	0.495363
Gorai.011G031700.1.A	921	815.505	105.481	5.1302
Gorai.011G031700.1.D	921	815.505	54.5185	2.65157
Gorai.011G031800.1.A	2337	2231.5	303.384	5.39237
Gorai.011G031800.1.D	2337	2231.5	629.616	11.1909
Gorai.011G031900.1.A	2742	2636.5	0	0
Gorai.011G031900.1.D	2742	2636.5	0	0
Gorai.011G032000.1.A	905	799.505	0	0
Gorai.011G032000.1.D	905	799.505	0	0
Gorai.011G032100.1.A	324	218.63	1	0.181416
Gorai.011G032100.1.D	324	218.63	2	0.362831
Gorai.011G032200.1.A	2616	2510.5	2	0.0315976
Gorai.011G032200.1.D	2616	2510.5	0	0
Gorai.011G032300.1.A	748	642.505	9.24182	0.570514
Gorai.011G032300.1.D	748	642.505	0	0
Gorai.011G032400.1.A	2672	2566.5	191.211	2.95498
Gorai.011G032400.1.D	2672	2566.5	154.789	2.39213
Gorai.011G032500.1.A	1906	1800.5	1	0.0220288
Gorai.011G032500.1.D	1906	1800.5	1	0.0220288
Gorai.011G032600.1.A	1201	1095.5	6	0.217231
Gorai.011G032600.1.D	1201	1095.5	1	0.0362052
Gorai.011G032700.1.A	1782	1676.5	732.496	17.3295
Gorai.011G032700.1.D	1782	1676.5	244.504	5.7845
Gorai.011G032800.1.A	941	835.505	72.6545	3.44904
Gorai.011G032800.1.D	941	835.505	38.3455	1.82033
Gorai.011G032900.1.A	1552	1446.5	93.9726	2.57671
Gorai.011G032900.1.D	1552	1446.5	102.027	2.79758
Gorai.011G033000.1.A	2448	2342.5	0	0
Gorai.011G033000.1.D	2448	2342.5	7	0.118523
Gorai.011G033100.1.A	1133	1027.5	0	0
Gorai.011G033100.1.D	1133	1027.5	0	0
Gorai.011G033200.1.A	249	144.019	0	0
Gorai.011G033200.1.D	249	144.019	0	0
Gorai.011G033300.1.A	753	647.505	132.518	8.11738
Gorai.011G033300.1.D	753	647.505	43.4824	2.66351
Gorai.011G033400.1.A	1401	1295.5	1.52417	0.0466638
Gorai.011G033400.1.D	1401	1295.5	0	0
Gorai.011G033500.1.A	1488	1382.5	0	0
Gorai.011G033500.1.D	1488	1382.5	0	0
Gorai.011G033600.1.A	1539	1433.5	10	0.276685
Gorai.011G033600.1.D	1539	1433.5	0	0
Gorai.011G033700.1.A	2523	2417.5	18.75	0.307623
Gorai.011G033700.1.D	2523	2417.5	6.25	0.102541
Gorai.011G033800.1.A	1418	1312.5	1527.28	46.1534
Gorai.011G033800.1.D	1418	1312.5	2122.72	64.1469
Gorai.011G033900.1.A	1430	1324.5	129	3.86297
Gorai.011G033900.1.D	1430	1324.5	66	1.9764
Gorai.011G034000.1.A	1639	1533.5	69.5897	1.79989
Gorai.011G034000.1.D	1639	1533.5	114.41	2.95913
Gorai.011G034100.1.A	482	376.551	69.9906	7.37226
Gorai.011G034100.1.D	482	376.551	69.9906	7.37226
Gorai.011G034200.1.A	1029	923.505	0	0
Gorai.011G034200.1.D	1029	923.505	0	0
Gorai.011G034300.1.A	1026	920.505	0	0
Gorai.011G034300.1.D	1026	920.505	0	0
Gorai.011G034400.1.A	1487	1381.5	20.5714	0.590605
Gorai.011G034400.1.D	1487	1381.5	6.42857	0.184564
Gorai.011G034500.1.A	4483	4377.5	930.932	8.43483
Gorai.011G034500.1.D	4483	4377.5	282.068	2.55571
Gorai.011G034600.1.A	1115	1009.5	14.8958	0.58525
Gorai.011G034600.1.D	1115	1009.5	40.1042	1.57567
Gorai.011G034700.1.A	1313	1207.5	3.75	0.123176
Gorai.011G034700.1.D	1313	1207.5	1.25	0.0410588
Gorai.011G034800.1.A	1245	1139.5	0	0
Gorai.011G034800.1.D	1245	1139.5	0	0
Gorai.011G034900.1.A	2372	2266.5	145.161	2.54027
Gorai.011G034900.1.D	2372	2266.5	154.839	2.70962
Gorai.011G035000.1.A	1183	1077.5	0	0
Gorai.011G035000.1.D	1183	1077.5	0	0
Gorai.011G035100.1.A	2960	2854.5	20.7778	0.288704
Gorai.011G035100.1.D	2960	2854.5	23.2222	0.32267
Gorai.011G035200.1.A	809	703.505	1	0.0563791
Gorai.011G035200.1.D	809	703.505	12	0.676549
Gorai.011G035300.1.A	2319	2213.5	0	0
Gorai.011G035300.1.D	2319	2213.5	0	0
Gorai.011G035400.1.A	1540	1434.5	499.741	13.8175
Gorai.011G035400.1.D	1540	1434.5	6683.26	184.787
Gorai.011G035500.1.A	1378	1272.5	1124.65	35.0544
Gorai.011G035500.1.D	1378	1272.5	2058.35	64.1572
Gorai.011G035600.1.A	1857	1751.5	119.437	2.70465
Gorai.011G035600.1.D	1857	1751.5	145.563	3.29629
Gorai.011G035700.1.A	2316	2210.5	108.58	1.94824
Gorai.011G035700.1.D	2316	2210.5	86.4205	1.55064
Gorai.011G035800.1.A	1285	1179.5	195.659	6.57939
Gorai.011G035800.1.D	1285	1179.5	85.3407	2.86973
Gorai.011G035900.1.A	921	815.505	0	0
Gorai.011G035900.1.D	921	815.505	0	0
Gorai.011G036000.1.A	1041	935.505	0	0
Gorai.011G036000.1.D	1041	935.505	0	0
Gorai.011G036100.1.A	954	848.505	7.7	0.359933
Gorai.011G036100.1.D	954	848.505	3.3	0.154257
Gorai.011G036200.1.A	2142	2036.5	100.723	1.96168
Gorai.011G036200.1.D	2142	2036.5	75.2771	1.4661
Gorai.011G036300.1.A	1616	1510.5	12.2222	0.320932
Gorai.011G036300.1.D	1616	1510.5	9.77778	0.256746
Gorai.011G036400.1.A	2021	1915.5	41.0526	0.850047
Gorai.011G036400.1.D	2021	1915.5	36.9474	0.765042
Gorai.011G036500.1.A	2548	2442.5	223.322	3.62644
Gorai.011G036500.1.D	2548	2442.5	20.678	0.335782
Gorai.011G036600.1.A	4502	4396.5	84.5405	0.76268
Gorai.011G036600.1.D	4502	4396.5	53.4595	0.482283
Gorai.011G036700.1.A	984	878.505	148.5	6.70451
Gorai.011G036700.1.D	984	878.505	49.5	2.23484
Gorai.011G036800.1.A	1430	1324.5	32.8172	0.982727
Gorai.011G036800.1.D	1430	1324.5	76.1828	2.28133
Gorai.011G036900.1.A	1971	1865.5	1	0.0212612
Gorai.011G036900.1.D	1971	1865.5	0	0
Gorai.011G037000.1.A	3566	3460.5	736.186	8.43787
Gorai.011G037000.1.D	3566	3460.5	1011.81	11.597
Gorai.011G037100.1.A	1927	1821.5	6	0.130649
Gorai.011G037100.1.D	1927	1821.5	0	0
Gorai.011G037200.1.A	1285	1179.5	39.4802	1.32759
Gorai.011G037200.1.D	1285	1179.5	28.2513	0.950001
Gorai.011G037300.1.A	632	526.505	0	0
Gorai.011G037300.1.D	632	526.505	0	0
Gorai.011G037400.1.A	1279	1173.5	1039.96	35.1495
Gorai.011G037400.1.D	1279	1173.5	283.035	9.56623
Gorai.011G037500.1.A	1393	1287.5	232.253	7.1548
Gorai.011G037500.1.D	1393	1287.5	18.7469	0.577518
Gorai.011G037600.1.A	672	566.505	0	0
Gorai.011G037600.1.D	672	566.505	0	0
Gorai.011G037700.1.A	667	561.505	0	0
Gorai.011G037700.1.D	667	561.505	1	0.0706369
Gorai.011G037800.1.A	1674	1568.5	194.729	4.92412
Gorai.011G037800.1.D	1674	1568.5	258.271	6.53094
Gorai.011G037900.1.A	3470	3364.5	25030.2	295.072
Gorai.011G037900.1.D	3470	3364.5	44537.6	525.038
Gorai.011G038000.1.A	1308	1202.5	6	0.197902
Gorai.011G038000.1.D	1308	1202.5	48	1.58321
Gorai.011G038100.1.A	3019	2913.5	10.2439	0.139455
Gorai.011G038100.1.D	3019	2913.5	31.7561	0.432311
Gorai.011G038200.1.A	1003	897.505	561.273	24.8041
Gorai.011G038200.1.D	1003	897.505	651.727	28.8014
Gorai.011G038300.1.A	2191	2085.5	30.9773	0.589138
Gorai.011G038300.1.D	2191	2085.5	16.0227	0.304726
Gorai.011G038400.1.A	2508	2402.5	63.878	1.05456
Gorai.011G038400.1.D	2508	2402.5	33.122	0.54681
Gorai.011G038500.1.A	2396	2290.5	62.6825	1.08543
Gorai.011G038500.1.D	2396	2290.5	98.0897	1.69855
Gorai.011G038600.1.A	2454	2348.5	5.52401	0.0932927
Gorai.011G038600.1.D	2454	2348.5	10.7037	0.180771
Gorai.011G038700.1.A	2069	1963.5	177.896	3.59351
Gorai.011G038700.1.D	2069	1963.5	151.104	3.05232
Gorai.011G038800.1.A	1957	1851.5	709.721	15.2036
Gorai.011G038800.1.D	1957	1851.5	523.279	11.2097
Gorai.011G038900.1.A	1525	1419.5	0	0
Gorai.011G038900.1.D	1525	1419.5	2	0.0558828
Gorai.011G039000.1.A	1597	1491.5	202.971	5.39753
Gorai.011G039000.1.D	1597	1491.5	315.029	8.37742
Gorai.011G039100.1.A	3088	2982.5	534.444	7.10733
Gorai.011G039100.1.D	3088	2982.5	95.5556	1.27075
Gorai.011G039200.1.A	790	684.505	12.2727	0.711131
Gorai.011G039200.1.D	790	684.505	2.72727	0.158029
Gorai.011G039300.1.A	1953	1847.5	4	0.0858735
Gorai.011G039300.1.D	1953	1847.5	0	0
Gorai.011G039400.1.A	1005	899.505	607.583	26.7909
Gorai.011G039400.1.D	1005	899.505	476.417	21.0072
Gorai.011G039500.1.A	1096	990.505	2.5	0.100108
Gorai.011G039500.1.D	1096	990.505	2.5	0.100108
Gorai.011G039600.1.A	2162	2056.5	574.328	11.0768
Gorai.011G039600.1.D	2162	2056.5	321.073	6.1924
Gorai.011G039700.1.A	1944	1838.5	128.048	2.76244
Gorai.011G039700.1.D	1944	1838.5	10.5508	0.227617
Gorai.011G039800.1.A	1236	1130.5	0	0
Gorai.011G039800.1.D	1236	1130.5	0	0
Gorai.011G039900.1.A	1248	1142.5	0	0
Gorai.011G039900.1.D	1248	1142.5	0	0
Gorai.011G040000.1.A	4028	3922.5	95.1806	0.962431
Gorai.011G040000.1.D	4028	3922.5	135.819	1.37336
Gorai.011G040100.1.A	264	158.879	30.4762	7.60815
Gorai.011G040100.1.D	264	158.879	33.5238	8.36896
Gorai.011G040200.1.A	899	793.505	1	0.0499845
Gorai.011G040200.1.D	899	793.505	1	0.0499845
Gorai.011G040300.1.A	1269	1163.5	0	0
Gorai.011G040300.1.D	1269	1163.5	0	0
Gorai.011G040400.1.A	2751	2645.5	0	0
Gorai.011G040400.1.D	2751	2645.5	4	0.0599703
Gorai.011G040500.1.A	805	699.505	1	0.0567015
Gorai.011G040500.1.D	805	699.505	2	0.113403
Gorai.011G040600.1.A	1139	1033.5	15.0113	0.576091
Gorai.011G040600.1.D	1139	1033.5	290.989	11.1673
Gorai.011G040700.1.A	2348	2242.5	35.9767	0.636317
Gorai.011G040700.1.D	2348	2242.5	55.0233	0.97319
Gorai.011G040800.1.A	3286	3180.5	216.595	2.70108
Gorai.011G040800.1.D	3286	3180.5	199.405	2.48671
Gorai.011G040900.1.A	3832	3726.5	32.2078	0.342803
Gorai.011G040900.1.D	3832	3726.5	47.7922	0.508675
Gorai.011G041000.1.A	4321	4215.5	64.8633	0.610287
Gorai.011G041000.1.D	4321	4215.5	96.1367	0.904533
Gorai.011G041100.1.A	3510	3404.5	221.016	2.57486
Gorai.011G041100.1.D	3510	3404.5	465.984	5.42878
Gorai.011G041200.1.A	1839	1733.5	1196.77	27.3823
Gorai.011G041200.1.D	1839	1733.5	1007.23	23.0457
Gorai.011G041300.1.A	947	841.505	1408.91	66.4067
Gorai.011G041300.1.D	947	841.505	2408.09	113.501
Gorai.011G041400.1.A	1477	1371.5	0	0
Gorai.011G041400.1.D	1477	1371.5	0	0
Gorai.011G041500.1.A	725	619.505	0	0
Gorai.011G041500.1.D	725	619.505	5	0.320118
Gorai.011G041600.1.A	1111	1005.5	90.8118	3.58214
Gorai.011G041600.1.D	1111	1005.5	158.188	6.23986
Gorai.011G041700.1.A	3539	3433.5	14.6774	0.16955
Gorai.011G041700.1.D	3539	3433.5	20.3226	0.234761
Gorai.011G041800.1.A	1478	1372.5	94.9178	2.74296
Gorai.011G041800.1.D	1478	1372.5	74.0822	2.14084
Gorai.011G041900.1.A	726	620.505	11.2821	0.721154
Gorai.011G041900.1.D	726	620.505	28.7179	1.83566
Gorai.011G042000.1.A	1916	1810.5	1214.07	26.5969
Gorai.011G042000.1.D	1916	1810.5	796.926	17.4583
Gorai.011G042100.1.A	1827	1721.5	134.319	3.09467
Gorai.011G042100.1.D	1827	1721.5	79.6809	1.83582
Gorai.011G042200.1.A	265	159.879	0	0
Gorai.011G042200.1.D	265	159.879	1	0.248081
Gorai.011G042300.1.A	1068	962.505	89.5006	3.68814
Gorai.011G042300.1.D	1068	962.505	122.154	5.03374
Gorai.011G042400.1.A	2756	2650.5	43.1667	0.645959
Gorai.011G042400.1.D	2756	2650.5	26.8333	0.401542
Gorai.011G042500.1.A	273	167.834	0	0
Gorai.011G042500.1.D	273	167.834	0	0
Gorai.011G042600.1.A	1359	1253.5	3.012	0.0953046
Gorai.011G042600.1.D	1359	1253.5	498.988	15.7888
Gorai.011G042700.1.A	1585	1479.5	46.7692	1.2538
Gorai.011G042700.1.D	1585	1479.5	17.2308	0.461927
Gorai.011G042800.1.A	1000	894.505	656.651	29.1164
Gorai.011G042800.1.D	1000	894.505	672.611	29.824
Gorai.011G042900.1.A	1000	894.505	216.625	9.60529
Gorai.011G042900.1.D	1000	894.505	560.113	24.8358
Gorai.011G043000.1.A	1689	1583.5	19.8837	0.498039
Gorai.011G043000.1.D	1689	1583.5	25.1163	0.629102
Gorai.011G043100.1.A	633	527.505	42	3.15797
Gorai.011G043100.1.D	633	527.505	0	0
Gorai.011G043200.1.A	1676	1570.5	813.251	20.5386
Gorai.011G043200.1.D	1676	1570.5	33.7494	0.852337
Gorai.011G043300.1.A	1739	1633.5	392.761	9.53658
Gorai.011G043300.1.D	1739	1633.5	417.239	10.1309
Gorai.011G043400.1.A	1017	911.505	283.581	12.3397
Gorai.011G043400.1.D	1017	911.505	334.258	14.5448
Gorai.011G043500.1.A	3904	3798.5	32.5	0.339356
Gorai.011G043500.1.D	3904	3798.5	2.5	0.0261043
Gorai.011G043600.1.A	984	878.505	0	0
Gorai.011G043600.1.D	984	878.505	0	0
Gorai.011G043700.1.A	1743	1637.5	47.9216	1.16074
Gorai.011G043700.1.D	1743	1637.5	4.07843	0.098786
Gorai.011G043800.1.A	1164	1058.5	0	0
Gorai.011G043800.1.D	1164	1058.5	3	0.112412
Gorai.011G043900.1.A	330	224.63	0	0
Gorai.011G043900.1.D	330	224.63	0	0
Gorai.011G044000.1.A	1903	1797.5	126.009	2.78047
Gorai.011G044000.1.D	1903	1797.5	123.903	2.734
Gorai.011G044100.1.A	1407	1301.5	64	1.95038
Gorai.011G044100.1.D	1407	1301.5	6	0.182848
Gorai.011G044200.1.A	681	575.505	3.08726	0.212769
Gorai.011G044200.1.D	681	575.505	0	0
Gorai.011G044300.1.A	748	642.505	1	0.0617318
Gorai.011G044300.1.D	748	642.505	0	0
Gorai.011G044400.1.A	1465	1359.5	1066.97	31.1284
Gorai.011G044400.1.D	1465	1359.5	863.028	25.1785
Gorai.011G044500.1.A	2912	2806.5	29.9062	0.42265
Gorai.011G044500.1.D	2912	2806.5	3.09375	0.0437224
Gorai.011G044600.1.A	1062	956.505	2	0.0829331
Gorai.011G044600.1.D	1062	956.505	1	0.0414665
Gorai.011G044700.1.A	1624	1518.5	6	0.156718
Gorai.011G044700.1.D	1624	1518.5	0	0
Gorai.011G044800.1.A	640	534.505	0	0
Gorai.011G044800.1.D	640	534.505	0	0
Gorai.011G044900.1.A	2985	2879.5	141.592	1.95032
Gorai.011G044900.1.D	2985	2879.5	174.63	2.40539
Gorai.011G045000.1.A	1880	1774.5	1239.92	27.7142
Gorai.011G045000.1.D	1880	1774.5	551.077	12.3174
Gorai.011G045100.1.A	1428	1322.5	11.3143	0.339324
Gorai.011G045100.1.D	1428	1322.5	24.6857	0.740344
Gorai.011G045200.1.A	2041	1935.5	6	0.122954
Gorai.011G045200.1.D	2041	1935.5	1	0.0204923
Gorai.011G045300.1.A	868	762.505	0	0
Gorai.011G045300.1.D	868	762.505	1	0.0520167
Gorai.011G045400.1.A	291	185.705	0	0
Gorai.011G045400.1.D	291	185.705	0	0
Gorai.011G045500.1.A	1547	1441.5	0	0
Gorai.011G045500.1.D	1547	1441.5	0	0
Gorai.011G045600.1.A	891	785.505	0	0
Gorai.011G045600.1.D	891	785.505	0	0
Gorai.011G045700.1.A	1211	1105.5	1.09091	0.0391393
Gorai.011G045700.1.D	1211	1105.5	10.9091	0.391393
Gorai.011G045800.1.A	697	591.505	273.417	18.3338
Gorai.011G045800.1.D	697	591.505	247.583	16.6015
Gorai.011G045900.1.A	1918	1812.5	528.572	11.5667
Gorai.011G045900.1.D	1918	1812.5	475.428	10.4038
Gorai.011G046000.1.A	1904	1798.5	272.782	6.01574
Gorai.011G046000.1.D	1904	1798.5	353.218	7.78962
Gorai.011G046100.1.A	324	218.63	20	3.62831
Gorai.011G046100.1.D	324	218.63	0	0
Gorai.011G046200.1.A	822	716.505	15.4375	0.854561
Gorai.011G046200.1.D	822	716.505	41.5625	2.30074
Gorai.011G046300.1.A	2111	2005.5	52.7213	1.04267
Gorai.011G046300.1.D	2111	2005.5	14.2787	0.28239
Gorai.011G046400.1.A	339	233.63	1	0.169768
Gorai.011G046400.1.D	339	233.63	0	0
Gorai.011G046500.1.A	870	764.505	154.091	7.99433
Gorai.011G046500.1.D	870	764.505	71.9091	3.73069
Gorai.011G046600.1.A	1663	1557.5	124.868	3.17986
Gorai.011G046600.1.D	1663	1557.5	135.132	3.44122
Gorai.011G046700.1.A	2106	2000.5	8	0.158612
Gorai.011G046700.1.D	2106	2000.5	6	0.118959
Gorai.011G046800.1.A	1230	1124.5	19	0.670158
Gorai.011G046800.1.D	1230	1124.5	0	0
Gorai.011G046900.1.A	222	117.654	0	0
Gorai.011G046900.1.D	222	117.654	0	0
Gorai.011G047000.1.A	440	334.583	11	1.30399
Gorai.011G047000.1.D	440	334.583	0	0
Gorai.011G047100.1.A	1559	1453.5	5.71429	0.15593
Gorai.011G047100.1.D	1559	1453.5	2.28571	0.0623721
Gorai.011G047200.1.A	204	100.177	0	0
Gorai.011G047200.1.D	204	100.177	0	0
Gorai.011G047300.1.A	210	105.986	0	0
Gorai.011G047300.1.D	210	105.986	0	0
Gorai.011G047400.1.A	1077	971.505	0	0
Gorai.011G047400.1.D	1077	971.505	2	0.0816526
Gorai.011G047500.1.A	794	688.505	124.131	7.15086
Gorai.011G047500.1.D	794	688.505	108.869	6.27166
Gorai.011G047600.1.A	372	266.583	0	0
Gorai.011G047600.1.D	372	266.583	1	0.148783
Gorai.011G047700.1.A	1944	1838.5	9.16667	0.197757
Gorai.011G047700.1.D	1944	1838.5	45.8333	0.988784
Gorai.011G047800.1.A	3518	3412.5	495.184	5.75544
Gorai.011G047800.1.D	3518	3412.5	703.816	8.18032
Gorai.011G047900.1.A	1932	1826.5	48.172	1.04607
Gorai.011G047900.1.D	1932	1826.5	63.828	1.38604
Gorai.011G048000.1.A	3338	3232.5	44.0192	0.540117
Gorai.011G048000.1.D	3338	3232.5	64.9808	0.797316
Gorai.011G048100.1.A	2095	1989.5	2	0.0398722
Gorai.011G048100.1.D	2095	1989.5	1	0.0199361
Gorai.011G048200.1.A	4208	4102.5	93.5988	0.904911
Gorai.011G048200.1.D	4208	4102.5	109.401	1.05769
Gorai.011G048300.1.A	2864	2758.5	431.963	6.21094
Gorai.011G048300.1.D	2864	2758.5	581.037	8.3544
Gorai.011G048400.1.A	1587	1481.5	191	5.11346
Gorai.011G048400.1.D	1587	1481.5	0	0
Gorai.011G048500.1.A	1597	1491.5	2	0.0531851
Gorai.011G048500.1.D	1597	1491.5	0	0
Gorai.011G048600.1.A	1788	1682.5	10.5	0.247524
Gorai.011G048600.1.D	1788	1682.5	3.5	0.0825081
Gorai.011G048700.1.A	1401	1295.5	889.584	27.2354
Gorai.011G048700.1.D	1401	1295.5	904.737	27.6993
Gorai.011G048800.1.A	4001	3895.5	213.852	2.17738
Gorai.011G048800.1.D	4001	3895.5	155.148	1.57967
Gorai.011G048900.1.A	1266	1160.5	13.6	0.464812
Gorai.011G048900.1.D	1266	1160.5	3.4	0.116203
Gorai.011G049000.1.A	1982	1876.5	29.4242	0.621928
Gorai.011G049000.1.D	1982	1876.5	213.329	4.50905
Gorai.011G049100.1.A	471	365.551	1104.6	119.851
Gorai.011G049100.1.D	471	365.551	5801.71	629.495
Gorai.011G049200.1.A	1228	1122.5	1654.14	58.448
Gorai.011G049200.1.D	1228	1122.5	1318.86	46.601
Gorai.011G049300.1.A	1254	1148.5	12	0.414413
Gorai.011G049300.1.D	1254	1148.5	12	0.414413
Gorai.011G049400.1.A	1511	1405.5	176.25	4.97372
Gorai.011G049400.1.D	1511	1405.5	118.75	3.35109
Gorai.011G049500.1.A	1197	1091.5	51.1425	1.85841
Gorai.011G049500.1.D	1197	1091.5	38.3885	1.39496
Gorai.011G049600.1.A	982	876.505	0	0
Gorai.011G049600.1.D	982	876.505	6.46902	0.292731
Gorai.011G049700.1.A	1393	1287.5	0	0
Gorai.011G049700.1.D	1393	1287.5	26	0.800957
Gorai.011G049800.1.A	792	686.505	0	0
Gorai.011G049800.1.D	792	686.505	0	0
Gorai.011G049900.1.A	1394	1288.5	0	0
Gorai.011G049900.1.D	1394	1288.5	0	0
Gorai.011G050000.1.A	1302	1196.5	2	0.066298
Gorai.011G050000.1.D	1302	1196.5	0	0
Gorai.011G050100.1.A	3833	3727.5	14.875	0.158279
Gorai.011G050100.1.D	3833	3727.5	2.125	0.0226113
Gorai.011G050200.1.A	2792	2686.5	237.812	3.511
Gorai.011G050200.1.D	2792	2686.5	334.188	4.93388
Gorai.011G050300.1.A	1525	1419.5	1114.87	31.1509
Gorai.011G050300.1.D	1525	1419.5	1066.13	29.7893
Gorai.011G050400.1.A	1697	1591.5	1	0.0249217
Gorai.011G050400.1.D	1697	1591.5	3	0.074765
Gorai.011G050500.1.A	1002	896.505	1.66667	0.0737363
Gorai.011G050500.1.D	1002	896.505	3.33333	0.147473
Gorai.011G050600.1.A	3154	3048.5	1382.86	17.9919
Gorai.011G050600.1.D	3154	3048.5	1925.14	25.0472
Gorai.011G050700.1.A	1539	1433.5	97.4589	2.69654
Gorai.011G050700.1.D	1539	1433.5	55.5411	1.53674
Gorai.011G050800.1.A	2992	2886.5	105.912	1.45531
Gorai.011G050800.1.D	2992	2886.5	107.088	1.47148
Gorai.011G050900.1.A	1628	1522.5	24	0.625227
Gorai.011G050900.1.D	1628	1522.5	14	0.364716
Gorai.011G051000.1.A	3708	3602.5	0	0
Gorai.011G051000.1.D	3708	3602.5	0	0
Gorai.011G051100.1.A	372	266.583	1	0.148783
Gorai.011G051100.1.D	372	266.583	0	0
Gorai.011G051200.1.A	1161	1055.5	0	0
Gorai.011G051200.1.D	1161	1055.5	0	0
Gorai.011G051300.1.A	2531	2425.5	380.308	6.21896
Gorai.011G051300.1.D	2531	2425.5	443.692	7.25546
Gorai.011G051400.1.A	2898	2792.5	278.054	3.9493
Gorai.011G051400.1.D	2898	2792.5	364.946	5.18346
Gorai.011G051500.1.A	3705	3599.5	217.408	2.39562
Gorai.011G051500.1.D	3705	3599.5	117.592	1.29574
Gorai.011G051600.1.A	2525	2419.5	0	0
Gorai.011G051600.1.D	2525	2419.5	1	0.016393
Gorai.011G051700.1.A	2809	2703.5	26.2048	0.384449
Gorai.011G051700.1.D	2809	2703.5	60.7952	0.891922
Gorai.011G051800.1.A	583	477.551	945.642	78.5402
Gorai.011G051800.1.D	583	477.551	64.3577	5.34521
Gorai.011G051900.1.A	650	544.505	0	0
Gorai.011G051900.1.D	650	544.505	5	0.364211
Gorai.011G052000.1.A	3150	3044.5	0	0
Gorai.011G052000.1.D	3150	3044.5	28	0.364776
Gorai.011G052100.1.A	2961	2855.5	0	0
Gorai.011G052100.1.D	2961	2855.5	3	0.04167
Gorai.011G052200.1.A	267	161.849	0	0
Gorai.011G052200.1.D	267	161.849	0	0
Gorai.011G052300.1.A	3692	3586.5	6.38298	0.070589
Gorai.011G052300.1.D	3692	3586.5	43.617	0.482358
Gorai.011G052400.1.A	3287	3181.5	0	0
Gorai.011G052400.1.D	3287	3181.5	0	0
Gorai.011G052500.1.A	522	416.551	0	0
Gorai.011G052500.1.D	522	416.551	0	0
Gorai.011G052600.1.A	3433	3327.5	0	0
Gorai.011G052600.1.D	3433	3327.5	19	0.226475
Gorai.011G052700.1.A	1362	1256.5	1.0489	0.0331098
Gorai.011G052700.1.D	1362	1256.5	1.0489	0.0331098
Gorai.011G052800.1.A	825	719.505	0	0
Gorai.011G052800.1.D	825	719.505	1	0.0551253
Gorai.011G052900.1.A	1109	1003.5	57	2.25289
Gorai.011G052900.1.D	1109	1003.5	111	4.38721
Gorai.011G053000.1.A	959	853.505	12	0.557648
Gorai.011G053000.1.D	959	853.505	14	0.65059
Gorai.011G053100.1.A	956	850.505	490.942	22.8949
Gorai.011G053100.1.D	956	850.505	520.058	24.2527
Gorai.011G053200.1.A	1446	1340.5	285.707	8.45351
Gorai.011G053200.1.D	1446	1340.5	353.293	10.4533
Gorai.011G053300.1.A	2708	2602.5	0	0
Gorai.011G053300.1.D	2708	2602.5	0	0
Gorai.011G053400.1.A	1344	1238.5	0	0
Gorai.011G053400.1.D	1344	1238.5	0	0
Gorai.011G053500.1.A	1410	1304.5	532.785	16.1991
Gorai.011G053500.1.D	1410	1304.5	44.2146	1.34433
Gorai.011G053600.1.A	1206	1100.5	50.5075	1.82032
Gorai.011G053600.1.D	1206	1100.5	21.4925	0.774606
Gorai.011G053700.1.A	2073	1967.5	1229.36	24.7828
Gorai.011G053700.1.D	2073	1967.5	1439.64	29.0216
Gorai.011G053800.1.A	177	75.0539	2	1.05692
Gorai.011G053800.1.D	177	75.0539	0	0
Gorai.011G053900.1.A	3494	3388.5	3384.84	39.6201
Gorai.011G053900.1.D	3494	3388.5	3975.16	46.5298
Gorai.011G054000.1.A	1815	1709.5	0	0
Gorai.011G054000.1.D	1815	1709.5	0	0
Gorai.011G054100.1.A	2130	2024.5	2867.03	56.1692
Gorai.011G054100.1.D	2130	2024.5	9043.97	177.184
Gorai.011G054200.1.A	1554	1448.5	1990.11	54.4932
Gorai.011G054200.1.D	1554	1448.5	1126.34	30.8414
Gorai.011G054300.1.A	669	563.505	0	0
Gorai.011G054300.1.D	669	563.505	0	0
Gorai.011G054400.1.A	2159	2053.5	367.188	7.09215
Gorai.011G054400.1.D	2159	2053.5	261.812	5.05683
Gorai.011G054500.1.A	1680	1574.5	36.2667	0.913584
Gorai.011G054500.1.D	1680	1574.5	27.7333	0.698623
Gorai.011G054600.1.A	348	242.63	0	0
Gorai.011G054600.1.D	348	242.63	0	0
Gorai.011G054700.1.A	826	720.505	0	0
Gorai.011G054700.1.D	826	720.505	0	0
Gorai.011G054800.1.A	864	758.505	52	2.71913
Gorai.011G054800.1.D	864	758.505	8	0.418328
Gorai.011G054900.1.A	1591	1485.5	742.399	19.822
Gorai.011G054900.1.D	1591	1485.5	695.112	18.5595
Gorai.011G055000.1.A	648	542.505	0	0
Gorai.011G055000.1.D	648	542.505	2	0.146222
Gorai.011G055100.1.A	1861	1755.5	0	0
Gorai.011G055100.1.D	1861	1755.5	0	0
Gorai.011G055200.1.A	1659	1553.5	278.924	7.12128
Gorai.011G055200.1.D	1659	1553.5	447.515	11.4256
Gorai.011G055300.1.A	1456	1350.5	527.59	15.4948
Gorai.011G055300.1.D	1456	1350.5	860.41	25.2694
Gorai.011G055400.1.A	2091	1985.5	32.4564	0.648357
Gorai.011G055400.1.D	2091	1985.5	123.544	2.46794
Gorai.011G055500.1.A	702	596.505	0	0
Gorai.011G055500.1.D	702	596.505	6	0.398954
Gorai.011G055600.1.A	5887	5781.5	86.484	0.593308
Gorai.011G055600.1.D	5887	5781.5	142.516	0.977704
Gorai.011G055700.1.A	797	691.505	3	0.172072
Gorai.011G055700.1.D	797	691.505	0	0
Gorai.011G055800.1.A	577	471.551	0	0
Gorai.011G055800.1.D	577	471.551	0	0
Gorai.011G055900.1.A	713	607.505	0	0
Gorai.011G055900.1.D	713	607.505	0	0
Gorai.011G056000.1.A	3303	3197.5	66.4677	0.824489
Gorai.011G056000.1.D	3303	3197.5	884.532	10.972
Gorai.011G056100.1.A	408	302.583	0	0
Gorai.011G056100.1.D	408	302.583	4	0.524325
Gorai.011G056200.1.A	845	739.505	16.768	0.899342
Gorai.011G056200.1.D	845	739.505	16.768	0.899342
Gorai.011G056300.1.A	2881	2775.5	7169.53	102.455
Gorai.011G056300.1.D	2881	2775.5	3612.47	51.6235
Gorai.011G056400.1.A	829	723.505	17.8462	0.978336
Gorai.011G056400.1.D	829	723.505	11.1538	0.61146
Gorai.011G056500.1.A	700	594.505	35.619	2.37636
Gorai.011G056500.1.D	700	594.505	30.381	2.02689
Gorai.011G056600.1.A	3552	3446.5	228.97	2.63503
Gorai.011G056600.1.D	3552	3446.5	464.03	5.34013
Gorai.011G056700.1.A	1486	1380.5	3268.19	93.8976
Gorai.011G056700.1.D	1486	1380.5	2777.81	79.8086
Gorai.011G056800.1.A	3598	3492.5	192.032	2.18082
Gorai.011G056800.1.D	3598	3492.5	258.968	2.941
Gorai.011G056900.1.A	908	802.505	69.7041	3.44505
Gorai.011G056900.1.D	908	802.505	128.296	6.34089
Gorai.011G057000.1.A	740	634.505	0	0
Gorai.011G057000.1.D	740	634.505	43	2.68793
Gorai.011G057100.1.A	1468	1362.5	33.3333	0.970344
Gorai.011G057100.1.D	1468	1362.5	66.6667	1.94069
Gorai.011G057200.1.A	5232	5126.5	561.217	4.34205
Gorai.011G057200.1.D	5232	5126.5	1783.15	13.7959
Gorai.011G057300.1.A	5025	4919.5	16.6667	0.134373
Gorai.011G057300.1.D	5025	4919.5	13.3333	0.107498
Gorai.011G057400.1.A	1986	1880.5	372.292	7.85225
Gorai.011G057400.1.D	1986	1880.5	119.708	2.52484
Gorai.011G057500.1.A	1359	1253.5	75.4661	2.38787
Gorai.011G057500.1.D	1359	1253.5	61.5339	1.94703
Gorai.011G057600.1.A	1467	1361.5	53.1034	1.54699
Gorai.011G057600.1.D	1467	1361.5	86.8966	2.53144
Gorai.011G057700.1.A	954	848.505	538.593	25.1763
Gorai.011G057700.1.D	954	848.505	660.644	30.8815
Gorai.011G057800.1.A	1764	1658.5	32.5	0.777234
Gorai.011G057800.1.D	1764	1658.5	27.5	0.657659
Gorai.011G057900.1.A	1002	896.505	356.252	15.7612
Gorai.011G057900.1.D	1002	896.505	457.748	20.2516
Gorai.011G058000.1.A	3252	3146.5	736.114	9.27901
Gorai.011G058000.1.D	3252	3146.5	823.886	10.3854
Gorai.011G058100.1.A	498	392.551	0	0
Gorai.011G058100.1.D	498	392.551	0	0
Gorai.011G058200.1.A	1830	1724.5	0	0
Gorai.011G058200.1.D	1830	1724.5	2	0.0459992
Gorai.011G058300.1.A	2977	2871.5	342.349	4.72873
Gorai.011G058300.1.D	2977	2871.5	366.651	5.06441
Gorai.011G058400.1.A	466	360.551	0	0
Gorai.011G058400.1.D	466	360.551	0	0
Gorai.011G058500.1.A	1231	1125.5	78.5769	2.76906
Gorai.011G058500.1.D	1231	1125.5	148.423	5.23045
Gorai.011G058600.1.A	441	335.583	0	0
Gorai.011G058600.1.D	441	335.583	0	0
Gorai.011G058700.1.A	2552	2446.5	89.7047	1.4543
Gorai.011G058700.1.D	2552	2446.5	73.2953	1.18827
Gorai.011G058800.1.A	1689	1583.5	1.73077	0.0433516
Gorai.011G058800.1.D	1689	1583.5	43.2692	1.08379
Gorai.011G058900.1.A	1970	1864.5	95.6886	2.03555
Gorai.011G058900.1.D	1970	1864.5	280.311	5.96296
Gorai.011G059000.1.A	1781	1675.5	69.2868	1.64017
Gorai.011G059000.1.D	1781	1675.5	231.713	5.48517
Gorai.011G059100.1.A	1145	1039.5	569.516	21.7302
Gorai.011G059100.1.D	1145	1039.5	902.484	34.4348
Gorai.011G059200.1.A	3046	2940.5	417.859	5.63628
Gorai.011G059200.1.D	3046	2940.5	639.141	8.62104
Gorai.011G059300.1.A	744	638.505	77.1927	4.7951
Gorai.011G059300.1.D	744	638.505	164.005	10.1877
Gorai.011G059400.1.A	851	745.505	0	0
Gorai.011G059400.1.D	851	745.505	0	0
Gorai.011G059500.1.A	3587	3481.5	216.823	2.47015
Gorai.011G059500.1.D	3587	3481.5	243.177	2.77039
Gorai.011G059600.1.A	1557	1451.5	0	0
Gorai.011G059600.1.D	1557	1451.5	2	0.0546508
Gorai.011G059700.1.A	1408	1302.5	54.8244	1.66947
Gorai.011G059700.1.D	1408	1302.5	78.1756	2.38055
Gorai.011G059800.1.A	630	524.505	130.929	9.90085
Gorai.011G059800.1.D	630	524.505	193.574	14.638
Gorai.011G059900.1.A	570	464.551	0.5	0.0426895
Gorai.011G059900.1.D	570	464.551	0.5	0.0426895
Gorai.011G060000.1.A	1508	1402.5	0	0
Gorai.011G060000.1.D	1508	1402.5	0	0
Gorai.011G060100.1.A	1753	1647.5	27	0.650013
Gorai.011G060100.1.D	1753	1647.5	108	2.60005
Gorai.011G060200.1.A	1696	1590.5	9.19289	0.229246
Gorai.011G060200.1.D	1696	1590.5	9.07085	0.226203
Gorai.011G060300.1.A	855	749.505	36.3746	1.9249
Gorai.011G060300.1.D	855	749.505	14.7401	0.780032
Gorai.011G060400.1.A	3323	3217.5	11.8462	0.14603
Gorai.011G060400.1.D	3323	3217.5	16.1538	0.199132
Gorai.011G060500.1.A	634	528.505	2	0.150095
Gorai.011G060500.1.D	634	528.505	0	0
Gorai.011G060600.1.A	384	278.583	0	0
Gorai.011G060600.1.D	384	278.583	0	0
Gorai.011G060700.1.A	390	284.583	0	0
Gorai.011G060700.1.D	390	284.583	0	0
Gorai.011G060800.1.A	513	407.551	0	0
Gorai.011G060800.1.D	513	407.551	0	0
Gorai.011G060900.1.A	390	284.583	0	0
Gorai.011G060900.1.D	390	284.583	0	0
Gorai.011G061000.1.A	390	284.583	0	0
Gorai.011G061000.1.D	390	284.583	0	0
Gorai.011G061100.1.A	384	278.583	0	0
Gorai.011G061100.1.D	384	278.583	0	0
Gorai.011G061200.1.A	522	416.551	0	0
Gorai.011G061200.1.D	522	416.551	0	0
Gorai.011G061300.1.A	390	284.583	0	0
Gorai.011G061300.1.D	390	284.583	0	0
Gorai.011G061400.1.A	2295	2189.5	32.8101	0.594356
Gorai.011G061400.1.D	2295	2189.5	63.1899	1.14469
Gorai.011G061500.1.A	1238	1132.5	2	0.0700446
Gorai.011G061500.1.D	1238	1132.5	36	1.2608
Gorai.011G061600.1.A	1096	990.505	3	0.120129
Gorai.011G061600.1.D	1096	990.505	0	0
Gorai.011G061700.1.A	2148	2042.5	738.269	14.3363
Gorai.011G061700.1.D	2148	2042.5	32.7311	0.635599
Gorai.011G061800.1.A	2835	2729.5	493.741	7.17465
Gorai.011G061800.1.D	2835	2729.5	644.259	9.36184
Gorai.011G061900.1.A	1923	1817.5	0	0
Gorai.011G061900.1.D	1923	1817.5	0	0
Gorai.011G062000.1.A	1377	1271.5	53.6463	1.67343
Gorai.011G062000.1.D	1377	1271.5	29.3537	0.915649
Gorai.011G062100.1.A	2073	1967.5	2437.11	49.1298
Gorai.011G062100.1.D	2073	1967.5	2737.88	55.193
Gorai.011G062200.1.A	2372	2266.5	9.55659	0.167236
Gorai.011G062200.1.D	2372	2266.5	31.4449	0.550274
Gorai.011G062300.1.A	1742	1636.5	0	0
Gorai.011G062300.1.D	1742	1636.5	2	0.0484727
Gorai.011G062400.1.A	1313	1207.5	87.3459	2.86905
Gorai.011G062400.1.D	1313	1207.5	129.654	4.25875
Gorai.011G062500.1.A	1437	1331.5	421.257	12.5484
Gorai.011G062500.1.D	1437	1331.5	295.207	8.79364
Gorai.011G062600.1.A	16705	16599.5	291.027	0.695382
Gorai.011G062600.1.D	16705	16599.5	289.973	0.692862
Gorai.011G062700.1.A	5522	5416.5	143.761	1.0527
Gorai.011G062700.1.D	5522	5416.5	146.239	1.07085
Gorai.011G062800.1.A	300	194.687	1	0.203726
Gorai.011G062800.1.D	300	194.687	1	0.203726
Gorai.011G062900.1.A	1732	1626.5	556.067	13.5599
Gorai.011G062900.1.D	1732	1626.5	756.933	18.4581
Gorai.011G063000.1.A	1686	1580.5	13.6364	0.342206
Gorai.011G063000.1.D	1686	1580.5	11.3636	0.285172
Gorai.011G063100.1.A	721	615.505	75.3455	4.85524
Gorai.011G063100.1.D	721	615.505	92.6545	5.97063
Gorai.011G063200.1.A	1234	1128.5	470.947	16.5521
Gorai.011G063200.1.D	1234	1128.5	744.053	26.1508
Gorai.011G063300.1.A	3410	3304.5	182.537	2.19093
Gorai.011G063300.1.D	3410	3304.5	181.463	2.17805
Gorai.011G063400.1.A	1819	1713.5	2349.33	54.3807
Gorai.011G063400.1.D	1819	1713.5	2586.67	59.8742
Gorai.011G063500.1.A	399	293.583	1	0.1351
Gorai.011G063500.1.D	399	293.583	5	0.675498
Gorai.011G063600.1.A	4407	4301.5	55.3704	0.510554
Gorai.011G063600.1.D	4407	4301.5	174.63	1.61021
Gorai.011G063700.1.A	312	206.649	2.25	0.43185
Gorai.011G063700.1.D	312	206.649	6.75	1.29555
Gorai.011G063800.1.A	384	278.583	257.064	36.5992
Gorai.011G063800.1.D	384	278.583	271.936	38.7165
Gorai.011G063900.1.A	1571	1465.5	285.319	7.72196
Gorai.011G063900.1.D	1571	1465.5	126.681	3.42855
Gorai.011G064000.1.A	2082	1976.5	830.055	16.6569
Gorai.011G064000.1.D	2082	1976.5	598.436	12.0089
Gorai.011G064100.1.A	810	704.505	24.0435	1.35363
Gorai.011G064100.1.D	810	704.505	19.1865	1.08018
Gorai.011G064200.1.A	351	245.63	0	0
Gorai.011G064200.1.D	351	245.63	0	0
Gorai.011G064300.1.A	2557	2451.5	1281.97	20.7411
Gorai.011G064300.1.D	2557	2451.5	2030.03	32.8439
Gorai.011G064400.1.A	1880	1774.5	224.357	5.01474
Gorai.011G064400.1.D	1880	1774.5	3544.64	79.2283
Gorai.011G064500.1.A	741	635.505	0	0
Gorai.011G064500.1.D	741	635.505	0	0
Gorai.011G064600.1.A	1017	911.505	3	0.130541
Gorai.011G064600.1.D	1017	911.505	5	0.217569
Gorai.011G064700.1.A	2291	2185.5	29.8596	0.541898
Gorai.011G064700.1.D	2291	2185.5	44.1404	0.801067
Gorai.011G064800.1.A	1665	1559.5	69.69	1.77243
Gorai.011G064800.1.D	1665	1559.5	31.31	0.796308
Gorai.011G064900.1.A	2225	2119.5	0	0
Gorai.011G064900.1.D	2225	2119.5	2	0.0374266
Gorai.011G065000.1.A	2462	2356.5	75.1708	1.26522
Gorai.011G065000.1.D	2462	2356.5	168.906	2.84291
Gorai.011G065100.1.A	1572	1466.5	14.2326	0.384932
Gorai.011G065100.1.D	1572	1466.5	36.7674	0.994409
Gorai.011G065200.1.A	1756	1650.5	128.97	3.09924
Gorai.011G065200.1.D	1756	1650.5	137.03	3.29295
Gorai.011G065300.1.A	3479	3373.5	10064.4	118.329
Gorai.011G065300.1.D	3479	3373.5	16466.1	193.595
Gorai.011G065400.1.A	964	858.505	0	0
Gorai.011G065400.1.D	964	858.505	15	0.693
Gorai.011G065500.1.A	910	804.505	0	0
Gorai.011G065500.1.D	910	804.505	1	0.0493011
Gorai.011G065600.1.A	994	888.505	0	0
Gorai.011G065600.1.D	994	888.505	14	0.624961
Gorai.011G065700.1.A	1186	1080.5	68.544	2.5161
Gorai.011G065700.1.D	1186	1080.5	57.456	2.10908
Gorai.011G065800.1.A	720	614.505	0	0
Gorai.011G065800.1.D	720	614.505	0	0
Gorai.011G065900.1.A	1052	946.505	0	0
Gorai.011G065900.1.D	1052	946.505	0	0
Gorai.011G066000.1.A	1868	1762.5	93.3561	2.10086
Gorai.011G066000.1.D	1868	1762.5	128.979	2.9025
Gorai.011G066100.1.A	870	764.505	451.064	23.4015
Gorai.011G066100.1.D	870	764.505	515.936	26.7671
Gorai.011G066200.1.A	2338	2232.5	116.356	2.0672
Gorai.011G066200.1.D	2338	2232.5	299.644	5.3235
Gorai.011G066300.1.A	1477	1371.5	841.947	24.3485
Gorai.011G066300.1.D	1477	1371.5	9.05319	0.261812
Gorai.011G066400.1.A	1441	1335.5	100.535	2.98578
Gorai.011G066400.1.D	1441	1335.5	71.4648	2.12242
Gorai.011G066500.1.A	3639	3533.5	963.658	10.8169
Gorai.011G066500.1.D	3639	3533.5	251.342	2.82127
Gorai.011G066600.1.A	4488	4382.5	0	0
Gorai.011G066600.1.D	4488	4382.5	20.8686	0.188867
Gorai.011G066700.1.A	4660	4554.5	11.5913	0.100943
Gorai.011G066700.1.D	4660	4554.5	29.2305	0.254554
Gorai.011G066800.1.A	3823	3717.5	0	0
Gorai.011G066800.1.D	3823	3717.5	12.2475	0.130671
Gorai.011G066900.1.A	3393	3287.5	0	0
Gorai.011G066900.1.D	3393	3287.5	5	0.0603238
Gorai.011G067000.1.A	1239	1133.5	7.0125	0.245377
Gorai.011G067000.1.D	1239	1133.5	179.988	6.29802
Gorai.011G067100.1.A	1339	1233.5	8.37897	0.269423
Gorai.011G067100.1.D	1339	1233.5	8.37897	0.269423
Gorai.011G067200.1.A	1263	1157.5	1	0.0342659
Gorai.011G067200.1.D	1263	1157.5	6	0.205595
Gorai.011G067300.1.A	1275	1169.5	0	0
Gorai.011G067300.1.D	1275	1169.5	1571	53.2794
Gorai.011G067400.1.A	2197	2091.5	107.619	2.04086
Gorai.011G067400.1.D	2197	2091.5	122.635	2.32564
Gorai.011G067500.1.A	1557	1451.5	6	0.163952
Gorai.011G067500.1.D	1557	1451.5	10	0.273254
Gorai.011G067600.1.A	949	843.505	1	0.0470216
Gorai.011G067600.1.D	949	843.505	0	0
Gorai.011G067700.1.A	2743	2637.5	211.993	3.18796
Gorai.011G067700.1.D	2743	2637.5	161.007	2.42124
Gorai.011G067800.1.A	3066	2960.5	67.7311	0.907418
Gorai.011G067800.1.D	3066	2960.5	56.2689	0.753855
Gorai.011G067900.1.A	642	536.505	378.804	28.0044
Gorai.011G067900.1.D	642	536.505	592.645	43.8133
Gorai.011G068000.1.A	294	188.687	0	0
Gorai.011G068000.1.D	294	188.687	3	0.630614
Gorai.011G068100.1.A	2962	2856.5	234.535	3.25656
Gorai.011G068100.1.D	2962	2856.5	327.465	4.54689
Gorai.011G068200.1.A	1319	1213.5	4439.16	145.092
Gorai.011G068200.1.D	1319	1213.5	1993.84	65.1678
Gorai.011G068300.1.A	1007	901.505	87.3293	3.84217
Gorai.011G068300.1.D	1007	901.505	98.6707	4.34115
Gorai.011G068400.1.A	1883	1777.5	141.312	3.15322
Gorai.011G068400.1.D	1883	1777.5	28.6875	0.640128
Gorai.011G068500.1.A	733	627.505	1	0.0632074
Gorai.011G068500.1.D	733	627.505	0	0
Gorai.011G068600.1.A	3980	3874.5	12.1739	0.124623
Gorai.011G068600.1.D	3980	3874.5	15.8261	0.16201
Gorai.011G068700.1.A	2860	2754.5	21.2121	0.30544
Gorai.011G068700.1.D	2860	2754.5	48.7879	0.702511
Gorai.011G068800.1.A	1586	1480.5	18.0645	0.483951
Gorai.011G068800.1.D	1586	1480.5	51.9355	1.39136
Gorai.011G068900.1.A	2052	1946.5	162.978	3.32091
Gorai.011G068900.1.D	2052	1946.5	164.022	3.3422
Gorai.011G069000.1.A	648	542.505	270	19.7399
Gorai.011G069000.1.D	648	542.505	270	19.7399
Gorai.011G069100.1.A	1976	1870.5	40.1111	0.850532
Gorai.011G069100.1.D	1976	1870.5	35.8889	0.761003
Gorai.011G069200.1.A	1629	1523.5	0	0
Gorai.011G069200.1.D	1629	1523.5	0	0
Gorai.011G069300.1.A	1126	1020.5	0	0
Gorai.011G069300.1.D	1126	1020.5	39.1039	1.51981
Gorai.011G069400.1.A	1309	1203.5	101.863	3.357
Gorai.011G069400.1.D	1309	1203.5	37.1374	1.22391
Gorai.011G069500.1.A	1377	1271.5	16.7442	0.522313
Gorai.011G069500.1.D	1377	1271.5	28.2558	0.881404
Gorai.011G069600.1.A	294	188.687	0	0
Gorai.011G069600.1.D	294	188.687	0	0
Gorai.011G069700.1.A	449	343.583	0	0
Gorai.011G069700.1.D	449	343.583	0	0
Gorai.011G069800.1.A	1038	932.505	0	0
Gorai.011G069800.1.D	1038	932.505	0	0
Gorai.011G069900.1.A	1431	1325.5	0	0
Gorai.011G069900.1.D	1431	1325.5	8	0.239383
Gorai.011G070000.1.A	1588	1482.5	223.911	5.99053
Gorai.011G070000.1.D	1588	1482.5	137.089	3.66767
Gorai.011G070100.1.A	1731	1625.5	0	0
Gorai.011G070100.1.D	1731	1625.5	0	0
Gorai.011G070200.1.A	745	639.505	0	0
Gorai.011G070200.1.D	745	639.505	1	0.0620214
Gorai.011G070300.1.A	2455	2349.5	182.473	3.0804
Gorai.011G070300.1.D	2455	2349.5	10.5273	0.177715
Gorai.011G070400.1.A	1219	1113.5	199.178	7.0947
Gorai.011G070400.1.D	1219	1113.5	194.797	6.93866
Gorai.011G070500.1.A	1156	1050.5	0	0
Gorai.011G070500.1.D	1156	1050.5	0	0
Gorai.011G070600.1.A	2464	2358.5	12	0.201804
Gorai.011G070600.1.D	2464	2358.5	9	0.151353
Gorai.011G070700.1.A	1722	1616.5	0	0
Gorai.011G070700.1.D	1722	1616.5	0	0
Gorai.011G070800.1.A	2320	2214.5	257.919	4.61947
Gorai.011G070800.1.D	2320	2214.5	349.081	6.25222
Gorai.011G070900.1.A	778	672.505	0	0
Gorai.011G070900.1.D	778	672.505	0	0
Gorai.011G071000.1.A	1160	1054.5	7.30262	0.274673
Gorai.011G071000.1.D	1160	1054.5	7.30262	0.274673
Gorai.011G071100.1.A	552	446.551	0	0
Gorai.011G071100.1.D	552	446.551	0	0
Gorai.011G071200.1.A	1356	1250.5	3	0.0951526
Gorai.011G071200.1.D	1356	1250.5	0	0
Gorai.011G071300.1.A	918	812.505	0	0
Gorai.011G071300.1.D	918	812.505	0	0
Gorai.011G071400.1.A	2215	2109.5	6152.03	115.671
Gorai.011G071400.1.D	2215	2109.5	5770.97	108.506
Gorai.011G071500.1.A	4825	4719.5	123.395	1.03701
Gorai.011G071500.1.D	4825	4719.5	244.605	2.05567
Gorai.011G071600.1.A	294	188.687	0	0
Gorai.011G071600.1.D	294	188.687	0	0
Gorai.011G071700.1.A	5134	5028.5	83.0696	0.655222
Gorai.011G071700.1.D	5134	5028.5	91.9304	0.725112
Gorai.011G071800.1.A	237	132.247	0	0
Gorai.011G071800.1.D	237	132.247	0	0
Gorai.011G071900.1.A	1688	1582.5	6	0.15038
Gorai.011G071900.1.D	1688	1582.5	0	0
Gorai.011G072000.1.A	1320	1214.5	121.669	3.97342
Gorai.011G072000.1.D	1320	1214.5	67.3312	2.19888
Gorai.011G072100.1.A	3177	3071.5	189.708	2.44974
Gorai.011G072100.1.D	3177	3071.5	298.292	3.8519
Gorai.011G072200.1.A	657	551.505	50.2857	3.61643
Gorai.011G072200.1.D	657	551.505	4.71429	0.339041
Gorai.011G072300.1.A	812	706.505	8.4	0.471573
Gorai.011G072300.1.D	812	706.505	5.6	0.314382
Gorai.011G072400.1.A	2339	2233.5	0	0
Gorai.011G072400.1.D	2339	2233.5	0	0
Gorai.011G072500.1.A	1550	1444.5	14.7	0.40363
Gorai.011G072500.1.D	1550	1444.5	6.3	0.172984
Gorai.011G072600.1.A	1617	1511.5	148.88	3.90672
Gorai.011G072600.1.D	1617	1511.5	188.12	4.9364
Gorai.011G072700.1.A	1536	1430.5	393.61	10.9134
Gorai.011G072700.1.D	1536	1430.5	881.39	24.4379
Gorai.011G072800.1.A	3122	3016.5	61.3038	0.806062
Gorai.011G072800.1.D	3122	3016.5	105.696	1.38976
Gorai.011G072900.1.A	1000	894.505	0	0
Gorai.011G072900.1.D	1000	894.505	0	0
Gorai.011G073000.1.A	1791	1685.5	205	4.82402
Gorai.011G073000.1.D	1791	1685.5	164	3.85921
Gorai.011G073100.1.A	280	174.788	0	0
Gorai.011G073100.1.D	280	174.788	0	0
Gorai.011G073200.1.A	962	856.505	7	0.324155
Gorai.011G073200.1.D	962	856.505	14	0.648311
Gorai.011G073300.1.A	1874	1768.5	37	0.829813
Gorai.011G073300.1.D	1874	1768.5	44	0.986805
Gorai.011G073400.1.A	1638	1532.5	68.3917	1.77005
Gorai.011G073400.1.D	1638	1532.5	37.1955	0.96266
Gorai.011G073500.1.A	957	851.505	9.06667	0.422324
Gorai.011G073500.1.D	957	851.505	7.93333	0.369533
Gorai.011G073600.1.A	903	797.505	0	0
Gorai.011G073600.1.D	903	797.505	0	0
Gorai.011G073700.1.A	1842	1736.5	739.628	16.8936
Gorai.011G073700.1.D	1842	1736.5	629.372	14.3753
Gorai.011G073800.1.A	1269	1163.5	46.4814	1.58451
Gorai.011G073800.1.D	1269	1163.5	46.4814	1.58451
Gorai.011G073900.1.A	1136	1030.5	109.714	4.22278
Gorai.011G073900.1.D	1136	1030.5	138.286	5.32246
Gorai.011G074000.1.A	2330	2224.5	685.763	12.2272
Gorai.011G074000.1.D	2330	2224.5	759.237	13.5372
Gorai.011G074100.1.A	3372	3266.5	1069.25	12.9832
Gorai.011G074100.1.D	3372	3266.5	1345.74	16.3404
Gorai.011G074200.1.A	2427	2321.5	2.5008	0.0427262
Gorai.011G074200.1.D	2427	2321.5	2.50734	0.0428379
Gorai.011G074300.1.A	948	842.505	102.57	4.82872
Gorai.011G074300.1.D	948	842.505	77.4302	3.64521
Gorai.011G074400.1.A	589	483.551	5.26316	0.431707
Gorai.011G074400.1.D	589	483.551	14.7368	1.20878
Gorai.011G074500.1.A	1551	1445.5	0	0
Gorai.011G074500.1.D	1551	1445.5	0	0
Gorai.011G074600.1.A	1324	1218.5	25	0.813763
Gorai.011G074600.1.D	1324	1218.5	0	0
Gorai.011G074700.1.A	1082	976.505	496.955	20.185
Gorai.011G074700.1.D	1082	976.505	464.045	18.8482
Gorai.011G074800.1.A	4136	4030.5	1280.25	12.5985
Gorai.011G074800.1.D	4136	4030.5	1006.75	9.90713
Gorai.011G074900.1.A	826	720.505	896.192	49.3343
Gorai.011G074900.1.D	826	720.505	1634.52	89.9786
Gorai.011G075000.1.A	3170	3064.5	11	0.14237
Gorai.011G075000.1.D	3170	3064.5	1	0.0129427
Gorai.011G075100.1.A	932	826.505	5	0.239944
Gorai.011G075100.1.D	932	826.505	2	0.0959775
Gorai.011G075200.1.A	2920	2814.5	691.351	9.74274
Gorai.011G075200.1.D	2920	2814.5	547.649	7.71766
Gorai.011G075300.1.A	1381	1275.5	320.138	9.95498
Gorai.011G075300.1.D	1381	1275.5	570.862	17.7514
Gorai.011G075400.1.A	1729	1623.5	19.8788	0.485648
Gorai.011G075400.1.D	1729	1623.5	21.1212	0.516001
Gorai.011G075500.1.A	2875	2769.5	5.71429	0.0818361
Gorai.011G075500.1.D	2875	2769.5	2.28571	0.0327344
Gorai.011G075600.1.A	3917	3811.5	10.0008	0.10407
Gorai.011G075600.1.D	3917	3811.5	41.059	0.427264
Gorai.011G075700.1.A	358	252.63	0	0
Gorai.011G075700.1.D	358	252.63	0	0
Gorai.011G075800.1.A	987	881.505	0	0
Gorai.011G075800.1.D	987	881.505	1.18582	0.0533556
Gorai.011G075900.1.A	141	45.4218	0	0
Gorai.011G075900.1.D	141	45.4218	0	0
Gorai.011G076000.1.A	243	138.135	0	0
Gorai.011G076000.1.D	243	138.135	0	0
Gorai.011G076100.1.A	321	215.63	0	0
Gorai.011G076100.1.D	321	215.63	0	0
Gorai.011G076200.1.A	267	161.849	0.60447	0.148132
Gorai.011G076200.1.D	267	161.849	0.60447	0.148132
Gorai.011G076300.1.A	3741	3635.5	0	0
Gorai.011G076300.1.D	3741	3635.5	13.9402	0.152086
Gorai.011G076400.1.A	243	138.135	0	0
Gorai.011G076400.1.D	243	138.135	35.8142	10.2834
Gorai.011G076500.1.A	123	33.2683	0	0
Gorai.011G076500.1.D	123	33.2683	0	0
Gorai.011G076600.1.A	111	26.9796	0.5	0.735055
Gorai.011G076600.1.D	111	26.9796	0.5	0.735055
Gorai.011G076700.1.A	387	281.583	2.01717	0.284132
Gorai.011G076700.1.D	387	281.583	2.01717	0.284132
Gorai.011G076800.1.A	3223	3117.5	1814.64	23.0871
Gorai.011G076800.1.D	3223	3117.5	1973.36	25.1063
Gorai.011G076900.1.A	2285	2179.5	262.38	4.77484
Gorai.011G076900.1.D	2285	2179.5	634.62	11.5489
Gorai.011G077000.1.A	1552	1446.5	164.483	4.51009
Gorai.011G077000.1.D	1552	1446.5	195.517	5.36105
Gorai.011G077100.1.A	849	743.505	3	0.160038
Gorai.011G077100.1.D	849	743.505	1	0.0533459
Gorai.011G077200.1.A	1273	1167.5	15	0.509586
Gorai.011G077200.1.D	1273	1167.5	1	0.0339724
Gorai.011G077300.1.A	3612	3506.5	2089.47	23.6346
Gorai.011G077300.1.D	3612	3506.5	1289.67	14.5877
Gorai.011G077400.1.A	2724	2618.5	168.101	2.54626
Gorai.011G077400.1.D	2724	2618.5	163.899	2.4826
Gorai.011G077500.1.A	2673	2567.5	987.705	15.2581
Gorai.011G077500.1.D	2673	2567.5	816.295	12.6102
Gorai.011G077600.1.A	663	557.505	1.08204	0.0769804
Gorai.011G077600.1.D	663	557.505	1.08204	0.0769804
Gorai.011G077700.1.A	2383	2277.5	118.788	2.0687
Gorai.011G077700.1.D	2383	2277.5	126.212	2.19799
Gorai.011G077800.1.A	1062	956.505	0	0
Gorai.011G077800.1.D	1062	956.505	2	0.0829331
Gorai.011G077900.1.A	542	436.551	215.146	19.5471
Gorai.011G077900.1.D	542	436.551	215.146	19.5471
Gorai.011G078000.1.A	1219	1113.5	0	0
Gorai.011G078000.1.D	1219	1113.5	0	0
Gorai.011G078100.1.A	2474	2368.5	23.8696	0.399719
Gorai.011G078100.1.D	2474	2368.5	37.1304	0.621786
Gorai.011G078200.1.A	3566	3460.5	608.762	6.97738
Gorai.011G078200.1.D	3566	3460.5	470.668	5.39461
Gorai.011G078300.1.A	2116	2010.5	452.172	8.92037
Gorai.011G078300.1.D	2116	2010.5	545.828	10.768
Gorai.011G078400.1.A	2090	1984.5	40.597	0.811385
Gorai.011G078400.1.D	2090	1984.5	27.403	0.547685
Gorai.011G078500.1.A	764	658.505	1.64057	0.0988146
Gorai.011G078500.1.D	764	658.505	1.64057	0.0988146
Gorai.011G078600.1.A	395	289.583	0	0
Gorai.011G078600.1.D	395	289.583	0	0
Gorai.011G078700.1.A	1487	1381.5	0	0
Gorai.011G078700.1.D	1487	1381.5	0	0
Gorai.011G078800.1.A	1402	1296.5	0	0
Gorai.011G078800.1.D	1402	1296.5	0	0
Gorai.011G078900.1.A	490	384.551	8	0.825127
Gorai.011G078900.1.D	490	384.551	0	0
Gorai.011G079000.1.A	1228	1122.5	6	0.212006
Gorai.011G079000.1.D	1228	1122.5	0	0
Gorai.011G079100.1.A	1157	1051.5	0	0
Gorai.011G079100.1.D	1157	1051.5	0	0
Gorai.011G079200.1.A	4484	4378.5	12	0.108703
Gorai.011G079200.1.D	4484	4378.5	0	0
Gorai.011G079300.1.A	3816	3710.5	1340.56	14.3297
Gorai.011G079300.1.D	3816	3710.5	2440.44	26.0868
Gorai.011G079400.1.A	1134	1028.5	77.2637	2.97957
Gorai.011G079400.1.D	1134	1028.5	333.736	12.8701
Gorai.011G079500.1.A	1727	1621.5	26.1569	0.639812
Gorai.011G079500.1.D	1727	1621.5	31.8431	0.778902
Gorai.011G079600.1.A	2802	2696.5	503.092	7.39998
Gorai.011G079600.1.D	2802	2696.5	968.451	14.245
Gorai.011G079700.1.A	2844	2738.5	3.34111	0.0483907
Gorai.011G079700.1.D	2844	2738.5	378.659	5.48428
Gorai.011G079800.1.A	1595	1489.5	314.682	8.37943
Gorai.011G079800.1.D	1595	1489.5	287.318	7.65079
Gorai.011G079900.1.A	1217	1111.5	0	0
Gorai.011G079900.1.D	1217	1111.5	0	0
Gorai.011G080000.1.A	1332	1226.5	13	0.420396
Gorai.011G080000.1.D	1332	1226.5	0	0
Gorai.011G080100.1.A	1424	1318.5	134.847	4.05645
Gorai.011G080100.1.D	1424	1318.5	1.15254	0.0346705
Gorai.011G080200.1.A	659	553.505	0	0
Gorai.011G080200.1.D	659	553.505	0	0
Gorai.011G080300.1.A	802	696.505	5.23077	0.29787
Gorai.011G080300.1.D	802	696.505	11.7692	0.670207
Gorai.011G080400.1.A	1926	1820.5	116.187	2.53134
Gorai.011G080400.1.D	1926	1820.5	77.8132	1.6953
Gorai.011G080500.1.A	402	296.583	913.394	122.151
Gorai.011G080500.1.D	402	296.583	790.606	105.73
Gorai.011G080600.1.A	1576	1470.5	1	0.0269723
Gorai.011G080600.1.D	1576	1470.5	0	0
Gorai.011G080700.1.A	931	825.505	392.79	18.8723
Gorai.011G080700.1.D	931	825.505	345.21	16.5863
Gorai.011G080800.1.A	1530	1424.5	0	0
Gorai.011G080800.1.D	1530	1424.5	2	0.0556866
Gorai.011G080900.1.A	939	833.505	23.1538	1.10179
Gorai.011G080900.1.D	939	833.505	19.8462	0.944394
Gorai.011G081000.1.A	998	892.505	0	0
Gorai.011G081000.1.D	998	892.505	30.6163	1.36059
Gorai.011G081100.1.A	1190	1084.5	0	0
Gorai.011G081100.1.D	1190	1084.5	0	0
Gorai.011G081200.1.A	2576	2470.5	5.83333	0.0936518
Gorai.011G081200.1.D	2576	2470.5	1.16667	0.0187304
Gorai.011G081300.1.A	996	890.505	8	0.356319
Gorai.011G081300.1.D	996	890.505	4	0.178159
Gorai.011G081400.1.A	1125	1019.5	0	0
Gorai.011G081400.1.D	1125	1019.5	1	0.0389041
Gorai.011G081500.1.A	910	804.505	1	0.0493011
Gorai.011G081500.1.D	910	804.505	8	0.394409
Gorai.011G081600.1.A	1116	1010.5	23.3443	0.916277
Gorai.011G081600.1.D	1116	1010.5	65.6557	2.57703
Gorai.011G081700.1.A	1268	1162.5	6.2439	0.213033
Gorai.011G081700.1.D	1268	1162.5	121.756	4.15414
Gorai.011G081800.1.A	962	856.505	0	0
Gorai.011G081800.1.D	962	856.505	12	0.555695
Gorai.011G081900.1.A	1336	1230.5	807.247	26.02
Gorai.011G081900.1.D	1336	1230.5	1004.75	32.3863
Gorai.011G082000.1.A	1242	1136.5	1	0.0348991
Gorai.011G082000.1.D	1242	1136.5	9	0.314092
Gorai.011G082100.1.A	1001	895.505	863.214	38.2328
Gorai.011G082100.1.D	1001	895.505	560.639	24.8313
Gorai.011G082200.1.A	1411	1305.5	0	0
Gorai.011G082200.1.D	1411	1305.5	0	0
Gorai.011G082300.1.A	1379	1273.5	0	0
Gorai.011G082300.1.D	1379	1273.5	0	0
Gorai.011G082400.1.A	1817	1711.5	3	0.0695229
Gorai.011G082400.1.D	1817	1711.5	0	0
Gorai.011G082500.1.A	2017	1911.5	482.328	10.0081
Gorai.011G082500.1.D	2017	1911.5	141.791	2.94211
Gorai.011G082600.1.A	1142	1036.5	0	0
Gorai.011G082600.1.D	1142	1036.5	6	0.229596
Gorai.011G082700.1.A	549	443.551	0	0
Gorai.011G082700.1.D	549	443.551	0	0
Gorai.011G082800.1.A	1115	1009.5	194.362	7.6364
Gorai.011G082800.1.D	1115	1009.5	262.077	10.2969
Gorai.011G082900.1.A	849	743.505	1.33333	0.0711279
Gorai.011G082900.1.D	849	743.505	10.6667	0.569023
Gorai.011G083000.1.A	3982	3876.5	17140	175.37
Gorai.011G083000.1.D	3982	3876.5	14206	145.351
Gorai.011G083100.1.A	751	645.505	6.5	0.399392
Gorai.011G083100.1.D	751	645.505	6.5	0.399392
Gorai.011G083200.1.A	756	650.505	0	0
Gorai.011G083200.1.D	756	650.505	0	0
Gorai.011G083300.1.A	961	855.505	8	0.370896
Gorai.011G083300.1.D	961	855.505	8	0.370896
Gorai.011G083400.1.A	576	470.551	39.6667	3.34352
Gorai.011G083400.1.D	576	470.551	72.3333	6.097
Gorai.011G083500.1.A	318	212.63	0	0
Gorai.011G083500.1.D	318	212.63	0	0
Gorai.011G083600.1.A	877	771.505	46.2609	2.37826
Gorai.011G083600.1.D	877	771.505	29.7391	1.52888
Gorai.011G083700.1.A	3849	3743.5	136.429	1.44548
Gorai.011G083700.1.D	3849	3743.5	54.5714	0.578192
Gorai.011G083800.1.A	366	260.583	0	0
Gorai.011G083800.1.D	366	260.583	0	0
Gorai.011G083900.1.A	1702	1596.5	304.672	7.56915
Gorai.011G083900.1.D	1702	1596.5	248.328	6.16937
Gorai.011G084000.1.A	1431	1325.5	2	0.0598458
Gorai.011G084000.1.D	1431	1325.5	0	0
Gorai.011G084100.1.A	1007	901.505	1	0.0439964
Gorai.011G084100.1.D	1007	901.505	1	0.0439964
Gorai.011G084200.1.A	780	674.505	7.82188	0.459951
Gorai.011G084200.1.D	780	674.505	7.60033	0.446923
Gorai.011G084300.1.A	756	650.505	0	0
Gorai.011G084300.1.D	756	650.505	0	0
Gorai.011G084400.1.A	7397	7291.5	1376.02	7.48502
Gorai.011G084400.1.D	7397	7291.5	1090.98	5.9345
Gorai.011G084500.1.A	574	468.551	0	0
Gorai.011G084500.1.D	574	468.551	0	0
Gorai.011G084600.1.A	576	470.551	0	0
Gorai.011G084600.1.D	576	470.551	0	0
Gorai.011G084700.1.A	2160	2054.5	1294.27	24.9864
Gorai.011G084700.1.D	2160	2054.5	1736.73	33.5281
Gorai.011G084800.1.A	2654	2548.5	159.444	2.48147
Gorai.011G084800.1.D	2654	2548.5	127.556	1.98518
Gorai.011G084900.1.A	219	114.772	0	0
Gorai.011G084900.1.D	219	114.772	0	0
Gorai.011G085000.1.A	2758	2652.5	94.2261	1.40896
Gorai.011G085000.1.D	2758	2652.5	157.774	2.3592
Gorai.011G085100.1.A	1868	1762.5	165.614	3.72693
Gorai.011G085100.1.D	1868	1762.5	332.386	7.47993
Gorai.011G085200.1.A	2629	2523.5	56.5185	0.888324
Gorai.011G085200.1.D	2629	2523.5	52.4815	0.824873
Gorai.011G085300.1.A	1473	1367.5	0	0
Gorai.011G085300.1.D	1473	1367.5	0	0
Gorai.011G085400.1.A	1383	1277.5	0.5	0.0155236
Gorai.011G085400.1.D	1383	1277.5	0.5	0.0155236
Gorai.011G085500.1.A	1101	995.505	56.4603	2.24949
Gorai.011G085500.1.D	1101	995.505	123.191	4.90817
Gorai.011G085600.1.A	4768	4662.5	1168.03	9.93615
Gorai.011G085600.1.D	4768	4662.5	893.324	7.59931
Gorai.011G085700.1.A	2195	2089.5	308.423	5.85447
Gorai.011G085700.1.D	2195	2089.5	575.577	10.9256
Gorai.011G085800.1.A	2320	2214.5	1879.08	33.6553
Gorai.011G085800.1.D	2320	2214.5	470.919	8.4344
Gorai.011G085900.1.A	420	314.583	0	0
Gorai.011G085900.1.D	420	314.583	0	0
Gorai.011G086000.1.A	231	126.463	0	0
Gorai.011G086000.1.D	231	126.463	0	0
Gorai.011G086100.1.A	1604	1498.5	24.1735	0.639832
Gorai.011G086100.1.D	1604	1498.5	78.8265	2.08641
Gorai.011G086200.1.A	735	629.505	127.759	8.04969
Gorai.011G086200.1.D	735	629.505	102.357	6.44918
Gorai.011G086300.1.A	545	439.551	3	0.270705
Gorai.011G086300.1.D	545	439.551	0	0
Gorai.011G086400.1.A	292	186.705	0	0
Gorai.011G086400.1.D	292	186.705	18	3.82386
Gorai.011G086500.1.A	1637	1531.5	31.0903	0.805178
Gorai.011G086500.1.D	1637	1531.5	50.4346	1.30616
Gorai.011G086600.1.A	1581	1475.5	12.8043	0.344192
Gorai.011G086600.1.D	1581	1475.5	16.6708	0.448126
Gorai.011G086700.1.A	2592	2486.5	1403.25	22.3836
Gorai.011G086700.1.D	2592	2486.5	1130.75	18.0369
Gorai.011G086800.1.A	1219	1113.5	9	0.320579
Gorai.011G086800.1.D	1219	1113.5	2	0.0712398
Gorai.011G086900.1.A	1821	1715.5	173.333	4.00751
Gorai.011G086900.1.D	1821	1715.5	34.6667	0.801503
Gorai.011G087000.1.A	997	891.505	4.36364	0.194138
Gorai.011G087000.1.D	997	891.505	7.63636	0.339741
Gorai.011G087100.1.A	1767	1661.5	1596.89	38.1205
Gorai.011G087100.1.D	1767	1661.5	2027.69	48.4043
Gorai.011G087200.1.A	1611	1505.5	3261.25	85.9185
Gorai.011G087200.1.D	1611	1505.5	3163.18	83.3348
Gorai.011G087300.1.A	892	786.505	3072.13	154.925
Gorai.011G087300.1.D	892	786.505	640.874	32.3189
Gorai.011G087400.1.A	1038	932.505	1211.61	51.5341
Gorai.011G087400.1.D	1038	932.505	1472.39	62.6265
Gorai.011G087500.1.A	2733	2627.5	162.465	2.45246
Gorai.011G087500.1.D	2733	2627.5	164.535	2.4837
Gorai.011G087600.1.A	462	356.551	0	0
Gorai.011G087600.1.D	462	356.551	0	0
Gorai.011G087700.1.A	1458	1352.5	9.84615	0.288744
Gorai.011G087700.1.D	1458	1352.5	6.15385	0.180465
Gorai.011G087800.1.A	1608	1502.5	127.438	3.36409
Gorai.011G087800.1.D	1608	1502.5	129.562	3.42016
Gorai.011G087900.1.A	2305	2199.5	3	0.054098
Gorai.011G087900.1.D	2305	2199.5	0	0
Gorai.011G088000.1.A	2000	1894.5	4	0.0837431
Gorai.011G088000.1.D	2000	1894.5	0	0
Gorai.011G088100.1.A	1572	1466.5	69.8077	1.88801
Gorai.011G088100.1.D	1572	1466.5	40.1923	1.08704
Gorai.011G088200.1.A	815	709.505	0	0
Gorai.011G088200.1.D	815	709.505	22.8251	1.27598
Gorai.011G088300.1.A	258	152.936	0	0
Gorai.011G088300.1.D	258	152.936	0	0
Gorai.011G088400.1.A	3191	3085.5	532.502	6.8451
Gorai.011G088400.1.D	3191	3085.5	520.498	6.6908
Gorai.011G088500.1.A	3562	3456.5	289.122	3.31764
Gorai.011G088500.1.D	3562	3456.5	248.878	2.85584
Gorai.011G088600.1.A	1851	1745.5	17	0.386289
Gorai.011G088600.1.D	1851	1745.5	0	0
Gorai.011G088700.1.A	2023	1917.5	90.1529	1.86478
Gorai.011G088700.1.D	2023	1917.5	103.847	2.14804
Gorai.011G088800.1.A	1716	1610.5	9.9	0.243814
Gorai.011G088800.1.D	1716	1610.5	1.1	0.0270904
Gorai.011G088900.1.A	2508	2402.5	0	0
Gorai.011G088900.1.D	2508	2402.5	10	0.16509
Gorai.011G089000.1.A	1490	1384.5	0	0
Gorai.011G089000.1.D	1490	1384.5	0	0
Gorai.011G089100.1.A	3067	2961.5	0	0
Gorai.011G089100.1.D	3067	2961.5	0	0
Gorai.011G089200.1.A	3743	3637.5	259.299	2.82737
Gorai.011G089200.1.D	3743	3637.5	463.701	5.05614
Gorai.011G089300.1.A	909	803.505	1478.14	72.9646
Gorai.011G089300.1.D	909	803.505	4189.86	206.822
Gorai.011G089400.1.A	2341	2235.5	19.4727	0.34549
Gorai.011G089400.1.D	2341	2235.5	99.5273	1.76584
Gorai.011G089500.1.A	2545	2439.5	2240.2	36.4226
Gorai.011G089500.1.D	2545	2439.5	3419.99	55.6042
Gorai.011G089600.1.A	1617	1511.5	0	0
Gorai.011G089600.1.D	1617	1511.5	5	0.131204
Gorai.011G089700.1.A	1758	1652.5	109.627	2.63124
Gorai.011G089700.1.D	1758	1652.5	81.3728	1.95309
Gorai.011G089800.1.A	824	718.505	0	0
Gorai.011G089800.1.D	824	718.505	0	0
Gorai.011G089900.1.A	438	332.583	13.7215	1.63639
Gorai.011G089900.1.D	438	332.583	0	0
Gorai.011G090000.1.A	1507	1401.5	0	0
Gorai.011G090000.1.D	1507	1401.5	0	0
Gorai.011G090100.1.A	1307	1201.5	357.591	11.8045
Gorai.011G090100.1.D	1307	1201.5	891.193	29.4192
Gorai.011G090200.1.A	411	305.583	0	0
Gorai.011G090200.1.D	411	305.583	0	0
Gorai.011G090300.1.A	4021	3915.5	414.435	4.19811
Gorai.011G090300.1.D	4021	3915.5	444.745	4.50514
Gorai.011G090400.1.A	1178	1072.5	10	0.369816
Gorai.011G090400.1.D	1178	1072.5	225	8.32086
Gorai.011G090500.1.A	1863	1757.5	75.2432	1.69807
Gorai.011G090500.1.D	1863	1757.5	40.7568	0.919789
Gorai.011G090600.1.A	4553	4447.5	709.951	6.33136
Gorai.011G090600.1.D	4553	4447.5	816.049	7.27754
Gorai.011G090700.1.A	2063	1957.5	291.04	5.89705
Gorai.011G090700.1.D	2063	1957.5	136.96	2.77508
Gorai.011G090800.1.A	3438	3332.5	35.6505	0.424306
Gorai.011G090800.1.D	3438	3332.5	396.35	4.71729
Gorai.011G090900.1.A	2384	2278.5	40.3902	0.703091
Gorai.011G090900.1.D	2384	2278.5	51.6098	0.898394
Gorai.011G091000.1.A	2097	1991.5	175.407	3.49341
Gorai.011G091000.1.D	2097	1991.5	61.5932	1.22669
Gorai.011G091100.1.A	3237	3131.5	571.033	7.23258
Gorai.011G091100.1.D	3237	3131.5	363.967	4.60992
Gorai.011G091200.1.A	2610	2504.5	1091.56	17.2867
Gorai.011G091200.1.D	2610	2504.5	402.243	6.37017
Gorai.011G091300.1.A	597	491.551	0	0
Gorai.011G091300.1.D	597	491.551	0	0
Gorai.011G091400.1.A	2351	2245.5	105.273	1.85946
Gorai.011G091400.1.D	2351	2245.5	87.7273	1.54955
Gorai.011G091500.1.A	1424	1318.5	0	0
Gorai.011G091500.1.D	1424	1318.5	1	0.0300818
Gorai.011G091600.1.A	1165	1059.5	12.7742	0.478208
Gorai.011G091600.1.D	1165	1059.5	12.7742	0.478208
Gorai.011G091700.1.A	1239	1133.5	68	2.37942
Gorai.011G091700.1.D	1239	1133.5	5	0.174957
Gorai.011G091800.1.A	2042	1936.5	71.4483	1.46338
Gorai.011G091800.1.D	2042	1936.5	76.5517	1.56791
Gorai.011G091900.1.A	1191	1085.5	3.42857	0.125276
Gorai.011G091900.1.D	1191	1085.5	4.57143	0.167034
Gorai.011G092000.1.A	2117	2011.5	42.7445	0.842838
Gorai.011G092000.1.D	2117	2011.5	42.7445	0.842838
Gorai.011G092100.1.A	2747	2641.5	1	0.0150153
Gorai.011G092100.1.D	2747	2641.5	7	0.105107
Gorai.011G092200.1.A	1612	1506.5	1	0.0263278
Gorai.011G092200.1.D	1612	1506.5	1	0.0263278
Gorai.011G092300.1.A	3619	3513.5	87.4351	0.98703
Gorai.011G092300.1.D	3619	3513.5	50.5649	0.570812
Gorai.011G092400.1.A	1362	1256.5	20	0.631322
Gorai.011G092400.1.D	1362	1256.5	14	0.441925
Gorai.011G092500.1.A	1372	1266.5	442.023	13.8428
Gorai.011G092500.1.D	1372	1266.5	69.9772	2.19147
Gorai.011G092600.1.A	1735	1629.5	0	0
Gorai.011G092600.1.D	1735	1629.5	44	1.07098
Gorai.011G092700.1.A	903	797.505	129.933	6.46206
Gorai.011G092700.1.D	903	797.505	179.067	8.90569
Gorai.011G092800.1.A	872	766.505	37.6	1.94562
Gorai.011G092800.1.D	872	766.505	103.4	5.35045
Gorai.011G092900.1.A	1218	1112.5	660.976	23.5651
Gorai.011G092900.1.D	1218	1112.5	902.024	32.1589
Gorai.011G093000.1.A	1619	1513.5	343.616	9.0048
Gorai.011G093000.1.D	1619	1513.5	542.384	14.2137
Gorai.011G093100.1.A	2940	2834.5	51.1577	0.715844
Gorai.011G093100.1.D	2940	2834.5	138.887	1.94343
Gorai.011G093200.1.A	2149	2043.5	2	0.0388185
Gorai.011G093200.1.D	2149	2043.5	1	0.0194093
Gorai.011G093300.1.A	3964	3858.5	494.134	5.07938
Gorai.011G093300.1.D	3964	3858.5	471.866	4.85048
Gorai.011G093400.1.A	1362	1256.5	1141.84	36.0435
Gorai.011G093400.1.D	1362	1256.5	820.32	25.8943
Gorai.011G093500.1.A	594	488.551	1.11111	0.0902053
Gorai.011G093500.1.D	594	488.551	8.88889	0.721643
Gorai.011G093600.1.A	372	266.583	0	0
Gorai.011G093600.1.D	372	266.583	0	0
Gorai.011G093700.1.A	2604	2498.5	1	0.0158747
Gorai.011G093700.1.D	2604	2498.5	2	0.0317493
Gorai.011G093800.1.A	1062	956.505	3	0.1244
Gorai.011G093800.1.D	1062	956.505	6	0.248799
Gorai.011G093900.1.A	1218	1112.5	223.905	7.98265
Gorai.011G093900.1.D	1218	1112.5	169.095	6.02856
Gorai.011G094000.1.A	1715	1609.5	145.532	3.58634
Gorai.011G094000.1.D	1715	1609.5	214.468	5.28513
Gorai.011G094100.1.A	1345	1239.5	66.5793	2.13047
Gorai.011G094100.1.D	1345	1239.5	112.421	3.59735
Gorai.011G094200.1.A	876	770.505	279.218	14.3732
Gorai.011G094200.1.D	876	770.505	140.782	7.24698
Gorai.011G094300.1.A	1706	1600.5	0	0
Gorai.011G094300.1.D	1706	1600.5	0	0
Gorai.011G094400.1.A	1313	1207.5	1	0.032847
Gorai.011G094400.1.D	1313	1207.5	0	0
Gorai.011G094500.1.A	1810	1704.5	408.265	9.50012
Gorai.011G094500.1.D	1810	1704.5	302.735	7.04448
Gorai.011G094600.1.A	2756	2650.5	40.3636	0.604013
Gorai.011G094600.1.D	2756	2650.5	7.63636	0.114273
Gorai.011G094700.1.A	736	630.505	1	0.0629067
Gorai.011G094700.1.D	736	630.505	0	0
Gorai.011G094800.1.A	1094	988.505	1642.61	65.9082
Gorai.011G094800.1.D	1094	988.505	2007.39	80.5451
Gorai.011G094900.1.A	742	636.505	1	0.0623137
Gorai.011G094900.1.D	742	636.505	29	1.8071
Gorai.011G095000.1.A	1631	1525.5	566.342	14.7248
Gorai.011G095000.1.D	1631	1525.5	227.658	5.91909
Gorai.011G095100.1.A	1087	981.505	35.619	1.43938
Gorai.011G095100.1.D	1087	981.505	30.381	1.2277
Gorai.011G095200.1.A	2749	2643.5	167.923	2.5195
Gorai.011G095200.1.D	2749	2643.5	9.07692	0.136189
Gorai.011G095300.1.A	2169	2063.5	1	0.0192212
Gorai.011G095300.1.D	2169	2063.5	0	0
Gorai.011G095400.1.A	2107	2001.5	189.68	3.75881
Gorai.011G095400.1.D	2107	2001.5	185.32	3.6724
Gorai.011G095500.1.A	1387	1281.5	84.7692	2.62363
Gorai.011G095500.1.D	1387	1281.5	60.2308	1.86416
Gorai.011G095600.1.A	1787	1681.5	205.516	4.84766
Gorai.011G095600.1.D	1787	1681.5	223.484	5.2715
Gorai.011G095700.1.A	3206	3100.5	96.6504	1.23639
Gorai.011G095700.1.D	3206	3100.5	347.991	4.45165
Gorai.011G095800.1.A	1163	1057.5	6	0.225037
Gorai.011G095800.1.D	1163	1057.5	4	0.150025
Gorai.011G095900.1.A	1417	1311.5	59.5493	1.80091
Gorai.011G095900.1.D	1417	1311.5	91.4507	2.76568
Gorai.011G096000.1.A	1372	1266.5	23.9701	0.75067
Gorai.011G096000.1.D	1372	1266.5	49.0299	1.53546
Gorai.011G096100.1.A	1075	969.505	6.11111	0.250009
Gorai.011G096100.1.D	1075	969.505	4.88889	0.200007
Gorai.011G096200.1.A	504	398.551	0	0
Gorai.011G096200.1.D	504	398.551	0	0
Gorai.011G096300.1.A	744	638.505	0	0
Gorai.011G096300.1.D	744	638.505	0	0
Gorai.011G096400.1.A	841	735.505	1.06479	0.0574203
Gorai.011G096400.1.D	841	735.505	1.06479	0.0574203
Gorai.011G096500.1.A	756	650.505	0	0
Gorai.011G096500.1.D	756	650.505	0	0
Gorai.011G096600.1.A	1225	1119.5	560.923	19.873
Gorai.011G096600.1.D	1225	1119.5	714.077	25.299
Gorai.011G096700.1.A	745	639.505	1	0.0620214
Gorai.011G096700.1.D	745	639.505	8	0.496171
Gorai.011G096800.1.A	511	405.551	1	0.0978001
Gorai.011G096800.1.D	511	405.551	0	0
Gorai.011G096900.1.A	6087	5981.5	121.311	0.804403
Gorai.011G096900.1.D	6087	5981.5	116.689	0.773759
Gorai.011G097000.1.A	2071	1965.5	439.047	8.85977
Gorai.011G097000.1.D	2071	1965.5	292.698	5.9065
Gorai.011G097100.1.A	865	759.505	2	0.104444
Gorai.011G097100.1.D	865	759.505	4	0.208888
Gorai.011G097200.1.A	746	640.505	10	0.619245
Gorai.011G097200.1.D	746	640.505	11	0.68117
Gorai.011G097300.1.A	1749	1643.5	0	0
Gorai.011G097300.1.D	1749	1643.5	0	0
Gorai.011G097400.1.A	3338	3232.5	139.482	1.71145
Gorai.011G097400.1.D	3338	3232.5	141.518	1.73643
Gorai.011G097500.1.A	989	883.505	811.096	36.4123
Gorai.011G097500.1.D	989	883.505	500.904	22.4869
Gorai.011G097600.1.A	870	764.505	0	0
Gorai.011G097600.1.D	870	764.505	0	0
Gorai.011G097700.1.A	1798	1692.5	3	0.0703034
Gorai.011G097700.1.D	1798	1692.5	0	0
Gorai.011G097800.1.A	2493	2387.5	50.0211	0.830986
Gorai.011G097800.1.D	2493	2387.5	48.9789	0.813673
Gorai.011G097900.1.A	3034	2928.5	415.372	5.6257
Gorai.011G097900.1.D	3034	2928.5	538.628	7.29504
Gorai.011G098000.1.A	721	615.505	2	0.128879
Gorai.011G098000.1.D	721	615.505	0	0
Gorai.011G098100.1.A	1412	1306.5	76.943	2.33584
Gorai.011G098100.1.D	1412	1306.5	121.057	3.67505
Gorai.011G098200.1.A	2697	2591.5	74	1.13257
Gorai.011G098200.1.D	2697	2591.5	74	1.13257
Gorai.011G098300.1.A	2251	2145.5	91.5909	1.6932
Gorai.011G098300.1.D	2251	2145.5	63.4091	1.17221
Gorai.011G098400.1.A	959	853.505	22.5092	1.04602
Gorai.011G098400.1.D	959	853.505	18.4166	0.855834
Gorai.011G098500.1.A	1185	1079.5	5693.02	209.172
Gorai.011G098500.1.D	1185	1079.5	40.9803	1.50569
Gorai.011G098600.1.A	998	892.505	0	0
Gorai.011G098600.1.D	998	892.505	0	0
Gorai.011G098700.1.A	673	567.505	2.25	0.157253
Gorai.011G098700.1.D	673	567.505	6.75	0.471758
Gorai.011G098800.1.A	1401	1295.5	181.676	5.56215
Gorai.011G098800.1.D	1401	1295.5	174.324	5.33709
Gorai.011G098900.1.A	270	164.849	0	0
Gorai.011G098900.1.D	270	164.849	4	0.962404
Gorai.011G099000.1.A	964	858.505	0	0
Gorai.011G099000.1.D	964	858.505	1	0.0462
Gorai.011G099100.1.A	291	185.705	0	0
Gorai.011G099100.1.D	291	185.705	0	0
Gorai.011G099200.1.A	1224	1118.5	2079.46	73.739
Gorai.011G099200.1.D	1224	1118.5	6287.54	222.961
Gorai.011G099300.1.A	941	835.505	2116.44	100.471
Gorai.011G099300.1.D	941	835.505	2186.99	103.82
Gorai.011G099400.1.A	882	776.505	285.478	14.5819
Gorai.011G099400.1.D	882	776.505	0	0
Gorai.011G099500.1.A	1234	1128.5	204.857	7.2
Gorai.011G099500.1.D	1234	1128.5	34.1429	1.2
Gorai.011G099600.1.A	1080	974.505	22	0.895414
Gorai.011G099600.1.D	1080	974.505	0	0
Gorai.011G099700.1.A	3706	3600.5	166.816	1.83764
Gorai.011G099700.1.D	3706	3600.5	139.184	1.53324
Gorai.011G099800.1.A	1527	1421.5	0	0
Gorai.011G099800.1.D	1527	1421.5	0	0
Gorai.011G099900.1.A	632	526.505	700.586	52.777
Gorai.011G099900.1.D	632	526.505	431.414	32.4995
Gorai.011G100000.1.A	1598	1492.5	36.5106	0.970261
Gorai.011G100000.1.D	1598	1492.5	58.692	1.55973
Gorai.011G100100.1.A	938	832.505	105.566	5.02948
Gorai.011G100100.1.D	938	832.505	313.434	14.9329
Gorai.011G100200.1.A	843	737.505	1873.99	100.783
Gorai.011G100200.1.D	843	737.505	4.00854	0.215579
Gorai.011G100300.1.A	2231	2125.5	67.623	1.26188
Gorai.011G100300.1.D	2231	2125.5	57.377	1.07068
Gorai.011G100400.1.A	2275	2169.5	209.24	3.82534
Gorai.011G100400.1.D	2275	2169.5	192.159	3.51306
Gorai.011G100500.1.A	1736	1630.5	24.5873	0.598099
Gorai.011G100500.1.D	1736	1630.5	63.0131	1.53283
Gorai.011G100600.1.A	2178	2072.5	41.8966	0.801803
Gorai.011G100600.1.D	2178	2072.5	39.1034	0.748349
Gorai.011G100700.1.A	2598	2492.5	97.1328	1.54566
Gorai.011G100700.1.D	2598	2492.5	191.867	3.05316
Gorai.011G100800.1.A	1394	1288.5	138.954	4.27729
Gorai.011G100800.1.D	1394	1288.5	465.046	14.3151
Gorai.011G100900.1.A	936	830.505	0	0
Gorai.011G100900.1.D	936	830.505	2	0.0955153
Gorai.011G101000.1.A	1693	1587.5	12.8333	0.320634
Gorai.011G101000.1.D	1693	1587.5	15.1667	0.378931
Gorai.011G101100.1.A	1987	1881.5	21.0857	0.444496
Gorai.011G101100.1.D	1987	1881.5	19.9143	0.419802
Gorai.011G101200.1.A	1591	1485.5	45.3077	1.20971
Gorai.011G101200.1.D	1591	1485.5	11.6923	0.312184
Gorai.011G101300.1.A	2160	2054.5	30.7969	0.594545
Gorai.011G101300.1.D	2160	2054.5	42.2031	0.814746
Gorai.011G101400.1.A	1883	1777.5	90.1959	2.01262
Gorai.011G101400.1.D	1883	1777.5	163.804	3.6551
Gorai.011G101500.1.A	3293	3187.5	23.5	0.292417
Gorai.011G101500.1.D	3293	3187.5	70.5	0.87725
Gorai.011G101600.1.A	797	691.505	5.71538	0.32782
Gorai.011G101600.1.D	797	691.505	0	0
Gorai.011G101700.1.A	791	685.505	0	0
Gorai.011G101700.1.D	791	685.505	18	1.04147
Gorai.011G101800.1.A	1868	1762.5	0	0
Gorai.011G101800.1.D	1868	1762.5	0	0
Gorai.011G101900.1.A	1910	1804.5	645.967	14.1983
Gorai.011G101900.1.D	1910	1804.5	718.033	15.7823
Gorai.011G102000.1.A	735	629.505	33.3913	2.10387
Gorai.011G102000.1.D	735	629.505	14.6087	0.920444
Gorai.011G102100.1.A	1372	1266.5	74	2.31745
Gorai.011G102100.1.D	1372	1266.5	54	1.69111
Gorai.011G102200.1.A	887	781.505	0	0
Gorai.011G102200.1.D	887	781.505	1	0.050752
Gorai.011G102300.1.A	1587	1481.5	260.576	6.97615
Gorai.011G102300.1.D	1587	1481.5	338.424	9.06031
Gorai.011G102400.1.A	1867	1761.5	4.28571	0.0964993
Gorai.011G102400.1.D	1867	1761.5	5.71429	0.128666
Gorai.011G102500.1.A	1091	985.505	195.288	7.85964
Gorai.011G102500.1.D	1091	985.505	213.712	8.60111
Gorai.011G102600.1.A	2371	2265.5	902.257	15.7961
Gorai.011G102600.1.D	2371	2265.5	1639.74	28.7075
Gorai.011G102700.1.A	1696	1590.5	17.647	0.440069
Gorai.011G102700.1.D	1696	1590.5	2.04662	0.0510372
Gorai.011G102800.1.A	1526	1420.5	1.3936	0.0389118
Gorai.011G102800.1.D	1526	1420.5	1.3936	0.0389118
Gorai.011G102900.1.A	332	226.63	0	0
Gorai.011G102900.1.D	332	226.63	0	0
Gorai.011G103000.1.A	1309	1203.5	2.51918	0.0830225
Gorai.011G103000.1.D	1309	1203.5	0	0
Gorai.011G103100.1.A	1127	1021.5	0	0
Gorai.011G103100.1.D	1127	1021.5	4	0.155312
Gorai.011G103200.1.A	1039	933.505	65.4106	2.77918
Gorai.011G103200.1.D	1039	933.505	259.558	11.0282
Gorai.011G103300.1.A	1992	1886.5	5	0.105123
Gorai.011G103300.1.D	1992	1886.5	0	0
Gorai.011G103400.1.A	624	518.505	1.03444	0.0791296
Gorai.011G103400.1.D	624	518.505	1.03444	0.0791296
Gorai.011G103500.1.A	246	141.071	0	0
Gorai.011G103500.1.D	246	141.071	0	0
Gorai.011G103600.1.A	255	149.978	0	0
Gorai.011G103600.1.D	255	149.978	0	0
Gorai.011G103700.1.A	581	475.551	0	0
Gorai.011G103700.1.D	581	475.551	0	0
Gorai.011G103800.1.A	2093	1987.5	0	0
Gorai.011G103800.1.D	2093	1987.5	0	0
Gorai.011G103900.1.A	1482	1376.5	912.167	26.2834
Gorai.011G103900.1.D	1482	1376.5	27.8331	0.80199
Gorai.011G104000.1.A	1402	1296.5	2.54545	0.0778711
Gorai.011G104000.1.D	1402	1296.5	11.4545	0.35042
Gorai.011G104100.1.A	553	447.551	6.40347	0.567489
Gorai.011G104100.1.D	553	447.551	6.40347	0.567489
Gorai.011G104200.1.A	1685	1579.5	101.37	2.54551
Gorai.011G104200.1.D	1685	1579.5	59.6296	1.49736
Gorai.011G104300.1.A	673	567.505	6.6	0.461274
Gorai.011G104300.1.D	673	567.505	4.4	0.307516
Gorai.011G104400.1.A	1587	1481.5	141.075	3.77687
Gorai.011G104400.1.D	1587	1481.5	67.925	1.81849
Gorai.011G104500.1.A	958	852.505	1	0.0465252
Gorai.011G104500.1.D	958	852.505	1	0.0465252
Gorai.011G104600.1.A	1672	1566.5	0	0
Gorai.011G104600.1.D	1672	1566.5	4	0.101278
Gorai.011G104700.1.A	2927	2821.5	30.6111	0.430312
Gorai.011G104700.1.D	2927	2821.5	64.3889	0.905139
Gorai.011G104800.1.A	906	800.505	29.4662	1.45997
Gorai.011G104800.1.D	906	800.505	29.4662	1.45997
Gorai.011G104900.1.A	2239	2133.5	22.1667	0.41209
Gorai.011G104900.1.D	2239	2133.5	33.8333	0.628979
Gorai.011G105000.1.A	1217	1111.5	1	0.035684
Gorai.011G105000.1.D	1217	1111.5	0	0
Gorai.011G105100.1.A	1208	1102.5	12	0.431704
Gorai.011G105100.1.D	1208	1102.5	3	0.107926
Gorai.011G105200.1.A	1209	1103.5	17.5138	0.629494
Gorai.011G105200.1.D	1209	1103.5	17.5138	0.629494
Gorai.011G105300.1.A	1719	1613.5	2	0.0491637
Gorai.011G105300.1.D	1719	1613.5	1	0.0245819
Gorai.011G105400.1.A	1507	1401.5	399.625	11.3095
Gorai.011G105400.1.D	1507	1401.5	32.3747	0.916213
Gorai.011G105500.1.A	1098	992.505	764.767	30.562
Gorai.011G105500.1.D	1098	992.505	1186.23	47.4048
Gorai.011G105600.1.A	1215	1109.5	0	0
Gorai.011G105600.1.D	1215	1109.5	0	0
Gorai.011G105700.1.A	1670	1564.5	10.6383	0.2697
Gorai.011G105700.1.D	1670	1564.5	39.3617	0.997888
Gorai.011G105800.1.A	1155	1049.5	35.0543	1.32477
Gorai.011G105800.1.D	1155	1049.5	97.9457	3.70157
Gorai.011G105900.1.A	1130	1024.5	27.1556	1.05131
Gorai.011G105900.1.D	1130	1024.5	19.8444	0.768263
Gorai.011G106000.1.A	1382	1276.5	0	0
Gorai.011G106000.1.D	1382	1276.5	0	0
Gorai.011G106100.1.A	3334	3228.5	47.7522	0.586647
Gorai.011G106100.1.D	3334	3228.5	94.2478	1.15786
Gorai.011G106200.1.A	2165	2059.5	210.502	4.05395
Gorai.011G106200.1.D	2165	2059.5	374.498	7.21226
Gorai.011G106300.1.A	243	138.135	0	0
Gorai.011G106300.1.D	243	138.135	0	0
Gorai.011G106400.1.A	631	525.505	18.5	1.3963
Gorai.011G106400.1.D	631	525.505	18.5	1.3963
Gorai.011G106500.1.A	1250	1144.5	48.7312	1.68878
Gorai.011G106500.1.D	1250	1144.5	157.269	5.45017
Gorai.011G106600.1.A	1914	1808.5	105.157	2.30624
Gorai.011G106600.1.D	1914	1808.5	85.8427	1.88265
Gorai.011G106700.1.A	1493	1387.5	88.2759	2.52344
Gorai.011G106700.1.D	1493	1387.5	39.7241	1.13555
Gorai.011G106800.1.A	582	476.551	0	0
Gorai.011G106800.1.D	582	476.551	0	0
Gorai.011G106900.1.A	1033	927.505	0	0
Gorai.011G106900.1.D	1033	927.505	0	0
Gorai.011G107000.1.A	2264	2158.5	137.175	2.52061
Gorai.011G107000.1.D	2264	2158.5	160.825	2.9552
Gorai.011G107100.1.A	949	843.505	8.09239	0.380517
Gorai.011G107100.1.D	949	843.505	8.09239	0.380517
Gorai.011G107200.1.A	1237	1131.5	4.77975	0.167546
Gorai.011G107200.1.D	1237	1131.5	28.8624	1.01172
Gorai.011G107300.1.A	956	850.505	5	0.233173
Gorai.011G107300.1.D	956	850.505	0	0
Gorai.011G107400.1.A	1920	1814.5	40.8	0.89184
Gorai.011G107400.1.D	1920	1814.5	27.2	0.59456
Gorai.011G107500.1.A	1520	1414.5	830.097	23.2761
Gorai.011G107500.1.D	1520	1414.5	1184.33	33.2088
Gorai.011G107600.1.A	740	634.505	0	0
Gorai.011G107600.1.D	740	634.505	1	0.0625101
Gorai.011G107700.1.A	672	566.505	5.82909	0.408114
Gorai.011G107700.1.D	672	566.505	0	0
Gorai.011G107800.1.A	1556	1450.5	50.806	1.38925
Gorai.011G107800.1.D	1556	1450.5	23.194	0.634223
Gorai.011G107900.1.A	1427	1321.5	12.7586	0.38293
Gorai.011G107900.1.D	1427	1321.5	24.2414	0.727568
Gorai.011G108000.1.A	3728	3622.5	13.9171	0.152378
Gorai.011G108000.1.D	3728	3622.5	288.083	3.15423
Gorai.011G108100.1.A	1455	1349.5	412.317	12.1183
Gorai.011G108100.1.D	1455	1349.5	1571.68	46.1929
Gorai.011G108200.1.A	1116	1010.5	84.7019	3.3246
Gorai.011G108200.1.D	1116	1010.5	277.298	10.8841
Gorai.011G108300.1.A	2345	2239.5	4.28571	0.0759025
Gorai.011G108300.1.D	2345	2239.5	5.71429	0.101203
Gorai.011G108400.1.A	2380	2274.5	18	0.313885
Gorai.011G108400.1.D	2380	2274.5	7	0.122066
Gorai.011G108500.1.A	1295	1189.5	179.247	5.97683
Gorai.011G108500.1.D	1295	1189.5	96.7528	3.22613
Gorai.011G108600.1.A	840	734.505	0	0
Gorai.011G108600.1.D	840	734.505	0	0
Gorai.011G108700.1.A	1422	1316.5	0	0
Gorai.011G108700.1.D	1422	1316.5	0	0
Gorai.011G108800.1.A	646	540.505	1	0.0733813
Gorai.011G108800.1.D	646	540.505	0	0
Gorai.011G108900.1.A	1616	1510.5	93.8158	2.46342
Gorai.011G108900.1.D	1616	1510.5	136.184	3.57593
Gorai.011G109000.1.A	1812	1706.5	769.29	17.88
Gorai.011G109000.1.D	1812	1706.5	1336.71	31.0681
Gorai.011G109100.1.A	1861	1755.5	117.326	2.65081
Gorai.011G109100.1.D	1861	1755.5	37.6736	0.851178
Gorai.011G109200.1.A	1193	1087.5	28.3624	1.03442
Gorai.011G109200.1.D	1193	1087.5	200.638	7.31756
Gorai.011G109300.1.A	2040	1934.5	0	0
Gorai.011G109300.1.D	2040	1934.5	4	0.0820116
Gorai.011G109400.1.A	3619	3513.5	46.1905	0.521431
Gorai.011G109400.1.D	3619	3513.5	50.8095	0.573574
Gorai.011G109500.1.A	2210	2104.5	25.4222	0.479125
Gorai.011G109500.1.D	2210	2104.5	26.5778	0.500903
Gorai.011G109600.1.A	2910	2804.5	2	0.0282852
Gorai.011G109600.1.D	2910	2804.5	0	0
Gorai.011G109700.1.A	1601	1495.5	108.22	2.87014
Gorai.011G109700.1.D	1601	1495.5	65.7805	1.74459
Gorai.011G109800.1.A	720	614.505	0	0
Gorai.011G109800.1.D	720	614.505	0	0
Gorai.011G109900.1.A	848	742.505	0	0
Gorai.011G109900.1.D	848	742.505	0	0
Gorai.011G110000.1.A	956	850.505	524.501	24.4599
Gorai.011G110000.1.D	956	850.505	424.499	19.7963
Gorai.011G110100.1.A	990	884.505	10.2878	0.461327
Gorai.011G110100.1.D	990	884.505	10.2878	0.461327
Gorai.011G110200.1.A	1533	1427.5	107.968	2.99987
Gorai.011G110200.1.D	1533	1427.5	163.032	4.52981
Gorai.011G110300.1.A	1386	1280.5	303.679	9.40629
Gorai.011G110300.1.D	1386	1280.5	151.321	4.68709
Gorai.011G110400.1.A	1964	1858.5	0	0
Gorai.011G110400.1.D	1964	1858.5	0	0
Gorai.011G110500.1.A	1508	1402.5	189.081	5.34722
Gorai.011G110500.1.D	1508	1402.5	180.919	5.11641
Gorai.011G110600.1.A	767	661.505	16	0.959339
Gorai.011G110600.1.D	767	661.505	20	1.19917
Gorai.011G110700.1.A	955	849.505	5	0.233447
Gorai.011G110700.1.D	955	849.505	1	0.0466895
Gorai.011G110800.1.A	1900	1794.5	18.5	0.408895
Gorai.011G110800.1.D	1900	1794.5	18.5	0.408895
Gorai.011G110900.1.A	1217	1111.5	0	0
Gorai.011G110900.1.D	1217	1111.5	2	0.071368
Gorai.011G111000.1.A	5680	5574.5	349.395	2.48597
Gorai.011G111000.1.D	5680	5574.5	479.605	3.41242
Gorai.011G111100.1.A	1214	1108.5	893.825	31.9816
Gorai.011G111100.1.D	1214	1108.5	1272.17	45.5191
Gorai.011G111200.1.A	579	473.551	0	0
Gorai.011G111200.1.D	579	473.551	0	0
Gorai.011G111300.1.A	314	208.649	0	0
Gorai.011G111300.1.D	314	208.649	0	0
Gorai.011G111400.1.A	954	848.505	0	0
Gorai.011G111400.1.D	954	848.505	0	0
Gorai.011G111500.1.A	1852	1746.5	480.242	10.9062
Gorai.011G111500.1.D	1852	1746.5	785.758	17.8445
Gorai.011G111600.1.A	1099	993.505	0	0
Gorai.011G111600.1.D	1099	993.505	0	0
Gorai.011G111700.1.A	1014	908.505	196.913	8.5967
Gorai.011G111700.1.D	1014	908.505	152.087	6.63973
Gorai.011G111800.1.A	4750	4644.5	404.31	3.45271
Gorai.011G111800.1.D	4750	4644.5	458.69	3.9171
Gorai.011G111900.1.A	2266	2160.5	112.596	2.06705
Gorai.011G111900.1.D	2266	2160.5	83.4043	1.53115
Gorai.011G112000.1.A	2105	1999.5	1544.5	30.6373
Gorai.011G112000.1.D	2105	1999.5	569.499	11.2968
Gorai.011G112100.1.A	255	149.978	0	0
Gorai.011G112100.1.D	255	149.978	0	0
Gorai.011G112200.1.A	2072	1966.5	75.7113	1.52704
Gorai.011G112200.1.D	2072	1966.5	26.2887	0.530223
Gorai.011G112300.1.A	869	763.505	0	0
Gorai.011G112300.1.D	869	763.505	0	0
Gorai.011G112400.1.A	1462	1356.5	2177.08	63.6558
Gorai.011G112400.1.D	1462	1356.5	1609.92	47.0726
Gorai.011G112500.1.A	2381	2275.5	14.5263	0.253199
Gorai.011G112500.1.D	2381	2275.5	31.4737	0.548599
Gorai.011G112600.1.A	1296	1190.5	4.63698	0.154486
Gorai.011G112600.1.D	1296	1190.5	4.63698	0.154486
Gorai.011G112700.1.A	820	714.505	0	0
Gorai.011G112700.1.D	820	714.505	0	0
Gorai.011G112800.1.A	2419	2313.5	2	0.0342882
Gorai.011G112800.1.D	2419	2313.5	19	0.325738
Gorai.011G112900.1.A	2318	2212.5	0	0
Gorai.011G112900.1.D	2318	2212.5	3	0.0537801
Gorai.011G113000.1.A	1753	1647.5	19.76	0.475713
Gorai.011G113000.1.D	1753	1647.5	6.24	0.150225
Gorai.011G113100.1.A	1526	1420.5	206.974	5.77906
Gorai.011G113100.1.D	1526	1420.5	398.026	11.1136
Gorai.011G113200.1.A	1288	1182.5	108.163	3.62795
Gorai.011G113200.1.D	1288	1182.5	50.8367	1.70514
Gorai.011G113300.1.A	549	443.551	612.238	54.7471
Gorai.011G113300.1.D	549	443.551	72.7618	6.50645
Gorai.011G113400.1.A	1903	1797.5	106.014	2.33927
Gorai.011G113400.1.D	1903	1797.5	47.9855	1.05883
Gorai.011G113500.1.A	1425	1319.5	2.5	0.0751474
Gorai.011G113500.1.D	1425	1319.5	2.5	0.0751474
Gorai.011G113600.1.A	1173	1067.5	4.09307	0.152077
Gorai.011G113600.1.D	1173	1067.5	4.09307	0.152077
Gorai.011G113700.1.A	1034	928.505	1.375	0.0587359
Gorai.011G113700.1.D	1034	928.505	9.625	0.411151
Gorai.011G113800.1.A	1026	920.505	294.143	12.6741
Gorai.011G113800.1.D	1026	920.505	378.329	16.3015
Gorai.011G113900.1.A	1521	1415.5	132	3.69869
Gorai.011G113900.1.D	1521	1415.5	132	3.69869
Gorai.011G114000.1.A	613	507.551	12	0.937748
Gorai.011G114000.1.D	613	507.551	0	0
Gorai.011G114100.1.A	999	893.505	302.085	13.4096
Gorai.011G114100.1.D	999	893.505	154.915	6.87673
Gorai.011G114200.1.A	857	751.505	12	0.633336
Gorai.011G114200.1.D	857	751.505	1	0.052778
Gorai.011G114300.1.A	941	835.505	194.744	9.24484
Gorai.011G114300.1.D	941	835.505	295.256	14.0164
Gorai.011G114400.1.A	1713	1607.5	0	0
Gorai.011G114400.1.D	1713	1607.5	0	0
Gorai.011G114500.1.A	1982	1876.5	1	0.0211366
Gorai.011G114500.1.D	1982	1876.5	0	0
Gorai.011G114600.1.A	1671	1565.5	0	0
Gorai.011G114600.1.D	1671	1565.5	0	0
Gorai.011G114700.1.A	2139	2033.5	8.49573	0.165707
Gorai.011G114700.1.D	2139	2033.5	133.504	2.60396
Gorai.011G114800.1.A	1257	1151.5	87	2.99667
Gorai.011G114800.1.D	1257	1151.5	87	2.99667
Gorai.011G114900.1.A	970	864.505	1.1	0.0504673
Gorai.011G114900.1.D	970	864.505	9.9	0.454206
Gorai.011G115000.1.A	1199	1093.5	20.1322	0.730222
Gorai.011G115000.1.D	1199	1093.5	1798.87	65.2474
Gorai.011G115100.1.A	375	269.583	0	0
Gorai.011G115100.1.D	375	269.583	2	0.294254
Gorai.011G115200.1.A	561	455.551	3	0.261197
Gorai.011G115200.1.D	561	455.551	0	0
Gorai.011G115300.1.A	612	506.551	1	0.0782999
Gorai.011G115300.1.D	612	506.551	4	0.3132
Gorai.011G115400.1.A	450	344.583	36	4.14375
Gorai.011G115400.1.D	450	344.583	0	0
Gorai.011G115500.1.A	552	446.551	0	0
Gorai.011G115500.1.D	552	446.551	0	0
Gorai.011G115600.1.A	657	551.505	0	0
Gorai.011G115600.1.D	657	551.505	4	0.287671
Gorai.011G115700.1.A	1597	1491.5	2	0.0531851
Gorai.011G115700.1.D	1597	1491.5	26	0.691407
Gorai.011G115800.1.A	1119	1013.5	0	0
Gorai.011G115800.1.D	1119	1013.5	0	0
Gorai.011G115900.1.A	2990	2884.5	15	0.206255
Gorai.011G115900.1.D	2990	2884.5	47	0.646266
Gorai.011G116000.1.A	1135	1029.5	12.6316	0.486647
Gorai.011G116000.1.D	1135	1029.5	7.36842	0.283878
Gorai.011G116100.1.A	855	749.505	3.42857	0.181436
Gorai.011G116100.1.D	855	749.505	4.57143	0.241915
Gorai.011G116200.1.A	837	731.505	61.5728	3.33854
Gorai.011G116200.1.D	837	731.505	61.5728	3.33854
Gorai.011G116300.1.A	570	464.551	0	0
Gorai.011G116300.1.D	570	464.551	0	0
Gorai.011G116400.1.A	2262	2156.5	67.3469	1.23866
Gorai.011G116400.1.D	2262	2156.5	97.6531	1.79606
Gorai.011G116500.1.A	1803	1697.5	4	0.0934618
Gorai.011G116500.1.D	1803	1697.5	0	0
Gorai.011G116600.1.A	2661	2555.5	796.914	12.3686
Gorai.011G116600.1.D	2661	2555.5	209.086	3.24513
Gorai.011G116700.1.A	869	763.505	1.2	0.0623382
Gorai.011G116700.1.D	869	763.505	4.8	0.249353
Gorai.011G116800.1.A	1787	1681.5	356.305	8.40444
Gorai.011G116800.1.D	1787	1681.5	654.695	15.4428
Gorai.011G116900.1.A	1011	905.505	1.31963	0.0578023
Gorai.011G116900.1.D	1011	905.505	2116.68	92.7149
Gorai.011G117000.1.A	2150	2044.5	2105.7	40.8502
Gorai.011G117000.1.D	2150	2044.5	3402.3	66.0038
Gorai.011G117100.1.A	622	516.505	13	0.998284
Gorai.011G117100.1.D	622	516.505	22	1.6894
Gorai.011G117200.1.A	2270	2164.5	247.846	4.5416
Gorai.011G117200.1.D	2270	2164.5	289.154	5.29853
Gorai.011G117300.1.A	1210	1104.5	2.10366	0.0755427
Gorai.011G117300.1.D	1210	1104.5	64.745	2.325
Gorai.011G117400.1.A	1828	1722.5	216.518	4.9856
Gorai.011G117400.1.D	1828	1722.5	454.482	10.4651
Gorai.011G117500.1.A	1614	1508.5	0.5	0.0131464
Gorai.011G117500.1.D	1614	1508.5	0.5	0.0131464
Gorai.011G117600.1.A	2704	2598.5	500.107	7.63351
Gorai.011G117600.1.D	2704	2598.5	531.893	8.11869
Gorai.011G117700.1.A	2457	2351.5	11.7772	0.198646
Gorai.011G117700.1.D	2457	2351.5	185.223	3.12416
Gorai.011G117800.1.A	1308	1202.5	0	0
Gorai.011G117800.1.D	1308	1202.5	39.4048	1.29971
Gorai.011G117900.1.A	2723	2617.5	984.925	14.9245
Gorai.011G117900.1.D	2723	2617.5	990.075	15.0026
Gorai.011G118000.1.A	751	645.505	2	0.12289
Gorai.011G118000.1.D	751	645.505	1	0.0614449
Gorai.011G118100.1.A	2676	2570.5	19.2468	0.296978
Gorai.011G118100.1.D	2676	2570.5	58.7532	0.906564
Gorai.011G118200.1.A	1882	1776.5	2060.01	45.9927
Gorai.011G118200.1.D	1882	1776.5	670.885	14.9785
Gorai.011G118300.1.A	979	873.505	0	0
Gorai.011G118300.1.D	979	873.505	30.6262	1.39064
Gorai.011G118400.1.A	1148	1042.5	39.5493	1.50469
Gorai.011G118400.1.D	1148	1042.5	38.4507	1.46289
Gorai.011G118500.1.A	647	541.505	1.21509	0.0890004
Gorai.011G118500.1.D	647	541.505	1.21509	0.0890004
Gorai.011G118600.1.A	533	427.551	4.81381	0.446566
Gorai.011G118600.1.D	533	427.551	4.81381	0.446566
Gorai.011G118700.1.A	525	419.551	0	0
Gorai.011G118700.1.D	525	419.551	0	0
Gorai.011G118800.1.A	4346	4240.5	52.7984	0.493843
Gorai.011G118800.1.D	4346	4240.5	86.2016	0.806274
Gorai.011G118900.1.A	3670	3564.5	11.7854	0.131138
Gorai.011G118900.1.D	3670	3564.5	153.24	1.70513
Gorai.011G119000.1.A	1964	1858.5	105.984	2.26183
Gorai.011G119000.1.D	1964	1858.5	126.846	2.70707
Gorai.011G119100.1.A	2332	2226.5	29.6981	0.529042
Gorai.011G119100.1.D	2332	2226.5	1.4718	0.0262186
Gorai.011G119200.1.A	522	416.551	13.8125	1.31519
Gorai.011G119200.1.D	522	416.551	3.1875	0.303506
Gorai.011G119300.1.A	1760	1654.5	0	0
Gorai.011G119300.1.D	1760	1654.5	2	0.0479454
Gorai.011G119400.1.A	397	291.583	1.58323	0.215361
Gorai.011G119400.1.D	397	291.583	1.58323	0.215361
Gorai.011G119500.1.A	519	413.551	0	0
Gorai.011G119500.1.D	519	413.551	0	0
Gorai.011G119600.1.A	1239	1133.5	781.508	27.3461
Gorai.011G119600.1.D	1239	1133.5	253.492	8.87005
Gorai.011G119700.1.A	490	384.551	0.553011	0.057038
Gorai.011G119700.1.D	490	384.551	0.553011	0.057038
Gorai.011G119800.1.A	1031	925.505	0	0
Gorai.011G119800.1.D	1031	925.505	3	0.128566
Gorai.011G119900.1.A	6577	6471.5	70.3788	0.431341
Gorai.011G119900.1.D	6577	6471.5	171.855	1.05328
Gorai.011G120000.1.A	813	707.505	0	0
Gorai.011G120000.1.D	813	707.505	0	0
Gorai.011G120100.1.A	341	235.63	4.52104	0.761013
Gorai.011G120100.1.D	341	235.63	4.52104	0.761013
Gorai.011G120200.1.A	777	671.505	2.05444	0.121347
Gorai.011G120200.1.D	777	671.505	4.24791	0.250906
Gorai.011G120300.1.A	6033	5927.5	122.909	0.822426
Gorai.011G120300.1.D	6033	5927.5	14.8571	0.0994141
Gorai.011G120400.1.A	499	393.551	1.11339	0.112209
Gorai.011G120400.1.D	499	393.551	1.11339	0.112209
Gorai.011G120500.1.A	599	493.551	0	0
Gorai.011G120500.1.D	599	493.551	0	0
Gorai.011G120600.1.A	1157	1051.5	0	0
Gorai.011G120600.1.D	1157	1051.5	0	0
Gorai.011G120700.1.A	447	341.583	0	0
Gorai.011G120700.1.D	447	341.583	6	0.69669
Gorai.011G120800.1.A	1098	992.505	267.692	10.6976
Gorai.011G120800.1.D	1098	992.505	312.308	12.4806
Gorai.011G120900.1.A	2979	2873.5	101.025	1.39445
Gorai.011G120900.1.D	2979	2873.5	291.975	4.03012
Gorai.011G121000.1.A	2268	2162.5	244.721	4.48847
Gorai.011G121000.1.D	2268	2162.5	493.277	9.04729
Gorai.011G121100.1.A	2727	2621.5	977.36	14.7873
Gorai.011G121100.1.D	2727	2621.5	1170.29	17.7063
Gorai.011G121200.1.A	370	264.583	0	0
Gorai.011G121200.1.D	370	264.583	0	0
Gorai.011G121300.1.A	3211	3105.5	15.4286	0.197051
Gorai.011G121300.1.D	3211	3105.5	56.5714	0.72252
Gorai.011G121400.1.A	777	671.505	3	0.177197
Gorai.011G121400.1.D	777	671.505	8	0.472526
Gorai.011G121500.1.A	725	619.505	0	0
Gorai.011G121500.1.D	725	619.505	0	0
Gorai.011G121600.1.A	1122	1016.5	0	0
Gorai.011G121600.1.D	1122	1016.5	0	0
Gorai.011G121700.1.A	2351	2245.5	23.1875	0.409567
Gorai.011G121700.1.D	2351	2245.5	29.8125	0.526586
Gorai.011G121800.1.A	1632	1526.5	0	0
Gorai.011G121800.1.D	1632	1526.5	0	0
Gorai.011G121900.1.A	1335	1229.5	103.11	3.32627
Gorai.011G121900.1.D	1335	1229.5	744.372	24.0129
Gorai.011G122000.1.A	532	426.551	7.5	0.697389
Gorai.011G122000.1.D	532	426.551	7.5	0.697389
Gorai.011G122100.1.A	1708	1602.5	534.974	13.2409
Gorai.011G122100.1.D	1708	1602.5	378.026	9.35636
Gorai.011G122200.1.A	2405	2299.5	81.1031	1.3989
Gorai.011G122200.1.D	2405	2299.5	3	0.0517454
Gorai.011G122300.1.A	1899	1793.5	0	0
Gorai.011G122300.1.D	1899	1793.5	0	0
Gorai.011G122400.1.A	1813	1707.5	663.76	15.4182
Gorai.011G122400.1.D	1813	1707.5	394.24	9.15764
Gorai.011G122500.1.A	1377	1271.5	716.185	22.3405
Gorai.011G122500.1.D	1377	1271.5	648.779	20.2378
Gorai.011G122600.1.A	1306	1200.5	0	0
Gorai.011G122600.1.D	1306	1200.5	0	0
Gorai.011G122700.1.A	938	832.505	28	1.334
Gorai.011G122700.1.D	938	832.505	0	0
Gorai.011G122800.1.A	1797	1691.5	187.139	4.3881
Gorai.011G122800.1.D	1797	1691.5	64.8608	1.52088
Gorai.011G122900.1.A	384	278.583	27.4589	3.90942
Gorai.011G122900.1.D	384	278.583	27.4589	3.90942
Gorai.011G123000.1.A	1911	1805.5	5	0.109839
Gorai.011G123000.1.D	1911	1805.5	0	0
Gorai.011G123100.1.A	1651	1545.5	202.842	5.20562
Gorai.011G123100.1.D	1651	1545.5	276.158	7.08716
Gorai.011G123200.1.A	1956	1850.5	13.1429	0.281698
Gorai.011G123200.1.D	1956	1850.5	55.8571	1.19722
Gorai.011G123300.1.A	1251	1145.5	1	0.0346249
Gorai.011G123300.1.D	1251	1145.5	0	0
Gorai.011G123400.1.A	810	704.505	208.529	11.74
Gorai.011G123400.1.D	810	704.505	99.4708	5.60011
Gorai.011G123500.1.A	641	535.505	16.3478	1.21083
Gorai.011G123500.1.D	641	535.505	30.6522	2.2703
Gorai.011G123600.1.A	1188	1082.5	0	0
Gorai.011G123600.1.D	1188	1082.5	15.2206	0.557683
Gorai.011G123700.1.A	522	416.551	1.11111	0.105797
Gorai.011G123700.1.D	522	416.551	8.88889	0.846377
Gorai.011G123800.1.A	623	517.505	599.427	45.9417
Gorai.011G123800.1.D	623	517.505	220.573	16.9053
Gorai.011G123900.1.A	1932	1826.5	0	0
Gorai.011G123900.1.D	1932	1826.5	1	0.0217152
Gorai.011G124000.1.A	1499	1393.5	62.5424	1.78013
Gorai.011G124000.1.D	1499	1393.5	101.458	2.88776
Gorai.011G124100.1.A	1947	1841.5	156.734	3.37579
Gorai.011G124100.1.D	1947	1841.5	256.266	5.51954
Gorai.011G124200.1.A	1684	1578.5	4.72727	0.118782
Gorai.011G124200.1.D	1684	1578.5	8.27273	0.207868
Gorai.011G124300.1.A	1132	1026.5	68	2.62744
Gorai.011G124300.1.D	1132	1026.5	0	0
Gorai.011G124400.1.A	3328	3222.5	856.723	10.5446
Gorai.011G124400.1.D	3328	3222.5	926.277	11.4007
Gorai.011G124500.1.A	2123	2017.5	130.787	2.57119
Gorai.011G124500.1.D	2123	2017.5	63.2135	1.24274
Gorai.011G124600.1.A	951	845.505	2	0.0938208
Gorai.011G124600.1.D	951	845.505	5	0.234552
Gorai.011G124700.1.A	2022	1916.5	21	0.434605
Gorai.011G124700.1.D	2022	1916.5	21	0.434605
Gorai.011G124800.1.A	2094	1988.5	27.8182	0.554865
Gorai.011G124800.1.D	2094	1988.5	6.18182	0.123303
Gorai.011G124900.1.A	3545	3439.5	169.851	1.95866
Gorai.011G124900.1.D	3545	3439.5	300.149	3.46119
Gorai.011G125000.1.A	985	879.505	708.849	31.9669
Gorai.011G125000.1.D	985	879.505	917.151	41.3607
Gorai.011G125100.1.A	947	841.505	2023.49	95.3739
Gorai.011G125100.1.D	947	841.505	2033.51	95.8461
Gorai.011G125200.1.A	2605	2499.5	5822.41	92.3918
Gorai.011G125200.1.D	2605	2499.5	6309.59	100.123
Gorai.011G125300.1.A	840	734.505	378.103	20.4174
Gorai.011G125300.1.D	840	734.505	167.105	9.02361
Gorai.011G125400.1.A	1357	1251.5	1.15873	0.0367227
Gorai.011G125400.1.D	1357	1251.5	71.8413	2.27681
Gorai.011G125500.1.A	3197	3091.5	40	0.513186
Gorai.011G125500.1.D	3197	3091.5	0	0
Gorai.011G125600.1.A	2583	2477.5	2161.71	34.6073
Gorai.011G125600.1.D	2583	2477.5	1329.29	21.2809
Gorai.011G125700.1.A	1677	1571.5	264.184	6.6677
Gorai.011G125700.1.D	1677	1571.5	309.816	7.81939
Gorai.011G125800.1.A	976	870.505	374.138	17.0469
Gorai.011G125800.1.D	976	870.505	1705.65	77.715
Gorai.011G125900.1.A	1927	1821.5	173.577	3.77962
Gorai.011G125900.1.D	1927	1821.5	165.423	3.60205
Gorai.011G126000.1.A	1876	1770.5	1771.57	39.6868
Gorai.011G126000.1.D	1876	1770.5	881.432	19.7459
Gorai.011G126100.1.A	2905	2799.5	209.226	2.96428
Gorai.011G126100.1.D	2905	2799.5	273.774	3.87879
Gorai.011G126200.1.A	1254	1148.5	1	0.0345344
Gorai.011G126200.1.D	1254	1148.5	0	0
Gorai.011G126300.1.A	1202	1096.5	558.991	20.2199
Gorai.011G126300.1.D	1202	1096.5	160.009	5.78786
Gorai.011G126400.1.A	654	548.505	0	0
Gorai.011G126400.1.D	654	548.505	0	0
Gorai.011G126500.1.A	880	774.505	0	0
Gorai.011G126500.1.D	880	774.505	0	0
Gorai.011G126600.1.A	1754	1648.5	0	0
Gorai.011G126600.1.D	1754	1648.5	34.129	0.821141
Gorai.011G126700.1.A	2327	2221.5	1175.56	20.9885
Gorai.011G126700.1.D	2327	2221.5	288.441	5.14986
Gorai.011G126800.1.A	2804	2698.5	573.218	8.42523
Gorai.011G126800.1.D	2804	2698.5	2505.78	36.8303
Gorai.011G126900.1.A	1310	1204.5	10.2857	0.338697
Gorai.011G126900.1.D	1310	1204.5	34.7143	1.1431
Gorai.011G127000.1.A	3571	3465.5	57.1739	0.654359
Gorai.011G127000.1.D	3571	3465.5	205.826	2.35569
Gorai.011G127100.1.A	2163	2057.5	518.555	9.99629
Gorai.011G127100.1.D	2163	2057.5	543.445	10.4761
Gorai.011G127200.1.A	849	743.505	0	0
Gorai.011G127200.1.D	849	743.505	0	0
Gorai.011G127300.1.A	527	421.551	0	0
Gorai.011G127300.1.D	527	421.551	5	0.47044
Gorai.011G127400.1.A	1252	1146.5	22.386	0.774435
Gorai.011G127400.1.D	1252	1146.5	35.614	1.23206
Gorai.011G127500.1.A	3388	3282.5	744.977	9.00166
Gorai.011G127500.1.D	3388	3282.5	465.898	5.62951
Gorai.011G127600.1.A	2153	2047.5	101.23	1.96096
Gorai.011G127600.1.D	2153	2047.5	125.77	2.43634
Gorai.011G127700.1.A	1121	1015.5	2.33333	0.0911339
Gorai.011G127700.1.D	1121	1015.5	4.66667	0.182268
Gorai.011G127800.1.A	2449	2343.5	13	0.22002
Gorai.011G127800.1.D	2449	2343.5	27	0.456965
Gorai.011G127900.1.A	394	288.583	8.14262	1.11912
Gorai.011G127900.1.D	394	288.583	1.13435	0.155906
Gorai.011G128000.1.A	870	764.505	21.2292	1.10138
Gorai.011G128000.1.D	870	764.505	21.2292	1.10138
Gorai.011G128100.1.A	768	662.505	150475	9008.68
Gorai.011G128100.1.D	768	662.505	141193	8452.96
Gorai.011G128200.1.A	684	578.505	522.531	35.8254
Gorai.011G128200.1.D	684	578.505	134.942	9.25175
Gorai.011G128300.1.A	1055	949.505	0	0
Gorai.011G128300.1.D	1055	949.505	47	1.9633
Gorai.011G128400.1.A	908	802.505	2.00001	0.0988485
Gorai.011G128400.1.D	908	802.505	0	0
Gorai.011G128500.1.A	1324	1218.5	58254.2	1896.2
Gorai.011G128500.1.D	1324	1218.5	105557	3435.93
Gorai.011G128600.1.A	1401	1295.5	0	0
Gorai.011G128600.1.D	1401	1295.5	0	0
Gorai.011G128700.1.A	1430	1324.5	1506.53	45.1137
Gorai.011G128700.1.D	1430	1324.5	1087.47	32.5649
Gorai.011G128800.1.A	1022	916.505	1.5	0.0649145
Gorai.011G128800.1.D	1022	916.505	1.5	0.0649145
Gorai.011G128900.1.A	3154	3048.5	2280.68	29.673
Gorai.011G128900.1.D	3154	3048.5	346.325	4.5059
Gorai.011G129000.1.A	1591	1485.5	350.865	9.36809
Gorai.011G129000.1.D	1591	1485.5	299.135	7.9869
Gorai.011G129100.1.A	1242	1136.5	19.3448	0.675116
Gorai.011G129100.1.D	1242	1136.5	13.6552	0.476553
Gorai.011G129200.1.A	2548	2442.5	1365.65	22.1763
Gorai.011G129200.1.D	2548	2442.5	1485.35	24.1201
Gorai.011G129300.1.A	1874	1768.5	39.7674	0.89188
Gorai.011G129300.1.D	1874	1768.5	5.23256	0.117353
Gorai.011G129400.1.A	1083	977.505	1010.31	40.9941
Gorai.011G129400.1.D	1083	977.505	538.689	21.8577
Gorai.011G129500.1.A	1025	919.505	4	0.17254
Gorai.011G129500.1.D	1025	919.505	0	0
Gorai.011G129600.1.A	1971	1865.5	3	0.0637837
Gorai.011G129600.1.D	1971	1865.5	0	0
Gorai.011G129700.1.A	1919	1813.5	0	0
Gorai.011G129700.1.D	1919	1813.5	0	0
Gorai.011G129800.1.A	1049	943.505	0	0
Gorai.011G129800.1.D	1049	943.505	1	0.0420379
Gorai.011G129900.1.A	1408	1302.5	96.5967	2.94149
Gorai.011G129900.1.D	1408	1302.5	89.4033	2.72245
Gorai.011G130000.1.A	1006	900.505	19	0.83686
Gorai.011G130000.1.D	1006	900.505	0	0
Gorai.011G130100.1.A	1893	1787.5	143.564	3.18553
Gorai.011G130100.1.D	1893	1787.5	304.436	6.75514
Gorai.011G130200.1.A	2064	1958.5	64.6677	1.30963
Gorai.011G130200.1.D	2064	1958.5	270.332	5.47467
Gorai.011G130300.1.A	5060	4954.5	617.654	4.94459
Gorai.011G130300.1.D	5060	4954.5	736.346	5.89476
Gorai.011G130400.1.A	1752	1646.5	0	0
Gorai.011G130400.1.D	1752	1646.5	0	0
Gorai.011G130500.1.A	814	708.505	0	0
Gorai.011G130500.1.D	814	708.505	0	0
Gorai.011G130600.1.A	798	692.505	170	9.73669
Gorai.011G130600.1.D	798	692.505	0	0
Gorai.011G130700.1.A	3456	3350.5	11.6331	0.137711
Gorai.011G130700.1.D	3456	3350.5	282.367	3.34263
Gorai.011G130800.1.A	973	867.505	0	0
Gorai.011G130800.1.D	973	867.505	0	0
Gorai.011G130900.1.A	1183	1077.5	0	0
Gorai.011G130900.1.D	1183	1077.5	0	0
Gorai.011G131000.1.A	2182	2076.5	37.1772	0.710115
Gorai.011G131000.1.D	2182	2076.5	51.8228	0.989858
Gorai.011G131100.1.A	2868	2762.5	166.628	2.39238
Gorai.011G131100.1.D	2868	2762.5	801.542	11.5082
Gorai.011G131200.1.A	1738	1632.5	0	0
Gorai.011G131200.1.D	1738	1632.5	0	0
Gorai.011G131300.1.A	1269	1163.5	0	0
Gorai.011G131300.1.D	1269	1163.5	0	0
Gorai.011G131400.1.A	1246	1140.5	76.8884	2.67392
Gorai.011G131400.1.D	1246	1140.5	5.29767	0.184235
Gorai.011G131500.1.A	1334	1228.5	0	0
Gorai.011G131500.1.D	1334	1228.5	0	0
Gorai.011G131600.1.A	1165	1059.5	0	0
Gorai.011G131600.1.D	1165	1059.5	2	0.0748707
Gorai.011G131700.1.A	346	240.63	1.25611	0.207044
Gorai.011G131700.1.D	346	240.63	1.25611	0.207044
Gorai.011G131800.1.A	1155	1049.5	0	0
Gorai.011G131800.1.D	1155	1049.5	0	0
Gorai.011G131900.1.A	1002	896.505	11.6202	0.5141
Gorai.011G131900.1.D	1002	896.505	11.6202	0.5141
Gorai.011G132000.1.A	798	692.505	0.5	0.0286373
Gorai.011G132000.1.D	798	692.505	0.5	0.0286373
Gorai.011G132100.1.A	1656	1550.5	0	0
Gorai.011G132100.1.D	1656	1550.5	0	0
Gorai.011G132200.1.A	834	728.505	0.5	0.0272222
Gorai.011G132200.1.D	834	728.505	0.5	0.0272222
Gorai.011G132300.1.A	717	611.505	0	0
Gorai.011G132300.1.D	717	611.505	0	0
Gorai.011G132400.1.A	255	149.978	0	0
Gorai.011G132400.1.D	255	149.978	0	0
Gorai.011G132500.1.A	3189	3083.5	54.0897	0.695752
Gorai.011G132500.1.D	3189	3083.5	213.549	2.74687
Gorai.011G132600.1.A	3851	3745.5	9.08987	0.096257
Gorai.011G132600.1.D	3851	3745.5	4.27109	0.0452286
Gorai.011G132700.1.A	1740	1634.5	98.3158	2.38573
Gorai.011G132700.1.D	1740	1634.5	113.954	2.76522
Gorai.011G132800.1.A	1761	1655.5	2	0.0479164
Gorai.011G132800.1.D	1761	1655.5	19.7299	0.472694
Gorai.011G132900.1.A	1561	1455.5	77.6471	2.11591
Gorai.011G132900.1.D	1561	1455.5	186.353	5.07817
Gorai.011G133000.1.A	447	341.583	0	0
Gorai.011G133000.1.D	447	341.583	7	0.812805
Gorai.011G133100.1.A	1363	1257.5	5	0.157705
Gorai.011G133100.1.D	1363	1257.5	5	0.157705
Gorai.011G133200.1.A	2240	2134.5	1744.58	32.4175
Gorai.011G133200.1.D	2240	2134.5	1503.42	27.9362
Gorai.011G133300.1.A	3921	3815.5	27.1807	0.282549
Gorai.011G133300.1.D	3921	3815.5	66.8193	0.6946
Gorai.011G133400.1.A	2304	2198.5	0	0
Gorai.011G133400.1.D	2304	2198.5	0	0
Gorai.011G133500.1.A	1995	1889.5	79.2857	1.6643
Gorai.011G133500.1.D	1995	1889.5	68.7143	1.44239
Gorai.011G133600.1.A	712	606.505	1	0.0653959
Gorai.011G133600.1.D	712	606.505	0	0
Gorai.011G133700.1.A	1504	1398.5	648.6	18.3949
Gorai.011G133700.1.D	1504	1398.5	723.4	20.5163
Gorai.011G133800.1.A	1285	1179.5	245.987	8.27174
Gorai.011G133800.1.D	1285	1179.5	146.013	4.90996
Gorai.011G133900.1.A	2822	2716.5	59.5238	0.869091
Gorai.011G133900.1.D	2822	2716.5	40.4762	0.590982
Gorai.011G134000.1.A	2661	2555.5	614.662	9.53992
Gorai.011G134000.1.D	2661	2555.5	755.338	11.7233
Gorai.011G134100.1.A	327	221.63	5	0.8948
Gorai.011G134100.1.D	327	221.63	0	0
Gorai.011G134200.1.A	976	870.505	75.4333	3.43698
Gorai.011G134200.1.D	976	870.505	75.4333	3.43698
Gorai.011G134300.1.A	1625	1519.5	259.797	6.78136
Gorai.011G134300.1.D	1625	1519.5	125.203	3.26812
Gorai.011G134400.1.A	1096	990.505	26.5306	1.06237
Gorai.011G134400.1.D	1096	990.505	25.4694	1.01987
Gorai.011G134500.1.A	1133	1027.5	14.7778	0.57044
Gorai.011G134500.1.D	1133	1027.5	4.22222	0.162983
Gorai.011G134600.1.A	321	215.63	0.5	0.0919699
Gorai.011G134600.1.D	321	215.63	0.5	0.0919699
Gorai.011G134700.1.A	579	473.551	466.669	39.0865
Gorai.011G134700.1.D	579	473.551	169.331	14.1826
Gorai.011G134800.1.A	1787	1681.5	269.512	6.35719
Gorai.011G134800.1.D	1787	1681.5	835.488	19.7073
Gorai.011G134900.1.A	513	407.551	0	0
Gorai.011G134900.1.D	513	407.551	0.573425	0.0558058
Gorai.011G135000.1.A	519	413.551	0	0
Gorai.011G135000.1.D	519	413.551	0	0
Gorai.011G135100.1.A	1498	1392.5	6	0.170899
Gorai.011G135100.1.D	1498	1392.5	0	0
Gorai.011G135200.1.A	1379	1273.5	121	3.76851
Gorai.011G135200.1.D	1379	1273.5	0	0
Gorai.011G135300.1.A	2198	2092.5	2839.83	53.8284
Gorai.011G135300.1.D	2198	2092.5	2532.17	47.9966
Gorai.011G135400.1.A	1044	938.505	2.5	0.105655
Gorai.011G135400.1.D	1044	938.505	2.5	0.105655
Gorai.011G135500.1.A	2055	1949.5	12	0.244142
Gorai.011G135500.1.D	2055	1949.5	10	0.203451
Gorai.011G135600.1.A	2376	2270.5	67.86	1.18543
Gorai.011G135600.1.D	2376	2270.5	166.14	2.90226
Gorai.011G135700.1.A	1479	1373.5	169.412	4.89213
Gorai.011G135700.1.D	1479	1373.5	118.588	3.42449
Gorai.011G135800.1.A	468	362.551	5	0.546998
Gorai.011G135800.1.D	468	362.551	5	0.546998
Gorai.011G135900.1.A	1774	1668.5	16.5	0.392231
Gorai.011G135900.1.D	1774	1668.5	16.5	0.392231
Gorai.011G136000.1.A	414	308.583	0	0
Gorai.011G136000.1.D	414	308.583	0	0
Gorai.011G136100.1.A	1778	1672.5	0	0
Gorai.011G136100.1.D	1778	1672.5	0	0
Gorai.011G136200.1.A	901	795.505	0	0
Gorai.011G136200.1.D	901	795.505	0	0
Gorai.011G136300.1.A	987	881.505	0	0
Gorai.011G136300.1.D	987	881.505	15	0.674919
Gorai.011G136400.1.A	1256	1150.5	111.887	3.85725
Gorai.011G136400.1.D	1256	1150.5	43.1126	1.48628
Gorai.011G136500.1.A	1109	1003.5	0	0
Gorai.011G136500.1.D	1109	1003.5	7	0.276671
Gorai.011G136600.1.A	1652	1546.5	4	0.102587
Gorai.011G136600.1.D	1652	1546.5	0	0
Gorai.011G136700.1.A	639	533.505	81	6.02188
Gorai.011G136700.1.D	639	533.505	63	4.68368
Gorai.011G136800.1.A	1187	1081.5	912.917	33.4802
Gorai.011G136800.1.D	1187	1081.5	1249.25	45.815
Gorai.011G136900.1.A	2360	2254.5	581.945	10.238
Gorai.011G136900.1.D	2360	2254.5	408.787	7.19168
Gorai.011G137000.1.A	375	269.583	1.05241	0.154838
Gorai.011G137000.1.D	375	269.583	1.05241	0.154838
Gorai.011G137100.1.A	192	88.8177	0	0
Gorai.011G137100.1.D	192	88.8177	24	10.7176
Gorai.011G137200.1.A	1072	966.505	37.6415	1.54471
Gorai.011G137200.1.D	1072	966.505	19.3585	0.794424
Gorai.011G137300.1.A	747	641.505	18	1.1129
Gorai.011G137300.1.D	747	641.505	0	0
Gorai.011G137400.1.A	6722	6616.5	300.184	1.79947
Gorai.011G137400.1.D	6722	6616.5	370.816	2.22287
Gorai.011G137500.1.A	1005	899.505	0	0
Gorai.011G137500.1.D	1005	899.505	2	0.0881884
Gorai.011G137600.1.A	772	666.505	0	0
Gorai.011G137600.1.D	772	666.505	0	0
Gorai.011G137700.1.A	545	439.551	0	0
Gorai.011G137700.1.D	545	439.551	0	0
Gorai.011G137800.1.A	1927	1821.5	133.138	2.89905
Gorai.011G137800.1.D	1927	1821.5	163.862	3.56807
Gorai.011G137900.1.A	1189	1083.5	26.3333	0.963962
Gorai.011G137900.1.D	1189	1083.5	52.6667	1.92792
Gorai.011G138000.1.A	3363	3257.5	14.7368	0.179434
Gorai.011G138000.1.D	3363	3257.5	5.26316	0.0640835
Gorai.011G138100.1.A	3315	3209.5	0.5	0.00617898
Gorai.011G138100.1.D	3315	3209.5	0.5	0.00617898
Gorai.011G138200.1.A	2970	2864.5	0	0
Gorai.011G138200.1.D	2970	2864.5	1	0.0138464
Gorai.011G138300.1.A	1197	1091.5	0	0
Gorai.011G138300.1.D	1197	1091.5	0	0
Gorai.011G138400.1.A	2190	2084.5	0	0
Gorai.011G138400.1.D	2190	2084.5	0	0
Gorai.011G138500.1.A	1474	1368.5	2	0.0579654
Gorai.011G138500.1.D	1474	1368.5	0	0
Gorai.011G138600.1.A	2137	2031.5	393.231	7.67741
Gorai.011G138600.1.D	2137	2031.5	391.769	7.64887
Gorai.011G138700.1.A	3733	3627.5	204.484	2.23582
Gorai.011G138700.1.D	3733	3627.5	270.516	2.9578
Gorai.011G138800.1.A	2740	2634.5	110.014	1.65628
Gorai.011G138800.1.D	2740	2634.5	67.9861	1.02354
Gorai.011G138900.1.A	1537	1431.5	44.6523	1.23719
Gorai.011G138900.1.D	1537	1431.5	128.111	3.54958
Gorai.011G139000.1.A	2091	1985.5	1.18182	0.0236083
Gorai.011G139000.1.D	2091	1985.5	11.8182	0.236083
Gorai.011G139100.1.A	3222	3116.5	1336.94	17.0148
Gorai.011G139100.1.D	3222	3116.5	1206.06	15.3493
Gorai.011G139200.1.A	3307	3201.5	98.5731	1.22121
Gorai.011G139200.1.D	3307	3201.5	97.4269	1.20701
Gorai.011G139300.1.A	2364	2258.5	66.3267	1.1648
Gorai.011G139300.1.D	2364	2258.5	626.673	11.0054
Gorai.011G139400.1.A	1967	1861.5	78.1474	1.66508
Gorai.011G139400.1.D	1967	1861.5	88.8526	1.89317
Gorai.011G139500.1.A	2169	2063.5	27	0.518971
Gorai.011G139500.1.D	2169	2063.5	10	0.192212
Gorai.011G139600.1.A	1460	1354.5	2186.83	64.0353
Gorai.011G139600.1.D	1460	1354.5	1143.1	33.4727
Gorai.011G139700.1.A	3171	3065.5	24.3294	0.314785
Gorai.011G139700.1.D	3171	3065.5	69.6706	0.901431
Gorai.011G139800.1.A	2013	1907.5	356.24	7.40733
Gorai.011G139800.1.D	2013	1907.5	169.76	3.52985
Gorai.011G139900.1.A	872	766.505	8.5	0.439834
Gorai.011G139900.1.D	872	766.505	8.5	0.439834
Gorai.011G140000.1.A	1676	1570.5	355.924	8.98882
Gorai.011G140000.1.D	1676	1570.5	462.076	11.6697
Gorai.011G140100.1.A	1962	1856.5	0	0
Gorai.011G140100.1.D	1962	1856.5	0	0
Gorai.011G140200.1.A	547	441.551	5	0.449132
Gorai.011G140200.1.D	547	441.551	5	0.449132
Gorai.011G140300.1.A	2128	2022.5	0	0
Gorai.011G140300.1.D	2128	2022.5	0	0
Gorai.011G140400.1.A	2031	1925.5	53.5742	1.10356
Gorai.011G140400.1.D	2031	1925.5	48.5249	0.999551
Gorai.011G140500.1.A	589	483.551	2.31283	0.189708
Gorai.011G140500.1.D	589	483.551	2.31283	0.189708
Gorai.011G140600.1.A	593	487.551	43.8587	3.56796
Gorai.011G140600.1.D	593	487.551	211.516	17.2071
Gorai.011G140700.1.A	2734	2628.5	119.44	1.80229
Gorai.011G140700.1.D	2734	2628.5	165.56	2.49823
Gorai.011G140800.1.A	1392	1286.5	294.816	9.08919
Gorai.011G140800.1.D	1392	1286.5	204.184	6.29498
Gorai.011G140900.1.A	294	188.687	0	0
Gorai.011G140900.1.D	294	188.687	0	0
Gorai.011G141000.1.A	303	197.687	0	0
Gorai.011G141000.1.D	303	197.687	0	0
Gorai.011G141100.1.A	2305	2199.5	254.335	4.58635
Gorai.011G141100.1.D	2305	2199.5	600.665	10.8316
Gorai.011G141200.1.A	402	296.583	8	1.06986
Gorai.011G141200.1.D	402	296.583	0	0
Gorai.011G141300.1.A	1079	973.505	0	0
Gorai.011G141300.1.D	1079	973.505	0	0
Gorai.011G141400.1.A	1089	983.505	0	0
Gorai.011G141400.1.D	1089	983.505	1	0.0403282
Gorai.011G141500.1.A	1567	1461.5	110.087	2.98759
Gorai.011G141500.1.D	1567	1461.5	100.913	2.73862
Gorai.011G141600.1.A	1457	1351.5	1001.22	29.383
Gorai.011G141600.1.D	1457	1351.5	2178.78	63.9412
Gorai.011G141700.1.A	796	690.505	5	0.287203
Gorai.011G141700.1.D	796	690.505	3	0.172322
Gorai.011G141800.1.A	1169	1063.5	0	0
Gorai.011G141800.1.D	1169	1063.5	39.1195	1.45894
Gorai.011G141900.1.A	732	626.505	0	0
Gorai.011G141900.1.D	732	626.505	79.8805	5.0571
Gorai.011G142000.1.A	1011	905.505	53.04	2.32326
Gorai.011G142000.1.D	1011	905.505	48.96	2.14455
Gorai.011G142100.1.A	2178	2072.5	18	0.344478
Gorai.011G142100.1.D	2178	2072.5	25	0.478442
Gorai.011G142200.1.A	651	545.505	1587.97	115.459
Gorai.011G142200.1.D	651	545.505	994.034	72.2749
Gorai.011G142300.1.A	2588	2482.5	66.5628	1.06347
Gorai.011G142300.1.D	2588	2482.5	429.437	6.86111
Gorai.011G142400.1.A	2926	2820.5	11.4521	0.161043
Gorai.011G142400.1.D	2926	2820.5	64.5479	0.907696
Gorai.011G142500.1.A	3616	3510.5	630.019	7.11818
Gorai.011G142500.1.D	3616	3510.5	682.981	7.71656
Gorai.011G142600.1.A	3946	3840.5	145.706	1.50479
Gorai.011G142600.1.D	3946	3840.5	106.294	1.09775
Gorai.011G142700.1.A	2487	2381.5	65	1.08255
Gorai.011G142700.1.D	2487	2381.5	29	0.482983
Gorai.011G142800.1.A	1210	1104.5	3.34884	0.120257
Gorai.011G142800.1.D	1210	1104.5	44.6512	1.60343
Gorai.011G142900.1.A	1464	1358.5	27.5	0.802891
Gorai.011G142900.1.D	1464	1358.5	27.5	0.802891
Gorai.011G143000.1.A	1496	1390.5	638.552	18.2141
Gorai.011G143000.1.D	1496	1390.5	725.448	20.6928
Gorai.011G143100.1.A	876	770.505	16.1135	0.829467
Gorai.011G143100.1.D	876	770.505	125.887	6.48021
Gorai.011G143200.1.A	3590	3484.5	642.733	7.31601
Gorai.011G143200.1.D	3590	3484.5	549.225	6.25164
Gorai.011G143300.1.A	1356	1250.5	0	0
Gorai.011G143300.1.D	1356	1250.5	0	0
Gorai.011G143400.1.A	2889	2783.5	12.723	0.181294
Gorai.011G143400.1.D	2889	2783.5	1	0.0142493
Gorai.011G143500.1.A	3072	2966.5	26.277	0.35133
Gorai.011G143500.1.D	3072	2966.5	0	0
Gorai.011G143600.1.A	2484	2378.5	0	0
Gorai.011G143600.1.D	2484	2378.5	0	0
Gorai.011G143700.1.A	2286	2180.5	222.231	4.04234
Gorai.011G143700.1.D	2286	2180.5	84.7687	1.54192
Gorai.011G143800.1.A	1248	1142.5	0	0
Gorai.011G143800.1.D	1248	1142.5	0	0
Gorai.011G143900.1.A	3909	3803.5	1617.74	16.8698
Gorai.011G143900.1.D	3909	3803.5	1688.79	17.6107
Gorai.011G144000.1.A	4053	3947.5	123.667	1.24255
Gorai.011G144000.1.D	4053	3947.5	79.3333	0.797109
Gorai.011G144100.1.A	1072	966.505	26.2853	1.07868
Gorai.011G144100.1.D	1072	966.505	26.2853	1.07868
Gorai.011G144200.1.A	1994	1888.5	297.649	6.25131
Gorai.011G144200.1.D	1994	1888.5	326.351	6.85412
Gorai.011G144300.1.A	1578	1472.5	65.4444	1.76279
Gorai.011G144300.1.D	1578	1472.5	48.5556	1.30788
Gorai.011G144400.1.A	1416	1310.5	145.853	4.4143
Gorai.011G144400.1.D	1416	1310.5	25.1471	0.761086
Gorai.011G144500.1.A	1209	1103.5	612.148	22.0023
Gorai.011G144500.1.D	1209	1103.5	383.852	13.7967
Gorai.011G144600.1.A	1542	1436.5	27.6	0.762056
Gorai.011G144600.1.D	1542	1436.5	18.4	0.508037
Gorai.011G144700.1.A	1380	1274.5	0	0
Gorai.011G144700.1.D	1380	1274.5	0	0
Gorai.011G144800.1.A	913	807.505	64.9091	3.1882
Gorai.011G144800.1.D	913	807.505	139.091	6.83185
Gorai.011G144900.1.A	4113	4007.5	2802.38	27.7357
Gorai.011G144900.1.D	4113	4007.5	1973.62	19.5332
Gorai.011G145000.1.A	1758	1652.5	51.4474	1.23482
Gorai.011G145000.1.D	1758	1652.5	63.5526	1.52537
Gorai.011G145100.1.A	2259	2153.5	16.8	0.30942
Gorai.011G145100.1.D	2259	2153.5	25.2	0.46413
Gorai.011G145200.1.A	1172	1066.5	7	0.260328
Gorai.011G145200.1.D	1172	1066.5	3	0.111569
Gorai.011G145300.1.A	1844	1738.5	38.6552	0.881895
Gorai.011G145300.1.D	1844	1738.5	79.3448	1.8102
Gorai.011G145400.1.A	582	476.551	0.610384	0.0508017
Gorai.011G145400.1.D	582	476.551	0.610384	0.0508017
Gorai.011G145500.1.A	2047	1941.5	350.2	7.15423
Gorai.011G145500.1.D	2047	1941.5	473.8	9.67925
Gorai.011G145600.1.A	2502	2396.5	1522.41	25.1964
Gorai.011G145600.1.D	2502	2396.5	244.591	4.04806
Gorai.011G145700.1.A	2003	1897.5	27.3396	0.571471
Gorai.011G145700.1.D	2003	1897.5	110.66	2.3131
Gorai.011G145800.1.A	2663	2557.5	37.2	0.576914
Gorai.011G145800.1.D	2663	2557.5	55.8	0.865372
Gorai.011G145900.1.A	2366	2260.5	285.18	5.00378
Gorai.011G145900.1.D	2366	2260.5	742.82	13.0336
Gorai.011G146000.1.A	905	799.505	0	0
Gorai.011G146000.1.D	905	799.505	0	0
Gorai.011G146100.1.A	1022	916.505	0	0
Gorai.011G146100.1.D	1022	916.505	5.08654	0.220127
Gorai.011G146200.1.A	2641	2535.5	17.7632	0.277869
Gorai.011G146200.1.D	2641	2535.5	27.2368	0.426066
Gorai.011G146300.1.A	1790	1684.5	90.2222	2.12435
Gorai.011G146300.1.D	1790	1684.5	54.7778	1.28978
Gorai.011G146400.1.A	1560	1454.5	12.7368	0.347321
Gorai.011G146400.1.D	1560	1454.5	9.26316	0.252597
Gorai.011G146500.1.A	282	176.772	7	1.57062
Gorai.011G146500.1.D	282	176.772	0	0
Gorai.011G146600.1.A	1141	1035.5	17	0.651151
Gorai.011G146600.1.D	1141	1035.5	17	0.651151
Gorai.011G146700.1.A	1413	1307.5	91.5152	2.7761
Gorai.011G146700.1.D	1413	1307.5	210.485	6.38502
Gorai.011G146800.1.A	870	764.505	471.842	24.4795
Gorai.011G146800.1.D	870	764.505	582.158	30.2027
Gorai.011G146900.1.A	1713	1607.5	4	0.0986944
Gorai.011G146900.1.D	1713	1607.5	2	0.0493472
Gorai.011G147000.1.A	1867	1761.5	595.561	13.4099
Gorai.011G147000.1.D	1867	1761.5	700.439	15.7714
Gorai.011G147100.1.A	406	300.583	14.5	1.91332
Gorai.011G147100.1.D	406	300.583	14.5	1.91332
Gorai.011G147200.1.A	417	311.583	0	0
Gorai.011G147200.1.D	417	311.583	0	0
Gorai.011G147300.1.A	1334	1228.5	13.4149	0.433107
Gorai.011G147300.1.D	1334	1228.5	83.5851	2.69859
Gorai.011G147400.1.A	1719	1613.5	149.623	3.67802
Gorai.011G147400.1.D	1719	1613.5	82.3768	2.02497
Gorai.011G147500.1.A	1524	1418.5	2.14176	0.0598858
Gorai.011G147500.1.D	1524	1418.5	2.14176	0.0598858
Gorai.011G147600.1.A	4263	4157.5	439.276	4.19073
Gorai.011G147600.1.D	4263	4157.5	568.724	5.42568
Gorai.011G147700.1.A	583	477.551	1.5	0.124582
Gorai.011G147700.1.D	583	477.551	1.5	0.124582
Gorai.011G147800.1.A	1268	1162.5	0	0
Gorai.011G147800.1.D	1268	1162.5	0	0
Gorai.011G147900.1.A	2440	2334.5	77.6946	1.32002
Gorai.011G147900.1.D	2440	2334.5	441.305	7.49772
Gorai.011G148000.1.A	1986	1880.5	173.013	3.64913
Gorai.011G148000.1.D	1986	1880.5	364.987	7.69817
Gorai.011G148100.1.A	1065	959.505	0	0
Gorai.011G148100.1.D	1065	959.505	0	0
Gorai.011G148200.1.A	1008	902.505	0	0
Gorai.011G148200.1.D	1008	902.505	0	0
Gorai.011G148300.1.A	405	299.583	2	0.264788
Gorai.011G148300.1.D	405	299.583	2	0.264788
Gorai.011G148400.1.A	2841	2735.5	0	0
Gorai.011G148400.1.D	2841	2735.5	1	0.0144993
Gorai.011G148500.1.A	672	566.505	0	0
Gorai.011G148500.1.D	672	566.505	0	0
Gorai.011G148600.1.A	753	647.505	0	0
Gorai.011G148600.1.D	753	647.505	0	0
Gorai.011G148700.1.A	954	848.505	0	0
Gorai.011G148700.1.D	954	848.505	3.70054	0.17298
Gorai.011G148800.1.A	1134	1028.5	0	0
Gorai.011G148800.1.D	1134	1028.5	0	0
Gorai.011G148900.1.A	624	518.505	66	5.04866
Gorai.011G148900.1.D	624	518.505	0	0
Gorai.011G149000.1.A	372	266.583	0	0
Gorai.011G149000.1.D	372	266.583	0	0
Gorai.011G149100.1.A	484	378.551	0	0
Gorai.011G149100.1.D	484	378.551	0	0
Gorai.011G149200.1.A	459	353.551	7	0.785291
Gorai.011G149200.1.D	459	353.551	7	0.785291
Gorai.011G149300.1.A	429	323.583	0	0
Gorai.011G149300.1.D	429	323.583	15	1.83861
Gorai.011G149400.1.A	920	814.505	0	0
Gorai.011G149400.1.D	920	814.505	0	0
Gorai.011G149500.1.A	442	336.583	0	0
Gorai.011G149500.1.D	442	336.583	0	0
Gorai.011G149600.1.A	448	342.583	3	0.347328
Gorai.011G149600.1.D	448	342.583	3	0.347328
Gorai.011G149700.1.A	725	619.505	1	0.0640236
Gorai.011G149700.1.D	725	619.505	1	0.0640236
Gorai.011G149800.1.A	333	227.63	0	0
Gorai.011G149800.1.D	333	227.63	0	0
Gorai.011G149900.1.A	2192	2086.5	67.4545	1.28226
Gorai.011G149900.1.D	2192	2086.5	128.545	2.44356
Gorai.011G150000.1.A	1392	1286.5	10.8	0.332964
Gorai.011G150000.1.D	1392	1286.5	1.2	0.036996
Gorai.011G150100.1.A	3113	3007.5	77.4302	1.02115
Gorai.011G150100.1.D	3113	3007.5	120.57	1.59007
Gorai.011G150200.1.A	2213	2107.5	334.851	6.30185
Gorai.011G150200.1.D	2213	2107.5	397.149	7.47429
Gorai.011G150300.1.A	4029	3923.5	86.7883	0.877348
Gorai.011G150300.1.D	4029	3923.5	58.2117	0.588465
Gorai.011G150400.1.A	261	155.894	0	0
Gorai.011G150400.1.D	261	155.894	0	0
Gorai.011G150500.1.A	3560	3454.5	579.209	6.6502
Gorai.011G150500.1.D	3560	3454.5	282.791	3.24686
Gorai.011G150600.1.A	2404	2298.5	371.283	6.40686
Gorai.011G150600.1.D	2404	2298.5	350.717	6.05196
Gorai.011G150700.1.A	3258	3152.5	77.3913	0.973691
Gorai.011G150700.1.D	3258	3152.5	1142.77	14.3777
Gorai.011G150800.1.A	1599	1493.5	4505.17	119.644
Gorai.011G150800.1.D	1599	1493.5	576.831	15.3189
Gorai.011G150900.1.A	3233	3127.5	12.5	0.158525
Gorai.011G150900.1.D	3233	3127.5	12.5	0.158525
Gorai.011G151000.1.A	1329	1223.5	218.613	7.0869
Gorai.011G151000.1.D	1329	1223.5	203.387	6.59328
Gorai.011G151100.1.A	1123	1017.5	0	0
Gorai.011G151100.1.D	1123	1017.5	0	0
Gorai.011G151200.1.A	1881	1775.5	30.5676	0.682848
Gorai.011G151200.1.D	1881	1775.5	8.43243	0.188372
Gorai.011G151300.1.A	1826	1720.5	0	0
Gorai.011G151300.1.D	1826	1720.5	0	0
Gorai.011G151400.1.A	1435	1329.5	19	0.566825
Gorai.011G151400.1.D	1435	1329.5	1	0.0298329
Gorai.011G151500.1.A	2472	2366.5	12	0.201122
Gorai.011G151500.1.D	2472	2366.5	12	0.201122
Gorai.011G151600.1.A	426	320.583	1	0.123721
Gorai.011G151600.1.D	426	320.583	5	0.618606
Gorai.011G151700.1.A	1422	1316.5	15	0.451912
Gorai.011G151700.1.D	1422	1316.5	5	0.150637
Gorai.011G151800.1.A	646	540.505	1	0.0733813
Gorai.011G151800.1.D	646	540.505	0	0
Gorai.011G151900.1.A	4090	3984.5	1627.96	16.2052
Gorai.011G151900.1.D	4090	3984.5	2581.04	25.6924
Gorai.011G152000.1.A	2084	1978.5	212.681	4.26361
Gorai.011G152000.1.D	2084	1978.5	527.319	10.5711
Gorai.011G152100.1.A	1418	1312.5	177.676	5.36923
Gorai.011G152100.1.D	1418	1312.5	126.324	3.81743
Gorai.011G152200.1.A	742	636.505	6	0.373882
Gorai.011G152200.1.D	742	636.505	13	0.810078
Gorai.011G152300.1.A	627	521.505	0	0
Gorai.011G152300.1.D	627	521.505	0	0
Gorai.011G152400.1.A	2007	1901.5	6.36364	0.132737
Gorai.011G152400.1.D	2007	1901.5	28.6364	0.597318
Gorai.011G152500.1.A	2682	2576.5	267.369	4.1159
Gorai.011G152500.1.D	2682	2576.5	1398.63	21.5307
Gorai.011G152600.1.A	1932	1826.5	87.602	1.9023
Gorai.011G152600.1.D	1932	1826.5	114.398	2.48418
Gorai.011G152700.1.A	566	460.551	335.453	28.8894
Gorai.011G152700.1.D	566	460.551	180.547	15.5488
Gorai.011G152800.1.A	2373	2267.5	236.862	4.14316
Gorai.011G152800.1.D	2373	2267.5	229.138	4.00806
Gorai.011G152900.1.A	8341	8235.5	142.783	0.687656
Gorai.011G152900.1.D	8341	8235.5	278.217	1.33992
Gorai.011G153000.1.A	1260	1154.5	4.03753	0.138709
Gorai.011G153000.1.D	1260	1154.5	4.03753	0.138709
Gorai.011G153100.1.A	4754	4648.5	63.814	0.544487
Gorai.011G153100.1.D	4754	4648.5	132.186	1.12787
Gorai.011G153200.1.A	3472	3366.5	275.518	3.24606
Gorai.011G153200.1.D	3472	3366.5	140.482	1.6551
Gorai.011G153300.1.A	900	794.505	93.5862	4.67197
Gorai.011G153300.1.D	900	794.505	83.4138	4.16415
Gorai.011G153400.1.A	2255	2149.5	1826.92	33.7106
Gorai.011G153400.1.D	2255	2149.5	62.0798	1.1455
Gorai.011G153500.1.A	1365	1259.5	181.146	5.70444
Gorai.011G153500.1.D	1365	1259.5	368.854	11.6156
Gorai.011G153600.1.A	279	173.788	0	0
Gorai.011G153600.1.D	279	173.788	0	0
Gorai.011G153700.1.A	569	463.551	0.5	0.0427816
Gorai.011G153700.1.D	569	463.551	0.5	0.0427816
Gorai.011G153800.1.A	1295	1189.5	248.058	8.27126
Gorai.011G153800.1.D	1295	1189.5	41.9421	1.39852
Gorai.011G153900.1.A	1867	1761.5	12038.8	271.073
Gorai.011G153900.1.D	1867	1761.5	6582.16	148.207
Gorai.011G154000.1.A	1884	1778.5	11022.9	245.825
Gorai.011G154000.1.D	1884	1778.5	16114.1	359.365
Gorai.011G154100.1.A	2415	2309.5	1	0.0171738
Gorai.011G154100.1.D	2415	2309.5	0	0
Gorai.011G154200.1.A	927	821.505	13.3623	0.645142
Gorai.011G154200.1.D	927	821.505	13.3623	0.645142
Gorai.011G154300.1.A	1425	1319.5	0	0
Gorai.011G154300.1.D	1425	1319.5	0	0
Gorai.011G154400.1.A	1033	927.505	5.62602	0.240586
Gorai.011G154400.1.D	1033	927.505	5.62602	0.240586
Gorai.011G154500.1.A	582	476.551	0	0
Gorai.011G154500.1.D	582	476.551	0	0
Gorai.011G154600.1.A	866	760.505	117.363	6.12087
Gorai.011G154600.1.D	866	760.505	89.5994	4.67292
Gorai.011G154700.1.A	1771	1665.5	0	0
Gorai.011G154700.1.D	1771	1665.5	0	0
Gorai.011G154800.1.A	477	371.551	95.6231	10.2077
Gorai.011G154800.1.D	477	371.551	0	0
Gorai.011G154900.1.A	499	393.551	72	7.25631
Gorai.011G154900.1.D	499	393.551	0	0
Gorai.011G155000.1.A	1785	1679.5	210.362	4.96787
Gorai.011G155000.1.D	1785	1679.5	191.638	4.5257
Gorai.011G155100.1.A	441	335.583	1.35001	0.159559
Gorai.011G155100.1.D	441	335.583	1.35001	0.159559
Gorai.011G155200.1.A	1401	1295.5	0	0
Gorai.011G155200.1.D	1401	1295.5	3	0.0918475
Gorai.011G155300.1.A	1425	1319.5	0	0
Gorai.011G155300.1.D	1425	1319.5	0	0
Gorai.011G155400.1.A	4042	3936.5	0	0
Gorai.011G155400.1.D	4042	3936.5	8	0.0806054
Gorai.011G155500.1.A	3756	3650.5	1400.25	15.2138
Gorai.011G155500.1.D	3756	3650.5	1405.75	15.2735
Gorai.011G155600.1.A	690	584.505	0	0
Gorai.011G155600.1.D	690	584.505	0	0
Gorai.011G155700.1.A	1691	1585.5	5	0.12508
Gorai.011G155700.1.D	1691	1585.5	0	0
Gorai.011G155800.1.A	2010	1904.5	511.345	10.6492
Gorai.011G155800.1.D	2010	1904.5	543.655	11.3221
Gorai.011G155900.1.A	4073	3967.5	10.7826	0.107793
Gorai.011G155900.1.D	4073	3967.5	20.2174	0.202112
Gorai.011G156000.1.A	972	866.505	4.5	0.205981
Gorai.011G156000.1.D	972	866.505	7.5	0.343301
Gorai.011G156100.1.A	1234	1128.5	376.397	13.229
Gorai.011G156100.1.D	1234	1128.5	377.603	13.2714
Gorai.011G156200.1.A	768	662.505	13.5417	0.810715
Gorai.011G156200.1.D	768	662.505	11.4583	0.685989
Gorai.011G156300.1.A	2229	2123.5	986.726	18.4301
Gorai.011G156300.1.D	2229	2123.5	421.274	7.86857
Gorai.011G156400.1.A	4833	4727.5	257.871	2.16349
Gorai.011G156400.1.D	4833	4727.5	333.129	2.7949
Gorai.011G156500.1.A	918	812.505	7.06981	0.345117
Gorai.011G156500.1.D	918	812.505	7.06981	0.345117
Gorai.011G156600.1.A	2088	1982.5	0	0
Gorai.011G156600.1.D	2088	1982.5	0	0
Gorai.011G156700.1.A	1492	1386.5	268.289	7.6748
Gorai.011G156700.1.D	1492	1386.5	285.711	8.17316
Gorai.011G156800.1.A	1362	1256.5	3	0.0946983
Gorai.011G156800.1.D	1362	1256.5	5	0.15783
Gorai.011G156900.1.A	645	539.505	1.6836	0.123774
Gorai.011G156900.1.D	645	539.505	1.6836	0.123774
Gorai.011G157000.1.A	1399	1293.5	2164.7	66.3766
Gorai.011G157000.1.D	1399	1293.5	3328.3	102.056
Gorai.011G157100.1.A	233	128.404	0	0
Gorai.011G157100.1.D	233	128.404	0	0
Gorai.011G157200.1.A	1707	1601.5	8.5	0.210511
Gorai.011G157200.1.D	1707	1601.5	8.5	0.210511
Gorai.011G157300.1.A	597	491.551	0	0
Gorai.011G157300.1.D	597	491.551	0	0
Gorai.011G157400.1.A	1790	1684.5	0	0
Gorai.011G157400.1.D	1790	1684.5	0	0
Gorai.011G157500.1.A	1413	1307.5	1	0.0303348
Gorai.011G157500.1.D	1413	1307.5	1	0.0303348
Gorai.011G157600.1.A	2343	2237.5	0	0
Gorai.011G157600.1.D	2343	2237.5	7	0.124085
Gorai.011G157700.1.A	231	126.463	0	0
Gorai.011G157700.1.D	231	126.463	0	0
Gorai.011G157800.1.A	1332	1226.5	0	0
Gorai.011G157800.1.D	1332	1226.5	0	0
Gorai.011G157900.1.A	312	206.649	0	0
Gorai.011G157900.1.D	312	206.649	0	0
Gorai.011G158000.1.A	2363	2257.5	55.1032	0.968128
Gorai.011G158000.1.D	2363	2257.5	206.897	3.63505
Gorai.011G158100.1.A	2511	2405.5	10.5882	0.174583
Gorai.011G158100.1.D	2511	2405.5	9.41176	0.155185
Gorai.011G158200.1.A	1015	909.505	1222.04	53.2924
Gorai.011G158200.1.D	1015	909.505	449.96	19.6225
Gorai.011G158300.1.A	2499	2393.5	217.392	3.60242
Gorai.011G158300.1.D	2499	2393.5	373.608	6.19109
Gorai.011G158400.1.A	1280	1174.5	15.0968	0.509817
Gorai.011G158400.1.D	1280	1174.5	20.9032	0.7059
Gorai.011G158500.1.A	1565	1459.5	125.351	3.40649
Gorai.011G158500.1.D	1565	1459.5	56.649	1.53947
Gorai.011G158600.1.A	568	462.551	8.62349	0.739449
Gorai.011G158600.1.D	568	462.551	8.62349	0.739449
Gorai.011G158700.1.A	354	248.63	0	0
Gorai.011G158700.1.D	354	248.63	0	0
Gorai.011G158800.1.A	339	233.63	0	0
Gorai.011G158800.1.D	339	233.63	0	0
Gorai.011G158900.1.A	1806	1700.5	111.657	2.60432
Gorai.011G158900.1.D	1806	1700.5	103.343	2.41038
Gorai.011G159000.1.A	1191	1085.5	752.295	27.4879
Gorai.011G159000.1.D	1191	1085.5	785.705	28.7086
Gorai.011G159100.1.A	1531	1425.5	2.75	0.0765154
Gorai.011G159100.1.D	1531	1425.5	8.25	0.229546
Gorai.011G159200.1.A	1431	1325.5	0	0
Gorai.011G159200.1.D	1431	1325.5	23.6909	0.708899
Gorai.011G159300.1.A	321	215.63	0.617324	0.11355
Gorai.011G159300.1.D	321	215.63	0.617324	0.11355
Gorai.011G159400.1.A	3080	2974.5	61.7119	0.822885
Gorai.011G159400.1.D	3080	2974.5	600.288	8.00442
Gorai.011G159500.1.A	627	521.505	9	0.684493
Gorai.011G159500.1.D	627	521.505	9	0.684493
Gorai.011G159600.1.A	1759	1653.5	350.762	8.41379
Gorai.011G159600.1.D	1759	1653.5	30.2381	0.725327
Gorai.011G159700.1.A	1161	1055.5	0	0
Gorai.011G159700.1.D	1161	1055.5	0	0
Gorai.011G159800.1.A	767	661.505	0	0
Gorai.011G159800.1.D	767	661.505	7	0.419711
Gorai.011G159900.1.A	1193	1087.5	74	2.69889
Gorai.011G159900.1.D	1193	1087.5	23	0.838845
Gorai.011G160000.1.A	1676	1570.5	2987.57	75.4508
Gorai.011G160000.1.D	1676	1570.5	3809.43	96.2068
Gorai.011G160100.1.A	1548	1442.5	14.6957	0.40407
Gorai.011G160100.1.D	1548	1442.5	37.3043	1.02572
Gorai.011G160200.1.A	1881	1775.5	574.946	12.8437
Gorai.011G160200.1.D	1881	1775.5	541.054	12.0866
Gorai.011G160300.1.A	3620	3514.5	109.409	1.23474
Gorai.011G160300.1.D	3620	3514.5	384.591	4.3403
Gorai.011G160400.1.A	252	147.005	0	0
Gorai.011G160400.1.D	252	147.005	0	0
Gorai.011G160500.1.A	2374	2268.5	14.8571	0.259765
Gorai.011G160500.1.D	2374	2268.5	9.14286	0.159855
Gorai.011G160600.1.A	928	822.505	0	0
Gorai.011G160600.1.D	928	822.505	1	0.0482221
Gorai.011G160700.1.A	1323	1217.5	371.378	12.0985
Gorai.011G160700.1.D	1323	1217.5	589.622	19.2083
Gorai.011G160800.1.A	1578	1472.5	105.274	2.83563
Gorai.011G160800.1.D	1578	1472.5	117.726	3.17103
Gorai.011G160900.1.A	1380	1274.5	0	0
Gorai.011G160900.1.D	1380	1274.5	0	0
Gorai.011G161000.1.A	3085	2979.5	78.486	1.0448
Gorai.011G161000.1.D	3085	2979.5	142.514	1.89714
Gorai.011G161100.1.A	978	872.505	2.48707	0.113059
Gorai.011G161100.1.D	978	872.505	125.19	5.69096
Gorai.011G161200.1.A	1637	1531.5	660.774	17.1127
Gorai.011G161200.1.D	1637	1531.5	946.821	24.5208
Gorai.011G161300.1.A	1668	1562.5	986.239	25.0349
Gorai.011G161300.1.D	1668	1562.5	955.166	24.2461
Gorai.011G161400.1.A	1737	1631.5	31.9	0.77551
Gorai.011G161400.1.D	1737	1631.5	1.1	0.0267417
Gorai.011G161500.1.A	348	242.63	0	0
Gorai.011G161500.1.D	348	242.63	0	0
Gorai.011G161600.1.A	3200	3094.5	16.3291	0.209294
Gorai.011G161600.1.D	3200	3094.5	69.6709	0.892987
Gorai.011G161700.1.A	2052	1946.5	2513.27	51.2116
Gorai.011G161700.1.D	2052	1946.5	3294.73	67.1351
Gorai.011G161800.1.A	2061	1955.5	0	0
Gorai.011G161800.1.D	2061	1955.5	14	0.283958
Gorai.011G161900.1.A	2312	2206.5	1797.35	32.3082
Gorai.011G161900.1.D	2312	2206.5	436.781	7.85134
Gorai.011G162000.1.A	582	476.551	0	0
Gorai.011G162000.1.D	582	476.551	0	0
Gorai.011G162100.1.A	3967	3861.5	63.9684	0.657043
Gorai.011G162100.1.D	3967	3861.5	142.032	1.45886
Gorai.011G162200.1.A	1124	1018.5	10.9388	0.425982
Gorai.011G162200.1.D	1124	1018.5	2.5011	0.0973985
Gorai.011G162300.1.A	1035	929.505	0.5	0.0213355
Gorai.011G162300.1.D	1035	929.505	0.5	0.0213355
Gorai.011G162400.1.A	1220	1114.5	17	0.604995
Gorai.011G162400.1.D	1220	1114.5	22	0.782935
Gorai.011G162500.1.A	611	505.551	0	0
Gorai.011G162500.1.D	611	505.551	1.34208	0.105293
Gorai.011G162600.1.A	953	847.505	0	0
Gorai.011G162600.1.D	953	847.505	0	0
Gorai.011G162700.1.A	641	535.505	0	0
Gorai.011G162700.1.D	641	535.505	0	0
Gorai.011G162800.1.A	912	806.505	0	0
Gorai.011G162800.1.D	912	806.505	1	0.0491788
Gorai.011G162900.1.A	1766	1660.5	57.4557	1.37239
Gorai.011G162900.1.D	1766	1660.5	120.544	2.87933
Gorai.011G163000.1.A	1364	1258.5	86.6087	2.72955
Gorai.011G163000.1.D	1364	1258.5	57.3913	1.80874
Gorai.011G163100.1.A	970	864.505	0	0
Gorai.011G163100.1.D	970	864.505	0	0
Gorai.011G163200.1.A	1864	1758.5	4.33333	0.097738
Gorai.011G163200.1.D	1864	1758.5	21.6667	0.48869
Gorai.011G163300.1.A	1167	1061.5	565.651	21.1355
Gorai.011G163300.1.D	1167	1061.5	1566.66	58.5378
Gorai.011G163400.1.A	1062	956.505	1641.11	68.0512
Gorai.011G163400.1.D	1062	956.505	1548.58	64.2144
Gorai.011G163500.1.A	1461	1355.5	0	0
Gorai.011G163500.1.D	1461	1355.5	0	0
Gorai.011G163600.1.A	911	805.505	0	0
Gorai.011G163600.1.D	911	805.505	0	0
Gorai.011G163700.1.A	294	188.687	0	0
Gorai.011G163700.1.D	294	188.687	0	0
Gorai.011G163800.1.A	360	254.63	0	0
Gorai.011G163800.1.D	360	254.63	0	0
Gorai.011G163900.1.A	630	524.505	0	0
Gorai.011G163900.1.D	630	524.505	0	0
Gorai.011G164000.1.A	2893	2787.5	144.5	2.05607
Gorai.011G164000.1.D	2893	2787.5	144.5	2.05607
Gorai.011G164100.1.A	1386	1280.5	15.5556	0.481825
Gorai.011G164100.1.D	1386	1280.5	4.44444	0.137664
Gorai.011G164200.1.A	1293	1187.5	0	0
Gorai.011G164200.1.D	1293	1187.5	0	0
Gorai.011G164300.1.A	3601	3495.5	44	0.499261
Gorai.011G164300.1.D	3601	3495.5	0	0
Gorai.011G164400.1.A	1160	1054.5	199.636	7.50886
Gorai.011G164400.1.D	1160	1054.5	55.3301	2.08112
Gorai.011G164500.1.A	946	840.505	127.5	6.01665
Gorai.011G164500.1.D	946	840.505	127.5	6.01665
Gorai.011G164600.1.A	2065	1959.5	0	0
Gorai.011G164600.1.D	2065	1959.5	4	0.0809652
Gorai.011G164700.1.A	1254	1148.5	2	0.0690688
Gorai.011G164700.1.D	1254	1148.5	2	0.0690688
Gorai.011G164800.1.A	1862	1756.5	251.076	5.66945
Gorai.011G164800.1.D	1862	1756.5	82.9241	1.87248
Gorai.011G164900.1.A	1278	1172.5	1.09164	0.0369275
Gorai.011G164900.1.D	1278	1172.5	0	0
Gorai.011G165000.1.A	665	559.505	102.64	7.27607
Gorai.011G165000.1.D	665	559.505	194.36	13.7781
Gorai.011G165100.1.A	812	706.505	4	0.224559
Gorai.011G165100.1.D	812	706.505	1	0.0561397
Gorai.011G165200.1.A	2081	1975.5	9950.04	199.771
Gorai.011G165200.1.D	2081	1975.5	5005.96	100.506
Gorai.011G165300.1.A	444	338.583	420	49.2004
Gorai.011G165300.1.D	444	338.583	258	30.2231
Gorai.011G165400.1.A	717	611.505	7.7267	0.501163
Gorai.011G165400.1.D	717	611.505	7.7267	0.501163
Gorai.011G165500.1.A	2470	2364.5	1	0.0167743
Gorai.011G165500.1.D	2470	2364.5	2	0.0335486
Gorai.011G165600.1.A	991	885.505	210.854	9.44442
Gorai.011G165600.1.D	991	885.505	169.146	7.57629
Gorai.011G165700.1.A	2523	2417.5	54.6538	0.896682
Gorai.011G165700.1.D	2523	2417.5	32.3462	0.530689
Gorai.011G165800.1.A	2062	1956.5	124.121	2.51623
Gorai.011G165800.1.D	2062	1956.5	3.87879	0.0786321
Gorai.011G165900.1.A	1947	1841.5	67.6056	1.45611
Gorai.011G165900.1.D	1947	1841.5	12.3944	0.266954
Gorai.011G166000.1.A	630	524.505	5.15554	0.389861
Gorai.011G166000.1.D	630	524.505	5.15554	0.389861
Gorai.011G166100.1.A	3819	3713.5	1081.13	11.5473
Gorai.011G166100.1.D	3819	3713.5	609.869	6.51384
Gorai.011G166200.1.A	2273	2167.5	374.597	6.85471
Gorai.011G166200.1.D	2273	2167.5	159.403	2.9169
Gorai.011G166300.1.A	1194	1088.5	567.662	20.6845
Gorai.011G166300.1.D	1194	1088.5	1077.34	39.256
Gorai.011G166400.1.A	4217	4111.5	228.774	2.20694
Gorai.011G166400.1.D	4217	4111.5	262.226	2.52965
Gorai.011G166500.1.A	820	714.505	1.30536	0.0724619
Gorai.011G166500.1.D	820	714.505	0	0
Gorai.011G166600.1.A	3488	3382.5	102.656	1.20373
Gorai.011G166600.1.D	3488	3382.5	99.3443	1.1649
Gorai.011G166700.1.A	481	375.551	5	0.528063
Gorai.011G166700.1.D	481	375.551	2	0.211225
Gorai.011G166800.1.A	1546	1440.5	14.1471	0.389526
Gorai.011G166800.1.D	1546	1440.5	22.8529	0.629234
Gorai.011G166900.1.A	840	734.505	1.6273	0.0878737
Gorai.011G166900.1.D	840	734.505	4.88191	0.263621
Gorai.011G167000.1.A	1279	1173.5	6.35294	0.214721
Gorai.011G167000.1.D	1279	1173.5	11.6471	0.393656
Gorai.011G167100.1.A	339	233.63	0	0
Gorai.011G167100.1.D	339	233.63	0	0
Gorai.011G167200.1.A	2422	2316.5	266.286	4.55931
Gorai.011G167200.1.D	2422	2316.5	85.7143	1.46759
Gorai.011G167300.1.A	1866	1760.5	169.51	3.81894
Gorai.011G167300.1.D	1866	1760.5	220.49	4.96749
Gorai.011G167400.1.A	1300	1194.5	4	0.132818
Gorai.011G167400.1.D	1300	1194.5	0	0
Gorai.011G167500.1.A	1322	1216.5	0	0
Gorai.011G167500.1.D	1322	1216.5	741.921	24.1896
Gorai.011G167600.1.A	2339	2233.5	45.3455	0.805252
Gorai.011G167600.1.D	2339	2233.5	12.6545	0.224721
Gorai.011G167700.1.A	1113	1007.5	0	0
Gorai.011G167700.1.D	1113	1007.5	0	0
Gorai.011G167800.1.A	2340	2234.5	0	0
Gorai.011G167800.1.D	2340	2234.5	2	0.0355004
Gorai.011G167900.1.A	519	413.551	0.5	0.0479541
Gorai.011G167900.1.D	519	413.551	0.5	0.0479541
Gorai.011G168000.1.A	2536	2430.5	206.088	3.36311
Gorai.011G168000.1.D	2536	2430.5	624.912	10.1978
Gorai.011G168100.1.A	3028	2922.5	1	0.0135716
Gorai.011G168100.1.D	3028	2922.5	4	0.0542862
Gorai.011G168200.1.A	2142	2036.5	123	2.39555
Gorai.011G168200.1.D	2142	2036.5	52	1.01275
Gorai.011G168300.1.A	980	874.505	939.545	42.6128
Gorai.011G168300.1.D	980	874.505	615.455	27.9138
Gorai.011G168400.1.A	1196	1090.5	2	0.0727424
Gorai.011G168400.1.D	1196	1090.5	1	0.0363712
Gorai.011G168500.1.A	782	676.505	1.4	0.0820809
Gorai.011G168500.1.D	782	676.505	5.6	0.328324
Gorai.011G168600.1.A	3780	3674.5	24.1754	0.260952
Gorai.011G168600.1.D	3780	3674.5	81.8246	0.883222
Gorai.011G168700.1.A	1064	958.505	89.6552	3.70993
Gorai.011G168700.1.D	1064	958.505	10.3448	0.428069
Gorai.011G168800.1.A	480	374.551	2	0.211789
Gorai.011G168800.1.D	480	374.551	0	0
Gorai.011G168900.1.A	2050	1944.5	213.74	4.35974
Gorai.011G168900.1.D	2050	1944.5	230.26	4.69673
Gorai.011G169000.1.A	5651	5545.5	1459.04	10.4355
Gorai.011G169000.1.D	5651	5545.5	1624.96	11.6221
Gorai.011G169100.1.A	1124	1018.5	123.54	4.81092
Gorai.011G169100.1.D	1124	1018.5	285.46	11.1165
Gorai.011G169200.1.A	450	344.583	124.629	14.3453
Gorai.011G169200.1.D	450	344.583	497.371	57.2495
Gorai.011G169300.1.A	791	685.505	59.0909	3.41897
Gorai.011G169300.1.D	791	685.505	252.909	14.6332
Gorai.011G169400.1.A	754	648.505	47.5862	2.9104
Gorai.011G169400.1.D	754	648.505	102.414	6.26369
Gorai.011G169500.1.A	886	780.505	52.5714	2.67152
Gorai.011G169500.1.D	886	780.505	51.4286	2.61345
Gorai.011G169600.1.A	582	476.551	0	0
Gorai.011G169600.1.D	582	476.551	0	0
Gorai.011G169700.1.A	1971	1865.5	0	0
Gorai.011G169700.1.D	1971	1865.5	1	0.0212612
Gorai.011G169800.1.A	1122	1016.5	0	0
Gorai.011G169800.1.D	1122	1016.5	0	0
Gorai.011G169900.1.A	165	64.5498	0	0
Gorai.011G169900.1.D	165	64.5498	0	0
Gorai.011G170000.1.A	1250	1144.5	126.879	4.39701
Gorai.011G170000.1.D	1250	1144.5	141.121	4.89056
Gorai.011G170100.1.A	1378	1272.5	3	0.0935076
Gorai.011G170100.1.D	1378	1272.5	0	0
Gorai.011G170200.1.A	657	551.505	0	0
Gorai.011G170200.1.D	657	551.505	0	0
Gorai.011G170300.1.A	2049	1943.5	730.422	14.9064
Gorai.011G170300.1.D	2049	1943.5	545.381	11.1301
Gorai.011G170400.1.A	465	359.551	0	0
Gorai.011G170400.1.D	465	359.551	0	0
Gorai.011G170500.1.A	1517	1411.5	177.422	4.9855
Gorai.011G170500.1.D	1517	1411.5	157.578	4.42791
Gorai.011G170600.1.A	3232	3126.5	44.9007	0.569611
Gorai.011G170600.1.D	3232	3126.5	29.2427	0.370974
Gorai.011G170700.1.A	1169	1063.5	0	0
Gorai.011G170700.1.D	1169	1063.5	0	0
Gorai.011G170800.1.A	1756	1650.5	202.464	4.86538
Gorai.011G170800.1.D	1756	1650.5	277.536	6.6694
Gorai.011G170900.1.A	2313	2207.5	4.51683	0.0811553
Gorai.011G170900.1.D	2313	2207.5	4.51683	0.0811553
Gorai.011G171000.1.A	908	802.505	218.732	10.8106
Gorai.011G171000.1.D	908	802.505	665.268	32.8802
Gorai.011G171100.1.A	2578	2472.5	0	0
Gorai.011G171100.1.D	2578	2472.5	0	0
Gorai.011G171200.1.A	1582	1476.5	2432.27	65.3373
Gorai.011G171200.1.D	1582	1476.5	4510.73	121.171
Gorai.011G171300.1.A	381	275.583	8.75761	1.26043
Gorai.011G171300.1.D	381	275.583	88.0948	12.6789
Gorai.011G171400.1.A	1246	1140.5	25	0.869416
Gorai.011G171400.1.D	1246	1140.5	447	15.5452
Gorai.011G171500.1.A	1568	1462.5	1.15778	0.0313989
Gorai.011G171500.1.D	1568	1462.5	1.15778	0.0313989
Gorai.011G171600.1.A	1680	1574.5	0	0
Gorai.011G171600.1.D	1680	1574.5	27	0.68015
Gorai.011G171700.1.A	1442	1336.5	25.5556	0.758403
Gorai.011G171700.1.D	1442	1336.5	4.44444	0.131896
Gorai.011G171800.1.A	842	736.505	2	0.107706
Gorai.011G171800.1.D	842	736.505	2	0.107706
Gorai.011G171900.1.A	3987	3881.5	690.93	7.06023
Gorai.011G171900.1.D	3987	3881.5	738.07	7.54192
Gorai.011G172000.1.A	528	422.551	0	0
Gorai.011G172000.1.D	528	422.551	0	0
Gorai.011G172100.1.A	707	601.505	600.646	39.6063
Gorai.011G172100.1.D	707	601.505	1729.46	114.04
Gorai.011G172200.1.A	1218	1112.5	202.996	7.23719
Gorai.011G172200.1.D	1218	1112.5	299.152	10.6653
Gorai.011G172300.1.A	985	879.505	28.6747	1.29314
Gorai.011G172300.1.D	985	879.505	56.3253	2.5401
Gorai.011G172400.1.A	532	426.551	4.0215	0.37394
Gorai.011G172400.1.D	532	426.551	28.1505	2.61758
Gorai.011G172500.1.A	1307	1201.5	17.382	0.573799
Gorai.011G172500.1.D	1307	1201.5	73.618	2.43021
Gorai.011G172600.1.A	372	266.583	0	0
Gorai.011G172600.1.D	372	266.583	0	0
Gorai.011G172700.1.A	1326	1220.5	0	0
Gorai.011G172700.1.D	1326	1220.5	0	0
Gorai.011G172800.1.A	642	536.505	0	0
Gorai.011G172800.1.D	642	536.505	0	0
Gorai.011G172900.1.A	234	129.404	0	0
Gorai.011G172900.1.D	234	129.404	0	0
Gorai.011G173000.1.A	743	637.505	0	0
Gorai.011G173000.1.D	743	637.505	3	0.186648
Gorai.011G173100.1.A	738	632.505	11	0.689785
Gorai.011G173100.1.D	738	632.505	0	0
Gorai.011G173200.1.A	594	488.551	19.4091	1.57572
Gorai.011G173200.1.D	594	488.551	41.5909	3.37655
Gorai.011G173300.1.A	1025	919.505	3.51155	0.151471
Gorai.011G173300.1.D	1025	919.505	3.51155	0.151471
Gorai.011G173400.1.A	1059	953.505	65.169	2.71083
Gorai.011G173400.1.D	1059	953.505	65.169	2.71083
Gorai.011G173500.1.A	838	732.505	0	0
Gorai.011G173500.1.D	838	732.505	0	0
Gorai.011G173600.1.A	296	190.687	9.5	1.976
Gorai.011G173600.1.D	296	190.687	9.5	1.976
Gorai.011G173700.1.A	1040	934.505	4	0.169771
Gorai.011G173700.1.D	1040	934.505	7	0.297099
Gorai.011G173800.1.A	681	575.505	0	0
Gorai.011G173800.1.D	681	575.505	3.36388	0.231834
Gorai.011G173900.1.A	1119	1013.5	0	0
Gorai.011G173900.1.D	1119	1013.5	0	0
Gorai.011G174000.1.A	300	194.687	0	0
Gorai.011G174000.1.D	300	194.687	0	0
Gorai.011G174100.1.A	499	393.551	2.74581	0.276728
Gorai.011G174100.1.D	499	393.551	2.74581	0.276728
Gorai.011G174200.1.A	1466	1360.5	1968.65	57.3924
Gorai.011G174200.1.D	1466	1360.5	1968.65	57.3924
Gorai.011G174300.1.A	2142	2036.5	17.7917	0.346512
Gorai.011G174300.1.D	2142	2036.5	548.208	10.6769
Gorai.011G174400.1.A	1963	1857.5	0	0
Gorai.011G174400.1.D	1963	1857.5	2	0.0427056
Gorai.011G174500.1.A	970	864.505	0	0
Gorai.011G174500.1.D	970	864.505	0	0
Gorai.011G174600.1.A	1987	1881.5	808.274	17.0388
Gorai.011G174600.1.D	1987	1881.5	1389.73	29.296
Gorai.011G174700.1.A	520	414.551	15.9677	1.52774
Gorai.011G174700.1.D	520	414.551	17.0323	1.62959
Gorai.011G174800.1.A	1451	1345.5	80.9554	2.38641
Gorai.011G174800.1.D	1451	1345.5	126.045	3.71556
Gorai.011G174900.1.A	1474	1368.5	0	0
Gorai.011G174900.1.D	1474	1368.5	1	0.0289827
Gorai.011G175000.1.A	2787	2681.5	687.076	10.1627
Gorai.011G175000.1.D	2787	2681.5	387.924	5.7379
Gorai.011G175100.1.A	2307	2201.5	121.87	2.19565
Gorai.011G175100.1.D	2307	2201.5	154.13	2.77685
Gorai.011G175200.1.A	891	785.505	0	0
Gorai.011G175200.1.D	891	785.505	1	0.0504936
Gorai.011G175300.1.A	2521	2415.5	314.531	5.16465
Gorai.011G175300.1.D	2521	2415.5	458.469	7.52813
Gorai.011G175400.1.A	1149	1043.5	396.383	15.0663
Gorai.011G175400.1.D	1149	1043.5	253.939	9.65207
Gorai.011G175500.1.A	2547	2441.5	447.931	7.27677
Gorai.011G175500.1.D	2547	2441.5	630.069	10.2356
Gorai.011G175600.1.A	786	680.505	0	0
Gorai.011G175600.1.D	786	680.505	0	0
Gorai.011G175700.1.A	985	879.505	0	0
Gorai.011G175700.1.D	985	879.505	0	0
Gorai.011G175800.1.A	362	256.583	2.91401	0.450452
Gorai.011G175800.1.D	362	256.583	2.91401	0.450452
Gorai.011G175900.1.A	1707	1601.5	1.5	0.0371491
Gorai.011G175900.1.D	1707	1601.5	1.5	0.0371491
Gorai.011G176000.1.A	756	650.505	10	0.609726
Gorai.011G176000.1.D	756	650.505	18	1.09751
Gorai.011G176100.1.A	873	767.505	0	0
Gorai.011G176100.1.D	873	767.505	0	0
Gorai.011G176200.1.A	828	722.505	0	0
Gorai.011G176200.1.D	828	722.505	0	0
Gorai.011G176300.1.A	2372	2266.5	0	0
Gorai.011G176300.1.D	2372	2266.5	0	0
Gorai.011G176400.1.A	609	503.551	21	1.6541
Gorai.011G176400.1.D	609	503.551	0	0
Gorai.011G176500.1.A	668	562.505	0	0
Gorai.011G176500.1.D	668	562.505	11.2404	0.792577
Gorai.011G176600.1.A	1218	1112.5	0	0
Gorai.011G176600.1.D	1218	1112.5	0	0
Gorai.011G176700.1.A	1291	1185.5	1	0.0334566
Gorai.011G176700.1.D	1291	1185.5	2	0.0669132
Gorai.011G176800.1.A	1266	1160.5	3	0.102532
Gorai.011G176800.1.D	1266	1160.5	0	0
Gorai.011G176900.1.A	3593	3487.5	61.7544	0.702325
Gorai.011G176900.1.D	3593	3487.5	2.24561	0.0255391
Gorai.011G177000.1.A	623	517.505	0	0
Gorai.011G177000.1.D	623	517.505	0	0
Gorai.011G177100.1.A	2617	2511.5	10915.6	172.384
Gorai.011G177100.1.D	2617	2511.5	1118.44	17.6629
Gorai.011G177200.1.A	2998	2892.5	571.465	7.83611
Gorai.011G177200.1.D	2998	2892.5	465.476	6.38276
Gorai.011G177300.1.A	970	864.505	29.7838	1.36646
Gorai.011G177300.1.D	970	864.505	84.2162	3.86379
Gorai.011G177400.1.A	3633	3527.5	154.19	1.7337
Gorai.011G177400.1.D	3633	3527.5	147.81	1.66196
Gorai.011G177500.1.A	366	260.583	0	0
Gorai.011G177500.1.D	366	260.583	0	0
Gorai.011G177600.1.A	1074	968.505	0	0
Gorai.011G177600.1.D	1074	968.505	0	0
Gorai.011G177700.1.A	3109	3003.5	0	0
Gorai.011G177700.1.D	3109	3003.5	0	0
Gorai.011G177800.1.A	2064	1958.5	17	0.344278
Gorai.011G177800.1.D	2064	1958.5	17	0.344278
Gorai.011G177900.1.A	1411	1305.5	2.5	0.0759533
Gorai.011G177900.1.D	1411	1305.5	2.5	0.0759533
Gorai.011G178000.1.A	510	404.551	1.5	0.147063
Gorai.011G178000.1.D	510	404.551	1.5	0.147063
Gorai.011G178100.1.A	713	607.505	1	0.0652883
Gorai.011G178100.1.D	713	607.505	1	0.0652883
Gorai.011G178200.1.A	1414	1308.5	39.8473	1.20784
Gorai.011G178200.1.D	1414	1308.5	105.153	3.18735
Gorai.011G178300.1.A	1298	1192.5	15.2308	0.506578
Gorai.011G178300.1.D	1298	1192.5	20.7692	0.690789
Gorai.011G178400.1.A	3061	2955.5	19.9268	0.267419
Gorai.011G178400.1.D	3061	2955.5	23.0732	0.309642
Gorai.011G178500.1.A	1094	988.505	1683.73	67.5583
Gorai.011G178500.1.D	1094	988.505	1360.38	54.5843
Gorai.011G178600.1.A	2081	1975.5	4.73423	0.0950508
Gorai.011G178600.1.D	2081	1975.5	7.1497	0.143547
Gorai.011G178700.1.A	1024	918.505	0	0
Gorai.011G178700.1.D	1024	918.505	0	0
Gorai.011G178800.1.A	1115	1009.5	1199.82	47.1403
Gorai.011G178800.1.D	1115	1009.5	1177.18	46.2509
Gorai.011G178900.1.A	594	488.551	1.25	0.101481
Gorai.011G178900.1.D	594	488.551	3.75	0.304443
Gorai.011G179000.1.A	2492	2386.5	85.6065	1.42275
Gorai.011G179000.1.D	2492	2386.5	74.2648	1.23426
Gorai.011G179100.1.A	1635	1529.5	20.6441	0.53534
Gorai.011G179100.1.D	1635	1529.5	39.4847	1.02391
Gorai.011G179200.1.A	2133	2027.5	2	0.0391249
Gorai.011G179200.1.D	2133	2027.5	28	0.547748
Gorai.011G179300.1.A	267	161.849	0	0
Gorai.011G179300.1.D	267	161.849	0	0
Gorai.011G179400.1.A	1092	986.505	0	0
Gorai.011G179400.1.D	1092	986.505	0	0
Gorai.011G179500.1.A	3126	3020.5	0	0
Gorai.011G179500.1.D	3126	3020.5	8	0.10505
Gorai.011G179600.1.A	2254	2148.5	0	0
Gorai.011G179600.1.D	2254	2148.5	0	0
Gorai.011G179700.1.A	1185	1079.5	47.5472	1.74697
Gorai.011G179700.1.D	1185	1079.5	8.45283	0.310572
Gorai.011G179800.1.A	2272	2166.5	48.3721	0.885564
Gorai.011G179800.1.D	2272	2166.5	55.6279	1.0184
Gorai.011G179900.1.A	1128	1022.5	7	0.27153
Gorai.011G179900.1.D	1128	1022.5	1	0.03879
Gorai.011G180000.1.A	240	135.211	2054.4	602.64
Gorai.011G180000.1.D	240	135.211	0	0
Gorai.011G180100.1.A	1501	1395.5	473.942	13.4704
Gorai.011G180100.1.D	1501	1395.5	56.0577	1.59327
Gorai.011G180200.1.A	376	270.583	54.5341	7.99378
Gorai.011G180200.1.D	376	270.583	54.5341	7.99378
Gorai.011G180300.1.A	1285	1179.5	0	0
Gorai.011G180300.1.D	1285	1179.5	0	0
Gorai.011G180400.1.A	1619	1513.5	74	1.93925
Gorai.011G180400.1.D	1619	1513.5	70	1.83442
Gorai.011G180500.1.A	485	379.551	0	0
Gorai.011G180500.1.D	485	379.551	2	0.208999
Gorai.011G180600.1.A	739	633.505	5.59626	0.350375
Gorai.011G180600.1.D	739	633.505	5.59626	0.350375
Gorai.011G180700.1.A	1458	1352.5	4	0.117302
Gorai.011G180700.1.D	1458	1352.5	0	0
Gorai.011G180800.1.A	1951	1845.5	0	0
Gorai.011G180800.1.D	1951	1845.5	0	0
Gorai.011G180900.1.A	2216	2110.5	27.0456	0.50827
Gorai.011G180900.1.D	2216	2110.5	805.037	15.1291
Gorai.011G181000.1.A	2240	2134.5	37.4565	0.69601
Gorai.011G181000.1.D	2240	2134.5	1092.46	20.2999
Gorai.011G181100.1.A	1319	1213.5	568.454	18.5797
Gorai.011G181100.1.D	1319	1213.5	765.546	25.0216
Gorai.011G181200.1.A	1071	965.505	0	0
Gorai.011G181200.1.D	1071	965.505	0	0
Gorai.011G181300.1.A	1563	1457.5	0	0
Gorai.011G181300.1.D	1563	1457.5	0	0
Gorai.011G181400.1.A	1074	968.505	0	0
Gorai.011G181400.1.D	1074	968.505	0	0
Gorai.011G181500.1.A	562	456.551	5.5428	0.481531
Gorai.011G181500.1.D	562	456.551	5.5428	0.481531
Gorai.011G181600.1.A	2925	2819.5	0	0
Gorai.011G181600.1.D	2925	2819.5	0	0
Gorai.011G181700.1.A	503	397.551	36.2637	3.61796
Gorai.011G181700.1.D	503	397.551	63.7363	6.35885
Gorai.011G181800.1.A	3394	3288.5	0	0
Gorai.011G181800.1.D	3394	3288.5	12	0.144733
Gorai.011G181900.1.A	1321	1215.5	367.453	11.9903
Gorai.011G181900.1.D	1321	1215.5	142.547	4.65142
Gorai.011G182000.1.A	1941	1835.5	1	0.0216087
Gorai.011G182000.1.D	1941	1835.5	0	0
Gorai.011G182100.1.A	573	467.551	357.171	30.2993
Gorai.011G182100.1.D	573	467.551	103.829	8.80792
Gorai.011G182200.1.A	1071	965.505	1	0.04108
Gorai.011G182200.1.D	1071	965.505	8	0.32864
Gorai.011G182300.1.A	1216	1110.5	2.3557	0.0841365
Gorai.011G182300.1.D	1216	1110.5	3.53355	0.126205
Gorai.011G182400.1.A	1480	1374.5	584.596	16.8692
Gorai.011G182400.1.D	1480	1374.5	634.404	18.3065
Gorai.011G182500.1.A	282	176.772	0	0
Gorai.011G182500.1.D	282	176.772	0	0
Gorai.011G182600.1.A	1516	1410.5	219.268	6.16573
Gorai.011G182600.1.D	1516	1410.5	455.732	12.8151
Gorai.011G182700.1.A	1579	1473.5	0	0
Gorai.011G182700.1.D	1579	1473.5	1	0.0269174
Gorai.011G182800.1.A	1475	1369.5	212.432	6.15235
Gorai.011G182800.1.D	1475	1369.5	397.568	11.5142
Gorai.011G182900.1.A	918	812.505	449.725	21.9536
Gorai.011G182900.1.D	918	812.505	106.275	5.18789
Gorai.011G183000.1.A	803	697.505	0	0
Gorai.011G183000.1.D	803	697.505	0	0
Gorai.011G183100.1.A	2032	1926.5	19.6459	0.404471
Gorai.011G183100.1.D	2032	1926.5	1102.35	22.6953
Gorai.011G183200.1.A	997	891.505	10.6647	0.474473
Gorai.011G183200.1.D	997	891.505	358.335	15.9423
Gorai.011G183300.1.A	862	756.505	84	4.40405
Gorai.011G183300.1.D	862	756.505	214	11.2199
Gorai.011G183400.1.A	1971	1865.5	305.714	6.49986
Gorai.011G183400.1.D	1971	1865.5	443.286	9.4248
Gorai.011G183500.1.A	1846	1740.5	112.941	2.57372
Gorai.011G183500.1.D	1846	1740.5	79.0588	1.80161
Gorai.011G183600.1.A	736	630.505	0	0
Gorai.011G183600.1.D	736	630.505	0	0
Gorai.011G183700.1.A	1176	1070.5	0	0
Gorai.011G183700.1.D	1176	1070.5	0	0
Gorai.011G183800.1.A	3685	3579.5	240.896	2.66927
Gorai.011G183800.1.D	3685	3579.5	1582.1	17.5306
Gorai.011G183900.1.A	1451	1345.5	193.529	5.70486
Gorai.011G183900.1.D	1451	1345.5	221.471	6.52856
Gorai.011G184000.1.A	903	797.505	325.158	16.1713
Gorai.011G184000.1.D	903	797.505	310.842	15.4594
Gorai.011G184100.1.A	597	491.551	35	2.82413
Gorai.011G184100.1.D	597	491.551	1	0.0806893
Gorai.011G184200.1.A	2619	2513.5	34.8679	0.550214
Gorai.011G184200.1.D	2619	2513.5	21.1321	0.333463
Gorai.011G184300.1.A	1208	1102.5	1	0.0359753
Gorai.011G184300.1.D	1208	1102.5	4	0.143901
Gorai.011G184400.1.A	369	263.583	0	0
Gorai.011G184400.1.D	369	263.583	0	0
Gorai.011G184500.1.A	1218	1112.5	0	0
Gorai.011G184500.1.D	1218	1112.5	0	0
Gorai.011G184600.1.A	1243	1137.5	1	0.0348684
Gorai.011G184600.1.D	1243	1137.5	0	0
Gorai.011G184700.1.A	1206	1100.5	18.9833	0.684172
Gorai.011G184700.1.D	1206	1100.5	48.0167	1.73055
Gorai.011G184800.1.A	4413	4307.5	42.5871	0.392136
Gorai.011G184800.1.D	4413	4307.5	118.413	1.09033
Gorai.011G184900.1.A	3558	3452.5	162.993	1.8725
Gorai.011G184900.1.D	3558	3452.5	174.007	1.99902
Gorai.011G185000.1.A	519	413.551	2	0.191816
Gorai.011G185000.1.D	519	413.551	3	0.287724
Gorai.011G185100.1.A	10329	10223.5	794.847	3.08367
Gorai.011G185100.1.D	10329	10223.5	518.153	2.01022
Gorai.011G185200.1.A	252	147.005	4.12718	1.11354
Gorai.011G185200.1.D	252	147.005	4.12718	1.11354
Gorai.011G185300.1.A	4653	4547.5	17	0.148273
Gorai.011G185300.1.D	4653	4547.5	0	0
Gorai.011G185400.1.A	417	311.583	1	0.127295
Gorai.011G185400.1.D	417	311.583	2	0.25459
Gorai.011G185500.1.A	1447	1341.5	1027.42	30.3766
Gorai.011G185500.1.D	1447	1341.5	41.5835	1.22946
Gorai.011G185600.1.A	1739	1633.5	232.53	5.64604
Gorai.011G185600.1.D	1739	1633.5	53.4696	1.29829
Gorai.011G185700.1.A	2222	2116.5	695.308	13.03
Gorai.011G185700.1.D	2222	2116.5	1105.69	20.7205
Gorai.011G185800.1.A	2406	2300.5	652.5	11.2497
Gorai.011G185800.1.D	2406	2300.5	675.5	11.6463
Gorai.011G185900.1.A	1281	1175.5	310.945	10.4917
Gorai.011G185900.1.D	1281	1175.5	428.055	14.4431
Gorai.011G186000.1.A	259	153.936	0	0
Gorai.011G186000.1.D	259	153.936	0	0
Gorai.011G186100.1.A	1405	1299.5	117.663	3.59125
Gorai.011G186100.1.D	1405	1299.5	139.337	4.2528
Gorai.011G186200.1.A	1687	1581.5	31.0685	0.779174
Gorai.011G186200.1.D	1687	1581.5	49.9315	1.25224
Gorai.011G186300.1.A	946	840.505	4	0.188758
Gorai.011G186300.1.D	946	840.505	16	0.755031
Gorai.011G186400.1.A	502	396.551	0	0
Gorai.011G186400.1.D	502	396.551	21	2.10041
Gorai.011G186500.1.A	360	254.63	0	0
Gorai.011G186500.1.D	360	254.63	3	0.467301
Gorai.011G186600.1.A	1182	1076.5	0	0
Gorai.011G186600.1.D	1182	1076.5	0	0
Gorai.011G186700.1.A	1405	1299.5	633.598	19.3384
Gorai.011G186700.1.D	1405	1299.5	156.402	4.77363
Gorai.011G186800.1.A	636	530.505	0	0
Gorai.011G186800.1.D	636	530.505	0	0
Gorai.011G186900.1.A	1869	1763.5	0	0
Gorai.011G186900.1.D	1869	1763.5	0	0
Gorai.011G187000.1.A	3826	3720.5	955.266	10.1837
Gorai.011G187000.1.D	3826	3720.5	707.734	7.54489
Gorai.011G187100.1.A	2179	2073.5	570.978	10.9219
Gorai.011G187100.1.D	2179	2073.5	582.022	11.1332
Gorai.011G187200.1.A	309	203.687	0	0
Gorai.011G187200.1.D	309	203.687	0	0
Gorai.011G187300.1.A	675	569.505	0	0
Gorai.011G187300.1.D	675	569.505	0	0
Gorai.011G187400.1.A	728	622.505	0	0
Gorai.011G187400.1.D	728	622.505	1	0.0637151
Gorai.011G187500.1.A	3225	3119.5	38.9474	0.495196
Gorai.011G187500.1.D	3225	3119.5	101.053	1.28483
Gorai.011G187600.1.A	2176	2070.5	229.389	4.39422
Gorai.011G187600.1.D	2176	2070.5	238.611	4.57087
Gorai.011G187700.1.A	835	729.505	24.4625	1.33002
Gorai.011G187700.1.D	835	729.505	24.4625	1.33002
Gorai.011G187800.1.A	1287	1181.5	80.2123	2.69271
Gorai.011G187800.1.D	1287	1181.5	316.788	10.6345
Gorai.011G187900.1.A	2001	1895.5	1007.74	21.0866
Gorai.011G187900.1.D	2001	1895.5	955.262	19.9886
Gorai.011G188000.1.A	1759	1653.5	50.1587	1.20317
Gorai.011G188000.1.D	1759	1653.5	28.8413	0.691821
Gorai.011G188100.1.A	2693	2587.5	38.4314	0.589101
Gorai.011G188100.1.D	2693	2587.5	31.5686	0.483904
Gorai.011G188200.1.A	930	824.505	0	0
Gorai.011G188200.1.D	930	824.505	0	0
Gorai.011G188300.1.A	426	320.583	0	0
Gorai.011G188300.1.D	426	320.583	0	0
Gorai.011G188400.1.A	2173	2067.5	123.135	2.36222
Gorai.011G188400.1.D	2173	2067.5	166.865	3.20113
Gorai.011G188500.1.A	1728	1622.5	70.4564	1.72234
Gorai.011G188500.1.D	1728	1622.5	110.544	2.70229
Gorai.011G188600.1.A	2239	2133.5	196.396	3.6511
Gorai.011G188600.1.D	2239	2133.5	151.604	2.81839
Gorai.011G188700.1.A	6029	5923.5	199.865	1.33827
Gorai.011G188700.1.D	6029	5923.5	243.135	1.628
Gorai.011G188800.1.A	1688	1582.5	76.3902	1.9146
Gorai.011G188800.1.D	1688	1582.5	10.6098	0.265917
Gorai.011G188900.1.A	3289	3183.5	765.788	9.54087
Gorai.011G188900.1.D	3289	3183.5	840.865	10.4763
Gorai.011G189000.1.A	693	587.505	0	0
Gorai.011G189000.1.D	693	587.505	0	0
Gorai.011G189100.1.A	580	474.551	0	0
Gorai.011G189100.1.D	580	474.551	0	0
Gorai.011G189200.1.A	1715	1609.5	11.9322	0.294045
Gorai.011G189200.1.D	1715	1609.5	76.0678	1.87453
Gorai.011G189300.1.A	801	695.505	0	0
Gorai.011G189300.1.D	801	695.505	0.182017	0.01038
Gorai.011G189400.1.A	357	251.63	0	0
Gorai.011G189400.1.D	357	251.63	0	0
Gorai.011G189500.1.A	1318	1212.5	210.584	6.88855
Gorai.011G189500.1.D	1318	1212.5	259.416	8.48589
Gorai.011G189600.1.A	1055	949.505	171.289	7.15512
Gorai.011G189600.1.D	1055	949.505	110.711	4.62465
Gorai.011G189700.1.A	2518	2412.5	239.559	3.93848
Gorai.011G189700.1.D	2518	2412.5	122.441	2.013
Gorai.011G189800.1.A	712	606.505	5.11538	0.334525
Gorai.011G189800.1.D	712	606.505	5.11538	0.334525
Gorai.011G189900.1.A	810	704.505	0	0
Gorai.011G189900.1.D	810	704.505	0	0
Gorai.011G190000.1.A	453	347.551	1287.59	146.941
Gorai.011G190000.1.D	453	347.551	198.411	22.6429
Gorai.011G190100.1.A	990	884.505	88.9231	3.98749
Gorai.011G190100.1.D	990	884.505	64.0769	2.87334
Gorai.011G190200.1.A	660	554.505	0	0
Gorai.011G190200.1.D	660	554.505	0	0
Gorai.011G190300.1.A	744	638.505	45	2.79533
Gorai.011G190300.1.D	744	638.505	0	0
Gorai.011G190400.1.A	1902	1796.5	511.839	11.3003
Gorai.011G190400.1.D	1902	1796.5	920.161	20.3152
Gorai.011G190500.1.A	3375	3269.5	23.575	0.285992
Gorai.011G190500.1.D	3375	3269.5	17.425	0.211386
Gorai.011G190600.1.A	2906	2800.5	325.055	4.60369
Gorai.011G190600.1.D	2906	2800.5	325.263	4.60663
Gorai.011G190700.1.A	3498	3392.5	103.602	1.21125
Gorai.011G190700.1.D	3498	3392.5	533.398	6.23614
Gorai.011G190800.1.A	606	500.551	0	0
Gorai.011G190800.1.D	606	500.551	16	1.26782
Gorai.011G190900.1.A	890	784.505	0	0
Gorai.011G190900.1.D	890	784.505	17.2252	0.870869
Gorai.011G191000.1.A	4335	4229.5	155.217	1.45558
Gorai.011G191000.1.D	4335	4229.5	14.7826	0.138627
Gorai.011G191100.1.A	986	880.505	51.3684	2.31393
Gorai.011G191100.1.D	986	880.505	9.63158	0.433861
Gorai.011G191200.1.A	1988	1882.5	37.1671	0.783083
Gorai.011G191200.1.D	1988	1882.5	0	0
Gorai.011G191300.1.A	1277	1171.5	67.8933	2.29862
Gorai.011G191300.1.D	1277	1171.5	84.1067	2.84755
Gorai.011G191400.1.A	738	632.505	0	0
Gorai.011G191400.1.D	738	632.505	0	0
Gorai.011G191500.1.A	666	560.505	4427.89	313.33
Gorai.011G191500.1.D	666	560.505	1266.11	89.5938
Gorai.011G191600.1.A	1906	1800.5	121.886	2.68501
Gorai.011G191600.1.D	1906	1800.5	55.1138	1.21409
Gorai.011G191700.1.A	956	850.505	0	0
Gorai.011G191700.1.D	956	850.505	8	0.373077
Gorai.011G191800.1.A	2532	2426.5	674.94	11.0324
Gorai.011G191800.1.D	2532	2426.5	494.06	8.07576
Gorai.011G191900.1.A	516	410.551	1	0.096609
Gorai.011G191900.1.D	516	410.551	1	0.096609
Gorai.011G192000.1.A	896	790.505	29.296	1.4699
Gorai.011G192000.1.D	896	790.505	33.4811	1.67989
Gorai.011G192100.1.A	1129	1023.5	11	0.426273
Gorai.011G192100.1.D	1129	1023.5	40	1.55008
Gorai.011G192200.1.A	2009	1903.5	3.33333	0.069456
Gorai.011G192200.1.D	2009	1903.5	1.66667	0.034728
Gorai.011G192300.1.A	1574	1468.5	313.042	8.45497
Gorai.011G192300.1.D	1574	1468.5	253.958	6.85917
Gorai.011G192400.1.A	318	212.63	0	0
Gorai.011G192400.1.D	318	212.63	0	0
Gorai.011G192500.1.A	491	385.551	9.99313	1.02803
Gorai.011G192500.1.D	491	385.551	9.99313	1.02803
Gorai.011G192600.1.A	503	397.551	2.4	0.239443
Gorai.011G192600.1.D	503	397.551	3.6	0.359165
Gorai.011G192700.1.A	633	527.505	0	0
Gorai.011G192700.1.D	633	527.505	0	0
Gorai.011G192800.1.A	586	480.551	0	0
Gorai.011G192800.1.D	586	480.551	0	0
Gorai.011G192900.1.A	602	496.551	4.5	0.359446
Gorai.011G192900.1.D	602	496.551	4.5	0.359446
Gorai.011G193000.1.A	719	613.505	0	0
Gorai.011G193000.1.D	719	613.505	1	0.0646498
Gorai.011G193100.1.A	475	369.551	0	0
Gorai.011G193100.1.D	475	369.551	0	0
Gorai.011G193200.1.A	579	473.551	0	0
Gorai.011G193200.1.D	579	473.551	1	0.0837564
Gorai.011G193300.1.A	1493	1387.5	0	0
Gorai.011G193300.1.D	1493	1387.5	0	0
Gorai.011G193400.1.A	2328	2222.5	318.149	5.6777
Gorai.011G193400.1.D	2328	2222.5	2464.85	43.9879
Gorai.011G193500.1.A	351	245.63	11.6463	1.88058
Gorai.011G193500.1.D	351	245.63	11.6463	1.88058
Gorai.011G193600.1.A	1256	1150.5	492.106	16.9651
Gorai.011G193600.1.D	1256	1150.5	354.894	12.2348
Gorai.011G193700.1.A	1816	1710.5	34.2069	0.793185
Gorai.011G193700.1.D	1816	1710.5	27.7931	0.644463
Gorai.011G193800.1.A	1140	1034.5	2778.98	106.546
Gorai.011G193800.1.D	1140	1034.5	2257.02	86.5341
Gorai.011G193900.1.A	3816	3710.5	332.943	3.55895
Gorai.011G193900.1.D	3816	3710.5	315.057	3.36776
Gorai.011G194000.1.A	1854	1748.5	172.715	3.91785
Gorai.011G194000.1.D	1854	1748.5	45.285	1.02724
Gorai.011G194100.1.A	4133	4027.5	416.48	4.1015
Gorai.011G194100.1.D	4133	4027.5	326.52	3.21558
Gorai.011G194200.1.A	2284	2178.5	33.4286	0.608617
Gorai.011G194200.1.D	2284	2178.5	44.5714	0.81149
Gorai.011G194300.1.A	949	843.505	0	0
Gorai.011G194300.1.D	949	843.505	0	0
Gorai.011G194400.1.A	557	451.551	3.5	0.30743
Gorai.011G194400.1.D	557	451.551	3.5	0.30743
Gorai.011G194500.1.A	711	605.505	0	0
Gorai.011G194500.1.D	711	605.505	0	0
Gorai.011G194600.1.A	1269	1163.5	307.096	10.4687
Gorai.011G194600.1.D	1269	1163.5	360.904	12.3029
Gorai.011G194700.1.A	935	829.505	0	0
Gorai.011G194700.1.D	935	829.505	0	0
Gorai.011G194800.1.A	1680	1574.5	2	0.0503815
Gorai.011G194800.1.D	1680	1574.5	2	0.0503815
Gorai.011G194900.1.A	994	888.505	0	0
Gorai.011G194900.1.D	994	888.505	0	0
Gorai.011G195000.1.A	1979	1873.5	260.541	5.51576
Gorai.011G195000.1.D	1979	1873.5	221.459	4.6884
Gorai.011G195100.1.A	1772	1666.5	3	0.0714002
Gorai.011G195100.1.D	1772	1666.5	0	0
Gorai.011G195200.1.A	114	28.4159	3.45639	4.82443
Gorai.011G195200.1.D	114	28.4159	0	0
Gorai.011G195300.1.A	3442	3336.5	14.95	0.177719
Gorai.011G195300.1.D	3442	3336.5	31.05	0.369109
Gorai.011G195400.1.A	1202	1096.5	6	0.217033
Gorai.011G195400.1.D	1202	1096.5	0	0
Gorai.011G195500.1.A	676	570.505	0	0
Gorai.011G195500.1.D	676	570.505	0	0
Gorai.011G195600.1.A	1886	1780.5	77.5507	1.72754
Gorai.011G195600.1.D	1886	1780.5	93.4846	2.08249
Gorai.011G195700.1.A	1030	924.505	57.1667	2.45255
Gorai.011G195700.1.D	1030	924.505	47.8333	2.05214
Gorai.011G195800.1.A	3441	3335.5	312.96	3.72145
Gorai.011G195800.1.D	3441	3335.5	573.04	6.8141
Gorai.011G195900.1.A	947	841.505	0.5	0.0235667
Gorai.011G195900.1.D	947	841.505	0.5	0.0235667
Gorai.011G196000.1.A	1861	1755.5	0	0
Gorai.011G196000.1.D	1861	1755.5	29.0927	0.657305
Gorai.011G196100.1.A	1305	1199.5	0	0
Gorai.011G196100.1.D	1305	1199.5	0	0
Gorai.011G196200.1.A	1361	1255.5	89.6538	2.83228
Gorai.011G196200.1.D	1361	1255.5	243.346	7.68761
Gorai.011G196300.1.A	1875	1769.5	186.254	4.17482
Gorai.011G196300.1.D	1875	1769.5	497.746	11.1568
Gorai.011G196400.1.A	2921	2815.5	102.192	1.43961
Gorai.011G196400.1.D	2921	2815.5	454.808	6.40704
Gorai.011G196500.1.A	953	847.505	0	0
Gorai.011G196500.1.D	953	847.505	18.2552	0.854335
Gorai.011G196600.1.A	753	647.505	0	0
Gorai.011G196600.1.D	753	647.505	0	0
Gorai.011G196700.1.A	1206	1100.5	0	0
Gorai.011G196700.1.D	1206	1100.5	0	0
Gorai.011G196800.1.A	752	646.505	0	0
Gorai.011G196800.1.D	752	646.505	2	0.1227
Gorai.011G196900.1.A	913	807.505	0	0
Gorai.011G196900.1.D	913	807.505	5.74485	0.282175
Gorai.011G197000.1.A	461	355.551	0	0
Gorai.011G197000.1.D	461	355.551	0	0
Gorai.011G197100.1.A	286	180.755	0	0
Gorai.011G197100.1.D	286	180.755	0	0
Gorai.011G197200.1.A	718	612.505	4.66667	0.302192
Gorai.011G197200.1.D	718	612.505	16.3333	1.05767
Gorai.011G197300.1.A	950	844.505	7.10949	0.333904
Gorai.011G197300.1.D	950	844.505	4	0.187864
Gorai.011G197400.1.A	525	419.551	0	0
Gorai.011G197400.1.D	525	419.551	0	0
Gorai.011G197500.1.A	918	812.505	138.719	6.77165
Gorai.011G197500.1.D	918	812.505	157.172	7.67244
Gorai.011G197600.1.A	888	782.505	10	0.506872
Gorai.011G197600.1.D	888	782.505	11	0.557559
Gorai.011G197700.1.A	1225	1119.5	22.6222	0.801483
Gorai.011G197700.1.D	1225	1119.5	52.7852	1.87013
Gorai.011G197800.1.A	854	748.505	6	0.317937
Gorai.011G197800.1.D	854	748.505	0	0
Gorai.011G197900.1.A	713	607.505	1.51345	0.0988106
Gorai.011G197900.1.D	713	607.505	1.51345	0.0988106
Gorai.011G198000.1.A	654	548.505	0	0
Gorai.011G198000.1.D	654	548.505	7	0.506177
Gorai.011G198100.1.A	551	445.551	5.16461	0.459753
Gorai.011G198100.1.D	551	445.551	245.835	21.8842
Gorai.011G198200.1.A	3084	2978.5	50.363	0.670654
Gorai.011G198200.1.D	3084	2978.5	120.637	1.60645
Gorai.011G198300.1.A	456	350.551	72	8.1464
Gorai.011G198300.1.D	456	350.551	0	0
Gorai.011G198400.1.A	2174	2068.5	640.128	12.2743
Gorai.011G198400.1.D	2174	2068.5	840.872	16.1235
Gorai.011G198500.1.A	1437	1331.5	6344.79	188.999
Gorai.011G198500.1.D	1437	1331.5	4042.16	120.408
Gorai.011G198600.1.A	3512	3406.5	135.062	1.57257
Gorai.011G198600.1.D	3512	3406.5	130.938	1.52455
Gorai.011G198700.1.A	1129	1023.5	1204.86	46.6908
Gorai.011G198700.1.D	1129	1023.5	1593.14	61.7376
Gorai.011G198800.1.A	794	688.505	474.385	27.3281
Gorai.011G198800.1.D	794	688.505	169.81	9.78233
Gorai.011G198900.1.A	661	555.505	0	0
Gorai.011G198900.1.D	661	555.505	12.121	0.865437
Gorai.011G199000.1.A	1194	1088.5	0	0
Gorai.011G199000.1.D	1194	1088.5	23.096	0.841572
Gorai.011G199100.1.A	2853	2747.5	326.472	4.71295
Gorai.011G199100.1.D	2853	2747.5	3.3393	0.0482061
Gorai.011G199200.1.A	3343	3237.5	573.012	7.02002
Gorai.011G199200.1.D	3343	3237.5	228.988	2.80535
Gorai.011G199300.1.A	525	419.551	9.75	0.921731
Gorai.011G199300.1.D	525	419.551	3.25	0.307244
Gorai.011G199400.1.A	1657	1551.5	384.423	9.82746
Gorai.011G199400.1.D	1657	1551.5	253.577	6.48249
Gorai.011G199500.1.A	1003	897.505	3.80835	0.1683
Gorai.011G199500.1.D	1003	897.505	3.80835	0.1683
Gorai.011G199600.1.A	1379	1273.5	2559.45	79.7134
Gorai.011G199600.1.D	1379	1273.5	972.548	30.2897
Gorai.011G199700.1.A	1206	1100.5	0	0
Gorai.011G199700.1.D	1206	1100.5	0	0
Gorai.011G199800.1.A	2348	2242.5	67.9315	1.2015
Gorai.011G199800.1.D	2348	2242.5	19.0685	0.337262
Gorai.011G199900.1.A	3719	3613.5	77	0.845176
Gorai.011G199900.1.D	3719	3613.5	0	0
Gorai.011G200000.1.A	705	599.505	1	0.0661595
Gorai.011G200000.1.D	705	599.505	0	0
Gorai.011G200100.1.A	2409	2303.5	3233.98	55.6844
Gorai.011G200100.1.D	2409	2303.5	3301.73	56.8509
Gorai.011G200200.1.A	4474	4368.5	193.6	1.75775
Gorai.011G200200.1.D	4474	4368.5	290.4	2.63663
Gorai.011G200300.1.A	3091	2985.5	153.76	2.04273
Gorai.011G200300.1.D	3091	2985.5	87.2398	1.159
Gorai.011G200400.1.A	1529	1423.5	24	0.668709
Gorai.011G200400.1.D	1529	1423.5	24	0.668709
Gorai.011G200500.1.A	390	284.583	0	0
Gorai.011G200500.1.D	390	284.583	0	0
Gorai.011G200600.1.A	1204	1098.5	0	0
Gorai.011G200600.1.D	1204	1098.5	0	0
Gorai.011G200700.1.A	1723	1617.5	39.2903	0.963441
Gorai.011G200700.1.D	1723	1617.5	2.70968	0.0664442
Gorai.011G200800.1.A	2170	2064.5	478.327	9.18954
Gorai.011G200800.1.D	2170	2064.5	188.673	3.62476
Gorai.011G200900.1.A	2820	2714.5	1385.57	20.2452
Gorai.011G200900.1.D	2820	2714.5	965.434	14.1064
Gorai.011G201000.1.A	1029	923.505	4.45283	0.191241
Gorai.011G201000.1.D	1029	923.505	54.5472	2.34271
Gorai.011G201100.1.A	335	229.63	1.00084	0.172871
Gorai.011G201100.1.D	335	229.63	1.00084	0.172871
Gorai.011G201200.1.A	435	329.583	0	0
Gorai.011G201200.1.D	435	329.583	0	0
Gorai.011G201300.1.A	452	346.551	0	0
Gorai.011G201300.1.D	452	346.551	0	0
Gorai.011G201400.1.A	677	571.505	0	0
Gorai.011G201400.1.D	677	571.505	0	0
Gorai.011G201500.1.A	1285	1179.5	192.107	6.45994
Gorai.011G201500.1.D	1285	1179.5	133.893	4.50239
Gorai.011G201600.1.A	882	776.505	0	0
Gorai.011G201600.1.D	882	776.505	0	0
Gorai.011G201700.1.A	1506	1400.5	80.7017	2.28551
Gorai.011G201700.1.D	1506	1400.5	217.4	6.15686
Gorai.011G201800.1.A	1794	1688.5	9.75	0.229027
Gorai.011G201800.1.D	1794	1688.5	3.25	0.0763424
Gorai.011G201900.1.A	3186	3080.5	239.075	3.0782
Gorai.011G201900.1.D	3186	3080.5	228.925	2.94752
Gorai.011G202000.1.A	1067	961.505	0	0
Gorai.011G202000.1.D	1067	961.505	0	0
Gorai.011G202100.1.A	886	780.505	4	0.203268
Gorai.011G202100.1.D	886	780.505	31	1.57533
Gorai.011G202200.1.A	606	500.551	232.151	18.3953
Gorai.011G202200.1.D	606	500.551	656.849	52.0478
Gorai.011G202300.1.A	246	141.071	46.0833	12.9566
Gorai.011G202300.1.D	246	141.071	32.9167	9.25471
Gorai.011G202400.1.A	2930	2824.5	2238.87	31.4391
Gorai.011G202400.1.D	2930	2824.5	1792.69	25.1737
Gorai.011G202500.1.A	1233	1127.5	127.395	4.48145
Gorai.011G202500.1.D	1233	1127.5	230.319	8.10209
Gorai.011G202600.1.A	1466	1360.5	38.7973	1.13106
Gorai.011G202600.1.D	1466	1360.5	60.2027	1.7551
Gorai.011G202700.1.A	3326	3220.5	194.742	2.39839
Gorai.011G202700.1.D	3326	3220.5	817.258	10.0652
Gorai.011G202800.1.A	1802	1696.5	78.2872	1.83029
Gorai.011G202800.1.D	1802	1696.5	144.713	3.38327
Gorai.011G202900.1.A	1467	1361.5	6	0.17479
Gorai.011G202900.1.D	1467	1361.5	6	0.17479
Gorai.011G203000.1.A	1275	1169.5	1	0.0339143
Gorai.011G203000.1.D	1275	1169.5	0	0
Gorai.011G203100.1.A	889	783.505	0	0
Gorai.011G203100.1.D	889	783.505	15.6387	0.791672
Gorai.011G203200.1.A	423	317.583	7	0.87423
Gorai.011G203200.1.D	423	317.583	7	0.87423
Gorai.011G203300.1.A	260	154.908	0	0
Gorai.011G203300.1.D	260	154.908	0	0
Gorai.011G203400.1.A	457	351.551	58.5	6.60012
Gorai.011G203400.1.D	457	351.551	58.5	6.60012
Gorai.011G203500.1.A	666	560.505	15	1.06144
Gorai.011G203500.1.D	666	560.505	0	0
Gorai.011G203600.1.A	2661	2555.5	308.816	4.79301
Gorai.011G203600.1.D	2661	2555.5	107.184	1.66355
Gorai.011G203700.1.A	333	227.63	0	0
Gorai.011G203700.1.D	333	227.63	0	0
Gorai.011G203800.1.A	970	864.505	10.5069	0.482051
Gorai.011G203800.1.D	970	864.505	1.00068	0.0459107
Gorai.011G203900.1.A	1222	1116.5	0	0
Gorai.011G203900.1.D	1222	1116.5	0	0
Gorai.011G204000.1.A	1430	1324.5	0	0
Gorai.011G204000.1.D	1430	1324.5	0	0
Gorai.011G204100.1.A	1232	1126.5	2	0.0704177
Gorai.011G204100.1.D	1232	1126.5	0	0
Gorai.011G204200.1.A	4351	4245.5	445.393	4.16101
Gorai.011G204200.1.D	4351	4245.5	327.012	3.05506
Gorai.011G204300.1.A	361	255.607	0	0
Gorai.011G204300.1.D	361	255.607	0	0
Gorai.011G204400.1.A	13301	13195.5	774.695	2.32857
Gorai.011G204400.1.D	13301	13195.5	758.305	2.27931
Gorai.011G204500.1.A	727	621.505	0	0
Gorai.011G204500.1.D	727	621.505	0	0
Gorai.011G204600.1.A	959	853.505	18.766	0.872067
Gorai.011G204600.1.D	959	853.505	30.234	1.405
Gorai.011G204700.1.A	3287	3181.5	62.0804	0.773939
Gorai.011G204700.1.D	3287	3181.5	150.92	1.88147
Gorai.011G204800.1.A	1215	1109.5	0	0
Gorai.011G204800.1.D	1215	1109.5	2	0.0714967
Gorai.011G204900.1.A	1824	1718.5	2	0.0461598
Gorai.011G204900.1.D	1824	1718.5	0	0
Gorai.011G205000.1.A	2802	2696.5	19	0.279471
Gorai.011G205000.1.D	2802	2696.5	0	0
Gorai.011G205100.1.A	2145	2039.5	37.3226	0.725825
Gorai.011G205100.1.D	2145	2039.5	51.6774	1.00499
Gorai.011G205200.1.A	2112	2006.5	53.3933	1.05543
Gorai.011G205200.1.D	2112	2006.5	45.6067	0.901517
Gorai.011G205300.1.A	2581	2475.5	2.28571	0.0366221
Gorai.011G205300.1.D	2581	2475.5	5.71429	0.0915552
Gorai.011G205400.1.A	1419	1313.5	0	0
Gorai.011G205400.1.D	1419	1313.5	3	0.0905888
Gorai.011G205500.1.A	622	516.505	0	0
Gorai.011G205500.1.D	622	516.505	18.369	1.41058
Gorai.011G205600.1.A	2033	1927.5	162.922	3.35251
Gorai.011G205600.1.D	2033	1927.5	0	0
Gorai.011G205700.1.A	2855	2749.5	19.5793	0.282441
Gorai.011G205700.1.D	2855	2749.5	6.49839	0.0937424
Gorai.011G205800.1.A	1670	1564.5	264.562	6.70711
Gorai.011G205800.1.D	1670	1564.5	209.386	5.3083
Gorai.011G205900.1.A	2797	2691.5	458.788	6.76087
Gorai.011G205900.1.D	2797	2691.5	464.212	6.84078
Gorai.011G206000.1.A	3897	3791.5	1178.7	12.3304
Gorai.011G206000.1.D	3897	3791.5	1393.3	14.5753
Gorai.011G206100.1.A	618	512.505	10.2985	0.797006
Gorai.011G206100.1.D	618	512.505	58.7015	4.54293
Gorai.011G206200.1.A	1787	1681.5	417.202	9.84086
Gorai.011G206200.1.D	1787	1681.5	612.798	14.4545
Gorai.011G206300.1.A	2840	2734.5	84.0816	1.21957
Gorai.011G206300.1.D	2840	2734.5	18.9184	0.274404
Gorai.011G206400.1.A	1146	1040.5	107.065	4.08122
Gorai.011G206400.1.D	1146	1040.5	93.9347	3.58069
Gorai.011G206500.1.A	5668	5562.5	142.996	1.01962
Gorai.011G206500.1.D	5668	5562.5	152.004	1.08385
Gorai.011G206600.1.A	718	612.505	5.5	0.356154
Gorai.011G206600.1.D	718	612.505	5.5	0.356154
Gorai.011G206700.1.A	1701	1595.5	170.519	4.23896
Gorai.011G206700.1.D	1701	1595.5	137.481	3.41766
Gorai.011G206800.1.A	1614	1508.5	0	0
Gorai.011G206800.1.D	1614	1508.5	0	0
Gorai.011G206900.1.A	1875	1769.5	2	0.0448294
Gorai.011G206900.1.D	1875	1769.5	0	0
Gorai.011G207000.1.A	1972	1866.5	11770	250.112
Gorai.011G207000.1.D	1972	1866.5	16395	348.39
Gorai.011G207100.1.A	564	458.551	377.388	32.6426
Gorai.011G207100.1.D	564	458.551	377.388	32.6426
Gorai.011G207200.1.A	2824	2718.5	158.491	2.31237
Gorai.011G207200.1.D	2824	2718.5	177.509	2.58986
Gorai.011G207300.1.A	1095	989.505	0	0
Gorai.011G207300.1.D	1095	989.505	0	0
Gorai.011G207400.1.A	2168	2062.5	358.757	6.89907
Gorai.011G207400.1.D	2168	2062.5	378.243	7.27378
Gorai.011G207500.1.A	773	667.505	334	19.8462
Gorai.011G207500.1.D	773	667.505	334	19.8462
Gorai.011G207600.1.A	1153	1047.5	0	0
Gorai.011G207600.1.D	1153	1047.5	0	0
Gorai.011G207700.1.A	1077	971.505	0	0
Gorai.011G207700.1.D	1077	971.505	0	0
Gorai.011G207800.1.A	999	893.505	4.59744	0.204082
Gorai.011G207800.1.D	999	893.505	4.59744	0.204082
Gorai.011G207900.1.A	1230	1124.5	2495.62	88.0243
Gorai.011G207900.1.D	1230	1124.5	800.836	28.2467
Gorai.011G208000.1.A	1527	1421.5	117.796	3.28675
Gorai.011G208000.1.D	1527	1421.5	194.204	5.4187
Gorai.011G208100.1.A	1000	894.505	375.799	16.6632
Gorai.011G208100.1.D	1000	894.505	1.20064	0.0532371
Gorai.011G208200.1.A	1008	902.505	0	0
Gorai.011G208200.1.D	1008	902.505	0	0
Gorai.011G208300.1.A	612	506.551	0	0
Gorai.011G208300.1.D	612	506.551	0	0
Gorai.011G208400.1.A	540	434.551	0	0
Gorai.011G208400.1.D	540	434.551	0	0
Gorai.011G208500.1.A	453	347.551	0	0
Gorai.011G208500.1.D	453	347.551	2	0.228242
Gorai.011G208600.1.A	1287	1181.5	131.664	4.41994
Gorai.011G208600.1.D	1287	1181.5	118.636	3.98258
Gorai.011G208700.1.A	579	473.551	0	0
Gorai.011G208700.1.D	579	473.551	0	0
Gorai.011G208800.1.A	584	478.551	0	0
Gorai.011G208800.1.D	584	478.551	24	1.98915
Gorai.011G208900.1.A	813	707.505	0	0
Gorai.011G208900.1.D	813	707.505	3	0.168181
Gorai.011G209000.1.A	2048	1942.5	5	0.102092
Gorai.011G209000.1.D	2048	1942.5	0	0
Gorai.011G209100.1.A	1270	1164.5	4.6667	0.158947
Gorai.011G209100.1.D	1270	1164.5	2.33335	0.0794737
Gorai.011G209200.1.A	2046	1940.5	175.576	3.58868
Gorai.011G209200.1.D	2046	1940.5	123.424	2.52273
Gorai.011G209300.1.A	105	24.557	0	0
Gorai.011G209300.1.D	105	24.557	0	0
Gorai.011G209400.1.A	630	524.505	79.8261	6.03643
Gorai.011G209400.1.D	630	524.505	28.1739	2.13051
Gorai.011G209500.1.A	2092	1986.5	0	0
Gorai.011G209500.1.D	2092	1986.5	0	0
Gorai.011G209600.1.A	1656	1550.5	25.6757	0.656801
Gorai.011G209600.1.D	1656	1550.5	12.3243	0.315264
Gorai.011G209700.1.A	3065	2959.5	46.4051	0.621915
Gorai.011G209700.1.D	3065	2959.5	47.5949	0.637862
Gorai.011G209800.1.A	3804	3698.5	1931.69	20.7156
Gorai.011G209800.1.D	3804	3698.5	2720.31	29.1727
Gorai.011G209900.1.A	1802	1696.5	430.323	10.0606
Gorai.011G209900.1.D	1802	1696.5	377.677	8.82979
Gorai.011G210000.1.A	1051	945.505	1	0.041949
Gorai.011G210000.1.D	1051	945.505	5	0.209745
Gorai.011G210100.1.A	1854	1748.5	115.894	2.62893
Gorai.011G210100.1.D	1854	1748.5	133.106	3.01937
Gorai.011G210200.1.A	1923	1817.5	4.46154	0.097363
Gorai.011G210200.1.D	1923	1817.5	53.5385	1.16836
Gorai.011G210300.1.A	1396	1290.5	6.76282	0.207852
Gorai.011G210300.1.D	1396	1290.5	204.237	6.27712
Gorai.011G210400.1.A	921	815.505	1	0.0486361
Gorai.011G210400.1.D	921	815.505	2	0.0972721
Gorai.011G210500.1.A	2095	1989.5	21.6	0.43062
Gorai.011G210500.1.D	2095	1989.5	14.4	0.28708
Gorai.011G210600.1.A	2173	2067.5	556.181	10.6698
Gorai.011G210600.1.D	2173	2067.5	582.819	11.1808
Gorai.011G210700.1.A	1027	921.505	91.6312	3.94394
Gorai.011G210700.1.D	1027	921.505	231.369	9.95846
Gorai.011G210800.1.A	2340	2234.5	20.0179	0.355321
Gorai.011G210800.1.D	2340	2234.5	38.9821	0.691941
Gorai.011G210900.1.A	1999	1893.5	3	0.0628405
Gorai.011G210900.1.D	1999	1893.5	1	0.0209468
Gorai.011G211000.1.A	1452	1346.5	1.5	0.0441843
Gorai.011G211000.1.D	1452	1346.5	1.5	0.0441843
Gorai.011G211100.1.A	1115	1009.5	0	0
Gorai.011G211100.1.D	1115	1009.5	1	0.0392895
Gorai.011G211200.1.A	1574	1468.5	0	0
Gorai.011G211200.1.D	1574	1468.5	0	0
Gorai.011G211300.1.A	1348	1242.5	1	0.0319218
Gorai.011G211300.1.D	1348	1242.5	0	0
Gorai.011G211400.1.A	1274	1168.5	4.72727	0.160459
Gorai.011G211400.1.D	1274	1168.5	8.27273	0.280804
Gorai.011G211500.1.A	826	720.505	1	0.0550488
Gorai.011G211500.1.D	826	720.505	1	0.0550488
Gorai.011G211600.1.A	597	491.551	0	0
Gorai.011G211600.1.D	597	491.551	0	0
Gorai.011G211700.1.A	763	657.505	1.33333	0.0804313
Gorai.011G211700.1.D	763	657.505	10.6667	0.64345
Gorai.011G211800.1.A	978	872.505	0	0
Gorai.011G211800.1.D	978	872.505	0	0
Gorai.011G211900.1.A	672	566.505	0	0
Gorai.011G211900.1.D	672	566.505	0	0
Gorai.011G212000.1.A	421	315.583	0	0
Gorai.011G212000.1.D	421	315.583	1	0.125681
Gorai.011G212100.1.A	1876	1770.5	45.9	1.02825
Gorai.011G212100.1.D	1876	1770.5	5.1	0.11425
Gorai.011G212200.1.A	285	179.772	0	0
Gorai.011G212200.1.D	285	179.772	0	0
Gorai.011G212300.1.A	2279	2173.5	23.3333	0.425796
Gorai.011G212300.1.D	2279	2173.5	11.6667	0.212898
Gorai.011G212400.1.A	458	352.551	10.1818	1.14548
Gorai.011G212400.1.D	458	352.551	3.81818	0.429555
Gorai.011G212500.1.A	3357	3251.5	43.1786	0.526707
Gorai.011G212500.1.D	3357	3251.5	49.8214	0.607738
Gorai.011G212600.1.A	2285	2179.5	0	0
Gorai.011G212600.1.D	2285	2179.5	1	0.0181981
Gorai.011G212700.1.A	1208	1102.5	429.923	15.4666
Gorai.011G212700.1.D	1208	1102.5	1.0775	0.0387634
Gorai.011G212800.1.A	2046	1940.5	27.6232	0.564605
Gorai.011G212800.1.D	2046	1940.5	2.55054	0.0521317
Gorai.011G212900.1.A	1495	1389.5	5433.47	155.096
Gorai.011G212900.1.D	1495	1389.5	7716.53	220.266
Gorai.011G213000.1.A	1696	1590.5	45.5948	1.13701
Gorai.011G213000.1.D	1696	1590.5	83.4052	2.0799
Gorai.011G213100.1.A	1588	1482.5	15	0.40131
Gorai.011G213100.1.D	1588	1482.5	16	0.428064
Gorai.011G213200.1.A	1449	1343.5	385.8	11.3896
Gorai.011G213200.1.D	1449	1343.5	257.2	7.59306
Gorai.011G213300.1.A	794	688.505	0	0
Gorai.011G213300.1.D	794	688.505	0	0
Gorai.011G213400.1.A	609	503.551	247	19.4553
Gorai.011G213400.1.D	609	503.551	0	0
Gorai.011G213500.1.A	1958	1852.5	23.3333	0.499577
Gorai.011G213500.1.D	1958	1852.5	46.6667	0.999154
Gorai.011G213600.1.A	1606	1500.5	1415.76	37.423
Gorai.011G213600.1.D	1606	1500.5	1540.24	40.7132
Gorai.011G213700.1.A	2457	2351.5	13.6364	0.230005
Gorai.011G213700.1.D	2457	2351.5	11.3636	0.191671
Gorai.011G213800.1.A	1496	1390.5	69.561	1.98417
Gorai.011G213800.1.D	1496	1390.5	116.439	3.32132
Gorai.011G213900.1.A	2635	2529.5	186.5	2.92435
Gorai.011G213900.1.D	2635	2529.5	235.346	3.69025
Gorai.011G214000.1.A	638	532.505	380.322	28.3278
Gorai.011G214000.1.D	638	532.505	323.678	24.1088
Gorai.011G214100.1.A	3778	3672.5	124.6	1.34568
Gorai.011G214100.1.D	3778	3672.5	142.4	1.53792
Gorai.011G214200.1.A	1180	1074.5	145	5.35235
Gorai.011G214200.1.D	1180	1074.5	173	6.38591
Gorai.011G214300.1.A	1257	1151.5	45.5	1.56722
Gorai.011G214300.1.D	1257	1151.5	38.5	1.32611
Gorai.011G214400.1.A	1851	1745.5	0	0
Gorai.011G214400.1.D	1851	1745.5	3.03164	0.0688877
Gorai.011G214500.1.A	1430	1324.5	0	0
Gorai.011G214500.1.D	1430	1324.5	0	0
Gorai.011G214600.1.A	1385	1279.5	433.921	13.451
Gorai.011G214600.1.D	1385	1279.5	115.079	3.56729
Gorai.011G214700.1.A	483	377.551	0	0
Gorai.011G214700.1.D	483	377.551	0	0
Gorai.011G214800.1.A	312	206.649	0	0
Gorai.011G214800.1.D	312	206.649	3	0.5758
Gorai.011G214900.1.A	640	534.505	0	0
Gorai.011G214900.1.D	640	534.505	2	0.14841
Gorai.011G215000.1.A	998	892.505	3	0.13332
Gorai.011G215000.1.D	998	892.505	19	0.844361
Gorai.011G215100.1.A	1597	1491.5	75.5796	2.00986
Gorai.011G215100.1.D	1597	1491.5	546.42	14.5307
Gorai.011G215200.1.A	2002	1896.5	1953.57	40.8564
Gorai.011G215200.1.D	2002	1896.5	5279.43	110.412
Gorai.011G215300.1.A	2001	1895.5	63.2396	1.32327
Gorai.011G215300.1.D	2001	1895.5	311.76	6.5235
Gorai.011G215400.1.A	2312	2206.5	907.101	16.3056
Gorai.011G215400.1.D	2312	2206.5	83.0962	1.49369
Gorai.011G215500.1.A	1191	1085.5	30.6247	1.11899
Gorai.011G215500.1.D	1191	1085.5	24.1778	0.883425
Gorai.011G215600.1.A	2576	2470.5	29.5909	0.47507
Gorai.011G215600.1.D	2576	2470.5	1.40909	0.0226224
Gorai.011G215700.1.A	1643	1537.5	21	0.541736
Gorai.011G215700.1.D	1643	1537.5	4	0.103188
Gorai.011G215800.1.A	1754	1648.5	5.77778	0.139013
Gorai.011G215800.1.D	1754	1648.5	46.2222	1.1121
Gorai.011G215900.1.A	1374	1268.5	1274.11	39.8382
Gorai.011G215900.1.D	1374	1268.5	33.8915	1.0597
Gorai.011G216000.1.A	1491	1385.5	5.4	0.154586
Gorai.011G216000.1.D	1491	1385.5	102.6	2.93714
Gorai.011G216100.1.A	472	366.551	2.89753	0.313529
Gorai.011G216100.1.D	472	366.551	2.89753	0.313529
Gorai.011G216200.1.A	657	551.505	4.59645	0.330566
Gorai.011G216200.1.D	657	551.505	4.59645	0.330566
Gorai.011G216300.1.A	1176	1070.5	2	0.0741014
Gorai.011G216300.1.D	1176	1070.5	0	0
Gorai.011G216400.1.A	1709	1603.5	1617.28	40.0037
Gorai.011G216400.1.D	1709	1603.5	2360.72	58.3928
Gorai.011G216500.1.A	233	128.404	0	0
Gorai.011G216500.1.D	233	128.404	0	0
Gorai.011G216600.1.A	913	807.505	77.2373	3.79373
Gorai.011G216600.1.D	913	807.505	15.7627	0.774231
Gorai.011G216700.1.A	610	504.551	11	0.864713
Gorai.011G216700.1.D	610	504.551	0	0
Gorai.011G216800.1.A	1400	1294.5	275.874	8.45263
Gorai.011G216800.1.D	1400	1294.5	212.126	6.49943
Gorai.011G216900.1.A	5731	5625.5	488.572	3.44471
Gorai.011G216900.1.D	5731	5625.5	466.314	3.28777
Gorai.011G217000.1.A	1119	1013.5	77.0216	3.0142
Gorai.011G217000.1.D	1119	1013.5	11.4071	0.446409
Gorai.011G217100.1.A	747	641.505	0	0
Gorai.011G217100.1.D	747	641.505	4	0.247312
Gorai.011G217200.1.A	1704	1598.5	55.6768	1.38148
Gorai.011G217200.1.D	1704	1598.5	50.3232	1.24865
Gorai.011G217300.1.A	7173	7067.5	1259.07	7.06594
Gorai.011G217300.1.D	7173	7067.5	1341.93	7.53091
Gorai.011G217400.1.A	408	302.583	1	0.131081
Gorai.011G217400.1.D	408	302.583	1	0.131081
Gorai.011G217500.1.A	3355	3249.5	1	0.0122058
Gorai.011G217500.1.D	3355	3249.5	2	0.0244117
Gorai.011G217600.1.A	2874	2768.5	0	0
Gorai.011G217600.1.D	2874	2768.5	6.7237	0.096327
Gorai.011G217700.1.A	1845	1739.5	0	0
Gorai.011G217700.1.D	1845	1739.5	0	0
Gorai.011G217800.1.A	3639	3533.5	3.2763	0.0367758
Gorai.011G217800.1.D	3639	3533.5	0	0
Gorai.011G217900.1.A	2004	1898.5	0	0
Gorai.011G217900.1.D	2004	1898.5	0	0
Gorai.011G218000.1.A	2324	2218.5	0	0
Gorai.011G218000.1.D	2324	2218.5	0	0
Gorai.011G218100.1.A	2768	2662.5	0	0
Gorai.011G218100.1.D	2768	2662.5	0	0
Gorai.011G218200.1.A	2971	2865.5	0	0
Gorai.011G218200.1.D	2971	2865.5	0	0
Gorai.011G218300.1.A	2094	1988.5	0	0
Gorai.011G218300.1.D	2094	1988.5	0	0
Gorai.011G218400.1.A	708	602.505	1.38345	0.0910725
Gorai.011G218400.1.D	708	602.505	1.38345	0.0910725
Gorai.011G218500.1.A	2310	2204.5	0	0
Gorai.011G218500.1.D	2310	2204.5	1	0.0179918
Gorai.011G218600.1.A	863	757.505	115.475	6.04627
Gorai.011G218600.1.D	863	757.505	33.525	1.75537
Gorai.011G218700.1.A	818	712.505	1685.31	93.8161
Gorai.011G218700.1.D	818	712.505	1412.55	78.632
Gorai.011G218800.1.A	804	698.505	0	0
Gorai.011G218800.1.D	804	698.505	0	0
Gorai.011G218900.1.A	3159	3053.5	0	0
Gorai.011G218900.1.D	3159	3053.5	0	0
Gorai.011G219000.1.A	2444	2338.5	0	0
Gorai.011G219000.1.D	2444	2338.5	0	0
Gorai.011G219100.1.A	939	833.505	0	0
Gorai.011G219100.1.D	939	833.505	0	0
Gorai.011G219200.1.A	159	59.4478	2.93606	1.95891
Gorai.011G219200.1.D	159	59.4478	2.93606	1.95891
Gorai.011G219300.1.A	2487	2381.5	0	0
Gorai.011G219300.1.D	2487	2381.5	0	0
Gorai.011G219400.1.A	972	866.505	0	0
Gorai.011G219400.1.D	972	866.505	0	0
Gorai.011G219500.1.A	1017	911.505	0	0
Gorai.011G219500.1.D	1017	911.505	1	0.0435137
Gorai.011G219600.1.A	2846	2740.5	936.785	13.558
Gorai.011G219600.1.D	2846	2740.5	1740.83	25.1948
Gorai.011G219700.1.A	680	574.505	0	0
Gorai.011G219700.1.D	680	574.505	0	0
Gorai.011G219800.1.A	405	299.583	0.25	0.0330984
Gorai.011G219800.1.D	405	299.583	0.25	0.0330984
Gorai.011G219900.1.A	405	299.583	0.25	0.0330984
Gorai.011G219900.1.D	405	299.583	0.25	0.0330984
Gorai.011G220000.1.A	847	741.505	0	0
Gorai.011G220000.1.D	847	741.505	0	0
Gorai.011G220100.1.A	4038	3932.5	144.532	1.45774
Gorai.011G220100.1.D	4038	3932.5	223.468	2.25388
Gorai.011G220200.1.A	2030	1924.5	1518.17	31.2886
Gorai.011G220200.1.D	2030	1924.5	1665.83	34.3318
Gorai.011G220300.1.A	1280	1174.5	354.565	11.9736
Gorai.011G220300.1.D	1280	1174.5	117.435	3.96579
Gorai.011G220400.1.A	945	839.505	0	0
Gorai.011G220400.1.D	945	839.505	15	0.708685
Gorai.011G220500.1.A	3990	3884.5	12.6263	0.128922
Gorai.011G220500.1.D	3990	3884.5	65.6993	0.670826
Gorai.011G220600.1.A	270	164.849	0	0
Gorai.011G220600.1.D	270	164.849	0	0
Gorai.011G220700.1.A	3558	3452.5	14.9224	0.171432
Gorai.011G220700.1.D	3558	3452.5	43.7519	0.50263
Gorai.011G220800.1.A	4113	4007.5	40.0417	0.396299
Gorai.011G220800.1.D	4113	4007.5	52.9583	0.524137
Gorai.011G220900.1.A	447	341.583	0	0
Gorai.011G220900.1.D	447	341.583	0	0
Gorai.011G221000.1.A	450	344.583	0	0
Gorai.011G221000.1.D	450	344.583	0	0
Gorai.011G221100.1.A	393	287.583	10	1.37918
Gorai.011G221100.1.D	393	287.583	0	0
Gorai.011G221200.1.A	447	341.583	0	0
Gorai.011G221200.1.D	447	341.583	0	0
Gorai.011G221300.1.A	375	269.583	0	0
Gorai.011G221300.1.D	375	269.583	0	0
Gorai.011G221400.1.A	357	251.63	0	0
Gorai.011G221400.1.D	357	251.63	0	0
Gorai.011G221500.1.A	703	597.505	330.499	21.9388
Gorai.011G221500.1.D	703	597.505	1656.5	109.96
Gorai.011G221600.1.A	1332	1226.5	466.038	15.0708
Gorai.011G221600.1.D	1332	1226.5	946.962	30.623
Gorai.011G221700.1.A	2224	2118.5	46.8197	0.876564
Gorai.011G221700.1.D	2224	2118.5	21.1803	0.396541
Gorai.011G221800.1.A	912	806.505	2678.58	131.729
Gorai.011G221800.1.D	912	806.505	3504.42	172.343
Gorai.011G221900.1.A	948	842.505	0	0
Gorai.011G221900.1.D	948	842.505	0	0
Gorai.011G222000.1.A	359	253.63	3	0.469143
Gorai.011G222000.1.D	359	253.63	0	0
Gorai.011G222100.1.A	555	449.551	68.303	6.02622
Gorai.011G222100.1.D	555	449.551	68.303	6.02622
Gorai.011G222200.1.A	1191	1085.5	0	0
Gorai.011G222200.1.D	1191	1085.5	0	0
Gorai.011G222300.1.A	1273	1167.5	0	0
Gorai.011G222300.1.D	1273	1167.5	0	0
Gorai.011G222400.1.A	1129	1023.5	0	0
Gorai.011G222400.1.D	1129	1023.5	0	0
Gorai.011G222500.1.A	1251	1145.5	9	0.311624
Gorai.011G222500.1.D	1251	1145.5	0	0
Gorai.011G222600.1.A	2623	2517.5	1345.87	21.2041
Gorai.011G222600.1.D	2623	2517.5	839.378	13.2243
Gorai.011G222700.1.A	1257	1151.5	44.7583	1.54168
Gorai.011G222700.1.D	1257	1151.5	86.2417	2.97055
Gorai.011G222800.1.A	1101	995.505	18.0103	0.717568
Gorai.011G222800.1.D	1101	995.505	7.60324	0.302929
Gorai.011G222900.1.A	1541	1435.5	0	0
Gorai.011G222900.1.D	1541	1435.5	2	0.0552599
Gorai.011G223000.1.A	1117	1011.5	0	0
Gorai.011G223000.1.D	1117	1011.5	3.38643	0.132788
Gorai.011G223100.1.A	862	756.505	0	0
Gorai.011G223100.1.D	862	756.505	3	0.157288
Gorai.011G223200.1.A	417	311.583	0	0
Gorai.011G223200.1.D	417	311.583	0	0
Gorai.011G223300.1.A	821	715.505	973.463	53.9625
Gorai.011G223300.1.D	821	715.505	517.537	28.6889
Gorai.011G223400.1.A	1813	1707.5	0	0
Gorai.011G223400.1.D	1813	1707.5	23.4741	0.54527
Gorai.011G223500.1.A	1128	1022.5	45	1.74555
Gorai.011G223500.1.D	1128	1022.5	36	1.39644
Gorai.011G223600.1.A	5234	5128.5	591.74	4.57641
Gorai.011G223600.1.D	5234	5128.5	884.26	6.83871
Gorai.011G223700.1.A	917	811.505	56.8421	2.7782
Gorai.011G223700.1.D	917	811.505	15.1579	0.740854
Gorai.011G223800.1.A	1312	1206.5	18.7225	0.615488
Gorai.011G223800.1.D	1312	1206.5	21.1384	0.69491
Gorai.011G223900.1.A	2561	2455.5	37.7727	0.61013
Gorai.011G223900.1.D	2561	2455.5	16.6298	0.268616
Gorai.011G224000.1.A	3482	3376.5	121.459	1.42675
Gorai.011G224000.1.D	3482	3376.5	42.1383	0.494988
Gorai.011G224100.1.A	1376	1270.5	214.109	6.68412
Gorai.011G224100.1.D	1376	1270.5	143.891	4.49202
Gorai.011G224200.1.A	3240	3134.5	307.329	3.88884
Gorai.011G224200.1.D	3240	3134.5	238.671	3.02006
Gorai.011G224300.1.A	824	718.505	0	0
Gorai.011G224300.1.D	824	718.505	10	0.552021
Gorai.011G224400.1.A	4183	4077.5	984.708	9.57851
Gorai.011G224400.1.D	4183	4077.5	1075.29	10.4596
Gorai.011G224500.1.A	2232	2126.5	1292.45	24.1065
Gorai.011G224500.1.D	2232	2126.5	2223.82	41.4781
Gorai.011G224600.1.A	2527	2421.5	683.477	11.195
Gorai.011G224600.1.D	2527	2421.5	736.523	12.0638
Gorai.011G224700.1.A	2092	1986.5	0	0
Gorai.011G224700.1.D	2092	1986.5	39	0.778682
Gorai.011G224800.1.A	1345	1239.5	0	0
Gorai.011G224800.1.D	1345	1239.5	0	0
Gorai.011G224900.1.A	1663	1557.5	0	0
Gorai.011G224900.1.D	1663	1557.5	0	0
Gorai.011G225000.1.A	1959	1853.5	0	0
Gorai.011G225000.1.D	1959	1853.5	0	0
Gorai.011G225100.1.A	1110	1004.5	1	0.0394851
Gorai.011G225100.1.D	1110	1004.5	0	0
Gorai.011G225200.1.A	1936	1830.5	7	0.151674
Gorai.011G225200.1.D	1936	1830.5	0	0
Gorai.011G225300.1.A	1612	1506.5	0.5	0.0131639
Gorai.011G225300.1.D	1612	1506.5	0.5	0.0131639
Gorai.011G225400.1.A	1820	1714.5	19.4118	0.449067
Gorai.011G225400.1.D	1820	1714.5	2.58824	0.0598756
Gorai.011G225500.1.A	1816	1710.5	0	0
Gorai.011G225500.1.D	1816	1710.5	7	0.162315
Gorai.011G225600.1.A	3137	3031.5	31.3317	0.40993
Gorai.011G225600.1.D	3137	3031.5	398.668	5.21601
Gorai.011G225700.1.A	1777	1671.5	23.1	0.548137
Gorai.011G225700.1.D	1777	1671.5	18.9	0.448476
Gorai.011G225800.1.A	3564	3458.5	295.662	3.39072
Gorai.011G225800.1.D	3564	3458.5	325.338	3.73105
Gorai.011G225900.1.A	3550	3444.5	292.712	3.37053
Gorai.011G225900.1.D	3550	3444.5	547.288	6.30194
Gorai.011G226000.1.A	1867	1761.5	35.8767	0.807818
Gorai.011G226000.1.D	1867	1761.5	61.1233	1.37628
Gorai.011G226100.1.A	1209	1103.5	14.2381	0.511756
Gorai.011G226100.1.D	1209	1103.5	8.7619	0.314927
Gorai.011G226200.1.A	4087	3981.5	714.974	7.12242
Gorai.011G226200.1.D	4087	3981.5	409.026	4.07464
Gorai.011G226300.1.A	1877	1771.5	103.431	2.31576
Gorai.011G226300.1.D	1877	1771.5	79.1865	1.77294
Gorai.011G226400.1.A	1298	1192.5	0	0
Gorai.011G226400.1.D	1298	1192.5	38.3823	1.2766
Gorai.011G226500.1.A	3105	2999.5	1.00008	0.0132242
Gorai.011G226500.1.D	3105	2999.5	0	0
Gorai.011G226600.1.A	2025	1919.5	2	0.0413262
Gorai.011G226600.1.D	2025	1919.5	1	0.0206631
Gorai.011G226700.1.A	407	301.583	0	0
Gorai.011G226700.1.D	407	301.583	0	0
Gorai.011G226800.1.A	4045	3939.5	1951.01	19.6427
Gorai.011G226800.1.D	4045	3939.5	2158.99	21.7367
Gorai.011G226900.1.A	1042	936.505	1	0.0423521
Gorai.011G226900.1.D	1042	936.505	1	0.0423521
Gorai.011G227000.1.A	726	620.505	0	0
Gorai.011G227000.1.D	726	620.505	0	0
Gorai.011G227100.1.A	2056	1950.5	1	0.0203347
Gorai.011G227100.1.D	2056	1950.5	11	0.223682
Gorai.011G227200.1.A	2420	2314.5	49.1707	0.842623
Gorai.011G227200.1.D	2420	2314.5	46.8293	0.802498
Gorai.011G227300.1.A	450	344.583	0	0
Gorai.011G227300.1.D	450	344.583	0	0
Gorai.011G227400.1.A	1298	1192.5	309.954	10.3091
Gorai.011G227400.1.D	1298	1192.5	61.3676	2.0411
Gorai.011G227500.1.A	827	721.505	8.67795	0.477049
Gorai.011G227500.1.D	827	721.505	0	0
Gorai.011G227600.1.A	1302	1196.5	6.28574	0.208366
Gorai.011G227600.1.D	1302	1196.5	46.0954	1.52802
Gorai.011G227700.1.A	1011	905.505	2.12781	0.0932025
Gorai.011G227700.1.D	1011	905.505	10.1234	0.443424
Gorai.011G227800.1.A	1184	1078.5	222.7	8.18997
Gorai.011G227800.1.D	1184	1078.5	48.6879	1.79054
Gorai.011G227900.1.A	609	503.551	0	0
Gorai.011G227900.1.D	609	503.551	0	0
Gorai.011G228000.1.A	1843	1737.5	93.332	2.13054
Gorai.011G228000.1.D	1843	1737.5	46.6754	1.06548
Gorai.011G228100.1.A	1575	1469.5	169.234	4.56774
Gorai.011G228100.1.D	1575	1469.5	79.7462	2.1524
Gorai.011G228200.1.A	512	406.551	32	3.1219
Gorai.011G228200.1.D	512	406.551	0	0
Gorai.011G228300.1.A	2073	1967.5	6018.15	121.32
Gorai.011G228300.1.D	2073	1967.5	3236.85	65.2517
Gorai.011G228400.1.A	1742	1636.5	140.78	3.41199
Gorai.011G228400.1.D	1742	1636.5	183.22	4.4406
Gorai.011G228500.1.A	2438	2332.5	738.691	12.561
Gorai.011G228500.1.D	2438	2332.5	2799.31	47.6007
Gorai.011G228600.1.A	1356	1250.5	298.5	9.46769
Gorai.011G228600.1.D	1356	1250.5	298.5	9.46769
Gorai.011G228700.1.A	863	757.505	0	0
Gorai.011G228700.1.D	863	757.505	58	3.03688
Gorai.011G228800.1.A	2447	2341.5	592.752	10.0407
Gorai.011G228800.1.D	2447	2341.5	898.248	15.2155
Gorai.011G228900.1.A	1321	1215.5	3	0.0978925
Gorai.011G228900.1.D	1321	1215.5	2.2543	0.0735598
Gorai.011G229000.1.A	1332	1226.5	41.2622	1.33435
Gorai.011G229000.1.D	1332	1226.5	152.427	4.92921
Gorai.011G229100.1.A	1788	1682.5	0	0
Gorai.011G229100.1.D	1788	1682.5	36.2139	0.853696
Gorai.011G229200.1.A	1129	1023.5	2.90983	0.112762
Gorai.011G229200.1.D	1129	1023.5	69.8359	2.70629
Gorai.011G229300.1.A	1131	1025.5	6.31092	0.244084
Gorai.011G229300.1.D	1131	1025.5	0	0
Gorai.011G229400.1.A	1789	1683.5	60.15	1.41712
Gorai.011G229400.1.D	1789	1683.5	42.6362	1.0045
Gorai.011G229500.1.A	3923	3817.5	150.504	1.5637
Gorai.011G229500.1.D	3923	3817.5	77.0762	0.800803
Gorai.011G229600.1.A	2503	2397.5	1703.53	28.1822
Gorai.011G229600.1.D	2503	2397.5	1103.47	18.2552
Gorai.011G229700.1.A	2314	2208.5	45.3158	0.813835
Gorai.011G229700.1.D	2314	2208.5	17.6842	0.317594
Gorai.011G229800.1.A	2193	2087.5	59.7024	1.13436
Gorai.011G229800.1.D	2193	2087.5	235.298	4.47069
Gorai.011G229900.1.A	3723	3617.5	77.562	0.850404
Gorai.011G229900.1.D	3723	3617.5	83.438	0.914828
Gorai.011G230000.1.A	2390	2284.5	437.952	7.6036
Gorai.011G230000.1.D	2390	2284.5	316.048	5.48714
Gorai.011G230100.1.A	609	503.551	3	0.236299
Gorai.011G230100.1.D	609	503.551	0	0
Gorai.011G230200.1.A	861	755.505	524.512	27.5362
Gorai.011G230200.1.D	861	755.505	3285.49	172.484
Gorai.011G230300.1.A	2992	2886.5	117.943	1.62064
Gorai.011G230300.1.D	2992	2886.5	173.057	2.37794
Gorai.011G230400.1.A	803	697.505	415.538	23.6292
Gorai.011G230400.1.D	803	697.505	345.462	19.6444
Gorai.011G230500.1.A	261	155.894	0	0
Gorai.011G230500.1.D	261	155.894	0	0
Gorai.011G230600.1.A	868	762.505	0	0
Gorai.011G230600.1.D	868	762.505	25	1.30042
Gorai.011G230700.1.A	1454	1348.5	945.332	27.8046
Gorai.011G230700.1.D	1454	1348.5	404.668	11.9023
Gorai.011G230800.1.A	942	836.505	0	0
Gorai.011G230800.1.D	942	836.505	0	0
Gorai.011G230900.1.A	978	872.505	0	0
Gorai.011G230900.1.D	978	872.505	0	0
Gorai.011G231000.1.A	1137	1031.5	0	0
Gorai.011G231000.1.D	1137	1031.5	0	0
Gorai.011G231100.1.A	1624	1518.5	0	0
Gorai.011G231100.1.D	1624	1518.5	0	0
Gorai.011G231200.1.A	486	380.551	24.3515	2.53804
Gorai.011G231200.1.D	486	380.551	24.3515	2.53804
Gorai.011G231300.1.A	1336	1230.5	0	0
Gorai.011G231300.1.D	1336	1230.5	0	0
Gorai.011G231400.1.A	498	392.551	0	0
Gorai.011G231400.1.D	498	392.551	0	0
Gorai.011G231500.1.A	1503	1397.5	0	0
Gorai.011G231500.1.D	1503	1397.5	0	0
Gorai.011G231600.1.A	873	767.505	0	0
Gorai.011G231600.1.D	873	767.505	0	0
Gorai.011G231700.1.A	1498	1392.5	0	0
Gorai.011G231700.1.D	1498	1392.5	0	0
Gorai.011G231800.1.A	1292	1186.5	0	0
Gorai.011G231800.1.D	1292	1186.5	2	0.0668568
Gorai.011G231900.1.A	379	273.583	150.5	21.8189
Gorai.011G231900.1.D	379	273.583	150.5	21.8189
Gorai.011G232000.1.A	246	141.071	0	0
Gorai.011G232000.1.D	246	141.071	0	0
Gorai.011G232100.1.A	2170	2064.5	0	0
Gorai.011G232100.1.D	2170	2064.5	0	0
Gorai.011G232200.1.A	2248	2142.5	35.5	0.657191
Gorai.011G232200.1.D	2248	2142.5	35.5	0.657191
Gorai.011G232300.1.A	1835	1729.5	4.71953	0.108234
Gorai.011G232300.1.D	1835	1729.5	4.71953	0.108234
Gorai.011G232400.1.A	839	733.505	0	0
Gorai.011G232400.1.D	839	733.505	0	0
Gorai.011G232500.1.A	1859	1753.5	0.780466	0.0176536
Gorai.011G232500.1.D	1859	1753.5	0.780466	0.0176536
Gorai.011G232600.1.A	1700	1594.5	0	0
Gorai.011G232600.1.D	1700	1594.5	0	0
Gorai.011G232700.1.A	1723	1617.5	0.5	0.0122605
Gorai.011G232700.1.D	1723	1617.5	0.5	0.0122605
Gorai.011G232800.1.A	1311	1205.5	0	0
Gorai.011G232800.1.D	1311	1205.5	0	0
Gorai.011G232900.1.A	1248	1142.5	0	0
Gorai.011G232900.1.D	1248	1142.5	0	0
Gorai.011G233000.1.A	1994	1888.5	220.517	4.63137
Gorai.011G233000.1.D	1994	1888.5	136.243	2.86142
Gorai.011G233100.1.A	1614	1508.5	43.3443	1.13965
Gorai.011G233100.1.D	1614	1508.5	59.3225	1.55976
Gorai.011G233200.1.A	1183	1077.5	23.8519	0.877987
Gorai.011G233200.1.D	1183	1077.5	4.14815	0.152693
Gorai.011G233300.1.A	2593	2487.5	1082.3	17.2571
Gorai.011G233300.1.D	2593	2487.5	801.702	12.783
Gorai.011G233400.1.A	1335	1229.5	0	0
Gorai.011G233400.1.D	1335	1229.5	18	0.580667
Gorai.011G233500.1.A	1376	1270.5	0	0
Gorai.011G233500.1.D	1376	1270.5	2	0.0624365
Gorai.011G233600.1.A	1106	1000.5	422.129	16.7344
Gorai.011G233600.1.D	1106	1000.5	839.871	33.295
Gorai.011G233700.1.A	5093	4987.5	204.804	1.6287
Gorai.011G233700.1.D	5093	4987.5	142.196	1.13081
Gorai.011G233800.1.A	3252	3146.5	425.027	5.35763
Gorai.011G233800.1.D	3252	3146.5	452.973	5.70991
Gorai.011G233900.1.A	2291	2185.5	11	0.19963
Gorai.011G233900.1.D	2291	2185.5	13	0.235926
Gorai.011G234000.1.A	1658	1552.5	107.077	2.73557
Gorai.011G234000.1.D	1658	1552.5	95.9231	2.45062
Gorai.011G234100.1.A	1278	1172.5	712.019	24.0859
Gorai.011G234100.1.D	1278	1172.5	976.981	33.0488
Gorai.011G234200.1.A	2253	2147.5	102.261	1.88869
Gorai.011G234200.1.D	2253	2147.5	377.739	6.97658
Gorai.011G234300.1.A	1181	1075.5	24.8	0.914585
Gorai.011G234300.1.D	1181	1075.5	68.2	2.51511
Gorai.011G234400.1.A	1119	1013.5	1.375	0.0538099
Gorai.011G234400.1.D	1119	1013.5	9.625	0.376669
Gorai.011G234500.1.A	1316	1210.5	3	0.0982969
Gorai.011G234500.1.D	1316	1210.5	4	0.131062
Gorai.011G234600.1.A	5235	5129.5	1060.48	8.19999
Gorai.011G234600.1.D	5235	5129.5	794.517	6.14345
Gorai.011G234700.1.A	1280	1174.5	0	0
Gorai.011G234700.1.D	1280	1174.5	0	0
Gorai.011G234800.1.A	1560	1454.5	2.5502	0.0695414
Gorai.011G234800.1.D	1560	1454.5	2.5502	0.0695414
Gorai.011G234900.1.A	1572	1466.5	0	0
Gorai.011G234900.1.D	1572	1466.5	0	0
Gorai.011G235000.1.A	2230	2124.5	0	0
Gorai.011G235000.1.D	2230	2124.5	1	0.0186693
Gorai.011G235100.1.A	1224	1118.5	300.922	10.6709
Gorai.011G235100.1.D	1224	1118.5	364.078	12.9105
Gorai.011G235200.1.A	3210	3104.5	16.3393	0.20875
Gorai.011G235200.1.D	3210	3104.5	44.6607	0.570582
Gorai.011G235300.1.A	1769	1663.5	94.7742	2.2597
Gorai.011G235300.1.D	1769	1663.5	18.2258	0.434558
Gorai.011G235400.1.A	360	254.63	1.5	0.23365
Gorai.011G235400.1.D	360	254.63	1.5	0.23365
Gorai.011G235500.1.A	1538	1432.5	6.4	0.177202
Gorai.011G235500.1.D	1538	1432.5	9.6	0.265803
Gorai.011G235600.1.A	1465	1359.5	19.1541	0.558811
Gorai.011G235600.1.D	1465	1359.5	1472.85	42.9696
Gorai.011G235700.1.A	1135	1029.5	66.5083	2.56232
Gorai.011G235700.1.D	1135	1029.5	85.1496	3.28049
Gorai.011G235800.1.A	1209	1103.5	358.643	12.8906
Gorai.011G235800.1.D	1209	1103.5	718.357	25.8197
Gorai.011G235900.1.A	705	599.505	3	0.198479
Gorai.011G235900.1.D	705	599.505	0	0
Gorai.011G236000.1.A	901	795.505	1	0.0498588
Gorai.011G236000.1.D	901	795.505	0	0
Gorai.011G236100.1.A	3609	3503.5	26.3419	0.298215
Gorai.011G236100.1.D	3609	3503.5	107.658	1.21879
Gorai.011G236200.1.A	3924	3818.5	13.4333	0.139532
Gorai.011G236200.1.D	3924	3818.5	48.5667	0.504464
Gorai.011G236300.1.A	566	460.551	3	0.258362
Gorai.011G236300.1.D	566	460.551	0	0
Gorai.011G236400.1.A	3785	3679.5	429.594	4.63078
Gorai.011G236400.1.D	3785	3679.5	424.406	4.57485
Gorai.011G236500.1.A	770	664.505	2.01715	0.1204
Gorai.011G236500.1.D	770	664.505	0	0
Gorai.011G236600.1.A	1571	1465.5	102.87	2.78412
Gorai.011G236600.1.D	1571	1465.5	62.1296	1.6815
Gorai.011G236700.1.A	1206	1100.5	0	0
Gorai.011G236700.1.D	1206	1100.5	0	0
Gorai.011G236800.1.A	1852	1746.5	0	0
Gorai.011G236800.1.D	1852	1746.5	534	12.1271
Gorai.011G236900.1.A	1535	1429.5	291.678	8.09289
Gorai.011G236900.1.D	1535	1429.5	138.322	3.83786
Gorai.011G237000.1.A	558	452.551	4	0.350572
Gorai.011G237000.1.D	558	452.551	0	0
Gorai.011G237100.1.A	1796	1690.5	61.0619	1.43265
Gorai.011G237100.1.D	1796	1690.5	53.9381	1.2655
Gorai.011G237200.1.A	1107	1001.5	0	0
Gorai.011G237200.1.D	1107	1001.5	0	0
Gorai.011G237300.1.A	2610	2504.5	1459.02	23.106
Gorai.011G237300.1.D	2610	2504.5	322.981	5.11494
Gorai.011G237400.1.A	300	194.687	0	0
Gorai.011G237400.1.D	300	194.687	1	0.203726
Gorai.011G237500.1.A	1304	1198.5	984.099	32.5675
Gorai.011G237500.1.D	1304	1198.5	1197.9	39.643
Gorai.011G237600.1.A	387	281.583	0	0
Gorai.011G237600.1.D	387	281.583	3	0.422571
Gorai.011G237700.1.A	2901	2795.5	56.55	0.802338
Gorai.011G237700.1.D	2901	2795.5	1.45	0.0205728
Gorai.011G237800.1.A	930	824.505	2	0.0962104
Gorai.011G237800.1.D	930	824.505	0	0
Gorai.011G237900.1.A	1211	1105.5	336.249	12.0638
Gorai.011G237900.1.D	1211	1105.5	529.751	19.0062
Gorai.011G238000.1.A	2963	2857.5	267.286	3.71
Gorai.011G238000.1.D	2963	2857.5	102.238	1.4191
Gorai.011G238100.1.A	2256	2150.5	818.536	15.0967
Gorai.011G238100.1.D	2256	2150.5	1097.94	20.2499
Gorai.011G238200.1.A	4204	4098.5	34.7429	0.336221
Gorai.011G238200.1.D	4204	4098.5	3.25714	0.0315207
Gorai.011G238300.1.A	2106	2000.5	0	0
Gorai.011G238300.1.D	2106	2000.5	8	0.158612
Gorai.011G238400.1.A	2578	2472.5	581.185	9.32315
Gorai.011G238400.1.D	2578	2472.5	1404.81	22.5355
Gorai.011G238500.1.A	2985	2879.5	357.473	4.92392
Gorai.011G238500.1.D	2985	2879.5	156.527	2.15603
Gorai.011G238600.1.A	1963	1857.5	43.0435	0.919099
Gorai.011G238600.1.D	1963	1857.5	11.9565	0.255305
Gorai.011G238700.1.A	2044	1938.5	342.95	7.01696
Gorai.011G238700.1.D	2044	1938.5	18.05	0.369314
Gorai.011G238800.1.A	1888	1782.5	1291.12	28.729
Gorai.011G238800.1.D	1888	1782.5	1154.88	25.6975
Gorai.011G238900.1.A	2589	2483.5	947.645	15.1344
Gorai.011G238900.1.D	2589	2483.5	654.355	10.4504
Gorai.011G239000.1.A	2558	2452.5	801.117	12.956
Gorai.011G239000.1.D	2558	2452.5	720.883	11.6584
Gorai.011G239100.1.A	417	311.583	0	0
Gorai.011G239100.1.D	417	311.583	0	0
Gorai.011G239200.1.A	393	287.583	0	0
Gorai.011G239200.1.D	393	287.583	0	0
Gorai.011G239300.1.A	1432	1326.5	27	0.807309
Gorai.011G239300.1.D	1432	1326.5	32	0.956811
Gorai.011G239400.1.A	1836	1730.5	192.452	4.41098
Gorai.011G239400.1.D	1836	1730.5	272.548	6.24676
Gorai.011G239500.1.A	1412	1306.5	507.442	15.4049
Gorai.011G239500.1.D	1412	1306.5	403.608	12.2527
Gorai.011G239600.1.A	2892	2786.5	54.931	0.781885
Gorai.011G239600.1.D	2892	2786.5	4.06897	0.0579174
Gorai.011G239700.1.A	414	308.583	0	0
Gorai.011G239700.1.D	414	308.583	0	0
Gorai.011G239800.1.A	372	266.583	0	0
Gorai.011G239800.1.D	372	266.583	0	0
Gorai.011G239900.1.A	1229	1123.5	0	0
Gorai.011G239900.1.D	1229	1123.5	0	0
Gorai.011G240000.1.A	2293	2187.5	712.065	12.9109
Gorai.011G240000.1.D	2293	2187.5	67.9355	1.23178
Gorai.011G240100.1.A	1815	1709.5	73.8947	1.71446
Gorai.011G240100.1.D	1815	1709.5	4.39679	0.102012
Gorai.011G240200.1.A	1687	1581.5	1035.19	25.9619
Gorai.011G240200.1.D	1687	1581.5	1012.51	25.3931
Gorai.011G240300.1.A	3302	3196.5	69.5484	0.862972
Gorai.011G240300.1.D	3302	3196.5	28.4516	0.353034
Gorai.011G240400.1.A	1076	970.505	0	0
Gorai.011G240400.1.D	1076	970.505	0	0
Gorai.011G240500.1.A	3190	3084.5	100	1.28588
Gorai.011G240500.1.D	3190	3084.5	48	0.617221
Gorai.011G240600.1.A	1464	1358.5	762.262	22.255
Gorai.011G240600.1.D	1464	1358.5	567.738	16.5757
Gorai.011G240700.1.A	1913	1807.5	2	0.043887
Gorai.011G240700.1.D	1913	1807.5	5	0.109717
Gorai.011G240800.1.A	6097	5991.5	526.289	3.48396
Gorai.011G240800.1.D	6097	5991.5	658.711	4.36057
Gorai.011G240900.1.A	3934	3828.5	117.07	1.21284
Gorai.011G240900.1.D	3934	3828.5	17.9297	0.18575
Gorai.011G241000.1.A	1107	1001.5	2	0.0792067
Gorai.011G241000.1.D	1107	1001.5	2	0.0792067
Gorai.011G241100.1.A	1822	1716.5	5.35714	0.123786
Gorai.011G241100.1.D	1822	1716.5	9.64286	0.222816
Gorai.011G241200.1.A	1084	978.505	672.881	27.2747
Gorai.011G241200.1.D	1084	978.505	1013.94	41.0993
Gorai.011G241300.1.A	1515	1409.5	45.5781	1.28255
Gorai.011G241300.1.D	1515	1409.5	45.5781	1.28255
Gorai.011G241400.1.A	1336	1230.5	984.202	31.7239
Gorai.011G241400.1.D	1336	1230.5	945.696	30.4827
Gorai.011G241500.1.A	1516	1410.5	117.703	3.30977
Gorai.011G241500.1.D	1516	1410.5	44.2969	1.24561
Gorai.011G241600.1.A	1038	932.505	210.144	8.93823
Gorai.011G241600.1.D	1038	932.505	83.8557	3.5667
Gorai.011G241700.1.A	2474	2368.5	15.8333	0.265145
Gorai.011G241700.1.D	2474	2368.5	3.16667	0.0530289
Gorai.011G241800.1.A	1282	1176.5	646.34	21.7897
Gorai.011G241800.1.D	1282	1176.5	957.66	32.2851
Gorai.011G241900.1.A	1365	1259.5	359.628	11.325
Gorai.011G241900.1.D	1365	1259.5	650.072	20.4714
Gorai.011G242000.1.A	2077	1971.5	281.164	5.65649
Gorai.011G242000.1.D	2077	1971.5	422.836	8.50666
Gorai.011G242100.1.A	2926	2820.5	217.083	3.0527
Gorai.011G242100.1.D	2926	2820.5	303.917	4.27378
Gorai.011G242200.1.A	3430	3324.5	689.552	8.22669
Gorai.011G242200.1.D	3430	3324.5	441.448	5.26668
Gorai.011G242300.1.A	2043	1937.5	117.904	2.41363
Gorai.011G242300.1.D	2043	1937.5	491.096	10.0533
Gorai.011G242400.1.A	1359	1253.5	116.043	3.67179
Gorai.011G242400.1.D	1359	1253.5	229.957	7.27621
Gorai.011G242500.1.A	3936	3830.5	210.129	2.17578
Gorai.011G242500.1.D	3936	3830.5	417.871	4.32684
Gorai.011G242600.1.A	1769	1663.5	194.544	4.63852
Gorai.011G242600.1.D	1769	1663.5	174.456	4.15954
Gorai.011G242700.1.A	1417	1311.5	239.514	7.24344
Gorai.011G242700.1.D	1417	1311.5	180.486	5.45833
Gorai.011G242800.1.A	3823	3717.5	493.645	5.26682
Gorai.011G242800.1.D	3823	3717.5	404.013	4.31052
Gorai.011G242900.1.A	1407	1301.5	0	0
Gorai.011G242900.1.D	1407	1301.5	0	0
Gorai.011G243000.1.A	700	594.505	0	0
Gorai.011G243000.1.D	700	594.505	0	0
Gorai.011G243100.1.A	798	692.505	19.5	1.11686
Gorai.011G243100.1.D	798	692.505	6.5	0.372285
Gorai.011G243200.1.A	686	580.505	2	0.13665
Gorai.011G243200.1.D	686	580.505	1	0.0683249
Gorai.011G243300.1.A	661	555.505	0	0
Gorai.011G243300.1.D	661	555.505	0	0
Gorai.011G243400.1.A	1316	1210.5	3.42857	0.112339
Gorai.011G243400.1.D	1316	1210.5	4.57143	0.149786
Gorai.011G243500.1.A	1030	924.505	0	0
Gorai.011G243500.1.D	1030	924.505	0	0
Gorai.011G243600.1.A	351	245.63	1.5	0.242211
Gorai.011G243600.1.D	351	245.63	1.5	0.242211
Gorai.011G243700.1.A	2149	2043.5	0	0
Gorai.011G243700.1.D	2149	2043.5	0	0
Gorai.011G243800.1.A	390	284.583	25.653	3.57531
Gorai.011G243800.1.D	390	284.583	0	0
Gorai.011G243900.1.A	677	571.505	3	0.208203
Gorai.011G243900.1.D	677	571.505	0	0
Gorai.011G244000.1.A	2352	2246.5	0	0
Gorai.011G244000.1.D	2352	2246.5	0	0
Gorai.011G244100.1.A	1747	1641.5	0.5	0.0120813
Gorai.011G244100.1.D	1747	1641.5	0.5	0.0120813
Gorai.011G244200.1.A	1608	1502.5	0	0
Gorai.011G244200.1.D	1608	1502.5	0	0
Gorai.011G244300.1.A	459	353.551	9	1.00966
Gorai.011G244300.1.D	459	353.551	0	0
Gorai.011G244400.1.A	2185	2079.5	0	0
Gorai.011G244400.1.D	2185	2079.5	0	0
Gorai.011G244500.1.A	420	314.583	3	0.378243
Gorai.011G244500.1.D	420	314.583	0	0
Gorai.011G244600.1.A	609	503.551	112.895	8.89232
Gorai.011G244600.1.D	609	503.551	52.1053	4.10415
Gorai.011G244700.1.A	2580	2474.5	112.201	1.79844
Gorai.011G244700.1.D	2580	2474.5	38.7986	0.621889
Gorai.011G244800.1.A	645	539.505	0	0
Gorai.011G244800.1.D	645	539.505	0	0
Gorai.011G244900.1.A	2728	2622.5	314.187	4.75178
Gorai.011G244900.1.D	2728	2622.5	292.813	4.42853
Gorai.011G245000.1.A	1295	1189.5	153.665	5.12381
Gorai.011G245000.1.D	1295	1189.5	19.3353	0.644718
Gorai.011G245100.1.A	1350	1244.5	0	0
Gorai.011G245100.1.D	1350	1244.5	8	0.254964
Gorai.011G245200.1.A	1387	1281.5	47.1858	1.46042
Gorai.011G245200.1.D	1387	1281.5	76.8142	2.37742
Gorai.011G245300.1.A	1027	921.505	475.663	20.4733
Gorai.011G245300.1.D	1027	921.505	854.337	36.7719
Gorai.011G245400.1.A	1201	1095.5	2087.75	75.5872
Gorai.011G245400.1.D	1201	1095.5	294.253	10.6535
Gorai.011G245500.1.A	975	869.505	3	0.136847
Gorai.011G245500.1.D	975	869.505	0	0
Gorai.011G245600.1.A	1071	965.505	297.881	12.237
Gorai.011G245600.1.D	1071	965.505	405.119	16.6423
Gorai.011G245700.1.A	4214	4108.5	379.926	3.66775
Gorai.011G245700.1.D	4214	4108.5	499.074	4.81799
Gorai.011G245800.1.A	759	653.505	0	0
Gorai.011G245800.1.D	759	653.505	0	0
Gorai.011G245900.1.A	1335	1229.5	0	0
Gorai.011G245900.1.D	1335	1229.5	0	0
Gorai.011G246000.1.A	984	878.505	0	0
Gorai.011G246000.1.D	984	878.505	11	0.496631
Gorai.011G246100.1.A	2766	2660.5	76.3689	1.13851
Gorai.011G246100.1.D	2766	2660.5	130.631	1.94745
Gorai.011G246200.1.A	1325	1219.5	706.968	22.9933
Gorai.011G246200.1.D	1325	1219.5	958.032	31.1588
Gorai.011G246300.1.A	2705	2599.5	152.147	2.32145
Gorai.011G246300.1.D	2705	2599.5	144.853	2.21014
Gorai.011G246400.1.A	1795	1689.5	773.068	18.1486
Gorai.011G246400.1.D	1795	1689.5	486.932	11.4313
Gorai.011G246500.1.A	1949	1843.5	20.4348	0.439654
Gorai.011G246500.1.D	1949	1843.5	26.5652	0.57155
Gorai.011G246600.1.A	3118	3012.5	75.782	0.997753
Gorai.011G246600.1.D	3118	3012.5	170.218	2.24111
Gorai.011G246700.1.A	563	457.551	2	0.17337
Gorai.011G246700.1.D	563	457.551	0	0
Gorai.011G246800.1.A	623	517.505	0	0
Gorai.011G246800.1.D	623	517.505	3	0.229928
Gorai.011G246900.1.A	720	614.505	0	0
Gorai.011G246900.1.D	720	614.505	0	0
Gorai.011G247000.1.A	750	644.505	0	0
Gorai.011G247000.1.D	750	644.505	0	0
Gorai.011G247100.1.A	594	488.551	0	0
Gorai.011G247100.1.D	594	488.551	0	0
Gorai.011G247200.1.A	747	641.505	0	0
Gorai.011G247200.1.D	747	641.505	0	0
Gorai.011G247300.1.A	684	578.505	0	0
Gorai.011G247300.1.D	684	578.505	0	0
Gorai.011G247400.1.A	504	398.551	0	0
Gorai.011G247400.1.D	504	398.551	0	0
Gorai.011G247500.1.A	861	755.505	0	0
Gorai.011G247500.1.D	861	755.505	0	0
Gorai.011G247600.1.A	1094	988.505	0	0
Gorai.011G247600.1.D	1094	988.505	0	0
Gorai.011G247700.1.A	627	521.505	0	0
Gorai.011G247700.1.D	627	521.505	0	0
Gorai.011G247800.1.A	967	861.505	0	0
Gorai.011G247800.1.D	967	861.505	0	0
Gorai.011G247900.1.A	1239	1133.5	0	0
Gorai.011G247900.1.D	1239	1133.5	0	0
Gorai.011G248000.1.A	627	521.505	0	0
Gorai.011G248000.1.D	627	521.505	0	0
Gorai.011G248100.1.A	814	708.505	0	0
Gorai.011G248100.1.D	814	708.505	0	0
Gorai.011G248200.1.A	447	341.583	0	0
Gorai.011G248200.1.D	447	341.583	0	0
Gorai.011G248300.1.A	741	635.505	0	0
Gorai.011G248300.1.D	741	635.505	0	0
Gorai.011G248400.1.A	459	353.551	0	0
Gorai.011G248400.1.D	459	353.551	0	0
Gorai.011G248500.1.A	1123	1017.5	0	0
Gorai.011G248500.1.D	1123	1017.5	0	0
Gorai.011G248600.1.A	678	572.505	0	0
Gorai.011G248600.1.D	678	572.505	0	0
Gorai.011G248700.1.A	603	497.551	0	0
Gorai.011G248700.1.D	603	497.551	0	0
Gorai.011G248800.1.A	2199	2093.5	0	0
Gorai.011G248800.1.D	2199	2093.5	0	0
Gorai.011G248900.1.A	639	533.505	0	0
Gorai.011G248900.1.D	639	533.505	0	0
Gorai.011G249000.1.A	2015	1909.5	25.078	0.520903
Gorai.011G249000.1.D	2015	1909.5	13.4757	0.279909
Gorai.011G249100.1.A	1029	923.505	6.69589	0.287577
Gorai.011G249100.1.D	1029	923.505	11.0712	0.475489
Gorai.011G249200.1.A	1660	1554.5	199.282	5.08465
Gorai.011G249200.1.D	1660	1554.5	23.3969	0.596969
Gorai.011G249300.1.A	865	759.505	555.374	29.0028
Gorai.011G249300.1.D	865	759.505	439.626	22.9582
Gorai.011G249400.1.A	1813	1707.5	0	0
Gorai.011G249400.1.D	1813	1707.5	0	0
Gorai.011G249500.1.A	1374	1268.5	1.5	0.0469012
Gorai.011G249500.1.D	1374	1268.5	1.5	0.0469012
Gorai.011G249600.1.A	1149	1043.5	0	0
Gorai.011G249600.1.D	1149	1043.5	0	0
Gorai.011G249700.1.A	1026	920.505	0	0
Gorai.011G249700.1.D	1026	920.505	0	0
Gorai.011G249800.1.A	1476	1370.5	0	0
Gorai.011G249800.1.D	1476	1370.5	0	0
Gorai.011G249900.1.A	1290	1184.5	16	0.535757
Gorai.011G249900.1.D	1290	1184.5	0	0
Gorai.011G250000.1.A	1491	1385.5	0	0
Gorai.011G250000.1.D	1491	1385.5	0	0
Gorai.011G250100.1.A	1962	1856.5	0	0
Gorai.011G250100.1.D	1962	1856.5	34.0988	0.728498
Gorai.011G250200.1.A	552	446.551	0	0
Gorai.011G250200.1.D	552	446.551	0	0
Gorai.011G250300.1.A	1381	1275.5	0	0
Gorai.011G250300.1.D	1381	1275.5	0	0
Gorai.011G250400.1.A	1882	1776.5	0	0
Gorai.011G250400.1.D	1882	1776.5	0	0
Gorai.011G250500.1.A	1977	1871.5	0	0
Gorai.011G250500.1.D	1977	1871.5	0	0
Gorai.011G250600.1.A	1638	1532.5	0	0
Gorai.011G250600.1.D	1638	1532.5	0	0
Gorai.011G250700.1.A	630	524.505	0	0
Gorai.011G250700.1.D	630	524.505	0	0
Gorai.011G250800.1.A	2016	1910.5	0	0
Gorai.011G250800.1.D	2016	1910.5	0	0
Gorai.011G250900.1.A	1541	1435.5	0	0
Gorai.011G250900.1.D	1541	1435.5	0	0
Gorai.011G251000.1.A	1485	1379.5	0	0
Gorai.011G251000.1.D	1485	1379.5	0	0
Gorai.011G251100.1.A	1236	1130.5	0	0
Gorai.011G251100.1.D	1236	1130.5	0	0
Gorai.011G251200.1.A	339	233.63	0	0
Gorai.011G251200.1.D	339	233.63	0	0
Gorai.011G251300.1.A	764	658.505	60.7343	3.65814
Gorai.011G251300.1.D	764	658.505	0	0
Gorai.011G251400.1.A	1527	1421.5	0	0
Gorai.011G251400.1.D	1527	1421.5	0	0
Gorai.011G251500.1.A	973	867.505	0	0
Gorai.011G251500.1.D	973	867.505	0	0
Gorai.011G251600.1.A	1905	1799.5	2.60904	0.0575059
Gorai.011G251600.1.D	1905	1799.5	0	0
Gorai.011G251700.1.A	486	380.551	2.31176	0.240943
Gorai.011G251700.1.D	486	380.551	2.31176	0.240943
Gorai.011G251800.1.A	1600	1494.5	0	0
Gorai.011G251800.1.D	1600	1494.5	1.39096	0.036915
Gorai.011G251900.1.A	1284	1178.5	0	0
Gorai.011G251900.1.D	1284	1178.5	0	0
Gorai.011G252000.1.A	696	590.505	0	0
Gorai.011G252000.1.D	696	590.505	0	0
Gorai.011G252100.1.A	1104	998.505	0	0
Gorai.011G252100.1.D	1104	998.505	0	0
Gorai.011G252200.1.A	1281	1175.5	0	0
Gorai.011G252200.1.D	1281	1175.5	0	0
Gorai.011G252300.1.A	1494	1388.5	0	0
Gorai.011G252300.1.D	1494	1388.5	0	0
Gorai.011G252400.1.A	1275	1169.5	0	0
Gorai.011G252400.1.D	1275	1169.5	0	0
Gorai.011G252500.1.A	1613	1507.5	0	0
Gorai.011G252500.1.D	1613	1507.5	0	0
Gorai.011G252600.1.A	1875	1769.5	0	0
Gorai.011G252600.1.D	1875	1769.5	0	0
Gorai.011G252700.1.A	1995	1889.5	0	0
Gorai.011G252700.1.D	1995	1889.5	0	0
Gorai.011G252800.1.A	1906	1800.5	0	0
Gorai.011G252800.1.D	1906	1800.5	0	0
Gorai.011G252900.1.A	5096	4990.5	178.189	1.41619
Gorai.011G252900.1.D	5096	4990.5	189.811	1.50855
Gorai.011G253000.1.A	2911	2805.5	0	0
Gorai.011G253000.1.D	2911	2805.5	2	0.0282751
Gorai.011G253100.1.A	1173	1067.5	7	0.260084
Gorai.011G253100.1.D	1173	1067.5	7	0.260084
Gorai.011G253200.1.A	1146	1040.5	0	0
Gorai.011G253200.1.D	1146	1040.5	0	0
Gorai.011G253300.1.A	651	545.505	0	0
Gorai.011G253300.1.D	651	545.505	0	0
Gorai.011G253400.1.A	921	815.505	497.95	24.2184
Gorai.011G253400.1.D	921	815.505	0	0
Gorai.011G253500.1.A	2016	1910.5	1	0.0207605
Gorai.011G253500.1.D	2016	1910.5	0	0
Gorai.011G253600.1.A	1714	1608.5	0	0
Gorai.011G253600.1.D	1714	1608.5	0	0
Gorai.011G253700.1.A	1676	1570.5	3	0.0757647
Gorai.011G253700.1.D	1676	1570.5	3	0.0757647
Gorai.011G253800.1.A	2122	2016.5	0	0
Gorai.011G253800.1.D	2122	2016.5	0	0
Gorai.011G253900.1.A	2059	1953.5	117.395	2.38353
Gorai.011G253900.1.D	2059	1953.5	136.605	2.77356
Gorai.011G254000.1.A	1316	1210.5	0	0
Gorai.011G254000.1.D	1316	1210.5	5	0.163828
Gorai.011G254100.1.A	1815	1709.5	3	0.0696043
Gorai.011G254100.1.D	1815	1709.5	1	0.0232014
Gorai.011G254200.1.A	540	434.551	0	0
Gorai.011G254200.1.D	540	434.551	0	0
Gorai.011G254300.1.A	849	743.505	0	0
Gorai.011G254300.1.D	849	743.505	0	0
Gorai.011G254400.1.A	913	807.505	0	0
Gorai.011G254400.1.D	913	807.505	40.9145	2.00963
Gorai.011G254500.1.A	893	787.505	5	0.251827
Gorai.011G254500.1.D	893	787.505	0	0
Gorai.011G254600.1.A	924	818.505	5.67216	0.27486
Gorai.011G254600.1.D	924	818.505	0	0
Gorai.011G254700.1.A	627	521.505	0	0
Gorai.011G254700.1.D	627	521.505	0	0
Gorai.011G254800.1.A	818	712.505	0	0
Gorai.011G254800.1.D	818	712.505	10.1067	0.562611
Gorai.011G254900.1.A	965	859.505	26.9169	1.24211
Gorai.011G254900.1.D	965	859.505	74.3897	3.43281
Gorai.011G255000.1.A	559	453.551	0	0
Gorai.011G255000.1.D	559	453.551	0	0
Gorai.011G255100.1.A	2363	2257.5	211.021	3.7075
Gorai.011G255100.1.D	2363	2257.5	199.979	3.51351
Gorai.011G255200.1.A	1498	1392.5	42.8636	1.22089
Gorai.011G255200.1.D	1498	1392.5	49.1364	1.39956
Gorai.011G255300.1.A	3086	2980.5	0	0
Gorai.011G255300.1.D	3086	2980.5	0	0
Gorai.011G255400.1.A	621	515.505	6.21287	0.478019
Gorai.011G255400.1.D	621	515.505	492.06	37.8591
Gorai.011G255500.1.A	2010	1904.5	0	0
Gorai.011G255500.1.D	2010	1904.5	2	0.0416517
Gorai.011G255600.1.A	1317	1211.5	2	0.0654772
Gorai.011G255600.1.D	1317	1211.5	1	0.0327386
Gorai.011G255700.1.A	1083	977.505	0	0
Gorai.011G255700.1.D	1083	977.505	2	0.0811514
Gorai.011G255800.1.A	4812	4706.5	100.135	0.843868
Gorai.011G255800.1.D	4812	4706.5	94.6927	0.798
Gorai.011G255900.1.A	4466	4360.5	171.899	1.56358
Gorai.011G255900.1.D	4466	4360.5	119.101	1.08334
Gorai.011G256000.1.A	2350	2244.5	81.9661	1.44843
Gorai.011G256000.1.D	2350	2244.5	104.034	1.8384
Gorai.011G256100.1.A	1504	1398.5	9940.31	281.917
Gorai.011G256100.1.D	1504	1398.5	22733.7	644.749
Gorai.011G256200.1.A	213	108.896	102.478	37.3252
Gorai.011G256200.1.D	213	108.896	105.522	38.4338
Gorai.011G256300.1.A	1045	939.505	28.2881	1.19423
Gorai.011G256300.1.D	1045	939.505	54.4002	2.29661
Gorai.011G256400.1.A	598	492.551	0	0
Gorai.011G256400.1.D	598	492.551	0	0
Gorai.011G256500.1.A	1589	1483.5	0	0
Gorai.011G256500.1.D	1589	1483.5	0	0
Gorai.011G256600.1.A	2031	1925.5	16.0714	0.331051
Gorai.011G256600.1.D	2031	1925.5	13.9286	0.286911
Gorai.011G256700.1.A	525	419.551	0	0
Gorai.011G256700.1.D	525	419.551	0	0
Gorai.011G256800.1.A	1444	1338.5	104.73	3.10338
Gorai.011G256800.1.D	1444	1338.5	20.2703	0.600654
Gorai.011G256900.1.A	1475	1369.5	95.6089	2.76898
Gorai.011G256900.1.D	1475	1369.5	338.391	9.80032
Gorai.011G257000.1.A	810	704.505	1	0.056299
Gorai.011G257000.1.D	810	704.505	0	0
Gorai.011G257100.1.A	2847	2741.5	1	0.0144676
Gorai.011G257100.1.D	2847	2741.5	0	0
Gorai.011G257200.1.A	1335	1229.5	75.4375	2.43356
Gorai.011G257200.1.D	1335	1229.5	43.5625	1.4053
Gorai.011G257300.1.A	1143	1037.5	25.0526	0.957741
Gorai.011G257300.1.D	1143	1037.5	2.94737	0.112675
Gorai.011G257400.1.A	555	449.551	0	0
Gorai.011G257400.1.D	555	449.551	0	0
Gorai.011G257500.1.A	579	473.551	0	0
Gorai.011G257500.1.D	579	473.551	204	17.0863
Gorai.011G257600.1.A	736	630.505	0	0
Gorai.011G257600.1.D	736	630.505	2	0.125813
Gorai.011G257700.1.A	995	889.505	0	0
Gorai.011G257700.1.D	995	889.505	0	0
Gorai.011G257800.1.A	699	593.505	0	0
Gorai.011G257800.1.D	699	593.505	0	0
Gorai.011G257900.1.A	1177	1071.5	0	0
Gorai.011G257900.1.D	1177	1071.5	0	0
Gorai.011G258000.1.A	1181	1075.5	0	0
Gorai.011G258000.1.D	1181	1075.5	0	0
Gorai.011G258100.1.A	3510	3404.5	7	0.0815509
Gorai.011G258100.1.D	3510	3404.5	7	0.0815509
Gorai.011G258200.1.A	2481	2375.5	0	0
Gorai.011G258200.1.D	2481	2375.5	0	0
Gorai.011G258300.1.A	462	356.551	0	0
Gorai.011G258300.1.D	462	356.551	0	0
Gorai.011G258400.1.A	2706	2600.5	0	0
Gorai.011G258400.1.D	2706	2600.5	0	0
Gorai.011G258500.1.A	3304	3198.5	2	0.0248009
Gorai.011G258500.1.D	3304	3198.5	0	0
Gorai.011G258600.1.A	2967	2861.5	7	0.0970261
Gorai.011G258600.1.D	2967	2861.5	0	0
Gorai.011G258700.1.A	2853	2747.5	0	0
Gorai.011G258700.1.D	2853	2747.5	0	0
Gorai.011G258800.1.A	1593	1487.5	9.31959	0.248498
Gorai.011G258800.1.D	1593	1487.5	12.6273	0.336694
Gorai.011G258900.1.A	1236	1130.5	0	0
Gorai.011G258900.1.D	1236	1130.5	0	0
Gorai.011G259000.1.A	324	218.63	1	0.181416
Gorai.011G259000.1.D	324	218.63	1	0.181416
Gorai.011G259100.1.A	3595	3489.5	1.84211	0.020938
Gorai.011G259100.1.D	3595	3489.5	33.1579	0.376884
Gorai.011G259200.1.A	3307	3201.5	2	0.0247777
Gorai.011G259200.1.D	3307	3201.5	2	0.0247777
Gorai.011G259300.1.A	3522	3416.5	1	0.0116092
Gorai.011G259300.1.D	3522	3416.5	1	0.0116092
Gorai.011G259400.1.A	360	254.63	0	0
Gorai.011G259400.1.D	360	254.63	0	0
Gorai.011G259500.1.A	3013	2907.5	0	0
Gorai.011G259500.1.D	3013	2907.5	0	0
Gorai.011G259600.1.A	785	679.505	0	0
Gorai.011G259600.1.D	785	679.505	4	0.233482
Gorai.011G259700.1.A	1225	1119.5	0	0
Gorai.011G259700.1.D	1225	1119.5	0	0
Gorai.011G259800.1.A	3036	2930.5	0	0
Gorai.011G259800.1.D	3036	2930.5	0	0
Gorai.011G259900.1.A	761	655.505	0	0
Gorai.011G259900.1.D	761	655.505	0	0
Gorai.011G260000.1.A	1060	954.505	0	0
Gorai.011G260000.1.D	1060	954.505	0	0
Gorai.011G260100.1.A	1257	1151.5	246.218	8.48085
Gorai.011G260100.1.D	1257	1151.5	198.782	6.84693
Gorai.011G260200.1.A	3357	3251.5	0	0
Gorai.011G260200.1.D	3357	3251.5	54	0.65871
Gorai.011G260300.1.A	3036	2930.5	0	0
Gorai.011G260300.1.D	3036	2930.5	0	0
Gorai.011G260400.1.A	2320	2214.5	595.372	10.6634
Gorai.011G260400.1.D	2320	2214.5	229.628	4.11277
Gorai.011G260500.1.A	1503	1397.5	3743.22	106.237
Gorai.011G260500.1.D	1503	1397.5	4583.78	130.094
Gorai.011G260600.1.A	1638	1532.5	104.818	2.7128
Gorai.011G260600.1.D	1638	1532.5	1165.18	30.1562
Gorai.011G260700.1.A	1423	1317.5	35.8873	1.08037
Gorai.011G260700.1.D	1423	1317.5	55.1127	1.65914
Gorai.011G260800.1.A	1019	913.505	2162.81	93.9058
Gorai.011G260800.1.D	1019	913.505	1723.19	74.8182
Gorai.011G260900.1.A	407	301.583	0	0
Gorai.011G260900.1.D	407	301.583	0	0
Gorai.011G261000.1.A	1122	1016.5	0.5	0.0195095
Gorai.011G261000.1.D	1122	1016.5	0.5	0.0195095
Gorai.011G261100.1.A	587	481.551	0	0
Gorai.011G261100.1.D	587	481.551	0	0
Gorai.011G261200.1.A	563	457.551	2	0.17337
Gorai.011G261200.1.D	563	457.551	0	0
Gorai.011G261300.1.A	1260	1154.5	0	0
Gorai.011G261300.1.D	1260	1154.5	55.526	1.90759
Gorai.011G261400.1.A	1745	1639.5	539.222	13.0449
Gorai.011G261400.1.D	1745	1639.5	150.778	3.64762
Gorai.011G261500.1.A	1406	1300.5	17	0.518468
Gorai.011G261500.1.D	1406	1300.5	4	0.121992
Gorai.011G261600.1.A	4583	4477.5	62.7692	0.556027
Gorai.011G261600.1.D	4583	4477.5	49.2308	0.436099
Gorai.011G261700.1.A	1122	1016.5	1891.73	73.8133
Gorai.011G261700.1.D	1122	1016.5	3070.27	119.799
Gorai.011G261800.1.A	4540	4434.5	715.569	6.40017
Gorai.011G261800.1.D	4540	4434.5	747.431	6.68515
Gorai.011G261900.1.A	2115	2009.5	49.1949	0.970993
Gorai.011G261900.1.D	2115	2009.5	79.8051	1.57517
Gorai.011G262000.1.A	1380	1274.5	99	3.08091
Gorai.011G262000.1.D	1380	1274.5	368	11.4523
Gorai.011G262100.1.A	886	780.505	35.9824	1.82852
Gorai.011G262100.1.D	886	780.505	104.122	5.29118
Gorai.011G262200.1.A	408	302.583	35.8357	4.69738
Gorai.011G262200.1.D	408	302.583	35.8357	4.69738
Gorai.011G262300.1.A	1391	1285.5	6.95177	0.21449
Gorai.011G262300.1.D	1391	1285.5	6.95177	0.21449
Gorai.011G262400.1.A	1653	1547.5	0	0
Gorai.011G262400.1.D	1653	1547.5	0	0
Gorai.011G262500.1.A	527	421.551	224.079	21.0832
Gorai.011G262500.1.D	527	421.551	65.8163	6.19252
Gorai.011G262600.1.A	447	341.583	0	0
Gorai.011G262600.1.D	447	341.583	0	0
Gorai.011G262700.1.A	786	680.505	0	0
Gorai.011G262700.1.D	786	680.505	0	0
Gorai.011G262800.1.A	213	108.896	0	0
Gorai.011G262800.1.D	213	108.896	0	0
Gorai.011G262900.1.A	1067	961.505	4.8	0.198004
Gorai.011G262900.1.D	1067	961.505	1.2	0.0495011
Gorai.011G263000.1.A	6588	6482.5	3.86907	0.0236728
Gorai.011G263000.1.D	6588	6482.5	53.1839	0.325404
Gorai.011G263100.1.A	2175	2069.5	0	0
Gorai.011G263100.1.D	2175	2069.5	0	0
Gorai.011G263200.1.A	1795	1689.5	0.508056	0.0119272
Gorai.011G263200.1.D	1795	1689.5	0.508056	0.0119272
Gorai.011G263300.1.A	449	343.583	16.448	1.89874
Gorai.011G263300.1.D	449	343.583	16.448	1.89874
Gorai.011G263400.1.A	1135	1029.5	0	0
Gorai.011G263400.1.D	1135	1029.5	0	0
Gorai.011G263500.1.A	2422	2316.5	4.35365	0.0745428
Gorai.011G263500.1.D	2422	2316.5	4.35365	0.0745428
Gorai.011G263600.1.A	4497	4391.5	28.604	0.258344
Gorai.011G263600.1.D	4497	4391.5	0	0
Gorai.011G263700.1.A	2396	2290.5	0	0
Gorai.011G263700.1.D	2396	2290.5	4.92981	0.0853658
Gorai.011G263800.1.A	676	570.505	4.73277	0.329034
Gorai.011G263800.1.D	676	570.505	4.73277	0.329034
Gorai.011G263900.1.A	1440	1334.5	0	0
Gorai.011G263900.1.D	1440	1334.5	15.0639	0.447716
Gorai.011G264000.1.A	624	518.505	0	0
Gorai.011G264000.1.D	624	518.505	0	0
Gorai.011G264100.1.A	948	842.505	0	0
Gorai.011G264100.1.D	948	842.505	0	0
Gorai.011G264200.1.A	1600	1494.5	0	0
Gorai.011G264200.1.D	1600	1494.5	11.271	0.299124
Gorai.011G264300.1.A	1089	983.505	1.53082	0.0617352
Gorai.011G264300.1.D	1089	983.505	1.53082	0.0617352
Gorai.011G264400.1.A	966	860.505	1	0.0460927
Gorai.011G264400.1.D	966	860.505	1	0.0460927
Gorai.011G264500.1.A	4322	4216.5	0	0
Gorai.011G264500.1.D	4322	4216.5	16.8805	0.158788
Gorai.011G264600.1.A	972	866.505	0	0
Gorai.011G264600.1.D	972	866.505	3	0.13732
Gorai.011G264700.1.A	625	519.505	1.13755	0.0868491
Gorai.011G264700.1.D	625	519.505	1.13755	0.0868491
Gorai.011G264800.1.A	6741	6635.5	21.4381	0.128144
Gorai.011G264800.1.D	6741	6635.5	17.4735	0.104446
Gorai.011G264900.1.A	251	146.005	3.5	0.950788
Gorai.011G264900.1.D	251	146.005	3.5	0.950788
Gorai.011G265000.1.A	591	485.551	0.5	0.0408432
Gorai.011G265000.1.D	591	485.551	0.5	0.0408432
Gorai.011G265100.1.A	5157	5051.5	12.852	0.10091
Gorai.011G265100.1.D	5157	5051.5	0	0
Gorai.011G265200.1.A	1838	1732.5	20.4927	0.469149
Gorai.011G265200.1.D	1838	1732.5	0	0
Gorai.011G265300.1.A	1559	1453.5	0.765352	0.0208848
Gorai.011G265300.1.D	1559	1453.5	0.765352	0.0208848
Gorai.011G265400.1.A	1209	1103.5	1	0.0359427
Gorai.011G265400.1.D	1209	1103.5	1	0.0359427
Gorai.011G265500.1.A	918	812.505	0	0
Gorai.011G265500.1.D	918	812.505	0	0
Gorai.011G265600.1.A	210	105.986	0	0
Gorai.011G265600.1.D	210	105.986	0	0
Gorai.011G265700.1.A	4617	4511.5	0	0
Gorai.011G265700.1.D	4617	4511.5	26.6448	0.234248
Gorai.011G265800.1.A	1111	1005.5	0	0
Gorai.011G265800.1.D	1111	1005.5	0	0
Gorai.011G265900.1.A	6262	6156.5	57.7348	0.371953
Gorai.011G265900.1.D	6262	6156.5	19.7975	0.127544
Gorai.011G266000.1.A	1149	1043.5	0	0
Gorai.011G266000.1.D	1149	1043.5	10	0.380094
Gorai.011G266100.1.A	2546	2440.5	694.739	11.2909
Gorai.011G266100.1.D	2546	2440.5	409.261	6.65128
Gorai.011G266200.1.A	2878	2772.5	134.558	1.92496
Gorai.011G266200.1.D	2878	2772.5	128.442	1.83747
Gorai.011G266300.1.A	2052	1946.5	44.3162	0.903008
Gorai.011G266300.1.D	2052	1946.5	102.684	2.09234
Gorai.011G266400.1.A	2465	2359.5	126.4	2.12477
Gorai.011G266400.1.D	2465	2359.5	31.6	0.531192
Gorai.011G266500.1.A	522	416.551	16.6667	1.58696
Gorai.011G266500.1.D	522	416.551	3.33333	0.317391
Gorai.011G266600.1.A	1085	979.505	0	0
Gorai.011G266600.1.D	1085	979.505	1	0.0404929
Gorai.011G266700.1.A	1278	1172.5	73	2.46941
Gorai.011G266700.1.D	1278	1172.5	137	4.63437
Gorai.011G266800.1.A	1419	1313.5	524.131	15.8268
Gorai.011G266800.1.D	1419	1313.5	400.869	12.1048
Gorai.011G266900.1.A	2277	2171.5	71.5966	1.30773
Gorai.011G266900.1.D	2277	2171.5	48.4034	0.884096
Gorai.011G267000.1.A	1359	1253.5	175.124	5.54122
Gorai.011G267000.1.D	1359	1253.5	264.876	8.3811
Gorai.011G267100.1.A	1795	1689.5	21	0.492998
Gorai.011G267100.1.D	1795	1689.5	8	0.187809
Gorai.011G267200.1.A	1218	1112.5	138.5	4.93779
Gorai.011G267200.1.D	1218	1112.5	138.5	4.93779
Gorai.011G267300.1.A	1268	1162.5	72	2.45653
Gorai.011G267300.1.D	1268	1162.5	0	0
Gorai.011G267400.1.A	1035	929.505	4.4	0.187753
Gorai.011G267400.1.D	1035	929.505	6.6	0.281629
Gorai.011G267500.1.A	2174	2068.5	25.2451	0.484067
Gorai.011G267500.1.D	2174	2068.5	77.7549	1.49093
Gorai.011G267600.1.A	1707	1601.5	5	0.12383
Gorai.011G267600.1.D	1707	1601.5	5	0.12383
Gorai.011G267700.1.A	878	772.505	0	0
Gorai.011G267700.1.D	878	772.505	0	0
Gorai.011G267800.1.A	2110	2004.5	1.4	0.0277017
Gorai.011G267800.1.D	2110	2004.5	5.6	0.110807
Gorai.011G267900.1.A	1198	1092.5	84.2532	3.05878
Gorai.011G267900.1.D	1198	1092.5	88.7468	3.22192
Gorai.011G268000.1.A	2087	1981.5	980.597	19.6282
Gorai.011G268000.1.D	2087	1981.5	297.403	5.95299
Gorai.011G268100.1.A	576	470.551	0.5	0.0421452
Gorai.011G268100.1.D	576	470.551	0.5	0.0421452
Gorai.011G268200.1.A	1565	1459.5	279.95	7.60783
Gorai.011G268200.1.D	1565	1459.5	283.05	7.69205
Gorai.011G268300.1.A	2051	1945.5	96.8	1.97346
Gorai.011G268300.1.D	2051	1945.5	35.2	0.717621
Gorai.011G268400.1.A	2714	2608.5	872.827	13.2715
Gorai.011G268400.1.D	2714	2608.5	1273.17	19.3589
Gorai.011G268500.1.A	1725	1619.5	174.721	4.27906
Gorai.011G268500.1.D	1725	1619.5	190.279	4.66007
Gorai.011G268600.1.A	603	497.551	0	0
Gorai.011G268600.1.D	603	497.551	1	0.0797163
Gorai.011G268700.1.A	2171	2065.5	313.126	6.01282
Gorai.011G268700.1.D	2171	2065.5	162.585	3.12204
Gorai.011G268800.1.A	2214	2108.5	32.3765	0.609032
Gorai.011G268800.1.D	2214	2108.5	53.6235	1.00871
Gorai.011G268900.1.A	1340	1234.5	1475.98	47.4212
Gorai.011G268900.1.D	1340	1234.5	2106.02	67.6636
Gorai.011G269000.1.A	870	764.505	0	0
Gorai.011G269000.1.D	870	764.505	0	0
Gorai.011G269100.1.A	1707	1601.5	1307.96	32.3929
Gorai.011G269100.1.D	1707	1601.5	468.043	11.5916
Gorai.011G269200.1.A	962	856.505	1	0.0463079
Gorai.011G269200.1.D	962	856.505	17	0.787234
Gorai.011G269300.1.A	1635	1529.5	77.4038	2.00723
Gorai.011G269300.1.D	1635	1529.5	83.5962	2.16781
Gorai.011G269400.1.A	1077	971.505	0	0
Gorai.011G269400.1.D	1077	971.505	0	0
Gorai.011G269500.1.A	1080	974.505	0	0
Gorai.011G269500.1.D	1080	974.505	0	0
Gorai.011G269600.1.A	1179	1073.5	273.963	10.1222
Gorai.011G269600.1.D	1179	1073.5	279.037	10.3096
Gorai.011G269700.1.A	2732	2626.5	286.08	4.3201
Gorai.011G269700.1.D	2732	2626.5	346.92	5.23885
Gorai.011G269800.1.A	1487	1381.5	128.293	3.68328
Gorai.011G269800.1.D	1487	1381.5	220.707	6.33649
Gorai.011G269900.1.A	1551	1445.5	185.76	5.09703
Gorai.011G269900.1.D	1551	1445.5	459.24	12.601
Gorai.011G270000.1.A	3096	2990.5	8.33333	0.110525
Gorai.011G270000.1.D	3096	2990.5	1.66667	0.0221049
Gorai.011G270100.1.A	3158	3052.5	7.48695	0.0972822
Gorai.011G270100.1.D	3158	3052.5	37.4347	0.486411
Gorai.011G270200.1.A	456	350.551	0	0
Gorai.011G270200.1.D	456	350.551	0	0
Gorai.011G270300.1.A	983	877.505	17.0526	0.770774
Gorai.011G270300.1.D	983	877.505	9.94737	0.449618
Gorai.011G270400.1.A	2915	2809.5	4.56511	0.0644475
Gorai.011G270400.1.D	2915	2809.5	3.51321	0.0495975
Gorai.011G270500.1.A	1333	1227.5	4.54474	0.146849
Gorai.011G270500.1.D	1333	1227.5	4.54474	0.146849
Gorai.011G270600.1.A	345	239.63	0	0
Gorai.011G270600.1.D	345	239.63	0	0
Gorai.011G270700.1.A	2387	2281.5	116.292	2.02169
Gorai.011G270700.1.D	2387	2281.5	55.6181	0.966896
Gorai.011G270800.1.A	1914	1808.5	580.115	12.7227
Gorai.011G270800.1.D	1914	1808.5	509.565	11.1755
Gorai.011G270900.1.A	2141	2035.5	11.6667	0.227331
Gorai.011G270900.1.D	2141	2035.5	2.33333	0.0454663
Gorai.011G271000.1.A	1671	1565.5	44.9425	1.13864
Gorai.011G271000.1.D	1671	1565.5	70.0575	1.77495
Gorai.011G271100.1.A	1563	1457.5	0	0
Gorai.011G271100.1.D	1563	1457.5	0	0
Gorai.011G271200.1.A	1012	906.505	0	0
Gorai.011G271200.1.D	1012	906.505	0	0
Gorai.011G271300.1.A	1083	977.505	0	0
Gorai.011G271300.1.D	1083	977.505	0	0
Gorai.011G271400.1.A	645	539.505	0	0
Gorai.011G271400.1.D	645	539.505	0	0
Gorai.011G271500.1.A	966	860.505	0	0
Gorai.011G271500.1.D	966	860.505	0	0
Gorai.011G271600.1.A	912	806.505	0	0
Gorai.011G271600.1.D	912	806.505	1	0.0491788
Gorai.011G271700.1.A	660	554.505	0	0
Gorai.011G271700.1.D	660	554.505	0	0
Gorai.011G271800.1.A	453	347.551	0	0
Gorai.011G271800.1.D	453	347.551	0	0
Gorai.011G271900.1.A	617	511.505	0	0
Gorai.011G271900.1.D	617	511.505	0	0
Gorai.011G272000.1.A	2334	2228.5	0	0
Gorai.011G272000.1.D	2334	2228.5	0	0
Gorai.011G272100.1.A	2256	2150.5	0	0
Gorai.011G272100.1.D	2256	2150.5	0	0
Gorai.011G272200.1.A	2181	2075.5	0	0
Gorai.011G272200.1.D	2181	2075.5	0	0
Gorai.011G272300.1.A	2289	2183.5	13	0.236142
Gorai.011G272300.1.D	2289	2183.5	0	0
Gorai.011G272400.1.A	2229	2123.5	0	0
Gorai.011G272400.1.D	2229	2123.5	0	0
Gorai.011G272500.1.A	2223	2117.5	0	0
Gorai.011G272500.1.D	2223	2117.5	0	0
Gorai.011G272600.1.A	1020	914.505	59.8215	2.59452
Gorai.011G272600.1.D	1020	914.505	0	0
Gorai.011G272700.1.A	935	829.505	40.0577	1.91537
Gorai.011G272700.1.D	935	829.505	2.36609	0.113135
Gorai.011G272800.1.A	1420	1314.5	0	0
Gorai.011G272800.1.D	1420	1314.5	4	0.120693
Gorai.011G272900.1.A	1380	1274.5	0	0
Gorai.011G272900.1.D	1380	1274.5	0	0
Gorai.011G273000.1.A	1371	1265.5	0	0
Gorai.011G273000.1.D	1371	1265.5	0	0
Gorai.011G273100.1.A	1371	1265.5	0	0
Gorai.011G273100.1.D	1371	1265.5	0	0
Gorai.011G273200.1.A	456	350.551	5.15272	0.583001
Gorai.011G273200.1.D	456	350.551	0	0
Gorai.011G273300.1.A	527	421.551	0	0
Gorai.011G273300.1.D	527	421.551	3	0.282264
Gorai.011G273400.1.A	1018	912.505	7.03933	0.305971
Gorai.011G273400.1.D	1018	912.505	529.961	23.0353
Gorai.011G273500.1.A	960	854.505	0	0
Gorai.011G273500.1.D	960	854.505	0	0
Gorai.011G273600.1.A	720	614.505	0	0
Gorai.011G273600.1.D	720	614.505	0	0
Gorai.011G273700.1.A	711	605.505	0	0
Gorai.011G273700.1.D	711	605.505	0	0
Gorai.011G273800.1.A	395	289.583	0	0
Gorai.011G273800.1.D	395	289.583	0	0
Gorai.011G273900.1.A	734	628.505	0	0
Gorai.011G273900.1.D	734	628.505	4	0.252427
Gorai.011G274000.1.A	1251	1145.5	3	0.103875
Gorai.011G274000.1.D	1251	1145.5	0	0
Gorai.011G274100.1.A	1352	1246.5	65.4915	2.0839
Gorai.011G274100.1.D	1352	1246.5	18.5085	0.588927
Gorai.011G274200.1.A	895	789.505	308.969	15.5219
Gorai.011G274200.1.D	895	789.505	246.031	12.36
Gorai.011G274300.1.A	2407	2301.5	1691.55	29.1513
Gorai.011G274300.1.D	2407	2301.5	145.452	2.50664
Gorai.011G274400.1.A	1236	1130.5	0	0
Gorai.011G274400.1.D	1236	1130.5	0	0
Gorai.011G274500.1.A	1267	1161.5	26.8814	0.917942
Gorai.011G274500.1.D	1267	1161.5	34.1186	1.16508
Gorai.011G274600.1.A	1931	1825.5	116.546	2.53222
Gorai.011G274600.1.D	1931	1825.5	176.454	3.83383
Gorai.011G274700.1.A	1587	1481.5	0	0
Gorai.011G274700.1.D	1587	1481.5	0	0
Gorai.011G274800.1.A	1799	1693.5	2.03333	0.0476219
Gorai.011G274800.1.D	1799	1693.5	58.9667	1.38104
Gorai.011G274900.1.A	1191	1085.5	0	0
Gorai.011G274900.1.D	1191	1085.5	0	0
Gorai.011G275000.1.A	1865	1759.5	0	0
Gorai.011G275000.1.D	1865	1759.5	0	0
Gorai.011G275100.1.A	2064	1958.5	5	0.101258
Gorai.011G275100.1.D	2064	1958.5	1	0.0202516
Gorai.011G275200.1.A	1431	1325.5	1.55223	0.0464471
Gorai.011G275200.1.D	1431	1325.5	11.9073	0.356301
Gorai.011G275300.1.A	1314	1208.5	1	0.0328198
Gorai.011G275300.1.D	1314	1208.5	1.1186	0.0367121
Gorai.011G275400.1.A	1437	1331.5	0	0
Gorai.011G275400.1.D	1437	1331.5	9.15956	0.272846
Gorai.011G275500.1.A	588	482.551	0	0
Gorai.011G275500.1.D	588	482.551	1	0.0821942
Gorai.011G275600.1.A	1644	1538.5	1.2623	0.0325424
Gorai.011G275600.1.D	1644	1538.5	0	0
Gorai.011G275700.1.A	1650	1544.5	0	0
Gorai.011G275700.1.D	1650	1544.5	0	0
Gorai.011G275800.1.A	1403	1297.5	0	0
Gorai.011G275800.1.D	1403	1297.5	0	0
Gorai.011G275900.1.A	962	856.505	0	0
Gorai.011G275900.1.D	962	856.505	0	0
Gorai.011G276000.1.A	624	518.505	19.9155	1.52344
Gorai.011G276000.1.D	624	518.505	13.2594	1.01428
Gorai.011G276100.1.A	1485	1379.5	11.2856	0.324479
Gorai.011G276100.1.D	1485	1379.5	1.15886	0.033319
Gorai.011G276200.1.A	540	434.551	0	0
Gorai.011G276200.1.D	540	434.551	0	0
Gorai.011G276300.1.A	573	467.551	0	0
Gorai.011G276300.1.D	573	467.551	0	0
Gorai.011G276400.1.A	1441	1335.5	0	0
Gorai.011G276400.1.D	1441	1335.5	0	0
Gorai.011G276500.1.A	1242	1136.5	0	0
Gorai.011G276500.1.D	1242	1136.5	0	0
Gorai.011G276600.1.A	1116	1010.5	0	0
Gorai.011G276600.1.D	1116	1010.5	0	0
Gorai.011G276700.1.A	1158	1052.5	3.95575	0.14907
Gorai.011G276700.1.D	1158	1052.5	0.578169	0.0217879
Gorai.011G276800.1.A	840	734.505	0	0
Gorai.011G276800.1.D	840	734.505	0	0
Gorai.011G276900.1.A	1116	1010.5	0	0
Gorai.011G276900.1.D	1116	1010.5	0	0
Gorai.011G277000.1.A	757	651.505	0	0
Gorai.011G277000.1.D	757	651.505	0	0
Gorai.011G277100.1.A	201	97.3325	0	0
Gorai.011G277100.1.D	201	97.3325	0	0
Gorai.011G277200.1.A	1777	1671.5	0	0
Gorai.011G277200.1.D	1777	1671.5	0	0
Gorai.011G277300.1.A	1095	989.505	0	0
Gorai.011G277300.1.D	1095	989.505	0	0
Gorai.011G277400.1.A	2256	2150.5	0	0
Gorai.011G277400.1.D	2256	2150.5	0	0
Gorai.011G277500.1.A	1174	1068.5	0	0
Gorai.011G277500.1.D	1174	1068.5	0	0
Gorai.011G277600.1.A	861	755.505	0	0
Gorai.011G277600.1.D	861	755.505	0	0
Gorai.011G277700.1.A	1023	917.505	0	0
Gorai.011G277700.1.D	1023	917.505	0.792763	0.0342704
Gorai.011G277800.1.A	633	527.505	0	0
Gorai.011G277800.1.D	633	527.505	0	0
Gorai.011G277900.1.A	925	819.505	5.10138	0.2469
Gorai.011G277900.1.D	925	819.505	5.10138	0.2469
Gorai.011G278000.1.A	491	385.551	7.22043	0.74279
Gorai.011G278000.1.D	491	385.551	7.22043	0.74279
Gorai.011G278100.1.A	369	263.583	3	0.451428
Gorai.011G278100.1.D	369	263.583	0	0
Gorai.011G278200.1.A	693	587.505	0	0
Gorai.011G278200.1.D	693	587.505	0	0
Gorai.011G278300.1.A	1765	1659.5	21.3043	0.509184
Gorai.011G278300.1.D	1765	1659.5	27.6957	0.661939
Gorai.011G278400.1.A	1473	1367.5	1.01961	0.0295726
Gorai.011G278400.1.D	1473	1367.5	102.98	2.98683
Gorai.011G278500.1.A	1639	1533.5	101.778	2.63242
Gorai.011G278500.1.D	1639	1533.5	169.222	4.37679
Gorai.011G278600.1.A	1470	1364.5	9.9	0.28777
Gorai.011G278600.1.D	1470	1364.5	1.1	0.0319744
Gorai.011G278700.1.A	2113	2007.5	949.771	18.7649
Gorai.011G278700.1.D	2113	2007.5	813.229	16.0672
Gorai.011G278800.1.A	1381	1275.5	148.045	4.60359
Gorai.011G278800.1.D	1381	1275.5	95.9551	2.98381
Gorai.011G278900.1.A	1094	988.505	683.671	27.4317
Gorai.011G278900.1.D	1094	988.505	533.329	21.3994
Gorai.011G279000.1.A	1730	1624.5	139.337	3.40197
Gorai.011G279000.1.D	1730	1624.5	52.6629	1.28579
Gorai.011G279100.1.A	1413	1307.5	274.449	8.32537
Gorai.011G279100.1.D	1413	1307.5	381.551	11.5743
Gorai.011G279200.1.A	1261	1155.5	1	0.0343252
Gorai.011G279200.1.D	1261	1155.5	2	0.0686504
Gorai.011G279300.1.A	1453	1347.5	38.0571	1.12019
Gorai.011G279300.1.D	1453	1347.5	33.9429	0.999086
Gorai.011G279400.1.A	1334	1228.5	7	0.225999
Gorai.011G279400.1.D	1334	1228.5	5	0.161428
Gorai.011G279500.1.A	648	542.505	0	0
Gorai.011G279500.1.D	648	542.505	0	0
Gorai.011G279600.1.A	2054	1948.5	6.66667	0.135704
Gorai.011G279600.1.D	2054	1948.5	1.33333	0.0271408
Gorai.011G279700.1.A	575	469.551	17	1.43599
Gorai.011G279700.1.D	575	469.551	2	0.16894
Gorai.011G279800.1.A	1629	1523.5	2	0.052068
Gorai.011G279800.1.D	1629	1523.5	5	0.13017
Gorai.011G279900.1.A	2427	2321.5	401.444	6.85868
Gorai.011G279900.1.D	2427	2321.5	471.556	8.05654
Gorai.011G280000.1.A	1416	1310.5	0	0
Gorai.011G280000.1.D	1416	1310.5	0	0
Gorai.011G280100.1.A	1302	1196.5	0	0
Gorai.011G280100.1.D	1302	1196.5	0	0
Gorai.011G280200.1.A	2604	2498.5	423.342	6.72041
Gorai.011G280200.1.D	2604	2498.5	455.658	7.23342
Gorai.011G280300.1.A	1307	1201.5	208.854	6.89448
Gorai.011G280300.1.D	1307	1201.5	726.146	23.9709
Gorai.011G280400.1.A	1408	1302.5	412.135	12.55
Gorai.011G280400.1.D	1408	1302.5	501.865	15.2824
Gorai.011G280500.1.A	1431	1325.5	1766.81	52.8682
Gorai.011G280500.1.D	1431	1325.5	4238.19	126.819
Gorai.011G280600.1.A	5196	5090.5	16.5682	0.129092
Gorai.011G280600.1.D	5196	5090.5	6.98436	0.054419
Gorai.011G280700.1.A	3135	3029.5	6.2566	0.0819128
Gorai.011G280700.1.D	3135	3029.5	1.30961	0.0171457
Gorai.011G280800.1.A	1601	1495.5	16.7293	0.443684
Gorai.011G280800.1.D	1601	1495.5	25.4696	0.675491
Gorai.011G280900.1.A	3665	3559.5	87.8031	0.978375
Gorai.011G280900.1.D	3665	3559.5	11.9136	0.132751
Gorai.011G281000.1.A	831	725.505	0	0
Gorai.011G281000.1.D	831	725.505	0	0
Gorai.011G281100.1.A	1200	1094.5	4.03787	0.146325
Gorai.011G281100.1.D	1200	1094.5	0	0
Gorai.011G281200.1.A	1197	1091.5	6.19097	0.224967
Gorai.011G281200.1.D	1197	1091.5	0	0
Gorai.011G281300.1.A	761	655.505	10.5	0.635329
Gorai.011G281300.1.D	761	655.505	10.5	0.635329
Gorai.011G281400.1.A	795	689.505	0	0
Gorai.011G281400.1.D	795	689.505	0	0
Gorai.011G281500.1.A	558	452.551	0	0
Gorai.011G281500.1.D	558	452.551	0	0
Gorai.011G281600.1.A	613	507.551	0	0
Gorai.011G281600.1.D	613	507.551	0	0
Gorai.011G281700.1.A	528	422.551	0	0
Gorai.011G281700.1.D	528	422.551	0	0
Gorai.011G281800.1.A	811	705.505	0	0
Gorai.011G281800.1.D	811	705.505	1	0.0562192
Gorai.011G281900.1.A	3480	3374.5	7.53098	0.0885169
Gorai.011G281900.1.D	3480	3374.5	0	0
Gorai.011G282000.1.A	3231	3125.5	3.63729	0.0461575
Gorai.011G282000.1.D	3231	3125.5	0	0
Gorai.011G282100.1.A	3117	3011.5	0	0
Gorai.011G282100.1.D	3117	3011.5	0	0
Gorai.011G282200.1.A	2820	2714.5	2.19214	0.0320304
Gorai.011G282200.1.D	2820	2714.5	0	0
Gorai.011G282300.1.A	705	599.505	8	0.529276
Gorai.011G282300.1.D	705	599.505	0	0
Gorai.011G282400.1.A	2454	2348.5	0	0
Gorai.011G282400.1.D	2454	2348.5	0	0
Gorai.011G282500.1.A	2190	2084.5	5	0.0951376
Gorai.011G282500.1.D	2190	2084.5	0	0
Gorai.011G282600.1.A	1783	1677.5	8	0.189152
Gorai.011G282600.1.D	1783	1677.5	0	0
Gorai.011G282700.1.A	1643	1537.5	15.1905	0.391868
Gorai.011G282700.1.D	1643	1537.5	13.8095	0.356244
Gorai.011G282800.1.A	467	361.551	0	0
Gorai.011G282800.1.D	467	361.551	53	5.81421
Gorai.011G282900.1.A	670	564.505	107.915	7.58224
Gorai.011G282900.1.D	670	564.505	10.0855	0.70862
Gorai.011G283000.1.A	567	461.551	0.5	0.042967
Gorai.011G283000.1.D	567	461.551	0.5	0.042967
Gorai.011G283100.1.A	1267	1161.5	124.722	4.259
Gorai.011G283100.1.D	1267	1161.5	379.278	12.9515
Gorai.011G283200.1.A	1414	1308.5	96.1728	2.91516
Gorai.011G283200.1.D	1414	1308.5	27.8123	0.843038
Gorai.011G283300.1.A	1220	1114.5	41.0846	1.46212
Gorai.011G283300.1.D	1220	1114.5	34.9528	1.2439
Gorai.011G283400.1.A	1257	1151.5	55.7586	1.92058
Gorai.011G283400.1.D	1257	1151.5	20.2703	0.698198
Gorai.011G283500.1.A	1387	1281.5	0	0
Gorai.011G283500.1.D	1387	1281.5	0	0
Gorai.011G283600.1.A	2097	1991.5	3.375	0.0672167
Gorai.011G283600.1.D	2097	1991.5	5.625	0.112028
Gorai.011G283700.1.A	1669	1563.5	1151.24	29.2045
Gorai.011G283700.1.D	1669	1563.5	2686.56	68.1525
Gorai.011G283800.1.A	1554	1448.5	365.569	10.01
Gorai.011G283800.1.D	1554	1448.5	550.431	15.0719
Gorai.011G283900.1.A	2326	2220.5	1.5	0.0267932
Gorai.011G283900.1.D	2326	2220.5	7.5	0.133966
Gorai.011G284000.1.A	1185	1079.5	97	3.56395
Gorai.011G284000.1.D	1185	1079.5	0	0
Gorai.011G284100.1.A	3168	3062.5	3	0.0388534
Gorai.011G284100.1.D	3168	3062.5	0	0
Gorai.011G284200.1.A	1737	1631.5	0.5	0.0121553
Gorai.011G284200.1.D	1737	1631.5	0.5	0.0121553
Gorai.011G284300.1.A	2880	2774.5	0	0
Gorai.011G284300.1.D	2880	2774.5	0	0
Gorai.011G284400.1.A	3266	3160.5	22.9498	0.28801
Gorai.011G284400.1.D	3266	3160.5	0	0
Gorai.011G284500.1.A	1437	1331.5	0	0
Gorai.011G284500.1.D	1437	1331.5	0	0
Gorai.011G284600.1.A	3585	3479.5	0	0
Gorai.011G284600.1.D	3585	3479.5	0	0
Gorai.011G284700.1.A	876	770.505	0	0
Gorai.011G284700.1.D	876	770.505	0	0
Gorai.011G284800.1.A	2193	2087.5	0	0
Gorai.011G284800.1.D	2193	2087.5	0	0
Gorai.011G284900.1.A	5727	5621.5	0	0
Gorai.011G284900.1.D	5727	5621.5	1.05016	0.0074095
Gorai.011G285000.1.A	1563	1457.5	0	0
Gorai.011G285000.1.D	1563	1457.5	0	0
Gorai.011G285100.1.A	3308	3202.5	0	0
Gorai.011G285100.1.D	3308	3202.5	0	0
Gorai.011G285200.1.A	1563	1457.5	0	0
Gorai.011G285200.1.D	1563	1457.5	0	0
Gorai.011G285300.1.A	3096	2990.5	0	0
Gorai.011G285300.1.D	3096	2990.5	0	0
Gorai.011G285400.1.A	3078	2972.5	0	0
Gorai.011G285400.1.D	3078	2972.5	0	0
Gorai.011G285500.1.A	3129	3023.5	0	0
Gorai.011G285500.1.D	3129	3023.5	0	0
Gorai.011G285600.1.A	4520	4414.5	275.663	2.47674
Gorai.011G285600.1.D	4520	4414.5	434.337	3.90238
Gorai.011G285700.1.A	2656	2550.5	119.791	1.86287
Gorai.011G285700.1.D	2656	2550.5	135.209	2.10264
Gorai.011G285800.1.A	2309	2203.5	138.531	2.49354
Gorai.011G285800.1.D	2309	2203.5	471.469	8.48642
Gorai.011G285900.1.A	1237	1131.5	54.617	1.91451
Gorai.011G285900.1.D	1237	1131.5	96.383	3.37854
Gorai.011G286000.1.A	571	465.551	12.7047	1.08238
Gorai.011G286000.1.D	571	465.551	0	0
Gorai.011G286100.1.A	1948	1842.5	11.2766	0.242747
Gorai.011G286100.1.D	1948	1842.5	41.7234	0.898165
Gorai.011G286200.1.A	2915	2809.5	209.705	2.96049
Gorai.011G286200.1.D	2915	2809.5	155.295	2.19236
Gorai.011G286300.1.A	1208	1102.5	4	0.143901
Gorai.011G286300.1.D	1208	1102.5	0	0
Gorai.011G286400.1.A	641	535.505	0.5	0.0370332
Gorai.011G286400.1.D	641	535.505	0.5	0.0370332
Gorai.011G286500.1.A	1104	998.505	0	0
Gorai.011G286500.1.D	1104	998.505	0	0
Gorai.011G286600.1.A	1119	1013.5	0.5	0.0195672
Gorai.011G286600.1.D	1119	1013.5	0.5	0.0195672
Gorai.011G286700.1.A	1076	970.505	0	0
Gorai.011G286700.1.D	1076	970.505	0	0
Gorai.011G286800.1.A	474	368.551	0	0
Gorai.011G286800.1.D	474	368.551	0	0
Gorai.011G286900.1.A	635	529.505	0	0
Gorai.011G286900.1.D	635	529.505	0	0
Gorai.011G287000.1.A	801	695.505	0	0
Gorai.011G287000.1.D	801	695.505	0	0
Gorai.011G287100.1.A	819	713.505	0	0
Gorai.011G287100.1.D	819	713.505	0	0
Gorai.011G287200.1.A	819	713.505	0	0
Gorai.011G287200.1.D	819	713.505	0	0
Gorai.011G287300.1.A	963	857.505	0	0
Gorai.011G287300.1.D	963	857.505	0	0
Gorai.011G287400.1.A	816	710.505	0	0
Gorai.011G287400.1.D	816	710.505	0	0
Gorai.011G287500.1.A	762	656.505	0	0
Gorai.011G287500.1.D	762	656.505	0	0
Gorai.011G287600.1.A	342	236.63	0	0
Gorai.011G287600.1.D	342	236.63	0	0
Gorai.011G287700.1.A	627	521.505	0	0
Gorai.011G287700.1.D	627	521.505	0	0
Gorai.011G287800.1.A	603	497.551	1	0.0797163
Gorai.011G287800.1.D	603	497.551	25	1.99291
Gorai.011G287900.1.A	1128	1022.5	55.3548	2.14721
Gorai.011G287900.1.D	1128	1022.5	230.645	8.94672
Gorai.011G288000.1.A	1677	1571.5	0	0
Gorai.011G288000.1.D	1677	1571.5	0	0
Gorai.011G288100.1.A	2776	2670.5	0	0
Gorai.011G288100.1.D	2776	2670.5	0	0
Gorai.011G288200.1.A	2139	2033.5	39.6889	0.774121
Gorai.011G288200.1.D	2139	2033.5	7.31111	0.142601
Gorai.011G288300.1.A	1658	1552.5	8	0.204382
Gorai.011G288300.1.D	1658	1552.5	0	0
Gorai.011G288400.1.A	1541	1435.5	273.258	7.55011
Gorai.011G288400.1.D	1541	1435.5	163.742	4.52419
Gorai.011G288500.1.A	552	446.551	0	0
Gorai.011G288500.1.D	552	446.551	0	0
Gorai.011G288600.1.A	2613	2507.5	92.1854	1.45816
Gorai.011G288600.1.D	2613	2507.5	67.8146	1.07267
Gorai.011G288700.1.A	572	466.551	0	0
Gorai.011G288700.1.D	572	466.551	0	0
Gorai.011G288800.1.A	834	728.505	0	0
Gorai.011G288800.1.D	834	728.505	0	0
Gorai.011G288900.1.A	282	176.772	0	0
Gorai.011G288900.1.D	282	176.772	0	0
Gorai.011G289000.1.A	861	755.505	0	0
Gorai.011G289000.1.D	861	755.505	0	0
Gorai.011G289100.1.A	3270	3164.5	119.367	1.49611
Gorai.011G289100.1.D	3270	3164.5	44.6329	0.559415
Gorai.011G289200.1.A	666	560.505	48.0741	3.40186
Gorai.011G289200.1.D	666	560.505	128.926	9.12317
Gorai.011G289300.1.A	1856	1750.5	16.0588	0.363861
Gorai.011G289300.1.D	1856	1750.5	46.9412	1.06359
Gorai.011G289400.1.A	2662	2556.5	89.6087	1.39024
Gorai.011G289400.1.D	2662	2556.5	139.391	2.16259
Gorai.011G289500.1.A	989	883.505	6	0.269356
Gorai.011G289500.1.D	989	883.505	0	0
Gorai.011G289600.1.A	2179	2073.5	30.7317	0.58785
Gorai.011G289600.1.D	2179	2073.5	14.2683	0.27293
Gorai.011G289700.1.A	2906	2800.5	41.1667	0.583035
Gorai.011G289700.1.D	2906	2800.5	15.8333	0.224244
Gorai.011G289800.1.A	950	844.505	444.169	20.8608
Gorai.011G289800.1.D	950	844.505	438.831	20.6101
Gorai.011G289900.1.A	2817	2711.5	1.71429	0.025076
Gorai.011G289900.1.D	2817	2711.5	10.2857	0.150456
Gorai.011G290000.1.A	2102	1996.5	2.2439	0.0445778
Gorai.011G290000.1.D	2102	1996.5	43.7561	0.869267
Gorai.011G290100.1.A	1611	1505.5	0	0
Gorai.011G290100.1.D	1611	1505.5	0	0
Gorai.011G290200.1.A	2358	2252.5	0	0
Gorai.011G290200.1.D	2358	2252.5	0	0
Gorai.011G290300.1.A	936	830.505	0	0
Gorai.011G290300.1.D	936	830.505	6	0.286546
Gorai.011G290400.1.A	2132	2026.5	234.252	4.58481
Gorai.011G290400.1.D	2132	2026.5	1153.75	22.5813
Gorai.011G290500.1.A	1477	1371.5	33.7674	0.97653
Gorai.011G290500.1.D	1477	1371.5	54.2326	1.56837
Gorai.011G290600.1.A	2373	2267.5	25.6538	0.448734
Gorai.011G290600.1.D	2373	2267.5	3.34615	0.0585306
Gorai.011G290700.1.A	408	302.583	13	1.70405
Gorai.011G290700.1.D	408	302.583	0	0
Gorai.011G290800.1.A	631	525.505	3	0.226428
Gorai.011G290800.1.D	631	525.505	3	0.226428
Gorai.011G290900.1.A	1861	1755.5	297.767	6.7276
Gorai.011G290900.1.D	1861	1755.5	292.233	6.60255
Gorai.011G291000.1.A	2435	2329.5	8.06026	0.137237
Gorai.011G291000.1.D	2435	2329.5	1596.94	27.19
Gorai.011G291100.1.A	642	536.505	0	0
Gorai.011G291100.1.D	642	536.505	0	0
Gorai.011G291200.1.A	1365	1259.5	1	0.0314909
Gorai.011G291200.1.D	1365	1259.5	0	0
Gorai.011G291300.1.A	3298	3192.5	4.59259	0.0570573
Gorai.011G291300.1.D	3298	3192.5	26.4074	0.32808
Gorai.011G291400.1.A	1900	1794.5	0	0
Gorai.011G291400.1.D	1900	1794.5	0	0
Gorai.011G291500.1.A	679	573.505	59.2889	4.10035
Gorai.011G291500.1.D	679	573.505	32.7111	2.26226
Gorai.011G291600.1.A	864	758.505	16	0.836655
Gorai.011G291600.1.D	864	758.505	13	0.679783
Gorai.011G291700.1.A	1920	1814.5	2	0.0437177
Gorai.011G291700.1.D	1920	1814.5	0	0
Gorai.011G291800.1.A	681	575.505	0	0
Gorai.011G291800.1.D	681	575.505	0	0
Gorai.011G291900.1.A	1577	1471.5	0	0
Gorai.011G291900.1.D	1577	1471.5	0	0
Gorai.011G292000.1.A	924	818.505	164.94	7.99265
Gorai.011G292000.1.D	924	818.505	5.05952	0.245173
Gorai.011G292100.1.A	1052	946.505	7	0.293333
Gorai.011G292100.1.D	1052	946.505	18	0.754284
Gorai.011G292200.1.A	5598	5492.5	2149.1	15.5193
Gorai.011G292200.1.D	5598	5492.5	2339.9	16.8971
Gorai.011G292300.1.A	1940	1834.5	15.2727	0.330204
Gorai.011G292300.1.D	1940	1834.5	8.72727	0.188688
Gorai.011G292400.1.A	883	777.505	0	0
Gorai.011G292400.1.D	883	777.505	0	0
Gorai.011G292500.1.A	6000	5894.5	62.8306	0.422775
Gorai.011G292500.1.D	6000	5894.5	84.1694	0.566359
Gorai.011G292600.1.A	312	206.649	1.5	0.2879
Gorai.011G292600.1.D	312	206.649	1.5	0.2879
Gorai.011G292700.1.A	1707	1601.5	0	0
Gorai.011G292700.1.D	1707	1601.5	4	0.0990642
Gorai.011G292800.1.A	1581	1475.5	0	0
Gorai.011G292800.1.D	1581	1475.5	0	0
Gorai.011G292900.1.A	1676	1570.5	21.7222	0.548593
Gorai.011G292900.1.D	1676	1570.5	24.2778	0.613133
Gorai.011G293000.1.A	1379	1273.5	106.103	3.30456
Gorai.011G293000.1.D	1379	1273.5	74.8966	2.33263
Gorai.011G293100.1.A	1022	916.505	11.9778	0.518354
Gorai.011G293100.1.D	1022	916.505	37.0222	1.60219
Gorai.011G293200.1.A	636	530.505	381.865	28.55
Gorai.011G293200.1.D	636	530.505	1256.13	93.9144
Gorai.011G293300.1.A	1619	1513.5	1287.09	33.7295
Gorai.011G293300.1.D	1619	1513.5	688.91	18.0536
Gorai.011G293400.1.A	1077	971.505	5	0.204132
Gorai.011G293400.1.D	1077	971.505	45	1.83718
Gorai.011G293500.1.A	1475	1369.5	5.52083	0.159892
Gorai.011G293500.1.D	1475	1369.5	47.4792	1.37507
Gorai.011G293600.1.A	1649	1543.5	93	2.38979
Gorai.011G293600.1.D	1649	1543.5	155	3.98298
Gorai.011G293700.1.A	2363	2257.5	266.275	4.67828
Gorai.011G293700.1.D	2363	2257.5	121.725	2.13864
Gorai.011G293800.1.A	1282	1176.5	0	0
Gorai.011G293800.1.D	1282	1176.5	0	0
Gorai.011G293900.1.A	4808	4702.5	11.5014	0.0970075
Gorai.011G293900.1.D	4808	4702.5	153.7	1.29637
Gorai.011G294000.1.A	1111	1005.5	0	0
Gorai.011G294000.1.D	1111	1005.5	8.92044	0.351874
Gorai.011G294100.1.A	454	348.551	0.990371	0.112698
Gorai.011G294100.1.D	454	348.551	0.990371	0.112698
Gorai.011G294200.1.A	2016	1910.5	5.42762	0.11268
Gorai.011G294200.1.D	2016	1910.5	4.19681	0.0871276
Gorai.011G294300.1.A	842	736.505	38.5731	2.07727
Gorai.011G294300.1.D	842	736.505	38.5731	2.07727
Gorai.011G294400.1.A	859	753.505	0	0
Gorai.011G294400.1.D	859	753.505	1	0.052638
Gorai.011G294500.1.A	2869	2763.5	1.39516	0.0200239
Gorai.011G294500.1.D	2869	2763.5	9.42248	0.135235
Gorai.011G294600.1.A	2055	1949.5	0	0
Gorai.011G294600.1.D	2055	1949.5	16.4547	0.334774
Gorai.011G294700.1.A	3624	3518.5	21.3253	0.240393
Gorai.011G294700.1.D	3624	3518.5	53.0951	0.598523
Gorai.011G294800.1.A	5163	5057.5	1.43999	0.011293
Gorai.011G294800.1.D	5163	5057.5	51.1848	0.401412
Gorai.011G294900.1.A	1663	1557.5	0	0
Gorai.011G294900.1.D	1663	1557.5	2	0.0509314
Gorai.011G295000.1.A	1846	1740.5	93.7524	2.13645
Gorai.011G295000.1.D	1846	1740.5	120.248	2.74022
Gorai.011G295100.1.A	1317	1211.5	52.6119	1.72244
Gorai.011G295100.1.D	1317	1211.5	22.3881	0.732953
Gorai.011G295200.1.A	2932	2826.5	17.2787	0.242463
Gorai.011G295200.1.D	2932	2826.5	44.7213	0.627552
Gorai.011G295300.1.A	1597	1491.5	26.7857	0.712301
Gorai.011G295300.1.D	1597	1491.5	78.2143	2.07992
Gorai.011G295400.1.A	2246	2140.5	1	0.0185297
Gorai.011G295400.1.D	2246	2140.5	7	0.129708
Gorai.011G295500.1.A	3310	3204.5	10.8	0.133674
Gorai.011G295500.1.D	3310	3204.5	13.2	0.16338
Gorai.011G295600.1.A	1838	1732.5	77.7391	1.77971
Gorai.011G295600.1.D	1838	1732.5	71.2609	1.6314
Gorai.011G295700.1.A	5063	4957.5	0	0
Gorai.011G295700.1.D	5063	4957.5	303	2.42418
Gorai.011G295800.1.A	3362	3256.5	109.51	1.33379
Gorai.011G295800.1.D	3362	3256.5	29.639	0.360991
Gorai.011G295900.1.A	1916	1810.5	60.7931	1.3318
Gorai.011G295900.1.D	1916	1810.5	68.2069	1.49422
Gorai.011G296000.1.A	2974	2868.5	41.3719	0.572051
Gorai.011G296000.1.D	2974	2868.5	51.222	0.708248
Gorai.011G296100.1.A	523	417.551	21.1008	2.00435
Gorai.011G296100.1.D	523	417.551	28.2843	2.68671
Gorai.011G296200.1.A	945	839.505	38.3927	1.81389
Gorai.011G296200.1.D	945	839.505	314.607	14.8638
Gorai.011G296300.1.A	736	630.505	10.1648	0.639436
Gorai.011G296300.1.D	736	630.505	145.35	9.14348
Gorai.012G000100.1.A	339	233.63	0	0
Gorai.012G000100.1.D	339	233.63	15.9426	2.70655
Gorai.012G000200.1.A	1092	986.505	14.4366	0.580431
Gorai.012G000200.1.D	1092	986.505	18.0458	0.725539
Gorai.012G000300.1.A	1881	1775.5	37.4668	0.836969
Gorai.012G000300.1.D	1881	1775.5	35.2255	0.786902
Gorai.012G000400.1.A	2013	1907.5	161.476	3.35758
Gorai.012G000400.1.D	2013	1907.5	453.288	9.42526
Gorai.012G000500.1.A	567	461.551	86.7423	7.45411
Gorai.012G000500.1.D	567	461.551	14.8004	1.27186
Gorai.012G000600.1.A	1787	1681.5	0	0
Gorai.012G000600.1.D	1787	1681.5	694	16.3699
Gorai.012G000700.1.A	1508	1402.5	51	1.44228
Gorai.012G000700.1.D	1508	1402.5	51	1.44228
Gorai.012G000800.1.A	2353	2247.5	20	0.352951
Gorai.012G000800.1.D	2353	2247.5	20	0.352951
Gorai.012G000900.1.A	2617	2511.5	0	0
Gorai.012G000900.1.D	2617	2511.5	0	0
Gorai.012G001000.1.A	2812	2706.5	210	3.07748
Gorai.012G001000.1.D	2812	2706.5	210	3.07748
Gorai.012G001100.1.A	1035	929.505	0	0
Gorai.012G001100.1.D	1035	929.505	0	0
Gorai.012G001200.1.A	1543	1437.5	338.5	9.33973
Gorai.012G001200.1.D	1543	1437.5	338.5	9.33973
Gorai.012G001300.1.A	1442	1336.5	1551	46.0284
Gorai.012G001300.1.D	1442	1336.5	1551	46.0284
Gorai.012G001400.1.A	893	787.505	2.5	0.125913
Gorai.012G001400.1.D	893	787.505	2.5	0.125913
Gorai.012G001500.1.A	1700	1594.5	327	8.13405
Gorai.012G001500.1.D	1700	1594.5	327	8.13405
Gorai.012G001600.1.A	2376	2270.5	35.5	0.620142
Gorai.012G001600.1.D	2376	2270.5	35.5	0.620142
Gorai.012G001700.1.A	1904	1798.5	6.5	0.143346
Gorai.012G001700.1.D	1904	1798.5	6.5	0.143346
Gorai.012G001800.1.A	2729	2623.5	0	0
Gorai.012G001800.1.D	2729	2623.5	355	5.367
Gorai.012G001900.1.A	2867	2761.5	6	0.0861768
Gorai.012G001900.1.D	2867	2761.5	0	0
Gorai.012G002000.1.A	1197	1091.5	37.08	1.34741
Gorai.012G002000.1.D	1197	1091.5	65.92	2.39539
Gorai.012G002100.1.A	2600	2494.5	0	0
Gorai.012G002100.1.D	2600	2494.5	1	0.0159001
Gorai.012G002200.1.A	1777	1671.5	917.619	21.7741
Gorai.012G002200.1.D	1777	1671.5	849.381	20.1549
Gorai.012G002300.1.A	2680	2574.5	3.33333	0.0513535
Gorai.012G002300.1.D	2680	2574.5	36.6667	0.564888
Gorai.012G002400.1.A	2466	2360.5	113.295	1.90366
Gorai.012G002400.1.D	2466	2360.5	175.092	2.94202
Gorai.012G002500.1.A	3082	2976.5	122	1.62569
Gorai.012G002500.1.D	3082	2976.5	122	1.62569
Gorai.012G002600.1.A	2158	2052.5	18.3289	0.35419
Gorai.012G002600.1.D	2158	2052.5	1446.67	27.9557
Gorai.012G002700.1.A	1497	1391.5	5.16129	0.147116
Gorai.012G002700.1.D	1497	1391.5	58.8387	1.67712
Gorai.012G002800.1.A	1710	1604.5	123.2	3.04547
Gorai.012G002800.1.D	1710	1604.5	41.8	1.03329
Gorai.012G002900.1.A	3807	3701.5	1307.78	14.0133
Gorai.012G002900.1.D	3807	3701.5	1768.22	18.9471
Gorai.012G003000.1.A	1445	1339.5	34.5397	1.02273
Gorai.012G003000.1.D	1445	1339.5	29.4603	0.872325
Gorai.012G003100.1.A	4116	4010.5	50.9194	0.50358
Gorai.012G003100.1.D	4116	4010.5	103.081	1.01944
Gorai.012G003200.1.A	2138	2032.5	0	0
Gorai.012G003200.1.D	2138	2032.5	0	0
Gorai.012G003300.1.A	2341	2235.5	106	1.88068
Gorai.012G003300.1.D	2341	2235.5	0	0
Gorai.012G003400.1.A	2022	1916.5	5	0.103477
Gorai.012G003400.1.D	2022	1916.5	5	0.103477
Gorai.012G003500.1.A	2687	2581.5	18.3922	0.282582
Gorai.012G003500.1.D	2687	2581.5	249.608	3.83504
Gorai.012G003600.1.A	756	650.505	2	0.121945
Gorai.012G003600.1.D	756	650.505	2	0.121945
Gorai.012G003700.1.A	3808	3702.5	76.9865	0.824715
Gorai.012G003700.1.D	3808	3702.5	155.013	1.66058
Gorai.012G003800.1.A	1324	1218.5	415.253	13.5167
Gorai.012G003800.1.D	1324	1218.5	408.747	13.3049
Gorai.012G003900.1.A	3122	3016.5	284.257	3.73759
Gorai.012G003900.1.D	3122	3016.5	195.578	2.57159
Gorai.012G004000.1.A	1379	1273.5	63.0164	1.96263
Gorai.012G004000.1.D	1379	1273.5	60.9836	1.89932
Gorai.012G004100.1.A	1737	1631.5	0	0
Gorai.012G004100.1.D	1737	1631.5	0	0
Gorai.012G004200.1.A	1120	1014.5	361.898	14.1487
Gorai.012G004200.1.D	1120	1014.5	417.102	16.307
Gorai.012G004300.1.A	1261	1155.5	940.614	32.2868
Gorai.012G004300.1.D	1261	1155.5	801.386	27.5077
Gorai.012G004400.1.A	2332	2226.5	22.8259	0.406621
Gorai.012G004400.1.D	2332	2226.5	281.174	5.00883
Gorai.012G004500.1.A	2312	2206.5	43.8612	0.788425
Gorai.012G004500.1.D	2312	2206.5	196.749	3.53665
Gorai.012G004600.1.A	366	260.583	6.07245	0.924278
Gorai.012G004600.1.D	366	260.583	0	0
Gorai.012G004700.1.A	1325	1219.5	2073.28	67.4311
Gorai.012G004700.1.D	1325	1219.5	193.716	6.30038
Gorai.012G004800.1.A	2675	2569.5	48.6809	0.751439
Gorai.012G004800.1.D	2675	2569.5	94.3191	1.45591
Gorai.012G004900.1.A	1101	995.505	100.238	3.9937
Gorai.012G004900.1.D	1101	995.505	183.647	7.31687
Gorai.012G005000.1.A	1662	1556.5	0	0
Gorai.012G005000.1.D	1662	1556.5	0	0
Gorai.012G005100.1.A	267	161.849	11	2.69567
Gorai.012G005100.1.D	267	161.849	0	0
Gorai.012G005200.1.A	1269	1163.5	24.8182	0.846032
Gorai.012G005200.1.D	1269	1163.5	1.18182	0.0402872
Gorai.012G005300.1.A	2168	2062.5	212.667	4.08968
Gorai.012G005300.1.D	2168	2062.5	106.333	2.04484
Gorai.012G005400.1.A	3958	3852.5	447.493	4.6071
Gorai.012G005400.1.D	3958	3852.5	337.507	3.47476
Gorai.012G005500.1.A	454	348.551	0	0
Gorai.012G005500.1.D	454	348.551	2	0.227587
Gorai.012G005600.1.A	2129	2023.5	138.85	2.72161
Gorai.012G005600.1.D	2129	2023.5	237.15	4.64841
Gorai.012G005700.1.A	1201	1095.5	128.694	4.65941
Gorai.012G005700.1.D	1201	1095.5	35.3056	1.27824
Gorai.012G005800.1.A	2502	2396.5	703.53	11.6437
Gorai.012G005800.1.D	2502	2396.5	984.47	16.2933
Gorai.012G005900.1.A	2418	2312.5	49.1243	0.842556
Gorai.012G005900.1.D	2418	2312.5	135.876	2.33047
Gorai.012G006000.1.A	4019	3913.5	53.6545	0.543783
Gorai.012G006000.1.D	4019	3913.5	173.345	1.75684
Gorai.012G006100.1.A	1048	942.505	5	0.210412
Gorai.012G006100.1.D	1048	942.505	2	0.084165
Gorai.012G006200.1.A	2928	2822.5	0	0
Gorai.012G006200.1.D	2928	2822.5	2	0.0281048
Gorai.012G006300.1.A	2038	1932.5	1835.97	37.6816
Gorai.012G006300.1.D	2038	1932.5	2790.03	57.2629
Gorai.012G006400.1.A	941	835.505	684.059	32.4735
Gorai.012G006400.1.D	941	835.505	771.941	36.6455
Gorai.012G006500.1.A	1356	1250.5	0	0
Gorai.012G006500.1.D	1356	1250.5	146	4.63076
Gorai.012G006600.1.A	1332	1226.5	45.537	1.47258
Gorai.012G006600.1.D	1332	1226.5	5361.68	173.387
Gorai.012G006700.1.A	2071	1965.5	2.08478	0.0420699
Gorai.012G006700.1.D	2071	1965.5	197.697	3.98943
Gorai.012G006800.1.A	1040	934.505	184.022	7.81038
Gorai.012G006800.1.D	1040	934.505	14.9785	0.635728
Gorai.012G006900.1.A	834	728.505	0	0
Gorai.012G006900.1.D	834	728.505	0	0
Gorai.012G007000.1.A	1782	1676.5	28.0303	0.663144
Gorai.012G007000.1.D	1782	1676.5	82.9697	1.96291
Gorai.012G007100.1.A	1390	1284.5	5.01299	0.154791
Gorai.012G007100.1.D	1390	1284.5	380.987	11.7641
Gorai.012G007200.1.A	1587	1481.5	6	0.160632
Gorai.012G007200.1.D	1587	1481.5	0	0
Gorai.012G007300.1.A	1824	1718.5	39.6951	0.91616
Gorai.012G007300.1.D	1824	1718.5	65.3049	1.50723
Gorai.012G007400.1.A	332	226.63	26.0771	4.56379
Gorai.012G007400.1.D	332	226.63	0	0
Gorai.012G007500.1.A	1792	1686.5	1	0.0235178
Gorai.012G007500.1.D	1792	1686.5	0	0
Gorai.012G007600.1.A	2949	2843.5	46.8451	0.653424
Gorai.012G007600.1.D	2949	2843.5	14.4097	0.200995
Gorai.012G007700.1.A	2998	2892.5	89.4463	1.22652
Gorai.012G007700.1.D	2998	2892.5	47.5537	0.652072
Gorai.012G007800.1.A	1578	1472.5	252.212	6.79351
Gorai.012G007800.1.D	1578	1472.5	343.295	9.24689
Gorai.012G007900.1.A	2943	2837.5	84.9679	1.18769
Gorai.012G007900.1.D	2943	2837.5	51.7773	0.723749
Gorai.012G008000.1.A	1232	1126.5	1129.38	39.7642
Gorai.012G008000.1.D	1232	1126.5	874.112	30.7765
Gorai.012G008100.1.A	1286	1180.5	0	0
Gorai.012G008100.1.D	1286	1180.5	0	0
Gorai.012G008200.1.A	1322	1216.5	54.559	1.77884
Gorai.012G008200.1.D	1322	1216.5	189.441	6.17654
Gorai.012G008300.1.A	539	433.551	16	1.46374
Gorai.012G008300.1.D	539	433.551	3	0.274452
Gorai.012G008400.1.A	359	253.63	5	0.781905
Gorai.012G008400.1.D	359	253.63	25	3.90953
Gorai.012G008500.1.A	717	611.505	2	0.129722
Gorai.012G008500.1.D	717	611.505	2	0.129722
Gorai.012G008600.1.A	1205	1099.5	240.804	8.68665
Gorai.012G008600.1.D	1205	1099.5	236.196	8.5204
Gorai.012G008700.1.A	427	321.583	2	0.246673
Gorai.012G008700.1.D	427	321.583	1	0.123337
Gorai.012G008800.1.A	2844	2738.5	132.836	1.92392
Gorai.012G008800.1.D	2844	2738.5	252.164	3.6522
Gorai.012G008900.1.A	1850	1744.5	609.086	13.8481
Gorai.012G008900.1.D	1850	1744.5	692.914	15.7541
Gorai.012G009000.1.A	3661	3555.5	439.857	4.90676
Gorai.012G009000.1.D	3661	3555.5	292.143	3.25897
Gorai.012G009100.1.A	1531	1425.5	221.693	6.16833
Gorai.012G009100.1.D	1531	1425.5	118.307	3.29175
Gorai.012G009200.1.A	2373	2267.5	436.015	7.62673
Gorai.012G009200.1.D	2373	2267.5	419.985	7.34633
Gorai.012G009300.1.A	1781	1675.5	277.409	6.56689
Gorai.012G009300.1.D	1781	1675.5	7861.59	186.101
Gorai.012G009400.1.A	1389	1283.5	0	0
Gorai.012G009400.1.D	1389	1283.5	0	0
Gorai.012G009500.1.A	1365	1259.5	0	0
Gorai.012G009500.1.D	1365	1259.5	0	0
Gorai.012G009600.1.A	501	395.551	0	0
Gorai.012G009600.1.D	501	395.551	0	0
Gorai.012G009700.1.A	2868	2762.5	105.313	1.51205
Gorai.012G009700.1.D	2868	2762.5	38.6866	0.555446
Gorai.012G009800.1.A	2308	2202.5	162.357	2.92374
Gorai.012G009800.1.D	2308	2202.5	129.643	2.33463
Gorai.012G009900.1.A	1683	1577.5	104.369	2.62414
Gorai.012G009900.1.D	1683	1577.5	232.631	5.84899
Gorai.012G010000.1.A	1848	1742.5	9.96774	0.226886
Gorai.012G010000.1.D	1848	1742.5	93.0323	2.1176
Gorai.012G010100.1.A	677	571.505	0	0
Gorai.012G010100.1.D	677	571.505	0	0
Gorai.012G010200.1.A	1416	1310.5	0	0
Gorai.012G010200.1.D	1416	1310.5	0	0
Gorai.012G010300.1.A	3543	3437.5	2	0.0230766
Gorai.012G010300.1.D	3543	3437.5	2	0.0230766
Gorai.012G010400.1.A	717	611.505	229.68	14.8973
Gorai.012G010400.1.D	717	611.505	292.32	18.9602
Gorai.012G010500.1.A	1415	1309.5	44.2588	1.34053
Gorai.012G010500.1.D	1415	1309.5	54.7412	1.65803
Gorai.012G010600.1.A	2214	2108.5	6.66667	0.125406
Gorai.012G010600.1.D	2214	2108.5	17.3333	0.326056
Gorai.012G010700.1.A	1117	1011.5	32	1.25478
Gorai.012G010700.1.D	1117	1011.5	36	1.41163
Gorai.012G010800.1.A	1650	1544.5	1.16667	0.02996
Gorai.012G010800.1.D	1650	1544.5	5.83333	0.1498
Gorai.012G010900.1.A	2224	2118.5	14.5	0.271471
Gorai.012G010900.1.D	2224	2118.5	14.5	0.271471
Gorai.012G011000.1.A	916	810.505	0	0
Gorai.012G011000.1.D	916	810.505	0	0
Gorai.012G011100.1.A	2849	2743.5	247.642	3.58017
Gorai.012G011100.1.D	2849	2743.5	319.358	4.61697
Gorai.012G011200.1.A	1831	1725.5	28.9492	0.665433
Gorai.012G011200.1.D	1831	1725.5	32.0508	0.73673
Gorai.012G011300.1.A	1627	1521.5	14.5283	0.378727
Gorai.012G011300.1.D	1627	1521.5	55.4717	1.44605
Gorai.012G011400.1.A	2226	2120.5	0	0
Gorai.012G011400.1.D	2226	2120.5	49	0.91652
Gorai.012G011500.1.A	6089	5983.5	124.662	0.826346
Gorai.012G011500.1.D	6089	5983.5	167.338	1.10924
Gorai.012G011600.1.A	857	751.505	91.6383	4.83649
Gorai.012G011600.1.D	857	751.505	85.3617	4.50522
Gorai.012G011700.1.A	1054	948.505	0	0
Gorai.012G011700.1.D	1054	948.505	70	2.92714
Gorai.012G011800.1.A	2477	2371.5	1	0.0167248
Gorai.012G011800.1.D	2477	2371.5	0	0
Gorai.012G011900.1.A	4301	4195.5	1652.5	15.6222
Gorai.012G011900.1.D	4301	4195.5	930.498	8.79662
Gorai.012G012000.1.A	2766	2660.5	144.534	2.15472
Gorai.012G012000.1.D	2766	2660.5	74.3059	1.10776
Gorai.012G012100.1.A	825	719.505	0	0
Gorai.012G012100.1.D	825	719.505	10	0.551253
Gorai.012G012200.1.A	2685	2579.5	166.933	2.56679
Gorai.012G012200.1.D	2685	2579.5	530.067	8.15041
Gorai.012G012300.1.A	1273	1167.5	112.214	3.81217
Gorai.012G012300.1.D	1273	1167.5	181.786	6.17572
Gorai.012G012400.1.A	1887	1781.5	331.889	7.38908
Gorai.012G012400.1.D	1887	1781.5	492.111	10.9562
Gorai.012G012500.1.A	589	483.551	1	0.0820243
Gorai.012G012500.1.D	589	483.551	1	0.0820243
Gorai.012G012600.1.A	2002	1896.5	155.762	3.25757
Gorai.012G012600.1.D	2002	1896.5	77.2376	1.61532
Gorai.012G012700.1.A	1277	1171.5	3	0.101569
Gorai.012G012700.1.D	1277	1171.5	6	0.203138
Gorai.012G012800.1.A	1250	1144.5	1.4	0.0485172
Gorai.012G012800.1.D	1250	1144.5	12.6	0.436654
Gorai.012G012900.1.A	1172	1066.5	11	0.409086
Gorai.012G012900.1.D	1172	1066.5	0	0
Gorai.012G013000.1.A	445	339.583	0	0
Gorai.012G013000.1.D	445	339.583	1	0.116799
Gorai.012G013100.1.A	1440	1334.5	497.59	14.7889
Gorai.012G013100.1.D	1440	1334.5	360.41	10.7118
Gorai.012G013200.1.A	289	183.705	1179.74	254.713
Gorai.012G013200.1.D	289	183.705	1609.26	347.449
Gorai.012G013300.1.A	3273	3167.5	22.3077	0.279333
Gorai.012G013300.1.D	3273	3167.5	6.69231	0.0837999
Gorai.012G013400.1.A	1142	1036.5	1692.77	64.7757
Gorai.012G013400.1.D	1142	1036.5	1478.23	56.5659
Gorai.012G013500.1.A	3052	2946.5	285.864	3.84802
Gorai.012G013500.1.D	3052	2946.5	114.136	1.53639
Gorai.012G013600.1.A	2046	1940.5	181.513	3.71003
Gorai.012G013600.1.D	2046	1940.5	129.487	2.64665
Gorai.012G013700.1.A	1023	917.505	1.63086	0.0705007
Gorai.012G013700.1.D	1023	917.505	11.0546	0.47788
Gorai.012G013800.1.A	576	470.551	0.5	0.0421452
Gorai.012G013800.1.D	576	470.551	0.5	0.0421452
Gorai.012G013900.1.A	1153	1047.5	32.2917	1.2227
Gorai.012G013900.1.D	1153	1047.5	17.7083	0.670512
Gorai.012G014000.1.A	1122	1016.5	0	0
Gorai.012G014000.1.D	1122	1016.5	0	0
Gorai.012G014100.1.A	861	755.505	1	0.0524986
Gorai.012G014100.1.D	861	755.505	1	0.0524986
Gorai.012G014200.1.A	3333	3227.5	2390.21	29.3733
Gorai.012G014200.1.D	3333	3227.5	1996.12	24.5304
Gorai.012G014300.1.A	461	355.551	0	0
Gorai.012G014300.1.D	461	355.551	1	0.111553
Gorai.012G014400.1.A	1218	1112.5	118.392	4.22089
Gorai.012G014400.1.D	1218	1112.5	79.6082	2.83819
Gorai.012G014500.1.A	1634	1528.5	182.436	4.73401
Gorai.012G014500.1.D	1634	1528.5	230.564	5.98286
Gorai.012G014600.1.A	1603	1497.5	4094.97	108.459
Gorai.012G014600.1.D	1603	1497.5	2347.03	62.1636
Gorai.012G014700.1.A	965	859.505	16.5421	0.763354
Gorai.012G014700.1.D	965	859.505	101.458	4.68191
Gorai.012G014800.1.A	2584	2478.5	10.5556	0.168918
Gorai.012G014800.1.D	2584	2478.5	8.44444	0.135135
Gorai.012G014900.1.A	1837	1731.5	239.355	5.48283
Gorai.012G014900.1.D	1837	1731.5	188.645	4.32121
Gorai.012G015000.1.A	1134	1028.5	0	0
Gorai.012G015000.1.D	1134	1028.5	28	1.07978
Gorai.012G015100.1.A	717	611.505	7	0.454029
Gorai.012G015100.1.D	717	611.505	0	0
Gorai.012G015200.1.A	1820	1714.5	34.2727	0.792857
Gorai.012G015200.1.D	1820	1714.5	17.7273	0.410098
Gorai.012G015300.1.A	2083	1977.5	71.2895	1.42986
Gorai.012G015300.1.D	2083	1977.5	100.711	2.01996
Gorai.012G015400.1.A	1745	1639.5	300.749	7.27573
Gorai.012G015400.1.D	1745	1639.5	88.2507	2.13496
Gorai.012G015500.1.A	1986	1880.5	13.6552	0.28801
Gorai.012G015500.1.D	1986	1880.5	22.3448	0.471289
Gorai.012G015600.1.A	614	508.505	7.58448	0.591583
Gorai.012G015600.1.D	614	508.505	7.58448	0.591583
Gorai.012G015700.1.A	2062	1956.5	65.9559	1.33708
Gorai.012G015700.1.D	2062	1956.5	3.04412	0.0617114
Gorai.012G015800.1.A	1481	1375.5	192.338	5.54612
Gorai.012G015800.1.D	1481	1375.5	183.662	5.29592
Gorai.012G015900.1.A	1016	910.505	22.9091	0.997954
Gorai.012G015900.1.D	1016	910.505	13.0909	0.57026
Gorai.012G016000.1.A	1545	1439.5	11.8332	0.326043
Gorai.012G016000.1.D	1545	1439.5	0	0
Gorai.012G016100.1.A	994	888.505	16.0838	0.717983
Gorai.012G016100.1.D	994	888.505	16.0838	0.717983
Gorai.012G016200.1.A	1275	1169.5	32.9683	1.1181
Gorai.012G016200.1.D	1275	1169.5	34.0317	1.15416
Gorai.012G016300.1.A	1105	999.505	262.006	10.3971
Gorai.012G016300.1.D	1105	999.505	108.994	4.32518
Gorai.012G016400.1.A	693	587.505	2	0.135022
Gorai.012G016400.1.D	693	587.505	0	0
Gorai.012G016500.1.A	1611	1505.5	15.7294	0.414396
Gorai.012G016500.1.D	1611	1505.5	10.398	0.273937
Gorai.012G016600.1.A	852	746.505	10.348	0.549803
Gorai.012G016600.1.D	852	746.505	38.3627	2.03827
Gorai.012G016700.1.A	681	575.505	1.16195	0.0800798
Gorai.012G016700.1.D	681	575.505	0	0
Gorai.012G016800.1.A	611	505.551	1	0.0784548
Gorai.012G016800.1.D	611	505.551	0	0
Gorai.012G016900.1.A	2309	2203.5	35.5699	0.640256
Gorai.012G016900.1.D	2309	2203.5	36.6526	0.659745
Gorai.012G017000.1.A	1162	1056.5	116.016	4.35542
Gorai.012G017000.1.D	1162	1056.5	108.984	4.09145
Gorai.012G017100.1.A	3366	3260.5	448.422	5.45491
Gorai.012G017100.1.D	3366	3260.5	323.578	3.93621
Gorai.012G017200.1.A	798	692.505	35.8333	2.05234
Gorai.012G017200.1.D	798	692.505	7.16667	0.410468
Gorai.012G017300.1.A	2631	2525.5	309.117	4.85466
Gorai.012G017300.1.D	2631	2525.5	117.883	1.85135
Gorai.012G017400.1.A	4761	4655.5	181.048	1.54245
Gorai.012G017400.1.D	4761	4655.5	233.952	1.99317
Gorai.012G017500.1.A	1172	1066.5	471.717	17.543
Gorai.012G017500.1.D	1172	1066.5	430.283	16.0021
Gorai.012G017600.1.A	1145	1039.5	2.2	0.0839424
Gorai.012G017600.1.D	1145	1039.5	19.8	0.755481
Gorai.012G017700.1.A	927	821.505	23.8858	1.15323
Gorai.012G017700.1.D	927	821.505	0	0
Gorai.012G017800.1.A	2091	1985.5	0	0
Gorai.012G017800.1.D	2091	1985.5	5	0.0998813
Gorai.012G017900.1.A	2542	2436.5	2534.32	41.2553
Gorai.012G017900.1.D	2542	2436.5	1380.68	22.4755
Gorai.012G018000.1.A	3223	3117.5	4.2	0.0534352
Gorai.012G018000.1.D	3223	3117.5	2.8	0.0356234
Gorai.012G018100.1.A	1107	1001.5	79.4118	3.14497
Gorai.012G018100.1.D	1107	1001.5	145.588	5.76578
Gorai.012G018200.1.A	859	753.505	401.21	21.1188
Gorai.012G018200.1.D	859	753.505	630.79	33.2035
Gorai.012G018300.1.A	1653	1547.5	1	0.0256303
Gorai.012G018300.1.D	1653	1547.5	7	0.179412
Gorai.012G018400.1.A	1775	1669.5	153.054	3.63616
Gorai.012G018400.1.D	1775	1669.5	297.946	7.07839
Gorai.012G018500.1.A	243	138.135	0.5	0.143566
Gorai.012G018500.1.D	243	138.135	0.5	0.143566
Gorai.012G018600.1.A	1236	1130.5	24.7164	0.867158
Gorai.012G018600.1.D	1236	1130.5	113.284	3.97447
Gorai.012G018700.1.A	5578	5472.5	630.136	4.56702
Gorai.012G018700.1.D	5578	5472.5	537.978	3.89909
Gorai.012G018800.1.A	192	88.8177	0	0
Gorai.012G018800.1.D	192	88.8177	0	0
Gorai.012G018900.1.A	669	563.505	0	0
Gorai.012G018900.1.D	669	563.505	0	0
Gorai.012G019000.1.A	1153	1047.5	461.064	17.4578
Gorai.012G019000.1.D	1153	1047.5	510.936	19.3462
Gorai.012G019100.1.A	3549	3443.5	222.935	2.56781
Gorai.012G019100.1.D	3549	3443.5	461.723	5.31821
Gorai.012G019200.1.A	3600	3494.5	213.756	2.42615
Gorai.012G019200.1.D	3600	3494.5	213.585	2.42421
Gorai.012G019300.1.A	2661	2555.5	260.02	4.03567
Gorai.012G019300.1.D	2661	2555.5	327.98	5.09044
Gorai.012G019400.1.A	738	632.505	0	0
Gorai.012G019400.1.D	738	632.505	0	0
Gorai.012G019500.1.A	1026	920.505	0	0
Gorai.012G019500.1.D	1026	920.505	14	0.603236
Gorai.012G019600.1.A	3931	3825.5	337.837	3.5027
Gorai.012G019600.1.D	3931	3825.5	187.687	1.94595
Gorai.012G019700.1.A	1091	985.505	1	0.0402463
Gorai.012G019700.1.D	1091	985.505	6	0.241478
Gorai.012G019800.1.A	1449	1343.5	371.991	10.9819
Gorai.012G019800.1.D	1449	1343.5	508.009	14.9975
Gorai.012G019900.1.A	1047	941.505	345.237	14.5439
Gorai.012G019900.1.D	1047	941.505	1148.76	48.3942
Gorai.012G020000.1.A	2204	2098.5	381.866	7.21748
Gorai.012G020000.1.D	2204	2098.5	486.134	9.18821
Gorai.012G020100.1.A	2808	2702.5	149.538	2.19468
Gorai.012G020100.1.D	2808	2702.5	120.462	1.76794
Gorai.012G020200.1.A	569	463.551	0	0
Gorai.012G020200.1.D	569	463.551	0	0
Gorai.012G020300.1.A	234	129.404	19.9253	6.10718
Gorai.012G020300.1.D	234	129.404	19.9253	6.10718
Gorai.012G020400.1.A	915	809.505	2984.46	146.228
Gorai.012G020400.1.D	915	809.505	4036.54	197.777
Gorai.012G020500.1.A	2796	2690.5	137.173	2.02218
Gorai.012G020500.1.D	2796	2690.5	133.827	1.97286
Gorai.012G020600.1.A	2797	2691.5	67.2	0.990282
Gorai.012G020600.1.D	2797	2691.5	44.8	0.660188
Gorai.012G020700.1.A	1938	1832.5	225.534	4.88148
Gorai.012G020700.1.D	1938	1832.5	349.466	7.56388
Gorai.012G020800.1.A	528	422.551	19.3455	1.81587
Gorai.012G020800.1.D	528	422.551	36.6545	3.44059
Gorai.012G020900.1.A	168	67.1198	0	0
Gorai.012G020900.1.D	168	67.1198	0	0
Gorai.012G021000.1.A	1191	1085.5	66.2326	2.42005
Gorai.012G021000.1.D	1191	1085.5	111.767	4.08384
Gorai.012G021100.1.A	677	571.505	2	0.138802
Gorai.012G021100.1.D	677	571.505	1	0.0694009
Gorai.012G021200.1.A	932	826.505	2.4	0.115173
Gorai.012G021200.1.D	932	826.505	9.6	0.460692
Gorai.012G021300.1.A	3177	3071.5	9.45	0.12203
Gorai.012G021300.1.D	3177	3071.5	11.55	0.149147
Gorai.012G021400.1.A	3362	3256.5	276.27	3.36487
Gorai.012G021400.1.D	3362	3256.5	258.73	3.15122
Gorai.012G021500.1.A	1553	1447.5	46.6961	1.27951
Gorai.012G021500.1.D	1553	1447.5	131.626	3.60666
Gorai.012G021600.1.A	1954	1848.5	11113.7	238.465
Gorai.012G021600.1.D	1954	1848.5	17894.5	383.959
Gorai.012G021700.1.A	1563	1457.5	8376.85	227.959
Gorai.012G021700.1.D	1563	1457.5	3996.19	108.748
Gorai.012G021800.1.A	966	860.505	0	0
Gorai.012G021800.1.D	966	860.505	0	0
Gorai.012G021900.1.A	2343	2237.5	2	0.0354528
Gorai.012G021900.1.D	2343	2237.5	0	0
Gorai.012G022000.1.A	2559	2453.5	19.5694	0.316356
Gorai.012G022000.1.D	2559	2453.5	33.7029	0.544835
Gorai.012G022100.1.A	668	562.505	0	0
Gorai.012G022100.1.D	668	562.505	0	0
Gorai.012G022200.1.A	4071	3965.5	2	0.020004
Gorai.012G022200.1.D	4071	3965.5	12	0.120024
Gorai.012G022300.1.A	1831	1725.5	133.196	3.06167
Gorai.012G022300.1.D	1831	1725.5	148.804	3.42046
Gorai.012G022400.1.A	4489	4383.5	143.814	1.30126
Gorai.012G022400.1.D	4489	4383.5	95.1861	0.861266
Gorai.012G022500.1.A	4571	4465.5	263.38	2.33936
Gorai.012G022500.1.D	4571	4465.5	462.366	4.10677
Gorai.012G022600.1.A	1438	1332.5	61.0882	1.81833
Gorai.012G022600.1.D	1438	1332.5	1.1661	0.0347097
Gorai.012G022700.1.A	1064	958.505	0	0
Gorai.012G022700.1.D	1064	958.505	0	0
Gorai.012G022800.1.A	2124	2018.5	0	0
Gorai.012G022800.1.D	2124	2018.5	0	0
Gorai.012G022900.1.A	930	824.505	1	0.0481052
Gorai.012G022900.1.D	930	824.505	1	0.0481052
Gorai.012G023000.1.A	3658	3552.5	384.191	4.28941
Gorai.012G023000.1.D	3658	3552.5	504.809	5.63608
Gorai.012G023100.1.A	4212	4106.5	85.5804	0.826583
Gorai.012G023100.1.D	4212	4106.5	49.4196	0.477323
Gorai.012G023200.1.A	4560	4454.5	41.619	0.370576
Gorai.012G023200.1.D	4560	4454.5	4.38095	0.039008
Gorai.012G023300.1.A	3069	2963.5	979.532	13.1099
Gorai.012G023300.1.D	3069	2963.5	899.468	12.0383
Gorai.012G023400.1.A	1272	1166.5	1	0.0340015
Gorai.012G023400.1.D	1272	1166.5	0	0
Gorai.012G023500.1.A	1949	1843.5	10	0.21515
Gorai.012G023500.1.D	1949	1843.5	0	0
Gorai.012G023600.1.A	4633	4527.5	1	0.00876044
Gorai.012G023600.1.D	4633	4527.5	2	0.0175209
Gorai.012G023700.1.A	3583	3477.5	290.146	3.30928
Gorai.012G023700.1.D	3583	3477.5	240.854	2.74708
Gorai.012G023800.1.A	1556	1450.5	0	0
Gorai.012G023800.1.D	1556	1450.5	0	0
Gorai.012G023900.1.A	2887	2781.5	21.9333	0.312759
Gorai.012G023900.1.D	2887	2781.5	25.0667	0.357439
Gorai.012G024000.1.A	1641	1535.5	0	0
Gorai.012G024000.1.D	1641	1535.5	0	0
Gorai.012G024100.1.A	10755	10649.5	576.849	2.14841
Gorai.012G024100.1.D	10755	10649.5	332.347	1.23779
Gorai.012G024200.1.A	1587	1481.5	2	0.0535441
Gorai.012G024200.1.D	1587	1481.5	0	0
Gorai.012G024300.1.A	2958	2852.5	189.615	2.63653
Gorai.012G024300.1.D	2958	2852.5	1136.38	15.801
Gorai.012G024400.1.A	857	751.505	0	0
Gorai.012G024400.1.D	857	751.505	8	0.422224
Gorai.012G024500.1.A	1942	1836.5	59.402	1.2829
Gorai.012G024500.1.D	1942	1836.5	59.402	1.2829
Gorai.012G024600.1.A	435	329.583	2	0.240686
Gorai.012G024600.1.D	435	329.583	2	0.240686
Gorai.012G024700.1.A	922	816.505	8.5	0.4129
Gorai.012G024700.1.D	922	816.505	8.5	0.4129
Gorai.012G024800.1.A	216	111.866	0	0
Gorai.012G024800.1.D	216	111.866	0	0
Gorai.012G024900.1.A	429	323.583	0	0
Gorai.012G024900.1.D	429	323.583	0	0
Gorai.012G025000.1.A	1415	1309.5	0	0
Gorai.012G025000.1.D	1415	1309.5	0	0
Gorai.012G025100.1.A	923	817.505	1	0.0485171
Gorai.012G025100.1.D	923	817.505	2	0.0970342
Gorai.012G025200.1.A	1449	1343.5	293.333	8.65979
Gorai.012G025200.1.D	1449	1343.5	346.667	10.2343
Gorai.012G025300.1.A	715	609.505	0	0
Gorai.012G025300.1.D	715	609.505	0	0
Gorai.012G025400.1.A	850	744.505	20.2667	1.07969
Gorai.012G025400.1.D	850	744.505	11.7333	0.625085
Gorai.012G025500.1.A	1158	1052.5	34.6818	1.30696
Gorai.012G025500.1.D	1158	1052.5	74.3182	2.80063
Gorai.012G025600.1.A	972	866.505	0	0
Gorai.012G025600.1.D	972	866.505	0	0
Gorai.012G025700.1.A	567	461.551	0	0
Gorai.012G025700.1.D	567	461.551	0	0
Gorai.012G025800.1.A	576	470.551	0	0
Gorai.012G025800.1.D	576	470.551	0	0
Gorai.012G025900.1.A	628	522.505	9	0.683183
Gorai.012G025900.1.D	628	522.505	0	0
Gorai.012G026000.1.A	255	149.978	0	0
Gorai.012G026000.1.D	255	149.978	0	0
Gorai.012G026100.1.A	1418	1312.5	0	0
Gorai.012G026100.1.D	1418	1312.5	0	0
Gorai.012G026200.1.A	1282	1176.5	22.8571	0.770572
Gorai.012G026200.1.D	1282	1176.5	1.14286	0.0385286
Gorai.012G026300.1.A	2759	2653.5	106.593	1.59329
Gorai.012G026300.1.D	2759	2653.5	202.407	3.02545
Gorai.012G026400.1.A	1073	967.505	6.75	0.276717
Gorai.012G026400.1.D	1073	967.505	2.25	0.092239
Gorai.012G026500.1.A	1901	1795.5	945.518	20.8866
Gorai.012G026500.1.D	1901	1795.5	1254.48	27.7117
Gorai.012G026600.1.A	2194	2088.5	497.231	9.44294
Gorai.012G026600.1.D	2194	2088.5	238.769	4.53448
Gorai.012G026700.1.A	2782	2676.5	847.621	12.5608
Gorai.012G026700.1.D	2782	2676.5	725.379	10.7493
Gorai.012G026800.1.A	363	257.583	0	0
Gorai.012G026800.1.D	363	257.583	15	2.30972
Gorai.012G026900.1.A	1236	1130.5	2141.58	75.1358
Gorai.012G026900.1.D	1236	1130.5	2405.42	84.3924
Gorai.012G027000.1.A	680	574.505	135.835	9.37786
Gorai.012G027000.1.D	680	574.505	0.16486	0.0113817
Gorai.012G027100.1.A	943	837.505	1924.76	91.1539
Gorai.012G027100.1.D	943	837.505	2575.24	121.959
Gorai.012G027200.1.A	1976	1870.5	887.83	18.8259
Gorai.012G027200.1.D	1976	1870.5	698.17	14.8043
Gorai.012G027300.1.A	1152	1046.5	1	0.0379004
Gorai.012G027300.1.D	1152	1046.5	0	0
Gorai.012G027400.1.A	2521	2415.5	0	0
Gorai.012G027400.1.D	2521	2415.5	1	0.0164201
Gorai.012G027500.1.A	423	317.583	0	0
Gorai.012G027500.1.D	423	317.583	0	0
Gorai.012G027600.1.A	783	677.505	0	0
Gorai.012G027600.1.D	783	677.505	0	0
Gorai.012G027700.1.A	929	823.505	186.861	8.99988
Gorai.012G027700.1.D	929	823.505	1.13939	0.0548773
Gorai.012G027800.1.A	683	577.505	0	0
Gorai.012G027800.1.D	683	577.505	0	0
Gorai.012G027900.1.A	1530	1424.5	0	0
Gorai.012G027900.1.D	1530	1424.5	0	0
Gorai.012G028000.1.A	860	754.505	0	0
Gorai.012G028000.1.D	860	754.505	0	0
Gorai.012G028100.1.A	1685	1579.5	4	0.100444
Gorai.012G028100.1.D	1685	1579.5	4	0.100444
Gorai.012G028200.1.A	2929	2823.5	20.4	0.286567
Gorai.012G028200.1.D	2929	2823.5	30.6	0.429851
Gorai.012G028300.1.A	1774	1668.5	1250.17	29.7185
Gorai.012G028300.1.D	1774	1668.5	4576.83	108.798
Gorai.012G028400.1.A	1209	1103.5	108.955	3.91612
Gorai.012G028400.1.D	1209	1103.5	146.045	5.24927
Gorai.012G028500.1.A	1001	895.505	5.45455	0.241588
Gorai.012G028500.1.D	1001	895.505	6.54545	0.289906
Gorai.012G028600.1.A	1980	1874.5	46	0.973321
Gorai.012G028600.1.D	1980	1874.5	23	0.486661
Gorai.012G028700.1.A	2295	2189.5	2	0.0362301
Gorai.012G028700.1.D	2295	2189.5	10	0.18115
Gorai.012G028800.1.A	818	712.505	84.7619	4.71843
Gorai.012G028800.1.D	818	712.505	4.2381	0.235922
Gorai.012G028900.1.A	2070	1964.5	34.963	0.705895
Gorai.012G028900.1.D	2070	1964.5	24.037	0.485303
Gorai.012G029000.1.A	1392	1286.5	9	0.27747
Gorai.012G029000.1.D	1392	1286.5	0	0
Gorai.012G029100.1.A	3103	2997.5	156.583	2.0719
Gorai.012G029100.1.D	3103	2997.5	48.4171	0.640654
Gorai.012G029200.1.A	1070	964.505	29	1.19256
Gorai.012G029200.1.D	1070	964.505	0	0
Gorai.012G029300.1.A	1514	1408.5	0	0
Gorai.012G029300.1.D	1514	1408.5	0	0
Gorai.012G029400.1.A	1672	1566.5	1	0.0253194
Gorai.012G029400.1.D	1672	1566.5	11	0.278513
Gorai.012G029500.1.A	1286	1180.5	42	1.41113
Gorai.012G029500.1.D	1286	1180.5	0	0
Gorai.012G029600.1.A	1153	1047.5	225.947	8.55531
Gorai.012G029600.1.D	1153	1047.5	685.053	25.939
Gorai.012G029700.1.A	1460	1354.5	206.873	6.05769
Gorai.012G029700.1.D	1460	1354.5	78.1274	2.28775
Gorai.012G029800.1.A	1927	1821.5	0	0
Gorai.012G029800.1.D	1927	1821.5	2.01908	0.0439652
Gorai.012G029900.1.A	1773	1667.5	2.91181	0.0692597
Gorai.012G029900.1.D	1773	1667.5	1.57507	0.0374642
Gorai.012G030000.1.A	2289	2183.5	0	0
Gorai.012G030000.1.D	2289	2183.5	23.1365	0.42027
Gorai.012G030100.1.A	1529	1423.5	4.9812	0.138791
Gorai.012G030100.1.D	1529	1423.5	1.43511e-08	3.99863e-10
Gorai.012G030200.1.A	2056	1950.5	4.16228	0.0846388
Gorai.012G030200.1.D	2056	1950.5	8.32456	0.169278
Gorai.012G030300.1.A	1575	1469.5	8	0.215925
Gorai.012G030300.1.D	1575	1469.5	11	0.296898
Gorai.012G030400.1.A	417	311.583	0.717312	0.0913101
Gorai.012G030400.1.D	417	311.583	0.717312	0.0913101
Gorai.012G030500.1.A	1906	1800.5	3684.68	81.169
Gorai.012G030500.1.D	1906	1800.5	9753.1	214.849
Gorai.012G030600.1.A	1142	1036.5	10	0.382661
Gorai.012G030600.1.D	1142	1036.5	19	0.727055
Gorai.012G030700.1.A	599	493.551	4	0.321449
Gorai.012G030700.1.D	599	493.551	4	0.321449
Gorai.012G030800.1.A	830	724.505	0	0
Gorai.012G030800.1.D	830	724.505	8.11355	0.444176
Gorai.012G030900.1.A	648	542.505	0	0
Gorai.012G030900.1.D	648	542.505	0	0
Gorai.012G031000.1.A	216	111.866	0	0
Gorai.012G031000.1.D	216	111.866	0	0
Gorai.012G031100.1.A	1207	1101.5	42.482	1.52969
Gorai.012G031100.1.D	1207	1101.5	0	0
Gorai.012G031200.1.A	267	161.849	2.251	0.551633
Gorai.012G031200.1.D	267	161.849	2.251	0.551633
Gorai.012G031300.1.A	615	509.505	0	0
Gorai.012G031300.1.D	615	509.505	22	1.71261
Gorai.012G031400.1.A	2574	2468.5	68.7119	1.10404
Gorai.012G031400.1.D	2574	2468.5	152.739	2.45415
Gorai.012G031500.1.A	2364	2258.5	2	0.0351232
Gorai.012G031500.1.D	2364	2258.5	0	0
Gorai.012G031600.1.A	408	302.583	1	0.131081
Gorai.012G031600.1.D	408	302.583	0	0
Gorai.012G031700.1.A	2385	2279.5	4	0.0695992
Gorai.012G031700.1.D	2385	2279.5	1	0.0173998
Gorai.012G031800.1.A	2637	2531.5	187.284	2.93431
Gorai.012G031800.1.D	2637	2531.5	168.786	2.6445
Gorai.012G031900.1.A	1842	1736.5	63.5329	1.45113
Gorai.012G031900.1.D	1842	1736.5	10.5283	0.240473
Gorai.012G032000.1.A	222	117.654	8.30811	2.80079
Gorai.012G032000.1.D	222	117.654	0	0
Gorai.012G032100.1.A	2208	2102.5	0	0
Gorai.012G032100.1.D	2208	2102.5	0	0
Gorai.012G032200.1.A	2694	2588.5	44.7674	0.685959
Gorai.012G032200.1.D	2694	2588.5	65.2326	0.99954
Gorai.012G032300.1.A	2376	2270.5	0	0
Gorai.012G032300.1.D	2376	2270.5	0	0
Gorai.012G032400.1.A	2686	2580.5	34.431	0.529213
Gorai.012G032400.1.D	2686	2580.5	190.97	2.93525
Gorai.012G032500.1.A	1378	1272.5	0	0
Gorai.012G032500.1.D	1378	1272.5	2.20761	0.0688095
Gorai.012G032600.1.A	2379	2273.5	0	0
Gorai.012G032600.1.D	2379	2273.5	0	0
Gorai.012G032700.1.A	2809	2703.5	106.052	1.55589
Gorai.012G032700.1.D	2809	2703.5	321.476	4.71636
Gorai.012G032800.1.A	1109	1003.5	124.038	4.90253
Gorai.012G032800.1.D	1109	1003.5	114.962	4.54381
Gorai.012G032900.1.A	2355	2249.5	3	0.0528956
Gorai.012G032900.1.D	2355	2249.5	0	0
Gorai.012G033000.1.A	2394	2288.5	3	0.0519941
Gorai.012G033000.1.D	2394	2288.5	0	0
Gorai.012G033100.1.A	1137	1031.5	0	0
Gorai.012G033100.1.D	1137	1031.5	0	0
Gorai.012G033200.1.A	660	554.505	0	0
Gorai.012G033200.1.D	660	554.505	2.33569	0.167069
Gorai.012G033300.1.A	1604	1498.5	81.9641	2.16945
Gorai.012G033300.1.D	1604	1498.5	150.036	3.9712
Gorai.012G033400.1.A	3673	3567.5	0	0
Gorai.012G033400.1.D	3673	3567.5	8	0.0889427
Gorai.012G033500.1.A	2419	2313.5	183.882	3.1525
Gorai.012G033500.1.D	2419	2313.5	164.639	2.82258
Gorai.012G033600.1.A	990	884.505	6	0.269052
Gorai.012G033600.1.D	990	884.505	1	0.044842
Gorai.012G033700.1.A	596	490.551	0	0
Gorai.012G033700.1.D	596	490.551	1	0.0808538
Gorai.012G033800.1.A	1186	1080.5	75.1667	2.7592
Gorai.012G033800.1.D	1186	1080.5	375.833	13.796
Gorai.012G033900.1.A	1060	954.505	0	0
Gorai.012G033900.1.D	1060	954.505	0	0
Gorai.012G034000.1.A	2094	1988.5	227.713	4.54199
Gorai.012G034000.1.D	2094	1988.5	355.287	7.0866
Gorai.012G034100.1.A	742	636.505	0	0
Gorai.012G034100.1.D	742	636.505	0	0
Gorai.012G034200.1.A	396	290.583	0	0
Gorai.012G034200.1.D	396	290.583	0	0
Gorai.012G034300.1.A	2448	2342.5	242.182	4.10059
Gorai.012G034300.1.D	2448	2342.5	312.818	5.29659
Gorai.012G034400.1.A	2137	2031.5	352.671	6.88553
Gorai.012G034400.1.D	2137	2031.5	435.329	8.49932
Gorai.012G034500.1.A	2380	2274.5	1311.52	22.8703
Gorai.012G034500.1.D	2380	2274.5	1001.48	17.4639
Gorai.012G034600.1.A	2318	2212.5	83.1944	1.4914
Gorai.012G034600.1.D	2318	2212.5	31.7452	0.569088
Gorai.012G034700.1.A	553	447.551	1	0.0886221
Gorai.012G034700.1.D	553	447.551	1	0.0886221
Gorai.012G034800.1.A	402	296.583	0	0
Gorai.012G034800.1.D	402	296.583	0	0
Gorai.012G034900.1.A	423	317.583	0.530195	0.0662161
Gorai.012G034900.1.D	423	317.583	0.530195	0.0662161
Gorai.012G035000.1.A	1184	1078.5	64.6479	2.37748
Gorai.012G035000.1.D	1184	1078.5	37.3521	1.37366
Gorai.012G035100.1.A	1695	1589.5	70.1807	1.75122
Gorai.012G035100.1.D	1695	1589.5	162.819	4.06283
Gorai.012G035200.1.A	1234	1128.5	1084.53	38.1175
Gorai.012G035200.1.D	1234	1128.5	400.467	14.075
Gorai.012G035300.1.A	2095	1989.5	1574.11	31.3816
Gorai.012G035300.1.D	2095	1989.5	117.89	2.35026
Gorai.012G035400.1.A	1346	1240.5	391.795	12.527
Gorai.012G035400.1.D	1346	1240.5	31.2049	0.997722
Gorai.012G035500.1.A	1103	997.505	5.34653	0.21259
Gorai.012G035500.1.D	1103	997.505	102.653	4.08172
Gorai.012G035600.1.A	1152	1046.5	32.1429	1.21823
Gorai.012G035600.1.D	1152	1046.5	3.85714	0.146187
Gorai.012G035700.1.A	565	459.551	80.9858	6.98972
Gorai.012G035700.1.D	565	459.551	0	0
Gorai.012G035800.1.A	2514	2408.5	0	0
Gorai.012G035800.1.D	2514	2408.5	0	0
Gorai.012G035900.1.A	453	347.551	0	0
Gorai.012G035900.1.D	453	347.551	0	0
Gorai.012G036000.1.A	2756	2650.5	288.161	4.31212
Gorai.012G036000.1.D	2756	2650.5	174.839	2.61635
Gorai.012G036100.1.A	905	799.505	0	0
Gorai.012G036100.1.D	905	799.505	0	0
Gorai.012G036200.1.A	1772	1666.5	14.7333	0.350654
Gorai.012G036200.1.D	1772	1666.5	36.2667	0.863149
Gorai.012G036300.1.A	1993	1887.5	31.2	0.655619
Gorai.012G036300.1.D	1993	1887.5	28.8	0.605187
Gorai.012G036400.1.A	966	860.505	0	0
Gorai.012G036400.1.D	966	860.505	0	0
Gorai.012G036500.1.A	1274	1168.5	3	0.10183
Gorai.012G036500.1.D	1274	1168.5	0	0
Gorai.012G036600.1.A	1449	1343.5	0	0
Gorai.012G036600.1.D	1449	1343.5	0	0
Gorai.012G036700.1.A	1965	1859.5	49.0941	1.04717
Gorai.012G036700.1.D	1965	1859.5	161.906	3.45343
Gorai.012G036800.1.A	1364	1258.5	735.843	23.1908
Gorai.012G036800.1.D	1364	1258.5	567.157	17.8745
Gorai.012G036900.1.A	3407	3301.5	180.31	2.16617
Gorai.012G036900.1.D	3407	3301.5	82.69	0.993404
Gorai.012G037000.1.A	312	206.649	1	0.191933
Gorai.012G037000.1.D	312	206.649	0	0
Gorai.012G037100.1.A	2548	2442.5	6.6	0.107175
Gorai.012G037100.1.D	2548	2442.5	15.4	0.250075
Gorai.012G037200.1.A	2527	2421.5	1565.69	25.6451
Gorai.012G037200.1.D	2527	2421.5	545.312	8.93191
Gorai.012G037300.1.A	2281	2175.5	399.87	7.29027
Gorai.012G037300.1.D	2281	2175.5	320.13	5.83649
Gorai.012G037400.1.A	1666	1560.5	71.4433	1.81586
Gorai.012G037400.1.D	1666	1560.5	33.5567	0.852902
Gorai.012G037500.1.A	2166	2060.5	1333.28	25.6645
Gorai.012G037500.1.D	2166	2060.5	32.7186	0.629804
Gorai.012G037600.1.A	1397	1291.5	10	0.307106
Gorai.012G037600.1.D	1397	1291.5	17	0.522081
Gorai.012G037700.1.A	2355	2249.5	11.5385	0.203444
Gorai.012G037700.1.D	2355	2249.5	18.4615	0.325511
Gorai.012G037800.1.A	1432	1326.5	84.7134	2.53296
Gorai.012G037800.1.D	1432	1326.5	90.2866	2.6996
Gorai.012G037900.1.A	1296	1190.5	118.428	3.94554
Gorai.012G037900.1.D	1296	1190.5	296.28	9.8709
Gorai.012G038000.1.A	1801	1695.5	0	0
Gorai.012G038000.1.D	1801	1695.5	1	0.023393
Gorai.012G038100.1.A	2258	2152.5	245.398	4.5218
Gorai.012G038100.1.D	2258	2152.5	543.602	10.0166
Gorai.012G038200.1.A	1483	1377.5	62.2788	1.79322
Gorai.012G038200.1.D	1483	1377.5	64.7212	1.86354
Gorai.012G038300.1.A	1131	1025.5	0	0
Gorai.012G038300.1.D	1131	1025.5	0	0
Gorai.012G038400.1.A	879	773.505	2440.45	125.139
Gorai.012G038400.1.D	879	773.505	817.551	41.9215
Gorai.012G038500.1.A	312	206.649	0	0
Gorai.012G038500.1.D	312	206.649	0	0
Gorai.012G038600.1.A	1608	1502.5	1940.24	51.2183
Gorai.012G038600.1.D	1608	1502.5	1756.76	46.3746
Gorai.012G038700.1.A	2317	2211.5	752.621	13.4981
Gorai.012G038700.1.D	2317	2211.5	267.379	4.79539
Gorai.012G038800.1.A	2751	2645.5	39.1143	0.586424
Gorai.012G038800.1.D	2751	2645.5	108.886	1.63248
Gorai.012G038900.1.A	108	25.6977	0	0
Gorai.012G038900.1.D	108	25.6977	0	0
Gorai.012G039000.1.A	873	767.505	0	0
Gorai.012G039000.1.D	873	767.505	5.02126	0.259488
Gorai.012G039100.1.A	1214	1108.5	0	0
Gorai.012G039100.1.D	1214	1108.5	2	0.0715612
Gorai.012G039200.1.A	1612	1506.5	334.826	8.81523
Gorai.012G039200.1.D	1612	1506.5	571.174	15.0377
Gorai.012G039300.1.A	4274	4168.5	224.907	2.13997
Gorai.012G039300.1.D	4274	4168.5	244.093	2.32252
Gorai.012G039400.1.A	1265	1159.5	3.33333	0.114023
Gorai.012G039400.1.D	1265	1159.5	6.66667	0.228045
Gorai.012G039500.1.A	1352	1246.5	16.6541	0.529922
Gorai.012G039500.1.D	1352	1246.5	138.877	4.41897
Gorai.012G039600.1.A	1649	1543.5	295.8	7.60108
Gorai.012G039600.1.D	1649	1543.5	197.2	5.06738
Gorai.012G039700.1.A	2286	2180.5	103.917	1.89022
Gorai.012G039700.1.D	2286	2180.5	215.083	3.91232
Gorai.012G039800.1.A	1556	1450.5	367.433	10.0472
Gorai.012G039800.1.D	1556	1450.5	74.5672	2.03898
Gorai.012G039900.1.A	2627	2521.5	364.345	5.7311
Gorai.012G039900.1.D	2627	2521.5	378.655	5.95619
Gorai.012G040000.1.A	6503	6397.5	84.4444	0.523535
Gorai.012G040000.1.D	6503	6397.5	67.5556	0.418828
Gorai.012G040100.1.A	976	870.505	89.3033	4.06894
Gorai.012G040100.1.D	976	870.505	51.0305	2.32511
Gorai.012G040200.1.A	868	762.505	1.5	0.078025
Gorai.012G040200.1.D	868	762.505	1.5	0.078025
Gorai.012G040300.1.A	774	668.505	0.5	0.0296654
Gorai.012G040300.1.D	774	668.505	0.5	0.0296654
Gorai.012G040400.1.A	2674	2568.5	5593.03	86.3677
Gorai.012G040400.1.D	2674	2568.5	4532.97	69.9983
Gorai.012G040500.1.A	618	512.505	0	0
Gorai.012G040500.1.D	618	512.505	0	0
Gorai.012G040600.1.A	471	365.551	0	0
Gorai.012G040600.1.D	471	365.551	4	0.434007
Gorai.012G040700.1.A	1333	1227.5	3	0.0969355
Gorai.012G040700.1.D	1333	1227.5	0	0
Gorai.012G040800.1.A	1813	1707.5	27.2093	0.632034
Gorai.012G040800.1.D	1813	1707.5	167.791	3.89754
Gorai.012G040900.1.A	2983	2877.5	128.261	1.76792
Gorai.012G040900.1.D	2983	2877.5	166.739	2.2983
Gorai.012G041000.1.A	1348	1242.5	5.83333	0.18621
Gorai.012G041000.1.D	1348	1242.5	8.16667	0.260694
Gorai.012G041100.1.A	1397	1291.5	10	0.307106
Gorai.012G041100.1.D	1397	1291.5	22	0.675634
Gorai.012G041200.1.A	291	185.705	0	0
Gorai.012G041200.1.D	291	185.705	0	0
Gorai.012G041300.1.A	1458	1352.5	153.061	4.48859
Gorai.012G041300.1.D	1458	1352.5	227.939	6.68445
Gorai.012G041400.1.A	3600	3494.5	249.851	2.83583
Gorai.012G041400.1.D	3600	3494.5	215.149	2.44196
Gorai.012G041500.1.A	2978	2872.5	186.819	2.57956
Gorai.012G041500.1.D	2978	2872.5	291.181	4.02056
Gorai.012G041600.1.A	953	847.505	7.56	0.353806
Gorai.012G041600.1.D	953	847.505	19.44	0.909786
Gorai.012G041700.1.A	1708	1602.5	50.8659	1.25896
Gorai.012G041700.1.D	1708	1602.5	46.1341	1.14185
Gorai.012G041800.1.A	1455	1349.5	0	0
Gorai.012G041800.1.D	1455	1349.5	0	0
Gorai.012G041900.1.A	1359	1253.5	294.49	9.31815
Gorai.012G041900.1.D	1359	1253.5	13302.5	420.913
Gorai.012G042000.1.A	1993	1887.5	108.91	2.28857
Gorai.012G042000.1.D	1993	1887.5	135.09	2.83871
Gorai.012G042100.1.A	1481	1375.5	99.3111	2.86365
Gorai.012G042100.1.D	1481	1375.5	9.68889	0.279381
Gorai.012G042200.1.A	474	368.551	0	0
Gorai.012G042200.1.D	474	368.551	19	2.04475
Gorai.012G042300.1.A	2432	2326.5	28.6415	0.488289
Gorai.012G042300.1.D	2432	2326.5	40.3585	0.688043
Gorai.012G042400.1.A	471	365.551	29.5356	3.20466
Gorai.012G042400.1.D	471	365.551	29.5356	3.20466
Gorai.012G042500.1.A	1608	1502.5	145.717	3.84662
Gorai.012G042500.1.D	1608	1502.5	129.283	3.41279
Gorai.012G042600.1.A	1304	1198.5	1478.45	48.9274
Gorai.012G042600.1.D	1304	1198.5	718.548	23.7794
Gorai.012G042700.1.A	2478	2372.5	114.53	1.91469
Gorai.012G042700.1.D	2478	2372.5	176.47	2.95018
Gorai.012G042800.1.A	1852	1746.5	415.885	9.4447
Gorai.012G042800.1.D	1852	1746.5	567.115	12.8791
Gorai.012G042900.1.A	1409	1303.5	3818.62	116.193
Gorai.012G042900.1.D	1409	1303.5	3116.38	94.8248
Gorai.012G043000.1.A	999	893.505	0	0
Gorai.012G043000.1.D	999	893.505	2	0.0887806
Gorai.012G043100.1.A	828	722.505	0	0
Gorai.012G043100.1.D	828	722.505	0	0
Gorai.012G043200.1.A	297	191.687	0	0
Gorai.012G043200.1.D	297	191.687	0	0
Gorai.012G043300.1.A	558	452.551	0	0
Gorai.012G043300.1.D	558	452.551	1	0.087643
Gorai.012G043400.1.A	297	191.687	0	0
Gorai.012G043400.1.D	297	191.687	0	0
Gorai.012G043500.1.A	705	599.505	2	0.132319
Gorai.012G043500.1.D	705	599.505	2	0.132319
Gorai.012G043600.1.A	1029	923.505	0	0
Gorai.012G043600.1.D	1029	923.505	0	0
Gorai.012G043700.1.A	367	261.583	0	0
Gorai.012G043700.1.D	367	261.583	0	0
Gorai.012G043800.1.A	866	760.505	4	0.208614
Gorai.012G043800.1.D	866	760.505	0	0
Gorai.012G043900.1.A	2209	2103.5	944.154	17.8026
Gorai.012G043900.1.D	2209	2103.5	1507.85	28.4314
Gorai.012G044000.1.A	429	323.583	0	0
Gorai.012G044000.1.D	429	323.583	0	0
Gorai.012G044100.1.A	210	105.986	0	0
Gorai.012G044100.1.D	210	105.986	0	0
Gorai.012G044200.1.A	1826	1720.5	7.95455	0.183377
Gorai.012G044200.1.D	1826	1720.5	17.0455	0.39295
Gorai.012G044300.1.A	2224	2118.5	618.13	11.5727
Gorai.012G044300.1.D	2224	2118.5	1496.27	28.0133
Gorai.012G044400.1.A	2421	2315.5	435.952	7.46755
Gorai.012G044400.1.D	2421	2315.5	347.048	5.94468
Gorai.012G044500.1.A	1489	1383.5	1.14286	0.0327639
Gorai.012G044500.1.D	1489	1383.5	14.8571	0.425931
Gorai.012G044600.1.A	2809	2703.5	97.8641	1.43576
Gorai.012G044600.1.D	2809	2703.5	142.136	2.08527
Gorai.012G044700.1.A	1847	1741.5	0	0
Gorai.012G044700.1.D	1847	1741.5	0	0
Gorai.012G044800.1.A	1416	1310.5	14.9189	0.451527
Gorai.012G044800.1.D	1416	1310.5	31.0811	0.940681
Gorai.012G044900.1.A	1293	1187.5	27.6596	0.923836
Gorai.012G044900.1.D	1293	1187.5	22.3404	0.746176
Gorai.012G045000.1.A	419	313.583	6.32011	0.799387
Gorai.012G045000.1.D	419	313.583	6.32011	0.799387
Gorai.012G045100.1.A	2346	2240.5	35.1333	0.621954
Gorai.012G045100.1.D	2346	2240.5	49.8667	0.882774
Gorai.012G045200.1.A	2417	2311.5	54	0.926582
Gorai.012G045200.1.D	2417	2311.5	108	1.85316
Gorai.012G045300.1.A	2171	2065.5	168.578	3.23712
Gorai.012G045300.1.D	2171	2065.5	399.422	7.66993
Gorai.012G045400.1.A	727	621.505	2	0.127635
Gorai.012G045400.1.D	727	621.505	0	0
Gorai.012G045500.1.A	2013	1907.5	60.9187	1.26669
Gorai.012G045500.1.D	2013	1907.5	66.0813	1.37404
Gorai.012G045600.1.A	539	433.551	1	0.0914838
Gorai.012G045600.1.D	539	433.551	3	0.274452
Gorai.012G045700.1.A	2054	1948.5	397.755	8.09654
Gorai.012G045700.1.D	2054	1948.5	219.245	4.46285
Gorai.012G045800.1.A	2398	2292.5	1567.17	27.1138
Gorai.012G045800.1.D	2398	2292.5	2007.47	34.7314
Gorai.012G045900.1.A	1774	1668.5	27.625	0.656689
Gorai.012G045900.1.D	1774	1668.5	40.375	0.959776
Gorai.012G046000.1.A	1962	1856.5	248.946	5.31855
Gorai.012G046000.1.D	1962	1856.5	118.557	2.53289
Gorai.012G046100.1.A	1325	1219.5	17.2013	0.559451
Gorai.012G046100.1.D	1325	1219.5	1412.8	45.9496
Gorai.012G046200.1.A	1033	927.505	17	0.726972
Gorai.012G046200.1.D	1033	927.505	0	0
Gorai.012G046300.1.A	595	489.551	0.5	0.0405095
Gorai.012G046300.1.D	595	489.551	0.5	0.0405095
Gorai.012G046400.1.A	1189	1083.5	9	0.329455
Gorai.012G046400.1.D	1189	1083.5	5	0.183031
Gorai.012G046500.1.A	1834	1728.5	68.6439	1.57513
Gorai.012G046500.1.D	1834	1728.5	205.854	4.7236
Gorai.012G046600.1.A	648	542.505	0	0
Gorai.012G046600.1.D	648	542.505	0	0
Gorai.012G046700.1.A	1373	1267.5	247.941	7.7586
Gorai.012G046700.1.D	1373	1267.5	326.059	10.2031
Gorai.012G046800.1.A	3160	3054.5	848.431	11.0169
Gorai.012G046800.1.D	3160	3054.5	1120.57	14.5507
Gorai.012G046900.1.A	6925	6819.5	306.212	1.78096
Gorai.012G046900.1.D	6925	6819.5	522.549	3.0392
Gorai.012G047000.1.A	899	793.505	19.4453	0.971966
Gorai.012G047000.1.D	899	793.505	19.4453	0.971966
Gorai.012G047100.1.A	3208	3102.5	162.163	2.07312
Gorai.012G047100.1.D	3208	3102.5	171.615	2.19395
Gorai.012G047200.1.A	3043	2937.5	105.589	1.42569
Gorai.012G047200.1.D	3043	2937.5	130.351	1.76004
Gorai.012G047300.1.A	2674	2568.5	131.876	2.03643
Gorai.012G047300.1.D	2674	2568.5	81.4059	1.25707
Gorai.012G047400.1.A	300	194.687	0	0
Gorai.012G047400.1.D	300	194.687	0	0
Gorai.012G047500.1.A	706	600.505	0	0
Gorai.012G047500.1.D	706	600.505	0	0
Gorai.012G047600.1.A	1483	1377.5	31.2558	0.899959
Gorai.012G047600.1.D	1483	1377.5	24.7442	0.712467
Gorai.012G047700.1.A	1378	1272.5	0	0
Gorai.012G047700.1.D	1378	1272.5	0	0
Gorai.012G047800.1.A	2515	2409.5	89.5038	1.47333
Gorai.012G047800.1.D	2515	2409.5	260.496	4.28804
Gorai.012G047900.1.A	3044	2938.5	267.578	3.61168
Gorai.012G047900.1.D	3044	2938.5	242.422	3.27212
Gorai.012G048000.1.A	5183	5077.5	127.266	0.994139
Gorai.012G048000.1.D	5183	5077.5	653.734	5.10664
Gorai.012G048100.1.A	2131	2025.5	57.9429	1.13462
Gorai.012G048100.1.D	2131	2025.5	20.0571	0.392754
Gorai.012G048200.1.A	2090	1984.5	99.1912	1.98247
Gorai.012G048200.1.D	2090	1984.5	113.809	2.27462
Gorai.012G048300.1.A	3850	3744.5	133	1.40878
Gorai.012G048300.1.D	3850	3744.5	0	0
Gorai.012G048400.1.A	994	888.505	21.375	0.954182
Gorai.012G048400.1.D	994	888.505	14.625	0.652862
Gorai.012G048500.1.A	1951	1845.5	34.4151	0.739637
Gorai.012G048500.1.D	1951	1845.5	22.5849	0.485387
Gorai.012G048600.1.A	1411	1305.5	0	0
Gorai.012G048600.1.D	1411	1305.5	5	0.151907
Gorai.012G048700.1.A	1931	1825.5	4	0.0869084
Gorai.012G048700.1.D	1931	1825.5	13	0.282452
Gorai.012G048800.1.A	2563	2457.5	1	0.0161395
Gorai.012G048800.1.D	2563	2457.5	19	0.306651
Gorai.012G048900.1.A	1713	1607.5	0	0
Gorai.012G048900.1.D	1713	1607.5	0	0
Gorai.012G049000.1.A	372	266.583	279.884	41.6419
Gorai.012G049000.1.D	372	266.583	0	0
Gorai.012G049100.1.A	872	766.505	0	0
Gorai.012G049100.1.D	872	766.505	0	0
Gorai.012G049200.1.A	1044	938.505	9	0.380357
Gorai.012G049200.1.D	1044	938.505	4	0.169047
Gorai.012G049300.1.A	1022	916.505	8	0.34621
Gorai.012G049300.1.D	1022	916.505	0	0
Gorai.012G049400.1.A	1294	1188.5	653.529	21.8097
Gorai.012G049400.1.D	1294	1188.5	457.471	15.2668
Gorai.012G049500.1.A	1735	1629.5	197.808	4.81474
Gorai.012G049500.1.D	1735	1629.5	78.3927	1.90812
Gorai.012G049600.1.A	1278	1172.5	4	0.13531
Gorai.012G049600.1.D	1278	1172.5	4	0.13531
Gorai.012G049700.1.A	2906	2800.5	125.739	1.78081
Gorai.012G049700.1.D	2906	2800.5	133.261	1.88735
Gorai.012G049800.1.A	2032	1926.5	23.0323	0.474189
Gorai.012G049800.1.D	2032	1926.5	10.9677	0.225804
Gorai.012G049900.1.A	2593	2487.5	376.271	5.99959
Gorai.012G049900.1.D	2593	2487.5	461.729	7.36221
Gorai.012G050000.1.A	1157	1051.5	247.874	9.34984
Gorai.012G050000.1.D	1157	1051.5	343.126	12.9428
Gorai.012G050100.1.A	3570	3464.5	253.596	2.90326
Gorai.012G050100.1.D	3570	3464.5	279.404	3.19872
Gorai.012G050200.1.A	1528	1422.5	229.061	6.38679
Gorai.012G050200.1.D	1528	1422.5	581.939	16.2259
Gorai.012G050300.1.A	2853	2747.5	2957.69	42.6971
Gorai.012G050300.1.D	2853	2747.5	4049.31	58.4558
Gorai.012G050400.1.A	825	719.505	22	1.21276
Gorai.012G050400.1.D	825	719.505	0	0
Gorai.012G050500.1.A	2538	2432.5	17.5385	0.285971
Gorai.012G050500.1.D	2538	2432.5	1.46154	0.023831
Gorai.012G050600.1.A	2379	2273.5	5	0.0872286
Gorai.012G050600.1.D	2379	2273.5	2	0.0348915
Gorai.012G050700.1.A	1562	1456.5	0	0
Gorai.012G050700.1.D	1562	1456.5	3	0.0816948
Gorai.012G050800.1.A	2005	1899.5	48.9362	1.02182
Gorai.012G050800.1.D	2005	1899.5	1.06383	0.0222135
Gorai.012G050900.1.A	2382	2276.5	7.5	0.130671
Gorai.012G050900.1.D	2382	2276.5	12.5	0.217784
Gorai.012G051000.1.A	1652	1546.5	1245.32	31.9385
Gorai.012G051000.1.D	1652	1546.5	583.68	14.9695
Gorai.012G051100.1.A	1101	995.505	18	0.717157
Gorai.012G051100.1.D	1101	995.505	5	0.19921
Gorai.012G051200.1.A	1968	1862.5	8.84211	0.188297
Gorai.012G051200.1.D	1968	1862.5	15.1579	0.322795
Gorai.012G051300.1.A	775	669.505	17.5667	1.04069
Gorai.012G051300.1.D	775	669.505	13.4333	0.79582
Gorai.012G051400.1.A	1474	1368.5	1.11111	0.032203
Gorai.012G051400.1.D	1474	1368.5	8.88889	0.257624
Gorai.012G051500.1.A	2038	1932.5	211.749	4.34595
Gorai.012G051500.1.D	2038	1932.5	190.251	3.90474
Gorai.012G051600.1.A	2745	2639.5	480.388	7.21863
Gorai.012G051600.1.D	2745	2639.5	12.6116	0.189511
Gorai.012G051700.1.A	5094	4988.5	81.1111	0.644904
Gorai.012G051700.1.D	5094	4988.5	38.8889	0.3092
Gorai.012G051800.1.A	1081	975.505	411.196	16.7188
Gorai.012G051800.1.D	1081	975.505	554.804	22.5577
Gorai.012G051900.1.A	655	549.505	0	0
Gorai.012G051900.1.D	655	549.505	0	0
Gorai.012G052000.1.A	2626	2520.5	40	0.629444
Gorai.012G052000.1.D	2626	2520.5	0	0
Gorai.012G052100.1.A	2109	2003.5	4331.65	85.7527
Gorai.012G052100.1.D	2109	2003.5	825.344	16.3392
Gorai.012G052200.1.A	1229	1123.5	21.8142	0.770104
Gorai.012G052200.1.D	1229	1123.5	21.8142	0.770104
Gorai.012G052300.1.A	759	653.505	18.6665	1.13292
Gorai.012G052300.1.D	759	653.505	18.6665	1.13292
Gorai.012G052400.1.A	739	633.505	0	0
Gorai.012G052400.1.D	739	633.505	4	0.250435
Gorai.012G052500.1.A	1597	1491.5	37.4634	0.996248
Gorai.012G052500.1.D	1597	1491.5	10.5366	0.280195
Gorai.012G052600.1.A	207	103.083	0	0
Gorai.012G052600.1.D	207	103.083	0	0
Gorai.012G052700.1.A	721	615.505	0	0
Gorai.012G052700.1.D	721	615.505	0	0
Gorai.012G052800.1.A	3216	3110.5	406.59	5.18454
Gorai.012G052800.1.D	3216	3110.5	437.41	5.57754
Gorai.012G052900.1.A	1837	1731.5	323.782	7.41676
Gorai.012G052900.1.D	1837	1731.5	146.48	3.35537
Gorai.012G053000.1.A	838	732.505	66.2336	3.58635
Gorai.012G053000.1.D	838	732.505	135.689	7.34718
Gorai.012G053100.1.A	1170	1064.5	8.30769	0.309541
Gorai.012G053100.1.D	1170	1064.5	18.6923	0.696467
Gorai.012G053200.1.A	708	602.505	16	1.05328
Gorai.012G053200.1.D	708	602.505	9	0.592471
Gorai.012G053300.1.A	726	620.505	26.8615	1.717
Gorai.012G053300.1.D	726	620.505	18.4074	1.17661
Gorai.012G053400.1.A	315	209.649	8	1.5135
Gorai.012G053400.1.D	315	209.649	11	2.08106
Gorai.012G053500.1.A	536	430.551	5.45455	0.50248
Gorai.012G053500.1.D	536	430.551	6.54545	0.602976
Gorai.012G053600.1.A	1320	1214.5	751.561	24.5443
Gorai.012G053600.1.D	1320	1214.5	131.439	4.29249
Gorai.012G053700.1.A	501	395.551	0	0
Gorai.012G053700.1.D	501	395.551	0	0
Gorai.012G053800.1.A	1844	1738.5	78.726	1.79609
Gorai.012G053800.1.D	1844	1738.5	95.0051	2.16748
Gorai.012G053900.1.A	3947	3841.5	15.4762	0.159789
Gorai.012G053900.1.D	3947	3841.5	9.52381	0.0983319
Gorai.012G054000.1.A	1558	1452.5	19.1884	0.52397
Gorai.012G054000.1.D	1558	1452.5	43.5803	1.19003
Gorai.012G054100.1.A	1170	1064.5	4.23129	0.157656
Gorai.012G054100.1.D	1170	1064.5	0	0
Gorai.012G054200.1.A	679	573.505	29.2781	2.02484
Gorai.012G054200.1.D	679	573.505	1865.72	129.031
Gorai.012G054300.1.A	1919	1813.5	189.235	4.13873
Gorai.012G054300.1.D	1919	1813.5	277.765	6.07497
Gorai.012G054400.1.A	2274	2168.5	256.313	4.68808
Gorai.012G054400.1.D	2274	2168.5	468.687	8.5725
Gorai.012G054500.1.A	1544	1438.5	170	4.6873
Gorai.012G054500.1.D	1544	1438.5	153	4.21857
Gorai.012G054600.1.A	2417	2311.5	49.3333	0.846507
Gorai.012G054600.1.D	2417	2311.5	24.6667	0.423254
Gorai.012G054700.1.A	973	867.505	144.589	6.6107
Gorai.012G054700.1.D	973	867.505	462.411	21.1418
Gorai.012G054800.1.A	999	893.505	0	0
Gorai.012G054800.1.D	999	893.505	0	0
Gorai.012G054900.1.A	832	726.505	569.629	31.0985
Gorai.012G054900.1.D	832	726.505	3.37059	0.184015
Gorai.012G055000.1.A	1083	977.505	2527.09	102.539
Gorai.012G055000.1.D	1083	977.505	2280.86	92.5476
Gorai.012G055100.1.A	832	726.505	1	0.0545942
Gorai.012G055100.1.D	832	726.505	1	0.0545942
Gorai.012G055200.1.A	495	389.551	0	0
Gorai.012G055200.1.D	495	389.551	0	0
Gorai.012G055300.1.A	1125	1019.5	140.351	5.46023
Gorai.012G055300.1.D	1125	1019.5	385.649	15.0033
Gorai.012G055400.1.A	1079	973.505	0	0
Gorai.012G055400.1.D	1079	973.505	0	0
Gorai.012G055500.1.A	2617	2511.5	18.9429	0.299155
Gorai.012G055500.1.D	2617	2511.5	20.0571	0.316752
Gorai.012G055600.1.A	1388	1282.5	205.68	6.36089
Gorai.012G055600.1.D	1388	1282.5	101.32	3.13344
Gorai.012G055700.1.A	3513	3407.5	60	0.698393
Gorai.012G055700.1.D	3513	3407.5	20	0.232798
Gorai.012G055800.1.A	843	737.505	56.98	3.06438
Gorai.012G055800.1.D	843	737.505	720.02	38.7226
Gorai.012G055900.1.A	1311	1205.5	0	0
Gorai.012G055900.1.D	1311	1205.5	0	0
Gorai.012G056000.1.A	1863	1757.5	11.7273	0.264658
Gorai.012G056000.1.D	1863	1757.5	117.273	2.64658
Gorai.012G056100.1.A	1893	1787.5	95.5	2.11905
Gorai.012G056100.1.D	1893	1787.5	95.5	2.11905
Gorai.012G056200.1.A	1450	1344.5	18.6667	0.550667
Gorai.012G056200.1.D	1450	1344.5	2.33333	0.0688334
Gorai.012G056300.1.A	1146	1040.5	0	0
Gorai.012G056300.1.D	1146	1040.5	0	0
Gorai.012G056400.1.A	1365	1259.5	11	0.3464
Gorai.012G056400.1.D	1365	1259.5	0	0
Gorai.012G056500.1.A	875	769.505	47.1913	2.4324
Gorai.012G056500.1.D	875	769.505	47.1913	2.4324
Gorai.012G056600.1.A	1965	1859.5	152.246	3.24738
Gorai.012G056600.1.D	1965	1859.5	98.7541	2.10641
Gorai.012G056700.1.A	480	374.551	0	0
Gorai.012G056700.1.D	480	374.551	0	0
Gorai.012G056800.1.A	1922	1816.5	1	0.0218348
Gorai.012G056800.1.D	1922	1816.5	3	0.0655043
Gorai.012G056900.1.A	993	887.505	0	0
Gorai.012G056900.1.D	993	887.505	0	0
Gorai.012G057000.1.A	1838	1732.5	0	0
Gorai.012G057000.1.D	1838	1732.5	1	0.0228934
Gorai.012G057100.1.A	1835	1729.5	0	0
Gorai.012G057100.1.D	1835	1729.5	0	0
Gorai.012G057200.1.A	1734	1628.5	0	0
Gorai.012G057200.1.D	1734	1628.5	0	0
Gorai.012G057300.1.A	207	103.083	0	0
Gorai.012G057300.1.D	207	103.083	5	1.92384
Gorai.012G057400.1.A	297	191.687	0	0
Gorai.012G057400.1.D	297	191.687	0	0
Gorai.012G057500.1.A	1681	1575.5	0	0
Gorai.012G057500.1.D	1681	1575.5	0	0
Gorai.012G057600.1.A	977	871.505	0	0
Gorai.012G057600.1.D	977	871.505	0	0
Gorai.012G057700.1.A	2331	2225.5	5	0.08911
Gorai.012G057700.1.D	2331	2225.5	13	0.231686
Gorai.012G057800.1.A	1334	1228.5	1586.87	51.2329
Gorai.012G057800.1.D	1334	1228.5	683.131	22.0553
Gorai.012G057900.1.A	609	503.551	0	0
Gorai.012G057900.1.D	609	503.551	3	0.236299
Gorai.012G058000.1.A	2069	1963.5	182.819	3.69296
Gorai.012G058000.1.D	2069	1963.5	18.1809	0.367256
Gorai.012G058100.1.A	4566	4460.5	91.9245	0.817396
Gorai.012G058100.1.D	4566	4460.5	636.075	5.656
Gorai.012G058200.1.A	4579	4473.5	211.789	1.87776
Gorai.012G058200.1.D	4579	4473.5	318.211	2.82132
Gorai.012G058300.1.A	1283	1177.5	120.837	4.07028
Gorai.012G058300.1.D	1283	1177.5	102.163	3.44123
Gorai.012G058400.1.A	1291	1185.5	24.9492	0.834714
Gorai.012G058400.1.D	1291	1185.5	39.0508	1.30651
Gorai.012G058500.1.A	1255	1149.5	162.574	5.60952
Gorai.012G058500.1.D	1255	1149.5	352.426	12.1602
Gorai.012G058600.1.A	2025	1919.5	53.2958	1.10126
Gorai.012G058600.1.D	2025	1919.5	34.7042	0.717097
Gorai.012G058700.1.A	1461	1355.5	331.83	9.70957
Gorai.012G058700.1.D	1461	1355.5	761.347	22.2775
Gorai.012G058800.1.A	609	503.551	0	0
Gorai.012G058800.1.D	609	503.551	0	0
Gorai.012G058900.1.A	1494	1388.5	6.54205e-08	1.86875e-09
Gorai.012G058900.1.D	1494	1388.5	42.154	1.20414
Gorai.012G059000.1.A	752	646.505	6.03812	0.370438
Gorai.012G059000.1.D	752	646.505	6.03812	0.370438
Gorai.012G059100.1.A	679	573.505	1.84326	0.127478
Gorai.012G059100.1.D	679	573.505	1.84326	0.127478
Gorai.012G059200.1.A	1209	1103.5	11	0.39537
Gorai.012G059200.1.D	1209	1103.5	130	4.67255
Gorai.012G059300.1.A	966	860.505	16	0.737482
Gorai.012G059300.1.D	966	860.505	0	0
Gorai.012G059400.1.A	709	603.505	52	3.41749
Gorai.012G059400.1.D	709	603.505	6	0.394326
Gorai.012G059500.1.A	1714	1608.5	510	12.5757
Gorai.012G059500.1.D	1714	1608.5	0	0
Gorai.012G059600.1.A	1970	1864.5	139.385	2.96508
Gorai.012G059600.1.D	1970	1864.5	162.615	3.45926
Gorai.012G059700.1.A	2087	1981.5	18.6667	0.373643
Gorai.012G059700.1.D	2087	1981.5	1.33333	0.0266888
Gorai.012G059800.1.A	2000	1894.5	0	0
Gorai.012G059800.1.D	2000	1894.5	1	0.0209358
Gorai.012G059900.1.A	1680	1574.5	2764.31	69.6351
Gorai.012G059900.1.D	1680	1574.5	953.688	24.0241
Gorai.012G060000.1.A	998	892.505	3.0866	0.137169
Gorai.012G060000.1.D	998	892.505	12.9364	0.574892
Gorai.012G060100.1.A	873	767.505	0	0
Gorai.012G060100.1.D	873	767.505	17.977	0.929014
Gorai.012G060200.1.A	1288	1182.5	0	0
Gorai.012G060200.1.D	1288	1182.5	0	0
Gorai.012G060300.1.A	1001	895.505	0	0
Gorai.012G060300.1.D	1001	895.505	13.0486	0.577939
Gorai.012G060400.1.A	225	120.599	0	0
Gorai.012G060400.1.D	225	120.599	0	0
Gorai.012G060500.1.A	3352	3246.5	540.155	6.59914
Gorai.012G060500.1.D	3352	3246.5	293.845	3.58993
Gorai.012G060600.1.A	1071	965.505	0	0
Gorai.012G060600.1.D	1071	965.505	4	0.16432
Gorai.012G060700.1.A	639	533.505	131.046	9.74251
Gorai.012G060700.1.D	639	533.505	0	0
Gorai.012G060800.1.A	2145	2039.5	0	0
Gorai.012G060800.1.D	2145	2039.5	0	0
Gorai.012G060900.1.A	528	422.551	0	0
Gorai.012G060900.1.D	528	422.551	0	0
Gorai.012G061000.1.A	1783	1677.5	153.425	3.62757
Gorai.012G061000.1.D	1783	1677.5	227.276	5.37371
Gorai.012G061100.1.A	774	668.505	8	0.474647
Gorai.012G061100.1.D	774	668.505	0	0
Gorai.012G061200.1.A	1055	949.505	0	0
Gorai.012G061200.1.D	1055	949.505	4	0.167089
Gorai.012G061300.1.A	2462	2356.5	66.1765	1.11383
Gorai.012G061300.1.D	2462	2356.5	23.8235	0.40098
Gorai.012G061400.1.A	1335	1229.5	401.04	12.9373
Gorai.012G061400.1.D	1335	1229.5	227.96	7.35382
Gorai.012G061500.1.A	2812	2706.5	5685.19	83.3146
Gorai.012G061500.1.D	2812	2706.5	1498.81	21.9646
Gorai.012G061600.1.A	774	668.505	4.18572	0.248342
Gorai.012G061600.1.D	774	668.505	0	0
Gorai.012G061700.1.A	1618	1512.5	669.418	17.5544
Gorai.012G061700.1.D	1618	1512.5	11.5816	0.303709
Gorai.012G061800.1.A	1054	948.505	71	2.96896
Gorai.012G061800.1.D	1054	948.505	0	0
Gorai.012G061900.1.A	1158	1052.5	0	0
Gorai.012G061900.1.D	1158	1052.5	0	0
Gorai.012G062000.1.A	4520	4414.5	163.05	1.46495
Gorai.012G062000.1.D	4520	4414.5	236.95	2.12892
Gorai.012G062100.1.A	1138	1032.5	0	0
Gorai.012G062100.1.D	1138	1032.5	3	0.115243
Gorai.012G062200.1.A	1559	1453.5	8.86667	0.241952
Gorai.012G062200.1.D	1559	1453.5	10.1333	0.276516
Gorai.012G062300.1.A	1128	1022.5	942.179	36.5471
Gorai.012G062300.1.D	1128	1022.5	560.821	21.7542
Gorai.012G062400.1.A	3286	3180.5	183.6	2.2896
Gorai.012G062400.1.D	3286	3180.5	301.4	3.75866
Gorai.012G062500.1.A	647	541.505	0	0
Gorai.012G062500.1.D	647	541.505	0	0
Gorai.012G062600.1.A	1183	1077.5	36.5266	1.34454
Gorai.012G062600.1.D	1183	1077.5	59.9718	2.20756
Gorai.012G062700.1.A	904	798.505	1498.42	74.4288
Gorai.012G062700.1.D	904	798.505	1374.35	68.2663
Gorai.012G062800.1.A	800	694.505	73.323	4.18745
Gorai.012G062800.1.D	800	694.505	73.323	4.18745
Gorai.012G062900.1.A	2279	2173.5	24.8889	0.454182
Gorai.012G062900.1.D	2279	2173.5	87.1111	1.58964
Gorai.012G063000.1.A	2841	2735.5	179.166	2.59778
Gorai.012G063000.1.D	2841	2735.5	1138.83	16.5123
Gorai.012G063100.1.A	1533	1427.5	5.33333	0.148186
Gorai.012G063100.1.D	1533	1427.5	2.66667	0.0740928
Gorai.012G063200.1.A	790	684.505	348.86	20.2143
Gorai.012G063200.1.D	790	684.505	7.1404	0.413743
Gorai.012G063300.1.A	946	840.505	34.9889	1.65111
Gorai.012G063300.1.D	946	840.505	34.9889	1.65111
Gorai.012G063400.1.A	3707	3601.5	19.8333	0.218422
Gorai.012G063400.1.D	3707	3601.5	8.16667	0.0899385
Gorai.012G063500.1.A	2699	2593.5	571.021	8.73273
Gorai.012G063500.1.D	2699	2593.5	48.9788	0.749042
Gorai.012G063600.1.A	2196	2090.5	1737.4	32.9636
Gorai.012G063600.1.D	2196	2090.5	1115.6	21.1661
Gorai.012G063700.1.A	3738	3632.5	177.346	1.93642
Gorai.012G063700.1.D	3738	3632.5	299.654	3.27189
Gorai.012G063800.1.A	1174	1068.5	0	0
Gorai.012G063800.1.D	1174	1068.5	0	0
Gorai.012G063900.1.A	734	628.505	398.201	25.1292
Gorai.012G063900.1.D	734	628.505	390.799	24.6621
Gorai.012G064000.1.A	5183	5077.5	2562.08	20.0137
Gorai.012G064000.1.D	5183	5077.5	10281.6	80.315
Gorai.012G064100.1.A	1050	944.505	0	0
Gorai.012G064100.1.D	1050	944.505	0	0
Gorai.012G064200.1.A	1993	1887.5	6	0.126081
Gorai.012G064200.1.D	1993	1887.5	9	0.189121
Gorai.012G064300.1.A	3155	3049.5	593.985	7.72557
Gorai.012G064300.1.D	3155	3049.5	667.015	8.67544
Gorai.012G064400.1.A	2575	2469.5	155.898	2.50389
Gorai.012G064400.1.D	2575	2469.5	70.1019	1.12591
Gorai.012G064500.1.A	1637	1531.5	4379.71	113.426
Gorai.012G064500.1.D	1637	1531.5	6156.29	159.436
Gorai.012G064600.1.A	1321	1215.5	119.73	3.90689
Gorai.012G064600.1.D	1321	1215.5	131.27	4.28345
Gorai.012G064700.1.A	1945	1839.5	49.7059	1.07175
Gorai.012G064700.1.D	1945	1839.5	119.294	2.57219
Gorai.012G064800.1.A	1633	1527.5	23.8966	0.620494
Gorai.012G064800.1.D	1633	1527.5	39.1034	1.01535
Gorai.012G064900.1.A	2296	2190.5	62.0637	1.12377
Gorai.012G064900.1.D	2296	2190.5	105.936	1.91816
Gorai.012G065000.1.A	1705	1599.5	17.6471	0.437594
Gorai.012G065000.1.D	1705	1599.5	2.35294	0.0583459
Gorai.012G065100.1.A	3368	3262.5	1089.69	13.2476
Gorai.012G065100.1.D	3368	3262.5	1094.31	13.3037
Gorai.012G065200.1.A	1942	1836.5	24.4	0.526966
Gorai.012G065200.1.D	1942	1836.5	97.6	2.10786
Gorai.012G065300.1.A	2282	2176.5	383.682	6.99192
Gorai.012G065300.1.D	2282	2176.5	339.318	6.18348
Gorai.012G065400.1.A	1387	1281.5	22.8214	0.70633
Gorai.012G065400.1.D	1387	1281.5	48.1786	1.49114
Gorai.012G065500.1.A	1700	1594.5	12.6154	0.313805
Gorai.012G065500.1.D	1700	1594.5	28.3846	0.706061
Gorai.012G065600.1.A	2526	2420.5	2538.35	41.594
Gorai.012G065600.1.D	2526	2420.5	1090.65	17.8717
Gorai.012G065700.1.A	2298	2192.5	602.207	10.8941
Gorai.012G065700.1.D	2298	2192.5	780.793	14.1247
Gorai.012G065800.1.A	1348	1242.5	605.357	19.3241
Gorai.012G065800.1.D	1348	1242.5	489.643	15.6303
Gorai.012G065900.1.A	1600	1494.5	0	0
Gorai.012G065900.1.D	1600	1494.5	1	0.0265392
Gorai.012G066000.1.A	1272	1166.5	1.5	0.0510023
Gorai.012G066000.1.D	1272	1166.5	1.5	0.0510023
Gorai.012G066100.1.A	1662	1556.5	109.463	2.78934
Gorai.012G066100.1.D	1662	1556.5	64.2213	1.63649
Gorai.012G066200.1.A	1905	1799.5	1	0.022041
Gorai.012G066200.1.D	1905	1799.5	0	0
Gorai.012G066300.1.A	2844	2738.5	0	0
Gorai.012G066300.1.D	2844	2738.5	0	0
Gorai.012G066400.1.A	2930	2824.5	1.15385	0.0162028
Gorai.012G066400.1.D	2930	2824.5	13.8462	0.194434
Gorai.012G066500.1.A	1229	1123.5	168.484	5.94798
Gorai.012G066500.1.D	1229	1123.5	37.4688	1.32276
Gorai.012G066600.1.A	1801	1695.5	95.8398	2.24198
Gorai.012G066600.1.D	1801	1695.5	113.16	2.64716
Gorai.012G066700.1.A	946	840.505	1	0.0471894
Gorai.012G066700.1.D	946	840.505	0	0
Gorai.012G066800.1.A	677	571.505	9	0.624608
Gorai.012G066800.1.D	677	571.505	5	0.347005
Gorai.012G066900.1.A	6032	5926.5	367.774	2.46131
Gorai.012G066900.1.D	6032	5926.5	639.226	4.278
Gorai.012G067000.1.A	1709	1603.5	2.36364	0.0584649
Gorai.012G067000.1.D	1709	1603.5	36.6364	0.906206
Gorai.012G067100.1.A	763	657.505	0	0
Gorai.012G067100.1.D	763	657.505	17	1.0255
Gorai.012G067200.1.A	2247	2141.5	0	0
Gorai.012G067200.1.D	2247	2141.5	0	0
Gorai.012G067300.1.A	2331	2225.5	0	0
Gorai.012G067300.1.D	2331	2225.5	1	0.017822
Gorai.012G067400.1.A	3022	2916.5	92.1429	1.25309
Gorai.012G067400.1.D	3022	2916.5	12.8571	0.17485
Gorai.012G067500.1.A	2597	2491.5	407.338	6.48452
Gorai.012G067500.1.D	2597	2491.5	328.662	5.23206
Gorai.012G067600.1.A	1032	926.505	0	0
Gorai.012G067600.1.D	1032	926.505	0	0
Gorai.012G067700.1.A	2948	2842.5	1913.87	26.7052
Gorai.012G067700.1.D	2948	2842.5	171.134	2.38792
Gorai.012G067800.1.A	2024	1918.5	567.409	11.7306
Gorai.012G067800.1.D	2024	1918.5	508.654	10.5158
Gorai.012G067900.1.A	1133	1027.5	0	0
Gorai.012G067900.1.D	1133	1027.5	1	0.0386012
Gorai.012G068000.1.A	4172	4066.5	432.18	4.2153
Gorai.012G068000.1.D	4172	4066.5	210.82	2.05624
Gorai.012G068100.1.A	3608	3502.5	140.026	1.58567
Gorai.012G068100.1.D	3608	3502.5	240.974	2.72883
Gorai.012G068200.1.A	2212	2106.5	1604.33	30.2076
Gorai.012G068200.1.D	2212	2106.5	1676.67	31.5696
Gorai.012G068300.1.A	411	305.583	0	0
Gorai.012G068300.1.D	411	305.583	0	0
Gorai.012G068400.1.A	610	504.551	0	0
Gorai.012G068400.1.D	610	504.551	2	0.157221
Gorai.012G068500.1.A	2147	2041.5	19.5351	0.379533
Gorai.012G068500.1.D	2147	2041.5	111.465	2.16557
Gorai.012G068600.1.A	1160	1054.5	1462.32	55.0021
Gorai.012G068600.1.D	1160	1054.5	3313.68	124.637
Gorai.012G068700.1.A	594	488.551	0	0
Gorai.012G068700.1.D	594	488.551	0	0
Gorai.012G068800.1.A	2268	2162.5	0	0
Gorai.012G068800.1.D	2268	2162.5	1	0.0183412
Gorai.012G068900.1.A	394	288.583	0	0
Gorai.012G068900.1.D	394	288.583	0	0
Gorai.012G069000.1.A	5161	5055.5	169.434	1.32929
Gorai.012G069000.1.D	5161	5055.5	253.566	1.98935
Gorai.012G069100.1.A	1157	1051.5	3.42857	0.129326
Gorai.012G069100.1.D	1157	1051.5	4.57143	0.172435
Gorai.012G069200.1.A	514	408.551	419.732	40.7484
Gorai.012G069200.1.D	514	408.551	239.268	23.2286
Gorai.012G069300.1.A	1532	1426.5	7	0.19463
Gorai.012G069300.1.D	1532	1426.5	0	0
Gorai.012G069400.1.A	3595	3489.5	902.14	10.254
Gorai.012G069400.1.D	3595	3489.5	1273.32	14.473
Gorai.012G069500.1.A	3724	3618.5	1368.73	15.0028
Gorai.012G069500.1.D	3724	3618.5	1555.82	17.0535
Gorai.012G069600.1.A	420	314.583	0	0
Gorai.012G069600.1.D	420	314.583	0	0
Gorai.012G069700.1.A	4889	4783.5	266.887	2.21292
Gorai.012G069700.1.D	4889	4783.5	342.285	2.83809
Gorai.012G069800.1.A	1300	1194.5	35.3333	1.17323
Gorai.012G069800.1.D	1300	1194.5	17.6667	0.586613
Gorai.012G069900.1.A	5636	5530.5	162.581	1.16598
Gorai.012G069900.1.D	5636	5530.5	380.419	2.72824
Gorai.012G070000.1.A	942	836.505	0	0
Gorai.012G070000.1.D	942	836.505	0	0
Gorai.012G070100.1.A	558	452.551	130.481	11.4357
Gorai.012G070100.1.D	558	452.551	46.5192	4.07708
Gorai.012G070200.1.A	1644	1538.5	483.655	12.4687
Gorai.012G070200.1.D	1644	1538.5	173.345	4.46887
Gorai.012G070300.1.A	1607	1501.5	8492.64	224.337
Gorai.012G070300.1.D	1607	1501.5	6683.24	176.541
Gorai.012G070400.1.A	1678	1572.5	172.532	4.35174
Gorai.012G070400.1.D	1678	1572.5	390.468	9.84868
Gorai.012G070500.1.A	1267	1161.5	0	0
Gorai.012G070500.1.D	1267	1161.5	153	5.22463
Gorai.012G070600.1.A	1848	1742.5	379.969	8.64885
Gorai.012G070600.1.D	1848	1742.5	84.0315	1.91273
Gorai.012G070700.1.A	879	773.505	0	0
Gorai.012G070700.1.D	879	773.505	0	0
Gorai.012G070800.1.A	817	711.505	0	0
Gorai.012G070800.1.D	817	711.505	2	0.11149
Gorai.012G070900.1.A	2119	2013.5	27.9643	0.550853
Gorai.012G070900.1.D	2119	2013.5	1.03571	0.020402
Gorai.012G071000.1.A	2630	2524.5	266.314	4.18411
Gorai.012G071000.1.D	2630	2524.5	581.686	9.13897
Gorai.012G071100.1.A	468	362.551	0	0
Gorai.012G071100.1.D	468	362.551	0	0
Gorai.012G071200.1.A	3511	3405.5	42.1081	0.490421
Gorai.012G071200.1.D	3511	3405.5	33.8919	0.394729
Gorai.012G071300.1.A	1754	1648.5	0	0
Gorai.012G071300.1.D	1754	1648.5	0	0
Gorai.012G071400.1.A	1990	1884.5	1.08824	0.022904
Gorai.012G071400.1.D	1990	1884.5	72.9118	1.53457
Gorai.012G071500.1.A	276	170.788	4.125	0.957971
Gorai.012G071500.1.D	276	170.788	6.875	1.59662
Gorai.012G071600.1.A	1487	1381.5	4	0.11484
Gorai.012G071600.1.D	1487	1381.5	10	0.2871
Gorai.012G071700.1.A	879	773.505	0	0
Gorai.012G071700.1.D	879	773.505	1	0.0512769
Gorai.012G071800.1.A	1384	1278.5	9	0.279206
Gorai.012G071800.1.D	1384	1278.5	0	0
Gorai.012G071900.1.A	1591	1485.5	0	0
Gorai.012G071900.1.D	1591	1485.5	1	0.0267
Gorai.012G072000.1.A	321	215.63	0	0
Gorai.012G072000.1.D	321	215.63	0	0
Gorai.012G072100.1.A	1318	1212.5	711.889	23.287
Gorai.012G072100.1.D	1318	1212.5	1265.11	41.3838
Gorai.012G072200.1.A	1620	1514.5	272.109	7.12619
Gorai.012G072200.1.D	1620	1514.5	101.891	2.6684
Gorai.012G072300.1.A	2668	2562.5	387.158	5.99251
Gorai.012G072300.1.D	2668	2562.5	262.842	4.06831
Gorai.012G072400.1.A	213	108.896	0	0
Gorai.012G072400.1.D	213	108.896	0	0
Gorai.012G072500.1.A	2079	1973.5	0	0
Gorai.012G072500.1.D	2079	1973.5	0	0
Gorai.012G072600.1.A	1981	1875.5	85.3147	1.80423
Gorai.012G072600.1.D	1981	1875.5	119.974	2.53719
Gorai.012G072700.1.A	311	205.687	0	0
Gorai.012G072700.1.D	311	205.687	0	0
Gorai.012G072800.1.A	1002	896.505	10	0.442418
Gorai.012G072800.1.D	1002	896.505	4	0.176967
Gorai.012G072900.1.A	801	695.505	0	0
Gorai.012G072900.1.D	801	695.505	0	0
Gorai.012G073000.1.A	1266	1160.5	9.48913	0.324313
Gorai.012G073000.1.D	1266	1160.5	281.511	9.62129
Gorai.012G073100.1.A	1615	1509.5	345.317	9.07336
Gorai.012G073100.1.D	1615	1509.5	215.683	5.66718
Gorai.012G073200.1.A	505	399.551	0	0
Gorai.012G073200.1.D	505	399.551	0	0
Gorai.012G073300.1.A	651	545.505	0	0
Gorai.012G073300.1.D	651	545.505	0	0
Gorai.012G073400.1.A	858	752.505	0	0
Gorai.012G073400.1.D	858	752.505	1	0.0527079
Gorai.012G073500.1.A	1077	971.505	1.5	0.0612395
Gorai.012G073500.1.D	1077	971.505	1.5	0.0612395
Gorai.012G073600.1.A	855	749.505	1032.44	54.6355
Gorai.012G073600.1.D	855	749.505	936.562	49.5618
Gorai.012G073700.1.A	1608	1502.5	11	0.290377
Gorai.012G073700.1.D	1608	1502.5	8	0.211183
Gorai.012G073800.1.A	780	674.505	61.2063	3.59912
Gorai.012G073800.1.D	780	674.505	179.794	10.5724
Gorai.012G073900.1.A	1703	1597.5	623.247	15.474
Gorai.012G073900.1.D	1703	1597.5	208.753	5.18292
Gorai.012G074000.1.A	1226	1120.5	3.66884	0.129867
Gorai.012G074000.1.D	1226	1120.5	3.57681	0.12661
Gorai.012G074100.1.A	1137	1031.5	10	0.384515
Gorai.012G074100.1.D	1137	1031.5	0	0
Gorai.012G074200.1.A	537	431.551	5	0.459539
Gorai.012G074200.1.D	537	431.551	0	0
Gorai.012G074300.1.A	803	697.505	677.249	38.5111
Gorai.012G074300.1.D	803	697.505	515.751	29.3277
Gorai.012G074400.1.A	1652	1546.5	3.5	0.0897639
Gorai.012G074400.1.D	1652	1546.5	3.5	0.0897639
Gorai.012G074500.1.A	357	251.63	0	0
Gorai.012G074500.1.D	357	251.63	0	0
Gorai.012G074600.1.A	324	218.63	0	0
Gorai.012G074600.1.D	324	218.63	0	0
Gorai.012G074700.1.A	1730	1624.5	6.70404	0.163682
Gorai.012G074700.1.D	1730	1624.5	6.70404	0.163682
Gorai.012G074800.1.A	615	509.505	13.8982	1.08192
Gorai.012G074800.1.D	615	509.505	623.102	48.506
Gorai.012G074900.1.A	921	815.505	14.5	0.705223
Gorai.012G074900.1.D	921	815.505	14.5	0.705223
Gorai.012G075000.1.A	1005	899.505	0	0
Gorai.012G075000.1.D	1005	899.505	0	0
Gorai.012G075100.1.A	1009	903.505	27	1.18527
Gorai.012G075100.1.D	1009	903.505	3	0.131697
Gorai.012G075200.1.A	1730	1624.5	49.7349	1.2143
Gorai.012G075200.1.D	1730	1624.5	122.265	2.98515
Gorai.012G075300.1.A	1971	1865.5	204.312	4.34392
Gorai.012G075300.1.D	1971	1865.5	209.688	4.45823
Gorai.012G075400.1.A	308	202.687	0	0
Gorai.012G075400.1.D	308	202.687	0	0
Gorai.012G075500.1.A	661	555.505	1.53807	0.109818
Gorai.012G075500.1.D	661	555.505	1.53807	0.109818
Gorai.012G075600.1.A	1671	1565.5	36.5714	0.926558
Gorai.012G075600.1.D	1671	1565.5	11.4286	0.289549
Gorai.012G075700.1.A	2740	2634.5	514.026	7.73875
Gorai.012G075700.1.D	2740	2634.5	436.974	6.57873
Gorai.012G075800.1.A	1434	1328.5	12	0.358264
Gorai.012G075800.1.D	1434	1328.5	0	0
Gorai.012G075900.1.A	1699	1593.5	1325.5	32.9922
Gorai.012G075900.1.D	1699	1593.5	1033.5	25.7242
Gorai.012G076000.1.A	1453	1347.5	551.698	16.2389
Gorai.012G076000.1.D	1453	1347.5	390.302	11.4883
Gorai.012G076100.1.A	2150	2044.5	3	0.0581993
Gorai.012G076100.1.D	2150	2044.5	4	0.0775991
Gorai.012G076200.1.A	2169	2063.5	19.5349	0.375483
Gorai.012G076200.1.D	2169	2063.5	36.4651	0.700902
Gorai.012G076300.1.A	1382	1276.5	775.573	24.0982
Gorai.012G076300.1.D	1382	1276.5	1033.43	32.1101
Gorai.012G076400.1.A	2682	2576.5	1104.48	17.0024
Gorai.012G076400.1.D	2682	2576.5	1238.52	19.066
Gorai.012G076500.1.A	228	123.486	0	0
Gorai.012G076500.1.D	228	123.486	0	0
Gorai.012G076600.1.A	468	362.551	0	0
Gorai.012G076600.1.D	468	362.551	0	0
Gorai.012G076700.1.A	833	727.505	162.557	8.86249
Gorai.012G076700.1.D	833	727.505	105.443	5.74864
Gorai.012G076800.1.A	1128	1022.5	28.9714	1.1238
Gorai.012G076800.1.D	1128	1022.5	10.0286	0.389008
Gorai.012G076900.1.A	2254	2148.5	1110.14	20.4939
Gorai.012G076900.1.D	2254	2148.5	45.8647	0.846696
Gorai.012G077000.1.A	1498	1392.5	4	0.113933
Gorai.012G077000.1.D	1498	1392.5	13	0.370281
Gorai.012G077100.1.A	3770	3664.5	33.8113	0.365958
Gorai.012G077100.1.D	3770	3664.5	78.1887	0.846279
Gorai.012G077200.1.A	2082	1976.5	511.524	10.2649
Gorai.012G077200.1.D	2082	1976.5	581.476	11.6686
Gorai.012G077300.1.A	1511	1405.5	0	0
Gorai.012G077300.1.D	1511	1405.5	7	0.197538
Gorai.012G077400.1.A	1340	1234.5	3.21932	0.103432
Gorai.012G077400.1.D	1340	1234.5	3.21932	0.103432
Gorai.012G077500.1.A	1855	1749.5	0	0
Gorai.012G077500.1.D	1855	1749.5	16	0.362735
Gorai.012G077600.1.A	1479	1373.5	159.882	4.61693
Gorai.012G077600.1.D	1479	1373.5	33.1183	0.956364
Gorai.012G077700.1.A	1050	944.505	25.9259	1.08872
Gorai.012G077700.1.D	1050	944.505	2.07407	0.0870974
Gorai.012G077800.1.A	516	410.551	0	0
Gorai.012G077800.1.D	516	410.551	16	1.54574
Gorai.012G077900.1.A	5763	5657.5	2674.2	18.748
Gorai.012G077900.1.D	5763	5657.5	3588.8	25.1599
Gorai.012G078000.1.A	1567	1461.5	5	0.135692
Gorai.012G078000.1.D	1567	1461.5	44	1.19409
Gorai.012G078100.1.A	1219	1113.5	8.15842	0.290602
Gorai.012G078100.1.D	1219	1113.5	94.8416	3.37825
Gorai.012G078200.1.A	1275	1169.5	37.7778	1.28121
Gorai.012G078200.1.D	1275	1169.5	22.2222	0.753651
Gorai.012G078300.1.A	1603	1497.5	2	0.052972
Gorai.012G078300.1.D	1603	1497.5	0	0
Gorai.012G078400.1.A	2435	2329.5	21.6216	0.368137
Gorai.012G078400.1.D	2435	2329.5	18.3784	0.312917
Gorai.012G078500.1.A	2558	2452.5	985.02	15.9302
Gorai.012G078500.1.D	2558	2452.5	2002.98	32.393
Gorai.012G078600.1.A	1608	1502.5	4	0.105592
Gorai.012G078600.1.D	1608	1502.5	8	0.211183
Gorai.012G078700.1.A	1786	1680.5	30	0.708054
Gorai.012G078700.1.D	1786	1680.5	20	0.472036
Gorai.012G078800.1.A	1812	1706.5	22.3043	0.518402
Gorai.012G078800.1.D	1812	1706.5	4.69565	0.109137
Gorai.012G078900.1.A	738	632.505	1	0.0627077
Gorai.012G078900.1.D	738	632.505	0	0
Gorai.012G079000.1.A	2294	2188.5	0	0
Gorai.012G079000.1.D	2294	2188.5	408	7.39431
Gorai.012G079100.1.A	766	660.505	4.72	0.283433
Gorai.012G079100.1.D	766	660.505	113.28	6.8024
Gorai.012G079200.1.A	541	435.551	13.9028	1.26604
Gorai.012G079200.1.D	541	435.551	168.097	15.3076
Gorai.012G079300.1.A	616	510.505	21.4455	1.66618
Gorai.012G079300.1.D	616	510.505	92.5545	7.19089
Gorai.012G079400.1.A	774	668.505	6.72088	0.398756
Gorai.012G079400.1.D	774	668.505	6.72088	0.398756
Gorai.012G079500.1.A	2570	2464.5	150.858	2.42786
Gorai.012G079500.1.D	2570	2464.5	78.1422	1.25759
Gorai.012G079600.1.A	2530	2424.5	34.5098	0.564553
Gorai.012G079600.1.D	2530	2424.5	350.49	5.73374
Gorai.012G079700.1.A	1086	980.505	1	0.0404516
Gorai.012G079700.1.D	1086	980.505	0	0
Gorai.012G079800.1.A	924	818.505	340.78	16.5134
Gorai.012G079800.1.D	924	818.505	701.22	33.9796
Gorai.012G079900.1.A	2077	1971.5	36.3025	0.730338
Gorai.012G079900.1.D	2077	1971.5	203.697	4.09801
Gorai.012G080000.1.A	824	718.505	0	0
Gorai.012G080000.1.D	824	718.505	0	0
Gorai.012G080100.1.A	1226	1120.5	76	2.6902
Gorai.012G080100.1.D	1226	1120.5	155	5.4866
Gorai.012G080200.1.A	549	443.551	0	0
Gorai.012G080200.1.D	549	443.551	0	0
Gorai.012G080300.1.A	3031	2925.5	17.4658	0.236794
Gorai.012G080300.1.D	3031	2925.5	57.5342	0.780029
Gorai.012G080400.1.A	965	859.505	18.275	0.843323
Gorai.012G080400.1.D	965	859.505	67.725	3.12526
Gorai.012G080500.1.A	2253	2147.5	1.5	0.027704
Gorai.012G080500.1.D	2253	2147.5	4.5	0.0831119
Gorai.012G080600.1.A	1658	1552.5	0	0
Gorai.012G080600.1.D	1658	1552.5	0	0
Gorai.012G080700.1.A	2124	2018.5	0	0
Gorai.012G080700.1.D	2124	2018.5	0	0
Gorai.012G080800.1.A	1912	1806.5	114.915	2.52302
Gorai.012G080800.1.D	1912	1806.5	21.0853	0.46294
Gorai.012G080900.1.A	495	389.551	0	0
Gorai.012G080900.1.D	495	389.551	1	0.101817
Gorai.012G081000.1.A	1981	1875.5	0	0
Gorai.012G081000.1.D	1981	1875.5	8	0.169183
Gorai.012G081100.1.A	1410	1304.5	0	0
Gorai.012G081100.1.D	1410	1304.5	0	0
Gorai.012G081200.1.A	1309	1203.5	51.875	1.7096
Gorai.012G081200.1.D	1309	1203.5	31.125	1.02576
Gorai.012G081300.1.A	2250	2144.5	1460.42	27.0108
Gorai.012G081300.1.D	2250	2144.5	2155.58	39.8677
Gorai.012G081400.1.A	1003	897.505	1	0.0441925
Gorai.012G081400.1.D	1003	897.505	1	0.0441925
Gorai.012G081500.1.A	2380	2274.5	2436.53	42.4884
Gorai.012G081500.1.D	2380	2274.5	0	0
Gorai.012G081600.1.A	2327	2221.5	101.24	1.80755
Gorai.012G081600.1.D	2327	2221.5	515.674	9.20689
Gorai.012G081700.1.A	4396	4290.5	61.8266	0.571547
Gorai.012G081700.1.D	4396	4290.5	129.173	1.19412
Gorai.012G081800.1.A	736	630.505	2.38095	0.149778
Gorai.012G081800.1.D	736	630.505	47.619	2.99556
Gorai.012G081900.1.A	1749	1643.5	562.203	13.5677
Gorai.012G081900.1.D	1749	1643.5	507.797	12.2547
Gorai.012G082000.1.A	1201	1095.5	213.206	7.71917
Gorai.012G082000.1.D	1201	1095.5	493.794	17.8779
Gorai.012G082100.1.A	511	405.551	6.76973	0.66208
Gorai.012G082100.1.D	511	405.551	6.76973	0.66208
Gorai.012G082200.1.A	1243	1137.5	6.1501	0.214444
Gorai.012G082200.1.D	1243	1137.5	6.1501	0.214444
Gorai.012G082300.1.A	1105	999.505	0	0
Gorai.012G082300.1.D	1105	999.505	0	0
Gorai.012G082400.1.A	660	554.505	0	0
Gorai.012G082400.1.D	660	554.505	0	0
Gorai.012G082500.1.A	2909	2803.5	923.501	13.0653
Gorai.012G082500.1.D	2909	2803.5	1506.5	21.3134
Gorai.012G082600.1.A	2431	2325.5	229.488	3.91406
Gorai.012G082600.1.D	2431	2325.5	237.512	4.05092
Gorai.012G082700.1.A	3948	3842.5	1571.79	16.2243
Gorai.012G082700.1.D	3948	3842.5	1789.21	18.4685
Gorai.012G082800.1.A	2490	2384.5	27.5625	0.458464
Gorai.012G082800.1.D	2490	2384.5	14.4375	0.240148
Gorai.012G082900.1.A	1617	1511.5	2236.28	58.6816
Gorai.012G082900.1.D	1617	1511.5	2068.72	54.2846
Gorai.012G083000.1.A	1350	1244.5	1590.59	50.6929
Gorai.012G083000.1.D	1350	1244.5	1889.41	60.2163
Gorai.012G083100.1.A	1578	1472.5	0.5	0.0134678
Gorai.012G083100.1.D	1578	1472.5	0.5	0.0134678
Gorai.012G083200.1.A	486	380.551	0	0
Gorai.012G083200.1.D	486	380.551	0	0
Gorai.012G083300.1.A	3277	3171.5	486.45	6.08356
Gorai.012G083300.1.D	3277	3171.5	249.55	3.12088
Gorai.012G083400.1.A	1241	1135.5	43.3564	1.51443
Gorai.012G083400.1.D	1241	1135.5	44.6223	1.55865
Gorai.012G083500.1.A	2878	2772.5	99.8857	1.42895
Gorai.012G083500.1.D	2878	2772.5	90.1143	1.28916
Gorai.012G083600.1.A	677	571.505	0	0
Gorai.012G083600.1.D	677	571.505	0	0
Gorai.012G083700.1.A	1042	936.505	1.66667	0.0705868
Gorai.012G083700.1.D	1042	936.505	3.33333	0.141174
Gorai.012G083800.1.A	2216	2110.5	118	2.21759
Gorai.012G083800.1.D	2216	2110.5	0	0
Gorai.012G083900.1.A	2212	2106.5	130.138	2.45034
Gorai.012G083900.1.D	2212	2106.5	91.8621	1.72965
Gorai.012G084000.1.A	893	787.505	1.5	0.075548
Gorai.012G084000.1.D	893	787.505	1.5	0.075548
Gorai.012G084100.1.A	1444	1338.5	27.5821	0.81732
Gorai.012G084100.1.D	1444	1338.5	126.418	3.74605
Gorai.012G084200.1.A	1986	1880.5	0	0
Gorai.012G084200.1.D	1986	1880.5	1	0.0210916
Gorai.012G084300.1.A	2514	2408.5	111.841	1.84179
Gorai.012G084300.1.D	2514	2408.5	159.159	2.62101
Gorai.012G084400.1.A	1910	1804.5	47.1056	1.03538
Gorai.012G084400.1.D	1910	1804.5	31.343	0.688917
Gorai.012G084500.1.A	1898	1792.5	0	0
Gorai.012G084500.1.D	1898	1792.5	26	0.575305
Gorai.012G084600.1.A	3321	3215.5	99.7758	1.23072
Gorai.012G084600.1.D	3321	3215.5	150.224	1.853
Gorai.012G084700.1.A	545	439.551	0	0
Gorai.012G084700.1.D	545	439.551	2	0.18047
Gorai.012G084800.1.A	1791	1685.5	7.4375	0.175018
Gorai.012G084800.1.D	1791	1685.5	9.5625	0.225023
Gorai.012G084900.1.A	804	698.505	0	0
Gorai.012G084900.1.D	804	698.505	0	0
Gorai.012G085000.1.A	1416	1310.5	204.04	6.17536
Gorai.012G085000.1.D	1416	1310.5	300.96	9.10866
Gorai.012G085100.1.A	889	783.505	0	0
Gorai.012G085100.1.D	889	783.505	0	0
Gorai.012G085200.1.A	207	103.083	0	0
Gorai.012G085200.1.D	207	103.083	1	0.384768
Gorai.012G085300.1.A	539	433.551	17.6491	1.61461
Gorai.012G085300.1.D	539	433.551	4.05764	0.371208
Gorai.012G085400.1.A	337	231.63	0.506342	0.0867029
Gorai.012G085400.1.D	337	231.63	7.83722	1.342
Gorai.012G085500.1.A	2613	2507.5	102.382	1.61944
Gorai.012G085500.1.D	2613	2507.5	148.618	2.3508
Gorai.012G085600.1.A	770	664.505	0	0
Gorai.012G085600.1.D	770	664.505	2	0.119376
Gorai.012G085700.1.A	373	267.583	1	0.148227
Gorai.012G085700.1.D	373	267.583	0	0
Gorai.012G085800.1.A	641	535.505	7	0.518465
Gorai.012G085800.1.D	641	535.505	0	0
Gorai.012G085900.1.A	710	604.505	0	0
Gorai.012G085900.1.D	710	604.505	2	0.131225
Gorai.012G086000.1.A	772	666.505	3	0.178527
Gorai.012G086000.1.D	772	666.505	59	3.51102
Gorai.012G086100.1.A	2289	2183.5	1130.24	20.5306
Gorai.012G086100.1.D	2289	2183.5	1800.76	32.7105
Gorai.012G086200.1.A	1027	921.505	0	0
Gorai.012G086200.1.D	1027	921.505	0	0
Gorai.012G086300.1.A	1598	1492.5	38	1.00984
Gorai.012G086300.1.D	1598	1492.5	0	0
Gorai.012G086400.1.A	527	421.551	49.1422	4.62369
Gorai.012G086400.1.D	527	421.551	642.178	60.4213
Gorai.012G086500.1.A	3411	3305.5	129.27	1.55112
Gorai.012G086500.1.D	3411	3305.5	24.7299	0.296736
Gorai.012G086600.1.A	2172	2066.5	23.561	0.452212
Gorai.012G086600.1.D	2172	2066.5	22.439	0.430678
Gorai.012G086700.1.A	306	200.687	0	0
Gorai.012G086700.1.D	306	200.687	1	0.197636
Gorai.012G086800.1.A	1106	1000.5	526.161	20.8586
Gorai.012G086800.1.D	1106	1000.5	275.839	10.9351
Gorai.012G086900.1.A	1456	1350.5	5270.58	154.792
Gorai.012G086900.1.D	1456	1350.5	2635.94	77.4148
Gorai.012G087000.1.A	791	685.505	36.1481	2.09151
Gorai.012G087000.1.D	791	685.505	24.8519	1.43792
Gorai.012G087100.1.A	649	543.505	0	0
Gorai.012G087100.1.D	649	543.505	0	0
Gorai.012G087200.1.A	1527	1421.5	0	0
Gorai.012G087200.1.D	1527	1421.5	4	0.111608
Gorai.012G087300.1.A	1883	1777.5	21.8182	0.486847
Gorai.012G087300.1.D	1883	1777.5	2.18182	0.0486847
Gorai.012G087400.1.A	1341	1235.5	27.4231	0.880353
Gorai.012G087400.1.D	1341	1235.5	34.5769	1.11001
Gorai.012G087500.1.A	2684	2578.5	3	0.0461464
Gorai.012G087500.1.D	2684	2578.5	11	0.169204
Gorai.012G087600.1.A	1775	1669.5	31	0.736477
Gorai.012G087600.1.D	1775	1669.5	92	2.18567
Gorai.012G087700.1.A	2159	2053.5	0	0
Gorai.012G087700.1.D	2159	2053.5	0	0
Gorai.012G087800.1.A	423	317.583	0	0
Gorai.012G087800.1.D	423	317.583	1	0.12489
Gorai.012G087900.1.A	1509	1403.5	17.7333	0.501143
Gorai.012G087900.1.D	1509	1403.5	1.26667	0.0357959
Gorai.012G088000.1.A	1949	1843.5	18.9653	0.408038
Gorai.012G088000.1.D	1949	1843.5	18.9653	0.408038
Gorai.012G088100.1.A	378	272.583	0	0
Gorai.012G088100.1.D	378	272.583	0	0
Gorai.012G088200.1.A	1324	1218.5	0	0
Gorai.012G088200.1.D	1324	1218.5	0	0
Gorai.012G088300.1.A	1608	1502.5	83.2083	2.19652
Gorai.012G088300.1.D	1608	1502.5	687.797	18.1564
Gorai.012G088400.1.A	3325	3219.5	4.51268	0.0555943
Gorai.012G088400.1.D	3325	3219.5	43.4819	0.535679
Gorai.012G088500.1.A	1515	1409.5	438.365	12.3354
Gorai.012G088500.1.D	1515	1409.5	241.635	6.79953
Gorai.012G088600.1.A	2118	2012.5	744.238	14.6676
Gorai.012G088600.1.D	2118	2012.5	523.762	10.3224
Gorai.012G088700.1.A	2642	2536.5	450.648	7.04672
Gorai.012G088700.1.D	2642	2536.5	334.352	5.22821
Gorai.012G088800.1.A	1063	957.505	814.571	33.7422
Gorai.012G088800.1.D	1063	957.505	769.429	31.8722
Gorai.012G088900.1.A	2083	1977.5	212.813	4.26841
Gorai.012G088900.1.D	2083	1977.5	816.187	16.3703
Gorai.012G089000.1.A	2710	2604.5	206.361	3.14258
Gorai.012G089000.1.D	2710	2604.5	110.639	1.68488
Gorai.012G089100.1.A	1278	1172.5	0	0
Gorai.012G089100.1.D	1278	1172.5	0	0
Gorai.012G089200.1.A	1495	1389.5	1.5	0.042817
Gorai.012G089200.1.D	1495	1389.5	1.5	0.042817
Gorai.012G089300.1.A	2540	2434.5	1412.81	23.0176
Gorai.012G089300.1.D	2540	2434.5	621.186	10.1204
Gorai.012G089400.1.A	885	779.505	9	0.45794
Gorai.012G089400.1.D	885	779.505	47	2.39147
Gorai.012G089500.1.A	1609	1503.5	34451.4	908.839
Gorai.012G089500.1.D	1609	1503.5	23620.5	623.116
Gorai.012G089600.1.A	2247	2141.5	23.0508	0.426926
Gorai.012G089600.1.D	2247	2141.5	44.9492	0.832506
Gorai.012G089700.1.A	2255	2149.5	4.66667	0.0861099
Gorai.012G089700.1.D	2255	2149.5	2.33333	0.043055
Gorai.012G089800.1.A	1166	1060.5	137.021	5.12458
Gorai.012G089800.1.D	1166	1060.5	292.979	10.9574
Gorai.012G089900.1.A	426	320.583	1	0.123721
Gorai.012G089900.1.D	426	320.583	3	0.371164
Gorai.012G090000.1.A	381	275.583	0	0
Gorai.012G090000.1.D	381	275.583	0	0
Gorai.012G090100.1.A	655	549.505	0	0
Gorai.012G090100.1.D	655	549.505	0	0
Gorai.012G090200.1.A	622	516.505	0	0
Gorai.012G090200.1.D	622	516.505	0	0
Gorai.012G090300.1.A	276	170.788	0	0
Gorai.012G090300.1.D	276	170.788	0	0
Gorai.012G090400.1.A	700	594.505	4	0.266864
Gorai.012G090400.1.D	700	594.505	4	0.266864
Gorai.012G090500.1.A	342	236.63	0	0
Gorai.012G090500.1.D	342	236.63	0	0
Gorai.012G090600.1.A	237	132.247	0	0
Gorai.012G090600.1.D	237	132.247	0	0
Gorai.012G090700.1.A	1073	967.505	237.84	9.75027
Gorai.012G090700.1.D	1073	967.505	432.16	17.7164
Gorai.012G090800.1.A	682	576.505	3	0.206397
Gorai.012G090800.1.D	682	576.505	1	0.068799
Gorai.012G090900.1.A	828	722.505	0	0
Gorai.012G090900.1.D	828	722.505	2	0.109793
Gorai.012G091000.1.A	1690	1584.5	52.2373	1.30759
Gorai.012G091000.1.D	1690	1584.5	14.7627	0.369537
Gorai.012G091100.1.A	796	690.505	12	0.689286
Gorai.012G091100.1.D	796	690.505	4	0.229762
Gorai.012G091200.1.A	1260	1154.5	254.406	8.74011
Gorai.012G091200.1.D	1260	1154.5	145.594	5.00187
Gorai.012G091300.1.A	258	152.936	0	0
Gorai.012G091300.1.D	258	152.936	0	0
Gorai.012G091400.1.A	1217	1111.5	1482.54	52.903
Gorai.012G091400.1.D	1217	1111.5	1421.46	50.7233
Gorai.012G091500.1.A	2442	2336.5	6	0.101852
Gorai.012G091500.1.D	2442	2336.5	2	0.0339507
Gorai.012G091600.1.A	2837	2731.5	34.8214	0.505626
Gorai.012G091600.1.D	2837	2731.5	30.1786	0.438209
Gorai.012G091700.1.A	2253	2147.5	176.257	3.25535
Gorai.012G091700.1.D	2253	2147.5	120.743	2.23004
Gorai.012G091800.1.A	1609	1503.5	13.8361	0.365001
Gorai.012G091800.1.D	1609	1503.5	136.233	3.59386
Gorai.012G091900.1.A	468	362.551	0.5	0.0546998
Gorai.012G091900.1.D	468	362.551	0.5	0.0546998
Gorai.012G092000.1.A	1676	1570.5	191.421	4.83432
Gorai.012G092000.1.D	1676	1570.5	255.579	6.45462
Gorai.012G092100.1.A	2967	2861.5	179.467	2.48757
Gorai.012G092100.1.D	2967	2861.5	42.5327	0.58954
Gorai.012G092200.1.A	1475	1369.5	23.1724	0.671108
Gorai.012G092200.1.D	1475	1369.5	60.8276	1.76166
Gorai.012G092300.1.A	1672	1566.5	738.284	18.6929
Gorai.012G092300.1.D	1672	1566.5	460.716	11.6651
Gorai.012G092400.1.A	918	812.505	9.84816	0.480745
Gorai.012G092400.1.D	918	812.505	9.84816	0.480745
Gorai.012G092500.1.A	318	212.63	0.5	0.0932675
Gorai.012G092500.1.D	318	212.63	0.5	0.0932675
Gorai.012G092600.1.A	2979	2873.5	191.667	2.64557
Gorai.012G092600.1.D	2979	2873.5	38.3333	0.529114
Gorai.012G092700.1.A	1567	1461.5	295.078	8.00796
Gorai.012G092700.1.D	1567	1461.5	142.738	3.87369
Gorai.012G092800.1.A	1334	1228.5	9.96566	0.321747
Gorai.012G092800.1.D	1334	1228.5	2.21779	0.0716024
Gorai.012G092900.1.A	1685	1579.5	292.895	7.35488
Gorai.012G092900.1.D	1685	1579.5	232.105	5.8284
Gorai.012G093000.1.A	445	339.583	4	0.467196
Gorai.012G093000.1.D	445	339.583	1	0.116799
Gorai.012G093100.1.A	1996	1890.5	37.7143	0.791249
Gorai.012G093100.1.D	1996	1890.5	50.2857	1.055
Gorai.012G093200.1.A	5576	5470.5	397.986	2.88553
Gorai.012G093200.1.D	5576	5470.5	489.014	3.54551
Gorai.012G093300.1.A	907	801.505	62.6017	3.09789
Gorai.012G093300.1.D	907	801.505	81.1359	4.01506
Gorai.012G093400.1.A	557	451.551	2.5	0.219593
Gorai.012G093400.1.D	557	451.551	2.5	0.219593
Gorai.012G093500.1.A	5995	5889.5	747.174	5.03185
Gorai.012G093500.1.D	5995	5889.5	738.826	4.97563
Gorai.012G093600.1.A	1121	1015.5	78.8966	3.08149
Gorai.012G093600.1.D	1121	1015.5	64.1034	2.50371
Gorai.012G093700.1.A	1002	896.505	362.763	16.0493
Gorai.012G093700.1.D	1002	896.505	227.237	10.0533
Gorai.012G093800.1.A	2021	1915.5	1773.41	36.7208
Gorai.012G093800.1.D	2021	1915.5	2353.33	48.7286
Gorai.012G093900.1.A	2244	2138.5	414.821	7.69371
Gorai.012G093900.1.D	2244	2138.5	652.179	12.096
Gorai.012G094000.1.A	915	809.505	56.0762	2.74754
Gorai.012G094000.1.D	915	809.505	71.9238	3.52402
Gorai.012G094100.1.A	584	478.551	0	0
Gorai.012G094100.1.D	584	478.551	0	0
Gorai.012G094200.1.A	893	787.505	7	0.352557
Gorai.012G094200.1.D	893	787.505	1	0.0503653
Gorai.012G094300.1.A	1795	1689.5	0	0
Gorai.012G094300.1.D	1795	1689.5	25.4729	0.598003
Gorai.012G094400.1.A	1791	1685.5	180.529	4.24817
Gorai.012G094400.1.D	1791	1685.5	73.4711	1.72891
Gorai.012G094500.1.A	1746	1640.5	165.511	4.0016
Gorai.012G094500.1.D	1746	1640.5	158.489	3.83184
Gorai.012G094600.1.A	1278	1172.5	8.16611	0.276239
Gorai.012G094600.1.D	1278	1172.5	17.1471	0.580045
Gorai.012G094700.1.A	945	839.505	0	0
Gorai.012G094700.1.D	945	839.505	1	0.0472456
Gorai.012G094800.1.A	621	515.505	3	0.23082
Gorai.012G094800.1.D	621	515.505	0	0
Gorai.012G094900.1.A	2617	2511.5	33.04	0.521784
Gorai.012G094900.1.D	2617	2511.5	143.96	2.27349
Gorai.012G095000.1.A	1710	1604.5	3.75	0.092699
Gorai.012G095000.1.D	1710	1604.5	1.25	0.0308997
Gorai.012G095100.1.A	1185	1079.5	1	0.0367418
Gorai.012G095100.1.D	1185	1079.5	1	0.0367418
Gorai.012G095200.1.A	724	618.505	314.48	20.1667
Gorai.012G095200.1.D	724	618.505	761.52	48.8341
Gorai.012G095300.1.A	2295	2189.5	583.01	10.5612
Gorai.012G095300.1.D	2295	2189.5	29.9902	0.543274
Gorai.012G095400.1.A	2004	1898.5	0	0
Gorai.012G095400.1.D	2004	1898.5	1	0.0208917
Gorai.012G095500.1.A	1958	1852.5	1143.66	24.4863
Gorai.012G095500.1.D	1958	1852.5	4414.34	94.5129
Gorai.012G095600.1.A	1269	1163.5	0	0
Gorai.012G095600.1.D	1269	1163.5	0	0
Gorai.012G095700.1.A	1203	1097.5	0	0
Gorai.012G095700.1.D	1203	1097.5	0	0
Gorai.012G095800.1.A	3455	3349.5	697.907	8.26423
Gorai.012G095800.1.D	3455	3349.5	254.093	3.00882
Gorai.012G095900.1.A	1158	1052.5	4.31014	0.162425
Gorai.012G095900.1.D	1158	1052.5	4.31014	0.162425
Gorai.012G096000.1.A	1731	1625.5	0	0
Gorai.012G096000.1.D	1731	1625.5	0	0
Gorai.012G096100.1.A	778	672.505	1	0.0589779
Gorai.012G096100.1.D	778	672.505	1	0.0589779
Gorai.012G096200.1.A	552	446.551	0	0
Gorai.012G096200.1.D	552	446.551	0	0
Gorai.012G096300.1.A	963	857.505	0.5	0.023127
Gorai.012G096300.1.D	963	857.505	0.5	0.023127
Gorai.012G096400.1.A	1311	1205.5	0	0
Gorai.012G096400.1.D	1311	1205.5	0	0
Gorai.012G096500.1.A	2352	2246.5	0	0
Gorai.012G096500.1.D	2352	2246.5	0	0
Gorai.012G096600.1.A	501	395.551	258.248	25.8952
Gorai.012G096600.1.D	501	395.551	377.752	37.8781
Gorai.012G096700.1.A	609	503.551	0	0
Gorai.012G096700.1.D	609	503.551	0	0
Gorai.012G096800.1.A	2515	2409.5	1433.27	23.5931
Gorai.012G096800.1.D	2515	2409.5	1308.73	21.5431
Gorai.012G096900.1.A	560	454.551	12.6997	1.10814
Gorai.012G096900.1.D	560	454.551	12.6997	1.10814
Gorai.012G097000.1.A	1273	1167.5	92.3011	3.13569
Gorai.012G097000.1.D	1273	1167.5	55.6989	1.89223
Gorai.012G097100.1.A	1450	1344.5	454.485	13.4073
Gorai.012G097100.1.D	1450	1344.5	262.515	7.74419
Gorai.012G097200.1.A	1469	1363.5	2	0.0581779
Gorai.012G097200.1.D	1469	1363.5	0	0
Gorai.012G097300.1.A	4419	4313.5	1.27586	0.0117316
Gorai.012G097300.1.D	4419	4313.5	35.7241	0.328486
Gorai.012G097400.1.A	1423	1317.5	2.49662	0.0751598
Gorai.012G097400.1.D	1423	1317.5	132.931	4.00185
Gorai.012G097500.1.A	1860	1754.5	40.8	0.922339
Gorai.012G097500.1.D	1860	1754.5	10.2	0.230585
Gorai.012G097600.1.A	1653	1547.5	65.9248	1.68967
Gorai.012G097600.1.D	1653	1547.5	71.0752	1.82168
Gorai.012G097700.1.A	456	350.551	0	0
Gorai.012G097700.1.D	456	350.551	83.1618	9.40929
Gorai.012G097800.1.A	3027	2921.5	54.3426	0.737766
Gorai.012G097800.1.D	3027	2921.5	294.657	4.00033
Gorai.012G097900.1.A	234	129.404	8.59979	2.63587
Gorai.012G097900.1.D	234	129.404	8.59979	2.63587
Gorai.012G098000.1.A	769	663.505	0	0
Gorai.012G098000.1.D	769	663.505	1	0.0597779
Gorai.012G098100.1.A	1433	1327.5	36.587	1.09314
Gorai.012G098100.1.D	1433	1327.5	14.413	0.43063
Gorai.012G098200.1.A	1722	1616.5	173.065	4.24635
Gorai.012G098200.1.D	1722	1616.5	11.9355	0.292852
Gorai.012G098300.1.A	6592	6486.5	68.2945	0.4176
Gorai.012G098300.1.D	6592	6486.5	100.705	0.615782
Gorai.012G098400.1.A	1047	941.505	0	0
Gorai.012G098400.1.D	1047	941.505	0	0
Gorai.012G098500.1.A	830	724.505	1.41291	0.0773495
Gorai.012G098500.1.D	830	724.505	1.41291	0.0773495
Gorai.012G098600.1.A	2047	1941.5	127.636	2.60748
Gorai.012G098600.1.D	2047	1941.5	196.364	4.01151
Gorai.012G098700.1.A	3115	3009.5	0	0
Gorai.012G098700.1.D	3115	3009.5	0	0
Gorai.012G098800.1.A	922	816.505	0	0
Gorai.012G098800.1.D	922	816.505	0	0
Gorai.012G098900.1.A	1081	975.505	235.543	9.57691
Gorai.012G098900.1.D	1081	975.505	451.457	18.3557
Gorai.012G099000.1.A	2807	2701.5	22.5	0.33034
Gorai.012G099000.1.D	2807	2701.5	4.5	0.0660681
Gorai.012G099100.1.A	1164	1058.5	94.276	3.53259
Gorai.012G099100.1.D	1164	1058.5	510.689	19.1359
Gorai.012G099200.1.A	2303	2197.5	10.5677	0.190738
Gorai.012G099200.1.D	2303	2197.5	171.432	3.09419
Gorai.012G099300.1.A	3231	3125.5	204.255	2.59201
Gorai.012G099300.1.D	3231	3125.5	206.745	2.62362
Gorai.012G099400.1.A	1085	979.505	22.7097	0.91958
Gorai.012G099400.1.D	1085	979.505	41.2903	1.67196
Gorai.012G099500.1.A	876	770.505	38.8699	2.00089
Gorai.012G099500.1.D	876	770.505	7.16025	0.368585
Gorai.012G099600.1.A	1756	1650.5	1601.26	38.4797
Gorai.012G099600.1.D	1756	1650.5	1566.71	37.6492
Gorai.012G099700.1.A	1022	916.505	27.1556	1.17519
Gorai.012G099700.1.D	1022	916.505	19.8444	0.858794
Gorai.012G099800.1.A	267	161.849	0	0
Gorai.012G099800.1.D	267	161.849	0	0
Gorai.012G099900.1.A	935	829.505	25.7884	1.23308
Gorai.012G099900.1.D	935	829.505	25.7884	1.23308
Gorai.012G100000.1.A	2415	2309.5	1000.87	17.1888
Gorai.012G100000.1.D	2415	2309.5	983.127	16.884
Gorai.012G100100.1.A	1308	1202.5	19.1905	0.632971
Gorai.012G100100.1.D	1308	1202.5	11.8095	0.389521
Gorai.012G100200.1.A	511	405.551	3	0.2934
Gorai.012G100200.1.D	511	405.551	3.50624	0.342911
Gorai.012G100300.1.A	1122	1016.5	319.262	12.4573
Gorai.012G100300.1.D	1122	1016.5	186.738	7.28632
Gorai.012G100400.1.A	1311	1205.5	2	0.065803
Gorai.012G100400.1.D	1311	1205.5	0	0
Gorai.012G100500.1.A	700	594.505	9	0.600444
Gorai.012G100500.1.D	700	594.505	9	0.600444
Gorai.012G100600.1.A	1305	1199.5	234.157	7.74266
Gorai.012G100600.1.D	1305	1199.5	570.875	18.8766
Gorai.012G100700.1.A	2023	1917.5	574.414	11.8816
Gorai.012G100700.1.D	2023	1917.5	5540.59	114.605
Gorai.012G100800.1.A	1823	1717.5	511.82	11.8196
Gorai.012G100800.1.D	1823	1717.5	315.18	7.27857
Gorai.012G100900.1.A	508	402.551	12039.2	1186.21
Gorai.012G100900.1.D	508	402.551	0	0
Gorai.012G101000.1.A	678	572.505	0	0
Gorai.012G101000.1.D	678	572.505	0	0
Gorai.012G101100.1.A	285	179.772	0	0
Gorai.012G101100.1.D	285	179.772	0	0
Gorai.012G101200.1.A	873	767.505	25.2174	1.30318
Gorai.012G101200.1.D	873	767.505	90.7826	4.69144
Gorai.012G101300.1.A	551	445.551	0.587621	0.0523099
Gorai.012G101300.1.D	551	445.551	0.587621	0.0523099
Gorai.012G101400.1.A	1786	1680.5	32.1774	0.759445
Gorai.012G101400.1.D	1786	1680.5	100.823	2.37959
Gorai.012G101500.1.A	1263	1157.5	3749.39	128.476
Gorai.012G101500.1.D	1263	1157.5	1909.61	65.4345
Gorai.012G101600.1.A	849	743.505	30	1.60038
Gorai.012G101600.1.D	849	743.505	10	0.533459
Gorai.012G101700.1.A	688	582.505	0	0
Gorai.012G101700.1.D	688	582.505	0	0
Gorai.012G101800.1.A	2767	2661.5	22.988	0.342577
Gorai.012G101800.1.D	2767	2661.5	83.012	1.23708
Gorai.012G101900.1.A	1653	1547.5	273.26	7.00373
Gorai.012G101900.1.D	1653	1547.5	6173.74	158.235
Gorai.012G102000.1.A	201	97.3325	1	0.407499
Gorai.012G102000.1.D	201	97.3325	0	0
Gorai.012G102100.1.A	336	230.63	0	0
Gorai.012G102100.1.D	336	230.63	0	0
Gorai.012G102200.1.A	2012	1906.5	1002.85	20.8634
Gorai.012G102200.1.D	2012	1906.5	1018.15	21.1815
Gorai.012G102300.1.A	2822	2716.5	3	0.0438022
Gorai.012G102300.1.D	2822	2716.5	4	0.0584029
Gorai.012G102400.1.A	789	683.505	31.0066	1.79927
Gorai.012G102400.1.D	789	683.505	0	0
Gorai.012G102500.1.A	1806	1700.5	8.44868	0.197059
Gorai.012G102500.1.D	1806	1700.5	0	0
Gorai.012G102600.1.A	332	226.63	1.36688	0.23922
Gorai.012G102600.1.D	332	226.63	1.36688	0.23922
Gorai.012G102700.1.A	371	265.583	1.0363	0.154764
Gorai.012G102700.1.D	371	265.583	1.0363	0.154764
Gorai.012G102800.1.A	918	812.505	35.5111	1.7335
Gorai.012G102800.1.D	918	812.505	11.4889	0.560838
Gorai.012G102900.1.A	444	338.583	0	0
Gorai.012G102900.1.D	444	338.583	80	9.37151
Gorai.012G103000.1.A	1010	904.505	0	0
Gorai.012G103000.1.D	1010	904.505	0	0
Gorai.012G103100.1.A	2704	2598.5	213.776	3.26303
Gorai.012G103100.1.D	2704	2598.5	194.224	2.96458
Gorai.012G103200.1.A	1404	1298.5	35	1.06908
Gorai.012G103200.1.D	1404	1298.5	12	0.366541
Gorai.012G103300.1.A	1055	949.505	0	0
Gorai.012G103300.1.D	1055	949.505	0	0
Gorai.012G103400.1.A	1376	1270.5	5.14286	0.160551
Gorai.012G103400.1.D	1376	1270.5	3.85714	0.120413
Gorai.012G103500.1.A	674	568.505	0	0
Gorai.012G103500.1.D	674	568.505	0	0
Gorai.012G103600.1.A	1081	975.505	413.057	16.7944
Gorai.012G103600.1.D	1081	975.505	1129.94	45.9422
Gorai.012G103700.1.A	1938	1832.5	77.2727	1.6725
Gorai.012G103700.1.D	1938	1832.5	72.7273	1.57412
Gorai.012G103800.1.A	796	690.505	230.792	13.2568
Gorai.012G103800.1.D	796	690.505	146.208	8.39828
Gorai.012G103900.1.A	612	506.551	28.6062	2.23986
Gorai.012G103900.1.D	612	506.551	0	0
Gorai.012G104000.1.A	2405	2299.5	6.66667	0.11499
Gorai.012G104000.1.D	2405	2299.5	9.33333	0.160986
Gorai.012G104100.1.A	1852	1746.5	76.5965	1.7395
Gorai.012G104100.1.D	1852	1746.5	145.404	3.3021
Gorai.012G104200.1.A	638	532.505	51.0637	3.80341
Gorai.012G104200.1.D	638	532.505	51.0637	3.80341
Gorai.012G104300.1.A	1743	1637.5	1	0.0242216
Gorai.012G104300.1.D	1743	1637.5	1	0.0242216
Gorai.012G104400.1.A	1534	1428.5	50.1667	1.3929
Gorai.012G104400.1.D	1534	1428.5	5.83333	0.161965
Gorai.012G104500.1.A	1615	1509.5	10.8935	0.286232
Gorai.012G104500.1.D	1615	1509.5	10.8935	0.286232
Gorai.012G104600.1.A	380	274.583	10.2169	1.47581
Gorai.012G104600.1.D	380	274.583	10.2169	1.47581
Gorai.012G104700.1.A	1391	1285.5	112.58	3.47355
Gorai.012G104700.1.D	1391	1285.5	288.42	8.8989
Gorai.012G104800.1.A	1371	1265.5	0	0
Gorai.012G104800.1.D	1371	1265.5	0	0
Gorai.012G104900.1.A	484	378.551	0	0
Gorai.012G104900.1.D	484	378.551	0	0
Gorai.012G105000.1.A	1584	1478.5	7	0.187785
Gorai.012G105000.1.D	1584	1478.5	0	0
Gorai.012G105100.1.A	2124	2018.5	461.194	9.0623
Gorai.012G105100.1.D	2124	2018.5	706.806	13.8885
Gorai.012G105200.1.A	1711	1605.5	406.229	10.0356
Gorai.012G105200.1.D	1711	1605.5	514.771	12.7171
Gorai.012G105300.1.A	1336	1230.5	0	0
Gorai.012G105300.1.D	1336	1230.5	1	0.0322331
Gorai.012G105400.1.A	1464	1358.5	2	0.0583921
Gorai.012G105400.1.D	1464	1358.5	4	0.116784
Gorai.012G105500.1.A	1381	1275.5	0	0
Gorai.012G105500.1.D	1381	1275.5	0	0
Gorai.012G105600.1.A	1050	944.505	180.152	7.56518
Gorai.012G105600.1.D	1050	944.505	202.848	8.51828
Gorai.012G105700.1.A	2054	1948.5	13.75	0.279889
Gorai.012G105700.1.D	2054	1948.5	6.25	0.127222
Gorai.012G105800.1.A	461	355.551	0	0
Gorai.012G105800.1.D	461	355.551	0	0
Gorai.012G105900.1.A	2793	2687.5	120.609	1.77999
Gorai.012G105900.1.D	2793	2687.5	36.3907	0.537064
Gorai.012G106000.1.A	1913	1807.5	0	0
Gorai.012G106000.1.D	1913	1807.5	0	0
Gorai.012G106100.1.A	2859	2753.5	0	0
Gorai.012G106100.1.D	2859	2753.5	0	0
Gorai.012G106200.1.A	1862	1756.5	3	0.0677418
Gorai.012G106200.1.D	1862	1756.5	0	0
Gorai.012G106300.1.A	1210	1104.5	0	0
Gorai.012G106300.1.D	1210	1104.5	0	0
Gorai.012G106400.1.A	1050	944.505	29.6129	1.24355
Gorai.012G106400.1.D	1050	944.505	4.3871	0.184229
Gorai.012G106500.1.A	1381	1275.5	11.6739	0.363009
Gorai.012G106500.1.D	1381	1275.5	11.6739	0.363009
Gorai.012G106600.1.A	246	141.071	0	0
Gorai.012G106600.1.D	246	141.071	0	0
Gorai.012G106700.1.A	1911	1805.5	0	0
Gorai.012G106700.1.D	1911	1805.5	0	0
Gorai.012G106800.1.A	609	503.551	0	0
Gorai.012G106800.1.D	609	503.551	33.3583	2.62751
Gorai.012G106900.1.A	2062	1956.5	186.853	3.78794
Gorai.012G106900.1.D	2062	1956.5	209.147	4.23991
Gorai.012G107000.1.A	1106	1000.5	12	0.475715
Gorai.012G107000.1.D	1106	1000.5	19	0.753216
Gorai.012G107100.1.A	669	563.505	0	0
Gorai.012G107100.1.D	669	563.505	6	0.422317
Gorai.012G107200.1.A	1421	1315.5	216.183	6.51799
Gorai.012G107200.1.D	1421	1315.5	94.8171	2.85877
Gorai.012G107300.1.A	1363	1257.5	270.971	8.54668
Gorai.012G107300.1.D	1363	1257.5	4.0293	0.127088
Gorai.012G107400.1.A	3245	3139.5	239.85	3.03014
Gorai.012G107400.1.D	3245	3139.5	50.1504	0.633575
Gorai.012G107500.1.A	1473	1367.5	114.424	3.31875
Gorai.012G107500.1.D	1473	1367.5	126.576	3.67118
Gorai.012G107600.1.A	1887	1781.5	47.9771	1.06815
Gorai.012G107600.1.D	1887	1781.5	240.486	5.35411
Gorai.012G107700.1.A	3024	2918.5	316.538	4.3018
Gorai.012G107700.1.D	3024	2918.5	420	5.70786
Gorai.012G107800.1.A	321	215.63	0	0
Gorai.012G107800.1.D	321	215.63	0	0
Gorai.012G107900.1.A	1413	1307.5	1212.08	36.7684
Gorai.012G107900.1.D	1413	1307.5	1173.92	35.6106
Gorai.012G108000.1.A	417	311.583	0	0
Gorai.012G108000.1.D	417	311.583	0	0
Gorai.012G108100.1.A	2725	2619.5	58.7015	0.888822
Gorai.012G108100.1.D	2725	2619.5	112.299	1.70036
Gorai.012G108200.1.A	884	778.505	0	0
Gorai.012G108200.1.D	884	778.505	0	0
Gorai.012G108300.1.A	2959	2853.5	11.5789	0.160944
Gorai.012G108300.1.D	2959	2853.5	10.4211	0.14485
Gorai.012G108400.1.A	655	549.505	0	0
Gorai.012G108400.1.D	655	549.505	0	0
Gorai.012G108500.1.A	576	470.551	1	0.0842904
Gorai.012G108500.1.D	576	470.551	0	0
Gorai.012G108600.1.A	1015	909.505	22.2872	0.971931
Gorai.012G108600.1.D	1015	909.505	365.713	15.9485
Gorai.012G108700.1.A	3063	2957.5	18	0.241397
Gorai.012G108700.1.D	3063	2957.5	17	0.227986
Gorai.012G108800.1.A	453	347.551	0	0
Gorai.012G108800.1.D	453	347.551	1	0.114121
Gorai.012G108900.1.A	960	854.505	5.57673	0.258851
Gorai.012G108900.1.D	960	854.505	2218.42	102.971
Gorai.012G109000.1.A	1911	1805.5	37.2366	0.818007
Gorai.012G109000.1.D	1911	1805.5	233.763	5.13526
Gorai.012G109100.1.A	387	281.583	0	0
Gorai.012G109100.1.D	387	281.583	0	0
Gorai.012G109200.1.A	2084	1978.5	118.594	2.37744
Gorai.012G109200.1.D	2084	1978.5	13.4062	0.268754
Gorai.012G109300.1.A	1449	1343.5	302.411	8.92777
Gorai.012G109300.1.D	1449	1343.5	444.589	13.1252
Gorai.012G109400.1.A	1734	1628.5	1.5	0.0365332
Gorai.012G109400.1.D	1734	1628.5	4.5	0.109599
Gorai.012G109500.1.A	1939	1833.5	0	0
Gorai.012G109500.1.D	1939	1833.5	0	0
Gorai.012G109600.1.A	1198	1092.5	0	0
Gorai.012G109600.1.D	1198	1092.5	6	0.217828
Gorai.012G109700.1.A	2028	1922.5	0	0
Gorai.012G109700.1.D	2028	1922.5	25	0.515772
Gorai.012G109800.1.A	1476	1370.5	0	0
Gorai.012G109800.1.D	1476	1370.5	15.7652	0.456252
Gorai.012G109900.1.A	2114	2008.5	0	0
Gorai.012G109900.1.D	2114	2008.5	0	0
Gorai.012G110000.1.A	1875	1769.5	4.57143	0.102467
Gorai.012G110000.1.D	1875	1769.5	11.4286	0.256168
Gorai.012G110100.1.A	1751	1645.5	56.9591	1.37293
Gorai.012G110100.1.D	1751	1645.5	21.9306	0.528611
Gorai.012G110200.1.A	2164	2058.5	4.53897	0.0874562
Gorai.012G110200.1.D	2164	2058.5	4.5713	0.0880791
Gorai.012G110300.1.A	1554	1448.5	13.5909	0.372146
Gorai.012G110300.1.D	1554	1448.5	55.4091	1.51721
Gorai.012G110400.1.A	1953	1847.5	299.245	6.4243
Gorai.012G110400.1.D	1953	1847.5	1021.76	21.9354
Gorai.012G110500.1.A	1635	1529.5	22.8	0.591247
Gorai.012G110500.1.D	1635	1529.5	15.2	0.394165
Gorai.012G110600.1.A	600	494.551	3.5	0.280699
Gorai.012G110600.1.D	600	494.551	3.5	0.280699
Gorai.012G110700.1.A	545	439.551	21	1.89494
Gorai.012G110700.1.D	545	439.551	15	1.35353
Gorai.012G110800.1.A	2581	2475.5	91.3182	1.46311
Gorai.012G110800.1.D	2581	2475.5	6.68182	0.107057
Gorai.012G110900.1.A	1703	1597.5	399.694	9.92363
Gorai.012G110900.1.D	1703	1597.5	452.257	11.2287
Gorai.012G111000.1.A	1494	1388.5	437.446	12.4957
Gorai.012G111000.1.D	1494	1388.5	355.554	10.1565
Gorai.012G111100.1.A	1601	1495.5	86.6667	2.29852
Gorai.012G111100.1.D	1601	1495.5	17.3333	0.459705
Gorai.012G111200.1.A	1415	1309.5	1099.92	33.315
Gorai.012G111200.1.D	1415	1309.5	995.079	30.1395
Gorai.012G111300.1.A	921	815.505	0	0
Gorai.012G111300.1.D	921	815.505	6	0.291816
Gorai.012G111400.1.A	2724	2618.5	1009.77	15.2951
Gorai.012G111400.1.D	2724	2618.5	782.232	11.8486
Gorai.012G111500.1.A	1231	1125.5	68.6287	2.41849
Gorai.012G111500.1.D	1231	1125.5	858.371	30.2491
Gorai.012G111600.1.A	3007	2901.5	167.867	2.2947
Gorai.012G111600.1.D	3007	2901.5	179.133	2.44871
Gorai.012G111700.1.A	2712	2606.5	88.0102	1.33924
Gorai.012G111700.1.D	2712	2606.5	26.9898	0.410701
Gorai.012G111800.1.A	2728	2622.5	141.581	2.14128
Gorai.012G111800.1.D	2728	2622.5	89.4194	1.35238
Gorai.012G111900.1.A	2065	1959.5	0	0
Gorai.012G111900.1.D	2065	1959.5	3295	66.6951
Gorai.012G112000.1.A	2540	2434.5	269.878	4.39684
Gorai.012G112000.1.D	2540	2434.5	426.122	6.94239
Gorai.012G112100.1.A	2263	2157.5	4.68085	0.0860514
Gorai.012G112100.1.D	2263	2157.5	50.3191	0.925053
Gorai.012G112200.1.A	1331	1225.5	28	0.906208
Gorai.012G112200.1.D	1331	1225.5	0	0
Gorai.012G112300.1.A	587	481.551	0	0
Gorai.012G112300.1.D	587	481.551	0	0
Gorai.012G112400.1.A	876	770.505	41	2.11054
Gorai.012G112400.1.D	876	770.505	0	0
Gorai.012G112500.1.A	406	300.583	3	0.39586
Gorai.012G112500.1.D	406	300.583	3	0.39586
Gorai.012G112600.1.A	408	302.583	32	4.1946
Gorai.012G112600.1.D	408	302.583	0	0
Gorai.012G112700.1.A	813	707.505	16	0.896965
Gorai.012G112700.1.D	813	707.505	0	0
Gorai.012G112800.1.A	1879	1773.5	32.8295	0.734205
Gorai.012G112800.1.D	1879	1773.5	74.1705	1.65876
Gorai.012G112900.1.A	2682	2576.5	421.591	6.49001
Gorai.012G112900.1.D	2682	2576.5	53.4091	0.822184
Gorai.012G113000.1.A	1565	1459.5	9	0.244581
Gorai.012G113000.1.D	1565	1459.5	4	0.108702
Gorai.012G113100.1.A	2285	2179.5	38.1333	0.693956
Gorai.012G113100.1.D	2285	2179.5	13.8667	0.252348
Gorai.012G113200.1.A	2387	2281.5	134.691	2.34155
Gorai.012G113200.1.D	2387	2281.5	7.30882	0.127061
Gorai.012G113300.1.A	1480	1374.5	91.8359	2.65003
Gorai.012G113300.1.D	1480	1374.5	439.164	12.6726
Gorai.012G113400.1.A	2166	2060.5	36.3721	0.700131
Gorai.012G113400.1.D	2166	2060.5	55.6279	1.07079
Gorai.012G113500.1.A	1894	1788.5	271.67	6.02471
Gorai.012G113500.1.D	1894	1788.5	135.33	3.00116
Gorai.012G113600.1.A	1489	1383.5	1	0.0286685
Gorai.012G113600.1.D	1489	1383.5	4	0.114674
Gorai.012G113700.1.A	324	218.63	0	0
Gorai.012G113700.1.D	324	218.63	0	0
Gorai.012G113800.1.A	783	677.505	0	0
Gorai.012G113800.1.D	783	677.505	3	0.175628
Gorai.012G113900.1.A	438	332.583	1	0.119257
Gorai.012G113900.1.D	438	332.583	0	0
Gorai.012G114000.1.A	1292	1186.5	297.962	9.96038
Gorai.012G114000.1.D	1292	1186.5	205.038	6.8541
Gorai.012G114100.1.A	1726	1620.5	997.661	24.4184
Gorai.012G114100.1.D	1726	1620.5	1087.34	26.6133
Gorai.012G114200.1.A	1591	1485.5	379.93	10.1441
Gorai.012G114200.1.D	1591	1485.5	437.07	11.6698
Gorai.012G114300.1.A	1557	1451.5	80.8108	2.20819
Gorai.012G114300.1.D	1557	1451.5	34.1892	0.934233
Gorai.012G114400.1.A	1543	1437.5	0	0
Gorai.012G114400.1.D	1543	1437.5	7	0.193141
Gorai.012G114500.1.A	1376	1270.5	23.1	0.721142
Gorai.012G114500.1.D	1376	1270.5	20.9	0.652462
Gorai.012G114600.1.A	2410	2304.5	1344.6	23.142
Gorai.012G114600.1.D	2410	2304.5	1071.4	18.4399
Gorai.012G114700.1.A	1546	1440.5	7	0.192738
Gorai.012G114700.1.D	1546	1440.5	2	0.0550681
Gorai.012G114800.1.A	678	572.505	0	0
Gorai.012G114800.1.D	678	572.505	0	0
Gorai.012G114900.1.A	1032	926.505	0	0
Gorai.012G114900.1.D	1032	926.505	0	0
Gorai.012G115000.1.A	2286	2180.5	1773.52	32.26
Gorai.012G115000.1.D	2286	2180.5	1343.48	24.4376
Gorai.012G115100.1.A	3949	3843.5	673.391	6.94904
Gorai.012G115100.1.D	3949	3843.5	1025.61	10.5837
Gorai.012G115200.1.A	1232	1126.5	0	0
Gorai.012G115200.1.D	1232	1126.5	0	0
Gorai.012G115300.1.A	2026	1920.5	307.935	6.35959
Gorai.012G115300.1.D	2026	1920.5	1283.06	26.4983
Gorai.012G115400.1.A	1666	1560.5	3713.9	94.3951
Gorai.012G115400.1.D	1666	1560.5	2086.1	53.022
Gorai.012G115500.1.A	875	769.505	495.956	25.5633
Gorai.012G115500.1.D	875	769.505	343.044	17.6817
Gorai.012G115600.1.A	1665	1559.5	185.12	4.70816
Gorai.012G115600.1.D	1665	1559.5	152.88	3.8882
Gorai.012G115700.1.A	3241	3135.5	392.641	4.96676
Gorai.012G115700.1.D	3241	3135.5	268.145	3.39193
Gorai.012G115800.1.A	935	829.505	6.54272	0.312842
Gorai.012G115800.1.D	935	829.505	0	0
Gorai.012G115900.1.A	2744	2638.5	15.9674	0.240028
Gorai.012G115900.1.D	2744	2638.5	151.259	2.27378
Gorai.012G116000.1.A	1564	1458.5	95.5546	2.59854
Gorai.012G116000.1.D	1564	1458.5	178.445	4.85269
Gorai.012G116100.1.A	2013	1907.5	0	0
Gorai.012G116100.1.D	2013	1907.5	1	0.0207931
Gorai.012G116200.1.A	1422	1316.5	0	0
Gorai.012G116200.1.D	1422	1316.5	2	0.0602549
Gorai.012G116300.1.A	1767	1661.5	12	0.28646
Gorai.012G116300.1.D	1767	1661.5	3	0.0716151
Gorai.012G116400.1.A	411	305.583	0	0
Gorai.012G116400.1.D	411	305.583	0	0
Gorai.012G116500.1.A	531	425.551	0	0
Gorai.012G116500.1.D	531	425.551	0	0
Gorai.012G116600.1.A	1132	1026.5	66	2.55016
Gorai.012G116600.1.D	1132	1026.5	66	2.55016
Gorai.012G116700.1.A	3783	3677.5	1083.86	11.6897
Gorai.012G116700.1.D	3783	3677.5	1351.14	14.5725
Gorai.012G116800.1.A	2289	2183.5	10.5	0.19073
Gorai.012G116800.1.D	2289	2183.5	3.5	0.0635768
Gorai.012G116900.1.A	2622	2516.5	287.948	4.53839
Gorai.012G116900.1.D	2622	2516.5	239.052	3.76772
Gorai.012G117000.1.A	3132	3026.5	7.69881	0.100894
Gorai.012G117000.1.D	3132	3026.5	14.509	0.190144
Gorai.012G117100.1.A	1467	1361.5	8	0.233054
Gorai.012G117100.1.D	1467	1361.5	7	0.203922
Gorai.012G117200.1.A	4160	4054.5	62.9839	0.616136
Gorai.012G117200.1.D	4160	4054.5	29.8083	0.291598
Gorai.012G117300.1.A	516	410.551	0	0
Gorai.012G117300.1.D	516	410.551	0	0
Gorai.012G117400.1.A	1098	992.505	0	0
Gorai.012G117400.1.D	1098	992.505	0	0
Gorai.012G117500.1.A	1127	1021.5	128	4.96998
Gorai.012G117500.1.D	1127	1021.5	118	4.5817
Gorai.012G117600.1.A	1791	1685.5	16.4706	0.387582
Gorai.012G117600.1.D	1791	1685.5	3.52941	0.0830534
Gorai.012G117700.1.A	792	686.505	1.02222	0.0590591
Gorai.012G117700.1.D	792	686.505	44.9778	2.5986
Gorai.012G117800.1.A	1728	1622.5	1	0.0244455
Gorai.012G117800.1.D	1728	1622.5	3	0.0733365
Gorai.012G117900.1.A	3456	3350.5	997.304	11.806
Gorai.012G117900.1.D	3456	3350.5	578.696	6.85054
Gorai.012G118000.1.A	1905	1799.5	71.9265	1.58533
Gorai.012G118000.1.D	1905	1799.5	1.07353	0.0236617
Gorai.012G118100.1.A	1236	1130.5	34.7797	1.22022
Gorai.012G118100.1.D	1236	1130.5	117.22	4.11259
Gorai.012G118200.1.A	966	860.505	417.196	19.2297
Gorai.012G118200.1.D	966	860.505	677.804	31.2418
Gorai.012G118300.1.A	2241	2135.5	88.1875	1.63792
Gorai.012G118300.1.D	2241	2135.5	149.812	2.78248
Gorai.012G118400.1.A	1071	965.505	702.988	28.8787
Gorai.012G118400.1.D	1071	965.505	1913.01	78.5866
Gorai.012G118500.1.A	1821	1715.5	795.833	18.3999
Gorai.012G118500.1.D	1821	1715.5	1257.17	29.0661
Gorai.012G118600.1.A	931	825.505	0	0
Gorai.012G118600.1.D	931	825.505	0	0
Gorai.012G118700.1.A	630	524.505	0	0
Gorai.012G118700.1.D	630	524.505	0	0
Gorai.012G118800.1.A	1727	1621.5	0	0
Gorai.012G118800.1.D	1727	1621.5	28	0.684896
Gorai.012G118900.1.A	531	425.551	0	0
Gorai.012G118900.1.D	531	425.551	0	0
Gorai.012G119000.1.A	1275	1169.5	0	0
Gorai.012G119000.1.D	1275	1169.5	0	0
Gorai.012G119100.1.A	4027	3921.5	11.25	0.113785
Gorai.012G119100.1.D	4027	3921.5	15.75	0.159299
Gorai.012G119200.1.A	3599	3493.5	59.7516	0.67838
Gorai.012G119200.1.D	3599	3493.5	99.2484	1.1268
Gorai.012G119300.1.A	1489	1383.5	33.4554	0.959116
Gorai.012G119300.1.D	1489	1383.5	75.5446	2.16575
Gorai.012G119400.1.A	1662	1556.5	1632.68	41.6041
Gorai.012G119400.1.D	1662	1556.5	1253.32	31.9372
Gorai.012G119500.1.A	1074	968.505	0	0
Gorai.012G119500.1.D	1074	968.505	18	0.73715
Gorai.012G119600.1.A	1966	1860.5	4	0.0852735
Gorai.012G119600.1.D	1966	1860.5	4	0.0852735
Gorai.012G119700.1.A	942	836.505	367.91	17.4445
Gorai.012G119700.1.D	942	836.505	210.09	9.96146
Gorai.012G119800.1.A	3231	3125.5	125.883	1.59747
Gorai.012G119800.1.D	3231	3125.5	106.117	1.34663
Gorai.012G119900.1.A	1670	1564.5	80.0647	2.02978
Gorai.012G119900.1.D	1670	1564.5	128.935	3.26874
Gorai.012G120000.1.A	1657	1551.5	4	0.102257
Gorai.012G120000.1.D	1657	1551.5	0	0
Gorai.012G120100.1.A	1449	1343.5	344.779	10.1786
Gorai.012G120100.1.D	1449	1343.5	927.221	27.3734
Gorai.012G120200.1.A	1525	1419.5	78.913	2.20494
Gorai.012G120200.1.D	1525	1419.5	42.087	1.17597
Gorai.012G120300.1.A	1126	1020.5	16.9912	0.660378
Gorai.012G120300.1.D	1126	1020.5	111.009	4.31447
Gorai.012G120400.1.A	2145	2039.5	461.581	8.97652
Gorai.012G120400.1.D	2145	2039.5	809.419	15.7411
Gorai.012G120500.1.A	3406	3300.5	146.462	1.76007
Gorai.012G120500.1.D	3406	3300.5	78.5377	0.943806
Gorai.012G120600.1.A	359	253.63	0	0
Gorai.012G120600.1.D	359	253.63	0	0
Gorai.012G120700.1.A	1352	1246.5	10	0.318193
Gorai.012G120700.1.D	1352	1246.5	21	0.668206
Gorai.012G120800.1.A	2489	2383.5	26.673	0.443855
Gorai.012G120800.1.D	2489	2383.5	42.1556	0.701495
Gorai.012G120900.1.A	1086	980.505	0	0
Gorai.012G120900.1.D	1086	980.505	29	1.1731
Gorai.012G121000.1.A	1138	1032.5	0	0
Gorai.012G121000.1.D	1138	1032.5	35.6573	1.36975
Gorai.012G121100.1.A	1057	951.505	0	0
Gorai.012G121100.1.D	1057	951.505	57.3427	2.3903
Gorai.012G121200.1.A	2608	2502.5	13.6364	0.216127
Gorai.012G121200.1.D	2608	2502.5	31.3636	0.497092
Gorai.012G121300.1.A	755	649.505	0.543282	0.0331763
Gorai.012G121300.1.D	755	649.505	0.543282	0.0331763
Gorai.012G121400.1.A	1120	1014.5	924.535	36.1455
Gorai.012G121400.1.D	1120	1014.5	704.465	27.5417
Gorai.012G121500.1.A	861	755.505	165.242	8.67498
Gorai.012G121500.1.D	861	755.505	1.75789	0.092287
Gorai.012G121600.1.A	1836	1730.5	14.1333	0.323934
Gorai.012G121600.1.D	1836	1730.5	38.8667	0.890819
Gorai.012G121700.1.A	1774	1668.5	185.436	4.4081
Gorai.012G121700.1.D	1774	1668.5	45.5642	1.08313
Gorai.012G121800.1.A	2300	2194.5	10910.3	197.19
Gorai.012G121800.1.D	2300	2194.5	8858.72	160.11
Gorai.012G121900.1.A	5485	5379.5	539.459	3.97742
Gorai.012G121900.1.D	5485	5379.5	389.541	2.87208
Gorai.012G122000.1.A	882	776.505	0	0
Gorai.012G122000.1.D	882	776.505	1	0.0510788
Gorai.012G122100.1.A	822	716.505	199	11.0159
Gorai.012G122100.1.D	822	716.505	0	0
Gorai.012G122200.1.A	1470	1364.5	112.919	3.28228
Gorai.012G122200.1.D	1470	1364.5	90.0812	2.61845
Gorai.012G122300.1.A	324	218.63	0	0
Gorai.012G122300.1.D	324	218.63	0	0
Gorai.012G122400.1.A	315	209.649	0	0
Gorai.012G122400.1.D	315	209.649	0	0
Gorai.012G122500.1.A	618	512.505	5.64817	0.437114
Gorai.012G122500.1.D	618	512.505	5.64817	0.437114
Gorai.012G122600.1.A	1617	1511.5	0	0
Gorai.012G122600.1.D	1617	1511.5	2	0.0524814
Gorai.012G122700.1.A	2071	1965.5	0	0
Gorai.012G122700.1.D	2071	1965.5	3	0.0605386
Gorai.012G122800.1.A	816	710.505	0	0
Gorai.012G122800.1.D	816	710.505	0	0
Gorai.012G122900.1.A	1374	1268.5	552.487	17.2749
Gorai.012G122900.1.D	1374	1268.5	686.513	21.4655
Gorai.012G123000.1.A	755	649.505	11.1176	0.678915
Gorai.012G123000.1.D	755	649.505	15.8824	0.969879
Gorai.012G123100.1.A	1838	1732.5	89.2814	2.04396
Gorai.012G123100.1.D	1838	1732.5	123.719	2.83234
Gorai.012G123200.1.A	2295	2189.5	491.364	8.90108
Gorai.012G123200.1.D	2295	2189.5	799.366	14.4805
Gorai.012G123300.1.A	477	371.551	18	1.92149
Gorai.012G123300.1.D	477	371.551	8	0.853996
Gorai.012G123400.1.A	1685	1579.5	0	0
Gorai.012G123400.1.D	1685	1579.5	0	0
Gorai.012G123500.1.A	1213	1107.5	153.592	5.50057
Gorai.012G123500.1.D	1213	1107.5	79.4081	2.84383
Gorai.012G123600.1.A	1713	1607.5	376.668	9.29376
Gorai.012G123600.1.D	1713	1607.5	620.332	15.3058
Gorai.012G123700.1.A	2206	2100.5	4632.63	87.4759
Gorai.012G123700.1.D	2206	2100.5	10263.4	193.8
Gorai.012G123800.1.A	2267	2161.5	5502.77	100.974
Gorai.012G123800.1.D	2267	2161.5	7196.15	132.047
Gorai.012G123900.1.A	1884	1778.5	206.623	4.60796
Gorai.012G123900.1.D	1884	1778.5	24.3769	0.543636
Gorai.012G124000.1.A	2521	2415.5	7.06542	0.116015
Gorai.012G124000.1.D	2521	2415.5	100.935	1.65736
Gorai.012G124100.1.A	1210	1104.5	0	0
Gorai.012G124100.1.D	1210	1104.5	0	0
Gorai.012G124200.1.A	621	515.505	0	0
Gorai.012G124200.1.D	621	515.505	0	0
Gorai.012G124300.1.A	729	623.505	0	0
Gorai.012G124300.1.D	729	623.505	0	0
Gorai.012G124400.1.A	2075	1969.5	181.951	3.66423
Gorai.012G124400.1.D	2075	1969.5	191.049	3.84744
Gorai.012G124500.1.A	381	275.583	0	0
Gorai.012G124500.1.D	381	275.583	0	0
Gorai.012G124600.1.A	1854	1748.5	3	0.0680518
Gorai.012G124600.1.D	1854	1748.5	1	0.0226839
Gorai.012G124700.1.A	1499	1393.5	31443.9	894.978
Gorai.012G124700.1.D	1499	1393.5	12061.1	343.293
Gorai.012G124800.1.A	762	656.505	0	0
Gorai.012G124800.1.D	762	656.505	3	0.181246
Gorai.012G124900.1.A	2635	2529.5	30.3333	0.47563
Gorai.012G124900.1.D	2635	2529.5	25.6667	0.402456
Gorai.012G125000.1.A	1302	1196.5	9.81818	0.325463
Gorai.012G125000.1.D	1302	1196.5	2.18182	0.0723251
Gorai.012G125100.1.A	1123	1017.5	0	0
Gorai.012G125100.1.D	1123	1017.5	4	0.155922
Gorai.012G125200.1.A	5225	5119.5	234.059	1.81335
Gorai.012G125200.1.D	5225	5119.5	208.941	1.61875
Gorai.012G125300.1.A	1547	1441.5	0	0
Gorai.012G125300.1.D	1547	1441.5	11	0.302665
Gorai.012G125400.1.A	799	693.505	207.864	11.8882
Gorai.012G125400.1.D	799	693.505	257.136	14.7061
Gorai.012G125500.1.A	1345	1239.5	105.796	3.38537
Gorai.012G125500.1.D	1345	1239.5	164.204	5.25437
Gorai.012G125600.1.A	739	633.505	1.55892	0.0976022
Gorai.012G125600.1.D	739	633.505	1.55892	0.0976022
Gorai.012G125700.1.A	786	680.505	0	0
Gorai.012G125700.1.D	786	680.505	0	0
Gorai.012G125800.1.A	2889	2783.5	1062.98	15.1467
Gorai.012G125800.1.D	2889	2783.5	1615.02	23.0128
Gorai.012G125900.1.A	1865	1759.5	6137.13	138.344
Gorai.012G125900.1.D	1865	1759.5	4931.87	111.175
Gorai.012G126000.1.A	2053	1947.5	80.2752	1.63489
Gorai.012G126000.1.D	2053	1947.5	44.7248	0.910866
Gorai.012G126100.1.A	1412	1306.5	481.886	14.6291
Gorai.012G126100.1.D	1412	1306.5	326.114	9.90018
Gorai.012G126200.1.A	1631	1525.5	85	2.20999
Gorai.012G126200.1.D	1631	1525.5	0	0
Gorai.012G126300.1.A	2082	1976.5	305.571	6.13197
Gorai.012G126300.1.D	2082	1976.5	200.429	4.02204
Gorai.012G126400.1.A	964	858.505	7.82353	0.361447
Gorai.012G126400.1.D	964	858.505	11.1765	0.516353
Gorai.012G126500.1.A	669	563.505	0	0
Gorai.012G126500.1.D	669	563.505	0	0
Gorai.012G126600.1.A	1818	1712.5	2.4	0.0555859
Gorai.012G126600.1.D	1818	1712.5	3.6	0.0833788
Gorai.012G126700.1.A	364	258.583	12.5	1.91732
Gorai.012G126700.1.D	364	258.583	12.5	1.91732
Gorai.012G126800.1.A	915	809.505	301.714	14.7829
Gorai.012G126800.1.D	915	809.505	870.286	42.641
Gorai.012G126900.1.A	1647	1541.5	19	0.48887
Gorai.012G126900.1.D	1647	1541.5	0	0
Gorai.012G127000.1.A	2676	2570.5	0	0
Gorai.012G127000.1.D	2676	2570.5	0	0
Gorai.012G127100.1.A	615	509.505	0	0
Gorai.012G127100.1.D	615	509.505	0	0
Gorai.012G127200.1.A	766	660.505	5	0.300247
Gorai.012G127200.1.D	766	660.505	0	0
Gorai.012G127300.1.A	153	54.6492	4.5	3.26598
Gorai.012G127300.1.D	153	54.6492	4.5	3.26598
Gorai.012G127400.1.A	381	275.583	0	0
Gorai.012G127400.1.D	381	275.583	0	0
Gorai.012G127500.1.A	1773	1667.5	8.17821	0.194525
Gorai.012G127500.1.D	1773	1667.5	24.5346	0.583576
Gorai.012G127600.1.A	1194	1088.5	12.2872	0.44772
Gorai.012G127600.1.D	1194	1088.5	0	0
Gorai.012G127700.1.A	1383	1277.5	51.75	1.60669
Gorai.012G127700.1.D	1383	1277.5	2.25	0.0698562
Gorai.012G127800.1.A	395	289.583	9	1.23269
Gorai.012G127800.1.D	395	289.583	0	0
Gorai.012G127900.1.A	1120	1014.5	0	0
Gorai.012G127900.1.D	1120	1014.5	0	0
Gorai.012G128000.1.A	2261	2155.5	5.83333	0.107338
Gorai.012G128000.1.D	2261	2155.5	8.16667	0.150273
Gorai.012G128100.1.A	3073	2967.5	1530.17	20.4519
Gorai.012G128100.1.D	3073	2967.5	927.831	12.4012
Gorai.012G128200.1.A	1378	1272.5	0	0
Gorai.012G128200.1.D	1378	1272.5	0	0
Gorai.012G128300.1.A	1300	1194.5	39.9512	1.32656
Gorai.012G128300.1.D	1300	1194.5	2.04878	0.0680288
Gorai.012G128400.1.A	1770	1664.5	70.4542	1.67883
Gorai.012G128400.1.D	1770	1664.5	222.546	5.30297
Gorai.012G128500.1.A	678	572.505	0.0232102	0.001608
Gorai.012G128500.1.D	678	572.505	0.0232102	0.001608
Gorai.012G128600.1.A	731	625.505	0	0
Gorai.012G128600.1.D	731	625.505	0	0
Gorai.012G128700.1.A	4763	4657.5	6108.65	52.0208
Gorai.012G128700.1.D	4763	4657.5	143.463	1.22172
Gorai.012G128800.1.A	2215	2109.5	413.503	7.77469
Gorai.012G128800.1.D	2215	2109.5	365.497	6.87208
Gorai.012G128900.1.A	747	641.505	125.686	7.77089
Gorai.012G128900.1.D	747	641.505	40.3143	2.49255
Gorai.012G129000.1.A	1074	968.505	15.7111	0.643413
Gorai.012G129000.1.D	1074	968.505	85.2889	3.49282
Gorai.012G129100.1.A	1005	899.505	13.5	0.595272
Gorai.012G129100.1.D	1005	899.505	67.5	2.97636
Gorai.012G129200.1.A	1006	900.505	278.617	12.2718
Gorai.012G129200.1.D	1006	900.505	497.383	21.9074
Gorai.012G129300.1.A	1470	1364.5	22.898	0.66559
Gorai.012G129300.1.D	1470	1364.5	28.102	0.81686
Gorai.012G129400.1.A	2674	2568.5	154.826	2.39083
Gorai.012G129400.1.D	2674	2568.5	300.174	4.63529
Gorai.012G129500.1.A	396	290.583	0	0
Gorai.012G129500.1.D	396	290.583	0	0
Gorai.012G129600.1.A	1616	1510.5	0	0
Gorai.012G129600.1.D	1616	1510.5	64.0961	1.68304
Gorai.012G129700.1.A	744	638.505	0	0
Gorai.012G129700.1.D	744	638.505	0	0
Gorai.012G129800.1.A	1968	1862.5	214.873	4.57583
Gorai.012G129800.1.D	1968	1862.5	119.127	2.53686
Gorai.012G129900.1.A	297	191.687	0	0
Gorai.012G129900.1.D	297	191.687	0	0
Gorai.012G130000.1.A	733	627.505	0	0
Gorai.012G130000.1.D	733	627.505	0	0
Gorai.012G130100.1.A	298	192.687	0	0
Gorai.012G130100.1.D	298	192.687	0	0
Gorai.012G130200.1.A	588	482.551	0	0
Gorai.012G130200.1.D	588	482.551	0	0
Gorai.012G130300.1.A	1464	1358.5	2341.17	68.3528
Gorai.012G130300.1.D	1464	1358.5	2606.74	76.1064
Gorai.012G130400.1.A	2387	2281.5	39.7091	0.690325
Gorai.012G130400.1.D	2387	2281.5	16.2909	0.28321
Gorai.012G130500.1.A	2063	1957.5	112.119	2.27174
Gorai.012G130500.1.D	2063	1957.5	59.8815	1.21332
Gorai.012G130600.1.A	1643	1537.5	0	0
Gorai.012G130600.1.D	1643	1537.5	0	0
Gorai.012G130700.1.A	2234	2128.5	8.18182	0.152461
Gorai.012G130700.1.D	2234	2128.5	6.81818	0.127051
Gorai.012G130800.1.A	2323	2217.5	967.582	17.3065
Gorai.012G130800.1.D	2323	2217.5	930.418	16.6417
Gorai.012G130900.1.A	827	721.505	40.6903	2.23685
Gorai.012G130900.1.D	827	721.505	80.3097	4.41483
Gorai.012G131000.1.A	1209	1103.5	4.33333	0.155752
Gorai.012G131000.1.D	1209	1103.5	8.66667	0.311503
Gorai.012G131100.1.A	3588	3482.5	82.338	0.937764
Gorai.012G131100.1.D	3588	3482.5	65.662	0.747837
Gorai.012G131200.1.A	541	435.551	676.297	61.5862
Gorai.012G131200.1.D	541	435.551	805.703	73.3703
Gorai.012G131300.1.A	812	706.505	0	0
Gorai.012G131300.1.D	812	706.505	0	0
Gorai.012G131400.1.A	2429	2323.5	545.473	9.31139
Gorai.012G131400.1.D	2429	2323.5	127.527	2.17693
Gorai.012G131500.1.A	1337	1231.5	4	0.128828
Gorai.012G131500.1.D	1337	1231.5	16	0.51531
Gorai.012G131600.1.A	876	770.505	0	0
Gorai.012G131600.1.D	876	770.505	14	0.720672
Gorai.012G131700.1.A	2522	2416.5	243.32	3.9937
Gorai.012G131700.1.D	2522	2416.5	154.076	2.5289
Gorai.012G131800.1.A	1779	1673.5	42.6398	1.01058
Gorai.012G131800.1.D	1779	1673.5	56.9641	1.35008
Gorai.012G131900.1.A	642	536.505	0	0
Gorai.012G131900.1.D	642	536.505	0	0
Gorai.012G132000.1.A	621	515.505	0	0
Gorai.012G132000.1.D	621	515.505	0	0
Gorai.012G132100.1.A	1515	1409.5	359.016	10.1026
Gorai.012G132100.1.D	1515	1409.5	261.984	7.37214
Gorai.012G132200.1.A	922	816.505	0	0
Gorai.012G132200.1.D	922	816.505	0	0
Gorai.012G132300.1.A	1354	1248.5	0	0
Gorai.012G132300.1.D	1354	1248.5	0	0
Gorai.012G132400.1.A	853	747.505	0	0
Gorai.012G132400.1.D	853	747.505	0	0
Gorai.012G132500.1.A	792	686.505	0	0
Gorai.012G132500.1.D	792	686.505	1	0.0577752
Gorai.012G132600.1.A	354	248.63	1	0.159526
Gorai.012G132600.1.D	354	248.63	0	0
Gorai.012G132700.1.A	2130	2024.5	1	0.0195914
Gorai.012G132700.1.D	2130	2024.5	0	0
Gorai.012G132800.1.A	2227	2121.5	0	0
Gorai.012G132800.1.D	2227	2121.5	0	0
Gorai.012G132900.1.A	1729	1623.5	0	0
Gorai.012G132900.1.D	1729	1623.5	0	0
Gorai.012G133000.1.A	668	562.505	0	0
Gorai.012G133000.1.D	668	562.505	0	0
Gorai.012G133100.1.A	1498	1392.5	11	0.313315
Gorai.012G133100.1.D	1498	1392.5	12	0.341798
Gorai.012G133200.1.A	348	242.63	0	0
Gorai.012G133200.1.D	348	242.63	0	0
Gorai.012G133300.1.A	979	873.505	438.503	19.9109
Gorai.012G133300.1.D	979	873.505	381.497	17.3225
Gorai.012G133400.1.A	1492	1386.5	3568.06	102.07
Gorai.012G133400.1.D	1492	1386.5	1589.94	45.4824
Gorai.012G133500.1.A	2329	2223.5	283.253	5.05268
Gorai.012G133500.1.D	2329	2223.5	423.747	7.55881
Gorai.012G133600.1.A	722	616.505	534.656	34.3972
Gorai.012G133600.1.D	722	616.505	450.344	28.973
Gorai.012G133700.1.A	2045	1939.5	0	0
Gorai.012G133700.1.D	2045	1939.5	4	0.0818001
Gorai.012G133800.1.A	1769	1663.5	5	0.119215
Gorai.012G133800.1.D	1769	1663.5	6	0.143058
Gorai.012G133900.1.A	1293	1187.5	1	0.0334002
Gorai.012G133900.1.D	1293	1187.5	0	0
Gorai.012G134000.1.A	1218	1112.5	183.927	6.55735
Gorai.012G134000.1.D	1218	1112.5	0.000565012	2.01438e-05
Gorai.012G134100.1.A	1578	1472.5	11.0714	0.298217
Gorai.012G134100.1.D	1578	1472.5	19.9286	0.53679
Gorai.012G134200.1.A	992	886.505	136.058	6.08733
Gorai.012G134200.1.D	992	886.505	146.942	6.57432
Gorai.012G134300.1.A	1571	1465.5	1	0.0270644
Gorai.012G134300.1.D	1571	1465.5	21	0.568351
Gorai.012G134400.1.A	938	832.505	1121.99	53.4551
Gorai.012G134400.1.D	938	832.505	947.594	45.1461
Gorai.012G134500.1.A	2210	2104.5	0	0
Gorai.012G134500.1.D	2210	2104.5	5	0.0942334
Gorai.012G134600.1.A	2409	2303.5	10	0.172185
Gorai.012G134600.1.D	2409	2303.5	6	0.103311
Gorai.012G134700.1.A	1749	1643.5	0	0
Gorai.012G134700.1.D	1749	1643.5	424	10.2325
Gorai.012G134800.1.A	1033	927.505	42.0923	1.8
Gorai.012G134800.1.D	1033	927.505	33.9077	1.45
Gorai.012G134900.1.A	2344	2238.5	2264.14	40.1171
Gorai.012G134900.1.D	2344	2238.5	3134.86	55.545
Gorai.012G135000.1.A	911	805.505	5.71429	0.281371
Gorai.012G135000.1.D	911	805.505	2.28571	0.112548
Gorai.012G135100.1.A	452	346.551	0	0
Gorai.012G135100.1.D	452	346.551	0	0
Gorai.012G135200.1.A	943	837.505	1.20214	0.0569317
Gorai.012G135200.1.D	943	837.505	783.798	37.1195
Gorai.012G135300.1.A	1336	1230.5	216.578	6.98098
Gorai.012G135300.1.D	1336	1230.5	318.422	10.2637
Gorai.012G135400.1.A	1853	1747.5	97.5868	2.21492
Gorai.012G135400.1.D	1853	1747.5	66.4132	1.50737
Gorai.012G135500.1.A	1971	1865.5	55.102	1.17154
Gorai.012G135500.1.D	1971	1865.5	52.898	1.12468
Gorai.012G135600.1.A	1880	1774.5	134.056	2.99636
Gorai.012G135600.1.D	1880	1774.5	59.9438	1.33984
Gorai.012G135700.1.A	1459	1353.5	186.465	5.46416
Gorai.012G135700.1.D	1459	1353.5	322.535	9.45152
Gorai.012G135800.1.A	1861	1755.5	193.139	4.36368
Gorai.012G135800.1.D	1861	1755.5	215.861	4.87705
Gorai.012G135900.1.A	1503	1397.5	2	0.0567625
Gorai.012G135900.1.D	1503	1397.5	4	0.113525
Gorai.012G136000.1.A	3738	3632.5	150.528	1.6436
Gorai.012G136000.1.D	3738	3632.5	143.472	1.56656
Gorai.012G136100.1.A	1770	1664.5	5.81818	0.13864
Gorai.012G136100.1.D	1770	1664.5	10.1818	0.242619
Gorai.012G136200.1.A	186	83.2836	0	0
Gorai.012G136200.1.D	186	83.2836	0	0
Gorai.012G136300.1.A	2830	2724.5	712.465	10.372
Gorai.012G136300.1.D	2830	2724.5	572.535	8.33489
Gorai.012G136400.1.A	1565	1459.5	410.205	11.1476
Gorai.012G136400.1.D	1565	1459.5	722.21	19.6265
Gorai.012G136500.1.A	2783	2677.5	147.329	2.18244
Gorai.012G136500.1.D	2783	2677.5	195.671	2.89855
Gorai.012G136600.1.A	772	666.505	89.6752	5.33647
Gorai.012G136600.1.D	772	666.505	32.3248	1.92361
Gorai.012G136700.1.A	967	861.505	139.301	6.41329
Gorai.012G136700.1.D	967	861.505	358.699	16.5142
Gorai.012G136800.1.A	1601	1495.5	21.1452	0.5608
Gorai.012G136800.1.D	1601	1495.5	47.8548	1.26918
Gorai.012G136900.1.A	2179	2073.5	63.1471	1.20791
Gorai.012G136900.1.D	2179	2073.5	49.8529	0.95361
Gorai.012G137000.1.A	2994	2888.5	319.935	4.39313
Gorai.012G137000.1.D	2994	2888.5	81.0647	1.11312
Gorai.012G137100.1.A	721	615.505	0	0
Gorai.012G137100.1.D	721	615.505	0	0
Gorai.012G137200.1.A	1423	1317.5	632.835	19.0512
Gorai.012G137200.1.D	1423	1317.5	486.165	14.6358
Gorai.012G137300.1.A	1497	1391.5	750.911	21.4037
Gorai.012G137300.1.D	1497	1391.5	1113.09	31.7271
Gorai.012G137400.1.A	1382	1276.5	0	0
Gorai.012G137400.1.D	1382	1276.5	89	2.76537
Gorai.012G137500.1.A	738	632.505	0	0
Gorai.012G137500.1.D	738	632.505	0	0
Gorai.012G137600.1.A	2227	2121.5	91.125	1.70364
Gorai.012G137600.1.D	2227	2121.5	151.875	2.8394
Gorai.012G137700.1.A	2085	1979.5	406.028	8.13551
Gorai.012G137700.1.D	2085	1979.5	359.972	7.21268
Gorai.012G137800.1.A	3522	3416.5	0	0
Gorai.012G137800.1.D	3522	3416.5	0	0
Gorai.012G137900.1.A	120	31.5087	0	0
Gorai.012G137900.1.D	120	31.5087	0	0
Gorai.012G138000.1.A	1397	1291.5	5	0.153553
Gorai.012G138000.1.D	1397	1291.5	6	0.184264
Gorai.012G138100.1.A	2253	2147.5	53.6277	0.990468
Gorai.012G138100.1.D	2253	2147.5	152.541	2.81733
Gorai.012G138200.1.A	5503	5397.5	800.35	5.88128
Gorai.012G138200.1.D	5503	5397.5	765.65	5.62629
Gorai.012G138300.1.A	937	831.505	2	0.0954004
Gorai.012G138300.1.D	937	831.505	2	0.0954004
Gorai.012G138400.1.A	918	812.505	17.371	0.847977
Gorai.012G138400.1.D	918	812.505	10.8272	0.528537
Gorai.012G138500.1.A	1818	1712.5	330.689	7.65901
Gorai.012G138500.1.D	1818	1712.5	345.311	7.99767
Gorai.012G138600.1.A	2002	1896.5	21.5385	0.450449
Gorai.012G138600.1.D	2002	1896.5	20.4615	0.427927
Gorai.012G138700.1.A	1307	1201.5	18.4211	0.608098
Gorai.012G138700.1.D	1307	1201.5	6.57895	0.217178
Gorai.012G138800.1.A	1743	1637.5	371.87	9.00727
Gorai.012G138800.1.D	1743	1637.5	373.13	9.0378
Gorai.012G138900.1.A	2248	2142.5	112.926	2.09054
Gorai.012G138900.1.D	2248	2142.5	431.074	7.98022
Gorai.012G139000.1.A	2837	2731.5	972.605	14.1228
Gorai.012G139000.1.D	2837	2731.5	1981.39	28.7709
Gorai.012G139100.1.A	2332	2226.5	141.138	2.51423
Gorai.012G139100.1.D	2332	2226.5	135.862	2.42024
Gorai.012G139200.1.A	1947	1841.5	270.599	5.82825
Gorai.012G139200.1.D	1947	1841.5	2324.4	50.0637
Gorai.012G139300.1.A	982	876.505	1	0.0452513
Gorai.012G139300.1.D	982	876.505	3	0.135754
Gorai.012G139400.1.A	1250	1144.5	6.75	0.233922
Gorai.012G139400.1.D	1250	1144.5	236.25	8.18727
Gorai.012G139500.1.A	1165	1059.5	0	0
Gorai.012G139500.1.D	1165	1059.5	5	0.187177
Gorai.012G139600.1.A	953	847.505	0	0
Gorai.012G139600.1.D	953	847.505	0	0
Gorai.012G139700.1.A	1066	960.505	53.0256	2.18963
Gorai.012G139700.1.D	1066	960.505	40.9744	1.69199
Gorai.012G139800.1.A	1010	904.505	0	0
Gorai.012G139800.1.D	1010	904.505	0	0
Gorai.012G139900.1.A	436	330.583	0	0
Gorai.012G139900.1.D	436	330.583	0	0
Gorai.012G140000.1.A	1030	924.505	0	0
Gorai.012G140000.1.D	1030	924.505	0	0
Gorai.012G140100.1.A	938	832.505	0	0
Gorai.012G140100.1.D	938	832.505	0	0
Gorai.012G140200.1.A	1957	1851.5	20	0.42844
Gorai.012G140200.1.D	1957	1851.5	6	0.128532
Gorai.012G140300.1.A	2375	2269.5	64	1.11849
Gorai.012G140300.1.D	2375	2269.5	0	0
Gorai.012G140400.1.A	2120	2014.5	1.75798	0.0346122
Gorai.012G140400.1.D	2120	2014.5	9.39176	0.184911
Gorai.012G140500.1.A	618	512.505	0	0
Gorai.012G140500.1.D	618	512.505	17.6935	1.36931
Gorai.012G140600.1.A	210	105.986	1.5	0.561343
Gorai.012G140600.1.D	210	105.986	1.5	0.561343
Gorai.012G140700.1.A	1236	1130.5	2.09345	0.073447
Gorai.012G140700.1.D	1236	1130.5	2.09345	0.073447
Gorai.012G140800.1.A	1011	905.505	0	0
Gorai.012G140800.1.D	1011	905.505	0	0
Gorai.012G140900.1.A	2360	2254.5	64.689	1.13806
Gorai.012G140900.1.D	2360	2254.5	57.1589	1.00558
Gorai.012G141000.1.A	2083	1977.5	201.417	4.03984
Gorai.012G141000.1.D	2083	1977.5	2	0.0401141
Gorai.012G141100.1.A	1078	972.505	23.2453	0.948043
Gorai.012G141100.1.D	1078	972.505	32.7547	1.33588
Gorai.012G141200.1.A	1056	950.505	0	0
Gorai.012G141200.1.D	1056	950.505	0	0
Gorai.012G141300.1.A	1285	1179.5	0	0
Gorai.012G141300.1.D	1285	1179.5	3	0.10088
Gorai.012G141400.1.A	438	332.583	43	5.12806
Gorai.012G141400.1.D	438	332.583	43	5.12806
Gorai.012G141500.1.A	1202	1096.5	0	0
Gorai.012G141500.1.D	1202	1096.5	0	0
Gorai.012G141600.1.A	784	678.505	223.323	13.0546
Gorai.012G141600.1.D	784	678.505	449.677	26.2865
Gorai.012G141700.1.A	1205	1099.5	383.76	13.8435
Gorai.012G141700.1.D	1205	1099.5	258.24	9.31563
Gorai.012G141800.1.A	2830	2724.5	167.921	2.44457
Gorai.012G141800.1.D	2830	2724.5	150.079	2.18483
Gorai.012G141900.1.A	960	854.505	159.467	7.40185
Gorai.012G141900.1.D	960	854.505	48.5333	2.25274
Gorai.012G142000.1.A	3252	3146.5	397.028	5.00469
Gorai.012G142000.1.D	3252	3146.5	1090.97	13.7521
Gorai.012G142100.1.A	1184	1078.5	236.918	8.71287
Gorai.012G142100.1.D	1184	1078.5	116.468	4.2832
Gorai.012G142200.1.A	2469	2363.5	7.06472	0.118556
Gorai.012G142200.1.D	2469	2363.5	4.54932	0.0763439
Gorai.012G142300.1.A	1733	1627.5	498.935	12.1592
Gorai.012G142300.1.D	1733	1627.5	309.065	7.53204
Gorai.012G142400.1.A	1275	1169.5	7	0.2374
Gorai.012G142400.1.D	1275	1169.5	13	0.440886
Gorai.012G142500.1.A	1452	1346.5	84.3757	2.48539
Gorai.012G142500.1.D	1452	1346.5	99.6243	2.93456
Gorai.012G142600.1.A	1366	1260.5	1029.08	32.3808
Gorai.012G142600.1.D	1366	1260.5	2050.92	64.5342
Gorai.012G142700.1.A	1733	1627.5	110.319	2.68852
Gorai.012G142700.1.D	1733	1627.5	11.6809	0.284667
Gorai.012G142800.1.A	1167	1061.5	4218.72	157.632
Gorai.012G142800.1.D	1167	1061.5	6690.28	249.981
Gorai.012G142900.1.A	1328	1222.5	2451.54	79.5377
Gorai.012G142900.1.D	1328	1222.5	3841.46	124.632
Gorai.012G143000.1.A	2136	2030.5	675.306	13.1911
Gorai.012G143000.1.D	2136	2030.5	367.694	7.18236
Gorai.012G143100.1.A	1528	1422.5	77.2166	2.15299
Gorai.012G143100.1.D	1528	1422.5	215.783	6.01657
Gorai.012G143200.1.A	1706	1600.5	143.161	3.54775
Gorai.012G143200.1.D	1706	1600.5	121.839	3.01936
Gorai.012G143300.1.A	1131	1025.5	0	0
Gorai.012G143300.1.D	1131	1025.5	0	0
Gorai.012G143400.1.A	768	662.505	0	0
Gorai.012G143400.1.D	768	662.505	0	0
Gorai.012G143500.1.A	1332	1226.5	0	0
Gorai.012G143500.1.D	1332	1226.5	0	0
Gorai.012G143600.1.A	343	237.63	0	0
Gorai.012G143600.1.D	343	237.63	0	0
Gorai.012G143700.1.A	3214	3108.5	138.375	1.76559
Gorai.012G143700.1.D	3214	3108.5	140.625	1.7943
Gorai.012G143800.1.A	1473	1367.5	6.75	0.195776
Gorai.012G143800.1.D	1473	1367.5	2.25	0.0652587
Gorai.012G143900.1.A	3134	3028.5	40.9195	0.535904
Gorai.012G143900.1.D	3134	3028.5	48.0805	0.629688
Gorai.012G144000.1.A	2785	2679.5	257.543	3.81224
Gorai.012G144000.1.D	2785	2679.5	367.457	5.43922
Gorai.012G144100.1.A	1983	1877.5	4.64614	0.0981512
Gorai.012G144100.1.D	1983	1877.5	7.99306	0.168856
Gorai.012G144200.1.A	2169	2063.5	0	0
Gorai.012G144200.1.D	2169	2063.5	0	0
Gorai.012G144300.1.A	1873	1767.5	0	0
Gorai.012G144300.1.D	1873	1767.5	46.528	1.04409
Gorai.012G144400.1.A	2223	2117.5	2	0.037462
Gorai.012G144400.1.D	2223	2117.5	0	0
Gorai.012G144500.1.A	1923	1817.5	0	0
Gorai.012G144500.1.D	1923	1817.5	36.0917	0.78762
Gorai.012G144600.1.A	2160	2054.5	0	0
Gorai.012G144600.1.D	2160	2054.5	0	0
Gorai.012G144700.1.A	927	821.505	20.0986	0.970378
Gorai.012G144700.1.D	927	821.505	20.0986	0.970378
Gorai.012G144800.1.A	2346	2240.5	61.0235	1.08028
Gorai.012G144800.1.D	2346	2240.5	8.71764	0.154326
Gorai.012G144900.1.A	2402	2296.5	27.0724	0.467567
Gorai.012G144900.1.D	2402	2296.5	143.113	2.4717
Gorai.012G145000.1.A	1878	1772.5	0	0
Gorai.012G145000.1.D	1878	1772.5	25.9618	0.580942
Gorai.012G145100.1.A	1950	1844.5	19.0529	0.4097
Gorai.012G145100.1.D	1950	1844.5	2518.8	54.1625
Gorai.012G145200.1.A	1263	1157.5	1.99051	0.0682066
Gorai.012G145200.1.D	1263	1157.5	4.01202	0.137476
Gorai.012G145300.1.A	1246	1140.5	42	1.46062
Gorai.012G145300.1.D	1246	1140.5	38	1.32151
Gorai.012G145400.1.A	1578	1472.5	0	0
Gorai.012G145400.1.D	1578	1472.5	8	0.215486
Gorai.012G145500.1.A	2037	1931.5	11.3793	0.233671
Gorai.012G145500.1.D	2037	1931.5	18.6207	0.382371
Gorai.012G145600.1.A	2192	2086.5	957.278	18.1972
Gorai.012G145600.1.D	2192	2086.5	573.722	10.906
Gorai.012G145700.1.A	609	503.551	0	0
Gorai.012G145700.1.D	609	503.551	0	0
Gorai.012G145800.1.A	591	485.551	0	0
Gorai.012G145800.1.D	591	485.551	0	0
Gorai.012G145900.1.A	1300	1194.5	217.149	7.21032
Gorai.012G145900.1.D	1300	1194.5	268.851	8.92707
Gorai.012G146000.1.A	960	854.505	1	0.0464163
Gorai.012G146000.1.D	960	854.505	0	0
Gorai.012G146100.1.A	6712	6606.5	2595.05	15.5797
Gorai.012G146100.1.D	6712	6606.5	2226.46	13.3668
Gorai.012G146200.1.A	2179	2073.5	20.4	0.39022
Gorai.012G146200.1.D	2179	2073.5	13.6	0.260147
Gorai.012G146300.1.A	805	699.505	25.8537	1.46594
Gorai.012G146300.1.D	805	699.505	27.1463	1.53924
Gorai.012G146400.1.A	1688	1582.5	259.321	6.49947
Gorai.012G146400.1.D	1688	1582.5	142.679	3.57601
Gorai.012G146500.1.A	1721	1615.5	2911.51	71.4817
Gorai.012G146500.1.D	1721	1615.5	2487.49	61.0715
Gorai.012G146600.1.A	3134	3028.5	86.5638	1.13369
Gorai.012G146600.1.D	3134	3028.5	82.2543	1.07725
Gorai.012G146700.1.A	2699	2593.5	995.143	15.2189
Gorai.012G146700.1.D	2699	2593.5	945.857	14.4652
Gorai.012G146800.1.A	1325	1219.5	32.1644	1.04611
Gorai.012G146800.1.D	1325	1219.5	40.3641	1.31279
Gorai.012G146900.1.A	1168	1062.5	31.1564	1.16306
Gorai.012G146900.1.D	1168	1062.5	25.3151	0.945005
Gorai.012G147000.1.A	1619	1513.5	143177	3752.11
Gorai.012G147000.1.D	1619	1513.5	144206	3779.07
Gorai.012G147100.1.A	3407	3301.5	456.95	5.48961
Gorai.012G147100.1.D	3407	3301.5	246.05	2.95595
Gorai.012G147200.1.A	219	114.772	0	0
Gorai.012G147200.1.D	219	114.772	0	0
Gorai.012G147300.1.A	2696	2590.5	40.7193	0.623449
Gorai.012G147300.1.D	2696	2590.5	170.281	2.60715
Gorai.012G147400.1.A	1241	1135.5	702.193	24.5275
Gorai.012G147400.1.D	1241	1135.5	5631.81	196.718
Gorai.012G147500.1.A	2720	2614.5	217.645	3.30176
Gorai.012G147500.1.D	2720	2614.5	101.355	1.53758
Gorai.012G147600.1.A	1764	1658.5	0	0
Gorai.012G147600.1.D	1764	1658.5	0	0
Gorai.012G147700.1.A	1537	1431.5	607.541	16.8332
Gorai.012G147700.1.D	1537	1431.5	582.459	16.1383
Gorai.012G147800.1.A	602	496.551	0	0
Gorai.012G147800.1.D	602	496.551	0	0
Gorai.012G147900.1.A	545	439.551	0	0
Gorai.012G147900.1.D	545	439.551	0	0
Gorai.012G148000.1.A	707	601.505	0	0
Gorai.012G148000.1.D	707	601.505	0	0
Gorai.012G148100.1.A	667	561.505	1042.24	73.6207
Gorai.012G148100.1.D	667	561.505	785.758	55.5035
Gorai.012G148200.1.A	1164	1058.5	24.2958	0.91038
Gorai.012G148200.1.D	1164	1058.5	50.7042	1.89992
Gorai.012G148300.1.A	753	647.505	0	0
Gorai.012G148300.1.D	753	647.505	0	0
Gorai.012G148400.1.A	1944	1838.5	4.12903	0.0890776
Gorai.012G148400.1.D	1944	1838.5	59.871	1.29163
Gorai.012G148500.1.A	2198	2092.5	92.2105	1.74783
Gorai.012G148500.1.D	2198	2092.5	345.789	6.55436
Gorai.012G148600.1.A	779	673.505	3071.87	180.903
Gorai.012G148600.1.D	779	673.505	13478.1	793.732
Gorai.012G148700.1.A	1581	1475.5	4	0.107524
Gorai.012G148700.1.D	1581	1475.5	0	0
Gorai.012G148800.1.A	332	226.63	0	0
Gorai.012G148800.1.D	332	226.63	0	0
Gorai.012G148900.1.A	3773	3667.5	134.316	1.45259
Gorai.012G148900.1.D	3773	3667.5	108.684	1.17538
Gorai.012G149000.1.A	1015	909.505	39.3023	1.71395
Gorai.012G149000.1.D	1015	909.505	90.6977	3.95527
Gorai.012G149100.1.A	2079	1973.5	5.8432	0.117435
Gorai.012G149100.1.D	2079	1973.5	389.157	7.82116
Gorai.012G149200.1.A	2390	2284.5	374.849	6.50802
Gorai.012G149200.1.D	2390	2284.5	321.151	5.57574
Gorai.012G149300.1.A	1475	1369.5	19	0.550269
Gorai.012G149300.1.D	1475	1369.5	0	0
Gorai.012G149400.1.A	2280	2174.5	134.444	2.45227
Gorai.012G149400.1.D	2280	2174.5	129.556	2.36309
Gorai.012G149500.1.A	1685	1579.5	6	0.150666
Gorai.012G149500.1.D	1685	1579.5	23	0.577553
Gorai.012G149600.1.A	1440	1334.5	0	0
Gorai.012G149600.1.D	1440	1334.5	7	0.208048
Gorai.012G149700.1.A	840	734.505	718.446	38.7958
Gorai.012G149700.1.D	840	734.505	746.554	40.3136
Gorai.012G149800.1.A	1279	1173.5	1557.7	52.6482
Gorai.012G149800.1.D	1279	1173.5	1220.3	41.2446
Gorai.012G149900.1.A	3037	2931.5	487.462	6.59531
Gorai.012G149900.1.D	3037	2931.5	488.538	6.60987
Gorai.012G150000.1.A	2044	1938.5	152.308	3.1163
Gorai.012G150000.1.D	2044	1938.5	111.692	2.28529
Gorai.012G150100.1.A	2530	2424.5	165.658	2.71003
Gorai.012G150100.1.D	2530	2424.5	151.342	2.47583
Gorai.012G150200.1.A	816	710.505	4	0.223294
Gorai.012G150200.1.D	816	710.505	1	0.0558236
Gorai.012G150300.1.A	3803	3697.5	323.199	3.46694
Gorai.012G150300.1.D	3803	3697.5	419.801	4.50318
Gorai.012G150400.1.A	1213	1107.5	2.05263	0.0735107
Gorai.012G150400.1.D	1213	1107.5	36.9474	1.32319
Gorai.012G150500.1.A	1779	1673.5	326.403	7.73591
Gorai.012G150500.1.D	1779	1673.5	402.597	9.54177
Gorai.012G150600.1.A	469	363.551	0	0
Gorai.012G150600.1.D	469	363.551	3	0.327296
Gorai.012G150700.1.A	1641	1535.5	0	0
Gorai.012G150700.1.D	1641	1535.5	0	0
Gorai.012G150800.1.A	3719	3613.5	221.044	2.42625
Gorai.012G150800.1.D	3719	3613.5	219.956	2.4143
Gorai.012G150900.1.A	1349	1243.5	202.955	6.47346
Gorai.012G150900.1.D	1349	1243.5	220.045	7.01859
Gorai.012G151000.1.A	1766	1660.5	49.8795	1.19143
Gorai.012G151000.1.D	1766	1660.5	40.1205	0.958321
Gorai.012G151100.1.A	394	288.583	0.5	0.0687201
Gorai.012G151100.1.D	394	288.583	0.5	0.0687201
Gorai.012G151200.1.A	518	412.551	0	0
Gorai.012G151200.1.D	518	412.551	1	0.0961406
Gorai.012G151300.1.A	1466	1360.5	2.15385	0.0627913
Gorai.012G151300.1.D	1466	1360.5	25.8462	0.753496
Gorai.012G151400.1.A	2044	1938.5	791.932	16.2034
Gorai.012G151400.1.D	2044	1938.5	477.068	9.76108
Gorai.012G151500.1.A	2548	2442.5	3687.71	59.8834
Gorai.012G151500.1.D	2548	2442.5	1968.55	31.9666
Gorai.012G151600.1.A	2632	2526.5	455.394	7.14911
Gorai.012G151600.1.D	2632	2526.5	252.508	3.96406
Gorai.012G151700.1.A	5586	5480.5	906.818	6.56273
Gorai.012G151700.1.D	5586	5480.5	928.182	6.71735
Gorai.012G151800.1.A	450	344.583	289.981	33.378
Gorai.012G151800.1.D	450	344.583	0	0
Gorai.012G151900.1.A	2471	2365.5	451.633	7.57263
Gorai.012G151900.1.D	2471	2365.5	63.3669	1.06249
Gorai.012G152000.1.A	1396	1290.5	0	0
Gorai.012G152000.1.D	1396	1290.5	13	0.399548
Gorai.012G152100.1.A	1311	1205.5	28	0.921243
Gorai.012G152100.1.D	1311	1205.5	0	0
Gorai.012G152200.1.A	576	470.551	0	0
Gorai.012G152200.1.D	576	470.551	0	0
Gorai.012G152300.1.A	774	668.505	0	0
Gorai.012G152300.1.D	774	668.505	50	2.96654
Gorai.012G152400.1.A	3646	3540.5	184.257	2.06416
Gorai.012G152400.1.D	3646	3540.5	210.743	2.36088
Gorai.012G152500.1.A	936	830.505	20.3425	0.971512
Gorai.012G152500.1.D	936	830.505	20.4227	0.975341
Gorai.012G152600.1.A	699	593.505	0	0
Gorai.012G152600.1.D	699	593.505	0	0
Gorai.012G152700.1.A	552	446.551	39.6502	3.52175
Gorai.012G152700.1.D	552	446.551	91.8681	8.15978
Gorai.012G152800.1.A	810	704.505	0	0
Gorai.012G152800.1.D	810	704.505	0	0
Gorai.012G152900.1.A	810	704.505	0	0
Gorai.012G152900.1.D	810	704.505	0	0
Gorai.012G153000.1.A	1649	1543.5	473.78	12.1746
Gorai.012G153000.1.D	1649	1543.5	742.22	19.0726
Gorai.012G153100.1.A	522	416.551	3	0.285652
Gorai.012G153100.1.D	522	416.551	1	0.0952174
Gorai.012G153200.1.A	909	803.505	3061.83	151.139
Gorai.012G153200.1.D	909	803.505	275.173	13.5832
Gorai.012G153300.1.A	1433	1327.5	47.9403	1.43235
Gorai.012G153300.1.D	1433	1327.5	25.0597	0.748729
Gorai.012G153400.1.A	1497	1391.5	1545.2	44.0438
Gorai.012G153400.1.D	1497	1391.5	1215.85	34.6562
Gorai.012G153500.1.A	2764	2658.5	126.748	1.89099
Gorai.012G153500.1.D	2764	2658.5	208.383	3.10892
Gorai.012G153600.1.A	1461	1355.5	2237.39	65.4674
Gorai.012G153600.1.D	1461	1355.5	2856.61	83.5864
Gorai.012G153700.1.A	327	221.63	0	0
Gorai.012G153700.1.D	327	221.63	0	0
Gorai.012G153800.1.A	345	239.63	0	0
Gorai.012G153800.1.D	345	239.63	0	0
Gorai.012G153900.1.A	1148	1042.5	0	0
Gorai.012G153900.1.D	1148	1042.5	1	0.0380458
Gorai.012G154000.1.A	934	828.505	1754.93	84.0137
Gorai.012G154000.1.D	934	828.505	2237.07	107.095
Gorai.012G154100.1.A	2804	2698.5	314.899	4.62842
Gorai.012G154100.1.D	2804	2698.5	1.10105	0.0161833
Gorai.012G154200.1.A	1512	1406.5	792.753	22.3554
Gorai.012G154200.1.D	1512	1406.5	599.247	16.8985
Gorai.012G154300.1.A	3743	3637.5	2483.26	27.0772
Gorai.012G154300.1.D	3743	3637.5	1479.1	16.1279
Gorai.012G154400.1.A	594	488.551	1	0.0811848
Gorai.012G154400.1.D	594	488.551	0	0
Gorai.012G154500.1.A	4366	4260.5	1307.21	12.1694
Gorai.012G154500.1.D	4366	4260.5	902.785	8.40443
Gorai.012G154600.1.A	1139	1033.5	145.945	5.60094
Gorai.012G154600.1.D	1139	1033.5	163.055	6.2576
Gorai.012G154700.1.A	2247	2141.5	3.04615	0.056418
Gorai.012G154700.1.D	2247	2141.5	62.9538	1.16597
Gorai.012G154800.1.A	938	832.505	0	0
Gorai.012G154800.1.D	938	832.505	0	0
Gorai.012G154900.1.A	1437	1331.5	105.438	3.1408
Gorai.012G154900.1.D	1437	1331.5	170.562	5.08071
Gorai.012G155000.1.A	504	398.551	1128.02	112.258
Gorai.012G155000.1.D	504	398.551	647.98	64.4855
Gorai.012G155100.1.A	2396	2290.5	204.255	3.53694
Gorai.012G155100.1.D	2396	2290.5	115.745	2.00426
Gorai.012G155200.1.A	779	673.505	421.173	24.8031
Gorai.012G155200.1.D	779	673.505	119.827	7.05664
Gorai.012G155300.1.A	540	434.551	0	0
Gorai.012G155300.1.D	540	434.551	0	0
Gorai.012G155400.1.A	634	528.505	0	0
Gorai.012G155400.1.D	634	528.505	0	0
Gorai.012G155500.1.A	1854	1748.5	391.793	8.88739
Gorai.012G155500.1.D	1854	1748.5	629.207	14.2729
Gorai.012G155600.1.A	810	704.505	0	0
Gorai.012G155600.1.D	810	704.505	0	0
Gorai.012G155700.1.A	937	831.505	73.6237	3.51187
Gorai.012G155700.1.D	937	831.505	16.0927	0.767626
Gorai.012G155800.1.A	590	484.551	0	0
Gorai.012G155800.1.D	590	484.551	0	0
Gorai.012G155900.1.A	1683	1577.5	1147.96	28.863
Gorai.012G155900.1.D	1683	1577.5	933.624	23.474
Gorai.012G156000.1.A	1675	1569.5	479.012	12.1051
Gorai.012G156000.1.D	1675	1569.5	902.988	22.8194
Gorai.012G156100.1.A	3926	3820.5	1094.97	11.3676
Gorai.012G156100.1.D	3926	3820.5	892.026	9.26066
Gorai.012G156200.1.A	732	626.505	0	0
Gorai.012G156200.1.D	732	626.505	1	0.0633083
Gorai.012G156300.1.A	219	114.772	0	0
Gorai.012G156300.1.D	219	114.772	0	0
Gorai.012G156400.1.A	1602	1496.5	0	0
Gorai.012G156400.1.D	1602	1496.5	39.945	1.05869
Gorai.012G156500.1.A	1502	1396.5	0	0
Gorai.012G156500.1.D	1502	1396.5	1.05505	0.0299651
Gorai.012G156600.1.A	1811	1705.5	731.161	17.0038
Gorai.012G156600.1.D	1811	1705.5	724.839	16.8567
Gorai.012G156700.1.A	1977	1871.5	326.26	6.91445
Gorai.012G156700.1.D	1977	1871.5	68.7403	1.45682
Gorai.012G156800.1.A	847	741.505	0	0
Gorai.012G156800.1.D	847	741.505	0	0
Gorai.012G156900.1.A	2758	2652.5	219.923	3.28851
Gorai.012G156900.1.D	2758	2652.5	303.077	4.53192
Gorai.012G157000.1.A	2017	1911.5	11.0332	0.228934
Gorai.012G157000.1.D	2017	1911.5	1.22591	0.0254371
Gorai.012G157100.1.A	1350	1244.5	0	0
Gorai.012G157100.1.D	1350	1244.5	0	0
Gorai.012G157200.1.A	1125	1019.5	36.5577	1.42224
Gorai.012G157200.1.D	1125	1019.5	20.8355	0.810588
Gorai.012G157300.1.A	1851	1745.5	0.5	0.0113615
Gorai.012G157300.1.D	1851	1745.5	0.5	0.0113615
Gorai.012G157400.1.A	1003	897.505	4	0.17677
Gorai.012G157400.1.D	1003	897.505	0	0
Gorai.012G157500.1.A	1829	1723.5	120.265	2.76765
Gorai.012G157500.1.D	1829	1723.5	164.342	3.782
Gorai.012G157600.1.A	924	818.505	0	0
Gorai.012G157600.1.D	924	818.505	0	0
Gorai.012G157700.1.A	456	350.551	0	0
Gorai.012G157700.1.D	456	350.551	7.33643	0.830076
Gorai.012G157800.1.A	1073	967.505	109.5	4.48896
Gorai.012G157800.1.D	1073	967.505	58.5	2.39821
Gorai.012G157900.1.A	874	768.505	0	0
Gorai.012G157900.1.D	874	768.505	0	0
Gorai.012G158000.1.A	736	630.505	0	0
Gorai.012G158000.1.D	736	630.505	0	0
Gorai.012G158100.1.A	870	764.505	0	0
Gorai.012G158100.1.D	870	764.505	0	0
Gorai.012G158200.1.A	1728	1622.5	0	0
Gorai.012G158200.1.D	1728	1622.5	0	0
Gorai.012G158300.1.A	1487	1381.5	413.751	11.8788
Gorai.012G158300.1.D	1487	1381.5	498.249	14.3047
Gorai.012G158400.1.A	2028	1922.5	129.91	2.68017
Gorai.012G158400.1.D	2028	1922.5	74.0896	1.52853
Gorai.012G158500.1.A	1554	1448.5	6.5	0.177983
Gorai.012G158500.1.D	1554	1448.5	6.5	0.177983
Gorai.012G158600.1.A	1505	1399.5	0	0
Gorai.012G158600.1.D	1505	1399.5	0	0
Gorai.012G158700.1.A	1581	1475.5	1073.61	28.8598
Gorai.012G158700.1.D	1581	1475.5	1015.39	27.2945
Gorai.012G158800.1.A	2253	2147.5	792.402	14.6351
Gorai.012G158800.1.D	2253	2147.5	1177.6	21.7494
Gorai.012G158900.1.A	489	383.551	0	0
Gorai.012G158900.1.D	489	383.551	0	0
Gorai.012G159000.1.A	2291	2185.5	473.61	8.59516
Gorai.012G159000.1.D	2291	2185.5	278.033	5.04579
Gorai.012G159100.1.A	654	548.505	0.5	0.0361555
Gorai.012G159100.1.D	654	548.505	0.5	0.0361555
Gorai.012G159200.1.A	1722	1616.5	1.81786	0.0446034
Gorai.012G159200.1.D	1722	1616.5	1.81786	0.0446034
Gorai.012G159300.1.A	3519	3413.5	32.4958	0.377583
Gorai.012G159300.1.D	3519	3413.5	18.5657	0.215723
Gorai.012G159400.1.A	1523	1417.5	9.02899	0.252638
Gorai.012G159400.1.D	1523	1417.5	79.971	2.23765
Gorai.012G159500.1.A	2566	2460.5	27.8571	0.449053
Gorai.012G159500.1.D	2566	2460.5	32.1429	0.518138
Gorai.012G159600.1.A	884	778.505	0	0
Gorai.012G159600.1.D	884	778.505	0	0
Gorai.012G159700.1.A	1161	1055.5	0	0
Gorai.012G159700.1.D	1161	1055.5	0	0
Gorai.012G159800.1.A	541	435.551	0	0
Gorai.012G159800.1.D	541	435.551	0	0
Gorai.012G159900.1.A	594	488.551	0	0
Gorai.012G159900.1.D	594	488.551	0	0
Gorai.012G160000.1.A	462	356.551	0	0
Gorai.012G160000.1.D	462	356.551	0	0
Gorai.012G160100.1.A	678	572.505	0	0
Gorai.012G160100.1.D	678	572.505	0	0
Gorai.012G160200.1.A	1940	1834.5	0	0
Gorai.012G160200.1.D	1940	1834.5	0	0
Gorai.012G160300.1.A	901	795.505	401.575	20.0221
Gorai.012G160300.1.D	901	795.505	4.42507	0.220629
Gorai.012G160400.1.A	1206	1100.5	237.648	8.565
Gorai.012G160400.1.D	1206	1100.5	256.352	9.2391
Gorai.012G160500.1.A	1929	1823.5	263.77	5.73724
Gorai.012G160500.1.D	1929	1823.5	376.23	8.18336
Gorai.012G160600.1.A	863	757.505	43	2.25148
Gorai.012G160600.1.D	863	757.505	55	2.8798
Gorai.012G160700.1.A	986	880.505	4	0.180183
Gorai.012G160700.1.D	986	880.505	0	0
Gorai.012G160800.1.A	916	810.505	69.0476	3.37892
Gorai.012G160800.1.D	916	810.505	55.9524	2.73809
Gorai.012G160900.1.A	2222	2116.5	145.217	2.72134
Gorai.012G160900.1.D	2222	2116.5	247.783	4.64341
Gorai.012G161000.1.A	1149	1043.5	636.077	24.1769
Gorai.012G161000.1.D	1149	1043.5	1037.92	39.4508
Gorai.012G161100.1.A	408	302.583	15.8261	2.0745
Gorai.012G161100.1.D	408	302.583	12.1739	1.59577
Gorai.012G161200.1.A	1430	1324.5	102.12	3.05803
Gorai.012G161200.1.D	1430	1324.5	119.88	3.58987
Gorai.012G161300.1.A	2848	2742.5	98.0132	1.4175
Gorai.012G161300.1.D	2848	2742.5	101.987	1.47496
Gorai.012G161400.1.A	1721	1615.5	31.6364	0.776718
Gorai.012G161400.1.D	1721	1615.5	28.3636	0.696368
Gorai.012G161500.1.A	1668	1562.5	358.048	9.08876
Gorai.012G161500.1.D	1668	1562.5	263.777	6.69578
Gorai.012G161600.1.A	1483	1377.5	3.72341	0.107209
Gorai.012G161600.1.D	1483	1377.5	9.45161	0.272143
Gorai.012G161700.1.A	390	284.583	0	0
Gorai.012G161700.1.D	390	284.583	1	0.139372
Gorai.012G161800.1.A	345	239.63	0	0
Gorai.012G161800.1.D	345	239.63	0	0
Gorai.012G161900.1.A	1192	1086.5	0	0
Gorai.012G161900.1.D	1192	1086.5	0	0
Gorai.012G162000.1.A	3123	3017.5	0	0
Gorai.012G162000.1.D	3123	3017.5	30	0.394329
Gorai.012G162100.1.A	2165	2059.5	3.33333	0.064195
Gorai.012G162100.1.D	2165	2059.5	1.66667	0.0320975
Gorai.012G162200.1.A	1410	1304.5	0	0
Gorai.012G162200.1.D	1410	1304.5	0	0
Gorai.012G162300.1.A	2063	1957.5	46.0587	0.933241
Gorai.012G162300.1.D	2063	1957.5	0	0
Gorai.012G162400.1.A	322	216.63	1	0.183091
Gorai.012G162400.1.D	322	216.63	1	0.183091
Gorai.012G162500.1.A	735	629.505	0	0
Gorai.012G162500.1.D	735	629.505	14.8044	0.932774
Gorai.012G162600.1.A	261	155.894	0	0
Gorai.012G162600.1.D	261	155.894	0	0
Gorai.012G162700.1.A	1113	1007.5	67.0887	2.64111
Gorai.012G162700.1.D	1113	1007.5	0	0
Gorai.012G162800.1.A	237	132.247	0	0
Gorai.012G162800.1.D	237	132.247	0	0
Gorai.012G162900.1.A	1835	1729.5	30.6977	0.703994
Gorai.012G162900.1.D	1835	1729.5	4.40922	0.101117
Gorai.012G163000.1.A	2052	1946.5	23.1765	0.472255
Gorai.012G163000.1.D	2052	1946.5	42.7648	0.871397
Gorai.012G163100.1.A	1236	1130.5	285.144	10.0041
Gorai.012G163100.1.D	1236	1130.5	256.856	9.01161
Gorai.012G163200.1.A	759	653.505	22	1.33524
Gorai.012G163200.1.D	759	653.505	1	0.0606927
Gorai.012G163300.1.A	2534	2428.5	220.139	3.59537
Gorai.012G163300.1.D	2534	2428.5	340.861	5.56702
Gorai.012G163400.1.A	1824	1718.5	0	0
Gorai.012G163400.1.D	1824	1718.5	0	0
Gorai.012G163500.1.A	912	806.505	0.5	0.0245894
Gorai.012G163500.1.D	912	806.505	0.5	0.0245894
Gorai.012G163600.1.A	515	409.551	1	0.0968449
Gorai.012G163600.1.D	515	409.551	0	0
Gorai.012G163700.1.A	948	842.505	0	0
Gorai.012G163700.1.D	948	842.505	0	0
Gorai.012G163800.1.A	1498	1392.5	196.672	5.60185
Gorai.012G163800.1.D	1498	1392.5	191.328	5.44962
Gorai.012G163900.1.A	810	704.505	155.263	8.74114
Gorai.012G163900.1.D	810	704.505	435.737	24.5316
Gorai.012G164000.1.A	755	649.505	40.4324	2.46907
Gorai.012G164000.1.D	755	649.505	3.56757	0.217859
Gorai.012G164100.1.A	1802	1696.5	32	0.748135
Gorai.012G164100.1.D	1802	1696.5	8	0.187034
Gorai.012G164200.1.A	3112	3006.5	95.6643	1.26204
Gorai.012G164200.1.D	3112	3006.5	56.3357	0.743201
Gorai.012G164300.1.A	1776	1670.5	2.10256	0.0499214
Gorai.012G164300.1.D	1776	1670.5	38.8974	0.923545
Gorai.012G164400.1.A	2013	1907.5	4	0.0831724
Gorai.012G164400.1.D	2013	1907.5	28	0.582207
Gorai.012G164500.1.A	924	818.505	0	0
Gorai.012G164500.1.D	924	818.505	0	0
Gorai.012G164600.1.A	1002	896.505	23.3485	1.03298
Gorai.012G164600.1.D	1002	896.505	43.6515	1.93122
Gorai.012G164700.1.A	279	173.788	0	0
Gorai.012G164700.1.D	279	173.788	0	0
Gorai.012G164800.1.A	285	179.772	0	0
Gorai.012G164800.1.D	285	179.772	0	0
Gorai.012G164900.1.A	282	176.772	0	0
Gorai.012G164900.1.D	282	176.772	0	0
Gorai.012G165000.1.A	291	185.705	0	0
Gorai.012G165000.1.D	291	185.705	0	0
Gorai.012G165100.1.A	1122	1016.5	0	0
Gorai.012G165100.1.D	1122	1016.5	0	0
Gorai.012G165200.1.A	276	170.788	0	0
Gorai.012G165200.1.D	276	170.788	0	0
Gorai.012G165300.1.A	1370	1264.5	2.01282	0.0631349
Gorai.012G165300.1.D	1370	1264.5	154.987	4.86139
Gorai.012G165400.1.A	276	170.788	0	0
Gorai.012G165400.1.D	276	170.788	0	0
Gorai.012G165500.1.A	291	185.705	0	0
Gorai.012G165500.1.D	291	185.705	0	0
Gorai.012G165600.1.A	282	176.772	0	0
Gorai.012G165600.1.D	282	176.772	0	0
Gorai.012G165700.1.A	264	158.879	0	0
Gorai.012G165700.1.D	264	158.879	0	0
Gorai.012G165800.1.A	285	179.772	0	0
Gorai.012G165800.1.D	285	179.772	0	0
Gorai.012G165900.1.A	285	179.772	0	0
Gorai.012G165900.1.D	285	179.772	0	0
Gorai.012G166000.1.A	366	260.583	0	0
Gorai.012G166000.1.D	366	260.583	0	0
Gorai.012G166100.1.A	276	170.788	0	0
Gorai.012G166100.1.D	276	170.788	0	0
Gorai.012G166200.1.A	288	182.738	0	0
Gorai.012G166200.1.D	288	182.738	0	0
Gorai.012G166300.1.A	213	108.896	0	0
Gorai.012G166300.1.D	213	108.896	0	0
Gorai.012G166400.1.A	411	305.583	0	0
Gorai.012G166400.1.D	411	305.583	0	0
Gorai.012G166500.1.A	2030	1924.5	15.6716	0.322984
Gorai.012G166500.1.D	2030	1924.5	59.3284	1.22272
Gorai.012G166600.1.A	1820	1714.5	249.464	5.77105
Gorai.012G166600.1.D	1820	1714.5	294.536	6.81372
Gorai.012G166700.1.A	516	410.551	9.69231	0.936364
Gorai.012G166700.1.D	516	410.551	18.3077	1.76869
Gorai.012G166800.1.A	1983	1877.5	306.901	6.4834
Gorai.012G166800.1.D	1983	1877.5	554.099	11.7055
Gorai.012G166900.1.A	1533	1427.5	1	0.0277848
Gorai.012G166900.1.D	1533	1427.5	0	0
Gorai.012G167000.1.A	1614	1508.5	0	0
Gorai.012G167000.1.D	1614	1508.5	3	0.0788787
Gorai.012G167100.1.A	1851	1745.5	144.211	3.27688
Gorai.012G167100.1.D	1851	1745.5	35.7895	0.813241
Gorai.012G167200.1.A	510	404.551	2	0.196084
Gorai.012G167200.1.D	510	404.551	0	0
Gorai.012G167300.1.A	612	506.551	2	0.1566
Gorai.012G167300.1.D	612	506.551	0	0
Gorai.012G167400.1.A	888	782.505	0	0
Gorai.012G167400.1.D	888	782.505	0	0
Gorai.012G167500.1.A	438	332.583	0	0
Gorai.012G167500.1.D	438	332.583	0	0
Gorai.012G167600.1.A	780	674.505	0	0
Gorai.012G167600.1.D	780	674.505	0	0
Gorai.012G167700.1.A	576	470.551	0	0
Gorai.012G167700.1.D	576	470.551	0	0
Gorai.012G167800.1.A	672	566.505	0	0
Gorai.012G167800.1.D	672	566.505	0	0
Gorai.012G167900.1.A	1975	1869.5	1054.79	22.3782
Gorai.012G167900.1.D	1975	1869.5	1132.21	24.0206
Gorai.012G168000.1.A	1107	1001.5	92.7826	3.6745
Gorai.012G168000.1.D	1107	1001.5	101.217	4.00855
Gorai.012G168100.1.A	579	473.551	0	0
Gorai.012G168100.1.D	579	473.551	0	0
Gorai.012G168200.1.A	950	844.505	6.93746	0.325824
Gorai.012G168200.1.D	950	844.505	6.93746	0.325824
Gorai.012G168300.1.A	435	329.583	0	0
Gorai.012G168300.1.D	435	329.583	0	0
Gorai.012G168400.1.A	597	491.551	0	0
Gorai.012G168400.1.D	597	491.551	0	0
Gorai.012G168500.1.A	468	362.551	1	0.1094
Gorai.012G168500.1.D	468	362.551	0	0
Gorai.012G168600.1.A	810	704.505	22	1.23858
Gorai.012G168600.1.D	810	704.505	0	0
Gorai.012G168700.1.A	831	725.505	0	0
Gorai.012G168700.1.D	831	725.505	0	0
Gorai.012G168800.1.A	453	347.551	0	0
Gorai.012G168800.1.D	453	347.551	0	0
Gorai.012G168900.1.A	729	623.505	0	0
Gorai.012G168900.1.D	729	623.505	0	0
Gorai.012G169000.1.A	810	704.505	2	0.112598
Gorai.012G169000.1.D	810	704.505	0	0
Gorai.012G169100.1.A	453	347.551	0	0
Gorai.012G169100.1.D	453	347.551	0	0
Gorai.012G169200.1.A	3880	3774.5	38	0.399308
Gorai.012G169200.1.D	3880	3774.5	0	0
Gorai.012G169300.1.A	417	311.583	0	0
Gorai.012G169300.1.D	417	311.583	0	0
Gorai.012G169400.1.A	477	371.551	0	0
Gorai.012G169400.1.D	477	371.551	0	0
Gorai.012G169500.1.A	1604	1498.5	38.6047	1.0218
Gorai.012G169500.1.D	1604	1498.5	44.3953	1.17507
Gorai.012G169600.1.A	370	264.583	0	0
Gorai.012G169600.1.D	370	264.583	0	0
Gorai.012G169700.1.A	1565	1459.5	2354.87	63.995
Gorai.012G169700.1.D	1565	1459.5	4482.13	121.805
Gorai.012G169800.1.A	1591	1485.5	69.8041	1.86377
Gorai.012G169800.1.D	1591	1485.5	41.1959	1.09993
Gorai.012G169900.1.A	930	824.505	183.7	8.83692
Gorai.012G169900.1.D	930	824.505	113.3	5.45032
Gorai.012G170000.1.A	2061	1955.5	12.5455	0.254456
Gorai.012G170000.1.D	2061	1955.5	10.4545	0.212047
Gorai.012G170100.1.A	1961	1855.5	1202.49	25.7042
Gorai.012G170100.1.D	1961	1855.5	969.512	20.7241
Gorai.012G170200.1.A	683	577.505	185.154	12.7163
Gorai.012G170200.1.D	683	577.505	135.846	9.32991
Gorai.012G170300.1.A	2861	2755.5	8.2	0.118031
Gorai.012G170300.1.D	2861	2755.5	32.8	0.472126
Gorai.012G170400.1.A	1729	1623.5	323.509	7.90346
Gorai.012G170400.1.D	1729	1623.5	537.491	13.1311
Gorai.012G170500.1.A	1821	1715.5	0	0
Gorai.012G170500.1.D	1821	1715.5	0	0
Gorai.012G170600.1.A	1341	1235.5	60.0667	1.9283
Gorai.012G170600.1.D	1341	1235.5	109.933	3.52915
Gorai.012G170700.1.A	2154	2048.5	8.88889	0.172106
Gorai.012G170700.1.D	2154	2048.5	1.11111	0.0215132
Gorai.012G170800.1.A	1910	1804.5	15.4839	0.340335
Gorai.012G170800.1.D	1910	1804.5	24.5161	0.538864
Gorai.012G170900.1.A	1791	1685.5	123.125	2.89735
Gorai.012G170900.1.D	1791	1685.5	73.875	1.73841
Gorai.012G171000.1.A	818	712.505	2	0.111334
Gorai.012G171000.1.D	818	712.505	1	0.0556669
Gorai.012G171100.1.A	1872	1766.5	133.091	2.98826
Gorai.012G171100.1.D	1872	1766.5	232.909	5.22946
Gorai.012G171200.1.A	2046	1940.5	35	0.715382
Gorai.012G171200.1.D	2046	1940.5	0	0
Gorai.012G171300.1.A	1148	1042.5	4.23529	0.161135
Gorai.012G171300.1.D	1148	1042.5	13.7647	0.523689
Gorai.012G171400.1.A	2370	2264.5	124.5	2.18063
Gorai.012G171400.1.D	2370	2264.5	124.5	2.18063
Gorai.012G171500.1.A	886	780.505	0	0
Gorai.012G171500.1.D	886	780.505	0	0
Gorai.012G171600.1.A	759	653.505	10.5	0.637273
Gorai.012G171600.1.D	759	653.505	3.5	0.212424
Gorai.012G171700.1.A	2247	2141.5	0	0
Gorai.012G171700.1.D	2247	2141.5	0	0
Gorai.012G171800.1.A	820	714.505	0	0
Gorai.012G171800.1.D	820	714.505	0	0
Gorai.012G171900.1.A	1309	1203.5	499.617	16.4655
Gorai.012G171900.1.D	1309	1203.5	349.383	11.5143
Gorai.012G172000.1.A	546	440.551	0	0
Gorai.012G172000.1.D	546	440.551	0	0
Gorai.012G172100.1.A	2931	2825.5	30.4688	0.427704
Gorai.012G172100.1.D	2931	2825.5	8.53125	0.119757
Gorai.012G172200.1.A	781	675.505	0	0
Gorai.012G172200.1.D	781	675.505	0	0
Gorai.012G172300.1.A	1625	1519.5	4495.82	117.352
Gorai.012G172300.1.D	1625	1519.5	6363.18	166.095
Gorai.012G172400.1.A	1479	1373.5	0	0
Gorai.012G172400.1.D	1479	1373.5	6	0.173263
Gorai.012G172500.1.A	809	703.505	0	0
Gorai.012G172500.1.D	809	703.505	1.03964	0.0586139
Gorai.012G172600.1.A	2454	2348.5	449.747	7.59559
Gorai.012G172600.1.D	2454	2348.5	701.214	11.8425
Gorai.012G172700.1.A	1797	1691.5	70.5863	1.65513
Gorai.012G172700.1.D	1797	1691.5	194.76	4.56679
Gorai.012G172800.1.A	611	505.551	28.2866	2.21922
Gorai.012G172800.1.D	611	505.551	6.36749	0.49956
Gorai.012G172900.1.A	441	335.583	2758.66	326.049
Gorai.012G172900.1.D	441	335.583	957.342	113.149
Gorai.012G173000.1.A	3847	3741.5	221.816	2.35143
Gorai.012G173000.1.D	3847	3741.5	191.184	2.0267
Gorai.012G173100.1.A	1396	1290.5	18	0.55322
Gorai.012G173100.1.D	1396	1290.5	226	6.94598
Gorai.012G173200.1.A	2358	2252.5	656.689	11.5632
Gorai.012G173200.1.D	2358	2252.5	877.311	15.448
Gorai.012G173300.1.A	1653	1547.5	10	0.256303
Gorai.012G173300.1.D	1653	1547.5	11	0.281933
Gorai.012G173400.1.A	1282	1176.5	16	0.5394
Gorai.012G173400.1.D	1282	1176.5	14	0.471975
Gorai.012G173500.1.A	2136	2030.5	56.1533	1.09687
Gorai.012G173500.1.D	2136	2030.5	100.847	1.96989
Gorai.012G173600.1.A	2118	2012.5	53.1429	1.04735
Gorai.012G173600.1.D	2118	2012.5	225.857	4.45125
Gorai.012G173700.1.A	559	453.551	1	0.0874497
Gorai.012G173700.1.D	559	453.551	1	0.0874497
Gorai.012G173800.1.A	3534	3428.5	413.514	4.78378
Gorai.012G173800.1.D	3534	3428.5	650.486	7.5252
Gorai.012G173900.1.A	1021	915.505	0	0
Gorai.012G173900.1.D	1021	915.505	1	0.0433236
Gorai.012G174000.1.A	1493	1387.5	55.5574	1.58815
Gorai.012G174000.1.D	1493	1387.5	243.443	6.959
Gorai.012G174100.1.A	1095	989.505	17.1852	0.688845
Gorai.012G174100.1.D	1095	989.505	11.8148	0.473581
Gorai.012G174200.1.A	1146	1040.5	17.0196	0.64877
Gorai.012G174200.1.D	1146	1040.5	44.9804	1.71461
Gorai.012G174300.1.A	1301	1195.5	0	0
Gorai.012G174300.1.D	1301	1195.5	0	0
Gorai.012G174400.1.A	2798	2692.5	118.04	1.73883
Gorai.012G174400.1.D	2798	2692.5	108.96	1.60508
Gorai.012G174500.1.A	2975	2869.5	274.922	3.80003
Gorai.012G174500.1.D	2975	2869.5	466.078	6.44224
Gorai.012G174600.1.A	4830	4724.5	27.5556	0.231333
Gorai.012G174600.1.D	4830	4724.5	3.44444	0.0289166
Gorai.012G174700.1.A	4950	4844.5	2738.95	22.4244
Gorai.012G174700.1.D	4950	4844.5	3060.05	25.0532
Gorai.012G174800.1.A	753	647.505	9.64286	0.590674
Gorai.012G174800.1.D	753	647.505	35.3571	2.1658
Gorai.012G174900.1.A	3141	3035.5	655.879	8.56994
Gorai.012G174900.1.D	3141	3035.5	609.121	7.95898
Gorai.012G175000.1.A	546	440.551	9	0.810272
Gorai.012G175000.1.D	546	440.551	0	0
Gorai.012G175100.1.A	3038	2932.5	205.125	2.77437
Gorai.012G175100.1.D	3038	2932.5	273.875	3.70424
Gorai.012G175200.1.A	1438	1332.5	812.349	24.1801
Gorai.012G175200.1.D	1438	1332.5	800.651	23.8319
Gorai.012G175300.1.A	1644	1538.5	62.0541	1.59977
Gorai.012G175300.1.D	1644	1538.5	101.946	2.62819
Gorai.012G175400.1.A	1052	946.505	1426.57	59.7798
Gorai.012G175400.1.D	1052	946.505	2678.43	112.239
Gorai.012G175500.1.A	1620	1514.5	0	0
Gorai.012G175500.1.D	1620	1514.5	0	0
Gorai.012G175600.1.A	1977	1871.5	1	0.0211931
Gorai.012G175600.1.D	1977	1871.5	0	0
Gorai.012G175700.1.A	896	790.505	365	18.3136
Gorai.012G175700.1.D	896	790.505	96	4.81672
Gorai.012G175800.1.A	813	707.505	460.144	25.7958
Gorai.012G175800.1.D	813	707.505	515.856	28.9191
Gorai.012G175900.1.A	1467	1361.5	45.5294	1.32635
Gorai.012G175900.1.D	1467	1361.5	62.4706	1.81987
Gorai.012G176000.1.A	1027	921.505	19.2857	0.830086
Gorai.012G176000.1.D	1027	921.505	10.7143	0.461159
Gorai.012G176100.1.A	870	764.505	11	0.570686
Gorai.012G176100.1.D	870	764.505	4	0.207522
Gorai.012G176200.1.A	880	774.505	5222.68	267.457
Gorai.012G176200.1.D	880	774.505	12672.3	648.958
Gorai.012G176300.1.A	1220	1114.5	233.459	8.30834
Gorai.012G176300.1.D	1220	1114.5	161.541	5.7489
Gorai.012G176400.1.A	2536	2430.5	11.7021	0.190965
Gorai.012G176400.1.D	2536	2430.5	38.2979	0.624976
Gorai.012G176500.1.A	2094	1988.5	14	0.279246
Gorai.012G176500.1.D	2094	1988.5	42	0.837737
Gorai.012G176600.1.A	968	862.505	5.56818	0.256057
Gorai.012G176600.1.D	968	862.505	43.4318	1.99725
Gorai.012G176700.1.A	529	423.551	0	0
Gorai.012G176700.1.D	529	423.551	0	0
Gorai.012G176800.1.A	1549	1443.5	0	0
Gorai.012G176800.1.D	1549	1443.5	2	0.0549537
Gorai.012G176900.1.A	1910	1804.5	0	0
Gorai.012G176900.1.D	1910	1804.5	37.8033	0.830916
Gorai.012G177000.1.A	509	403.551	0	0
Gorai.012G177000.1.D	509	403.551	0	0
Gorai.012G177100.1.A	436	330.583	0	0
Gorai.012G177100.1.D	436	330.583	0	0
Gorai.012G177200.1.A	1734	1628.5	0.53459	0.0130202
Gorai.012G177200.1.D	1734	1628.5	0.53459	0.0130202
Gorai.012G177300.1.A	969	863.505	0	0
Gorai.012G177300.1.D	969	863.505	0	0
Gorai.012G177400.1.A	1813	1707.5	0	0
Gorai.012G177400.1.D	1813	1707.5	0	0
Gorai.012G177500.1.A	1644	1538.5	4.46024	0.114986
Gorai.012G177500.1.D	1644	1538.5	0	0
Gorai.012G177600.1.A	1182	1076.5	0	0
Gorai.012G177600.1.D	1182	1076.5	0	0
Gorai.012G177700.1.A	870	764.505	0	0
Gorai.012G177700.1.D	870	764.505	0	0
Gorai.012G177800.1.A	1671	1565.5	6.91463	0.175186
Gorai.012G177800.1.D	1671	1565.5	6.91463	0.175186
Gorai.012G177900.1.A	1515	1409.5	0	0
Gorai.012G177900.1.D	1515	1409.5	0	0
Gorai.012G178000.1.A	1782	1676.5	0	0
Gorai.012G178000.1.D	1782	1676.5	2	0.0473162
Gorai.012G178100.1.A	1380	1274.5	0	0
Gorai.012G178100.1.D	1380	1274.5	0	0
Gorai.012G178200.1.A	2364	2258.5	0	0
Gorai.012G178200.1.D	2364	2258.5	9.77019	0.17158
Gorai.012G178300.1.A	1722	1616.5	0	0
Gorai.012G178300.1.D	1722	1616.5	0	0
Gorai.012G178400.1.A	806	700.505	1.64644	0.0932223
Gorai.012G178400.1.D	806	700.505	1.64644	0.0932223
Gorai.012G178500.1.A	1353	1247.5	1	0.0317938
Gorai.012G178500.1.D	1353	1247.5	0	0
Gorai.012G178600.1.A	1798	1692.5	0	0
Gorai.012G178600.1.D	1798	1692.5	0	0
Gorai.012G178700.1.A	1273	1167.5	0	0
Gorai.012G178700.1.D	1273	1167.5	6.65093	0.225948
Gorai.012G178800.1.A	570	464.551	0	0
Gorai.012G178800.1.D	570	464.551	2	0.170758
Gorai.012G178900.1.A	1701	1595.5	1	0.0248592
Gorai.012G178900.1.D	1701	1595.5	1	0.0248592
Gorai.012G179000.1.A	2192	2086.5	3.95003	0.0750872
Gorai.012G179000.1.D	2192	2086.5	3.95003	0.0750872
Gorai.012G179100.1.A	1542	1436.5	0	0
Gorai.012G179100.1.D	1542	1436.5	0	0
Gorai.012G179200.1.A	1833	1727.5	2.22981	0.0511957
Gorai.012G179200.1.D	1833	1727.5	0	0
Gorai.012G179300.1.A	1222	1116.5	1641.45	58.3111
Gorai.012G179300.1.D	1222	1116.5	1276.74	45.3553
Gorai.012G179400.1.A	1949	1843.5	0	0
Gorai.012G179400.1.D	1949	1843.5	0	0
Gorai.012G179500.1.A	1514	1408.5	0	0
Gorai.012G179500.1.D	1514	1408.5	0	0
Gorai.012G179600.1.A	1580	1474.5	0	0
Gorai.012G179600.1.D	1580	1474.5	3.28699	0.0884172
Gorai.012G179700.1.A	850	744.505	0.5	0.0266371
Gorai.012G179700.1.D	850	744.505	0.5	0.0266371
Gorai.012G179800.1.A	1200	1094.5	0	0
Gorai.012G179800.1.D	1200	1094.5	0	0
Gorai.012G179900.1.A	1723	1617.5	0	0
Gorai.012G179900.1.D	1723	1617.5	0	0
Gorai.012G180000.1.A	1489	1383.5	0	0
Gorai.012G180000.1.D	1489	1383.5	0	0
Gorai.012G180100.1.A	1931	1825.5	0	0
Gorai.012G180100.1.D	1931	1825.5	3	0.0651813
Gorai.012G180200.1.A	1988	1882.5	1	0.0210692
Gorai.012G180200.1.D	1988	1882.5	1	0.0210692
Gorai.012G180300.1.A	1645	1539.5	2481.47	63.9313
Gorai.012G180300.1.D	1645	1539.5	2482.53	63.9584
Gorai.012G180400.1.A	570	464.551	4	0.341516
Gorai.012G180400.1.D	570	464.551	1	0.085379
Gorai.012G180500.1.A	1104	998.505	0	0
Gorai.012G180500.1.D	1104	998.505	0	0
Gorai.012G180600.1.A	1500	1394.5	0	0
Gorai.012G180600.1.D	1500	1394.5	0	0
Gorai.012G180700.1.A	1665	1559.5	157.122	3.99608
Gorai.012G180700.1.D	1665	1559.5	150.878	3.8373
Gorai.012G180800.1.A	1338	1232.5	1	0.0321808
Gorai.012G180800.1.D	1338	1232.5	3	0.0965423
Gorai.012G180900.1.A	1332	1226.5	194.296	6.2832
Gorai.012G180900.1.D	1332	1226.5	223.704	7.23417
Gorai.012G181000.1.A	471	365.551	0	0
Gorai.012G181000.1.D	471	365.551	1	0.108502
Gorai.012G181100.1.A	3383	3277.5	474.738	5.74508
Gorai.012G181100.1.D	3383	3277.5	300.262	3.63364
Gorai.012G181200.1.A	1162	1056.5	225.683	8.47252
Gorai.012G181200.1.D	1162	1056.5	111.317	4.17902
Gorai.012G181300.1.A	2422	2316.5	1903.28	32.5878
Gorai.012G181300.1.D	2422	2316.5	790.715	13.5385
Gorai.012G181400.1.A	832	726.505	4	0.218377
Gorai.012G181400.1.D	832	726.505	41	2.23836
Gorai.012G181500.1.A	618	512.505	0	0
Gorai.012G181500.1.D	618	512.505	0	0
Gorai.012G181600.1.A	1716	1610.5	10	0.246276
Gorai.012G181600.1.D	1716	1610.5	0	0
Gorai.012G181700.1.A	2177	2071.5	648.989	12.4261
Gorai.012G181700.1.D	2177	2071.5	29.0111	0.555473
Gorai.012G181800.1.A	2047	1941.5	7499.1	153.199
Gorai.012G181800.1.D	2047	1941.5	9109.53	186.098
Gorai.012G181900.1.A	943	837.505	16.8	0.795622
Gorai.012G181900.1.D	943	837.505	1.2	0.0568302
Gorai.012G182000.1.A	1063	957.505	478.181	19.8078
Gorai.012G182000.1.D	1063	957.505	398.819	16.5204
Gorai.012G182100.1.A	932	826.505	579.132	27.7918
Gorai.012G182100.1.D	932	826.505	778.868	37.3769
Gorai.012G182200.1.A	843	737.505	1	0.0537799
Gorai.012G182200.1.D	843	737.505	3	0.16134
Gorai.012G182300.1.A	2157	2051.5	255.113	4.93225
Gorai.012G182300.1.D	2157	2051.5	282.887	5.46922
Gorai.012G182400.1.A	2826	2720.5	339.736	4.9531
Gorai.012G182400.1.D	2826	2720.5	574.264	8.37234
Gorai.012G182500.1.A	1204	1098.5	20.6452	0.74542
Gorai.012G182500.1.D	1204	1098.5	11.3548	0.409981
Gorai.012G182600.1.A	2361	2255.5	34.7407	0.610914
Gorai.012G182600.1.D	2361	2255.5	32.2593	0.567278
Gorai.012G182700.1.A	2214	2108.5	382.477	7.19476
Gorai.012G182700.1.D	2214	2108.5	457.043	8.5974
Gorai.012G182800.1.A	2158	2052.5	0	0
Gorai.012G182800.1.D	2158	2052.5	1.40793	0.027207
Gorai.012G182900.1.A	3952	3846.5	267.015	2.75331
Gorai.012G182900.1.D	3952	3846.5	235.577	2.42913
Gorai.012G183000.1.A	989	883.505	1.5	0.0673391
Gorai.012G183000.1.D	989	883.505	4.5	0.202017
Gorai.012G183100.1.A	1414	1308.5	222.838	6.75458
Gorai.012G183100.1.D	1414	1308.5	156.25	4.73621
Gorai.012G183200.1.A	1136	1030.5	36.868	1.41901
Gorai.012G183200.1.D	1136	1030.5	8.04383	0.309598
Gorai.012G183300.1.A	2294	2188.5	302.91	5.48972
Gorai.012G183300.1.D	2294	2188.5	30.0904	0.545337
Gorai.012G183400.1.A	1122	1016.5	0	0
Gorai.012G183400.1.D	1122	1016.5	1	0.0390189
Gorai.012G183500.1.A	937	831.505	4.57143	0.218058
Gorai.012G183500.1.D	937	831.505	27.4286	1.30835
Gorai.012G183600.1.A	516	410.551	0	0
Gorai.012G183600.1.D	516	410.551	0	0
Gorai.012G183700.1.A	1327	1221.5	43	1.39623
Gorai.012G183700.1.D	1327	1221.5	36	1.16894
Gorai.012G183800.1.A	1173	1067.5	0	0
Gorai.012G183800.1.D	1173	1067.5	0	0
Gorai.012G183900.1.A	4019	3913.5	2	0.0202698
Gorai.012G183900.1.D	4019	3913.5	3	0.0304047
Gorai.012G184000.1.A	1414	1308.5	126.818	3.84407
Gorai.012G184000.1.D	1414	1308.5	152.182	4.61288
Gorai.012G184100.1.A	2666	2560.5	34.1789	0.529442
Gorai.012G184100.1.D	2666	2560.5	156.821	2.4292
Gorai.012G184200.1.A	1557	1451.5	158.075	4.31947
Gorai.012G184200.1.D	1557	1451.5	73.3628	2.00467
Gorai.012G184300.1.A	1764	1658.5	0	0
Gorai.012G184300.1.D	1764	1658.5	0	0
Gorai.012G184400.1.A	725	619.505	1	0.0640236
Gorai.012G184400.1.D	725	619.505	5	0.320118
Gorai.012G184500.1.A	3452	3346.5	81.0829	0.960999
Gorai.012G184500.1.D	3452	3346.5	173.917	2.06127
Gorai.012G184600.1.A	1619	1513.5	195.5	5.12328
Gorai.012G184600.1.D	1619	1513.5	76.5	2.00476
Gorai.012G184700.1.A	1621	1515.5	819.879	21.4574
Gorai.012G184700.1.D	1621	1515.5	1014	26.5377
Gorai.012G184800.1.A	1840	1734.5	139.07	3.18011
Gorai.012G184800.1.D	1840	1734.5	120.93	2.76531
Gorai.012G184900.1.A	1968	1862.5	111.964	2.38433
Gorai.012G184900.1.D	1968	1862.5	2.03571	0.0433515
Gorai.012G185000.1.A	1977	1871.5	13.3617	0.283175
Gorai.012G185000.1.D	1977	1871.5	10.2782	0.217827
Gorai.012G185100.1.A	1478	1372.5	4.60254	0.133005
Gorai.012G185100.1.D	1478	1372.5	9.75759	0.281977
Gorai.012G185200.1.A	1197	1091.5	4	0.145351
Gorai.012G185200.1.D	1197	1091.5	1	0.0363379
Gorai.012G185300.1.A	1704	1598.5	0	0
Gorai.012G185300.1.D	1704	1598.5	0	0
Gorai.012G185400.1.A	3358	3252.5	359.985	4.38987
Gorai.012G185400.1.D	3358	3252.5	262.015	3.19516
Gorai.012G185500.1.A	914	808.505	0	0
Gorai.012G185500.1.D	914	808.505	0	0
Gorai.012G185600.1.A	1240	1134.5	0	0
Gorai.012G185600.1.D	1240	1134.5	0	0
Gorai.012G185700.1.A	1769	1663.5	4.57143	0.108997
Gorai.012G185700.1.D	1769	1663.5	3.42857	0.0817474
Gorai.012G185800.1.A	1795	1689.5	81.1497	1.90508
Gorai.012G185800.1.D	1795	1689.5	69.8503	1.63981
Gorai.012G185900.1.A	495	389.551	0	0
Gorai.012G185900.1.D	495	389.551	0	0
Gorai.012G186000.1.A	1950	1844.5	25.8261	0.555346
Gorai.012G186000.1.D	1950	1844.5	7.17391	0.154263
Gorai.012G186100.1.A	2719	2613.5	123.111	1.86835
Gorai.012G186100.1.D	2719	2613.5	153.889	2.33544
Gorai.012G186200.1.A	1904	1798.5	16.6194	0.366511
Gorai.012G186200.1.D	1904	1798.5	719.381	15.8647
Gorai.012G186300.1.A	5372	5266.5	985.626	7.42291
Gorai.012G186300.1.D	5372	5266.5	808.374	6.088
Gorai.012G186400.1.A	1498	1392.5	47.7108	1.35896
Gorai.012G186400.1.D	1498	1392.5	40.2892	1.14756
Gorai.012G186500.1.A	1254	1148.5	2.00046	0.0690849
Gorai.012G186500.1.D	1254	1148.5	1	0.0345344
Gorai.012G186600.1.A	4703	4597.5	376.443	3.2476
Gorai.012G186600.1.D	4703	4597.5	386.557	3.33485
Gorai.012G186700.1.A	896	790.505	78.7669	3.95207
Gorai.012G186700.1.D	896	790.505	212.233	10.6486
Gorai.012G186800.1.A	468	362.551	6.75	0.738447
Gorai.012G186800.1.D	468	362.551	11.25	1.23074
Gorai.012G186900.1.A	1563	1457.5	11	0.299342
Gorai.012G186900.1.D	1563	1457.5	7	0.19049
Gorai.012G187000.1.A	1317	1211.5	0	0
Gorai.012G187000.1.D	1317	1211.5	4	0.130954
Gorai.012G187100.1.A	1918	1812.5	0	0
Gorai.012G187100.1.D	1918	1812.5	0	0
Gorai.012G187200.1.A	840	734.505	2	0.107999
Gorai.012G187200.1.D	840	734.505	0	0
Gorai.012G187300.1.A	843	737.505	1211.85	65.1733
Gorai.012G187300.1.D	843	737.505	1607.15	86.4323
Gorai.012G187400.1.A	5524	5418.5	19.5429	0.143052
Gorai.012G187400.1.D	5524	5418.5	88.4571	0.647498
Gorai.012G187500.1.A	1509	1403.5	5	0.1413
Gorai.012G187500.1.D	1509	1403.5	121	3.41945
Gorai.012G187600.1.A	2656	2550.5	1113.33	17.3134
Gorai.012G187600.1.D	2656	2550.5	998.665	15.5302
Gorai.012G187700.1.A	2130	2024.5	13.9459	0.273221
Gorai.012G187700.1.D	2130	2024.5	29.0541	0.56921
Gorai.012G187800.1.A	1623	1517.5	16	0.418191
Gorai.012G187800.1.D	1623	1517.5	0	0
Gorai.012G187900.1.A	431	325.583	0	0
Gorai.012G187900.1.D	431	325.583	0	0
Gorai.012G188000.1.A	752	646.505	16.0357	0.983789
Gorai.012G188000.1.D	752	646.505	10.8303	0.664439
Gorai.013G000100.1.A	1191	1085.5	2.66667	0.0974366
Gorai.013G000100.1.D	1191	1085.5	9.33333	0.341028
Gorai.013G000200.1.A	3525	3419.5	240.638	2.79117
Gorai.013G000200.1.D	3525	3419.5	368.914	4.27904
Gorai.013G000300.1.A	1233	1127.5	0	0
Gorai.013G000300.1.D	1233	1127.5	0	0
Gorai.013G000400.1.A	588	482.551	35.2164	2.89458
Gorai.013G000400.1.D	588	482.551	19.3957	1.59421
Gorai.013G000500.1.A	1050	944.505	74.283	3.11939
Gorai.013G000500.1.D	1050	944.505	1257.49	52.8063
Gorai.013G000600.1.A	1249	1143.5	32.2157	1.11741
Gorai.013G000600.1.D	1249	1143.5	20.7843	0.720913
Gorai.013G000700.1.A	1987	1881.5	0	0
Gorai.013G000700.1.D	1987	1881.5	0	0
Gorai.013G000800.1.A	2709	2603.5	476.101	7.25313
Gorai.013G000800.1.D	2709	2603.5	501.899	7.64616
Gorai.013G000900.1.A	1978	1872.5	4239.81	89.8066
Gorai.013G000900.1.D	1978	1872.5	876.191	18.5593
Gorai.013G001000.1.A	2436	2330.5	403.807	6.87241
Gorai.013G001000.1.D	2436	2330.5	282.193	4.80265
Gorai.013G001100.1.A	3017	2911.5	368.761	5.02357
Gorai.013G001100.1.D	3017	2911.5	232.689	3.16988
Gorai.013G001200.1.A	2933	2827.5	19.55	0.274239
Gorai.013G001200.1.D	2933	2827.5	0	0
Gorai.013G001300.1.A	759	653.505	0.5	0.0303463
Gorai.013G001300.1.D	759	653.505	0.5	0.0303463
Gorai.013G001400.1.A	1621	1515.5	428.32	11.2097
Gorai.013G001400.1.D	1621	1515.5	605.68	15.8515
Gorai.013G001500.1.A	2801	2695.5	20.9487	0.308249
Gorai.013G001500.1.D	2801	2695.5	65.0513	0.957196
Gorai.013G001600.1.A	2742	2636.5	8	0.12035
Gorai.013G001600.1.D	2742	2636.5	42	0.631838
Gorai.013G001700.1.A	1965	1859.5	210.527	4.49051
Gorai.013G001700.1.D	1965	1859.5	134.473	2.86828
Gorai.013G001800.1.A	2096	1990.5	52.8403	1.0529
Gorai.013G001800.1.D	2096	1990.5	78.1597	1.55742
Gorai.013G001900.1.A	2334	2228.5	0	0
Gorai.013G001900.1.D	2334	2228.5	0	0
Gorai.013G002000.1.A	201	97.3325	0	0
Gorai.013G002000.1.D	201	97.3325	0	0
Gorai.013G002100.1.A	647	541.505	37	2.71009
Gorai.013G002100.1.D	647	541.505	27	1.97764
Gorai.013G002200.1.A	1178	1072.5	1	0.0369816
Gorai.013G002200.1.D	1178	1072.5	0	0
Gorai.013G002300.1.A	1281	1175.5	0	0
Gorai.013G002300.1.D	1281	1175.5	0	0
Gorai.013G002400.1.A	2396	2290.5	180.202	3.12042
Gorai.013G002400.1.D	2396	2290.5	63.7982	1.10474
Gorai.013G002500.1.A	3740	3634.5	765.886	8.35803
Gorai.013G002500.1.D	3740	3634.5	391.114	4.26818
Gorai.013G002600.1.A	1282	1176.5	443.04	14.936
Gorai.013G002600.1.D	1282	1176.5	451.96	15.2367
Gorai.013G002700.1.A	1408	1302.5	1188.01	36.1763
Gorai.013G002700.1.D	1408	1302.5	895.994	27.2842
Gorai.013G002800.1.A	1435	1329.5	21.1111	0.629805
Gorai.013G002800.1.D	1435	1329.5	16.8889	0.503844
Gorai.013G002900.1.A	1275	1169.5	0	0
Gorai.013G002900.1.D	1275	1169.5	2	0.0678286
Gorai.013G003000.1.A	1579	1473.5	3	0.0807523
Gorai.013G003000.1.D	1579	1473.5	5	0.134587
Gorai.013G003100.1.A	2315	2209.5	401.663	7.21028
Gorai.013G003100.1.D	2315	2209.5	35.3369	0.634335
Gorai.013G003200.1.A	2139	2033.5	5854.16	114.184
Gorai.013G003200.1.D	2139	2033.5	2960.84	57.7503
Gorai.013G003300.1.A	2318	2212.5	85.28	1.52879
Gorai.013G003300.1.D	2318	2212.5	148.72	2.66606
Gorai.013G003400.1.A	1564	1458.5	1	0.0271943
Gorai.013G003400.1.D	1564	1458.5	15	0.407914
Gorai.013G003500.1.A	2721	2615.5	358.203	5.43199
Gorai.013G003500.1.D	2721	2615.5	260.797	3.95487
Gorai.013G003600.1.A	2598	2492.5	207	3.29397
Gorai.013G003600.1.D	2598	2492.5	243	3.86683
Gorai.013G003700.1.A	318	212.63	0	0
Gorai.013G003700.1.D	318	212.63	0	0
Gorai.013G003800.1.A	1051	945.505	108.627	4.55681
Gorai.013G003800.1.D	1051	945.505	168.373	7.06305
Gorai.013G003900.1.A	1185	1079.5	0	0
Gorai.013G003900.1.D	1185	1079.5	0	0
Gorai.013G004000.1.A	1008	902.505	0	0
Gorai.013G004000.1.D	1008	902.505	0	0
Gorai.013G004100.1.A	1185	1079.5	0	0
Gorai.013G004100.1.D	1185	1079.5	0	0
Gorai.013G004200.1.A	1648	1542.5	0	0
Gorai.013G004200.1.D	1648	1542.5	1	0.0257133
Gorai.013G004300.1.A	2703	2597.5	196.551	3.00125
Gorai.013G004300.1.D	2703	2597.5	198.836	3.03615
Gorai.013G004400.1.A	1761	1655.5	48.3214	1.1577
Gorai.013G004400.1.D	1761	1655.5	17.6786	0.423547
Gorai.013G004500.1.A	246	141.071	0	0
Gorai.013G004500.1.D	246	141.071	0	0
Gorai.013G004600.1.A	201	97.3325	0	0
Gorai.013G004600.1.D	201	97.3325	0	0
Gorai.013G004700.1.A	956	850.505	0	0
Gorai.013G004700.1.D	956	850.505	0	0
Gorai.013G004800.1.A	1137	1031.5	2	0.0769031
Gorai.013G004800.1.D	1137	1031.5	1	0.0384515
Gorai.013G004900.1.A	1185	1079.5	0	0
Gorai.013G004900.1.D	1185	1079.5	0	0
Gorai.013G005000.1.A	506	400.551	21	2.07944
Gorai.013G005000.1.D	506	400.551	9	0.891188
Gorai.013G005100.1.A	1663	1557.5	1118.89	28.4934
Gorai.013G005100.1.D	1663	1557.5	672.105	17.1156
Gorai.013G005200.1.A	1152	1046.5	2020.55	76.5797
Gorai.013G005200.1.D	1152	1046.5	524.449	19.8768
Gorai.013G005300.1.A	1041	935.505	0	0
Gorai.013G005300.1.D	1041	935.505	0	0
Gorai.013G005400.1.A	435	329.583	0	0
Gorai.013G005400.1.D	435	329.583	0	0
Gorai.013G005500.1.A	550	444.551	0	0
Gorai.013G005500.1.D	550	444.551	0	0
Gorai.013G005600.1.A	767	661.505	5.90909	0.354301
Gorai.013G005600.1.D	767	661.505	7.09091	0.425162
Gorai.013G005700.1.A	1613	1507.5	80.8163	2.1263
Gorai.013G005700.1.D	1613	1507.5	117.184	3.08314
Gorai.013G005800.1.A	1419	1313.5	4436.5	133.966
Gorai.013G005800.1.D	1419	1313.5	94.5006	2.85356
Gorai.013G005900.1.A	1077	971.505	6	0.244958
Gorai.013G005900.1.D	1077	971.505	0	0
Gorai.013G006000.1.A	534	428.551	0	0
Gorai.013G006000.1.D	534	428.551	0	0
Gorai.013G006100.1.A	969	863.505	8.05163	0.369832
Gorai.013G006100.1.D	969	863.505	13.8028	0.633997
Gorai.013G006200.1.A	835	729.505	3.14557	0.171024
Gorai.013G006200.1.D	835	729.505	0	0
Gorai.013G006300.1.A	2913	2807.5	6.44804	0.0910946
Gorai.013G006300.1.D	2913	2807.5	50.6273	0.715235
Gorai.013G006400.1.A	1890	1784.5	0	0
Gorai.013G006400.1.D	1890	1784.5	0	0
Gorai.013G006500.1.A	1785	1679.5	21.6981	0.51242
Gorai.013G006500.1.D	1785	1679.5	0	0
Gorai.013G006600.1.A	2136	2030.5	4.01374	0.0784025
Gorai.013G006600.1.D	2136	2030.5	0	0
Gorai.013G006700.1.A	1536	1430.5	28.6598	0.794637
Gorai.013G006700.1.D	1536	1430.5	1.55303	0.0430601
Gorai.013G006800.1.A	1664	1558.5	205.808	5.23768
Gorai.013G006800.1.D	1664	1558.5	187.192	4.76392
Gorai.013G006900.1.A	1268	1162.5	20.9655	0.715312
Gorai.013G006900.1.D	1268	1162.5	43.0345	1.46827
Gorai.013G007000.1.A	1159	1053.5	0	0
Gorai.013G007000.1.D	1159	1053.5	29	1.09181
Gorai.013G007100.1.A	927	821.505	30.6818	1.48134
Gorai.013G007100.1.D	927	821.505	19.3182	0.932698
Gorai.013G007200.1.A	1098	992.505	370.004	14.7863
Gorai.013G007200.1.D	1098	992.505	187.996	7.51277
Gorai.013G007300.1.A	815	709.505	3909.7	218.562
Gorai.013G007300.1.D	815	709.505	6073.3	339.511
Gorai.013G007400.1.A	1944	1838.5	0	0
Gorai.013G007400.1.D	1944	1838.5	6	0.129441
Gorai.013G007500.1.A	322	216.63	0	0
Gorai.013G007500.1.D	322	216.63	0	0
Gorai.013G007600.1.A	1623	1517.5	1.06481	0.027831
Gorai.013G007600.1.D	1623	1517.5	0	0
Gorai.013G007700.1.A	621	515.505	2	0.15388
Gorai.013G007700.1.D	621	515.505	1	0.07694
Gorai.013G007800.1.A	2062	1956.5	5.70388	0.115631
Gorai.013G007800.1.D	2062	1956.5	5.70388	0.115631
Gorai.013G007900.1.A	846	740.505	0	0
Gorai.013G007900.1.D	846	740.505	0	0
Gorai.013G008000.1.A	742	636.505	0	0
Gorai.013G008000.1.D	742	636.505	0	0
Gorai.013G008100.1.A	2250	2144.5	239.094	4.42208
Gorai.013G008100.1.D	2250	2144.5	274.906	5.08442
Gorai.013G008200.1.A	840	734.505	24.5003	1.323
Gorai.013G008200.1.D	840	734.505	36.3096	1.9607
Gorai.013G008300.1.A	1376	1270.5	0	0
Gorai.013G008300.1.D	1376	1270.5	8	0.249746
Gorai.013G008400.1.A	628	522.505	90	6.83183
Gorai.013G008400.1.D	628	522.505	120	9.10911
Gorai.013G008500.1.A	1737	1631.5	0	0
Gorai.013G008500.1.D	1737	1631.5	0	0
Gorai.013G008600.1.A	2019	1913.5	25.3504	0.525461
Gorai.013G008600.1.D	2019	1913.5	11.3056	0.234342
Gorai.013G008700.1.A	408	302.583	3.49048	0.457536
Gorai.013G008700.1.D	408	302.583	2	0.262162
Gorai.013G008800.1.A	2001	1895.5	1.19547	0.0250149
Gorai.013G008800.1.D	2001	1895.5	7.8871	0.165036
Gorai.013G008900.1.A	1345	1239.5	17.0016	0.544033
Gorai.013G008900.1.D	1345	1239.5	0	0
Gorai.013G009000.1.A	1599	1493.5	0	0
Gorai.013G009000.1.D	1599	1493.5	1.03707	0.0275413
Gorai.013G009100.1.A	915	809.505	0.5	0.0244983
Gorai.013G009100.1.D	915	809.505	0.5	0.0244983
Gorai.013G009200.1.A	1926	1820.5	32.5837	0.709895
Gorai.013G009200.1.D	1926	1820.5	1.36301	0.0296957
Gorai.013G009300.1.A	787	681.505	1.273	0.0740873
Gorai.013G009300.1.D	787	681.505	0	0
Gorai.013G009400.1.A	1752	1646.5	34.631	0.834233
Gorai.013G009400.1.D	1752	1646.5	54.174	1.30501
Gorai.013G009500.1.A	1861	1755.5	20.5095	0.463381
Gorai.013G009500.1.D	1861	1755.5	20.7255	0.46826
Gorai.013G009600.1.A	680	574.505	1412.36	97.507
Gorai.013G009600.1.D	680	574.505	1323.64	91.3824
Gorai.013G009700.1.A	2433	2327.5	0.509529	0.00868287
Gorai.013G009700.1.D	2433	2327.5	0.509529	0.00868287
Gorai.013G009800.1.A	1214	1108.5	10.4087	0.37243
Gorai.013G009800.1.D	1214	1108.5	14.5722	0.521402
Gorai.013G009900.1.A	1035	929.505	9	0.384039
Gorai.013G009900.1.D	1035	929.505	0	0
Gorai.013G010000.1.A	2210	2104.5	209.475	3.94792
Gorai.013G010000.1.D	2210	2104.5	467.525	8.81129
Gorai.013G010100.1.A	2099	1993.5	325.804	6.48222
Gorai.013G010100.1.D	2099	1993.5	348.196	6.92774
Gorai.013G010200.1.A	3736	3630.5	390.659	4.26791
Gorai.013G010200.1.D	3736	3630.5	377.341	4.12242
Gorai.013G010300.1.A	2680	2574.5	240.82	3.71009
Gorai.013G010300.1.D	2680	2574.5	386.18	5.94951
Gorai.013G010400.1.A	2572	2466.5	154.504	2.48452
Gorai.013G010400.1.D	2572	2466.5	423.496	6.81008
Gorai.013G010500.1.A	1807	1701.5	345.22	8.04726
Gorai.013G010500.1.D	1807	1701.5	1028.78	23.9814
Gorai.013G010600.1.A	982	876.505	719.203	32.5448
Gorai.013G010600.1.D	982	876.505	84.7969	3.83717
Gorai.013G010700.1.A	953	847.505	513.157	24.0156
Gorai.013G010700.1.D	953	847.505	83.8426	3.92381
Gorai.013G010800.1.A	2837	2731.5	1	0.0145205
Gorai.013G010800.1.D	2837	2731.5	3	0.0435616
Gorai.013G010900.1.A	3539	3433.5	120.861	1.39615
Gorai.013G010900.1.D	3539	3433.5	125.139	1.44557
Gorai.013G011000.1.A	852	746.505	3.05769	0.16246
Gorai.013G011000.1.D	852	746.505	49.9423	2.65351
Gorai.013G011100.1.A	692	586.505	0	0
Gorai.013G011100.1.D	692	586.505	1	0.067626
Gorai.013G011200.1.A	2203	2097.5	20.9524	0.396201
Gorai.013G011200.1.D	2203	2097.5	1.04762	0.01981
Gorai.013G011300.1.A	381	275.583	0	0
Gorai.013G011300.1.D	381	275.583	0	0
Gorai.013G011400.1.A	750	644.505	0	0
Gorai.013G011400.1.D	750	644.505	1	0.0615402
Gorai.013G011500.1.A	4432	4326.5	1127.89	10.3399
Gorai.013G011500.1.D	4432	4326.5	927.304	8.501
Gorai.013G011600.1.A	3905	3799.5	108.109	1.12854
Gorai.013G011600.1.D	3905	3799.5	128.696	1.34346
Gorai.013G011700.1.A	1181	1075.5	912.367	33.6467
Gorai.013G011700.1.D	1181	1075.5	593.738	21.8961
Gorai.013G011800.1.A	2042	1936.5	181.457	3.71656
Gorai.013G011800.1.D	2042	1936.5	107.438	2.20051
Gorai.013G011900.1.A	1358	1252.5	1596.64	50.5606
Gorai.013G011900.1.D	1358	1252.5	1526.36	48.3351
Gorai.013G012000.1.A	1698	1592.5	1	0.024906
Gorai.013G012000.1.D	1698	1592.5	0	0
Gorai.013G012100.1.A	423	317.583	0.5	0.062445
Gorai.013G012100.1.D	423	317.583	0.5	0.062445
Gorai.013G012200.1.A	1731	1625.5	0	0
Gorai.013G012200.1.D	1731	1625.5	0	0
Gorai.013G012300.1.A	1871	1765.5	0.5	0.0112327
Gorai.013G012300.1.D	1871	1765.5	0.5	0.0112327
Gorai.013G012400.1.A	1680	1574.5	1133.31	28.5488
Gorai.013G012400.1.D	1680	1574.5	432.2	10.8874
Gorai.013G012500.1.A	503	397.551	1.5	0.149652
Gorai.013G012500.1.D	503	397.551	1.5	0.149652
Gorai.013G012600.1.A	1870	1764.5	115.475	2.59568
Gorai.013G012600.1.D	1870	1764.5	49.8783	1.12118
Gorai.013G012700.1.A	1426	1320.5	30	0.901086
Gorai.013G012700.1.D	1426	1320.5	26	0.780941
Gorai.013G012800.1.A	1521	1415.5	2463.32	69.0232
Gorai.013G012800.1.D	1521	1415.5	319.676	8.95743
Gorai.013G012900.1.A	936	830.505	0	0
Gorai.013G012900.1.D	936	830.505	0	0
Gorai.013G013000.1.A	1470	1364.5	4	0.116271
Gorai.013G013000.1.D	1470	1364.5	0	0
Gorai.013G013100.1.A	2066	1960.5	226.616	4.58466
Gorai.013G013100.1.D	2066	1960.5	212.384	4.29674
Gorai.013G013200.1.A	1616	1510.5	382.378	10.0405
Gorai.013G013200.1.D	1616	1510.5	256.622	6.73841
Gorai.013G013300.1.A	1061	955.505	344.106	14.2838
Gorai.013G013300.1.D	1061	955.505	209.894	8.7127
Gorai.013G013400.1.A	1249	1143.5	0	0
Gorai.013G013400.1.D	1249	1143.5	0	0
Gorai.013G013500.1.A	1897	1791.5	0	0
Gorai.013G013500.1.D	1897	1791.5	1	0.0221395
Gorai.013G013600.1.A	1383	1277.5	1	0.0310472
Gorai.013G013600.1.D	1383	1277.5	0	0
Gorai.013G013700.1.A	1107	1001.5	0	0
Gorai.013G013700.1.D	1107	1001.5	0	0
Gorai.013G013800.1.A	732	626.505	24	1.5194
Gorai.013G013800.1.D	732	626.505	40	2.53233
Gorai.013G013900.1.A	2348	2242.5	1	0.0176869
Gorai.013G013900.1.D	2348	2242.5	0	0
Gorai.013G014000.1.A	1858	1752.5	258.494	5.85027
Gorai.013G014000.1.D	1858	1752.5	207.506	4.69631
Gorai.013G014100.1.A	1459	1353.5	0	0
Gorai.013G014100.1.D	1459	1353.5	0	0
Gorai.013G014200.1.A	494	388.551	1	0.102079
Gorai.013G014200.1.D	494	388.551	0	0
Gorai.013G014300.1.A	1320	1214.5	4435.73	144.861
Gorai.013G014300.1.D	1320	1214.5	3154.27	103.011
Gorai.013G014400.1.A	2477	2371.5	532.48	8.90562
Gorai.013G014400.1.D	2477	2371.5	299.52	5.00941
Gorai.013G014500.1.A	3041	2935.5	112.262	1.51683
Gorai.013G014500.1.D	3041	2935.5	15.7377	0.212639
Gorai.013G014600.1.A	663	557.505	1	0.0711437
Gorai.013G014600.1.D	663	557.505	0	0
Gorai.013G014700.1.A	860	754.505	136.567	7.17906
Gorai.013G014700.1.D	860	754.505	104.433	5.48987
Gorai.013G014800.1.A	1949	1843.5	3	0.0645449
Gorai.013G014800.1.D	1949	1843.5	9	0.193635
Gorai.013G014900.1.A	2388	2282.5	3409.5	59.2467
Gorai.013G014900.1.D	2388	2282.5	2523.5	43.8506
Gorai.013G015000.1.A	702	596.505	0	0
Gorai.013G015000.1.D	702	596.505	0	0
Gorai.013G015100.1.A	1851	1745.5	1	0.0227229
Gorai.013G015100.1.D	1851	1745.5	2	0.0454458
Gorai.013G015200.1.A	2113	2007.5	0	0
Gorai.013G015200.1.D	2113	2007.5	0	0
Gorai.013G015300.1.A	580	474.551	296	24.7396
Gorai.013G015300.1.D	580	474.551	0	0
Gorai.013G015400.1.A	1365	1259.5	1	0.0314909
Gorai.013G015400.1.D	1365	1259.5	0	0
Gorai.013G015500.1.A	2400	2294.5	20.3684	0.35209
Gorai.013G015500.1.D	2400	2294.5	22.6316	0.391211
Gorai.013G015600.1.A	1188	1082.5	186.176	6.8215
Gorai.013G015600.1.D	1188	1082.5	235.824	8.64057
Gorai.013G015700.1.A	753	647.505	555.462	34.0248
Gorai.013G015700.1.D	753	647.505	461.538	28.2716
Gorai.013G015800.1.A	1048	942.505	17.6538	0.742918
Gorai.013G015800.1.D	1048	942.505	9.34615	0.393309
Gorai.013G015900.1.A	597	491.551	1416.46	114.293
Gorai.013G015900.1.D	597	491.551	118.541	9.56496
Gorai.013G016000.1.A	285	179.772	0	0
Gorai.013G016000.1.D	285	179.772	0	0
Gorai.013G016100.1.A	289	183.705	0	0
Gorai.013G016100.1.D	289	183.705	0	0
Gorai.013G016200.1.A	435	329.583	5.8395	0.702741
Gorai.013G016200.1.D	435	329.583	37.0393	4.45742
Gorai.013G016300.1.A	532	426.551	0	0
Gorai.013G016300.1.D	532	426.551	0	0
Gorai.013G016400.1.A	795	689.505	0	0
Gorai.013G016400.1.D	795	689.505	0	0
Gorai.013G016500.1.A	807	701.505	33.9939	1.92201
Gorai.013G016500.1.D	807	701.505	13.1272	0.742211
Gorai.013G016600.1.A	1236	1130.5	1052.43	36.9238
Gorai.013G016600.1.D	1236	1130.5	664.567	23.3159
Gorai.013G016700.1.A	1632	1526.5	5107.5	132.707
Gorai.013G016700.1.D	1632	1526.5	747.498	19.4221
Gorai.013G016800.1.A	1852	1746.5	616.922	14.0102
Gorai.013G016800.1.D	1852	1746.5	245.078	5.56571
Gorai.013G016900.1.A	1372	1266.5	21.9556	0.687579
Gorai.013G016900.1.D	1372	1266.5	30.0444	0.940897
Gorai.013G017000.1.A	381	275.583	0	0
Gorai.013G017000.1.D	381	275.583	4	0.575695
Gorai.013G017100.1.A	1344	1238.5	10	0.320249
Gorai.013G017100.1.D	1344	1238.5	0	0
Gorai.013G017200.1.A	1789	1683.5	147.973	3.48621
Gorai.013G017200.1.D	1789	1683.5	261.001	6.14913
Gorai.013G017300.1.A	5858	5752.5	4865.94	33.5502
Gorai.013G017300.1.D	5858	5752.5	4416.99	30.4547
Gorai.013G017400.1.A	1734	1628.5	12.1	0.294701
Gorai.013G017400.1.D	1734	1628.5	9.9	0.241119
Gorai.013G017500.1.A	1431	1325.5	83.2584	2.49133
Gorai.013G017500.1.D	1431	1325.5	11.7416	0.351342
Gorai.013G017600.1.A	2570	2464.5	53.8626	0.866847
Gorai.013G017600.1.D	2570	2464.5	90.1374	1.45064
Gorai.013G017700.1.A	1470	1364.5	223.937	6.50931
Gorai.013G017700.1.D	1470	1364.5	520.063	15.117
Gorai.013G017800.1.A	1502	1396.5	24	0.681638
Gorai.013G017800.1.D	1502	1396.5	24	0.681638
Gorai.013G017900.1.A	720	614.505	92	5.9381
Gorai.013G017900.1.D	720	614.505	0	0
Gorai.013G018000.1.A	1498	1392.5	35.9318	1.02345
Gorai.013G018000.1.D	1498	1392.5	57.0682	1.62548
Gorai.013G018100.1.A	2785	2679.5	448.863	6.64422
Gorai.013G018100.1.D	2785	2679.5	754.081	11.1622
Gorai.013G018200.1.A	354	248.63	0	0
Gorai.013G018200.1.D	354	248.63	0	0
Gorai.013G018300.1.A	1496	1390.5	179.376	5.11655
Gorai.013G018300.1.D	1496	1390.5	291.624	8.31832
Gorai.013G018400.1.A	1303	1197.5	9.375	0.310512
Gorai.013G018400.1.D	1303	1197.5	15.625	0.517521
Gorai.013G018500.1.A	2120	2014.5	3347.82	65.9141
Gorai.013G018500.1.D	2120	2014.5	1892.18	37.2546
Gorai.013G018600.1.A	1414	1308.5	0	0
Gorai.013G018600.1.D	1414	1308.5	161	4.88018
Gorai.013G018700.1.A	971	865.505	361.823	16.5811
Gorai.013G018700.1.D	971	865.505	570.177	26.1291
Gorai.013G018800.1.A	792	686.505	54	3.11986
Gorai.013G018800.1.D	792	686.505	0	0
Gorai.013G018900.1.A	2087	1981.5	23.4375	0.469139
Gorai.013G018900.1.D	2087	1981.5	1.5625	0.0312759
Gorai.013G019000.1.A	1402	1296.5	15.0355	0.459968
Gorai.013G019000.1.D	1402	1296.5	833.172	25.4886
Gorai.013G019100.1.A	1009	903.505	0	0
Gorai.013G019100.1.D	1009	903.505	0	0
Gorai.013G019200.1.A	1923	1817.5	212.758	4.64297
Gorai.013G019200.1.D	1923	1817.5	79.2416	1.72927
Gorai.013G019300.1.A	1152	1046.5	2.5	0.094751
Gorai.013G019300.1.D	1152	1046.5	2.5	0.094751
Gorai.013G019400.1.A	1270	1164.5	571.547	19.4668
Gorai.013G019400.1.D	1270	1164.5	566.453	19.2933
Gorai.013G019500.1.A	1510	1404.5	2537.87	71.669
Gorai.013G019500.1.D	1510	1404.5	1067.13	30.1355
Gorai.013G019600.1.A	666	560.505	196.567	13.9097
Gorai.013G019600.1.D	666	560.505	310.433	21.9671
Gorai.013G019700.1.A	1402	1296.5	5	0.152961
Gorai.013G019700.1.D	1402	1296.5	0	0
Gorai.013G019800.1.A	1168	1062.5	2142.25	79.9695
Gorai.013G019800.1.D	1168	1062.5	1037.75	38.7388
Gorai.013G019900.1.A	1670	1564.5	191.865	4.86411
Gorai.013G019900.1.D	1670	1564.5	195.135	4.94702
Gorai.013G020000.1.A	873	767.505	288.915	14.9305
Gorai.013G020000.1.D	873	767.505	199.085	10.2883
Gorai.013G020100.1.A	1802	1696.5	0	0
Gorai.013G020100.1.D	1802	1696.5	1	0.0233792
Gorai.013G020200.1.A	1377	1271.5	140.519	4.38331
Gorai.013G020200.1.D	1377	1271.5	36.4809	1.13797
Gorai.013G020300.1.A	1637	1531.5	628.995	16.2897
Gorai.013G020300.1.D	1637	1531.5	210.005	5.43871
Gorai.013G020400.1.A	1168	1062.5	2	0.0746593
Gorai.013G020400.1.D	1168	1062.5	2	0.0746593
Gorai.013G020500.1.A	1102	996.505	40.9756	1.63091
Gorai.013G020500.1.D	1102	996.505	1.02439	0.0407728
Gorai.013G020600.1.A	946	840.505	43.4884	2.05219
Gorai.013G020600.1.D	946	840.505	11.5116	0.543227
Gorai.013G020700.1.A	1661	1555.5	361.927	9.22858
Gorai.013G020700.1.D	1661	1555.5	176.073	4.48958
Gorai.013G020800.1.A	1334	1228.5	7.84848	0.253393
Gorai.013G020800.1.D	1334	1228.5	29.1515	0.941173
Gorai.013G020900.1.A	267	161.849	23	5.6364
Gorai.013G020900.1.D	267	161.849	0	0
Gorai.013G021000.1.A	1673	1567.5	1	0.0253032
Gorai.013G021000.1.D	1673	1567.5	0	0
Gorai.013G021100.1.A	1574	1468.5	0	0
Gorai.013G021100.1.D	1574	1468.5	0	0
Gorai.013G021200.1.A	1736	1630.5	55.6176	1.35293
Gorai.013G021200.1.D	1736	1630.5	2.60882	0.063461
Gorai.013G021300.1.A	2685	2579.5	81.9533	1.26013
Gorai.013G021300.1.D	2685	2579.5	140.047	2.15338
Gorai.013G021400.1.A	2084	1978.5	0	0
Gorai.013G021400.1.D	2084	1978.5	7.07159	0.141764
Gorai.013G021500.1.A	1798	1692.5	30	0.703034
Gorai.013G021500.1.D	1798	1692.5	0	0
Gorai.013G021600.1.A	966	860.505	44.1	2.03269
Gorai.013G021600.1.D	966	860.505	4.9	0.225854
Gorai.013G021700.1.A	1141	1035.5	0	0
Gorai.013G021700.1.D	1141	1035.5	0	0
Gorai.013G021800.1.A	1452	1346.5	61.6438	1.81579
Gorai.013G021800.1.D	1452	1346.5	13.3562	0.393422
Gorai.013G021900.1.A	2782	2676.5	22.325	0.330833
Gorai.013G021900.1.D	2782	2676.5	24.675	0.365657
Gorai.013G022000.1.A	972	866.505	0	0
Gorai.013G022000.1.D	972	866.505	0	0
Gorai.013G022100.1.A	1520	1414.5	15	0.420602
Gorai.013G022100.1.D	1520	1414.5	22	0.616884
Gorai.013G022200.1.A	1277	1171.5	7	0.236995
Gorai.013G022200.1.D	1277	1171.5	6	0.203138
Gorai.013G022300.1.A	1245	1139.5	9.75	0.33937
Gorai.013G022300.1.D	1245	1139.5	3.25	0.113123
Gorai.013G022400.1.A	1547	1441.5	15.549	0.427831
Gorai.013G022400.1.D	1547	1441.5	45.451	1.25058
Gorai.013G022500.1.A	1293	1187.5	14	0.467603
Gorai.013G022500.1.D	1293	1187.5	7	0.233802
Gorai.013G022600.1.A	783	677.505	0	0
Gorai.013G022600.1.D	783	677.505	0	0
Gorai.013G022700.1.A	1909	1803.5	162.64	3.57681
Gorai.013G022700.1.D	1909	1803.5	189.36	4.16443
Gorai.013G022800.1.A	844	738.505	15	0.805606
Gorai.013G022800.1.D	844	738.505	0	0
Gorai.013G022900.1.A	838	732.505	2077.19	112.474
Gorai.013G022900.1.D	838	732.505	1034.81	56.0316
Gorai.013G023000.1.A	1372	1266.5	29.25	0.916018
Gorai.013G023000.1.D	1372	1266.5	9.75	0.305339
Gorai.013G023100.1.A	1221	1115.5	1312.56	46.6695
Gorai.013G023100.1.D	1221	1115.5	1567.17	55.7223
Gorai.013G023200.1.A	2188	2082.5	168.968	3.21812
Gorai.013G023200.1.D	2188	2082.5	219.032	4.17164
Gorai.013G023300.1.A	779	673.505	0	0
Gorai.013G023300.1.D	779	673.505	6	0.353342
Gorai.013G023400.1.A	1117	1011.5	694.29	27.2244
Gorai.013G023400.1.D	1117	1011.5	481.71	18.8887
Gorai.013G023500.1.A	333	227.63	0	0
Gorai.013G023500.1.D	333	227.63	0	0
Gorai.013G023600.1.A	243	138.135	0	0
Gorai.013G023600.1.D	243	138.135	0	0
Gorai.013G023700.1.A	459	353.551	0	0
Gorai.013G023700.1.D	459	353.551	0	0
Gorai.013G023800.1.A	2470	2364.5	27.7727	0.465868
Gorai.013G023800.1.D	2470	2364.5	19.2273	0.322524
Gorai.013G023900.1.A	2031	1925.5	0	0
Gorai.013G023900.1.D	2031	1925.5	0	0
Gorai.013G024000.1.A	1848	1742.5	18.3077	0.41672
Gorai.013G024000.1.D	1848	1742.5	23.6923	0.539285
Gorai.013G024100.1.A	1667	1561.5	145.918	3.70639
Gorai.013G024100.1.D	1667	1561.5	404.082	10.2639
Gorai.013G024200.1.A	1591	1485.5	3	0.0800999
Gorai.013G024200.1.D	1591	1485.5	14	0.3738
Gorai.013G024300.1.A	1557	1451.5	485.445	13.265
Gorai.013G024300.1.D	1557	1451.5	401.555	10.9726
Gorai.013G024400.1.A	3198	3092.5	584.952	7.50231
Gorai.013G024400.1.D	3198	3092.5	27.7994	0.356541
Gorai.013G024500.1.A	2277	2171.5	306.996	5.60734
Gorai.013G024500.1.D	2277	2171.5	263.716	4.81683
Gorai.013G024600.1.A	868	762.505	11.1473	0.579844
Gorai.013G024600.1.D	868	762.505	11.1473	0.579844
Gorai.013G024700.1.A	1601	1495.5	162.012	4.29679
Gorai.013G024700.1.D	1601	1495.5	130.988	3.474
Gorai.013G024800.1.A	960	854.505	0	0
Gorai.013G024800.1.D	960	854.505	0	0
Gorai.013G024900.1.A	2631	2525.5	28	0.439739
Gorai.013G024900.1.D	2631	2525.5	13	0.204164
Gorai.013G025000.1.A	1356	1250.5	297.19	9.42613
Gorai.013G025000.1.D	1356	1250.5	149.712	4.7485
Gorai.013G025100.1.A	769	663.505	2	0.119556
Gorai.013G025100.1.D	769	663.505	0	0
Gorai.013G025200.1.A	3172	3066.5	726.87	9.40151
Gorai.013G025200.1.D	3172	3066.5	842.13	10.8923
Gorai.013G025300.1.A	1344	1238.5	0	0
Gorai.013G025300.1.D	1344	1238.5	0	0
Gorai.013G025400.1.A	1904	1798.5	0	0
Gorai.013G025400.1.D	1904	1798.5	21	0.463119
Gorai.013G025500.1.A	2132	2026.5	0	0
Gorai.013G025500.1.D	2132	2026.5	93.9284	1.83838
Gorai.013G025600.1.A	2282	2176.5	5.68451	0.10359
Gorai.013G025600.1.D	2282	2176.5	2.87899	0.0524645
Gorai.013G025700.1.A	1047	941.505	2012.35	84.7745
Gorai.013G025700.1.D	1047	941.505	3724.09	156.885
Gorai.013G025800.1.A	763	657.505	385.118	23.2316
Gorai.013G025800.1.D	763	657.505	164.882	9.94626
Gorai.013G025900.1.A	911	805.505	218.295	10.7488
Gorai.013G025900.1.D	911	805.505	46.705	2.29975
Gorai.013G026000.1.A	1153	1047.5	16.9167	0.640536
Gorai.013G026000.1.D	1153	1047.5	12.0833	0.457526
Gorai.013G026100.1.A	1684	1578.5	4.93483	0.123997
Gorai.013G026100.1.D	1684	1578.5	1.50305	0.0377669
Gorai.013G026200.1.A	2224	2118.5	149.28	2.79484
Gorai.013G026200.1.D	2224	2118.5	126.282	2.36427
Gorai.013G026300.1.A	5500	5394.5	734.833	5.40284
Gorai.013G026300.1.D	5500	5394.5	503.167	3.69952
Gorai.013G026400.1.A	1429	1323.5	92.069	2.75913
Gorai.013G026400.1.D	1429	1323.5	85.931	2.57519
Gorai.013G026500.1.A	721	615.505	0	0
Gorai.013G026500.1.D	721	615.505	0	0
Gorai.013G026600.1.A	943	837.505	0	0
Gorai.013G026600.1.D	943	837.505	0	0
Gorai.013G026700.1.A	675	569.505	0	0
Gorai.013G026700.1.D	675	569.505	0	0
Gorai.013G026800.1.A	627	521.505	0	0
Gorai.013G026800.1.D	627	521.505	1	0.0760548
Gorai.013G026900.1.A	613	507.551	1	0.0781457
Gorai.013G026900.1.D	613	507.551	722	56.4212
Gorai.013G027000.1.A	2031	1925.5	35.4545	0.730318
Gorai.013G027000.1.D	2031	1925.5	94.5455	1.94752
Gorai.013G027100.1.A	1924	1818.5	31.287	0.682394
Gorai.013G027100.1.D	1924	1818.5	77.713	1.69498
Gorai.013G027200.1.A	141	45.4218	0	0
Gorai.013G027200.1.D	141	45.4218	0	0
Gorai.013G027300.1.A	965	859.505	487.96	22.5176
Gorai.013G027300.1.D	965	859.505	1469.04	67.7907
Gorai.013G027400.1.A	1210	1104.5	65.662	2.35793
Gorai.013G027400.1.D	1210	1104.5	82.338	2.95677
Gorai.013G027500.1.A	2089	1983.5	2	0.0399928
Gorai.013G027500.1.D	2089	1983.5	0	0
Gorai.013G027600.1.A	1230	1124.5	0	0
Gorai.013G027600.1.D	1230	1124.5	0	0
Gorai.013G027700.1.A	648	542.505	0	0
Gorai.013G027700.1.D	648	542.505	0	0
Gorai.013G027800.1.A	1562	1456.5	268.201	7.30355
Gorai.013G027800.1.D	1562	1456.5	77.7988	2.11859
Gorai.013G027900.1.A	2241	2135.5	1840.52	34.1842
Gorai.013G027900.1.D	2241	2135.5	1197.48	22.2408
Gorai.013G028000.1.A	2598	2492.5	81.4516	1.29613
Gorai.013G028000.1.D	2598	2492.5	19.5484	0.311071
Gorai.013G028100.1.A	1802	1696.5	73.515	1.71872
Gorai.013G028100.1.D	1802	1696.5	93.5604	2.18737
Gorai.013G028200.1.A	531	425.551	104.545	9.74402
Gorai.013G028200.1.D	531	425.551	148.455	13.8365
Gorai.013G028300.1.A	333	227.63	1.15385	0.20105
Gorai.013G028300.1.D	333	227.63	13.8462	2.41259
Gorai.013G028400.1.A	2391	2285.5	14.7333	0.255684
Gorai.013G028400.1.D	2391	2285.5	2.26667	0.039336
Gorai.013G028500.1.A	2087	1981.5	398.027	7.96714
Gorai.013G028500.1.D	2087	1981.5	228.973	4.58325
Gorai.013G028600.1.A	1355	1249.5	1	0.0317429
Gorai.013G028600.1.D	1355	1249.5	10	0.317429
Gorai.013G028700.1.A	2877	2771.5	107.045	1.53192
Gorai.013G028700.1.D	2877	2771.5	55.9552	0.800774
Gorai.013G028800.1.A	1188	1082.5	131.94	4.83427
Gorai.013G028800.1.D	1188	1082.5	101.06	3.70284
Gorai.013G028900.1.A	1811	1705.5	92.8462	2.15922
Gorai.013G028900.1.D	1811	1705.5	120.154	2.79428
Gorai.013G029000.1.A	3928	3822.5	242.112	2.5122
Gorai.013G029000.1.D	3928	3822.5	136.756	1.41901
Gorai.013G029100.1.A	975	869.505	0	0
Gorai.013G029100.1.D	975	869.505	0	0
Gorai.013G029200.1.A	1508	1402.5	0	0
Gorai.013G029200.1.D	1508	1402.5	0	0
Gorai.013G029300.1.A	1222	1116.5	1	0.0355242
Gorai.013G029300.1.D	1222	1116.5	0	0
Gorai.013G029400.1.A	2081	1975.5	1	0.0200774
Gorai.013G029400.1.D	2081	1975.5	2	0.0401547
Gorai.013G029500.1.A	378	272.583	1	0.145508
Gorai.013G029500.1.D	378	272.583	4	0.582031
Gorai.013G029600.1.A	823	717.505	46.6133	2.57674
Gorai.013G029600.1.D	823	717.505	29.3867	1.62447
Gorai.013G029700.1.A	1174	1068.5	34	1.26208
Gorai.013G029700.1.D	1174	1068.5	14	0.519681
Gorai.013G029800.1.A	596	490.551	204.741	16.5541
Gorai.013G029800.1.D	596	490.551	242.259	19.5876
Gorai.013G029900.1.A	1268	1162.5	30.5455	1.04217
Gorai.013G029900.1.D	1268	1162.5	17.4545	0.595523
Gorai.013G030000.1.A	2654	2548.5	505.142	7.86163
Gorai.013G030000.1.D	2654	2548.5	505.55	7.86798
Gorai.013G030100.1.A	1335	1229.5	0	0
Gorai.013G030100.1.D	1335	1229.5	1	0.0322593
Gorai.013G030200.1.A	3417	3311.5	2434.8	29.1623
Gorai.013G030200.1.D	3417	3311.5	2323.2	27.8257
Gorai.013G030300.1.A	2021	1915.5	12.5454	0.259769
Gorai.013G030300.1.D	2021	1915.5	568.632	11.7743
Gorai.013G030400.1.A	483	377.551	0	0
Gorai.013G030400.1.D	483	377.551	0	0
Gorai.013G030500.1.A	422	316.583	0	0
Gorai.013G030500.1.D	422	316.583	0	0
Gorai.013G030600.1.A	699	593.505	0	0
Gorai.013G030600.1.D	699	593.505	0	0
Gorai.013G030700.1.A	619	513.505	15.0553	1.16287
Gorai.013G030700.1.D	619	513.505	6.15076	0.475083
Gorai.013G030800.1.A	495	389.551	20	2.03634
Gorai.013G030800.1.D	495	389.551	0	0
Gorai.013G030900.1.A	647	541.505	7	0.512721
Gorai.013G030900.1.D	647	541.505	1	0.0732458
Gorai.013G031000.1.A	691	585.505	0	0
Gorai.013G031000.1.D	691	585.505	0	0
Gorai.013G031100.1.A	315	209.649	0	0
Gorai.013G031100.1.D	315	209.649	0	0
Gorai.013G031200.1.A	510	404.551	1	0.0980418
Gorai.013G031200.1.D	510	404.551	0	0
Gorai.013G031300.1.A	441	335.583	1	0.118191
Gorai.013G031300.1.D	441	335.583	0	0
Gorai.013G031400.1.A	609	503.551	5.71429	0.450094
Gorai.013G031400.1.D	609	503.551	2.28571	0.180038
Gorai.013G031500.1.A	4141	4035.5	903.463	8.87968
Gorai.013G031500.1.D	4141	4035.5	380.222	3.73701
Gorai.013G031600.1.A	1855	1749.5	5	0.113355
Gorai.013G031600.1.D	1855	1749.5	2	0.0453419
Gorai.013G031700.1.A	2986	2880.5	495.212	6.8188
Gorai.013G031700.1.D	2986	2880.5	222.788	3.06766
Gorai.013G031800.1.A	662	556.505	0	0
Gorai.013G031800.1.D	662	556.505	0	0
Gorai.013G031900.1.A	942	836.505	5	0.237075
Gorai.013G031900.1.D	942	836.505	3	0.142245
Gorai.013G032000.1.A	1856	1750.5	1783.41	40.4084
Gorai.013G032000.1.D	1856	1750.5	262.594	5.94986
Gorai.013G032100.1.A	830	724.505	2	0.10949
Gorai.013G032100.1.D	830	724.505	0	0
Gorai.013G032200.1.A	1574	1468.5	20.4585	0.552565
Gorai.013G032200.1.D	1574	1468.5	63.4214	1.71295
Gorai.013G032300.1.A	1154	1048.5	22	0.832218
Gorai.013G032300.1.D	1154	1048.5	8	0.302625
Gorai.013G032400.1.A	1871	1765.5	6.72922	0.151175
Gorai.013G032400.1.D	1871	1765.5	17.496	0.393056
Gorai.013G032500.1.A	1596	1490.5	14.7748	0.393163
Gorai.013G032500.1.D	1596	1490.5	0	0
Gorai.013G032600.1.A	1866	1760.5	1	0.0225293
Gorai.013G032600.1.D	1866	1760.5	2	0.0450586
Gorai.013G032700.1.A	1469	1363.5	229.873	6.68677
Gorai.013G032700.1.D	1469	1363.5	172.127	5.007
Gorai.013G032800.1.A	1822	1716.5	6	0.138641
Gorai.013G032800.1.D	1822	1716.5	0	0
Gorai.013G032900.1.A	1388	1282.5	536.308	16.5859
Gorai.013G032900.1.D	1388	1282.5	44.6923	1.38216
Gorai.013G033000.1.A	2987	2881.5	72.7209	1.00098
Gorai.013G033000.1.D	2987	2881.5	281.279	3.87171
Gorai.013G033100.1.A	1951	1845.5	216.248	4.64752
Gorai.013G033100.1.D	1951	1845.5	26.7523	0.574951
Gorai.013G033200.1.A	3941	3835.5	5478.34	56.6515
Gorai.013G033200.1.D	3941	3835.5	2102.31	21.74
Gorai.013G033300.1.A	1105	999.505	15	0.595239
Gorai.013G033300.1.D	1105	999.505	7	0.277778
Gorai.013G033400.1.A	1184	1078.5	213.874	7.86541
Gorai.013G033400.1.D	1184	1078.5	133.126	4.89582
Gorai.013G033500.1.A	1033	927.505	0	0
Gorai.013G033500.1.D	1033	927.505	0	0
Gorai.013G033600.1.A	3265	3159.5	36.1216	0.453454
Gorai.013G033600.1.D	3265	3159.5	44.8784	0.563382
Gorai.013G033700.1.A	3071	2965.5	4885.51	65.3426
Gorai.013G033700.1.D	3071	2965.5	4623.49	61.8381
Gorai.013G033800.1.A	1495	1389.5	2762.5	78.8547
Gorai.013G033800.1.D	1495	1389.5	7703.5	219.894
Gorai.013G033900.1.A	251	146.005	0	0
Gorai.013G033900.1.D	251	146.005	0	0
Gorai.013G034000.1.A	1833	1727.5	8.86667	0.203576
Gorai.013G034000.1.D	1833	1727.5	10.1333	0.232658
Gorai.013G034100.1.A	1184	1078.5	49.6243	1.82498
Gorai.013G034100.1.D	1184	1078.5	50.5317	1.85835
Gorai.013G034200.1.A	3292	3186.5	151.178	1.88174
Gorai.013G034200.1.D	3292	3186.5	189.755	2.36191
Gorai.013G034300.1.A	2394	2288.5	0	0
Gorai.013G034300.1.D	2394	2288.5	0	0
Gorai.013G034400.1.A	2364	2258.5	0	0
Gorai.013G034400.1.D	2364	2258.5	1	0.0175616
Gorai.013G034500.1.A	2235	2129.5	3	0.0558763
Gorai.013G034500.1.D	2235	2129.5	0	0
Gorai.013G034600.1.A	3077	2971.5	2074.61	27.6914
Gorai.013G034600.1.D	3077	2971.5	1098.39	14.6611
Gorai.013G034700.1.A	3536	3430.5	1.19048	0.0137641
Gorai.013G034700.1.D	3536	3430.5	23.8095	0.275282
Gorai.013G034800.1.A	2556	2450.5	1.06	0.0171568
Gorai.013G034800.1.D	2556	2450.5	51.94	0.840681
Gorai.013G034900.1.A	2044	1938.5	1082.46	22.1478
Gorai.013G034900.1.D	2044	1938.5	602.536	12.3282
Gorai.013G035000.1.A	703	597.505	3.5	0.232333
Gorai.013G035000.1.D	703	597.505	3.5	0.232333
Gorai.013G035100.1.A	2483	2377.5	0	0
Gorai.013G035100.1.D	2483	2377.5	5	0.083413
Gorai.013G035200.1.A	417	311.583	1	0.127295
Gorai.013G035200.1.D	417	311.583	2	0.25459
Gorai.013G035300.1.A	2346	2240.5	1426.82	25.2585
Gorai.013G035300.1.D	2346	2240.5	1439.18	25.4774
Gorai.013G035400.1.A	1835	1729.5	12.4444	0.28539
Gorai.013G035400.1.D	1835	1729.5	3.55556	0.08154
Gorai.013G035500.1.A	1905	1799.5	709.922	15.6474
Gorai.013G035500.1.D	1905	1799.5	748.078	16.4884
Gorai.013G035600.1.A	743	637.505	30.1538	1.87605
Gorai.013G035600.1.D	743	637.505	11.8462	0.737019
Gorai.013G035700.1.A	768	662.505	775.255	46.4131
Gorai.013G035700.1.D	768	662.505	663.745	39.7372
Gorai.013G035800.1.A	2371	2265.5	440.61	7.71391
Gorai.013G035800.1.D	2371	2265.5	162.39	2.84301
Gorai.013G035900.1.A	1107	1001.5	122.821	4.86412
Gorai.013G035900.1.D	1107	1001.5	74.179	2.93774
Gorai.013G036000.1.A	1488	1382.5	0	0
Gorai.013G036000.1.D	1488	1382.5	0	0
Gorai.013G036100.1.A	2761	2655.5	26.4575	0.395173
Gorai.013G036100.1.D	2761	2655.5	157.803	2.35697
Gorai.013G036200.1.A	1887	1781.5	0	0
Gorai.013G036200.1.D	1887	1781.5	0	0
Gorai.013G036300.1.A	580	474.551	0	0
Gorai.013G036300.1.D	580	474.551	0	0
Gorai.013G036400.1.A	2868	2762.5	4.35625	0.0625453
Gorai.013G036400.1.D	2868	2762.5	9.42026	0.135252
Gorai.013G036500.1.A	325	219.63	0	0
Gorai.013G036500.1.D	325	219.63	0	0
Gorai.013G036600.1.A	1661	1555.5	247.607	6.31358
Gorai.013G036600.1.D	1661	1555.5	224.393	5.72168
Gorai.013G036700.1.A	696	590.505	0	0
Gorai.013G036700.1.D	696	590.505	0	0
Gorai.013G036800.1.A	947	841.505	32760.6	1544.12
Gorai.013G036800.1.D	947	841.505	32461.4	1530.01
Gorai.013G036900.1.A	3624	3518.5	25.8462	0.291355
Gorai.013G036900.1.D	3624	3518.5	16.1538	0.182097
Gorai.013G037000.1.A	2719	2613.5	47.4119	0.71953
Gorai.013G037000.1.D	2719	2613.5	73.3207	1.11273
Gorai.013G037100.1.A	2122	2016.5	1239.44	24.3787
Gorai.013G037100.1.D	2122	2016.5	798.83	15.7123
Gorai.013G037200.1.A	1565	1459.5	31.8493	0.865525
Gorai.013G037200.1.D	1565	1459.5	118.151	3.21082
Gorai.013G037300.1.A	1948	1842.5	572.823	12.331
Gorai.013G037300.1.D	1948	1842.5	1588.18	34.1881
Gorai.013G037400.1.A	1554	1448.5	3820.35	104.609
Gorai.013G037400.1.D	1554	1448.5	2709.65	74.1957
Gorai.013G037500.1.A	1914	1808.5	351.686	7.71295
Gorai.013G037500.1.D	1914	1808.5	17.3138	0.379715
Gorai.013G037600.1.A	3177	3071.5	3515.22	45.3927
Gorai.013G037600.1.D	3177	3071.5	4354.78	56.2341
Gorai.013G037700.1.A	2046	1940.5	0	0
Gorai.013G037700.1.D	2046	1940.5	0	0
Gorai.013G037800.1.A	1248	1142.5	658.141	22.8479
Gorai.013G037800.1.D	1248	1142.5	652.692	22.6587
Gorai.013G037900.1.A	1041	935.505	357.956	15.1764
Gorai.013G037900.1.D	1041	935.505	101.044	4.28402
Gorai.013G038000.1.A	1264	1158.5	671.547	22.9913
Gorai.013G038000.1.D	1264	1158.5	263.453	9.01966
Gorai.013G038100.1.A	1517	1411.5	8	0.224798
Gorai.013G038100.1.D	1517	1411.5	0	0
Gorai.013G038200.1.A	2940	2834.5	1.27027	0.0177748
Gorai.013G038200.1.D	2940	2834.5	45.7297	0.639892
Gorai.013G038300.1.A	1384	1278.5	0	0
Gorai.013G038300.1.D	1384	1278.5	0	0
Gorai.013G038400.1.A	1111	1005.5	27.3333	1.07819
Gorai.013G038400.1.D	1111	1005.5	54.6667	2.15637
Gorai.013G038500.1.A	3996	3890.5	1773.75	18.0831
Gorai.013G038500.1.D	3996	3890.5	349.247	3.56051
Gorai.013G038600.1.A	4000	3894.5	20.4545	0.208316
Gorai.013G038600.1.D	4000	3894.5	24.5455	0.249979
Gorai.013G038700.1.A	2109	2003.5	123.712	2.4491
Gorai.013G038700.1.D	2109	2003.5	89.2879	1.76761
Gorai.013G038800.1.A	1775	1669.5	866.507	20.5859
Gorai.013G038800.1.D	1775	1669.5	1278.98	30.385
Gorai.013G038900.1.A	2603	2497.5	1150.28	18.2676
Gorai.013G038900.1.D	2603	2497.5	1633.64	25.9438
Gorai.013G039000.1.A	704	598.505	4	0.26508
Gorai.013G039000.1.D	704	598.505	2	0.13254
Gorai.013G039100.1.A	445	339.583	0	0
Gorai.013G039100.1.D	445	339.583	0	0
Gorai.013G039200.1.A	2667	2561.5	296.181	4.58614
Gorai.013G039200.1.D	2667	2561.5	407.819	6.31476
Gorai.013G039300.1.A	2354	2248.5	93.5173	1.64962
Gorai.013G039300.1.D	2354	2248.5	50.8166	0.89639
Gorai.013G039400.1.A	1806	1700.5	2.28571	0.0533125
Gorai.013G039400.1.D	1806	1700.5	5.71429	0.133281
Gorai.013G039500.1.A	489	383.551	0	0
Gorai.013G039500.1.D	489	383.551	0	0
Gorai.013G039600.1.A	877	771.505	6.92756	0.356145
Gorai.013G039600.1.D	877	771.505	6.92756	0.356145
Gorai.013G039700.1.A	1686	1580.5	133.546	3.35136
Gorai.013G039700.1.D	1686	1580.5	70.4536	1.76804
Gorai.013G039800.1.A	1553	1447.5	245.388	6.72385
Gorai.013G039800.1.D	1553	1447.5	243.392	6.66916
Gorai.013G039900.1.A	354	248.63	0	0
Gorai.013G039900.1.D	354	248.63	0	0
Gorai.013G040000.1.A	1967	1861.5	550.727	11.7343
Gorai.013G040000.1.D	1967	1861.5	320.273	6.82403
Gorai.013G040100.1.A	991	885.505	0	0
Gorai.013G040100.1.D	991	885.505	0	0
Gorai.013G040200.1.A	3953	3847.5	163.841	1.68899
Gorai.013G040200.1.D	3953	3847.5	134.159	1.38301
Gorai.013G040300.1.A	1536	1430.5	0	0
Gorai.013G040300.1.D	1536	1430.5	0	0
Gorai.013G040400.1.A	1479	1373.5	7	0.20214
Gorai.013G040400.1.D	1479	1373.5	0	0
Gorai.013G040500.1.A	1807	1701.5	136.479	3.18139
Gorai.013G040500.1.D	1807	1701.5	148.521	3.4621
Gorai.013G040600.1.A	2046	1940.5	51.6814	1.05634
Gorai.013G040600.1.D	2046	1940.5	72.4172	1.48017
Gorai.013G040700.1.A	1567	1461.5	0	0
Gorai.013G040700.1.D	1567	1461.5	4	0.108554
Gorai.013G040800.1.A	237	132.247	0	0
Gorai.013G040800.1.D	237	132.247	4	1.19966
Gorai.013G040900.1.A	979	873.505	5.38462	0.244497
Gorai.013G040900.1.D	979	873.505	8.61538	0.391196
Gorai.013G041000.1.A	1929	1823.5	7.36364	0.160166
Gorai.013G041000.1.D	1929	1823.5	46.6364	1.01438
Gorai.013G041100.1.A	1069	963.505	32.7111	1.34656
Gorai.013G041100.1.D	1069	963.505	13.2889	0.547041
Gorai.013G041200.1.A	724	618.505	0	0
Gorai.013G041200.1.D	724	618.505	0	0
Gorai.013G041300.1.A	1974	1868.5	33.4669	0.710405
Gorai.013G041300.1.D	1974	1868.5	73.3568	1.55715
Gorai.013G041400.1.A	486	380.551	0	0
Gorai.013G041400.1.D	486	380.551	0	0
Gorai.013G041500.1.A	496	390.551	0	0
Gorai.013G041500.1.D	496	390.551	3	0.304669
Gorai.013G041600.1.A	409	303.583	0	0
Gorai.013G041600.1.D	409	303.583	7.27208	0.950093
Gorai.013G041700.1.A	811	705.505	0	0
Gorai.013G041700.1.D	811	705.505	4.19069	0.235597
Gorai.013G041800.1.A	623	517.505	0.5	0.0383213
Gorai.013G041800.1.D	623	517.505	0.5	0.0383213
Gorai.013G041900.1.A	1644	1538.5	83.1838	2.14449
Gorai.013G041900.1.D	1644	1538.5	8.99247	0.231828
Gorai.013G042000.1.A	633	527.505	0	0
Gorai.013G042000.1.D	633	527.505	0	0
Gorai.013G042100.1.A	2576	2470.5	12.2	0.195866
Gorai.013G042100.1.D	2576	2470.5	48.8	0.783464
Gorai.013G042200.1.A	1607	1501.5	4	0.105662
Gorai.013G042200.1.D	1607	1501.5	9	0.237739
Gorai.013G042300.1.A	2019	1913.5	602.401	12.4865
Gorai.013G042300.1.D	2019	1913.5	665.599	13.7965
Gorai.013G042400.1.A	1760	1654.5	65.4359	1.56867
Gorai.013G042400.1.D	1760	1654.5	22.5641	0.540922
Gorai.013G042500.1.A	915	809.505	4	0.195986
Gorai.013G042500.1.D	915	809.505	0	0
Gorai.013G042600.1.A	1247	1141.5	3.28571	0.114166
Gorai.013G042600.1.D	1247	1141.5	19.7143	0.684996
Gorai.013G042700.1.A	1480	1374.5	1.24401	0.0358973
Gorai.013G042700.1.D	1480	1374.5	5.47134	0.157882
Gorai.013G042800.1.A	2392	2286.5	984.075	17.0703
Gorai.013G042800.1.D	2392	2286.5	864.21	14.991
Gorai.013G042900.1.A	1281	1175.5	0	0
Gorai.013G042900.1.D	1281	1175.5	1	0.0337412
Gorai.013G043000.1.A	720	614.505	0	0
Gorai.013G043000.1.D	720	614.505	0	0
Gorai.013G043100.1.A	3139	3033.5	4.57601	0.0598311
Gorai.013G043100.1.D	3139	3033.5	3.43271	0.0448826
Gorai.013G043200.1.A	925	819.505	0	0
Gorai.013G043200.1.D	925	819.505	1	0.0483987
Gorai.013G043300.1.A	2204	2098.5	419.358	7.92611
Gorai.013G043300.1.D	2204	2098.5	284.642	5.3799
Gorai.013G043400.1.A	555	449.551	2	0.176456
Gorai.013G043400.1.D	555	449.551	15	1.32342
Gorai.013G043500.1.A	576	470.551	64.0086	5.39531
Gorai.013G043500.1.D	576	470.551	70.9914	5.98389
Gorai.013G043600.1.A	668	562.505	38.0737	2.68463
Gorai.013G043600.1.D	668	562.505	5.54972	0.391318
Gorai.013G043700.1.A	1131	1025.5	0	0
Gorai.013G043700.1.D	1131	1025.5	1	0.0386765
Gorai.013G043800.1.A	1604	1498.5	756.67	20.0278
Gorai.013G043800.1.D	1604	1498.5	606.33	16.0486
Gorai.013G043900.1.A	411	305.583	0.530507	0.0688567
Gorai.013G043900.1.D	411	305.583	0.530507	0.0688567
Gorai.013G044000.1.A	720	614.505	18.9	1.21989
Gorai.013G044000.1.D	720	614.505	8.1	0.522811
Gorai.013G044100.1.A	1755	1649.5	0	0
Gorai.013G044100.1.D	1755	1649.5	4	0.0961815
Gorai.013G044200.1.A	2326	2220.5	298.837	5.33787
Gorai.013G044200.1.D	2326	2220.5	113.163	2.02133
Gorai.013G044300.1.A	2022	1916.5	49.8913	1.03252
Gorai.013G044300.1.D	2022	1916.5	1.1087	0.022945
Gorai.013G044400.1.A	2450	2344.5	1277.44	21.6109
Gorai.013G044400.1.D	2450	2344.5	1223.56	20.6995
Gorai.013G044500.1.A	2419	2313.5	436.855	7.48948
Gorai.013G044500.1.D	2419	2313.5	417.98	7.1659
Gorai.013G044600.1.A	2098	1992.5	15.9061	0.316627
Gorai.013G044600.1.D	2098	1992.5	10.2586	0.204208
Gorai.013G044700.1.A	2270	2164.5	104.305	1.91132
Gorai.013G044700.1.D	2270	2164.5	152.695	2.79801
Gorai.013G044800.1.A	2765	2659.5	5	0.0745683
Gorai.013G044800.1.D	2765	2659.5	5	0.0745683
Gorai.013G044900.1.A	1886	1780.5	2.5	0.0556906
Gorai.013G044900.1.D	1886	1780.5	2.5	0.0556906
Gorai.013G045000.1.A	2015	1909.5	82.9725	1.72345
Gorai.013G045000.1.D	2015	1909.5	398.027	8.26756
Gorai.013G045100.1.A	1303	1197.5	20.2253	0.669889
Gorai.013G045100.1.D	1303	1197.5	280.775	9.29963
Gorai.013G045200.1.A	3057	2951.5	545.144	7.32576
Gorai.013G045200.1.D	3057	2951.5	477.856	6.42153
Gorai.013G045300.1.A	1233	1127.5	75.4624	2.65459
Gorai.013G045300.1.D	1233	1127.5	45.5376	1.60191
Gorai.013G045400.1.A	1750	1644.5	1291.66	31.1529
Gorai.013G045400.1.D	1750	1644.5	786.338	18.9653
Gorai.013G045500.1.A	2053	1947.5	14.7	0.299381
Gorai.013G045500.1.D	2053	1947.5	6.3	0.128306
Gorai.013G045600.1.A	1434	1328.5	0	0
Gorai.013G045600.1.D	1434	1328.5	0	0
Gorai.013G045700.1.A	1548	1442.5	2.5	0.0687397
Gorai.013G045700.1.D	1548	1442.5	2.5	0.0687397
Gorai.013G045800.1.A	3317	3211.5	4.16667	0.0514594
Gorai.013G045800.1.D	3317	3211.5	20.8333	0.257297
Gorai.013G045900.1.A	3927	3821.5	1962.19	20.3654
Gorai.013G045900.1.D	3927	3821.5	1244.51	12.9166
Gorai.013G046000.1.A	3005	2899.5	2549.15	34.8703
Gorai.013G046000.1.D	3005	2899.5	3729.85	51.0214
Gorai.013G046100.1.A	3591	3485.5	4.25	0.0483624
Gorai.013G046100.1.D	3591	3485.5	29.75	0.338537
Gorai.013G046200.1.A	1754	1648.5	0	0
Gorai.013G046200.1.D	1754	1648.5	3	0.0721799
Gorai.013G046300.1.A	1029	923.505	14.6667	0.629908
Gorai.013G046300.1.D	1029	923.505	7.33333	0.314954
Gorai.013G046400.1.A	1752	1646.5	0	0
Gorai.013G046400.1.D	1752	1646.5	28	0.674497
Gorai.013G046500.1.A	1218	1112.5	63.0447	2.24767
Gorai.013G046500.1.D	1218	1112.5	121.955	4.34794
Gorai.013G046600.1.A	1345	1239.5	192.531	6.16081
Gorai.013G046600.1.D	1345	1239.5	677.469	21.6783
Gorai.013G046700.1.A	1798	1692.5	45.8333	1.07408
Gorai.013G046700.1.D	1798	1692.5	54.1667	1.26937
Gorai.013G046800.1.A	951	845.505	2	0.0938208
Gorai.013G046800.1.D	951	845.505	4	0.187642
Gorai.013G046900.1.A	2078	1972.5	3477.4	69.9233
Gorai.013G046900.1.D	2078	1972.5	2575.13	51.7805
Gorai.013G047000.1.A	3073	2967.5	35.8333	0.47894
Gorai.013G047000.1.D	3073	2967.5	7.16667	0.0957879
Gorai.013G047100.1.A	1436	1330.5	133.275	3.973
Gorai.013G047100.1.D	1436	1330.5	75.7246	2.25739
Gorai.013G047200.1.A	873	767.505	133.496	6.89876
Gorai.013G047200.1.D	873	767.505	223.504	11.5502
Gorai.013G047300.1.A	603	497.551	18.2857	1.45767
Gorai.013G047300.1.D	603	497.551	13.7143	1.09325
Gorai.013G047400.1.A	357	251.63	33.6	5.29617
Gorai.013G047400.1.D	357	251.63	22.4	3.53078
Gorai.013G047500.1.A	549	443.551	0	0
Gorai.013G047500.1.D	549	443.551	3	0.268264
Gorai.013G047600.1.A	651	545.505	0	0
Gorai.013G047600.1.D	651	545.505	0	0
Gorai.013G047700.1.A	923	817.505	0	0
Gorai.013G047700.1.D	923	817.505	0	0
Gorai.013G047800.1.A	937	831.505	11	0.524702
Gorai.013G047800.1.D	937	831.505	7	0.333901
Gorai.013G047900.1.A	3862	3756.5	30.4715	0.321733
Gorai.013G047900.1.D	3862	3756.5	31.324	0.330733
Gorai.013G048000.1.A	1165	1059.5	3.5	0.131024
Gorai.013G048000.1.D	1165	1059.5	3.5	0.131024
Gorai.013G048100.1.A	764	658.505	36.4535	2.19566
Gorai.013G048100.1.D	764	658.505	58.5465	3.52636
Gorai.013G048200.1.A	1373	1267.5	0	0
Gorai.013G048200.1.D	1373	1267.5	0	0
Gorai.013G048300.1.A	585	479.551	29.8387	2.46791
Gorai.013G048300.1.D	585	479.551	7.16129	0.592299
Gorai.013G048400.1.A	2153	2047.5	0	0
Gorai.013G048400.1.D	2153	2047.5	3	0.0581141
Gorai.013G048500.1.A	1422	1316.5	342.714	10.3251
Gorai.013G048500.1.D	1422	1316.5	0	0
Gorai.013G048600.1.A	411	305.583	56.4604	7.32824
Gorai.013G048600.1.D	411	305.583	56.4604	7.32824
Gorai.013G048700.1.A	1759	1653.5	302.289	7.25105
Gorai.013G048700.1.D	1759	1653.5	257.711	6.18177
Gorai.013G048800.1.A	2250	2144.5	47.5506	0.879455
Gorai.013G048800.1.D	2250	2144.5	44.4494	0.822099
Gorai.013G048900.1.A	1128	1022.5	48559.7	1883.63
Gorai.013G048900.1.D	1128	1022.5	110344	4280.26
Gorai.013G049000.1.A	1727	1621.5	370.904	9.07252
Gorai.013G049000.1.D	1727	1621.5	865.096	21.1608
Gorai.013G049100.1.A	1783	1677.5	119.7	2.83019
Gorai.013G049100.1.D	1783	1677.5	132.3	3.1281
Gorai.013G049200.1.A	599	493.551	16	1.2858
Gorai.013G049200.1.D	599	493.551	18	1.44652
Gorai.013G049300.1.A	1293	1187.5	1783	59.5527
Gorai.013G049300.1.D	1293	1187.5	659.998	22.0441
Gorai.013G049400.1.A	775	669.505	3279.94	194.311
Gorai.013G049400.1.D	775	669.505	1549.06	91.7697
Gorai.013G049500.1.A	1170	1064.5	158.499	5.9056
Gorai.013G049500.1.D	1170	1064.5	518.501	19.3191
Gorai.013G049600.1.A	639	533.505	3.47368	0.258248
Gorai.013G049600.1.D	639	533.505	18.5263	1.37732
Gorai.013G049700.1.A	716	610.505	3518.41	228.582
Gorai.013G049700.1.D	716	610.505	2542.59	165.186
Gorai.013G049800.1.A	2508	2402.5	36.3636	0.600327
Gorai.013G049800.1.D	2508	2402.5	39.4866	0.651884
Gorai.013G049900.1.A	2782	2676.5	74.3159	1.10128
Gorai.013G049900.1.D	2782	2676.5	106.834	1.58316
Gorai.013G050000.1.A	3332	3226.5	933.298	11.4729
Gorai.013G050000.1.D	3332	3226.5	344.702	4.23737
Gorai.013G050100.1.A	1099	993.505	219.892	8.77858
Gorai.013G050100.1.D	1099	993.505	6.10811	0.243849
Gorai.013G050200.1.A	1269	1163.5	97.6994	3.33049
Gorai.013G050200.1.D	1269	1163.5	77.3006	2.63512
Gorai.013G050300.1.A	2812	2706.5	582.033	8.52951
Gorai.013G050300.1.D	2812	2706.5	262.967	3.85369
Gorai.013G050400.1.A	2182	2076.5	13.9333	0.266138
Gorai.013G050400.1.D	2182	2076.5	5.06667	0.0967775
Gorai.013G050500.1.A	926	820.505	18.6667	0.902341
Gorai.013G050500.1.D	926	820.505	51.3333	2.48144
Gorai.013G050600.1.A	1215	1109.5	2	0.0714967
Gorai.013G050600.1.D	1215	1109.5	2	0.0714967
Gorai.013G050700.1.A	1126	1020.5	625.28	24.3022
Gorai.013G050700.1.D	1126	1020.5	253.72	9.86107
Gorai.013G050800.1.A	727	621.505	0	0
Gorai.013G050800.1.D	727	621.505	11	0.701994
Gorai.013G050900.1.A	1436	1330.5	5.5	0.163957
Gorai.013G050900.1.D	1436	1330.5	5.5	0.163957
Gorai.013G051000.1.A	920	814.505	3	0.146087
Gorai.013G051000.1.D	920	814.505	0	0
Gorai.013G051100.1.A	1413	1307.5	1	0.0303348
Gorai.013G051100.1.D	1413	1307.5	0	0
Gorai.013G051200.1.A	1947	1841.5	6	0.12923
Gorai.013G051200.1.D	1947	1841.5	0	0
Gorai.013G051300.1.A	881	775.505	12.0213	0.614823
Gorai.013G051300.1.D	881	775.505	0	0
Gorai.013G051400.1.A	557	451.551	0	0
Gorai.013G051400.1.D	557	451.551	3	0.263511
Gorai.013G051500.1.A	459	353.551	2	0.224369
Gorai.013G051500.1.D	459	353.551	4	0.448738
Gorai.013G051600.1.A	594	488.551	0.0658048	0.00534235
Gorai.013G051600.1.D	594	488.551	3.42059	0.2777
Gorai.013G051700.1.A	938	832.505	6	0.285857
Gorai.013G051700.1.D	938	832.505	6	0.285857
Gorai.013G051800.1.A	433	327.583	0	0
Gorai.013G051800.1.D	433	327.583	0	0
Gorai.013G051900.1.A	1151	1045.5	0	0
Gorai.013G051900.1.D	1151	1045.5	0	0
Gorai.013G052000.1.A	2499	2393.5	1269.88	21.0433
Gorai.013G052000.1.D	2499	2393.5	1025.12	16.9873
Gorai.013G052100.1.A	1389	1283.5	36.6667	1.13308
Gorai.013G052100.1.D	1389	1283.5	23.3333	0.721048
Gorai.013G052200.1.A	2514	2408.5	20	0.329357
Gorai.013G052200.1.D	2514	2408.5	3	0.0494036
Gorai.013G052300.1.A	1741	1635.5	352.34	8.54468
Gorai.013G052300.1.D	1741	1635.5	268.66	6.51532
Gorai.013G052400.1.A	1889	1783.5	125.005	2.77997
Gorai.013G052400.1.D	1889	1783.5	61.9946	1.37868
Gorai.013G052500.1.A	1865	1759.5	8.53333	0.192359
Gorai.013G052500.1.D	1865	1759.5	7.46667	0.168314
Gorai.013G052600.1.A	750	644.505	0	0
Gorai.013G052600.1.D	750	644.505	0	0
Gorai.013G052700.1.A	1715	1609.5	1743.96	42.9763
Gorai.013G052700.1.D	1715	1609.5	2114.04	52.0962
Gorai.013G052800.1.A	1498	1392.5	3	0.0854495
Gorai.013G052800.1.D	1498	1392.5	0	0
Gorai.013G052900.1.A	1299	1193.5	252.806	8.40133
Gorai.013G052900.1.D	1299	1193.5	436.194	14.4957
Gorai.013G053000.1.A	1224	1118.5	1	0.0354607
Gorai.013G053000.1.D	1224	1118.5	27	0.957438
Gorai.013G053100.1.A	873	767.505	1	0.0516778
Gorai.013G053100.1.D	873	767.505	19	0.981878
Gorai.013G053200.1.A	1945	1839.5	149.44	3.22219
Gorai.013G053200.1.D	1945	1839.5	132.625	2.85962
Gorai.013G053300.1.A	3656	3550.5	175.051	1.95551
Gorai.013G053300.1.D	3656	3550.5	1913.88	21.3801
Gorai.013G053400.1.A	956	850.505	1.4	0.0652884
Gorai.013G053400.1.D	956	850.505	5.6	0.261154
Gorai.013G053500.1.A	2492	2386.5	1288.37	21.4123
Gorai.013G053500.1.D	2492	2386.5	1367.63	22.7296
Gorai.013G053600.1.A	4405	4299.5	319.979	2.95181
Gorai.013G053600.1.D	4405	4299.5	210.021	1.93744
Gorai.013G053700.1.A	1838	1732.5	0	0
Gorai.013G053700.1.D	1838	1732.5	0	0
Gorai.013G053800.1.A	1364	1258.5	2	0.0630319
Gorai.013G053800.1.D	1364	1258.5	1	0.0315159
Gorai.013G053900.1.A	1618	1512.5	79.8586	2.09416
Gorai.013G053900.1.D	1618	1512.5	156.141	4.09455
Gorai.013G054000.1.A	1737	1631.5	0	0
Gorai.013G054000.1.D	1737	1631.5	24	0.583456
Gorai.013G054100.1.A	1182	1076.5	0	0
Gorai.013G054100.1.D	1182	1076.5	0	0
Gorai.013G054200.1.A	1923	1817.5	1.08649	0.0237101
Gorai.013G054200.1.D	1923	1817.5	400.914	8.74903
Gorai.013G054300.1.A	2172	2066.5	3.375	0.0647772
Gorai.013G054300.1.D	2172	2066.5	5.625	0.107962
Gorai.013G054400.1.A	1863	1757.5	0	0
Gorai.013G054400.1.D	1863	1757.5	0	0
Gorai.013G054500.1.A	1710	1604.5	16	0.395516
Gorai.013G054500.1.D	1710	1604.5	26	0.642713
Gorai.013G054600.1.A	1156	1050.5	3.86842	0.146056
Gorai.013G054600.1.D	1156	1050.5	45.1316	1.70399
Gorai.013G054700.1.A	862	756.505	1060.71	55.6122
Gorai.013G054700.1.D	862	756.505	592.29	31.0533
Gorai.013G054800.1.A	749	643.505	0.5	0.0308179
Gorai.013G054800.1.D	749	643.505	0.5	0.0308179
Gorai.013G054900.1.A	3006	2900.5	27.8774	0.381209
Gorai.013G054900.1.D	3006	2900.5	563.123	7.70042
Gorai.013G055000.1.A	1415	1309.5	86.7632	2.62793
Gorai.013G055000.1.D	1415	1309.5	70.2368	2.12737
Gorai.013G055100.1.A	575	469.551	1042.17	88.0321
Gorai.013G055100.1.D	575	469.551	926.828	78.2891
Gorai.013G055200.1.A	2993	2887.5	306.458	4.20952
Gorai.013G055200.1.D	2993	2887.5	233.542	3.20795
Gorai.013G055300.1.A	3122	3016.5	258.295	3.39623
Gorai.013G055300.1.D	3122	3016.5	180.705	2.37602
Gorai.013G055400.1.A	843	737.505	707.818	38.0664
Gorai.013G055400.1.D	843	737.505	91.1818	4.90375
Gorai.013G055500.1.A	1233	1127.5	297.584	10.4683
Gorai.013G055500.1.D	1233	1127.5	7.99958	0.281406
Gorai.013G055600.1.A	1734	1628.5	165.342	4.02698
Gorai.013G055600.1.D	1734	1628.5	304.658	7.42008
Gorai.013G055700.1.A	1251	1145.5	1	0.0346249
Gorai.013G055700.1.D	1251	1145.5	0	0
Gorai.013G055800.1.A	2238	2132.5	454.082	8.44557
Gorai.013G055800.1.D	2238	2132.5	549.918	10.2281
Gorai.013G055900.1.A	1613	1507.5	102.656	2.70091
Gorai.013G055900.1.D	1613	1507.5	1.30016	0.0342078
Gorai.013G056000.1.A	354	248.63	3.7905	0.604683
Gorai.013G056000.1.D	354	248.63	0	0
Gorai.013G056100.1.A	669	563.505	0	0
Gorai.013G056100.1.D	669	563.505	0	0
Gorai.013G056200.1.A	699	593.505	0	0
Gorai.013G056200.1.D	699	593.505	0	0
Gorai.013G056300.1.A	586	480.551	11.2095	0.925191
Gorai.013G056300.1.D	586	480.551	0	0
Gorai.013G056400.1.A	354	248.63	0	0
Gorai.013G056400.1.D	354	248.63	0	0
Gorai.013G056500.1.A	504	398.551	0	0
Gorai.013G056500.1.D	504	398.551	0	0
Gorai.013G056600.1.A	825	719.505	0	0
Gorai.013G056600.1.D	825	719.505	0	0
Gorai.013G056700.1.A	810	704.505	268.224	15.1007
Gorai.013G056700.1.D	810	704.505	1.77632	0.100005
Gorai.013G056800.1.A	395	289.583	0	0
Gorai.013G056800.1.D	395	289.583	0	0
Gorai.013G056900.1.A	737	631.505	0.5	0.0314035
Gorai.013G056900.1.D	737	631.505	0.5	0.0314035
Gorai.013G057000.1.A	686	580.505	0	0
Gorai.013G057000.1.D	686	580.505	0	0
Gorai.013G057100.1.A	2118	2012.5	227.552	4.48465
Gorai.013G057100.1.D	2118	2012.5	298.448	5.88188
Gorai.013G057200.1.A	1711	1605.5	2.33333	0.0576435
Gorai.013G057200.1.D	1711	1605.5	4.66667	0.115287
Gorai.013G057300.1.A	2519	2413.5	57.4167	0.943571
Gorai.013G057300.1.D	2519	2413.5	33.5833	0.5519
Gorai.013G057400.1.A	639	533.505	0	0
Gorai.013G057400.1.D	639	533.505	0	0
Gorai.013G057500.1.A	354	248.63	0	0
Gorai.013G057500.1.D	354	248.63	0	0
Gorai.013G057600.1.A	378	272.583	0	0
Gorai.013G057600.1.D	378	272.583	0	0
Gorai.013G057700.1.A	1263	1157.5	0	0
Gorai.013G057700.1.D	1263	1157.5	0	0
Gorai.013G057800.1.A	354	248.63	0	0
Gorai.013G057800.1.D	354	248.63	0	0
Gorai.013G057900.1.A	469	363.551	0	0
Gorai.013G057900.1.D	469	363.551	0	0
Gorai.013G058000.1.A	686	580.505	0	0
Gorai.013G058000.1.D	686	580.505	0	0
Gorai.013G058100.1.A	441	335.583	0	0
Gorai.013G058100.1.D	441	335.583	0	0
Gorai.013G058200.1.A	522	416.551	0	0
Gorai.013G058200.1.D	522	416.551	0	0
Gorai.013G058300.1.A	726	620.505	0	0
Gorai.013G058300.1.D	726	620.505	2	0.127841
Gorai.013G058400.1.A	390	284.583	0	0
Gorai.013G058400.1.D	390	284.583	2	0.278744
Gorai.013G058500.1.A	426	320.583	0	0
Gorai.013G058500.1.D	426	320.583	0	0
Gorai.013G058600.1.A	545	439.551	0	0
Gorai.013G058600.1.D	545	439.551	0	0
Gorai.013G058700.1.A	744	638.505	0	0
Gorai.013G058700.1.D	744	638.505	0	0
Gorai.013G058800.1.A	873	767.505	0	0
Gorai.013G058800.1.D	873	767.505	0	0
Gorai.013G058900.1.A	354	248.63	0	0
Gorai.013G058900.1.D	354	248.63	0	0
Gorai.013G059000.1.A	1413	1307.5	1.12986e-07	3.4274e-09
Gorai.013G059000.1.D	1413	1307.5	1.12986e-07	3.4274e-09
Gorai.013G059100.1.A	321	215.63	0	0
Gorai.013G059100.1.D	321	215.63	0	0
Gorai.013G059200.1.A	967	861.505	21	0.966822
Gorai.013G059200.1.D	967	861.505	7	0.322274
Gorai.013G059300.1.A	470	364.551	0	0
Gorai.013G059300.1.D	470	364.551	0	0
Gorai.013G059400.1.A	354	248.63	0	0
Gorai.013G059400.1.D	354	248.63	0	0
Gorai.013G059500.1.A	1400	1294.5	0	0
Gorai.013G059500.1.D	1400	1294.5	4.04386	0.123902
Gorai.013G059600.1.A	2368	2262.5	172.727	3.028
Gorai.013G059600.1.D	2368	2262.5	55.2727	0.968961
Gorai.013G059700.1.A	538	432.551	5	0.458477
Gorai.013G059700.1.D	538	432.551	17	1.55882
Gorai.013G059800.1.A	1447	1341.5	891.098	26.3462
Gorai.013G059800.1.D	1447	1341.5	574.902	16.9976
Gorai.013G059900.1.A	1112	1006.5	3.0221	0.119091
Gorai.013G059900.1.D	1112	1006.5	3.0221	0.119091
Gorai.013G060000.1.A	1097	991.505	905.698	36.2304
Gorai.013G060000.1.D	1097	991.505	2194.3	87.7782
Gorai.013G060100.1.A	1271	1165.5	437.822	14.8994
Gorai.013G060100.1.D	1271	1165.5	442.178	15.0476
Gorai.013G060200.1.A	1952	1846.5	216.262	4.64532
Gorai.013G060200.1.D	1952	1846.5	259.738	5.57917
Gorai.013G060300.1.A	1834	1728.5	648.402	14.8785
Gorai.013G060300.1.D	1834	1728.5	227.598	5.22256
Gorai.013G060400.1.A	1510	1404.5	0	0
Gorai.013G060400.1.D	1510	1404.5	0	0
Gorai.013G060500.1.A	1567	1461.5	0	0
Gorai.013G060500.1.D	1567	1461.5	0	0
Gorai.013G060600.1.A	2279	2173.5	27.2714	0.497659
Gorai.013G060600.1.D	2279	2173.5	42.5434	0.776348
Gorai.013G060700.1.A	1482	1376.5	0	0
Gorai.013G060700.1.D	1482	1376.5	0	0
Gorai.013G060800.1.A	602	496.551	0	0
Gorai.013G060800.1.D	602	496.551	0	0
Gorai.013G060900.1.A	1574	1468.5	11.4545	0.309377
Gorai.013G060900.1.D	1574	1468.5	2.54545	0.0687504
Gorai.013G061000.1.A	1191	1085.5	1	0.0365387
Gorai.013G061000.1.D	1191	1085.5	0	0
Gorai.013G061100.1.A	3861	3755.5	883.147	9.32717
Gorai.013G061100.1.D	3861	3755.5	1327.85	14.0238
Gorai.013G061200.1.A	976	870.505	539.752	24.5928
Gorai.013G061200.1.D	976	870.505	397.248	18.0999
Gorai.013G061300.1.A	2294	2188.5	180.464	3.27061
Gorai.013G061300.1.D	2294	2188.5	489.536	8.872
Gorai.013G061400.1.A	1680	1574.5	149.351	3.76226
Gorai.013G061400.1.D	1680	1574.5	153.649	3.87053
Gorai.013G061500.1.A	2753	2647.5	459.828	6.8888
Gorai.013G061500.1.D	2753	2647.5	526.172	7.88271
Gorai.013G061600.1.A	2968	2862.5	408.627	5.66195
Gorai.013G061600.1.D	2968	2862.5	621.373	8.60976
Gorai.013G061700.1.A	579	473.551	0	0
Gorai.013G061700.1.D	579	473.551	0	0
Gorai.013G061800.1.A	276	170.788	0	0
Gorai.013G061800.1.D	276	170.788	0	0
Gorai.013G061900.1.A	1729	1623.5	348.725	8.5195
Gorai.013G061900.1.D	1729	1623.5	255.275	6.23649
Gorai.013G062000.1.A	1755	1649.5	132.035	3.17484
Gorai.013G062000.1.D	1755	1649.5	215.965	5.19295
Gorai.013G062100.1.A	330	224.63	0	0
Gorai.013G062100.1.D	330	224.63	0	0
Gorai.013G062200.1.A	862	756.505	603.597	31.6461
Gorai.013G062200.1.D	862	756.505	785.403	41.1781
Gorai.013G062300.1.A	2162	2056.5	141.386	2.72685
Gorai.013G062300.1.D	2162	2056.5	68.6139	1.32333
Gorai.013G062400.1.A	1815	1709.5	2	0.0464028
Gorai.013G062400.1.D	1815	1709.5	0	0
Gorai.013G062500.1.A	637	531.505	0	0
Gorai.013G062500.1.D	637	531.505	0	0
Gorai.013G062600.1.A	456	350.551	0	0
Gorai.013G062600.1.D	456	350.551	0	0
Gorai.013G062700.1.A	2278	2172.5	0	0
Gorai.013G062700.1.D	2278	2172.5	0	0
Gorai.013G062800.1.A	2130	2024.5	56.7	1.11083
Gorai.013G062800.1.D	2130	2024.5	90.3	1.76911
Gorai.013G062900.1.A	1190	1084.5	4.05093	0.148152
Gorai.013G062900.1.D	1190	1084.5	6.0764	0.222229
Gorai.013G063000.1.A	1963	1857.5	2.38368	0.0508983
Gorai.013G063000.1.D	1963	1857.5	116.494	2.48748
Gorai.013G063100.1.A	3087	2981.5	0	0
Gorai.013G063100.1.D	3087	2981.5	20	0.26606
Gorai.013G063200.1.A	2615	2509.5	5.5	0.086928
Gorai.013G063200.1.D	2615	2509.5	5.5	0.086928
Gorai.013G063300.1.A	2930	2824.5	1026.95	14.4209
Gorai.013G063300.1.D	2930	2824.5	1121.05	15.7422
Gorai.013G063400.1.A	1283	1177.5	0	0
Gorai.013G063400.1.D	1283	1177.5	0	0
Gorai.013G063500.1.A	1030	924.505	15.75	0.675704
Gorai.013G063500.1.D	1030	924.505	2.25	0.0965291
Gorai.013G063600.1.A	1731	1625.5	4.8	0.117122
Gorai.013G063600.1.D	1731	1625.5	1.2	0.0292805
Gorai.013G063700.1.A	2461	2355.5	297.063	5.00206
Gorai.013G063700.1.D	2461	2355.5	450.937	7.59306
Gorai.013G063800.1.A	1980	1874.5	32.4301	0.686194
Gorai.013G063800.1.D	1980	1874.5	71.5699	1.51436
Gorai.013G063900.1.A	1825	1719.5	1	0.0230665
Gorai.013G063900.1.D	1825	1719.5	0	0
Gorai.013G064000.1.A	2125	2019.5	166.751	3.27497
Gorai.013G064000.1.D	2125	2019.5	176.249	3.46152
Gorai.013G064100.1.A	3769	3663.5	26.8824	0.291042
Gorai.013G064100.1.D	3769	3663.5	29.0658	0.314681
Gorai.013G064200.1.A	4361	4255.5	7191.46	67.0271
Gorai.013G064200.1.D	4361	4255.5	8771.59	81.7546
Gorai.013G064300.1.A	1248	1142.5	67.4323	2.34096
Gorai.013G064300.1.D	1248	1142.5	88.5677	3.0747
Gorai.013G064400.1.A	2296	2190.5	164.646	2.9812
Gorai.013G064400.1.D	2296	2190.5	303.354	5.49276
Gorai.013G064500.1.A	1954	1848.5	216.089	4.63657
Gorai.013G064500.1.D	1954	1848.5	43.9111	0.942191
Gorai.013G064600.1.A	1087	981.505	16.3763	0.661771
Gorai.013G064600.1.D	1087	981.505	16.3763	0.661771
Gorai.013G064700.1.A	928	822.505	42	2.02533
Gorai.013G064700.1.D	928	822.505	0	0
Gorai.013G064800.1.A	1659	1553.5	845.407	21.5843
Gorai.013G064800.1.D	1659	1553.5	381.593	9.74255
Gorai.013G064900.1.A	1884	1778.5	776.429	17.3154
Gorai.013G064900.1.D	1884	1778.5	141.571	3.15722
Gorai.013G065000.1.A	636	530.505	0	0
Gorai.013G065000.1.D	636	530.505	0	0
Gorai.013G065100.1.A	4944	4838.5	21.0526	0.172576
Gorai.013G065100.1.D	4944	4838.5	18.9474	0.155318
Gorai.013G065200.1.A	2351	2245.5	463.024	8.17851
Gorai.013G065200.1.D	2351	2245.5	765.976	13.5296
Gorai.013G065300.1.A	3072	2966.5	154.736	2.06886
Gorai.013G065300.1.D	3072	2966.5	110.886	1.48257
Gorai.013G065400.1.A	1713	1607.5	6.62466	0.163454
Gorai.013G065400.1.D	1713	1607.5	21.7536	0.53674
Gorai.013G065500.1.A	1483	1377.5	59.879	1.72412
Gorai.013G065500.1.D	1483	1377.5	75.121	2.16298
Gorai.013G065600.1.A	3616	3510.5	16.32	0.184389
Gorai.013G065600.1.D	3616	3510.5	17.68	0.199755
Gorai.013G065700.1.A	1633	1527.5	2165.24	56.2222
Gorai.013G065700.1.D	1633	1527.5	2381.76	61.8444
Gorai.013G065800.1.A	530	424.551	0	0
Gorai.013G065800.1.D	530	424.551	0	0
Gorai.013G065900.1.A	426	320.583	0	0
Gorai.013G065900.1.D	426	320.583	0	0
Gorai.013G066000.1.A	400	294.583	0	0
Gorai.013G066000.1.D	400	294.583	0	0
Gorai.013G066100.1.A	385	279.583	0	0
Gorai.013G066100.1.D	385	279.583	0	0
Gorai.013G066200.1.A	1666	1560.5	32	0.813336
Gorai.013G066200.1.D	1666	1560.5	0	0
Gorai.013G066300.1.A	1501	1395.5	5.75	0.163426
Gorai.013G066300.1.D	1501	1395.5	17.25	0.490278
Gorai.013G066400.1.A	1513	1407.5	16.4779	0.46434
Gorai.013G066400.1.D	1513	1407.5	382.522	10.7793
Gorai.013G066500.1.A	3037	2931.5	10.8267	0.146485
Gorai.013G066500.1.D	3037	2931.5	718.173	9.71681
Gorai.013G066600.1.A	3291	3185.5	0	0
Gorai.013G066600.1.D	3291	3185.5	0	0
Gorai.013G066700.1.A	1398	1292.5	120	3.68243
Gorai.013G066700.1.D	1398	1292.5	20	0.613738
Gorai.013G066800.1.A	804	698.505	1	0.0567826
Gorai.013G066800.1.D	804	698.505	0	0
Gorai.013G066900.1.A	1334	1228.5	0	0
Gorai.013G066900.1.D	1334	1228.5	0	0
Gorai.013G067000.1.A	1912	1806.5	228.841	5.02435
Gorai.013G067000.1.D	1912	1806.5	142.159	3.12119
Gorai.013G067100.1.A	2338	2232.5	14.7333	0.261754
Gorai.013G067100.1.D	2338	2232.5	2.26667	0.0402699
Gorai.013G067200.1.A	1428	1322.5	9	0.269917
Gorai.013G067200.1.D	1428	1322.5	6	0.179945
Gorai.013G067300.1.A	1933	1827.5	150.376	3.26367
Gorai.013G067300.1.D	1933	1827.5	132.624	2.87837
Gorai.013G067400.1.A	1548	1442.5	39.5735	1.08811
Gorai.013G067400.1.D	1548	1442.5	29.4265	0.809107
Gorai.013G067500.1.A	612	506.551	0	0
Gorai.013G067500.1.D	612	506.551	0	0
Gorai.013G067600.1.A	1592	1486.5	131.208	3.50088
Gorai.013G067600.1.D	1592	1486.5	51.7925	1.38193
Gorai.013G067700.1.A	1823	1717.5	36.0312	0.832081
Gorai.013G067700.1.D	1823	1717.5	0	0
Gorai.013G067800.1.A	1250	1144.5	19.6311	0.680318
Gorai.013G067800.1.D	1250	1144.5	1.33769	0.0463578
Gorai.013G067900.1.A	525	419.551	0	0
Gorai.013G067900.1.D	525	419.551	0	0
Gorai.013G068000.1.A	904	798.505	0	0
Gorai.013G068000.1.D	904	798.505	0	0
Gorai.013G068100.1.A	467	361.551	1	0.109702
Gorai.013G068100.1.D	467	361.551	5	0.548511
Gorai.013G068200.1.A	1067	961.505	0	0
Gorai.013G068200.1.D	1067	961.505	0	0
Gorai.013G068300.1.A	4049	3943.5	2916.16	29.3301
Gorai.013G068300.1.D	4049	3943.5	746.296	7.50609
Gorai.013G068400.1.A	1404	1298.5	15.5161	0.473942
Gorai.013G068400.1.D	1404	1298.5	21.4839	0.656227
Gorai.013G068500.1.A	1850	1744.5	27.1818	0.618004
Gorai.013G068500.1.D	1850	1744.5	41.8182	0.950775
Gorai.013G068600.1.A	2618	2512.5	340.374	5.37322
Gorai.013G068600.1.D	2618	2512.5	398.626	6.2928
Gorai.013G068700.1.A	1353	1247.5	76.8197	2.44239
Gorai.013G068700.1.D	1353	1247.5	55.1803	1.75439
Gorai.013G068800.1.A	1564	1458.5	635.652	17.2861
Gorai.013G068800.1.D	1564	1458.5	869.348	23.6413
Gorai.013G068900.1.A	530	424.551	158.548	14.8121
Gorai.013G068900.1.D	530	424.551	0	0
Gorai.013G069000.1.A	1178	1072.5	62.0971	2.29645
Gorai.013G069000.1.D	1178	1072.5	60.9029	2.25229
Gorai.013G069100.1.A	733	627.505	7	0.442452
Gorai.013G069100.1.D	733	627.505	0	0
Gorai.013G069200.1.A	1435	1329.5	729.275	21.7564
Gorai.013G069200.1.D	1435	1329.5	930.725	27.7662
Gorai.013G069300.1.A	2124	2018.5	0	0
Gorai.013G069300.1.D	2124	2018.5	1	0.0196497
Gorai.013G069400.1.A	417	311.583	0	0
Gorai.013G069400.1.D	417	311.583	1	0.127295
Gorai.013G069500.1.A	1501	1395.5	3	0.0852658
Gorai.013G069500.1.D	1501	1395.5	24	0.682126
Gorai.013G069600.1.A	1140	1034.5	0	0
Gorai.013G069600.1.D	1140	1034.5	0	0
Gorai.013G069700.1.A	1921	1815.5	0	0
Gorai.013G069700.1.D	1921	1815.5	4	0.0873871
Gorai.013G069800.1.A	1958	1852.5	295.587	6.32866
Gorai.013G069800.1.D	1958	1852.5	89.4126	1.91436
Gorai.013G069900.1.A	1362	1256.5	86.7	2.73678
Gorai.013G069900.1.D	1362	1256.5	15.3	0.482961
Gorai.013G070000.1.A	1235	1129.5	603.361	21.1872
Gorai.013G070000.1.D	1235	1129.5	613.639	21.5482
Gorai.013G070100.1.A	997	891.505	488.231	21.7213
Gorai.013G070100.1.D	997	891.505	344.769	15.3388
Gorai.013G070200.1.A	1290	1184.5	187.948	6.2934
Gorai.013G070200.1.D	1290	1184.5	135.052	4.5222
Gorai.013G070300.1.A	1886	1780.5	78.6761	1.75261
Gorai.013G070300.1.D	1886	1780.5	215.324	4.79661
Gorai.013G070400.1.A	3284	3178.5	410.543	5.12295
Gorai.013G070400.1.D	3284	3178.5	623.457	7.77981
Gorai.013G070500.1.A	982	876.505	51.5455	2.3325
Gorai.013G070500.1.D	982	876.505	32.4545	1.46861
Gorai.013G070600.1.A	1553	1447.5	95.6154	2.61995
Gorai.013G070600.1.D	1553	1447.5	17.3846	0.476354
Gorai.013G070700.1.A	1832	1726.5	3102.17	71.266
Gorai.013G070700.1.D	1832	1726.5	2839.83	65.2394
Gorai.013G070800.1.A	2103	1997.5	0	0
Gorai.013G070800.1.D	2103	1997.5	5	0.0992812
Gorai.013G070900.1.A	3680	3574.5	419.275	4.6523
Gorai.013G070900.1.D	3680	3574.5	518.725	5.75581
Gorai.013G071000.1.A	1651	1545.5	293.8	7.53991
Gorai.013G071000.1.D	1651	1545.5	213.2	5.47144
Gorai.013G071100.1.A	1307	1201.5	0	0
Gorai.013G071100.1.D	1307	1201.5	45	1.4855
Gorai.013G071200.1.A	627	521.505	0	0
Gorai.013G071200.1.D	627	521.505	0	0
Gorai.013G071300.1.A	2131	2025.5	6.375	0.124834
Gorai.013G071300.1.D	2131	2025.5	10.625	0.208056
Gorai.013G071400.1.A	1730	1624.5	0	0
Gorai.013G071400.1.D	1730	1624.5	28	0.683631
Gorai.013G071500.1.A	670	564.505	2	0.140523
Gorai.013G071500.1.D	670	564.505	2	0.140523
Gorai.013G071600.1.A	1058	952.505	1	0.0416407
Gorai.013G071600.1.D	1058	952.505	0	0
Gorai.013G071700.1.A	1188	1082.5	0	0
Gorai.013G071700.1.D	1188	1082.5	1	0.03664
Gorai.013G071800.1.A	941	835.505	1	0.0474718
Gorai.013G071800.1.D	941	835.505	11	0.52219
Gorai.013G071900.1.A	1045	939.505	6.8	0.287075
Gorai.013G071900.1.D	1045	939.505	10.2	0.430612
Gorai.013G072000.1.A	1165	1059.5	1.5	0.056153
Gorai.013G072000.1.D	1165	1059.5	1.5	0.056153
Gorai.013G072100.1.A	2123	2017.5	0	0
Gorai.013G072100.1.D	2123	2017.5	0	0
Gorai.013G072200.1.A	1558	1452.5	40.5	1.10592
Gorai.013G072200.1.D	1558	1452.5	40.5	1.10592
Gorai.013G072300.1.A	708	602.505	0	0
Gorai.013G072300.1.D	708	602.505	1	0.0658301
Gorai.013G072400.1.A	1548	1442.5	0	0
Gorai.013G072400.1.D	1548	1442.5	5	0.137479
Gorai.013G072500.1.A	3235	3129.5	0	0
Gorai.013G072500.1.D	3235	3129.5	0	0
Gorai.013G072600.1.A	784	678.505	19.8095	1.15799
Gorai.013G072600.1.D	784	678.505	6.19048	0.361873
Gorai.013G072700.1.A	1331	1225.5	145.563	4.7111
Gorai.013G072700.1.D	1331	1225.5	68.4365	2.21492
Gorai.013G072800.1.A	639	533.505	262.725	19.5321
Gorai.013G072800.1.D	639	533.505	2.27468	0.169109
Gorai.013G072900.1.A	862	756.505	0	0
Gorai.013G072900.1.D	862	756.505	0	0
Gorai.013G073000.1.A	636	530.505	0	0
Gorai.013G073000.1.D	636	530.505	0	0
Gorai.013G073100.1.A	1456	1350.5	17.3438	0.509368
Gorai.013G073100.1.D	1456	1350.5	19.6562	0.577284
Gorai.013G073200.1.A	1801	1695.5	37.8182	0.884681
Gorai.013G073200.1.D	1801	1695.5	157.182	3.67695
Gorai.013G073300.1.A	355	249.63	26.1574	4.15607
Gorai.013G073300.1.D	355	249.63	0	0
Gorai.013G073400.1.A	1833	1727.5	622.656	14.296
Gorai.013G073400.1.D	1833	1727.5	966.344	22.1869
Gorai.013G073500.1.A	264	158.879	0	0
Gorai.013G073500.1.D	264	158.879	0	0
Gorai.013G073600.1.A	860	754.505	2	0.105136
Gorai.013G073600.1.D	860	754.505	6	0.315409
Gorai.013G073700.1.A	1401	1295.5	16.25	0.497507
Gorai.013G073700.1.D	1401	1295.5	22.75	0.69651
Gorai.013G073800.1.A	1599	1493.5	140.289	3.72565
Gorai.013G073800.1.D	1599	1493.5	116.711	3.09949
Gorai.013G073900.1.A	741	635.505	35.0241	2.18591
Gorai.013G073900.1.D	741	635.505	35.0241	2.18591
Gorai.013G074000.1.A	544	438.551	743.138	67.21
Gorai.013G074000.1.D	544	438.551	502.862	45.4793
Gorai.013G074100.1.A	1912	1806.5	6.375	0.139967
Gorai.013G074100.1.D	1912	1806.5	10.625	0.233279
Gorai.013G074200.1.A	371	265.583	0	0
Gorai.013G074200.1.D	371	265.583	0	0
Gorai.013G074300.1.A	959	853.505	2	0.0929414
Gorai.013G074300.1.D	959	853.505	0	0
Gorai.013G074400.1.A	1714	1608.5	2055.26	50.6791
Gorai.013G074400.1.D	1714	1608.5	2794.74	68.9135
Gorai.013G074500.1.A	1734	1628.5	653.847	15.9247
Gorai.013G074500.1.D	1734	1628.5	501.153	12.2058
Gorai.013G074600.1.A	1278	1172.5	0	0
Gorai.013G074600.1.D	1278	1172.5	6	0.202965
Gorai.013G074700.1.A	514	408.551	19.9297	1.93482
Gorai.013G074700.1.D	514	408.551	3.11317	0.302233
Gorai.013G074800.1.A	2121	2015.5	5	0.0983946
Gorai.013G074800.1.D	2121	2015.5	0	0
Gorai.013G074900.1.A	1210	1104.5	101.111	3.63092
Gorai.013G074900.1.D	1210	1104.5	93.8889	3.37157
Gorai.013G075000.1.A	1546	1440.5	0	0
Gorai.013G075000.1.D	1546	1440.5	11	0.302875
Gorai.013G075100.1.A	588	482.551	0	0
Gorai.013G075100.1.D	588	482.551	0	0
Gorai.013G075200.1.A	1839	1733.5	28.199	0.645199
Gorai.013G075200.1.D	1839	1733.5	189.801	4.34269
Gorai.013G075300.1.A	864	758.505	46	2.40538
Gorai.013G075300.1.D	864	758.505	23	1.20269
Gorai.013G075400.1.A	1256	1150.5	15.7895	0.544332
Gorai.013G075400.1.D	1256	1150.5	24.2105	0.834643
Gorai.013G075500.1.A	1647	1541.5	76.7922	1.97586
Gorai.013G075500.1.D	1647	1541.5	4.20779	0.108267
Gorai.013G075600.1.A	5274	5168.5	0	0
Gorai.013G075600.1.D	5274	5168.5	43	0.329981
Gorai.013G075700.1.A	1683	1577.5	42.5526	1.06989
Gorai.013G075700.1.D	1683	1577.5	55.4474	1.3941
Gorai.013G075800.1.A	2061	1955.5	4	0.0811309
Gorai.013G075800.1.D	2061	1955.5	9	0.182544
Gorai.013G075900.1.A	1820	1714.5	96.2839	2.22741
Gorai.013G075900.1.D	1820	1714.5	67.7161	1.56653
Gorai.013G076000.1.A	869	763.505	0	0
Gorai.013G076000.1.D	869	763.505	6	0.311691
Gorai.013G076100.1.A	1029	923.505	119.291	5.12332
Gorai.013G076100.1.D	1029	923.505	45.7095	1.96314
Gorai.013G076200.1.A	309	203.687	38	7.39954
Gorai.013G076200.1.D	309	203.687	12	2.3367
Gorai.013G076300.1.A	3286	3180.5	88.5	1.10365
Gorai.013G076300.1.D	3286	3180.5	88.5	1.10365
Gorai.013G076400.1.A	1484	1378.5	1.01887	0.0293153
Gorai.013G076400.1.D	1484	1378.5	106.981	3.07811
Gorai.013G076500.1.A	1808	1702.5	834.248	19.4353
Gorai.013G076500.1.D	1808	1702.5	875.951	20.4069
Gorai.013G076600.1.A	1960	1854.5	425.951	9.10996
Gorai.013G076600.1.D	1960	1854.5	257.453	5.50624
Gorai.013G076700.1.A	724	618.505	17	1.09016
Gorai.013G076700.1.D	724	618.505	0	0
Gorai.013G076800.1.A	1753	1647.5	850.979	20.4869
Gorai.013G076800.1.D	1753	1647.5	962.89	23.1811
Gorai.013G076900.1.A	1620	1514.5	288.006	7.54252
Gorai.013G076900.1.D	1620	1514.5	422.522	11.0653
Gorai.013G077000.1.A	2085	1979.5	2	0.0400736
Gorai.013G077000.1.D	2085	1979.5	2	0.0400736
Gorai.013G077100.1.A	2009	1903.5	484.732	10.1003
Gorai.013G077100.1.D	2009	1903.5	450.268	9.38213
Gorai.013G077200.1.A	2073	1967.5	9.45252	0.190553
Gorai.013G077200.1.D	2073	1967.5	21.8734	0.440946
Gorai.013G077300.1.A	1218	1112.5	294.611	10.5035
Gorai.013G077300.1.D	1218	1112.5	964.553	34.3882
Gorai.013G077400.1.A	1753	1647.5	127.264	3.06383
Gorai.013G077400.1.D	1753	1647.5	247.181	5.95077
Gorai.013G077500.1.A	1233	1127.5	4.47059	0.157265
Gorai.013G077500.1.D	1233	1127.5	14.5294	0.51111
Gorai.013G077600.1.A	1734	1628.5	0	0
Gorai.013G077600.1.D	1734	1628.5	0	0
Gorai.013G077700.1.A	1886	1780.5	33.0507	0.736245
Gorai.013G077700.1.D	1886	1780.5	770.55	17.165
Gorai.013G077800.1.A	2062	1956.5	289.837	5.87568
Gorai.013G077800.1.D	2062	1956.5	140.562	2.84952
Gorai.013G077900.1.A	3208	3102.5	850.1	10.8678
Gorai.013G077900.1.D	3208	3102.5	966.9	12.361
Gorai.013G078000.1.A	1552	1446.5	0	0
Gorai.013G078000.1.D	1552	1446.5	0	0
Gorai.013G078100.1.A	483	377.551	0	0
Gorai.013G078100.1.D	483	377.551	0	0
Gorai.013G078200.1.A	518	412.551	0	0
Gorai.013G078200.1.D	518	412.551	0	0
Gorai.013G078300.1.A	1602	1496.5	0	0
Gorai.013G078300.1.D	1602	1496.5	0	0
Gorai.013G078400.1.A	911	805.505	7.3252	0.360692
Gorai.013G078400.1.D	911	805.505	7.3252	0.360692
Gorai.013G078500.1.A	1669	1563.5	0	0
Gorai.013G078500.1.D	1669	1563.5	0	0
Gorai.013G078600.1.A	2144	2038.5	36.386	0.707957
Gorai.013G078600.1.D	2144	2038.5	24.614	0.478912
Gorai.013G078700.1.A	252	147.005	0.653563	0.176335
Gorai.013G078700.1.D	252	147.005	0.653563	0.176335
Gorai.013G078800.1.A	789	683.505	19.1305	1.11012
Gorai.013G078800.1.D	789	683.505	19.1305	1.11012
Gorai.013G078900.1.A	1325	1219.5	191.623	6.23231
Gorai.013G078900.1.D	1325	1219.5	208.377	6.77721
Gorai.013G079000.1.A	1294	1188.5	10627.3	354.656
Gorai.013G079000.1.D	1294	1188.5	14220.7	474.575
Gorai.013G079100.1.A	1966	1860.5	351.388	7.49101
Gorai.013G079100.1.D	1966	1860.5	384.992	8.20741
Gorai.013G079200.1.A	1461	1355.5	4.10373	0.120078
Gorai.013G079200.1.D	1461	1355.5	1.51643	0.0443718
Gorai.013G079300.1.A	1088	982.505	1406.79	56.7909
Gorai.013G079300.1.D	1088	982.505	797.213	32.1829
Gorai.013G079400.1.A	904	798.505	63	3.12931
Gorai.013G079400.1.D	904	798.505	2	0.099343
Gorai.013G079500.1.A	947	841.505	0	0
Gorai.013G079500.1.D	947	841.505	0	0
Gorai.013G079600.1.A	1755	1649.5	12.5	0.300567
Gorai.013G079600.1.D	1755	1649.5	32.5	0.781474
Gorai.013G079700.1.A	998	892.505	1.625	0.0722151
Gorai.013G079700.1.D	998	892.505	11.375	0.505505
Gorai.013G079800.1.A	721	615.505	2	0.128879
Gorai.013G079800.1.D	721	615.505	2	0.128879
Gorai.013G079900.1.A	2006	1900.5	246.931	5.15337
Gorai.013G079900.1.D	2006	1900.5	50.069	1.04492
Gorai.013G080000.1.A	1665	1559.5	0	0
Gorai.013G080000.1.D	1665	1559.5	0	0
Gorai.013G080100.1.A	1120	1014.5	1.4	0.0547342
Gorai.013G080100.1.D	1120	1014.5	5.6	0.218937
Gorai.013G080200.1.A	1676	1570.5	8	0.202039
Gorai.013G080200.1.D	1676	1570.5	8	0.202039
Gorai.013G080300.1.A	3066	2960.5	282.365	3.78295
Gorai.013G080300.1.D	3066	2960.5	245.635	3.29086
Gorai.013G080400.1.A	1756	1650.5	456.806	10.9774
Gorai.013G080400.1.D	1756	1650.5	1855.19	44.5818
Gorai.013G080500.1.A	1240	1134.5	0	0
Gorai.013G080500.1.D	1240	1134.5	57.4912	2.00993
Gorai.013G080600.1.A	927	821.505	120.229	5.80474
Gorai.013G080600.1.D	927	821.505	100.881	4.87063
Gorai.013G080700.1.A	1463	1357.5	739.298	21.6005
Gorai.013G080700.1.D	1463	1357.5	2731.94	79.8205
Gorai.013G080800.1.A	1480	1374.5	458.937	13.2432
Gorai.013G080800.1.D	1480	1374.5	547.827	15.8082
Gorai.013G080900.1.A	819	713.505	159.472	8.86486
Gorai.013G080900.1.D	819	713.505	100.418	5.58215
Gorai.013G081000.1.A	2598	2492.5	767.917	12.2198
Gorai.013G081000.1.D	2598	2492.5	493.083	7.84638
Gorai.013G081100.1.A	1662	1556.5	2	0.0509641
Gorai.013G081100.1.D	1662	1556.5	0	0
Gorai.013G081200.1.A	569	463.551	4	0.342253
Gorai.013G081200.1.D	569	463.551	0	0
Gorai.013G081300.1.A	2220	2114.5	1368.59	25.6714
Gorai.013G081300.1.D	2220	2114.5	771.413	14.4698
Gorai.013G081400.1.A	1231	1125.5	39.8096	1.4029
Gorai.013G081400.1.D	1231	1125.5	37.4679	1.32037
Gorai.013G081500.1.A	1064	958.505	5	0.2069
Gorai.013G081500.1.D	1064	958.505	9	0.37242
Gorai.013G081600.1.A	1689	1583.5	1522.51	38.1352
Gorai.013G081600.1.D	1689	1583.5	1093.49	27.3892
Gorai.013G081700.1.A	4394	4288.5	398.768	3.68808
Gorai.013G081700.1.D	4394	4288.5	366.672	3.39123
Gorai.013G081800.1.A	258	152.936	0	0
Gorai.013G081800.1.D	258	152.936	0	0
Gorai.013G081900.1.A	351	245.63	1	0.161474
Gorai.013G081900.1.D	351	245.63	1	0.161474
Gorai.013G082000.1.A	2612	2506.5	156.523	2.47682
Gorai.013G082000.1.D	2612	2506.5	154.477	2.44444
Gorai.013G082100.1.A	1248	1142.5	0	0
Gorai.013G082100.1.D	1248	1142.5	0	0
Gorai.013G082200.1.A	207	103.083	0	0
Gorai.013G082200.1.D	207	103.083	0	0
Gorai.013G082300.1.A	1799	1693.5	0	0
Gorai.013G082300.1.D	1799	1693.5	0	0
Gorai.013G082400.1.A	1641	1535.5	74.3976	1.92173
Gorai.013G082400.1.D	1641	1535.5	20.6024	0.532172
Gorai.013G082500.1.A	2020	1914.5	2	0.0414342
Gorai.013G082500.1.D	2020	1914.5	11	0.227888
Gorai.013G082600.1.A	1144	1038.5	47.8825	1.82875
Gorai.013G082600.1.D	1144	1038.5	183.55	7.01019
Gorai.013G082700.1.A	2680	2574.5	109.706	1.69014
Gorai.013G082700.1.D	2680	2574.5	180.754	2.7847
Gorai.013G082800.1.A	498	392.551	0	0
Gorai.013G082800.1.D	498	392.551	0	0
Gorai.013G082900.1.A	2119	2013.5	79.4284	1.56462
Gorai.013G082900.1.D	2119	2013.5	84.112	1.65688
Gorai.013G083000.1.A	1233	1127.5	0	0
Gorai.013G083000.1.D	1233	1127.5	0	0
Gorai.013G083100.1.A	2066	1960.5	1.16667	0.0236028
Gorai.013G083100.1.D	2066	1960.5	5.83333	0.118014
Gorai.013G083200.1.A	1885	1779.5	661.975	14.7546
Gorai.013G083200.1.D	1885	1779.5	614.025	13.6859
Gorai.013G083300.1.A	2833	2727.5	215.25	3.13013
Gorai.013G083300.1.D	2833	2727.5	71.75	1.04338
Gorai.013G083400.1.A	1138	1032.5	12.5944	0.483805
Gorai.013G083400.1.D	1138	1032.5	12.5944	0.483805
Gorai.013G083500.1.A	836	730.505	23.3333	1.26689
Gorai.013G083500.1.D	836	730.505	18.6667	1.01351
Gorai.013G083600.1.A	1523	1417.5	358.172	10.0219
Gorai.013G083600.1.D	1523	1417.5	490.828	13.7338
Gorai.013G083700.1.A	2839	2733.5	337.951	4.90364
Gorai.013G083700.1.D	2839	2733.5	186.049	2.69956
Gorai.013G083800.1.A	687	581.505	0	0
Gorai.013G083800.1.D	687	581.505	1	0.0682074
Gorai.013G083900.1.A	4098	3992.5	1734.9	17.2351
Gorai.013G083900.1.D	4098	3992.5	1494.1	14.8429
Gorai.013G084000.1.A	1518	1412.5	2643.77	74.2367
Gorai.013G084000.1.D	1518	1412.5	790.229	22.1895
Gorai.013G084100.1.A	1887	1781.5	128.523	2.8614
Gorai.013G084100.1.D	1887	1781.5	16.4773	0.366846
Gorai.013G084200.1.A	3927	3821.5	22.3486	0.231954
Gorai.013G084200.1.D	3927	3821.5	93.6514	0.971996
Gorai.013G084300.1.A	2041	1935.5	18.8232	0.385731
Gorai.013G084300.1.D	2041	1935.5	70.1593	1.43773
Gorai.013G084400.1.A	486	380.551	0.503268	0.052453
Gorai.013G084400.1.D	486	380.551	0.503268	0.052453
Gorai.013G084500.1.A	1482	1376.5	32.6929	0.94202
Gorai.013G084500.1.D	1482	1376.5	166.307	4.79201
Gorai.013G084600.1.A	1346	1240.5	70.545	2.25555
Gorai.013G084600.1.D	1346	1240.5	158.455	5.06632
Gorai.013G084700.1.A	1405	1299.5	75.7317	2.31145
Gorai.013G084700.1.D	1405	1299.5	39.2683	1.19853
Gorai.013G084800.1.A	1588	1482.5	2	0.053508
Gorai.013G084800.1.D	1588	1482.5	0	0
Gorai.013G084900.1.A	2646	2540.5	254.926	3.97996
Gorai.013G084900.1.D	2646	2540.5	263.074	4.10717
Gorai.013G085000.1.A	1244	1138.5	0	0
Gorai.013G085000.1.D	1244	1138.5	0	0
Gorai.013G085100.1.A	639	533.505	0	0
Gorai.013G085100.1.D	639	533.505	0	0
Gorai.013G085200.1.A	573	467.551	0	0
Gorai.013G085200.1.D	573	467.551	0	0
Gorai.013G085300.1.A	660	554.505	0	0
Gorai.013G085300.1.D	660	554.505	0	0
Gorai.013G085400.1.A	2367	2261.5	17.6071	0.308799
Gorai.013G085400.1.D	2367	2261.5	11.3929	0.199811
Gorai.013G085500.1.A	879	773.505	1.2	0.0615323
Gorai.013G085500.1.D	879	773.505	4.8	0.246129
Gorai.013G085600.1.A	1512	1406.5	117.222	3.30563
Gorai.013G085600.1.D	1512	1406.5	304.778	8.59463
Gorai.013G085700.1.A	2451	2345.5	641.565	10.849
Gorai.013G085700.1.D	2451	2345.5	1667.43	28.1966
Gorai.013G085800.1.A	1612	1506.5	80.5268	2.12009
Gorai.013G085800.1.D	1612	1506.5	11.5175	0.30323
Gorai.013G085900.1.A	2271	2165.5	0	0
Gorai.013G085900.1.D	2271	2165.5	8.95568	0.16403
Gorai.013G086000.1.A	2241	2135.5	15.4483	0.286922
Gorai.013G086000.1.D	2241	2135.5	16.5517	0.307417
Gorai.013G086100.1.A	1067	961.505	72	2.97007
Gorai.013G086100.1.D	1067	961.505	4	0.165004
Gorai.013G086200.1.A	1010	904.505	203.58	8.92708
Gorai.013G086200.1.D	1010	904.505	125.42	5.49972
Gorai.013G086300.1.A	2048	1942.5	75.6944	1.54556
Gorai.013G086300.1.D	2048	1942.5	33.3056	0.680048
Gorai.013G086400.1.A	2073	1967.5	3	0.060477
Gorai.013G086400.1.D	2073	1967.5	0	0
Gorai.013G086500.1.A	709	603.505	1	0.065721
Gorai.013G086500.1.D	709	603.505	11	0.722931
Gorai.013G086600.1.A	1920	1814.5	3.375	0.0737735
Gorai.013G086600.1.D	1920	1814.5	5.625	0.122956
Gorai.013G086700.1.A	726	620.505	2	0.127841
Gorai.013G086700.1.D	726	620.505	0	0
Gorai.013G086800.1.A	417	311.583	1.5	0.190942
Gorai.013G086800.1.D	417	311.583	1.5	0.190942
Gorai.013G086900.1.A	1243	1137.5	18.947	0.660651
Gorai.013G086900.1.D	1243	1137.5	633.053	22.0735
Gorai.013G087000.1.A	2229	2123.5	190.606	3.56015
Gorai.013G087000.1.D	2229	2123.5	186.394	3.48147
Gorai.013G087100.1.A	317	211.63	6	1.1245
Gorai.013G087100.1.D	317	211.63	0	0
Gorai.013G087200.1.A	2851	2745.5	324.107	4.68221
Gorai.013G087200.1.D	2851	2745.5	280.893	4.05792
Gorai.013G087300.1.A	1004	898.505	1	0.0441433
Gorai.013G087300.1.D	1004	898.505	1	0.0441433
Gorai.013G087400.1.A	516	410.551	2.5	0.241522
Gorai.013G087400.1.D	516	410.551	2.5	0.241522
Gorai.013G087500.1.A	1662	1556.5	0	0
Gorai.013G087500.1.D	1662	1556.5	0	0
Gorai.013G087600.1.A	363	257.583	0	0
Gorai.013G087600.1.D	363	257.583	0	0
Gorai.013G087700.1.A	2640	2534.5	5.43103	0.0849913
Gorai.013G087700.1.D	2640	2534.5	57.569	0.900908
Gorai.013G087800.1.A	1766	1660.5	24.5	0.585209
Gorai.013G087800.1.D	1766	1660.5	10.5	0.250804
Gorai.013G087900.1.A	3315	3209.5	89.493	1.10595
Gorai.013G087900.1.D	3315	3209.5	181.507	2.24306
Gorai.013G088000.1.A	1453	1347.5	58.4203	1.71956
Gorai.013G088000.1.D	1453	1347.5	80.5797	2.37181
Gorai.013G088100.1.A	409	303.583	1	0.130649
Gorai.013G088100.1.D	409	303.583	0	0
Gorai.013G088200.1.A	1056	950.505	0	0
Gorai.013G088200.1.D	1056	950.505	0	0
Gorai.013G088300.1.A	1316	1210.5	0	0
Gorai.013G088300.1.D	1316	1210.5	0	0
Gorai.013G088400.1.A	1021	915.505	53	2.29615
Gorai.013G088400.1.D	1021	915.505	0	0
Gorai.013G088500.1.A	1425	1319.5	73.5	2.20933
Gorai.013G088500.1.D	1425	1319.5	73.5	2.20933
Gorai.013G088600.1.A	1680	1574.5	0.5	0.0125954
Gorai.013G088600.1.D	1680	1574.5	0.5	0.0125954
Gorai.013G088700.1.A	2700	2594.5	0	0
Gorai.013G088700.1.D	2700	2594.5	0	0
Gorai.013G088800.1.A	1644	1538.5	0	0
Gorai.013G088800.1.D	1644	1538.5	0	0
Gorai.013G088900.1.A	360	254.63	2	0.311534
Gorai.013G088900.1.D	360	254.63	0	0
Gorai.013G089000.1.A	1210	1104.5	1649.09	59.2191
Gorai.013G089000.1.D	1210	1104.5	1147.91	41.2216
Gorai.013G089100.1.A	1895	1789.5	216.026	4.78804
Gorai.013G089100.1.D	1895	1789.5	120.974	2.6813
Gorai.013G089200.1.A	1620	1514.5	1.03479	0.0270999
Gorai.013G089200.1.D	1620	1514.5	801.965	21.0024
Gorai.013G089300.1.A	2821	2715.5	1298.52	18.9663
Gorai.013G089300.1.D	2821	2715.5	5554.48	81.1293
Gorai.013G089400.1.A	3564	3458.5	51.8966	0.595162
Gorai.013G089400.1.D	3564	3458.5	18.1034	0.207615
Gorai.013G089500.1.A	1867	1761.5	0	0
Gorai.013G089500.1.D	1867	1761.5	158	3.55761
Gorai.013G089600.1.A	1327	1221.5	0	0
Gorai.013G089600.1.D	1327	1221.5	3	0.0974117
Gorai.013G089700.1.A	1054	948.505	0	0
Gorai.013G089700.1.D	1054	948.505	0	0
Gorai.013G089800.1.A	1146	1040.5	0	0
Gorai.013G089800.1.D	1146	1040.5	45	1.71535
Gorai.013G089900.1.A	1145	1039.5	159	6.06674
Gorai.013G089900.1.D	1145	1039.5	52	1.98409
Gorai.013G090000.1.A	2684	2578.5	81.519	1.25394
Gorai.013G090000.1.D	2684	2578.5	79.481	1.22259
Gorai.013G090100.1.A	1668	1562.5	0	0
Gorai.013G090100.1.D	1668	1562.5	0	0
Gorai.013G090200.1.A	2362	2256.5	151.341	2.66015
Gorai.013G090200.1.D	2362	2256.5	18.6585	0.327964
Gorai.013G090300.1.A	1566	1460.5	268	7.27808
Gorai.013G090300.1.D	1566	1460.5	0	0
Gorai.013G090400.1.A	586	480.551	0	0
Gorai.013G090400.1.D	586	480.551	0	0
Gorai.013G090500.1.A	1533	1427.5	105.696	2.93675
Gorai.013G090500.1.D	1533	1427.5	61.3038	1.70331
Gorai.013G090600.1.A	1090	984.505	269.858	10.8718
Gorai.013G090600.1.D	1090	984.505	444.142	17.8932
Gorai.013G090700.1.A	1325	1219.5	102.426	3.3313
Gorai.013G090700.1.D	1325	1219.5	78.5736	2.55551
Gorai.013G090800.1.A	1670	1564.5	0	0
Gorai.013G090800.1.D	1670	1564.5	1	0.0253518
Gorai.013G090900.1.A	4751	4645.5	115.958	0.990041
Gorai.013G090900.1.D	4751	4645.5	80.0419	0.683391
Gorai.013G091000.1.A	456	350.551	0	0
Gorai.013G091000.1.D	456	350.551	0	0
Gorai.013G091100.1.A	477	371.551	0	0
Gorai.013G091100.1.D	477	371.551	0	0
Gorai.013G091200.1.A	1579	1473.5	85.8929	2.31201
Gorai.013G091200.1.D	1579	1473.5	99.1071	2.66771
Gorai.013G091300.1.A	2378	2272.5	356.722	6.22601
Gorai.013G091300.1.D	2378	2272.5	382.278	6.67205
Gorai.013G091400.1.A	1553	1447.5	2433.43	66.6783
Gorai.013G091400.1.D	1553	1447.5	961.565	26.3478
Gorai.013G091500.1.A	1164	1058.5	1	0.0374707
Gorai.013G091500.1.D	1164	1058.5	0	0
Gorai.013G091600.1.A	1188	1082.5	79.4737	2.91191
Gorai.013G091600.1.D	1188	1082.5	71.5263	2.62072
Gorai.013G091700.1.A	1847	1741.5	9	0.204976
Gorai.013G091700.1.D	1847	1741.5	3	0.0683253
Gorai.013G091800.1.A	243	138.135	0	0
Gorai.013G091800.1.D	243	138.135	0	0
Gorai.013G091900.1.A	2421	2315.5	1501.21	25.7146
Gorai.013G091900.1.D	2421	2315.5	910.793	15.6012
Gorai.013G092000.1.A	1456	1350.5	0	0
Gorai.013G092000.1.D	1456	1350.5	0	0
Gorai.013G092100.1.A	327	221.63	42.3135	7.57242
Gorai.013G092100.1.D	327	221.63	42.3135	7.57242
Gorai.013G092200.1.A	3452	3346.5	3.17647	0.0376477
Gorai.013G092200.1.D	3452	3346.5	14.8235	0.175689
Gorai.013G092300.1.A	1792	1686.5	1	0.0235178
Gorai.013G092300.1.D	1792	1686.5	0	0
Gorai.013G092400.1.A	3350	3244.5	122.935	1.50284
Gorai.013G092400.1.D	3350	3244.5	186.065	2.27457
Gorai.013G092500.1.A	2713	2607.5	118.4	1.80099
Gorai.013G092500.1.D	2713	2607.5	137.6	2.09304
Gorai.013G092600.1.A	1882	1776.5	214.349	4.78563
Gorai.013G092600.1.D	1882	1776.5	70.6513	1.57739
Gorai.013G092700.1.A	578	472.551	0	0
Gorai.013G092700.1.D	578	472.551	0	0
Gorai.013G092800.1.A	936	830.505	0	0
Gorai.013G092800.1.D	936	830.505	0	0
Gorai.013G092900.1.A	890	784.505	2	0.101116
Gorai.013G092900.1.D	890	784.505	2	0.101116
Gorai.013G093000.1.A	1940	1834.5	9.54386	0.206343
Gorai.013G093000.1.D	1940	1834.5	58.4561	1.26385
Gorai.013G093100.1.A	3495	3389.5	0	0
Gorai.013G093100.1.D	3495	3389.5	2	0.0234034
Gorai.013G093200.1.A	1661	1555.5	150.76	3.84415
Gorai.013G093200.1.D	1661	1555.5	206.24	5.25879
Gorai.013G093300.1.A	1857	1751.5	862.082	19.5219
Gorai.013G093300.1.D	1857	1751.5	543.918	12.3171
Gorai.013G093400.1.A	852	746.505	0	0
Gorai.013G093400.1.D	852	746.505	0	0
Gorai.013G093500.1.A	675	569.505	70.4516	4.90658
Gorai.013G093500.1.D	675	569.505	97.5484	6.79372
Gorai.013G093600.1.A	1534	1428.5	2742.12	76.1358
Gorai.013G093600.1.D	1534	1428.5	3376.88	93.7604
Gorai.013G093700.1.A	1101	995.505	0.5	0.019921
Gorai.013G093700.1.D	1101	995.505	0.5	0.019921
Gorai.013G093800.1.A	1640	1534.5	142.912	3.6939
Gorai.013G093800.1.D	1640	1534.5	83.0882	2.14761
Gorai.013G093900.1.A	1472	1366.5	67.9714	1.97288
Gorai.013G093900.1.D	1472	1366.5	115.029	3.33872
Gorai.013G094000.1.A	2805	2699.5	112.257	1.64936
Gorai.013G094000.1.D	2805	2699.5	84.743	1.2451
Gorai.013G094100.1.A	1551	1445.5	1	0.0274388
Gorai.013G094100.1.D	1551	1445.5	2	0.0548776
Gorai.013G094200.1.A	2231	2125.5	29.0428	0.541953
Gorai.013G094200.1.D	2231	2125.5	281.957	5.26146
Gorai.013G094300.1.A	1735	1629.5	0	0
Gorai.013G094300.1.D	1735	1629.5	14	0.340767
Gorai.013G094400.1.A	1426	1320.5	0	0
Gorai.013G094400.1.D	1426	1320.5	16	0.480579
Gorai.013G094500.1.A	3147	3041.5	3	0.0391217
Gorai.013G094500.1.D	3147	3041.5	8	0.104325
Gorai.013G094600.1.A	1077	971.505	12.2222	0.498988
Gorai.013G094600.1.D	1077	971.505	9.77778	0.39919
Gorai.013G094700.1.A	1969	1863.5	34.2133	0.728197
Gorai.013G094700.1.D	1969	1863.5	1088.79	23.1738
Gorai.013G094800.1.A	852	746.505	10.13	0.538221
Gorai.013G094800.1.D	852	746.505	0	0
Gorai.013G094900.1.A	973	867.505	4401.22	201.227
Gorai.013G094900.1.D	973	867.505	5081.78	232.343
Gorai.013G095000.1.A	1878	1772.5	0	0
Gorai.013G095000.1.D	1878	1772.5	0	0
Gorai.013G095100.1.A	1382	1276.5	10.8163	0.33608
Gorai.013G095100.1.D	1382	1276.5	148.184	4.60429
Gorai.013G095200.1.A	1621	1515.5	240.827	6.30279
Gorai.013G095200.1.D	1621	1515.5	477.811	12.505
Gorai.013G095300.1.A	1006	900.505	193.392	8.51802
Gorai.013G095300.1.D	1006	900.505	291.608	12.8439
Gorai.013G095400.1.A	1717	1611.5	0	0
Gorai.013G095400.1.D	1717	1611.5	0	0
Gorai.013G095500.1.A	1433	1327.5	562.686	16.8118
Gorai.013G095500.1.D	1433	1327.5	10.314	0.30816
Gorai.013G095600.1.A	1028	922.505	12	0.515938
Gorai.013G095600.1.D	1028	922.505	40	1.71979
Gorai.013G095700.1.A	3225	3119.5	40.0986	0.509834
Gorai.013G095700.1.D	3225	3119.5	32.9014	0.418325
Gorai.013G095800.1.A	954	848.505	2.4	0.112187
Gorai.013G095800.1.D	954	848.505	3.6	0.16828
Gorai.013G095900.1.A	290	184.705	0	0
Gorai.013G095900.1.D	290	184.705	0	0
Gorai.013G096000.1.A	1439	1333.5	1	0.0297434
Gorai.013G096000.1.D	1439	1333.5	1	0.0297434
Gorai.013G096100.1.A	1129	1023.5	4.72727	0.183192
Gorai.013G096100.1.D	1129	1023.5	8.27273	0.320585
Gorai.013G096200.1.A	597	491.551	1	0.0806893
Gorai.013G096200.1.D	597	491.551	0	0
Gorai.013G096300.1.A	1360	1254.5	28.3349	0.895849
Gorai.013G096300.1.D	1360	1254.5	394.665	12.4779
Gorai.013G096400.1.A	1560	1454.5	0	0
Gorai.013G096400.1.D	1560	1454.5	2	0.0545381
Gorai.013G096500.1.A	2430	2324.5	0	0
Gorai.013G096500.1.D	2430	2324.5	0	0
Gorai.013G096600.1.A	3121	3015.5	0	0
Gorai.013G096600.1.D	3121	3015.5	2	0.026306
Gorai.013G096700.1.A	605	499.551	1	0.0793971
Gorai.013G096700.1.D	605	499.551	1	0.0793971
Gorai.013G096800.1.A	354	248.63	25.2307	4.02495
Gorai.013G096800.1.D	354	248.63	0	0
Gorai.013G096900.1.A	543	437.551	22	1.99425
Gorai.013G096900.1.D	543	437.551	0	0
Gorai.013G097000.1.A	2284	2178.5	0	0
Gorai.013G097000.1.D	2284	2178.5	528	9.61303
Gorai.013G097100.1.A	1015	909.505	0	0
Gorai.013G097100.1.D	1015	909.505	1.20216	0.0524254
Gorai.013G097200.1.A	1340	1234.5	0	0
Gorai.013G097200.1.D	1340	1234.5	46.7978	1.50355
Gorai.013G097300.1.A	348	242.63	107.593	17.5883
Gorai.013G097300.1.D	348	242.63	0	0
Gorai.013G097400.1.A	3307	3201.5	1151.32	14.2636
Gorai.013G097400.1.D	3307	3201.5	4837.68	59.9332
Gorai.013G097500.1.A	750	644.505	0	0
Gorai.013G097500.1.D	750	644.505	1	0.0615402
Gorai.013G097600.1.A	1452	1346.5	74.5382	2.19561
Gorai.013G097600.1.D	1452	1346.5	1088.46	32.062
Gorai.013G097700.1.A	1743	1637.5	0	0
Gorai.013G097700.1.D	1743	1637.5	1	0.0242216
Gorai.013G097800.1.A	1095	989.505	0	0
Gorai.013G097800.1.D	1095	989.505	0	0
Gorai.013G097900.1.A	1245	1139.5	9	0.313265
Gorai.013G097900.1.D	1245	1139.5	0	0
Gorai.013G098000.1.A	1812	1706.5	174.165	4.04798
Gorai.013G098000.1.D	1812	1706.5	164.835	3.83113
Gorai.013G098100.1.A	3009	2903.5	760.692	10.3913
Gorai.013G098100.1.D	3009	2903.5	534.308	7.29885
Gorai.013G098200.1.A	517	411.551	0	0
Gorai.013G098200.1.D	517	411.551	0	0
Gorai.013G098300.1.A	2334	2228.5	5.96154	0.106103
Gorai.013G098300.1.D	2334	2228.5	25.0385	0.445635
Gorai.013G098400.1.A	3910	3804.5	10.5556	0.110044
Gorai.013G098400.1.D	3910	3804.5	8.44444	0.0880355
Gorai.013G098500.1.A	2598	2492.5	23.2941	0.370677
Gorai.013G098500.1.D	2598	2492.5	12.7059	0.202187
Gorai.013G098600.1.A	2591	2485.5	54.05	0.862514
Gorai.013G098600.1.D	2591	2485.5	83.95	1.33965
Gorai.013G098700.1.A	454	348.551	9	1.02414
Gorai.013G098700.1.D	454	348.551	0	0
Gorai.013G098800.1.A	2440	2334.5	611.143	10.3832
Gorai.013G098800.1.D	2440	2334.5	607.857	10.3274
Gorai.013G098900.1.A	219	114.772	3.21429	1.11079
Gorai.013G098900.1.D	219	114.772	11.7857	4.07291
Gorai.013G099000.1.A	517	411.551	0	0
Gorai.013G099000.1.D	517	411.551	0	0
Gorai.013G099100.1.A	249	144.019	0	0
Gorai.013G099100.1.D	249	144.019	0	0
Gorai.013G099200.1.A	1574	1468.5	36.7805	0.993407
Gorai.013G099200.1.D	1574	1468.5	21.2195	0.573119
Gorai.013G099300.1.A	1195	1089.5	0	0
Gorai.013G099300.1.D	1195	1089.5	11.6464	0.423981
Gorai.013G099400.1.A	1353	1247.5	0	0
Gorai.013G099400.1.D	1353	1247.5	50.9576	1.62014
Gorai.013G099500.1.A	715	609.505	0	0
Gorai.013G099500.1.D	715	609.505	0	0
Gorai.013G099600.1.A	1285	1179.5	1.04235	0.035051
Gorai.013G099600.1.D	1285	1179.5	0	0
Gorai.013G099700.1.A	1351	1245.5	152.376	4.85239
Gorai.013G099700.1.D	1351	1245.5	19.6242	0.624929
Gorai.013G099800.1.A	2222	2116.5	130.185	2.43964
Gorai.013G099800.1.D	2222	2116.5	184.815	3.46341
Gorai.013G099900.1.A	696	590.505	0	0
Gorai.013G099900.1.D	696	590.505	0	0
Gorai.013G100000.1.A	695	589.505	0	0
Gorai.013G100000.1.D	695	589.505	0	0
Gorai.013G100100.1.A	913	807.505	20	0.982358
Gorai.013G100100.1.D	913	807.505	20	0.982358
Gorai.013G100200.1.A	3530	3424.5	113.849	1.31861
Gorai.013G100200.1.D	3530	3424.5	122.151	1.41476
Gorai.013G100300.1.A	1180	1074.5	56.7459	2.09465
Gorai.013G100300.1.D	1180	1074.5	104.254	3.84831
Gorai.013G100400.1.A	2379	2273.5	4	0.0697829
Gorai.013G100400.1.D	2379	2273.5	0	0
Gorai.013G100500.1.A	2379	2273.5	0	0
Gorai.013G100500.1.D	2379	2273.5	0	0
Gorai.013G100600.1.A	3385	3279.5	150.921	1.82527
Gorai.013G100600.1.D	3385	3279.5	159.079	1.92393
Gorai.013G100700.1.A	3602	3496.5	241.619	2.74083
Gorai.013G100700.1.D	3602	3496.5	231.381	2.62469
Gorai.013G100800.1.A	672	566.505	1	0.0700134
Gorai.013G100800.1.D	672	566.505	2	0.140027
Gorai.013G100900.1.A	540	434.551	1.04062	0.094981
Gorai.013G100900.1.D	540	434.551	0	0
Gorai.013G101000.1.A	963	857.505	67.191	3.10785
Gorai.013G101000.1.D	963	857.505	24.809	1.14751
Gorai.013G101100.1.A	1711	1605.5	3	0.074113
Gorai.013G101100.1.D	1711	1605.5	0	0
Gorai.013G101200.1.A	366	260.583	0	0
Gorai.013G101200.1.D	366	260.583	0	0
Gorai.013G101300.1.A	882	776.505	0	0
Gorai.013G101300.1.D	882	776.505	0	0
Gorai.013G101400.1.A	1786	1680.5	45.7596	1.08001
Gorai.013G101400.1.D	1786	1680.5	1065.24	25.1416
Gorai.013G101500.1.A	1055	949.505	565	23.6013
Gorai.013G101500.1.D	1055	949.505	565	23.6013
Gorai.013G101600.1.A	264	158.879	7.07614	1.7665
Gorai.013G101600.1.D	264	158.879	1.41523	0.353301
Gorai.013G101700.1.A	322	216.63	7.23311	1.32431
Gorai.013G101700.1.D	322	216.63	0	0
Gorai.013G101800.1.A	820	714.505	0	0
Gorai.013G101800.1.D	820	714.505	2	0.111022
Gorai.013G101900.1.A	1308	1202.5	0	0
Gorai.013G101900.1.D	1308	1202.5	0	0
Gorai.013G102000.1.A	366	260.583	0	0
Gorai.013G102000.1.D	366	260.583	0	0
Gorai.013G102100.1.A	1191	1085.5	1.49225	0.0545249
Gorai.013G102100.1.D	1191	1085.5	1.49225	0.0545249
Gorai.013G102200.1.A	1208	1102.5	11.0821	0.398683
Gorai.013G102200.1.D	1208	1102.5	0	0
Gorai.013G102300.1.A	1550	1444.5	74	2.03188
Gorai.013G102300.1.D	1550	1444.5	0	0
Gorai.013G102400.1.A	1216	1110.5	80	2.85729
Gorai.013G102400.1.D	1216	1110.5	50.4863	1.80318
Gorai.013G102500.1.A	1877	1771.5	3025.87	67.7474
Gorai.013G102500.1.D	1877	1771.5	5942.55	133.05
Gorai.013G102600.1.A	2592	2486.5	1.71429	0.0273451
Gorai.013G102600.1.D	2592	2486.5	10.2857	0.16407
Gorai.013G102700.1.A	1728	1622.5	174.827	4.27374
Gorai.013G102700.1.D	1728	1622.5	114.173	2.79101
Gorai.013G102800.1.A	2632	2526.5	135.574	2.12834
Gorai.013G102800.1.D	2632	2526.5	117.426	1.84344
Gorai.013G102900.1.A	1637	1531.5	138.705	3.59219
Gorai.013G102900.1.D	1637	1531.5	98.2949	2.54564
Gorai.013G103000.1.A	707	601.505	1	0.0659395
Gorai.013G103000.1.D	707	601.505	0	0
Gorai.013G103100.1.A	1074	968.505	0	0
Gorai.013G103100.1.D	1074	968.505	0	0
Gorai.013G103200.1.A	337	231.63	0	0
Gorai.013G103200.1.D	337	231.63	0	0
Gorai.013G103300.1.A	551	445.551	11.3793	1.01299
Gorai.013G103300.1.D	551	445.551	18.6207	1.65761
Gorai.013G103400.1.A	2137	2031.5	9	0.175715
Gorai.013G103400.1.D	2137	2031.5	0	0
Gorai.013G103500.1.A	1455	1349.5	2.5	0.0734769
Gorai.013G103500.1.D	1455	1349.5	2.5	0.0734769
Gorai.013G103600.1.A	522	416.551	5	0.476087
Gorai.013G103600.1.D	522	416.551	5	0.476087
Gorai.013G103700.1.A	507	401.551	0	0
Gorai.013G103700.1.D	507	401.551	0	0
Gorai.013G103800.1.A	1612	1506.5	31.0323	0.817011
Gorai.013G103800.1.D	1612	1506.5	5.96774	0.157117
Gorai.013G103900.1.A	489	383.551	13.2079	1.36582
Gorai.013G103900.1.D	489	383.551	13.2079	1.36582
Gorai.013G104000.1.A	580	474.551	5.51763	0.461163
Gorai.013G104000.1.D	580	474.551	5.51763	0.461163
Gorai.013G104100.1.A	3129	3023.5	0	0
Gorai.013G104100.1.D	3129	3023.5	10	0.131182
Gorai.013G104200.1.A	2851	2745.5	26.0571	0.376435
Gorai.013G104200.1.D	2851	2745.5	87.9429	1.27047
Gorai.013G104300.1.A	2038	1932.5	8.61111	0.176735
Gorai.013G104300.1.D	2038	1932.5	22.3889	0.459512
Gorai.013G104400.1.A	900	794.505	1119.19	55.8717
Gorai.013G104400.1.D	900	794.505	1397.81	69.7809
Gorai.013G104500.1.A	2268	2162.5	37.7184	0.691802
Gorai.013G104500.1.D	2268	2162.5	67.2816	1.23402
Gorai.013G104600.1.A	1519	1413.5	0	0
Gorai.013G104600.1.D	1519	1413.5	0	0
Gorai.013G104700.1.A	972	866.505	91.9269	4.20782
Gorai.013G104700.1.D	972	866.505	152.046	6.95966
Gorai.013G104800.1.A	1956	1850.5	5.52283	0.118374
Gorai.013G104800.1.D	1956	1850.5	72.5045	1.55403
Gorai.013G104900.1.A	1536	1430.5	205.427	5.69578
Gorai.013G104900.1.D	1536	1430.5	183.573	5.08984
Gorai.013G105000.1.A	2439	2333.5	647.221	11.0009
Gorai.013G105000.1.D	2439	2333.5	1298.78	22.0755
Gorai.013G105100.1.A	2452	2346.5	514.5	8.69659
Gorai.013G105100.1.D	2452	2346.5	514.5	8.69659
Gorai.013G105200.1.A	1832	1726.5	4.36654	0.100312
Gorai.013G105200.1.D	1832	1726.5	8.41105	0.193227
Gorai.013G105300.1.A	1969	1863.5	4.06757	0.0865744
Gorai.013G105300.1.D	1969	1863.5	172.155	3.66415
Gorai.013G105400.1.A	537	431.551	0	0
Gorai.013G105400.1.D	537	431.551	11	1.01099
Gorai.013G105500.1.A	1325	1219.5	1	0.0325238
Gorai.013G105500.1.D	1325	1219.5	1	0.0325238
Gorai.013G105600.1.A	905	799.505	10	0.496094
Gorai.013G105600.1.D	905	799.505	10	0.496094
Gorai.013G105700.1.A	3146	3040.5	684.695	8.93175
Gorai.013G105700.1.D	3146	3040.5	817.305	10.6616
Gorai.013G105800.1.A	2403	2297.5	379.931	6.55893
Gorai.013G105800.1.D	2403	2297.5	520.069	8.97821
Gorai.013G105900.1.A	2886	2780.5	10.8387	0.15461
Gorai.013G105900.1.D	2886	2780.5	101.161	1.44303
Gorai.013G106000.1.A	1178	1072.5	139.606	5.16284
Gorai.013G106000.1.D	1178	1072.5	37.3944	1.3829
Gorai.013G106100.1.A	1335	1229.5	961.208	31.0079
Gorai.013G106100.1.D	1335	1229.5	758.792	24.4781
Gorai.013G106200.1.A	484	378.551	0.129511	0.0135696
Gorai.013G106200.1.D	484	378.551	0.129511	0.0135696
Gorai.013G106300.1.A	3948	3842.5	372.255	3.84248
Gorai.013G106300.1.D	3948	3842.5	326.745	3.37271
Gorai.013G106400.1.A	608	502.551	0	0
Gorai.013G106400.1.D	608	502.551	9	0.710308
Gorai.013G106500.1.A	690	584.505	19.5	1.32322
Gorai.013G106500.1.D	690	584.505	19.5	1.32322
Gorai.013G106600.1.A	1268	1162.5	0	0
Gorai.013G106600.1.D	1268	1162.5	16	0.545896
Gorai.013G106700.1.A	1468	1362.5	2.28571	0.0665379
Gorai.013G106700.1.D	1468	1362.5	5.71429	0.166345
Gorai.013G106800.1.A	813	707.505	60.4066	3.38641
Gorai.013G106800.1.D	813	707.505	0	0
Gorai.013G106900.1.A	2052	1946.5	1	0.0203765
Gorai.013G106900.1.D	2052	1946.5	3	0.0611295
Gorai.013G107000.1.A	1230	1124.5	204.396	7.20933
Gorai.013G107000.1.D	1230	1124.5	74.6044	2.63141
Gorai.013G107100.1.A	1480	1374.5	2	0.0577123
Gorai.013G107100.1.D	1480	1374.5	1	0.0288562
Gorai.013G107200.1.A	1422	1316.5	3	0.0903824
Gorai.013G107200.1.D	1422	1316.5	1	0.0301275
Gorai.013G107300.1.A	1528	1422.5	104.215	2.90576
Gorai.013G107300.1.D	1528	1422.5	50.2199	1.40025
Gorai.013G107400.1.A	3759	3653.5	149.662	1.62475
Gorai.013G107400.1.D	3759	3653.5	78.3385	0.850453
Gorai.013G107500.1.A	1291	1185.5	3	0.10037
Gorai.013G107500.1.D	1291	1185.5	1	0.0334566
Gorai.013G107600.1.A	3437	3331.5	69.5349	0.827842
Gorai.013G107600.1.D	3437	3331.5	68.1977	0.811922
Gorai.013G107700.1.A	3320	3214.5	114.505	1.41285
Gorai.013G107700.1.D	3320	3214.5	93.4949	1.15361
Gorai.013G107800.1.A	3134	3028.5	85.8	1.12368
Gorai.013G107800.1.D	3134	3028.5	79.2	1.03725
Gorai.013G107900.1.A	1191	1085.5	0.0344535	0.00125889
Gorai.013G107900.1.D	1191	1085.5	110.957	4.05424
Gorai.013G108000.1.A	1393	1287.5	42	1.29385
Gorai.013G108000.1.D	1393	1287.5	25	0.770151
Gorai.013G108100.1.A	785	679.505	0	0
Gorai.013G108100.1.D	785	679.505	4.7912	0.279664
Gorai.013G108200.1.A	2967	2861.5	333.404	4.62127
Gorai.013G108200.1.D	2967	2861.5	465.596	6.45356
Gorai.013G108300.1.A	872	766.505	3.75	0.194045
Gorai.013G108300.1.D	872	766.505	1.25	0.0646815
Gorai.013G108400.1.A	2857	2751.5	41.0342	0.591508
Gorai.013G108400.1.D	2857	2751.5	242.966	3.50235
Gorai.013G108500.1.A	288	182.738	0	0
Gorai.013G108500.1.D	288	182.738	0	0
Gorai.013G108600.1.A	573	467.551	0	0
Gorai.013G108600.1.D	573	467.551	0	0
Gorai.013G108700.1.A	1940	1834.5	5	0.108103
Gorai.013G108700.1.D	1940	1834.5	0	0
Gorai.013G108800.1.A	1065	959.505	0	0
Gorai.013G108800.1.D	1065	959.505	0	0
Gorai.013G108900.1.A	1014	908.505	0	0
Gorai.013G108900.1.D	1014	908.505	0	0
Gorai.013G109000.1.A	1548	1442.5	0	0
Gorai.013G109000.1.D	1548	1442.5	0	0
Gorai.013G109100.1.A	1383	1277.5	828.949	25.7365
Gorai.013G109100.1.D	1383	1277.5	141.051	4.37925
Gorai.013G109200.1.A	3080	2974.5	19	0.253352
Gorai.013G109200.1.D	3080	2974.5	23	0.306689
Gorai.013G109300.1.A	2387	2281.5	54	0.938766
Gorai.013G109300.1.D	2387	2281.5	45	0.782305
Gorai.013G109400.1.A	2227	2121.5	855.715	15.9982
Gorai.013G109400.1.D	2227	2121.5	530.285	9.91404
Gorai.013G109500.1.A	1221	1115.5	0.5	0.017778
Gorai.013G109500.1.D	1221	1115.5	0.5	0.017778
Gorai.013G109600.1.A	1924	1818.5	4	0.087243
Gorai.013G109600.1.D	1924	1818.5	6	0.130864
Gorai.013G109700.1.A	682	576.505	0	0
Gorai.013G109700.1.D	682	576.505	1	0.068799
Gorai.013G109800.1.A	1812	1706.5	0	0
Gorai.013G109800.1.D	1812	1706.5	0	0
Gorai.013G109900.1.A	350	244.63	31	5.02616
Gorai.013G109900.1.D	350	244.63	0	0
Gorai.013G110000.1.A	4614	4508.5	0	0
Gorai.013G110000.1.D	4614	4508.5	0	0
Gorai.013G110100.1.A	1112	1006.5	0	0
Gorai.013G110100.1.D	1112	1006.5	45	1.7733
Gorai.013G110200.1.A	561	455.551	0	0
Gorai.013G110200.1.D	561	455.551	0	0
Gorai.013G110300.1.A	1066	960.505	1302.88	53.8008
Gorai.013G110300.1.D	1066	960.505	2022.12	83.5013
Gorai.013G110400.1.A	676	570.505	4.8	0.333708
Gorai.013G110400.1.D	676	570.505	1.2	0.0834271
Gorai.013G110500.1.A	1600	1494.5	10.3333	0.274238
Gorai.013G110500.1.D	1600	1494.5	20.6667	0.548477
Gorai.013G110600.1.A	692	586.505	1.12067	0.0757861
Gorai.013G110600.1.D	692	586.505	249.637	16.882
Gorai.013G110700.1.A	947	841.505	338.278	15.9442
Gorai.013G110700.1.D	947	841.505	177.722	8.37664
Gorai.013G110800.1.A	1613	1507.5	82.4242	2.16861
Gorai.013G110800.1.D	1613	1507.5	87.5758	2.30415
Gorai.013G110900.1.A	3638	3532.5	25.5435	0.286802
Gorai.013G110900.1.D	3638	3532.5	115.457	1.29635
Gorai.013G111000.1.A	1884	1778.5	100.817	2.24834
Gorai.013G111000.1.D	1884	1778.5	364.772	8.13488
Gorai.013G111100.1.A	2377	2271.5	363.163	6.34123
Gorai.013G111100.1.D	2377	2271.5	251.837	4.39734
Gorai.013G111200.1.A	738	632.505	828.456	51.9506
Gorai.013G111200.1.D	738	632.505	0	0
Gorai.013G111300.1.A	1449	1343.5	0	0
Gorai.013G111300.1.D	1449	1343.5	0	0
Gorai.013G111400.1.A	1085	979.505	54.0157	2.18725
Gorai.013G111400.1.D	1085	979.505	307.852	12.4658
Gorai.013G111500.1.A	306	200.687	0	0
Gorai.013G111500.1.D	306	200.687	0	0
Gorai.013G111600.1.A	2802	2696.5	69.6913	1.02509
Gorai.013G111600.1.D	2802	2696.5	106.309	1.5637
Gorai.013G111700.1.A	426	320.583	0	0
Gorai.013G111700.1.D	426	320.583	0	0
Gorai.013G111800.1.A	1814	1708.5	14.029	0.325683
Gorai.013G111800.1.D	1814	1708.5	161.971	3.76016
Gorai.013G111900.1.A	3821	3715.5	110.791	1.1827
Gorai.013G111900.1.D	3821	3715.5	130.209	1.38997
Gorai.013G112000.1.A	1982	1876.5	1495.01	31.5994
Gorai.013G112000.1.D	1982	1876.5	159.992	3.38169
Gorai.013G112100.1.A	913	807.505	185.149	9.09412
Gorai.013G112100.1.D	913	807.505	157.851	7.75332
Gorai.013G112200.1.A	2392	2286.5	24.75	0.429327
Gorai.013G112200.1.D	2392	2286.5	20.25	0.351267
Gorai.013G112300.1.A	563	457.551	7.6732	0.665153
Gorai.013G112300.1.D	563	457.551	0	0
Gorai.013G112400.1.A	856	750.505	18	0.951271
Gorai.013G112400.1.D	856	750.505	27	1.42691
Gorai.013G112500.1.A	1068	962.505	599.067	24.6864
Gorai.013G112500.1.D	1068	962.505	420.933	17.3458
Gorai.013G112600.1.A	991	885.505	1.5	0.067187
Gorai.013G112600.1.D	991	885.505	1.5	0.067187
Gorai.013G112700.1.A	660	554.505	0	0
Gorai.013G112700.1.D	660	554.505	0	0
Gorai.013G112800.1.A	1299	1193.5	0	0
Gorai.013G112800.1.D	1299	1193.5	0	0
Gorai.013G112900.1.A	1302	1196.5	0	0
Gorai.013G112900.1.D	1302	1196.5	0	0
Gorai.013G113000.1.A	1030	924.505	42.6667	1.83048
Gorai.013G113000.1.D	1030	924.505	5.33333	0.22881
Gorai.013G113100.1.A	2249	2143.5	13.25	0.245175
Gorai.013G113100.1.D	2249	2143.5	39.75	0.735525
Gorai.013G113200.1.A	1668	1562.5	0	0
Gorai.013G113200.1.D	1668	1562.5	1	0.0253842
Gorai.013G113300.1.A	1459	1353.5	23.3898	0.685413
Gorai.013G113300.1.D	1459	1353.5	36.6102	1.07282
Gorai.013G113400.1.A	3221	3115.5	141.623	1.80297
Gorai.013G113400.1.D	3221	3115.5	344.377	4.38421
Gorai.013G113500.1.A	1120	1014.5	159.322	6.22884
Gorai.013G113500.1.D	1120	1014.5	195.678	7.65019
Gorai.013G113600.1.A	932	826.505	0	0
Gorai.013G113600.1.D	932	826.505	29	1.39167
Gorai.013G113700.1.A	2156	2050.5	410.652	7.94324
Gorai.013G113700.1.D	2156	2050.5	371.348	7.183
Gorai.013G113800.1.A	1177	1071.5	27.2043	1.007
Gorai.013G113800.1.D	1177	1071.5	82.7957	3.06478
Gorai.013G113900.1.A	500	394.551	0.5	0.0502633
Gorai.013G113900.1.D	500	394.551	0.5	0.0502633
Gorai.013G114000.1.A	1067	961.505	0	0
Gorai.013G114000.1.D	1067	961.505	9	0.371258
Gorai.013G114100.1.A	1194	1088.5	0	0
Gorai.013G114100.1.D	1194	1088.5	0	0
Gorai.013G114200.1.A	1885	1779.5	1	0.0222888
Gorai.013G114200.1.D	1885	1779.5	4	0.089155
Gorai.013G114300.1.A	4822	4716.5	2304.01	19.3753
Gorai.013G114300.1.D	4822	4716.5	273.99	2.30409
Gorai.013G114400.1.A	2832	2726.5	478.37	6.95893
Gorai.013G114400.1.D	2832	2726.5	1160.65	16.8842
Gorai.013G114500.1.A	1955	1849.5	190.909	4.09408
Gorai.013G114500.1.D	1955	1849.5	217.091	4.65555
Gorai.013G114600.1.A	930	824.505	0	0
Gorai.013G114600.1.D	930	824.505	0	0
Gorai.013G114700.1.A	530	424.551	0	0
Gorai.013G114700.1.D	530	424.551	0	0
Gorai.013G114800.1.A	2292	2186.5	85488.2	1550.75
Gorai.013G114800.1.D	2292	2186.5	2177.82	39.5053
Gorai.013G114900.1.A	1481	1375.5	14.95	0.431086
Gorai.013G114900.1.D	1481	1375.5	8.05	0.232123
Gorai.013G115000.1.A	928	822.505	0	0
Gorai.013G115000.1.D	928	822.505	0	0
Gorai.013G115100.1.A	1845	1739.5	1415.23	32.2692
Gorai.013G115100.1.D	1845	1739.5	2107.77	48.0598
Gorai.013G115200.1.A	1198	1092.5	792.578	28.7742
Gorai.013G115200.1.D	1198	1092.5	940.422	34.1416
Gorai.013G115300.1.A	2463	2357.5	3.42857	0.0576827
Gorai.013G115300.1.D	2463	2357.5	32.5714	0.547986
Gorai.013G115400.1.A	380	274.583	0	0
Gorai.013G115400.1.D	380	274.583	0	0
Gorai.013G115500.1.A	521	415.551	289.191	27.6022
Gorai.013G115500.1.D	521	415.551	37.8094	3.60877
Gorai.013G115600.1.A	816	710.505	0	0
Gorai.013G115600.1.D	816	710.505	0	0
Gorai.013G115700.1.A	1313	1207.5	12	0.394164
Gorai.013G115700.1.D	1313	1207.5	72	2.36499
Gorai.013G115800.1.A	2411	2305.5	25.2365	0.434159
Gorai.013G115800.1.D	2411	2305.5	423.763	7.29025
Gorai.013G115900.1.A	2025	1919.5	1	0.0206631
Gorai.013G115900.1.D	2025	1919.5	1	0.0206631
Gorai.013G116000.1.A	2859	2753.5	34.2556	0.493436
Gorai.013G116000.1.D	2859	2753.5	99.7444	1.43677
Gorai.013G116100.1.A	1146	1040.5	87.4745	3.33444
Gorai.013G116100.1.D	1146	1040.5	166.901	6.36207
Gorai.013G116200.1.A	1777	1671.5	18.4408	0.43758
Gorai.013G116200.1.D	1777	1671.5	232.559	5.51837
Gorai.013G116300.1.A	132	39.2306	0	0
Gorai.013G116300.1.D	132	39.2306	0	0
Gorai.013G116400.1.A	525	419.551	0	0
Gorai.013G116400.1.D	525	419.551	2.72258	0.257383
Gorai.013G116500.1.A	1276	1170.5	851.439	28.8513
Gorai.013G116500.1.D	1276	1170.5	266.548	9.03208
Gorai.013G116600.1.A	3344	3238.5	80.042	0.980299
Gorai.013G116600.1.D	3344	3238.5	46.958	0.575109
Gorai.013G116700.1.A	1289	1183.5	416.306	13.9517
Gorai.013G116700.1.D	1289	1183.5	186.694	6.2567
Gorai.013G116800.1.A	1345	1239.5	1031.07	32.9934
Gorai.013G116800.1.D	1345	1239.5	3498.93	111.962
Gorai.013G116900.1.A	827	721.505	178.304	9.80182
Gorai.013G116900.1.D	827	721.505	4732.7	260.168
Gorai.013G117000.1.A	1947	1841.5	3.09091	0.066573
Gorai.013G117000.1.D	1947	1841.5	13.9091	0.299579
Gorai.013G117100.1.A	2513	2407.5	469.938	7.74209
Gorai.013G117100.1.D	2513	2407.5	500.062	8.23838
Gorai.013G117200.1.A	484	378.551	15930.8	1669.16
Gorai.013G117200.1.D	484	378.551	6713.23	703.382
Gorai.013G117300.1.A	210	105.986	1.00497	0.376089
Gorai.013G117300.1.D	210	105.986	3.08918	1.15606
Gorai.013G117400.1.A	255	149.978	0	0
Gorai.013G117400.1.D	255	149.978	0	0
Gorai.013G117500.1.A	1416	1310.5	33	0.998758
Gorai.013G117500.1.D	1416	1310.5	0	0
Gorai.013G117600.1.A	1564	1458.5	2	0.0543885
Gorai.013G117600.1.D	1564	1458.5	2	0.0543885
Gorai.013G117700.1.A	1860	1754.5	21	0.474733
Gorai.013G117700.1.D	1860	1754.5	103	2.32845
Gorai.013G117800.1.A	651	545.505	5	0.363544
Gorai.013G117800.1.D	651	545.505	2	0.145417
Gorai.013G117900.1.A	1566	1460.5	502.717	13.6523
Gorai.013G117900.1.D	1566	1460.5	303.283	8.23625
Gorai.013G118000.1.A	1807	1701.5	5	0.116553
Gorai.013G118000.1.D	1807	1701.5	0	0
Gorai.013G118100.1.A	1380	1274.5	5864.83	182.515
Gorai.013G118100.1.D	1380	1274.5	6932.17	215.731
Gorai.013G118200.1.A	1225	1119.5	23.94	0.84817
Gorai.013G118200.1.D	1225	1119.5	39.06	1.38386
Gorai.013G118300.1.A	756	650.505	6	0.365835
Gorai.013G118300.1.D	756	650.505	3	0.182918
Gorai.013G118400.1.A	947	841.505	0	0
Gorai.013G118400.1.D	947	841.505	2	0.0942667
Gorai.013G118500.1.A	1051	945.505	93.15	3.90755
Gorai.013G118500.1.D	1051	945.505	68.85	2.88819
Gorai.013G118600.1.A	234	129.404	3.5	1.07276
Gorai.013G118600.1.D	234	129.404	3.5	1.07276
Gorai.013G118700.1.A	1734	1628.5	0	0
Gorai.013G118700.1.D	1734	1628.5	5	0.121777
Gorai.013G118800.1.A	3697	3591.5	180.718	1.99577
Gorai.013G118800.1.D	3697	3591.5	122.282	1.35043
Gorai.013G118900.1.A	590	484.551	0	0
Gorai.013G118900.1.D	590	484.551	0	0
Gorai.013G119000.1.A	4529	4423.5	1278.9	11.4672
Gorai.013G119000.1.D	4529	4423.5	986.098	8.84175
Gorai.013G119100.1.A	3149	3043.5	51.3867	0.669671
Gorai.013G119100.1.D	3149	3043.5	42.6133	0.555337
Gorai.013G119200.1.A	1428	1322.5	0	0
Gorai.013G119200.1.D	1428	1322.5	2	0.0599816
Gorai.013G119300.1.A	1427	1321.5	0	0
Gorai.013G119300.1.D	1427	1321.5	4	0.120054
Gorai.013G119400.1.A	1197	1091.5	0	0
Gorai.013G119400.1.D	1197	1091.5	0	0
Gorai.013G119500.1.A	1415	1309.5	0.5	0.0151443
Gorai.013G119500.1.D	1415	1309.5	0.5	0.0151443
Gorai.013G119600.1.A	1474	1368.5	0	0
Gorai.013G119600.1.D	1474	1368.5	14	0.405758
Gorai.013G119700.1.A	1318	1212.5	0	0
Gorai.013G119700.1.D	1318	1212.5	0	0
Gorai.013G119800.1.A	981	875.505	13.0938	0.593188
Gorai.013G119800.1.D	981	875.505	13.0938	0.593188
Gorai.013G119900.1.A	1293	1187.5	4.5	0.150301
Gorai.013G119900.1.D	1293	1187.5	4.5	0.150301
Gorai.013G120000.1.A	592	486.551	10.2789	0.837917
Gorai.013G120000.1.D	592	486.551	10.2789	0.837917
Gorai.013G120100.1.A	2064	1958.5	35.3971	0.716849
Gorai.013G120100.1.D	2064	1958.5	130.603	2.64492
Gorai.013G120200.1.A	1034	928.505	158.762	6.78182
Gorai.013G120200.1.D	1034	928.505	337.238	14.4058
Gorai.013G120300.1.A	825	719.505	0	0
Gorai.013G120300.1.D	825	719.505	0	0
Gorai.013G120400.1.A	2564	2458.5	0	0
Gorai.013G120400.1.D	2564	2458.5	0	0
Gorai.013G120500.1.A	975	869.505	0	0
Gorai.013G120500.1.D	975	869.505	0	0
Gorai.013G120600.1.A	697	591.505	780.962	52.3669
Gorai.013G120600.1.D	697	591.505	821.038	55.0541
Gorai.013G120700.1.A	840	734.505	5.73925	0.309917
Gorai.013G120700.1.D	840	734.505	5.73925	0.309917
Gorai.013G120800.1.A	1810	1704.5	665.849	15.494
Gorai.013G120800.1.D	1810	1704.5	818.151	19.0379
Gorai.013G120900.1.A	1484	1378.5	1108.07	31.882
Gorai.013G120900.1.D	1484	1378.5	355.927	10.2409
Gorai.013G121000.1.A	1666	1560.5	904.787	22.9967
Gorai.013G121000.1.D	1666	1560.5	67.2128	1.70833
Gorai.013G121100.1.A	825	719.505	0	0
Gorai.013G121100.1.D	825	719.505	0	0
Gorai.013G121200.1.A	1089	983.505	0	0
Gorai.013G121200.1.D	1089	983.505	0	0
Gorai.013G121300.1.A	2507	2401.5	1.2	0.019819
Gorai.013G121300.1.D	2507	2401.5	10.8	0.178371
Gorai.013G121400.1.A	1002	896.505	306.698	13.5688
Gorai.013G121400.1.D	1002	896.505	235.302	10.4102
Gorai.013G121500.1.A	924	818.505	0	0
Gorai.013G121500.1.D	924	818.505	0	0
Gorai.013G121600.1.A	1571	1465.5	0	0
Gorai.013G121600.1.D	1571	1465.5	0	0
Gorai.013G121700.1.A	777	671.505	0	0
Gorai.013G121700.1.D	777	671.505	0	0
Gorai.013G121800.1.A	2061	1955.5	264.989	5.3747
Gorai.013G121800.1.D	2061	1955.5	442.011	8.96518
Gorai.013G121900.1.A	3746	3640.5	258.239	2.81349
Gorai.013G121900.1.D	3746	3640.5	325.761	3.54913
Gorai.013G122000.1.A	1612	1506.5	699.275	18.4104
Gorai.013G122000.1.D	1612	1506.5	10.7251	0.282368
Gorai.013G122100.1.A	663	557.505	1.50451	0.107037
Gorai.013G122100.1.D	663	557.505	1.12983	0.0803804
Gorai.013G122200.1.A	1218	1112.5	0	0
Gorai.013G122200.1.D	1218	1112.5	0	0
Gorai.013G122300.1.A	531	425.551	2.33333	0.217475
Gorai.013G122300.1.D	531	425.551	4.66667	0.43495
Gorai.013G122400.1.A	1246	1140.5	89.8864	3.12595
Gorai.013G122400.1.D	1246	1140.5	23.1136	0.803815
Gorai.013G122500.1.A	357	251.63	0	0
Gorai.013G122500.1.D	357	251.63	0	0
Gorai.013G122600.1.A	3432	3326.5	398.08	4.74643
Gorai.013G122600.1.D	3432	3326.5	311.92	3.71912
Gorai.013G122700.1.A	699	593.505	0	0
Gorai.013G122700.1.D	699	593.505	0	0
Gorai.013G122800.1.A	4183	4077.5	41.2973	0.401709
Gorai.013G122800.1.D	4183	4077.5	149.703	1.4562
Gorai.013G122900.1.A	2308	2202.5	7	0.126057
Gorai.013G122900.1.D	2308	2202.5	1	0.0180081
Gorai.013G123000.1.A	3091	2985.5	769.786	10.2267
Gorai.013G123000.1.D	3091	2985.5	1169.21	15.5332
Gorai.013G123100.1.A	1356	1250.5	0	0
Gorai.013G123100.1.D	1356	1250.5	0	0
Gorai.013G123200.1.A	2555	2449.5	170.013	2.75288
Gorai.013G123200.1.D	2555	2449.5	236.987	3.83735
Gorai.013G123300.1.A	2549	2443.5	494.861	8.03257
Gorai.013G123300.1.D	2549	2443.5	496.139	8.05333
Gorai.013G123400.1.A	7668	7562.5	649.172	3.4047
Gorai.013G123400.1.D	7668	7562.5	237.828	1.24733
Gorai.013G123500.1.A	1589	1483.5	110.312	2.9493
Gorai.013G123500.1.D	1589	1483.5	56.6881	1.51561
Gorai.013G123600.1.A	1530	1424.5	425.68	11.8524
Gorai.013G123600.1.D	1530	1424.5	329.32	9.16936
Gorai.013G123700.1.A	2117	2011.5	19.341	0.381367
Gorai.013G123700.1.D	2117	2011.5	547.848	10.8025
Gorai.013G123800.1.A	944	838.505	1	0.047302
Gorai.013G123800.1.D	944	838.505	0	0
Gorai.013G123900.1.A	1902	1796.5	1	0.0220778
Gorai.013G123900.1.D	1902	1796.5	1.01213	0.0223457
Gorai.013G124000.1.A	2337	2231.5	149.626	2.65946
Gorai.013G124000.1.D	2337	2231.5	102.362	1.81939
Gorai.013G124100.1.A	2793	2687.5	55.351	0.816885
Gorai.013G124100.1.D	2793	2687.5	143.649	2.12001
Gorai.013G124200.1.A	1217	1111.5	11.9355	0.425906
Gorai.013G124200.1.D	1217	1111.5	25.0645	0.894402
Gorai.013G124300.1.A	2212	2106.5	1659.39	31.2444
Gorai.013G124300.1.D	2212	2106.5	1088.61	20.4971
Gorai.013G124400.1.A	285	179.772	0	0
Gorai.013G124400.1.D	285	179.772	0	0
Gorai.013G124500.1.A	3235	3129.5	2480.67	31.4397
Gorai.013G124500.1.D	3235	3129.5	721.33	9.14204
Gorai.013G124600.1.A	3858	3752.5	30.7807	0.325344
Gorai.013G124600.1.D	3858	3752.5	90.2193	0.953593
Gorai.013G124700.1.A	681	575.505	0	0
Gorai.013G124700.1.D	681	575.505	2	0.137837
Gorai.013G124800.1.A	1577	1471.5	318.192	8.57654
Gorai.013G124800.1.D	1577	1471.5	115.808	3.1215
Gorai.013G124900.1.A	3845	3739.5	125.812	1.33442
Gorai.013G124900.1.D	3845	3739.5	131.188	1.39144
Gorai.013G125000.1.A	352	246.63	30.0034	4.82513
Gorai.013G125000.1.D	352	246.63	14.0016	2.25173
Gorai.013G125100.1.A	2582	2476.5	752.308	12.0487
Gorai.013G125100.1.D	2582	2476.5	739.537	11.8442
Gorai.013G125200.1.A	1537	1431.5	120.842	3.34819
Gorai.013G125200.1.D	1537	1431.5	125.158	3.46777
Gorai.013G125300.1.A	2156	2050.5	1.1	0.0212773
Gorai.013G125300.1.D	2156	2050.5	9.9	0.191496
Gorai.013G125400.1.A	2631	2525.5	12.6857	0.199229
Gorai.013G125400.1.D	2631	2525.5	98.3143	1.54402
Gorai.013G125500.1.A	612	506.551	139	10.8837
Gorai.013G125500.1.D	612	506.551	2	0.1566
Gorai.013G125600.1.A	1099	993.505	9.15789	0.365604
Gorai.013G125600.1.D	1099	993.505	48.8421	1.94989
Gorai.013G125700.1.A	1635	1529.5	45	1.16693
Gorai.013G125700.1.D	1635	1529.5	0	0
Gorai.013G125800.1.A	1848	1742.5	281.609	6.40999
Gorai.013G125800.1.D	1848	1742.5	279.391	6.35951
Gorai.013G125900.1.A	1932	1826.5	2469.91	53.6346
Gorai.013G125900.1.D	1932	1826.5	1793.09	38.9374
Gorai.013G126000.1.A	829	723.505	1	0.0548206
Gorai.013G126000.1.D	829	723.505	0	0
Gorai.013G126100.1.A	2114	2008.5	44.9048	0.886757
Gorai.013G126100.1.D	2114	2008.5	70.0952	1.38421
Gorai.013G126200.1.A	2008	1902.5	143.696	2.99573
Gorai.013G126200.1.D	2008	1902.5	136.389	2.8434
Gorai.013G126300.1.A	1597	1491.5	65.4486	1.74045
Gorai.013G126300.1.D	1597	1491.5	83.5514	2.22185
Gorai.013G126400.1.A	1009	903.505	0	0
Gorai.013G126400.1.D	1009	903.505	0	0
Gorai.013G126500.1.A	686	580.505	0.5282	0.0360892
Gorai.013G126500.1.D	686	580.505	0.5282	0.0360892
Gorai.013G126600.1.A	1083	977.505	0	0
Gorai.013G126600.1.D	1083	977.505	0	0
Gorai.013G126700.1.A	717	611.505	0	0
Gorai.013G126700.1.D	717	611.505	0	0
Gorai.013G126800.1.A	1893	1787.5	1	0.022189
Gorai.013G126800.1.D	1893	1787.5	0	0
Gorai.013G126900.1.A	1235	1129.5	1	0.0351153
Gorai.013G126900.1.D	1235	1129.5	0	0
Gorai.013G127000.1.A	759	653.505	0	0
Gorai.013G127000.1.D	759	653.505	1	0.0606927
Gorai.013G127100.1.A	2170	2064.5	3.15	0.0605173
Gorai.013G127100.1.D	2170	2064.5	17.85	0.342931
Gorai.013G127200.1.A	786	680.505	0	0
Gorai.013G127200.1.D	786	680.505	12	0.699415
Gorai.013G127300.1.A	444	338.583	0	0
Gorai.013G127300.1.D	444	338.583	0	0
Gorai.013G127400.1.A	317	211.63	0	0
Gorai.013G127400.1.D	317	211.63	0	0
Gorai.013G127500.1.A	3630	3524.5	148.732	1.67375
Gorai.013G127500.1.D	3630	3524.5	140.268	1.5785
Gorai.013G127600.1.A	2915	2809.5	75.6866	1.0685
Gorai.013G127600.1.D	2915	2809.5	159.735	2.25505
Gorai.013G127700.1.A	1824	1718.5	113.834	2.62728
Gorai.013G127700.1.D	1824	1718.5	39.7445	0.9173
Gorai.013G127800.1.A	2046	1940.5	255.556	5.22343
Gorai.013G127800.1.D	2046	1940.5	319.444	6.52928
Gorai.013G127900.1.A	1485	1379.5	22	0.632535
Gorai.013G127900.1.D	1485	1379.5	37	1.06381
Gorai.013G128000.1.A	796	690.505	0	0
Gorai.013G128000.1.D	796	690.505	0	0
Gorai.013G128100.1.A	2236	2130.5	1	0.0186167
Gorai.013G128100.1.D	2236	2130.5	3	0.0558501
Gorai.013G128200.1.A	2091	1985.5	153.316	3.06268
Gorai.013G128200.1.D	2091	1985.5	207.684	4.14874
Gorai.013G128300.1.A	690	584.505	1	0.0678574
Gorai.013G128300.1.D	690	584.505	0	0
Gorai.013G128400.1.A	2340	2234.5	1.22702	0.0217799
Gorai.013G128400.1.D	2340	2234.5	15.9513	0.283139
Gorai.013G128500.1.A	355	249.63	17	2.70108
Gorai.013G128500.1.D	355	249.63	0	0
Gorai.013G128600.1.A	2415	2309.5	23.1429	0.39745
Gorai.013G128600.1.D	2415	2309.5	30.8571	0.529934
Gorai.013G128700.1.A	3596	3490.5	9.48649	0.107796
Gorai.013G128700.1.D	3596	3490.5	29.5135	0.335365
Gorai.013G128800.1.A	1329	1223.5	325.87	10.5639
Gorai.013G128800.1.D	1329	1223.5	100.649	3.26278
Gorai.013G128900.1.A	1023	917.505	0	0
Gorai.013G128900.1.D	1023	917.505	2	0.0864583
Gorai.013G129000.1.A	309	203.687	0	0
Gorai.013G129000.1.D	309	203.687	0	0
Gorai.013G129100.1.A	1136	1030.5	0	0
Gorai.013G129100.1.D	1136	1030.5	791	30.4447
Gorai.013G129200.1.A	1628	1522.5	1217.1	31.7067
Gorai.013G129200.1.D	1628	1522.5	3627.9	94.5109
Gorai.013G129300.1.A	1230	1124.5	0	0
Gorai.013G129300.1.D	1230	1124.5	8.16543	0.288007
Gorai.013G129400.1.A	1752	1646.5	4.66667	0.112416
Gorai.013G129400.1.D	1752	1646.5	2.33333	0.0562081
Gorai.013G129500.1.A	3241	3135.5	29.7	0.375694
Gorai.013G129500.1.D	3241	3135.5	14.3	0.18089
Gorai.013G129600.1.A	1271	1165.5	1845.79	62.8136
Gorai.013G129600.1.D	1271	1165.5	1049.05	35.6999
Gorai.013G129700.1.A	2420	2314.5	53.2893	0.913201
Gorai.013G129700.1.D	2420	2314.5	70.7107	1.21175
Gorai.013G129800.1.A	904	798.505	2.53376	0.125856
Gorai.013G129800.1.D	904	798.505	2.53376	0.125856
Gorai.013G129900.1.A	753	647.505	0	0
Gorai.013G129900.1.D	753	647.505	0	0
Gorai.013G130000.1.A	1965	1859.5	0	0
Gorai.013G130000.1.D	1965	1859.5	0	0
Gorai.013G130100.1.A	3231	3125.5	65.1892	0.827257
Gorai.013G130100.1.D	3231	3125.5	68.8108	0.873215
Gorai.013G130200.1.A	1175	1069.5	503.682	18.6792
Gorai.013G130200.1.D	1175	1069.5	519.318	19.2591
Gorai.013G130300.1.A	2068	1962.5	19.6036	0.396196
Gorai.013G130300.1.D	2068	1962.5	108.396	2.19073
Gorai.013G130400.1.A	2495	2389.5	110.647	1.83661
Gorai.013G130400.1.D	2495	2389.5	155.353	2.57867
Gorai.013G130500.1.A	1294	1188.5	738.638	24.6499
Gorai.013G130500.1.D	1294	1188.5	1571.36	52.4397
Gorai.013G130600.1.A	1994	1888.5	0	0
Gorai.013G130600.1.D	1994	1888.5	0	0
Gorai.013G130700.1.A	571	465.551	7.90892	0.673806
Gorai.013G130700.1.D	571	465.551	7.90892	0.673806
Gorai.013G130800.1.A	1383	1277.5	0	0
Gorai.013G130800.1.D	1383	1277.5	0	0
Gorai.013G130900.1.A	1409	1303.5	4.5	0.136926
Gorai.013G130900.1.D	1409	1303.5	10.5	0.319493
Gorai.013G131000.1.A	1288	1182.5	2725.16	91.406
Gorai.013G131000.1.D	1288	1182.5	3048.02	102.235
Gorai.013G131100.1.A	1967	1861.5	14.6087	0.311266
Gorai.013G131100.1.D	1967	1861.5	13.3913	0.285328
Gorai.013G131200.1.A	2020	1914.5	187.846	3.89162
Gorai.013G131200.1.D	2020	1914.5	219.154	4.54023
Gorai.013G131300.1.A	1711	1605.5	0	0
Gorai.013G131300.1.D	1711	1605.5	0	0
Gorai.013G131400.1.A	2562	2456.5	3.17647	0.0512876
Gorai.013G131400.1.D	2562	2456.5	32.8235	0.529972
Gorai.013G131500.1.A	390	284.583	0	0
Gorai.013G131500.1.D	390	284.583	0	0
Gorai.013G131600.1.A	2201	2095.5	19.9268	0.377168
Gorai.013G131600.1.D	2201	2095.5	23.0732	0.43672
Gorai.013G131700.1.A	2022	1916.5	38.7077	0.801073
Gorai.013G131700.1.D	2022	1916.5	35.2923	0.73039
Gorai.013G131800.1.A	865	759.505	0	0
Gorai.013G131800.1.D	865	759.505	0	0
Gorai.013G131900.1.A	948	842.505	14.6667	0.690469
Gorai.013G131900.1.D	948	842.505	13.3333	0.627699
Gorai.013G132000.1.A	1200	1094.5	125.494	4.54768
Gorai.013G132000.1.D	1200	1094.5	378.506	13.7164
Gorai.013G132100.1.A	1812	1706.5	0	0
Gorai.013G132100.1.D	1812	1706.5	0	0
Gorai.013G132200.1.A	1100	994.505	355.33	14.1713
Gorai.013G132200.1.D	1100	994.505	908.67	36.2397
Gorai.013G132300.1.A	1425	1319.5	122.453	3.6808
Gorai.013G132300.1.D	1425	1319.5	207.547	6.23865
Gorai.013G132400.1.A	834	728.505	542.74	29.5491
Gorai.013G132400.1.D	834	728.505	730.26	39.7585
Gorai.013G132500.1.A	4147	4041.5	940.148	9.22652
Gorai.013G132500.1.D	4147	4041.5	1012.85	9.94004
Gorai.013G132600.1.A	3702	3596.5	327.556	3.61235
Gorai.013G132600.1.D	3702	3596.5	321.444	3.54495
Gorai.013G132700.1.A	4387	4281.5	255.115	2.36333
Gorai.013G132700.1.D	4387	4281.5	232.885	2.1574
Gorai.013G132800.1.A	1659	1553.5	0	0
Gorai.013G132800.1.D	1659	1553.5	0	0
Gorai.013G132900.1.A	492	386.551	1.13494	0.116452
Gorai.013G132900.1.D	492	386.551	1.13494	0.116452
Gorai.013G133000.1.A	1672	1566.5	1428.48	36.1683
Gorai.013G133000.1.D	1672	1566.5	2084.52	52.7787
Gorai.013G133100.1.A	2978	2872.5	4.57143	0.0631213
Gorai.013G133100.1.D	2978	2872.5	3.42857	0.047341
Gorai.013G133200.1.A	1533	1427.5	123.718	3.43749
Gorai.013G133200.1.D	1533	1427.5	92.2817	2.56403
Gorai.013G133300.1.A	876	770.505	2.1193	0.109094
Gorai.013G133300.1.D	876	770.505	0	0
Gorai.013G133400.1.A	975	869.505	60.8	2.77343
Gorai.013G133400.1.D	975	869.505	91.2	4.16014
Gorai.013G133500.1.A	344	238.63	0	0
Gorai.013G133500.1.D	344	238.63	0	0
Gorai.013G133600.1.A	2766	2660.5	462.613	6.89665
Gorai.013G133600.1.D	2766	2660.5	436.387	6.50569
Gorai.013G133700.1.A	2295	2189.5	155.858	2.82337
Gorai.013G133700.1.D	2295	2189.5	248.142	4.4951
Gorai.013G133800.1.A	3384	3278.5	127.434	1.54168
Gorai.013G133800.1.D	3384	3278.5	31.5662	0.381884
Gorai.013G133900.1.A	762	656.505	0	0
Gorai.013G133900.1.D	762	656.505	39.6813	2.39736
Gorai.013G134000.1.A	1026	920.505	20	0.861765
Gorai.013G134000.1.D	1026	920.505	8	0.344706
Gorai.013G134100.1.A	721	615.505	4	0.257759
Gorai.013G134100.1.D	721	615.505	1	0.0644397
Gorai.013G134200.1.A	2864	2758.5	26.7042	0.383965
Gorai.013G134200.1.D	2864	2758.5	52.2958	0.751931
Gorai.013G134300.1.A	2203	2097.5	47.4921	0.898055
Gorai.013G134300.1.D	2203	2097.5	564.508	10.6746
Gorai.013G134400.1.A	2605	2499.5	0	0
Gorai.013G134400.1.D	2605	2499.5	20	0.317366
Gorai.013G134500.1.A	1722	1616.5	105.181	2.58074
Gorai.013G134500.1.D	1722	1616.5	148.819	3.65147
Gorai.013G134600.1.A	1453	1347.5	45.8333	1.34907
Gorai.013G134600.1.D	1453	1347.5	4.16667	0.122643
Gorai.013G134700.1.A	1560	1454.5	0	0
Gorai.013G134700.1.D	1560	1454.5	0	0
Gorai.013G134800.1.A	2432	2326.5	78.2222	1.33356
Gorai.013G134800.1.D	2432	2326.5	97.7778	1.66694
Gorai.013G134900.1.A	1579	1473.5	329.765	8.87641
Gorai.013G134900.1.D	1579	1473.5	312.235	8.40457
Gorai.013G135000.1.A	1632	1526.5	5	0.129914
Gorai.013G135000.1.D	1632	1526.5	0	0
Gorai.013G135100.1.A	1501	1395.5	1567.23	44.5438
Gorai.013G135100.1.D	1501	1395.5	2844.77	80.8538
Gorai.013G135200.1.A	1049	943.505	8	0.336303
Gorai.013G135200.1.D	1049	943.505	0	0
Gorai.013G135300.1.A	332	226.63	0	0
Gorai.013G135300.1.D	332	226.63	0	0
Gorai.013G135400.1.A	391	285.583	0	0
Gorai.013G135400.1.D	391	285.583	0	0
Gorai.013G135500.1.A	255	149.978	0	0
Gorai.013G135500.1.D	255	149.978	0	0
Gorai.013G135600.1.A	234	129.404	0	0
Gorai.013G135600.1.D	234	129.404	0	0
Gorai.013G135700.1.A	234	129.404	0	0
Gorai.013G135700.1.D	234	129.404	0	0
Gorai.013G135800.1.A	234	129.404	0	0
Gorai.013G135800.1.D	234	129.404	0	0
Gorai.013G135900.1.A	204	100.177	0	0
Gorai.013G135900.1.D	204	100.177	0	0
Gorai.013G136000.1.A	234	129.404	0	0
Gorai.013G136000.1.D	234	129.404	0	0
Gorai.013G136100.1.A	370	264.583	0	0
Gorai.013G136100.1.D	370	264.583	0	0
Gorai.013G136200.1.A	234	129.404	0	0
Gorai.013G136200.1.D	234	129.404	0	0
Gorai.013G136300.1.A	234	129.404	0	0
Gorai.013G136300.1.D	234	129.404	0	0
Gorai.013G136400.1.A	399	293.583	47.5	6.41723
Gorai.013G136400.1.D	399	293.583	47.5	6.41723
Gorai.013G136500.1.A	213	108.896	0	0
Gorai.013G136500.1.D	213	108.896	0	0
Gorai.013G136600.1.A	1372	1266.5	104.087	3.25968
Gorai.013G136600.1.D	1372	1266.5	66.913	2.09551
Gorai.013G136700.1.A	1974	1868.5	143.058	3.03671
Gorai.013G136700.1.D	1974	1868.5	170.942	3.62861
Gorai.013G136800.1.A	1370	1264.5	0	0
Gorai.013G136800.1.D	1370	1264.5	0	0
Gorai.013G136900.1.A	1034	928.505	26.25	1.12132
Gorai.013G136900.1.D	1034	928.505	15.75	0.672793
Gorai.013G137000.1.A	891	785.505	14068.3	710.357
Gorai.013G137000.1.D	891	785.505	10251.7	517.647
Gorai.013G137100.1.A	2388	2282.5	10.4167	0.18101
Gorai.013G137100.1.D	2388	2282.5	14.5833	0.253414
Gorai.013G137200.1.A	1356	1250.5	410.588	13.0229
Gorai.013G137200.1.D	1356	1250.5	389.412	12.3512
Gorai.013G137300.1.A	1449	1343.5	0	0
Gorai.013G137300.1.D	1449	1343.5	0	0
Gorai.013G137400.1.A	390	284.583	6.96	0.97003
Gorai.013G137400.1.D	390	284.583	22.04	3.07176
Gorai.013G137500.1.A	1659	1553.5	2.86398e-06	7.3121e-08
Gorai.013G137500.1.D	1659	1553.5	25.6813	0.655676
Gorai.013G137600.1.A	414	308.583	9	1.15679
Gorai.013G137600.1.D	414	308.583	9	1.15679
Gorai.013G137700.1.A	2685	2579.5	179.811	2.76481
Gorai.013G137700.1.D	2685	2579.5	400.189	6.15338
Gorai.013G137800.1.A	1503	1397.5	17.3864	0.493447
Gorai.013G137800.1.D	1503	1397.5	27.6136	0.78371
Gorai.013G137900.1.A	987	881.505	326.065	14.6712
Gorai.013G137900.1.D	987	881.505	263.807	11.8699
Gorai.013G138000.1.A	1617	1511.5	366.373	9.61388
Gorai.013G138000.1.D	1617	1511.5	153.755	4.03464
Gorai.013G138100.1.A	2304	2198.5	250.766	4.52404
Gorai.013G138100.1.D	2304	2198.5	136.234	2.45777
Gorai.013G138200.1.A	1980	1874.5	3263.15	69.0454
Gorai.013G138200.1.D	1980	1874.5	5328.85	112.754
Gorai.013G138300.1.A	1847	1741.5	1.5	0.0341626
Gorai.013G138300.1.D	1847	1741.5	1.5	0.0341626
Gorai.013G138400.1.A	1328	1222.5	2.19477	0.0712072
Gorai.013G138400.1.D	1328	1222.5	2.19477	0.0712072
Gorai.013G138500.1.A	3125	3019.5	11	0.144491
Gorai.013G138500.1.D	3125	3019.5	4	0.0525423
Gorai.013G138600.1.A	357	251.63	47	7.40833
Gorai.013G138600.1.D	357	251.63	0	0
Gorai.013G138700.1.A	2202	2096.5	0	0
Gorai.013G138700.1.D	2202	2096.5	1	0.0189186
Gorai.013G138800.1.A	672	566.505	0	0
Gorai.013G138800.1.D	672	566.505	0	0
Gorai.013G138900.1.A	336	230.63	0	0
Gorai.013G138900.1.D	336	230.63	0	0
Gorai.013G139000.1.A	1534	1428.5	11	0.305419
Gorai.013G139000.1.D	1534	1428.5	0	0
Gorai.013G139100.1.A	698	592.505	16.6667	1.11569
Gorai.013G139100.1.D	698	592.505	8.33333	0.557843
Gorai.013G139200.1.A	1215	1109.5	278.191	9.94488
Gorai.013G139200.1.D	1215	1109.5	244.809	8.7515
Gorai.013G139300.1.A	4490	4384.5	326.119	2.95013
Gorai.013G139300.1.D	4490	4384.5	42.8807	0.387906
Gorai.013G139400.1.A	495	389.551	0	0
Gorai.013G139400.1.D	495	389.551	0	0
Gorai.013G139500.1.A	861	755.505	0	0
Gorai.013G139500.1.D	861	755.505	0	0
Gorai.013G139600.1.A	2262	2156.5	550.739	10.1293
Gorai.013G139600.1.D	2262	2156.5	1822.11	33.5126
Gorai.013G139700.1.A	3141	3035.5	137.042	1.79064
Gorai.013G139700.1.D	3141	3035.5	326.958	4.27215
Gorai.013G139800.1.A	1369	1263.5	4.81903	0.151275
Gorai.013G139800.1.D	1369	1263.5	13.0687	0.410244
Gorai.013G139900.1.A	1452	1346.5	985.018	29.0149
Gorai.013G139900.1.D	1452	1346.5	1421.98	41.8862
Gorai.013G140000.1.A	366	260.583	50.4412	7.67757
Gorai.013G140000.1.D	366	260.583	19.5588	2.97702
Gorai.013G140100.1.A	573	467.551	25	2.12078
Gorai.013G140100.1.D	573	467.551	0	0
Gorai.013G140200.1.A	820	714.505	44.366	2.46281
Gorai.013G140200.1.D	820	714.505	702.634	39.004
Gorai.013G140300.1.A	1299	1193.5	5	0.166162
Gorai.013G140300.1.D	1299	1193.5	11	0.365556
Gorai.013G140400.1.A	2160	2054.5	469.324	9.06047
Gorai.013G140400.1.D	2160	2054.5	621.676	12.0017
Gorai.013G140500.1.A	928	822.505	7	0.337555
Gorai.013G140500.1.D	928	822.505	2	0.0964443
Gorai.013G140600.1.A	876	770.505	3	0.15443
Gorai.013G140600.1.D	876	770.505	0	0
Gorai.013G140700.1.A	1486	1380.5	3	0.0861923
Gorai.013G140700.1.D	1486	1380.5	0	0
Gorai.013G140800.1.A	1597	1491.5	808.289	21.4945
Gorai.013G140800.1.D	1597	1491.5	724.711	19.2719
Gorai.013G140900.1.A	1962	1856.5	2454.1	52.4302
Gorai.013G140900.1.D	1962	1856.5	9153.9	195.567
Gorai.013G141000.1.A	940	834.505	203.504	9.67231
Gorai.013G141000.1.D	940	834.505	626.496	29.7765
Gorai.013G141100.1.A	513	407.551	737.943	71.8167
Gorai.013G141100.1.D	513	407.551	7.05683	0.686772
Gorai.013G141200.1.A	1293	1187.5	142	4.74283
Gorai.013G141200.1.D	1293	1187.5	0	0
Gorai.013G141300.1.A	1319	1213.5	1	0.0326846
Gorai.013G141300.1.D	1319	1213.5	19	0.621008
Gorai.013G141400.1.A	507	401.551	1	0.0987743
Gorai.013G141400.1.D	507	401.551	0	0
Gorai.013G141500.1.A	1614	1508.5	0	0
Gorai.013G141500.1.D	1614	1508.5	0	0
Gorai.013G141600.1.A	3144	3038.5	121.5	1.58599
Gorai.013G141600.1.D	3144	3038.5	121.5	1.58599
Gorai.013G141700.1.A	738	632.505	0	0
Gorai.013G141700.1.D	738	632.505	0	0
Gorai.013G141800.1.A	1200	1094.5	122.517	4.43981
Gorai.013G141800.1.D	1200	1094.5	200.483	7.26515
Gorai.013G141900.1.A	4467	4361.5	1053.8	9.58311
Gorai.013G141900.1.D	4467	4361.5	744.406	6.76953
Gorai.013G142000.1.A	1133	1027.5	1.5	0.0579018
Gorai.013G142000.1.D	1133	1027.5	1.5	0.0579018
Gorai.013G142100.1.A	2568	2462.5	3	0.0483202
Gorai.013G142100.1.D	2568	2462.5	0	0
Gorai.013G142200.1.A	1382	1276.5	0	0
Gorai.013G142200.1.D	1382	1276.5	1.06481	0.0330853
Gorai.013G142300.1.A	2094	1988.5	8.70371	0.173605
Gorai.013G142300.1.D	2094	1988.5	15.2315	0.303809
Gorai.013G142400.1.A	1235	1129.5	2.28571	0.0802636
Gorai.013G142400.1.D	1235	1129.5	5.71429	0.200659
Gorai.013G142500.1.A	1534	1428.5	1031.61	28.6429
Gorai.013G142500.1.D	1534	1428.5	1207.39	33.5237
Gorai.013G142600.1.A	1730	1624.5	143.505	3.50374
Gorai.013G142600.1.D	1730	1624.5	140.844	3.43876
Gorai.013G142700.1.A	3122	3016.5	87.1415	1.14579
Gorai.013G142700.1.D	3122	3016.5	144.859	1.90469
Gorai.013G142800.1.A	1002	896.505	119.967	5.30754
Gorai.013G142800.1.D	1002	896.505	185.033	8.1862
Gorai.013G142900.1.A	1722	1616.5	2	0.0490725
Gorai.013G142900.1.D	1722	1616.5	0	0
Gorai.013G143000.1.A	860	754.505	0	0
Gorai.013G143000.1.D	860	754.505	0	0
Gorai.013G143100.1.A	732	626.505	0	0
Gorai.013G143100.1.D	732	626.505	0	0
Gorai.013G143200.1.A	741	635.505	0	0
Gorai.013G143200.1.D	741	635.505	0	0
Gorai.013G143300.1.A	549	443.551	0	0
Gorai.013G143300.1.D	549	443.551	0	0
Gorai.013G143400.1.A	637	531.505	0	0
Gorai.013G143400.1.D	637	531.505	0	0
Gorai.013G143500.1.A	772	666.505	2.30769	0.137328
Gorai.013G143500.1.D	772	666.505	12.6923	0.755305
Gorai.013G143600.1.A	1679	1573.5	93.2981	2.35174
Gorai.013G143600.1.D	1679	1573.5	0	0
Gorai.013G143700.1.A	276	170.788	0	0
Gorai.013G143700.1.D	276	170.788	0	0
Gorai.013G143800.1.A	620	514.505	2.66667	0.205572
Gorai.013G143800.1.D	620	514.505	1.33333	0.102786
Gorai.013G143900.1.A	996	890.505	51.0751	2.27488
Gorai.013G143900.1.D	996	890.505	51.0751	2.27488
Gorai.013G144000.1.A	330	224.63	0	0
Gorai.013G144000.1.D	330	224.63	2.58659	0.456714
Gorai.013G144100.1.A	402	296.583	2	0.267466
Gorai.013G144100.1.D	402	296.583	0	0
Gorai.013G144200.1.A	1019	913.505	26	1.12888
Gorai.013G144200.1.D	1019	913.505	7.41341	0.321879
Gorai.013G144300.1.A	309	203.687	0	0
Gorai.013G144300.1.D	309	203.687	0	0
Gorai.013G144400.1.A	309	203.687	0	0
Gorai.013G144400.1.D	309	203.687	0	0
Gorai.013G144500.1.A	687	581.505	4	0.27283
Gorai.013G144500.1.D	687	581.505	0	0
Gorai.013G144600.1.A	240	135.211	0	0
Gorai.013G144600.1.D	240	135.211	0	0
Gorai.013G144700.1.A	782	676.505	6.11111	0.35829
Gorai.013G144700.1.D	782	676.505	37.8889	2.2214
Gorai.013G144800.1.A	285	179.772	0	0
Gorai.013G144800.1.D	285	179.772	0	0
Gorai.013G144900.1.A	3753	3647.5	415.327	4.51627
Gorai.013G144900.1.D	3753	3647.5	511.673	5.56393
Gorai.013G145000.1.A	760	654.505	3.17346	0.192311
Gorai.013G145000.1.D	760	654.505	3.17346	0.192311
Gorai.013G145100.1.A	1450	1344.5	1326.43	39.1296
Gorai.013G145100.1.D	1450	1344.5	418.574	12.3479
Gorai.013G145200.1.A	1515	1409.5	14.8235	0.417129
Gorai.013G145200.1.D	1515	1409.5	3.17647	0.0893847
Gorai.013G145300.1.A	1756	1650.5	416.07	9.99848
Gorai.013G145300.1.D	1756	1650.5	168.93	4.05953
Gorai.013G145400.1.A	1886	1780.5	69.184	1.54116
Gorai.013G145400.1.D	1886	1780.5	109.816	2.44629
Gorai.013G145500.1.A	1275	1169.5	67.0943	2.27546
Gorai.013G145500.1.D	1275	1169.5	116.848	3.96283
Gorai.013G145600.1.A	1004	898.505	2919.74	128.887
Gorai.013G145600.1.D	1004	898.505	1089.26	48.0835
Gorai.013G145700.1.A	291	185.705	9.44803	2.01792
Gorai.013G145700.1.D	291	185.705	9.44803	2.01792
Gorai.013G145800.1.A	1380	1274.5	0	0
Gorai.013G145800.1.D	1380	1274.5	0	0
Gorai.013G145900.1.A	1310	1204.5	0.5	0.0164644
Gorai.013G145900.1.D	1310	1204.5	0.5	0.0164644
Gorai.013G146000.1.A	378	272.583	2	0.291015
Gorai.013G146000.1.D	378	272.583	0	0
Gorai.013G146100.1.A	1557	1451.5	27.625	0.754864
Gorai.013G146100.1.D	1557	1451.5	11.375	0.310826
Gorai.013G146200.1.A	1505	1399.5	9	0.255066
Gorai.013G146200.1.D	1505	1399.5	6	0.170044
Gorai.013G146300.1.A	1332	1226.5	11	0.35572
Gorai.013G146300.1.D	1332	1226.5	0	0
Gorai.013G146400.1.A	1523	1417.5	74.0833	2.07291
Gorai.013G146400.1.D	1523	1417.5	52.9167	1.48065
Gorai.013G146500.1.A	4278	4172.5	360.377	3.42567
Gorai.013G146500.1.D	4278	4172.5	252.623	2.40138
Gorai.013G146600.1.A	1684	1578.5	4574.84	114.952
Gorai.013G146600.1.D	1684	1578.5	5282.16	132.724
Gorai.013G146700.1.A	1988	1882.5	387.121	8.15635
Gorai.013G146700.1.D	1988	1882.5	266.879	5.62294
Gorai.013G146800.1.A	3425	3319.5	5.90909	0.0706045
Gorai.013G146800.1.D	3425	3319.5	7.09091	0.0847254
Gorai.013G146900.1.A	2957	2851.5	135.353	1.88268
Gorai.013G146900.1.D	2957	2851.5	59.6621	0.829869
Gorai.013G147000.1.A	1951	1845.5	33.3871	0.717544
Gorai.013G147000.1.D	1951	1845.5	11.6129	0.24958
Gorai.013G147100.1.A	1849	1743.5	416.034	9.46436
Gorai.013G147100.1.D	1849	1743.5	343.966	7.82486
Gorai.013G147200.1.A	1396	1290.5	84.8193	2.60687
Gorai.013G147200.1.D	1396	1290.5	75.1807	2.31064
Gorai.013G147300.1.A	1880	1774.5	10.3846	0.232112
Gorai.013G147300.1.D	1880	1774.5	4.61538	0.103161
Gorai.013G147400.1.A	1356	1250.5	943.228	29.9169
Gorai.013G147400.1.D	1356	1250.5	783.772	24.8593
Gorai.013G147500.1.A	3006	2900.5	1781.15	24.3563
Gorai.013G147500.1.D	3006	2900.5	2089.85	28.5776
Gorai.013G147600.1.A	3249	3143.5	760.045	9.58981
Gorai.013G147600.1.D	3249	3143.5	575.955	7.26707
Gorai.013G147700.1.A	5120	5014.5	243.847	1.92874
Gorai.013G147700.1.D	5120	5014.5	564.153	4.46225
Gorai.013G147800.1.A	2388	2282.5	198.962	3.45735
Gorai.013G147800.1.D	2388	2282.5	72.038	1.2518
Gorai.013G147900.1.A	1301	1195.5	137.436	4.55967
Gorai.013G147900.1.D	1301	1195.5	182.564	6.05688
Gorai.013G148000.1.A	1041	935.505	8.64706	0.366613
Gorai.013G148000.1.D	1041	935.505	75.3529	3.19477
Gorai.013G148100.1.A	1982	1876.5	39.8182	0.841621
Gorai.013G148100.1.D	1982	1876.5	33.1818	0.701351
Gorai.013G148200.1.A	910	804.505	1218.04	60.0507
Gorai.013G148200.1.D	910	804.505	4674.96	230.48
Gorai.013G148300.1.A	830	724.505	2	0.10949
Gorai.013G148300.1.D	830	724.505	0	0
Gorai.013G148400.1.A	2744	2638.5	450.811	6.77676
Gorai.013G148400.1.D	2744	2638.5	241.426	3.6292
Gorai.013G148500.1.A	875	769.505	8.61495	0.444045
Gorai.013G148500.1.D	875	769.505	2.14802	0.110716
Gorai.013G148600.1.A	1914	1808.5	311.717	6.83637
Gorai.013G148600.1.D	1914	1808.5	20.283	0.444833
Gorai.013G148700.1.A	3048	2942.5	232.477	3.13364
Gorai.013G148700.1.D	3048	2942.5	184.523	2.48724
Gorai.013G148800.1.A	1585	1479.5	106	2.84168
Gorai.013G148800.1.D	1585	1479.5	0	0
Gorai.013G148900.1.A	1498	1392.5	16.3686	0.46623
Gorai.013G148900.1.D	1498	1392.5	28.0376	0.798599
Gorai.013G149000.1.A	576	470.551	6	0.505742
Gorai.013G149000.1.D	576	470.551	6	0.505742
Gorai.013G149100.1.A	1916	1810.5	398.903	8.73882
Gorai.013G149100.1.D	1916	1810.5	314.097	6.88096
Gorai.013G149200.1.A	2912	2806.5	235.889	3.3337
Gorai.013G149200.1.D	2912	2806.5	28.1111	0.39728
Gorai.013G149300.1.A	1007	901.505	42	1.84785
Gorai.013G149300.1.D	1007	901.505	44	1.93584
Gorai.013G149400.1.A	743	637.505	0	0
Gorai.013G149400.1.D	743	637.505	0	0
Gorai.013G149500.1.A	1513	1407.5	854.567	24.0814
Gorai.013G149500.1.D	1513	1407.5	655.433	18.4699
Gorai.013G149600.1.A	1274	1168.5	19.5758	0.664466
Gorai.013G149600.1.D	1274	1168.5	82.4242	2.79775
Gorai.013G149700.1.A	2681	2575.5	178.389	2.7472
Gorai.013G149700.1.D	2681	2575.5	258.611	3.98263
Gorai.013G149800.1.A	624	518.505	0	0
Gorai.013G149800.1.D	624	518.505	0	0
Gorai.013G149900.1.A	1509	1403.5	31.3432	0.885756
Gorai.013G149900.1.D	1509	1403.5	242.657	6.85746
Gorai.013G150000.1.A	1297	1191.5	0	0
Gorai.013G150000.1.D	1297	1191.5	0	0
Gorai.013G150100.1.A	2286	2180.5	188.15	3.42242
Gorai.013G150100.1.D	2286	2180.5	196.181	3.5685
Gorai.013G150200.1.A	1314	1208.5	96.5159	3.16764
Gorai.013G150200.1.D	1314	1208.5	96.5159	3.16764
Gorai.013G150300.1.A	2495	2389.5	3404.29	56.5072
Gorai.013G150300.1.D	2495	2389.5	1521.71	25.2586
Gorai.013G150400.1.A	1763	1657.5	559.872	13.3973
Gorai.013G150400.1.D	1763	1657.5	801.128	19.1704
Gorai.013G150500.1.A	672	566.505	0	0
Gorai.013G150500.1.D	672	566.505	0	0
Gorai.013G150600.1.A	1392	1286.5	595.288	18.3527
Gorai.013G150600.1.D	1392	1286.5	136.712	4.21482
Gorai.013G150700.1.A	1118	1012.5	2136.06	83.6762
Gorai.013G150700.1.D	1118	1012.5	1676.94	65.6908
Gorai.013G150800.1.A	1951	1845.5	133.665	2.87269
Gorai.013G150800.1.D	1951	1845.5	145.335	3.12348
Gorai.013G150900.1.A	2309	2203.5	282.237	5.08024
Gorai.013G150900.1.D	2309	2203.5	497.763	8.9597
Gorai.013G151000.1.A	874	768.505	0	0
Gorai.013G151000.1.D	874	768.505	3.3281	0.171765
Gorai.013G151100.1.A	267	161.849	0	0
Gorai.013G151100.1.D	267	161.849	0	0
Gorai.013G151200.1.A	869	763.505	19.8595	1.03167
Gorai.013G151200.1.D	869	763.505	82.788	4.30072
Gorai.013G151300.1.A	2478	2372.5	5.88235	0.0983397
Gorai.013G151300.1.D	2478	2372.5	19.1176	0.319604
Gorai.013G151400.1.A	2442	2336.5	400.114	6.79207
Gorai.013G151400.1.D	2442	2336.5	766.886	13.0181
Gorai.013G151500.1.A	1754	1648.5	518.438	12.4736
Gorai.013G151500.1.D	1754	1648.5	804.562	19.3577
Gorai.013G151600.1.A	1923	1817.5	6.22642	0.135877
Gorai.013G151600.1.D	1923	1817.5	48.7736	1.06437
Gorai.013G151700.1.A	453	347.551	0	0
Gorai.013G151700.1.D	453	347.551	0	0
Gorai.013G151800.1.A	2206	2100.5	75.6881	1.42919
Gorai.013G151800.1.D	2206	2100.5	34.3119	0.647898
Gorai.013G151900.1.A	800	694.505	408.439	23.3258
Gorai.013G151900.1.D	800	694.505	334.561	19.1067
Gorai.013G152000.1.A	1511	1405.5	56.3983	1.59154
Gorai.013G152000.1.D	1511	1405.5	64.6017	1.82304
Gorai.013G152100.1.A	734	628.505	0	0
Gorai.013G152100.1.D	734	628.505	5	0.315534
Gorai.013G152200.1.A	421	315.583	0	0
Gorai.013G152200.1.D	421	315.583	0	0
Gorai.013G152300.1.A	2004	1898.5	2.23529	0.046699
Gorai.013G152300.1.D	2004	1898.5	16.7647	0.350243
Gorai.013G152400.1.A	5813	5707.5	3	0.0208478
Gorai.013G152400.1.D	5813	5707.5	12	0.0833911
Gorai.013G152500.1.A	1155	1049.5	7.68	0.290243
Gorai.013G152500.1.D	1155	1049.5	24.32	0.919103
Gorai.013G152600.1.A	2037	1931.5	156.265	3.20887
Gorai.013G152600.1.D	2037	1931.5	264.964	5.44096
Gorai.013G152700.1.A	907	801.505	0	0
Gorai.013G152700.1.D	907	801.505	0	0
Gorai.013G152800.1.A	1190	1084.5	0	0
Gorai.013G152800.1.D	1190	1084.5	136	4.97385
Gorai.013G152900.1.A	1913	1807.5	124.774	2.73797
Gorai.013G152900.1.D	1913	1807.5	29.2263	0.641326
Gorai.013G153000.1.A	892	786.505	26.3889	1.33078
Gorai.013G153000.1.D	892	786.505	30.6111	1.5437
Gorai.013G153100.1.A	1426	1320.5	4.12121	0.123786
Gorai.013G153100.1.D	1426	1320.5	29.8788	0.897445
Gorai.013G153200.1.A	1854	1748.5	1738.66	39.4396
Gorai.013G153200.1.D	1854	1748.5	105.34	2.38953
Gorai.013G153300.1.A	584	478.551	20	1.65763
Gorai.013G153300.1.D	584	478.551	16	1.3261
Gorai.013G153400.1.A	1605	1499.5	0	0
Gorai.013G153400.1.D	1605	1499.5	0	0
Gorai.013G153500.1.A	400	294.583	0	0
Gorai.013G153500.1.D	400	294.583	0	0
Gorai.013G153600.1.A	823	717.505	73.4634	4.06099
Gorai.013G153600.1.D	823	717.505	73.4634	4.06099
Gorai.013G153700.1.A	1630	1524.5	0	0
Gorai.013G153700.1.D	1630	1524.5	0	0
Gorai.013G153800.1.A	1625	1519.5	157.717	4.11682
Gorai.013G153800.1.D	1625	1519.5	0	0
Gorai.013G153900.1.A	1331	1225.5	116.571	3.77278
Gorai.013G153900.1.D	1331	1225.5	29.5839	0.95747
Gorai.013G154000.1.A	1498	1392.5	0.5	0.0142416
Gorai.013G154000.1.D	1498	1392.5	0.5	0.0142416
Gorai.013G154100.1.A	1007	901.505	14	0.615949
Gorai.013G154100.1.D	1007	901.505	21	0.923924
Gorai.013G154200.1.A	2098	1992.5	32.9412	0.655729
Gorai.013G154200.1.D	2098	1992.5	7.05882	0.140513
Gorai.013G154300.1.A	1916	1810.5	2	0.0438142
Gorai.013G154300.1.D	1916	1810.5	3	0.0657214
Gorai.013G154400.1.A	594	488.551	24.0512	1.95259
Gorai.013G154400.1.D	594	488.551	24.0512	1.95259
Gorai.013G154500.1.A	1108	1002.5	0	0
Gorai.013G154500.1.D	1108	1002.5	22.2185	0.879049
Gorai.013G154600.1.A	1115	1009.5	0.5	0.0196448
Gorai.013G154600.1.D	1115	1009.5	0.5	0.0196448
Gorai.013G154700.1.A	4911	4805.5	0	0
Gorai.013G154700.1.D	4911	4805.5	28	0.231102
Gorai.013G154800.1.A	4823	4717.5	0	0
Gorai.013G154800.1.D	4823	4717.5	14	0.117707
Gorai.013G154900.1.A	1231	1125.5	6	0.211441
Gorai.013G154900.1.D	1231	1125.5	0	0
Gorai.013G155000.1.A	357	251.63	0	0
Gorai.013G155000.1.D	357	251.63	1	0.157624
Gorai.013G155100.1.A	2536	2430.5	3.66667	0.0598356
Gorai.013G155100.1.D	2536	2430.5	7.33333	0.119671
Gorai.013G155200.1.A	618	512.505	0	0
Gorai.013G155200.1.D	618	512.505	0	0
Gorai.013G155300.1.A	663	557.505	0	0
Gorai.013G155300.1.D	663	557.505	0	0
Gorai.013G155400.1.A	1208	1102.5	0	0
Gorai.013G155400.1.D	1208	1102.5	0	0
Gorai.013G155500.1.A	2139	2033.5	111.461	2.17401
Gorai.013G155500.1.D	2139	2033.5	197.539	3.85295
Gorai.013G155600.1.A	2059	1953.5	143.542	2.9144
Gorai.013G155600.1.D	2059	1953.5	125.458	2.54723
Gorai.013G155700.1.A	961	855.505	3.5	0.162267
Gorai.013G155700.1.D	961	855.505	3.5	0.162267
Gorai.013G155800.1.A	1388	1282.5	8.22698	0.254429
Gorai.013G155800.1.D	1388	1282.5	8.22698	0.254429
Gorai.013G155900.1.A	1287	1181.5	86.4402	2.90178
Gorai.013G155900.1.D	1287	1181.5	7.47542	0.250949
Gorai.013G156000.1.A	1121	1015.5	55.5	2.16768
Gorai.013G156000.1.D	1121	1015.5	55.5	2.16768
Gorai.013G156100.1.A	2492	2386.5	0	0
Gorai.013G156100.1.D	2492	2386.5	1	0.0166197
Gorai.013G156200.1.A	1116	1010.5	0	0
Gorai.013G156200.1.D	1116	1010.5	3	0.117752
Gorai.013G156300.1.A	1147	1041.5	114.72	4.36879
Gorai.013G156300.1.D	1147	1041.5	54.713	2.0836
Gorai.013G156400.1.A	4218	4112.5	26.4925	0.255507
Gorai.013G156400.1.D	4218	4112.5	44.5075	0.429251
Gorai.013G156500.1.A	1014	908.505	390.93	17.067
Gorai.013G156500.1.D	1014	908.505	402.07	17.5533
Gorai.013G156600.1.A	1076	970.505	1622.41	66.3054
Gorai.013G156600.1.D	1076	970.505	968.586	39.5845
Gorai.013G156700.1.A	1256	1150.5	115.664	3.98745
Gorai.013G156700.1.D	1256	1150.5	23.3358	0.804486
Gorai.013G156800.1.A	1470	1364.5	648.821	18.8597
Gorai.013G156800.1.D	1470	1364.5	689.179	20.0328
Gorai.013G156900.1.A	1808	1702.5	178.425	4.15674
Gorai.013G156900.1.D	1808	1702.5	200.575	4.67275
Gorai.013G157000.1.A	745	639.505	288.657	17.9029
Gorai.013G157000.1.D	745	639.505	898.292	55.7133
Gorai.013G157100.1.A	818	712.505	0	0
Gorai.013G157100.1.D	818	712.505	31.5264	1.75498
Gorai.013G157200.1.A	1745	1639.5	349.345	8.45135
Gorai.013G157200.1.D	1745	1639.5	262.655	6.35417
Gorai.013G157300.1.A	1974	1868.5	47.1042	0.999885
Gorai.013G157300.1.D	1974	1868.5	85.8958	1.82332
Gorai.013G157400.1.A	2250	2144.5	495.299	9.16063
Gorai.013G157400.1.D	2250	2144.5	596.872	11.0392
Gorai.013G157500.1.A	1039	933.505	86.0645	3.65673
Gorai.013G157500.1.D	1039	933.505	87.9355	3.73622
Gorai.013G157600.1.A	1138	1032.5	10	0.384143
Gorai.013G157600.1.D	1138	1032.5	10	0.384143
Gorai.013G157700.1.A	573	467.551	2	0.169662
Gorai.013G157700.1.D	573	467.551	2	0.169662
Gorai.013G157800.1.A	1651	1545.5	1.2	0.0307961
Gorai.013G157800.1.D	1651	1545.5	10.8	0.277165
Gorai.013G157900.1.A	854	748.505	48.75	2.58324
Gorai.013G157900.1.D	854	748.505	81.25	4.3054
Gorai.013G158000.1.A	956	850.505	1	0.0466346
Gorai.013G158000.1.D	956	850.505	5	0.233173
Gorai.013G158100.1.A	3019	2913.5	10.7407	0.146219
Gorai.013G158100.1.D	3019	2913.5	18.2593	0.248572
Gorai.013G158200.1.A	243	138.135	1	0.287132
Gorai.013G158200.1.D	243	138.135	0	0
Gorai.013G158300.1.A	1390	1284.5	0	0
Gorai.013G158300.1.D	1390	1284.5	55	1.69829
Gorai.013G158400.1.A	681	575.505	31.3629	2.16148
Gorai.013G158400.1.D	681	575.505	31.3629	2.16148
Gorai.013G158500.1.A	910	804.505	77	3.79618
Gorai.013G158500.1.D	910	804.505	265	13.0648
Gorai.013G158600.1.A	2654	2548.5	5882.02	91.5431
Gorai.013G158600.1.D	2654	2548.5	5061.92	78.7797
Gorai.013G158700.1.A	956	850.505	150.802	7.03259
Gorai.013G158700.1.D	956	850.505	79.1981	3.69337
Gorai.013G158800.1.A	1389	1283.5	0	0
Gorai.013G158800.1.D	1389	1283.5	19	0.587139
Gorai.013G158900.1.A	1713	1607.5	0	0
Gorai.013G158900.1.D	1713	1607.5	1	0.0246736
Gorai.013G159000.1.A	1007	901.505	39.9503	1.75767
Gorai.013G159000.1.D	1007	901.505	39.308	1.72941
Gorai.013G159100.1.A	828	722.505	11.7704	0.646153
Gorai.013G159100.1.D	828	722.505	11.7704	0.646153
Gorai.013G159200.1.A	2039	1933.5	3	0.0615405
Gorai.013G159200.1.D	2039	1933.5	0	0
Gorai.013G159300.1.A	2495	2389.5	652.774	10.8353
Gorai.013G159300.1.D	2495	2389.5	352.226	5.84653
Gorai.013G159400.1.A	809	703.505	173.082	9.75823
Gorai.013G159400.1.D	809	703.505	32.9175	1.85586
Gorai.013G159500.1.A	1180	1074.5	29.5862	1.09211
Gorai.013G159500.1.D	1180	1074.5	3.41379	0.126013
Gorai.013G159600.1.A	1115	1009.5	760.136	29.8654
Gorai.013G159600.1.D	1115	1009.5	246.864	9.69917
Gorai.013G159700.1.A	1007	901.505	8.76496	0.385626
Gorai.013G159700.1.D	1007	901.505	0	0
Gorai.013G159800.1.A	1010	904.505	807.682	35.4172
Gorai.013G159800.1.D	1010	904.505	547.318	24.0001
Gorai.013G159900.1.A	1853	1747.5	36.699	0.832954
Gorai.013G159900.1.D	1853	1747.5	68.301	1.55022
Gorai.013G160000.1.A	2805	2699.5	9	0.132234
Gorai.013G160000.1.D	2805	2699.5	27	0.396702
Gorai.013G160100.1.A	3498	3392.5	140.469	1.64227
Gorai.013G160100.1.D	3498	3392.5	145.531	1.70145
Gorai.013G160200.1.A	1670	1564.5	552.921	14.0175
Gorai.013G160200.1.D	1670	1564.5	762.079	19.32
Gorai.013G160300.1.A	1859	1753.5	734.364	16.6107
Gorai.013G160300.1.D	1859	1753.5	1969.64	44.5517
Gorai.013G160400.1.A	1983	1877.5	113.254	2.39252
Gorai.013G160400.1.D	1983	1877.5	99.7463	2.10718
Gorai.013G160500.1.A	849	743.505	336.667	17.9598
Gorai.013G160500.1.D	849	743.505	303.333	16.1816
Gorai.013G160600.1.A	1549	1443.5	5	0.137384
Gorai.013G160600.1.D	1549	1443.5	16	0.439629
Gorai.013G160700.1.A	2665	2559.5	4.84713	0.0751128
Gorai.013G160700.1.D	2665	2559.5	0	0
Gorai.013G160800.1.A	3499	3393.5	64.241	0.750842
Gorai.013G160800.1.D	3499	3393.5	35.9119	0.419734
Gorai.013G160900.1.A	4137	4031.5	90.8911	0.894209
Gorai.013G160900.1.D	4137	4031.5	62.1089	0.611043
Gorai.013G161000.1.A	574	468.551	0	0
Gorai.013G161000.1.D	574	468.551	0	0
Gorai.013G161100.1.A	1323	1217.5	0	0
Gorai.013G161100.1.D	1323	1217.5	6	0.195463
Gorai.013G161200.1.A	1418	1312.5	198.123	5.98712
Gorai.013G161200.1.D	1418	1312.5	140.578	4.24815
Gorai.013G161300.1.A	1843	1737.5	262.62	5.99497
Gorai.013G161300.1.D	1843	1737.5	702.552	16.0375
Gorai.013G161400.1.A	1909	1803.5	264.421	5.81519
Gorai.013G161400.1.D	1909	1803.5	4.40643	0.0969068
Gorai.013G161500.1.A	1807	1701.5	3681.26	85.812
Gorai.013G161500.1.D	1807	1701.5	4699.74	109.553
Gorai.013G161600.1.A	711	605.505	0	0
Gorai.013G161600.1.D	711	605.505	0	0
Gorai.013G161700.1.A	798	692.505	0	0
Gorai.013G161700.1.D	798	692.505	0	0
Gorai.013G161800.1.A	502	396.551	0	0
Gorai.013G161800.1.D	502	396.551	0	0
Gorai.013G161900.1.A	1610	1504.5	0	0
Gorai.013G161900.1.D	1610	1504.5	1	0.0263628
Gorai.013G162000.1.A	1499	1393.5	2	0.0569255
Gorai.013G162000.1.D	1499	1393.5	0	0
Gorai.013G162100.1.A	1377	1271.5	0	0
Gorai.013G162100.1.D	1377	1271.5	0	0
Gorai.013G162200.1.A	1329	1223.5	12.6898	0.41137
Gorai.013G162200.1.D	1329	1223.5	2.30723	0.0747945
Gorai.013G162300.1.A	1075	969.505	0	0
Gorai.013G162300.1.D	1075	969.505	1	0.0409105
Gorai.013G162400.1.A	2006	1900.5	2	0.0417394
Gorai.013G162400.1.D	2006	1900.5	2	0.0417394
Gorai.013G162500.1.A	1335	1229.5	0	0
Gorai.013G162500.1.D	1335	1229.5	0	0
Gorai.013G162600.1.A	1550	1444.5	16.6976	0.458479
Gorai.013G162600.1.D	1550	1444.5	2.30544	0.0633024
Gorai.013G162700.1.A	1689	1583.5	136.194	3.41133
Gorai.013G162700.1.D	1689	1583.5	9.80597	0.245616
Gorai.013G162800.1.A	449	343.583	2.10686	0.243214
Gorai.013G162800.1.D	449	343.583	0	0
Gorai.013G162900.1.A	1195	1089.5	0	0
Gorai.013G162900.1.D	1195	1089.5	0	0
Gorai.013G163000.1.A	534	428.551	0	0
Gorai.013G163000.1.D	534	428.551	0	0
Gorai.013G163100.1.A	1782	1676.5	824.314	19.5017
Gorai.013G163100.1.D	1782	1676.5	636.686	15.0628
Gorai.013G163200.1.A	997	891.505	2	0.0889798
Gorai.013G163200.1.D	997	891.505	6	0.266939
Gorai.013G163300.1.A	2083	1977.5	0	0
Gorai.013G163300.1.D	2083	1977.5	0	0
Gorai.013G163400.1.A	1043	937.505	1681.78	71.1512
Gorai.013G163400.1.D	1043	937.505	2644.22	111.869
Gorai.013G163500.1.A	1983	1877.5	29273.2	618.407
Gorai.013G163500.1.D	1983	1877.5	14339.6	302.929
Gorai.013G163600.1.A	1084	978.505	12.2692	0.497324
Gorai.013G163600.1.D	1084	978.505	16.7308	0.678169
Gorai.013G163700.1.A	3848	3742.5	0	0
Gorai.013G163700.1.D	3848	3742.5	0	0
Gorai.013G163800.1.A	636	530.505	12.1892	0.911319
Gorai.013G163800.1.D	636	530.505	28.8108	2.15403
Gorai.013G163900.1.A	1463	1357.5	228.379	6.67267
Gorai.013G163900.1.D	1463	1357.5	183.621	5.36496
Gorai.013G164000.1.A	2772	2666.5	467.718	6.95708
Gorai.013G164000.1.D	2772	2666.5	687.69	10.229
Gorai.013G164100.1.A	1150	1044.5	345.232	13.1095
Gorai.013G164100.1.D	1150	1044.5	244.36	9.27906
Gorai.013G164200.1.A	1042	936.505	0	0
Gorai.013G164200.1.D	1042	936.505	0	0
Gorai.013G164300.1.A	942	836.505	6.8	0.322423
Gorai.013G164300.1.D	942	836.505	10.2	0.483634
Gorai.013G164400.1.A	4155	4049.5	164.133	1.6076
Gorai.013G164400.1.D	4155	4049.5	117.867	1.15445
Gorai.013G164500.1.A	787	681.505	526.191	30.6238
Gorai.013G164500.1.D	787	681.505	454.809	26.4694
Gorai.013G164600.1.A	1695	1589.5	53.3427	1.33106
Gorai.013G164600.1.D	1695	1589.5	193.657	4.83233
Gorai.013G164700.1.A	2177	2071.5	0	0
Gorai.013G164700.1.D	2177	2071.5	12	0.229763
Gorai.013G164800.1.A	1650	1544.5	0	0
Gorai.013G164800.1.D	1650	1544.5	0	0
Gorai.013G164900.1.A	2027	1921.5	2	0.0412832
Gorai.013G164900.1.D	2027	1921.5	0	0
Gorai.013G165000.1.A	1837	1731.5	0	0
Gorai.013G165000.1.D	1837	1731.5	0	0
Gorai.013G165100.1.A	2021	1915.5	7	0.144944
Gorai.013G165100.1.D	2021	1915.5	12	0.248475
Gorai.013G165200.1.A	1913	1807.5	94.4211	2.07193
Gorai.013G165200.1.D	1913	1807.5	20.5789	0.451574
Gorai.013G165300.1.A	1398	1292.5	1101.99	33.8168
Gorai.013G165300.1.D	1398	1292.5	843.005	25.8692
Gorai.013G165400.1.A	1037	931.505	68.3738	2.91132
Gorai.013G165400.1.D	1037	931.505	49.6262	2.11305
Gorai.013G165500.1.A	558	452.551	21	1.8405
Gorai.013G165500.1.D	558	452.551	11	0.964073
Gorai.013G165600.1.A	1328	1222.5	1048.65	34.0223
Gorai.013G165600.1.D	1328	1222.5	828.353	26.8751
Gorai.013G165700.1.A	508	402.551	2	0.197058
Gorai.013G165700.1.D	508	402.551	0	0
Gorai.013G165800.1.A	1159	1053.5	14	0.52708
Gorai.013G165800.1.D	1159	1053.5	0	0
Gorai.013G165900.1.A	2260	2154.5	39.7091	0.731017
Gorai.013G165900.1.D	2260	2154.5	16.2909	0.299904
Gorai.013G166000.1.A	3844	3738.5	15.8491	0.168147
Gorai.013G166000.1.D	3844	3738.5	44.1509	0.468411
Gorai.013G166100.1.A	1459	1353.5	36.0768	1.05719
Gorai.013G166100.1.D	1459	1353.5	28.0712	0.822596
Gorai.013G166200.1.A	1461	1355.5	121.369	3.55135
Gorai.013G166200.1.D	1461	1355.5	236.75	6.92747
Gorai.013G166300.1.A	2192	2086.5	255.507	4.857
Gorai.013G166300.1.D	2192	2086.5	367.373	6.9835
Gorai.013G166400.1.A	1208	1102.5	41.3043	1.48594
Gorai.013G166400.1.D	1208	1102.5	53.6957	1.93172
Gorai.013G166500.1.A	2190	2084.5	273.546	5.20491
Gorai.013G166500.1.D	2190	2084.5	62.4535	1.18834
Gorai.013G166600.1.A	2886	2780.5	76.7194	1.09438
Gorai.013G166600.1.D	2886	2780.5	95.2806	1.35914
Gorai.013G166700.1.A	507	401.551	0	0
Gorai.013G166700.1.D	507	401.551	0	0
Gorai.013G166800.1.A	2515	2409.5	97.9896	1.61301
Gorai.013G166800.1.D	2515	2409.5	99.0104	1.62981
Gorai.013G166900.1.A	1463	1357.5	57.6	1.68293
Gorai.013G166900.1.D	1463	1357.5	128.4	3.75153
Gorai.013G167000.1.A	1987	1881.5	483.789	10.1985
Gorai.013G167000.1.D	1987	1881.5	348.328	7.34291
Gorai.013G167100.1.A	1967	1861.5	49.8	1.06108
Gorai.013G167100.1.D	1967	1861.5	33.2	0.70739
Gorai.013G167200.1.A	1461	1355.5	25.6484	0.75049
Gorai.013G167200.1.D	1461	1355.5	5.5856	0.163438
Gorai.013G167300.1.A	1736	1630.5	0	0
Gorai.013G167300.1.D	1736	1630.5	23.2118	0.56464
Gorai.013G167400.1.A	1942	1836.5	18.9863	0.410047
Gorai.013G167400.1.D	1942	1836.5	58.0137	1.25292
Gorai.013G167500.1.A	3198	3092.5	786.876	10.0921
Gorai.013G167500.1.D	3198	3092.5	547.124	7.01715
Gorai.013G167600.1.A	3306	3200.5	162.339	2.01182
Gorai.013G167600.1.D	3306	3200.5	142.661	1.76796
Gorai.013G167700.1.A	1730	1624.5	2.08397	0.050881
Gorai.013G167700.1.D	1730	1624.5	270.916	6.61452
Gorai.013G167800.1.A	2567	2461.5	1129.09	18.1934
Gorai.013G167800.1.D	2567	2461.5	956.909	15.419
Gorai.013G167900.1.A	900	794.505	3	0.149765
Gorai.013G167900.1.D	900	794.505	0	0
Gorai.013G168000.1.A	888	782.505	85.8065	4.34929
Gorai.013G168000.1.D	888	782.505	9.19355	0.465995
Gorai.013G168100.1.A	744	638.505	0	0
Gorai.013G168100.1.D	744	638.505	0	0
Gorai.013G168200.1.A	806	700.505	7	0.396344
Gorai.013G168200.1.D	806	700.505	2	0.113241
Gorai.013G168300.1.A	736	630.505	31	1.95011
Gorai.013G168300.1.D	736	630.505	0	0
Gorai.013G168400.1.A	2364	2258.5	148.154	2.60182
Gorai.013G168400.1.D	2364	2258.5	172.846	3.03545
Gorai.013G168500.1.A	606	500.551	7.5	0.594289
Gorai.013G168500.1.D	606	500.551	7.5	0.594289
Gorai.013G168600.1.A	694	588.505	5.31627	0.358296
Gorai.013G168600.1.D	694	588.505	5.31627	0.358296
Gorai.013G168700.1.A	3625	3519.5	91.5852	1.03212
Gorai.013G168700.1.D	3625	3519.5	306.415	3.45313
Gorai.013G168800.1.A	2017	1911.5	1116.78	23.1728
Gorai.013G168800.1.D	2017	1911.5	572.218	11.8733
Gorai.013G168900.1.A	2404	2298.5	3506.37	60.5058
Gorai.013G168900.1.D	2404	2298.5	2417.63	41.7186
Gorai.013G169000.1.A	730	624.505	19.8532	1.2609
Gorai.013G169000.1.D	730	624.505	3.97064	0.252179
Gorai.013G169100.1.A	1789	1683.5	0	0
Gorai.013G169100.1.D	1789	1683.5	6.97687	0.164373
Gorai.013G169200.1.A	1969	1863.5	18.9055	0.402385
Gorai.013G169200.1.D	1969	1863.5	10.1393	0.215805
Gorai.013G169300.1.A	1384	1278.5	24.1237	0.748386
Gorai.013G169300.1.D	1384	1278.5	7.09675	0.220162
Gorai.013G169400.1.A	767	661.505	0	0
Gorai.013G169400.1.D	767	661.505	0	0
Gorai.013G169500.1.A	910	804.505	7	0.345108
Gorai.013G169500.1.D	910	804.505	2	0.0986021
Gorai.013G169600.1.A	1814	1708.5	79.2561	1.83993
Gorai.013G169600.1.D	1814	1708.5	17.7439	0.411925
Gorai.013G169700.1.A	740	634.505	1	0.0625101
Gorai.013G169700.1.D	740	634.505	0	0
Gorai.013G169800.1.A	1077	971.505	17.2571	0.704545
Gorai.013G169800.1.D	1077	971.505	133.743	5.46023
Gorai.013G169900.1.A	1437	1331.5	0	0
Gorai.013G169900.1.D	1437	1331.5	0	0
Gorai.013G170000.1.A	1350	1244.5	0	0
Gorai.013G170000.1.D	1350	1244.5	0	0
Gorai.013G170100.1.A	393	287.583	0.690792	0.0952728
Gorai.013G170100.1.D	393	287.583	0.690792	0.0952728
Gorai.013G170200.1.A	1964	1858.5	31.7949	0.678544
Gorai.013G170200.1.D	1964	1858.5	8.20513	0.175108
Gorai.013G170300.1.A	1262	1156.5	94.752	3.24957
Gorai.013G170300.1.D	1262	1156.5	31.248	1.07167
Gorai.013G170400.1.A	225	120.599	0	0
Gorai.013G170400.1.D	225	120.599	0	0
Gorai.013G170500.1.A	1467	1361.5	116.166	3.38411
Gorai.013G170500.1.D	1467	1361.5	42.0811	1.22589
Gorai.013G170600.1.A	1138	1032.5	3.66283	0.140705
Gorai.013G170600.1.D	1138	1032.5	37.6625	1.44678
Gorai.013G170700.1.A	1778	1672.5	62.0798	1.4722
Gorai.013G170700.1.D	1778	1672.5	317.943	7.53993
Gorai.013G170800.1.A	1545	1439.5	18.1765	0.500821
Gorai.013G170800.1.D	1545	1439.5	3.25711	0.0897438
Gorai.013G170900.1.A	635	529.505	12.1126	0.907305
Gorai.013G170900.1.D	635	529.505	2.6299	0.196995
Gorai.013G171000.1.A	466	360.551	0	0
Gorai.013G171000.1.D	466	360.551	0	0
Gorai.013G171100.1.A	1186	1080.5	0	0
Gorai.013G171100.1.D	1186	1080.5	16	0.587325
Gorai.013G171200.1.A	1200	1094.5	0	0
Gorai.013G171200.1.D	1200	1094.5	3.05263	0.110622
Gorai.013G171300.1.A	1244	1138.5	6.54545	0.228029
Gorai.013G171300.1.D	1244	1138.5	5.45455	0.190024
Gorai.013G171400.1.A	326	220.63	0	0
Gorai.013G171400.1.D	326	220.63	0	0
Gorai.013G171500.1.A	309	203.687	0	0
Gorai.013G171500.1.D	309	203.687	0	0
Gorai.013G171600.1.A	1932	1826.5	1.08511	0.0235633
Gorai.013G171600.1.D	1932	1826.5	49.9149	1.08391
Gorai.013G171700.1.A	702	596.505	4	0.265969
Gorai.013G171700.1.D	702	596.505	0	0
Gorai.013G171800.1.A	588	482.551	14	1.15072
Gorai.013G171800.1.D	588	482.551	4	0.328777
Gorai.013G171900.1.A	2444	2338.5	298.185	5.05746
Gorai.013G171900.1.D	2444	2338.5	552.815	9.37619
Gorai.013G172000.1.A	2085	1979.5	51.7431	1.03677
Gorai.013G172000.1.D	2085	1979.5	68.2569	1.36765
Gorai.013G172100.1.A	1314	1208.5	47	1.54253
Gorai.013G172100.1.D	1314	1208.5	40	1.31279
Gorai.013G172200.1.A	1031	925.505	277.732	11.9023
Gorai.013G172200.1.D	1031	925.505	669.949	28.711
Gorai.013G172300.1.A	2053	1947.5	95.6	1.94699
Gorai.013G172300.1.D	2053	1947.5	143.4	2.92049
Gorai.013G172400.1.A	1231	1125.5	25.4933	0.898389
Gorai.013G172400.1.D	1231	1125.5	213.507	7.524
Gorai.013G172500.1.A	2004	1898.5	590.1	12.3282
Gorai.013G172500.1.D	2004	1898.5	374.9	7.83229
Gorai.013G172600.1.A	650	544.505	0	0
Gorai.013G172600.1.D	650	544.505	182	13.2573
Gorai.013G172700.1.A	2003	1897.5	8	0.167221
Gorai.013G172700.1.D	2003	1897.5	24	0.501664
Gorai.013G172800.1.A	2235	2129.5	514.319	9.57942
Gorai.013G172800.1.D	2235	2129.5	458.681	8.54312
Gorai.013G172900.1.A	964	858.505	21.3182	0.984901
Gorai.013G172900.1.D	964	858.505	45.6818	2.1105
Gorai.013G173000.1.A	1985	1879.5	28.2807	0.596804
Gorai.013G173000.1.D	1985	1879.5	33.7193	0.711574
Gorai.013G173100.1.A	4901	4795.5	95.0667	0.786283
Gorai.013G173100.1.D	4901	4795.5	88.9333	0.735555
Gorai.013G173200.1.A	965	859.505	786.091	36.2752
Gorai.013G173200.1.D	965	859.505	763.752	35.2443
Gorai.013G173300.1.A	1811	1705.5	23.1	0.53721
Gorai.013G173300.1.D	1811	1705.5	9.9	0.230233
Gorai.013G173400.1.A	2258	2152.5	635.265	11.7057
Gorai.013G173400.1.D	2258	2152.5	1268.74	23.3782
Gorai.013G173500.1.A	3562	3456.5	404.814	4.64519
Gorai.013G173500.1.D	3562	3456.5	296.078	3.39745
Gorai.013G173600.1.A	1567	1461.5	6	0.162831
Gorai.013G173600.1.D	1567	1461.5	0	0
Gorai.013G173700.1.A	843	737.505	0	0
Gorai.013G173700.1.D	843	737.505	20.8336	1.12043
Gorai.013G173800.1.A	3777	3671.5	24.7211	0.26706
Gorai.013G173800.1.D	3777	3671.5	133.279	1.4398
Gorai.013G173900.1.A	1408	1302.5	5	0.152256
Gorai.013G173900.1.D	1408	1302.5	43	1.30941
Gorai.013G174000.1.A	3003	2897.5	59.0685	0.808568
Gorai.013G174000.1.D	3003	2897.5	17.9315	0.245458
Gorai.013G174100.1.A	1985	1879.5	6	0.126617
Gorai.013G174100.1.D	1985	1879.5	14	0.29544
Gorai.013G174200.1.A	2175	2069.5	89.7403	1.71991
Gorai.013G174200.1.D	2175	2069.5	160.879	3.08332
Gorai.013G174300.1.A	2315	2209.5	144.779	2.59894
Gorai.013G174300.1.D	2315	2209.5	190.221	3.41466
Gorai.013G174400.1.A	1592	1486.5	22.8293	0.609131
Gorai.013G174400.1.D	1592	1486.5	81.1707	2.1658
Gorai.013G174500.1.A	1676	1570.5	1	0.0252549
Gorai.013G174500.1.D	1676	1570.5	2	0.0505098
Gorai.013G174600.1.A	1167	1061.5	171.608	6.4121
Gorai.013G174600.1.D	1167	1061.5	73.3921	2.74228
Gorai.013G174700.1.A	780	674.505	0	0
Gorai.013G174700.1.D	780	674.505	0	0
Gorai.013G174800.1.A	1604	1498.5	10.7407	0.28429
Gorai.013G174800.1.D	1604	1498.5	18.2593	0.483292
Gorai.013G174900.1.A	982	876.505	3.36599	0.152315
Gorai.013G174900.1.D	982	876.505	3.36599	0.152315
Gorai.013G175000.1.A	310	204.687	0	0
Gorai.013G175000.1.D	310	204.687	0	0
Gorai.013G175100.1.A	3501	3395.5	33.5789	0.392236
Gorai.013G175100.1.D	3501	3395.5	53.4211	0.624012
Gorai.013G175200.1.A	1431	1325.5	49.3878	1.47782
Gorai.013G175200.1.D	1431	1325.5	5.61224	0.167935
Gorai.013G175300.1.A	474	368.551	2.33333	0.25111
Gorai.013G175300.1.D	474	368.551	4.66667	0.50222
Gorai.013G175400.1.A	1181	1075.5	28.2286	1.04103
Gorai.013G175400.1.D	1181	1075.5	47.7714	1.76174
Gorai.013G175500.1.A	1653	1547.5	15.697	0.402317
Gorai.013G175500.1.D	1653	1547.5	21.303	0.546002
Gorai.013G175600.1.A	702	596.505	0	0
Gorai.013G175600.1.D	702	596.505	0	0
Gorai.013G175700.1.A	3225	3119.5	346.352	4.40369
Gorai.013G175700.1.D	3225	3119.5	1223.48	15.5559
Gorai.013G175800.1.A	412	306.583	0	0
Gorai.013G175800.1.D	412	306.583	0	0
Gorai.013G175900.1.A	1642	1536.5	0.531033	0.0137079
Gorai.013G175900.1.D	1642	1536.5	0.531033	0.0137079
Gorai.013G176000.1.A	1342	1236.5	95.969	3.07836
Gorai.013G176000.1.D	1342	1236.5	95.969	3.07836
Gorai.013G176100.1.A	2077	1971.5	49.1291	0.988384
Gorai.013G176100.1.D	2077	1971.5	16.7167	0.336309
Gorai.013G176200.1.A	1568	1462.5	192	5.20702
Gorai.013G176200.1.D	1568	1462.5	48	1.30175
Gorai.013G176300.1.A	934	828.505	6	0.287238
Gorai.013G176300.1.D	934	828.505	6	0.287238
Gorai.013G176400.1.A	2103	1997.5	0	0
Gorai.013G176400.1.D	2103	1997.5	1	0.0198562
Gorai.013G176500.1.A	671	565.505	1491.49	104.609
Gorai.013G176500.1.D	671	565.505	1218.51	85.4627
Gorai.013G176600.1.A	1438	1332.5	32	0.952503
Gorai.013G176600.1.D	1438	1332.5	2	0.0595314
Gorai.013G176700.1.A	2676	2570.5	211.46	3.26283
Gorai.013G176700.1.D	2676	2570.5	168.54	2.60057
Gorai.013G176800.1.A	2559	2453.5	259.323	4.19218
Gorai.013G176800.1.D	2559	2453.5	443.677	7.1724
Gorai.013G176900.1.A	1447	1341.5	6.6129	0.195517
Gorai.013G176900.1.D	1447	1341.5	34.3871	1.01669
Gorai.013G177000.1.A	2201	2095.5	357	6.75716
Gorai.013G177000.1.D	2201	2095.5	238	4.50478
Gorai.013G177100.1.A	2231	2125.5	14	0.261247
Gorai.013G177100.1.D	2231	2125.5	5	0.0933024
Gorai.013G177200.1.A	885	779.505	0	0
Gorai.013G177200.1.D	885	779.505	0	0
Gorai.013G177300.1.A	1232	1126.5	0	0
Gorai.013G177300.1.D	1232	1126.5	0	0
Gorai.013G177400.1.A	822	716.505	55.5556	3.07534
Gorai.013G177400.1.D	822	716.505	4.44444	0.246027
Gorai.013G177500.1.A	546	440.551	0	0
Gorai.013G177500.1.D	546	440.551	0	0
Gorai.013G177600.1.A	1273	1167.5	922.17	31.3283
Gorai.013G177600.1.D	1273	1167.5	155.83	5.29391
Gorai.013G177700.1.A	1104	998.505	0	0
Gorai.013G177700.1.D	1104	998.505	0	0
Gorai.013G177800.1.A	1687	1581.5	17	0.426347
Gorai.013G177800.1.D	1687	1581.5	0	0
Gorai.013G177900.1.A	1559	1453.5	645.876	17.6245
Gorai.013G177900.1.D	1559	1453.5	579.124	15.803
Gorai.013G178000.1.A	3014	2908.5	3011.67	41.0698
Gorai.013G178000.1.D	3014	2908.5	4175.33	56.9385
Gorai.013G178100.1.A	1730	1624.5	149.6	3.65254
Gorai.013G178100.1.D	1730	1624.5	180.4	4.40454
Gorai.013G178200.1.A	2895	2789.5	260.81	3.70836
Gorai.013G178200.1.D	2895	2789.5	135.19	1.92222
Gorai.013G178300.1.A	3039	2933.5	82.9907	1.12209
Gorai.013G178300.1.D	3039	2933.5	157.009	2.12287
Gorai.013G178400.1.A	1113	1007.5	0	0
Gorai.013G178400.1.D	1113	1007.5	12	0.47241
Gorai.013G178500.1.A	1095	989.505	2	0.0801673
Gorai.013G178500.1.D	1095	989.505	2	0.0801673
Gorai.013G178600.1.A	1655	1549.5	21.3043	0.54533
Gorai.013G178600.1.D	1655	1549.5	157.652	4.03544
Gorai.013G178700.1.A	1095	989.505	16.4891	0.660942
Gorai.013G178700.1.D	1095	989.505	219.511	8.79879
Gorai.013G178800.1.A	2237	2131.5	32.5333	0.605379
Gorai.013G178800.1.D	2237	2131.5	28.4667	0.529706
Gorai.013G178900.1.A	1604	1498.5	1	0.0264683
Gorai.013G178900.1.D	1604	1498.5	1	0.0264683
Gorai.013G179000.1.A	1632	1526.5	15	0.389743
Gorai.013G179000.1.D	1632	1526.5	5	0.129914
Gorai.013G179100.1.A	3621	3515.5	67.6364	0.763093
Gorai.013G179100.1.D	3621	3515.5	56.3636	0.635911
Gorai.013G179200.1.A	1575	1469.5	14.7333	0.397663
Gorai.013G179200.1.D	1575	1469.5	2.26667	0.0611789
Gorai.013G179300.1.A	1033	927.505	0	0
Gorai.013G179300.1.D	1033	927.505	0	0
Gorai.013G179400.1.A	3195	3089.5	155.882	2.00121
Gorai.013G179400.1.D	3195	3089.5	109.118	1.40085
Gorai.013G179500.1.A	933	827.505	7.68135	0.368173
Gorai.013G179500.1.D	933	827.505	7.68135	0.368173
Gorai.013G179600.1.A	1336	1230.5	77.5789	2.50061
Gorai.013G179600.1.D	1336	1230.5	190.421	6.13785
Gorai.013G179700.1.A	1548	1442.5	12.1579	0.334292
Gorai.013G179700.1.D	1548	1442.5	64.8421	1.78289
Gorai.013G179800.1.A	3088	2982.5	158.863	2.11264
Gorai.013G179800.1.D	3088	2982.5	134.284	1.78578
Gorai.013G179900.1.A	1227	1121.5	22.0645	0.78033
Gorai.013G179900.1.D	1227	1121.5	53.9355	1.90747
Gorai.013G180000.1.A	2013	1907.5	523.111	10.8771
Gorai.013G180000.1.D	2013	1907.5	274.889	5.7158
Gorai.013G180100.1.A	2333	2227.5	167.591	2.98413
Gorai.013G180100.1.D	2333	2227.5	101.409	1.80568
Gorai.013G180200.1.A	2199	2093.5	230.848	4.37359
Gorai.013G180200.1.D	2199	2093.5	355.152	6.7286
Gorai.013G180300.1.A	854	748.505	0	0
Gorai.013G180300.1.D	854	748.505	0	0
Gorai.013G180400.1.A	532	426.551	0	0
Gorai.013G180400.1.D	532	426.551	0	0
Gorai.013G180500.1.A	2138	2032.5	1189.17	23.2058
Gorai.013G180500.1.D	2138	2032.5	1137.83	22.204
Gorai.013G180600.1.A	3496	3390.5	119.992	1.40369
Gorai.013G180600.1.D	3496	3390.5	122.008	1.42728
Gorai.013G180700.1.A	354	248.63	0	0
Gorai.013G180700.1.D	354	248.63	0	0
Gorai.013G180800.1.A	1524	1418.5	0	0
Gorai.013G180800.1.D	1524	1418.5	0	0
Gorai.013G180900.1.A	1788	1682.5	0	0
Gorai.013G180900.1.D	1788	1682.5	0	0
Gorai.013G181000.1.A	3177	3071.5	48.4828	0.626067
Gorai.013G181000.1.D	3177	3071.5	25.5172	0.329509
Gorai.013G181100.1.A	1141	1035.5	0	0
Gorai.013G181100.1.D	1141	1035.5	0	0
Gorai.013G181200.1.A	1156	1050.5	0	0
Gorai.013G181200.1.D	1156	1050.5	0	0
Gorai.013G181300.1.A	1150	1044.5	0	0
Gorai.013G181300.1.D	1150	1044.5	0	0
Gorai.013G181400.1.A	1908	1802.5	1	0.0220043
Gorai.013G181400.1.D	1908	1802.5	0	0
Gorai.013G181500.1.A	2774	2668.5	136.612	2.03051
Gorai.013G181500.1.D	2774	2668.5	53.3884	0.793531
Gorai.013G181600.1.A	807	701.505	464.087	26.2394
Gorai.013G181600.1.D	807	701.505	784.913	44.3788
Gorai.013G181700.1.A	1843	1737.5	0.5	0.0114138
Gorai.013G181700.1.D	1843	1737.5	0.5	0.0114138
Gorai.013G181800.1.A	450	344.583	0	0
Gorai.013G181800.1.D	450	344.583	0	0
Gorai.013G181900.1.A	483	377.551	0	0
Gorai.013G181900.1.D	483	377.551	0	0
Gorai.013G182000.1.A	916	810.505	0	0
Gorai.013G182000.1.D	916	810.505	0	0
Gorai.013G182100.1.A	1074	968.505	0	0
Gorai.013G182100.1.D	1074	968.505	0	0
Gorai.013G182200.1.A	315	209.649	0.5	0.0945935
Gorai.013G182200.1.D	315	209.649	0.5	0.0945935
Gorai.013G182300.1.A	1857	1751.5	0.5	0.0113225
Gorai.013G182300.1.D	1857	1751.5	0.5	0.0113225
Gorai.013G182400.1.A	567	461.551	0	0
Gorai.013G182400.1.D	567	461.551	0	0
Gorai.013G182500.1.A	631	525.505	0	0
Gorai.013G182500.1.D	631	525.505	0	0
Gorai.013G182600.1.A	1061	955.505	1.05614	0.0438402
Gorai.013G182600.1.D	1061	955.505	1.05614	0.0438402
Gorai.013G182700.1.A	354	248.63	0	0
Gorai.013G182700.1.D	354	248.63	0	0
Gorai.013G182800.1.A	952	846.505	0	0
Gorai.013G182800.1.D	952	846.505	9.01927	0.422597
Gorai.013G182900.1.A	1746	1640.5	0	0
Gorai.013G182900.1.D	1746	1640.5	0	0
Gorai.013G183000.1.A	1706	1600.5	879.207	21.7881
Gorai.013G183000.1.D	1706	1600.5	656.793	16.2763
Gorai.013G183100.1.A	885	779.505	0	0
Gorai.013G183100.1.D	885	779.505	0	0
Gorai.013G183200.1.A	369	263.583	0.5	0.075238
Gorai.013G183200.1.D	369	263.583	0.5	0.075238
Gorai.013G183300.1.A	917	811.505	3	0.146627
Gorai.013G183300.1.D	917	811.505	6.37685	0.311674
Gorai.013G183400.1.A	1000	894.505	7.74877	0.343586
Gorai.013G183400.1.D	1000	894.505	3.87438	0.171793
Gorai.013G183500.1.A	1940	1834.5	692.229	14.9663
Gorai.013G183500.1.D	1940	1834.5	355.771	7.69196
Gorai.013G183600.1.A	3216	3110.5	208.043	2.65282
Gorai.013G183600.1.D	3216	3110.5	441.957	5.63552
Gorai.013G183700.1.A	1105	999.505	18.5491	0.736076
Gorai.013G183700.1.D	1105	999.505	43.2812	1.71751
Gorai.013G183800.1.A	2121	2015.5	83	1.63335
Gorai.013G183800.1.D	2121	2015.5	26.8513	0.528404
Gorai.013G183900.1.A	3826	3720.5	220.626	2.35201
Gorai.013G183900.1.D	3826	3720.5	142.374	1.5178
Gorai.013G184000.1.A	1227	1121.5	0	0
Gorai.013G184000.1.D	1227	1121.5	1	0.0353658
Gorai.013G184100.1.A	769	663.505	1266.94	75.7349
Gorai.013G184100.1.D	769	663.505	695.063	41.5494
Gorai.013G184200.1.A	1578	1472.5	47.5081	1.27966
Gorai.013G184200.1.D	1578	1472.5	89.4919	2.41053
Gorai.013G184300.1.A	825	719.505	0	0
Gorai.013G184300.1.D	825	719.505	5.82777	0.321258
Gorai.013G184400.1.A	1580	1474.5	0	0
Gorai.013G184400.1.D	1580	1474.5	1612	43.3615
Gorai.013G184500.1.A	1664	1558.5	166.881	4.24701
Gorai.013G184500.1.D	1664	1558.5	107.119	2.72612
Gorai.013G184600.1.A	1600	1494.5	52.3448	1.38919
Gorai.013G184600.1.D	1600	1494.5	46.6552	1.23819
Gorai.013G184700.1.A	429	323.583	0	0
Gorai.013G184700.1.D	429	323.583	0	0
Gorai.013G184800.1.A	417	311.583	0	0
Gorai.013G184800.1.D	417	311.583	0	0
Gorai.013G184900.1.A	1186	1080.5	60	2.20247
Gorai.013G184900.1.D	1186	1080.5	6	0.220247
Gorai.013G185000.1.A	928	822.505	8.27586	0.39908
Gorai.013G185000.1.D	928	822.505	51.7241	2.49425
Gorai.013G185100.1.A	2060	1954.5	354.566	7.19524
Gorai.013G185100.1.D	2060	1954.5	283.434	5.75175
Gorai.013G185200.1.A	3714	3608.5	235.215	2.58537
Gorai.013G185200.1.D	3714	3608.5	367.872	4.04347
Gorai.013G185300.1.A	1248	1142.5	20.9	0.72556
Gorai.013G185300.1.D	1248	1142.5	1.1	0.0381874
Gorai.013G185400.1.A	1062	956.505	0	0
Gorai.013G185400.1.D	1062	956.505	28.6966	1.18995
Gorai.013G185500.1.A	1766	1660.5	232.379	5.55063
Gorai.013G185500.1.D	1766	1660.5	60.6207	1.44799
Gorai.013G185600.1.A	603	497.551	0	0
Gorai.013G185600.1.D	603	497.551	0	0
Gorai.013G185700.1.A	1469	1363.5	0	0
Gorai.013G185700.1.D	1469	1363.5	0	0
Gorai.013G185800.1.A	1213	1107.5	94	3.36641
Gorai.013G185800.1.D	1213	1107.5	61	2.18459
Gorai.013G185900.1.A	2571	2465.5	80.4819	1.29472
Gorai.013G185900.1.D	2571	2465.5	86.5181	1.39183
Gorai.013G186000.1.A	776	670.505	12	0.709846
Gorai.013G186000.1.D	776	670.505	0	0
Gorai.013G186100.1.A	453	347.551	0	0
Gorai.013G186100.1.D	453	347.551	0	0
Gorai.013G186200.1.A	351	245.63	0	0
Gorai.013G186200.1.D	351	245.63	0	0
Gorai.013G186300.1.A	1122	1016.5	0	0
Gorai.013G186300.1.D	1122	1016.5	0	0
Gorai.013G186400.1.A	333	227.63	0	0
Gorai.013G186400.1.D	333	227.63	0	0
Gorai.013G186500.1.A	872	766.505	229.865	11.8944
Gorai.013G186500.1.D	872	766.505	231.135	11.9601
Gorai.013G186600.1.A	1539	1433.5	38.1562	1.05573
Gorai.013G186600.1.D	1539	1433.5	27.8438	0.770395
Gorai.013G186700.1.A	636	530.505	0	0
Gorai.013G186700.1.D	636	530.505	0	0
Gorai.013G186800.1.A	1178	1072.5	1	0.0369816
Gorai.013G186800.1.D	1178	1072.5	4	0.147926
Gorai.013G186900.1.A	488	382.551	33	3.42144
Gorai.013G186900.1.D	488	382.551	8	0.82944
Gorai.013G187000.1.A	1311	1205.5	27.6835	0.910831
Gorai.013G187000.1.D	1311	1205.5	53.3165	1.75419
Gorai.013G187100.1.A	1893	1787.5	747.504	16.5864
Gorai.013G187100.1.D	1893	1787.5	689.496	15.2992
Gorai.013G187200.1.A	3600	3494.5	523.277	5.93924
Gorai.013G187200.1.D	3600	3494.5	424.723	4.82064
Gorai.013G187300.1.A	1913	1807.5	84.121	1.84591
Gorai.013G187300.1.D	1913	1807.5	86.879	1.90643
Gorai.013G187400.1.A	231	126.463	0	0
Gorai.013G187400.1.D	231	126.463	0	0
Gorai.013G187500.1.A	1367	1261.5	0.5	0.0157205
Gorai.013G187500.1.D	1367	1261.5	0.5	0.0157205
Gorai.013G187600.1.A	3831	3725.5	0	0
Gorai.013G187600.1.D	3831	3725.5	23.5221	0.250424
Gorai.013G187700.1.A	1290	1184.5	42.625	1.42729
Gorai.013G187700.1.D	1290	1184.5	23.375	0.782708
Gorai.013G187800.1.A	2449	2343.5	329.524	5.57707
Gorai.013G187800.1.D	2449	2343.5	171.476	2.90217
Gorai.013G187900.1.A	2705	2599.5	252.096	3.84644
Gorai.013G187900.1.D	2705	2599.5	191.196	2.91725
Gorai.013G188000.1.A	3105	2999.5	664.457	8.78622
Gorai.013G188000.1.D	3105	2999.5	738.543	9.76587
Gorai.013G188100.1.A	2022	1916.5	0	0
Gorai.013G188100.1.D	2022	1916.5	0	0
Gorai.013G188200.1.A	2572	2466.5	413.407	6.64784
Gorai.013G188200.1.D	2572	2466.5	417.593	6.71516
Gorai.013G188300.1.A	2092	1986.5	742.634	14.8276
Gorai.013G188300.1.D	2092	1986.5	528.366	10.5495
Gorai.013G188400.1.A	2763	2657.5	77.0245	1.14958
Gorai.013G188400.1.D	2763	2657.5	151.297	2.2581
Gorai.013G188500.1.A	2689	2583.5	62.6408	0.961685
Gorai.013G188500.1.D	2689	2583.5	110.037	1.68933
Gorai.013G188600.1.A	1024	918.505	49.9315	2.15615
Gorai.013G188600.1.D	1024	918.505	31.0685	1.3416
Gorai.013G188700.1.A	722	616.505	96.538	6.21079
Gorai.013G188700.1.D	722	616.505	94.462	6.07723
Gorai.013G188800.1.A	2140	2034.5	1257.36	24.5124
Gorai.013G188800.1.D	2140	2034.5	1737.64	33.8755
Gorai.013G188900.1.A	1390	1284.5	105	3.24219
Gorai.013G188900.1.D	1390	1284.5	0	0
Gorai.013G189000.1.A	318	212.63	0	0
Gorai.013G189000.1.D	318	212.63	0	0
Gorai.013G189100.1.A	3889	3783.5	1947.6	20.4169
Gorai.013G189100.1.D	3889	3783.5	1577.76	16.5399
Gorai.013G189200.1.A	2381	2275.5	68.0609	1.18633
Gorai.013G189200.1.D	2381	2275.5	44.352	0.773072
Gorai.013G189300.1.A	762	656.505	0.0121101	0.000731638
Gorai.013G189300.1.D	762	656.505	1.36004	0.0821673
Gorai.013G189400.1.A	1221	1115.5	20.5209	0.729642
Gorai.013G189400.1.D	1221	1115.5	10.7636	0.382711
Gorai.013G189500.1.A	663	557.505	0	0
Gorai.013G189500.1.D	663	557.505	0	0
Gorai.013G189600.1.A	1090	984.505	0	0
Gorai.013G189600.1.D	1090	984.505	0	0
Gorai.013G189700.1.A	210	105.986	0	0
Gorai.013G189700.1.D	210	105.986	0	0
Gorai.013G189800.1.A	893	787.505	0	0
Gorai.013G189800.1.D	893	787.505	1	0.0503653
Gorai.013G189900.1.A	1422	1316.5	0	0
Gorai.013G189900.1.D	1422	1316.5	66.3026	1.99753
Gorai.013G190000.1.A	516	410.551	0	0
Gorai.013G190000.1.D	516	410.551	0	0
Gorai.013G190100.1.A	1380	1274.5	0	0
Gorai.013G190100.1.D	1380	1274.5	0	0
Gorai.013G190200.1.A	597	491.551	0	0
Gorai.013G190200.1.D	597	491.551	0	0
Gorai.013G190300.1.A	663	557.505	0	0
Gorai.013G190300.1.D	663	557.505	0	0
Gorai.013G190400.1.A	662	556.505	0	0
Gorai.013G190400.1.D	662	556.505	0	0
Gorai.013G190500.1.A	948	842.505	0	0
Gorai.013G190500.1.D	948	842.505	0	0
Gorai.013G190600.1.A	663	557.505	0	0
Gorai.013G190600.1.D	663	557.505	0	0
Gorai.013G190700.1.A	1461	1355.5	0	0
Gorai.013G190700.1.D	1461	1355.5	0	0
Gorai.013G190800.1.A	966	860.505	2	0.0921853
Gorai.013G190800.1.D	966	860.505	5	0.230463
Gorai.013G190900.1.A	633	527.505	0	0
Gorai.013G190900.1.D	633	527.505	0	0
Gorai.013G191000.1.A	501	395.551	0	0
Gorai.013G191000.1.D	501	395.551	0	0
Gorai.013G191100.1.A	885	779.505	0	0
Gorai.013G191100.1.D	885	779.505	0	0
Gorai.013G191200.1.A	678	572.505	0	0
Gorai.013G191200.1.D	678	572.505	0	0
Gorai.013G191300.1.A	729	623.505	0	0
Gorai.013G191300.1.D	729	623.505	0	0
Gorai.013G191400.1.A	1732	1626.5	20.4	0.497462
Gorai.013G191400.1.D	1732	1626.5	15.6	0.380412
Gorai.013G191500.1.A	1193	1087.5	1768.02	64.4825
Gorai.013G191500.1.D	1193	1087.5	1046.98	38.1848
Gorai.013G191600.1.A	1572	1466.5	1033.08	27.9407
Gorai.013G191600.1.D	1572	1466.5	2455.92	66.4225
Gorai.013G191700.1.A	2592	2486.5	71.7434	1.1444
Gorai.013G191700.1.D	2592	2486.5	49.2566	0.785707
Gorai.013G191800.1.A	608	502.551	2.28571	0.180396
Gorai.013G191800.1.D	608	502.551	5.71429	0.45099
Gorai.013G191900.1.A	1892	1786.5	10.2	0.226454
Gorai.013G191900.1.D	1892	1786.5	23.8	0.528394
Gorai.013G192000.1.A	1554	1448.5	14	0.383348
Gorai.013G192000.1.D	1554	1448.5	4	0.109528
Gorai.013G192100.1.A	681	575.505	1	0.0689185
Gorai.013G192100.1.D	681	575.505	0	0
Gorai.013G192200.1.A	351	245.63	0	0
Gorai.013G192200.1.D	351	245.63	0	0
Gorai.013G192300.1.A	782	676.505	0	0
Gorai.013G192300.1.D	782	676.505	23	1.34847
Gorai.013G192400.1.A	729	623.505	0	0
Gorai.013G192400.1.D	729	623.505	0	0
Gorai.013G192500.1.A	1360	1254.5	0	0
Gorai.013G192500.1.D	1360	1254.5	0	0
Gorai.013G192600.1.A	1197	1091.5	0	0
Gorai.013G192600.1.D	1197	1091.5	12	0.436054
Gorai.013G192700.1.A	2527	2421.5	77.6111	1.27123
Gorai.013G192700.1.D	2527	2421.5	49.3889	0.808963
Gorai.013G192800.1.A	977	871.505	0	0
Gorai.013G192800.1.D	977	871.505	0	0
Gorai.013G192900.1.A	1059	953.505	8242.9	342.88
Gorai.013G192900.1.D	1059	953.505	3375.1	140.394
Gorai.013G193000.1.A	2576	2470.5	283.126	4.54547
Gorai.013G193000.1.D	2576	2470.5	219.874	3.52999
Gorai.013G193100.1.A	585	479.551	0	0
Gorai.013G193100.1.D	585	479.551	0	0
Gorai.013G193200.1.A	1129	1023.5	0	0
Gorai.013G193200.1.D	1129	1023.5	1	0.0387521
Gorai.013G193300.1.A	1461	1355.5	3.5	0.102412
Gorai.013G193300.1.D	1461	1355.5	3.5	0.102412
Gorai.013G193400.1.A	2747	2641.5	0	0
Gorai.013G193400.1.D	2747	2641.5	0	0
Gorai.013G193500.1.A	1555	1449.5	12	0.328357
Gorai.013G193500.1.D	1555	1449.5	0	0
Gorai.013G193600.1.A	1462	1356.5	0	0
Gorai.013G193600.1.D	1462	1356.5	0	0
Gorai.013G193700.1.A	3025	2919.5	234.777	3.18956
Gorai.013G193700.1.D	3025	2919.5	168.026	2.28272
Gorai.013G193800.1.A	946	840.505	5	0.235947
Gorai.013G193800.1.D	946	840.505	1	0.0471894
Gorai.013G193900.1.A	2272	2166.5	85.3061	1.56173
Gorai.013G193900.1.D	2272	2166.5	79.6939	1.45898
Gorai.013G194000.1.A	277	171.788	0	0
Gorai.013G194000.1.D	277	171.788	0	0
Gorai.013G194100.1.A	1689	1583.5	0	0
Gorai.013G194100.1.D	1689	1583.5	0	0
Gorai.013G194200.1.A	3059	2953.5	11.5094	0.154561
Gorai.013G194200.1.D	3059	2953.5	49.4906	0.664614
Gorai.013G194300.1.A	1331	1225.5	25.2	0.815587
Gorai.013G194300.1.D	1331	1225.5	4.8	0.15535
Gorai.013G194400.1.A	909	803.505	0	0
Gorai.013G194400.1.D	909	803.505	1	0.0493624
Gorai.013G194500.1.A	760	654.505	1.47998	0.0896866
Gorai.013G194500.1.D	760	654.505	103.356	6.26339
Gorai.013G194600.1.A	621	515.505	0	0
Gorai.013G194600.1.D	621	515.505	0	0
Gorai.013G194700.1.A	3205	3099.5	11.3652	0.145435
Gorai.013G194700.1.D	3205	3099.5	31.3022	0.40056
Gorai.013G194800.1.A	465	359.551	0	0
Gorai.013G194800.1.D	465	359.551	0	0
Gorai.013G194900.1.A	1518	1412.5	19.8672	0.55787
Gorai.013G194900.1.D	1518	1412.5	48.2963	1.35615
Gorai.013G195000.1.A	2794	2688.5	12918.3	190.581
Gorai.013G195000.1.D	2794	2688.5	7118.05	105.011
Gorai.013G195100.1.A	1728	1622.5	0	0
Gorai.013G195100.1.D	1728	1622.5	1	0.0244455
Gorai.013G195200.1.A	1026	920.505	0	0
Gorai.013G195200.1.D	1026	920.505	0	0
Gorai.013G195300.1.A	790	684.505	34524.6	2000.49
Gorai.013G195300.1.D	790	684.505	6486.43	375.85
Gorai.013G195400.1.A	843	737.505	312.943	16.8301
Gorai.013G195400.1.D	843	737.505	19.6311	1.05576
Gorai.013G195500.1.A	3131	3025.5	201.806	2.64559
Gorai.013G195500.1.D	3131	3025.5	240.194	3.14882
Gorai.013G195600.1.A	4015	3909.5	298.752	3.03092
Gorai.013G195600.1.D	4015	3909.5	306.248	3.10696
Gorai.013G195700.1.A	1938	1832.5	64	1.38522
Gorai.013G195700.1.D	1938	1832.5	136	2.9436
Gorai.013G195800.1.A	2498	2392.5	77.4159	1.2834
Gorai.013G195800.1.D	2498	2392.5	373.837	6.19748
Gorai.013G195900.1.A	1635	1529.5	3.54839	0.0920164
Gorai.013G195900.1.D	1635	1529.5	106.452	2.76049
Gorai.013G196000.1.A	2166	2060.5	597.653	11.5043
Gorai.013G196000.1.D	2166	2060.5	39.3472	0.757401
Gorai.013G196100.1.A	417	311.583	154.595	19.6791
Gorai.013G196100.1.D	417	311.583	105.405	13.4176
Gorai.013G196200.1.A	2967	2861.5	18	0.249496
Gorai.013G196200.1.D	2967	2861.5	1	0.0138609
Gorai.013G196300.1.A	2689	2583.5	86.1213	1.32217
Gorai.013G196300.1.D	2689	2583.5	86.1213	1.32217
Gorai.013G196400.1.A	1195	1089.5	0	0
Gorai.013G196400.1.D	1195	1089.5	0	0
Gorai.013G196500.1.A	1540	1434.5	0	0
Gorai.013G196500.1.D	1540	1434.5	0	0
Gorai.013G196600.1.A	1336	1230.5	0	0
Gorai.013G196600.1.D	1336	1230.5	0	0
Gorai.013G196700.1.A	2084	1978.5	190.696	3.82286
Gorai.013G196700.1.D	2084	1978.5	59.0592	1.18396
Gorai.013G196800.1.A	1241	1135.5	112.585	3.93257
Gorai.013G196800.1.D	1241	1135.5	108.415	3.78692
Gorai.013G196900.1.A	600	494.551	14	1.1228
Gorai.013G196900.1.D	600	494.551	0	0
Gorai.013G197000.1.A	2023	1917.5	0	0
Gorai.013G197000.1.D	2023	1917.5	0	0
Gorai.013G197100.1.A	778	672.505	0	0
Gorai.013G197100.1.D	778	672.505	0	0
Gorai.013G197200.1.A	1479	1373.5	392.894	11.3457
Gorai.013G197200.1.D	1479	1373.5	269.106	7.77101
Gorai.013G197300.1.A	480	374.551	0	0
Gorai.013G197300.1.D	480	374.551	0	0
Gorai.013G197400.1.A	1684	1578.5	426.463	10.7157
Gorai.013G197400.1.D	1684	1578.5	457.537	11.4965
Gorai.013G197500.1.A	6138	6032.5	1223.47	8.04413
Gorai.013G197500.1.D	6138	6032.5	2059.53	13.5412
Gorai.013G197600.1.A	1582	1476.5	54.1538	1.45472
Gorai.013G197600.1.D	1582	1476.5	25.8462	0.694298
Gorai.013G197700.1.A	6985	6879.5	655.823	3.78107
Gorai.013G197700.1.D	6985	6879.5	617.177	3.55826
Gorai.013G197800.1.A	2187	2081.5	262.381	4.99965
Gorai.013G197800.1.D	2187	2081.5	839.619	15.9989
Gorai.013G197900.1.A	1695	1589.5	1.5	0.0374295
Gorai.013G197900.1.D	1695	1589.5	1.5	0.0374295
Gorai.013G198000.1.A	1013	907.505	0	0
Gorai.013G198000.1.D	1013	907.505	0	0
Gorai.013G198100.1.A	860	754.505	0.530266	0.0278751
Gorai.013G198100.1.D	860	754.505	0.530266	0.0278751
Gorai.013G198200.1.A	489	383.551	0	0
Gorai.013G198200.1.D	489	383.551	0	0
Gorai.013G198300.1.A	1399	1293.5	3	0.0919895
Gorai.013G198300.1.D	1399	1293.5	0	0
Gorai.013G198400.1.A	1653	1547.5	0	0
Gorai.013G198400.1.D	1653	1547.5	0	0
Gorai.013G198500.1.A	1293	1187.5	135.082	4.51178
Gorai.013G198500.1.D	1293	1187.5	308.918	10.3179
Gorai.013G198600.1.A	2163	2057.5	26.2093	0.505242
Gorai.013G198600.1.D	2163	2057.5	22.7907	0.439341
Gorai.013G198700.1.A	420	314.583	0.5	0.0630405
Gorai.013G198700.1.D	420	314.583	0.5	0.0630405
Gorai.013G198800.1.A	270	164.849	0	0
Gorai.013G198800.1.D	270	164.849	0	0
Gorai.013G198900.1.A	691	585.505	0	0
Gorai.013G198900.1.D	691	585.505	0	0
Gorai.013G199000.1.A	891	785.505	0	0
Gorai.013G199000.1.D	891	785.505	0	0
Gorai.013G199100.1.A	1179	1073.5	0	0
Gorai.013G199100.1.D	1179	1073.5	0	0
Gorai.013G199200.1.A	2473	2367.5	610.953	10.2353
Gorai.013G199200.1.D	2473	2367.5	475.047	7.95849
Gorai.013G199300.1.A	1083	977.505	15.0312	0.609904
Gorai.013G199300.1.D	1083	977.505	58.9688	2.3927
Gorai.013G199400.1.A	1078	972.505	161.246	6.5763
Gorai.013G199400.1.D	1078	972.505	197.754	8.06527
Gorai.013G199500.1.A	3111	3005.5	0	0
Gorai.013G199500.1.D	3111	3005.5	0	0
Gorai.013G199600.1.A	897	791.505	5	0.250554
Gorai.013G199600.1.D	897	791.505	0	0
Gorai.013G199700.1.A	917	811.505	0	0
Gorai.013G199700.1.D	917	811.505	0	0
Gorai.013G199800.1.A	1281	1175.5	0	0
Gorai.013G199800.1.D	1281	1175.5	0	0
Gorai.013G199900.1.A	1578	1472.5	0	0
Gorai.013G199900.1.D	1578	1472.5	0	0
Gorai.013G200000.1.A	1791	1685.5	0	0
Gorai.013G200000.1.D	1791	1685.5	0	0
Gorai.013G200100.1.A	1618	1512.5	0	0
Gorai.013G200100.1.D	1618	1512.5	0	0
Gorai.013G200200.1.A	1013	907.505	0	0
Gorai.013G200200.1.D	1013	907.505	0	0
Gorai.013G200300.1.A	1811	1705.5	172.531	4.01236
Gorai.013G200300.1.D	1811	1705.5	97.4689	2.26672
Gorai.013G200400.1.A	749	643.505	18.7761	1.15728
Gorai.013G200400.1.D	749	643.505	55.2239	3.40377
Gorai.013G200500.1.A	498	392.551	0	0
Gorai.013G200500.1.D	498	392.551	0	0
Gorai.013G200600.1.A	918	812.505	0	0
Gorai.013G200600.1.D	918	812.505	0	0
Gorai.013G200700.1.A	1456	1350.5	83.2103	2.4438
Gorai.013G200700.1.D	1456	1350.5	191.79	5.63267
Gorai.013G200800.1.A	1173	1067.5	153.991	5.72149
Gorai.013G200800.1.D	1173	1067.5	1158.01	43.0256
Gorai.013G200900.1.A	1032	926.505	36.809	1.57576
Gorai.013G200900.1.D	1032	926.505	54.191	2.31987
Gorai.013G201000.1.A	1368	1262.5	0	0
Gorai.013G201000.1.D	1368	1262.5	0	0
Gorai.013G201100.1.A	1038	932.505	0	0
Gorai.013G201100.1.D	1038	932.505	0	0
Gorai.013G201200.1.A	1259	1153.5	1646.14	56.6021
Gorai.013G201200.1.D	1259	1153.5	1680.86	57.7959
Gorai.013G201300.1.A	2443	2337.5	42.4895	0.720964
Gorai.013G201300.1.D	2443	2337.5	164.511	2.79143
Gorai.013G201400.1.A	1379	1273.5	91.1818	2.83983
Gorai.013G201400.1.D	1379	1273.5	95.8182	2.98423
Gorai.013G201500.1.A	1993	1887.5	4.82291	0.101346
Gorai.013G201500.1.D	1993	1887.5	0.0584439	0.00122811
Gorai.013G201600.1.A	2328	2222.5	108.321	1.9331
Gorai.013G201600.1.D	2328	2222.5	195.385	3.48685
Gorai.013G201700.1.A	976	870.505	234.568	10.6876
Gorai.013G201700.1.D	976	870.505	130.432	5.94291
Gorai.013G201800.1.A	894	788.505	3155.17	158.709
Gorai.013G201800.1.D	894	788.505	3440.83	173.079
Gorai.013G201900.1.A	3632	3526.5	2.07407	0.0233273
Gorai.013G201900.1.D	3632	3526.5	25.9259	0.291591
Gorai.013G202000.1.A	1602	1496.5	143.39	3.80038
Gorai.013G202000.1.D	1602	1496.5	37.8841	1.00407
Gorai.013G202100.1.A	966	860.505	9.72552	0.448275
Gorai.013G202100.1.D	966	860.505	0	0
Gorai.013G202200.1.A	3437	3331.5	317.673	3.78203
Gorai.013G202200.1.D	3437	3331.5	395.327	4.70653
Gorai.013G202300.1.A	1235	1129.5	53.1729	1.86719
Gorai.013G202300.1.D	1235	1129.5	82.8271	2.9085
Gorai.013G202400.1.A	2119	2013.5	77.3103	1.52289
Gorai.013G202400.1.D	2119	2013.5	99.6897	1.96373
Gorai.013G202500.1.A	2216	2110.5	695.941	13.0789
Gorai.013G202500.1.D	2216	2110.5	865.059	16.2572
Gorai.013G202600.1.A	2376	2270.5	86.3333	1.50814
Gorai.013G202600.1.D	2376	2270.5	24.6667	0.430897
Gorai.013G202700.1.A	4076	3970.5	352.338	3.51964
Gorai.013G202700.1.D	4076	3970.5	647.662	6.46976
Gorai.013G202800.1.A	2143	2037.5	3863.93	75.2168
Gorai.013G202800.1.D	2143	2037.5	6336.07	123.341
Gorai.013G202900.1.A	1106	1000.5	38.7064	1.53444
Gorai.013G202900.1.D	1106	1000.5	35.3887	1.40291
Gorai.013G203000.1.A	2446	2340.5	353.534	5.9911
Gorai.013G203000.1.D	2446	2340.5	655.466	11.1077
Gorai.013G203100.1.A	877	771.505	7	0.359869
Gorai.013G203100.1.D	877	771.505	8	0.411279
Gorai.013G203200.1.A	1371	1265.5	321.371	10.0723
Gorai.013G203200.1.D	1371	1265.5	324.629	10.1744
Gorai.013G203300.1.A	793	687.505	0	0
Gorai.013G203300.1.D	793	687.505	0	0
Gorai.013G203400.1.A	1860	1754.5	53.937	1.21932
Gorai.013G203400.1.D	1860	1754.5	83.063	1.87775
Gorai.013G203500.1.A	2025	1919.5	11.1111	0.22959
Gorai.013G203500.1.D	2025	1919.5	13.8889	0.286988
Gorai.013G203600.1.A	1067	961.505	0	0
Gorai.013G203600.1.D	1067	961.505	0	0
Gorai.013G203700.1.A	3794	3688.5	210.551	2.26409
Gorai.013G203700.1.D	3794	3688.5	190.449	2.04792
Gorai.013G203800.1.A	1251	1145.5	0	0
Gorai.013G203800.1.D	1251	1145.5	0	0
Gorai.013G203900.1.A	3835	3729.5	73.7935	0.784787
Gorai.013G203900.1.D	3835	3729.5	145.207	1.54426
Gorai.013G204000.1.A	1089	983.505	2	0.0806563
Gorai.013G204000.1.D	1089	983.505	1	0.0403282
Gorai.013G204100.1.A	1683	1577.5	5	0.125714
Gorai.013G204100.1.D	1683	1577.5	48	1.20686
Gorai.013G204200.1.A	1005	899.505	0	0
Gorai.013G204200.1.D	1005	899.505	0	0
Gorai.013G204300.1.A	1266	1160.5	8.76923	0.299709
Gorai.013G204300.1.D	1266	1160.5	10.2308	0.34966
Gorai.013G204400.1.A	1547	1441.5	21.3793	0.588251
Gorai.013G204400.1.D	1547	1441.5	9.62069	0.264713
Gorai.013G204500.1.A	1770	1664.5	70.3086	1.67536
Gorai.013G204500.1.D	1770	1664.5	99.6914	2.37551
Gorai.013G204600.1.A	1727	1621.5	12	0.293527
Gorai.013G204600.1.D	1727	1621.5	1	0.0244606
Gorai.013G204700.1.A	1239	1133.5	638.442	22.34
Gorai.013G204700.1.D	1239	1133.5	956.558	33.4713
Gorai.013G204800.1.A	636	530.505	0	0
Gorai.013G204800.1.D	636	530.505	0	0
Gorai.013G204900.1.A	1401	1295.5	429.795	13.1585
Gorai.013G204900.1.D	1401	1295.5	309.205	9.46657
Gorai.013G205000.1.A	603	497.551	1266.92	100.995
Gorai.013G205000.1.D	603	497.551	1770.08	141.104
Gorai.013G205100.1.A	913	807.505	0	0
Gorai.013G205100.1.D	913	807.505	6	0.294707
Gorai.013G205200.1.A	411	305.583	0	0
Gorai.013G205200.1.D	411	305.583	0	0
Gorai.013G205300.1.A	2649	2543.5	639.25	9.96835
Gorai.013G205300.1.D	2649	2543.5	281.905	4.39598
Gorai.013G205400.1.A	692	586.505	1427.65	96.5462
Gorai.013G205400.1.D	692	586.505	1170.98	79.1888
Gorai.013G205500.1.A	877	771.505	34.3226	1.76452
Gorai.013G205500.1.D	877	771.505	3.67742	0.189056
Gorai.013G205600.1.A	1993	1887.5	490.723	10.3118
Gorai.013G205600.1.D	1993	1887.5	509.193	10.6999
Gorai.013G205700.1.A	1531	1425.5	105.238	2.92813
Gorai.013G205700.1.D	1531	1425.5	156.762	4.3617
Gorai.013G205800.1.A	784	678.505	64.3846	3.76369
Gorai.013G205800.1.D	784	678.505	121.615	7.1092
Gorai.013G205900.1.A	1055	949.505	82.2807	3.43705
Gorai.013G205900.1.D	1055	949.505	252.719	10.5567
Gorai.013G206000.1.A	1174	1068.5	0	0
Gorai.013G206000.1.D	1174	1068.5	2	0.0742401
Gorai.013G206100.1.A	1136	1030.5	449.102	17.2854
Gorai.013G206100.1.D	1136	1030.5	277.898	10.696
Gorai.013G206200.1.A	2978	2872.5	158.024	2.18196
Gorai.013G206200.1.D	2978	2872.5	301.976	4.16963
Gorai.013G206300.1.A	1228	1122.5	1173.85	41.4774
Gorai.013G206300.1.D	1228	1122.5	1445.15	51.0632
Gorai.013G206400.1.A	748	642.505	6.2069	0.383163
Gorai.013G206400.1.D	748	642.505	23.7931	1.46879
Gorai.013G206500.1.A	2327	2221.5	2528.5	45.144
Gorai.013G206500.1.D	2327	2221.5	4269.5	76.2281
Gorai.013G206600.1.A	959	853.505	0	0
Gorai.013G206600.1.D	959	853.505	2	0.0929414
Gorai.013G206700.1.A	1572	1466.5	23.625	0.638959
Gorai.013G206700.1.D	1572	1466.5	3.375	0.0912799
Gorai.013G206800.1.A	1558	1452.5	1166.16	31.8438
Gorai.013G206800.1.D	1558	1452.5	1092.69	29.8376
Gorai.013G206900.1.A	1672	1566.5	4543.12	115.029
Gorai.013G206900.1.D	1672	1566.5	3029.18	76.6971
Gorai.013G207000.1.A	1614	1508.5	114.329	3.00603
Gorai.013G207000.1.D	1614	1508.5	197.671	5.19735
Gorai.013G207100.1.A	1002	896.505	0	0
Gorai.013G207100.1.D	1002	896.505	0	0
Gorai.013G207200.1.A	791	685.505	0	0
Gorai.013G207200.1.D	791	685.505	0	0
Gorai.013G207300.1.A	680	574.505	140.82	9.72199
Gorai.013G207300.1.D	680	574.505	238.844	16.4894
Gorai.013G207400.1.A	1885	1779.5	249.674	5.56492
Gorai.013G207400.1.D	1885	1779.5	271.228	6.04534
Gorai.013G207500.1.A	1430	1324.5	45.4564	1.36121
Gorai.013G207500.1.D	1430	1324.5	0	0
Gorai.013G207600.1.A	1219	1113.5	12.3356	0.439394
Gorai.013G207600.1.D	1219	1113.5	4.12998	0.14711
Gorai.013G207700.1.A	1262	1156.5	0	0
Gorai.013G207700.1.D	1262	1156.5	0	0
Gorai.013G207800.1.A	990	884.505	0	0
Gorai.013G207800.1.D	990	884.505	0	0
Gorai.013G207900.1.A	790	684.505	0	0
Gorai.013G207900.1.D	790	684.505	5	0.28972
Gorai.013G208000.1.A	1183	1077.5	18909.8	696.068
Gorai.013G208000.1.D	1183	1077.5	11982.2	441.066
Gorai.013G208100.1.A	1739	1633.5	300.769	7.30293
Gorai.013G208100.1.D	1739	1633.5	417.231	10.1308
Gorai.013G208200.1.A	2572	2466.5	15.75	0.25327
Gorai.013G208200.1.D	2572	2466.5	56.25	0.904535
Gorai.013G208300.1.A	1813	1707.5	3.04057	0.0706282
Gorai.013G208300.1.D	1813	1707.5	8.9406	0.207678
Gorai.013G208400.1.A	2102	1996.5	470.019	9.33748
Gorai.013G208400.1.D	2102	1996.5	0	0
Gorai.013G208500.1.A	1521	1415.5	0	0
Gorai.013G208500.1.D	1521	1415.5	0	0
Gorai.013G208600.1.A	1155	1049.5	3678.39	139.014
Gorai.013G208600.1.D	1155	1049.5	2737.61	103.46
Gorai.013G208700.1.A	1454	1348.5	46.3415	1.36302
Gorai.013G208700.1.D	1454	1348.5	53.6585	1.57823
Gorai.013G208800.1.A	1152	1046.5	0	0
Gorai.013G208800.1.D	1152	1046.5	0	0
Gorai.013G208900.1.A	1351	1245.5	97.7903	3.11412
Gorai.013G208900.1.D	1351	1245.5	31.2097	0.993868
Gorai.013G209000.1.A	1374	1268.5	971.019	30.3613
Gorai.013G209000.1.D	1374	1268.5	866.981	27.1083
Gorai.013G209100.1.A	1374	1268.5	2	0.062535
Gorai.013G209100.1.D	1374	1268.5	0	0
Gorai.013G209200.1.A	3771	3665.5	971.811	10.5156
Gorai.013G209200.1.D	3771	3665.5	913.189	9.88125
Gorai.013G209300.1.A	3977	3871.5	166.359	1.70432
Gorai.013G209300.1.D	3977	3871.5	119.641	1.22571
Gorai.013G209400.1.A	627	521.505	2412.32	183.469
Gorai.013G209400.1.D	627	521.505	2.68036	0.203854
Gorai.013G209500.1.A	525	419.551	0	0
Gorai.013G209500.1.D	525	419.551	0	0
Gorai.013G209600.1.A	2634	2528.5	0	0
Gorai.013G209600.1.D	2634	2528.5	0	0
Gorai.013G209700.1.A	1845	1739.5	0	0
Gorai.013G209700.1.D	1845	1739.5	0	0
Gorai.013G209800.1.A	1161	1055.5	20.7407	0.77938
Gorai.013G209800.1.D	1161	1055.5	35.2593	1.32495
Gorai.013G209900.1.A	2940	2834.5	92.6379	1.29627
Gorai.013G209900.1.D	2940	2834.5	106.362	1.48831
Gorai.013G210000.1.A	1429	1323.5	200.626	6.01237
Gorai.013G210000.1.D	1429	1323.5	67.3743	2.01908
Gorai.013G210100.1.A	714	608.505	106.684	6.95376
Gorai.013G210100.1.D	714	608.505	205.316	13.3827
Gorai.013G210200.1.A	629	523.505	0	0
Gorai.013G210200.1.D	629	523.505	0	0
Gorai.013G210300.1.A	805	699.505	3.31213	0.187803
Gorai.013G210300.1.D	805	699.505	1	0.0567015
Gorai.013G210400.1.A	456	350.551	0	0
Gorai.013G210400.1.D	456	350.551	0	0
Gorai.013G210500.1.A	423	317.583	0	0
Gorai.013G210500.1.D	423	317.583	0	0
Gorai.013G210600.1.A	986	880.505	8	0.360366
Gorai.013G210600.1.D	986	880.505	102.688	4.62565
Gorai.013G210700.1.A	577	471.551	0	0
Gorai.013G210700.1.D	577	471.551	0	0
Gorai.013G210800.1.A	1458	1352.5	18535.8	543.574
Gorai.013G210800.1.D	1458	1352.5	21148.2	620.181
Gorai.013G210900.1.A	1230	1124.5	25	0.881787
Gorai.013G210900.1.D	1230	1124.5	22	0.775973
Gorai.013G211000.1.A	2055	1949.5	1131.18	23.014
Gorai.013G211000.1.D	2055	1949.5	151.822	3.08883
Gorai.013G211100.1.A	1442	1336.5	4	0.118706
Gorai.013G211100.1.D	1442	1336.5	0	0
Gorai.013G211200.1.A	1885	1779.5	51.6078	1.15027
Gorai.013G211200.1.D	1885	1779.5	116.392	2.59424
Gorai.013G211300.1.A	3607	3501.5	343.876	3.89522
Gorai.013G211300.1.D	3607	3501.5	276.124	3.12776
Gorai.013G211400.1.A	4152	4046.5	1588.56	15.5707
Gorai.013G211400.1.D	4152	4046.5	838.441	8.21822
Gorai.013G211500.1.A	1679	1573.5	746	18.8042
Gorai.013G211500.1.D	1679	1573.5	746	18.8042
Gorai.013G211600.1.A	1763	1657.5	0	0
Gorai.013G211600.1.D	1763	1657.5	1	0.0239293
Gorai.013G211700.1.A	1461	1355.5	1999.92	58.519
Gorai.013G211700.1.D	1461	1355.5	3028.08	88.6035
Gorai.013G211800.1.A	1437	1331.5	0	0
Gorai.013G211800.1.D	1437	1331.5	91.8606	2.73635
Gorai.013G211900.1.A	1239	1133.5	10.3774	0.363119
Gorai.013G211900.1.D	1239	1133.5	44.6226	1.56141
Gorai.013G212000.1.A	1398	1292.5	67.5	2.07136
Gorai.013G212000.1.D	1398	1292.5	7.5	0.230152
Gorai.013G212100.1.A	1070	964.505	9.62069	0.395628
Gorai.013G212100.1.D	1070	964.505	21.3793	0.879173
Gorai.013G212200.1.A	3939	3833.5	340.113	3.51894
Gorai.013G212200.1.D	3939	3833.5	328.865	3.40257
Gorai.013G212300.1.A	2744	2638.5	294.92	4.43334
Gorai.013G212300.1.D	2744	2638.5	405.102	6.08963
Gorai.013G212400.1.A	2312	2206.5	431.039	7.74812
Gorai.013G212400.1.D	2312	2206.5	408.961	7.35127
Gorai.013G212500.1.A	462	356.551	93	10.3454
Gorai.013G212500.1.D	462	356.551	93	10.3454
Gorai.013G212600.1.A	639	533.505	56.2608	4.18266
Gorai.013G212600.1.D	639	533.505	56.2608	4.18266
Gorai.013G212700.1.A	408	302.583	1.56488	0.205126
Gorai.013G212700.1.D	408	302.583	1.56488	0.205126
Gorai.013G212800.1.A	939	833.505	6.75682	0.321528
Gorai.013G212800.1.D	939	833.505	6.75682	0.321528
Gorai.013G212900.1.A	972	866.505	1.86952	0.0855746
Gorai.013G212900.1.D	972	866.505	1.86952	0.0855746
Gorai.013G213000.1.A	3848	3742.5	42156.5	446.773
Gorai.013G213000.1.D	3848	3742.5	41.3133	0.437837
Gorai.013G213100.1.A	1830	1724.5	2017.36	46.3986
Gorai.013G213100.1.D	1830	1724.5	5.28046	0.121449
Gorai.013G213200.1.A	897	791.505	83	4.1592
Gorai.013G213200.1.D	897	791.505	83	4.1592
Gorai.013G213300.1.A	3777	3671.5	693.877	7.49589
Gorai.013G213300.1.D	3777	3671.5	1217.56	13.1532
Gorai.013G213400.1.A	281	175.788	0.5	0.112815
Gorai.013G213400.1.D	281	175.788	0.5	0.112815
Gorai.013G213500.1.A	595	489.551	1	0.081019
Gorai.013G213500.1.D	595	489.551	0	0
Gorai.013G213600.1.A	3635	3529.5	435.472	4.89363
Gorai.013G213600.1.D	3635	3529.5	979.528	11.0075
Gorai.013G213700.1.A	1002	896.505	0	0
Gorai.013G213700.1.D	1002	896.505	2	0.0884835
Gorai.013G213800.1.A	300	194.687	0	0
Gorai.013G213800.1.D	300	194.687	0	0
Gorai.013G213900.1.A	2496	2390.5	90.3529	1.49912
Gorai.013G213900.1.D	2496	2390.5	37.6471	0.624635
Gorai.013G214000.1.A	1974	1868.5	21	0.445769
Gorai.013G214000.1.D	1974	1868.5	9	0.191044
Gorai.013G214100.1.A	2768	2662.5	1727.95	25.741
Gorai.013G214100.1.D	2768	2662.5	2151.05	32.0439
Gorai.013G214200.1.A	928	822.505	362.289	17.4704
Gorai.013G214200.1.D	928	822.505	380.711	18.3587
Gorai.013G214300.1.A	2094	1988.5	17.8302	0.355643
Gorai.013G214300.1.D	2094	1988.5	45.1698	0.900962
Gorai.013G214400.1.A	1113	1007.5	2124.49	83.6359
Gorai.013G214400.1.D	1113	1007.5	1928.36	75.9147
Gorai.013G214500.1.A	498	392.551	0	0
Gorai.013G214500.1.D	498	392.551	0	0
Gorai.013G214600.1.A	1270	1164.5	0	0
Gorai.013G214600.1.D	1270	1164.5	8	0.272479
Gorai.013G214700.1.A	1573	1467.5	563.941	15.2419
Gorai.013G214700.1.D	1573	1467.5	417.059	11.2721
Gorai.013G214800.1.A	2010	1904.5	3278.81	68.2841
Gorai.013G214800.1.D	2010	1904.5	2153.19	44.842
Gorai.013G214900.1.A	276	170.788	104.303	24.2228
Gorai.013G214900.1.D	276	170.788	96.6973	22.4565
Gorai.013G215000.1.A	2371	2265.5	463.087	8.10741
Gorai.013G215000.1.D	2371	2265.5	796.913	13.9518
Gorai.013G215100.1.A	1071	965.505	27.7333	1.13929
Gorai.013G215100.1.D	1071	965.505	36.2667	1.48984
Gorai.013G215200.1.A	2713	2607.5	322.372	4.90363
Gorai.013G215200.1.D	2713	2607.5	372.628	5.66807
Gorai.013G215300.1.A	1850	1744.5	2210.2	50.251
Gorai.013G215300.1.D	1850	1744.5	656.799	14.9329
Gorai.013G215400.1.A	2566	2460.5	18.6923	0.301317
Gorai.013G215400.1.D	2566	2460.5	8.30769	0.133919
Gorai.013G215500.1.A	670	564.505	0	0
Gorai.013G215500.1.D	670	564.505	0	0
Gorai.013G215600.1.A	576	470.551	0	0
Gorai.013G215600.1.D	576	470.551	0	0
Gorai.013G215700.1.A	689	583.505	17.6842	1.20206
Gorai.013G215700.1.D	689	583.505	3.31579	0.225386
Gorai.013G215800.1.A	2711	2605.5	1678.26	25.5478
Gorai.013G215800.1.D	2711	2605.5	1260.74	19.1919
Gorai.013G215900.1.A	1982	1876.5	20	0.422732
Gorai.013G215900.1.D	1982	1876.5	1	0.0211366
Gorai.013G216000.1.A	2088	1982.5	698.893	13.9824
Gorai.013G216000.1.D	2088	1982.5	2781.43	55.6467
Gorai.013G216100.1.A	2139	2033.5	461.306	8.99765
Gorai.013G216100.1.D	2139	2033.5	680.694	13.2767
Gorai.013G216200.1.A	2816	2710.5	2.52459	0.0369424
Gorai.013G216200.1.D	2816	2710.5	74.4754	1.0898
Gorai.013G216300.1.A	2105	1999.5	77.5789	1.53889
Gorai.013G216300.1.D	2105	1999.5	56.4211	1.11919
Gorai.013G216400.1.A	2494	2388.5	0	0
Gorai.013G216400.1.D	2494	2388.5	0	0
Gorai.013G216500.1.A	4039	3933.5	24.5143	0.247186
Gorai.013G216500.1.D	4039	3933.5	248.486	2.50557
Gorai.013G216600.1.A	2491	2385.5	338.2	5.62312
Gorai.013G216600.1.D	2491	2385.5	222.8	3.70442
Gorai.013G216700.1.A	1335	1229.5	317.958	10.2571
Gorai.013G216700.1.D	1335	1229.5	273.042	8.80814
Gorai.013G216800.1.A	858	752.505	0	0
Gorai.013G216800.1.D	858	752.505	0	0
Gorai.013G216900.1.A	1174	1068.5	1451.69	53.8869
Gorai.013G216900.1.D	1174	1068.5	782.307	29.0393
Gorai.013G217000.1.A	1657	1551.5	1028.19	26.2847
Gorai.013G217000.1.D	1657	1551.5	636.783	16.2788
Gorai.013G217100.1.A	658	552.505	0	0
Gorai.013G217100.1.D	658	552.505	0	0
Gorai.013G217200.1.A	1377	1271.5	271.324	8.46359
Gorai.013G217200.1.D	1377	1271.5	328.676	10.2526
Gorai.013G217300.1.A	1230	1124.5	49.0909	1.73151
Gorai.013G217300.1.D	1230	1124.5	130.909	4.61736
Gorai.013G217400.1.A	4893	4787.5	282.09	2.33703
Gorai.013G217400.1.D	4893	4787.5	274.91	2.27754
Gorai.013G217500.1.A	2269	2163.5	0	0
Gorai.013G217500.1.D	2269	2163.5	0	0
Gorai.013G217600.1.A	2434	2328.5	10.6531	0.181461
Gorai.013G217600.1.D	2434	2328.5	47.3469	0.806491
Gorai.013G217700.1.A	1410	1304.5	86	2.6148
Gorai.013G217700.1.D	1410	1304.5	0	0
Gorai.013G217800.1.A	682	576.505	416.343	28.644
Gorai.013G217800.1.D	682	576.505	649.657	44.6957
Gorai.013G217900.1.A	3018	2912.5	1	0.0136182
Gorai.013G217900.1.D	3018	2912.5	2	0.0272363
Gorai.013G218000.1.A	1648	1542.5	7.875	0.202493
Gorai.013G218000.1.D	1648	1542.5	10.125	0.260348
Gorai.013G218100.1.A	2716	2610.5	42.8	0.650286
Gorai.013G218100.1.D	2716	2610.5	64.2	0.975429
Gorai.013G218200.1.A	2361	2255.5	0	0
Gorai.013G218200.1.D	2361	2255.5	14	0.246189
Gorai.013G218300.1.A	1142	1036.5	40	1.53064
Gorai.013G218300.1.D	1142	1036.5	40	1.53064
Gorai.013G218400.1.A	1314	1208.5	2.40946	0.0790781
Gorai.013G218400.1.D	1314	1208.5	2.40946	0.0790781
Gorai.013G218500.1.A	1677	1571.5	0	0
Gorai.013G218500.1.D	1677	1571.5	0	0
Gorai.013G218600.1.A	7586	7480.5	167.185	0.886446
Gorai.013G218600.1.D	7586	7480.5	162.815	0.863271
Gorai.013G218700.1.A	3186	3080.5	418.042	5.38248
Gorai.013G218700.1.D	3186	3080.5	343.958	4.42862
Gorai.013G218800.1.A	1577	1471.5	0	0
Gorai.013G218800.1.D	1577	1471.5	9	0.242586
Gorai.013G218900.1.A	1090	984.505	64.9174	2.61534
Gorai.013G218900.1.D	1090	984.505	57.0826	2.2997
Gorai.013G219000.1.A	3100	2994.5	431.346	5.71329
Gorai.013G219000.1.D	3100	2994.5	202.654	2.6842
Gorai.013G219100.1.A	693	587.505	0	0
Gorai.013G219100.1.D	693	587.505	2.55375	0.172406
Gorai.013G219200.1.A	3503	3397.5	4.00773	0.0467868
Gorai.013G219200.1.D	3503	3397.5	7.01352	0.0818768
Gorai.013G219300.1.A	701	595.505	0	0
Gorai.013G219300.1.D	701	595.505	13	0.865851
Gorai.013G219400.1.A	821	715.505	23.7667	1.31747
Gorai.013G219400.1.D	821	715.505	69.2333	3.83785
Gorai.013G219500.1.A	3213	3107.5	255.718	3.26388
Gorai.013G219500.1.D	3213	3107.5	213.712	2.72774
Gorai.013G219600.1.A	1679	1573.5	56.02	1.41208
Gorai.013G219600.1.D	1679	1573.5	90.5495	2.28246
Gorai.013G219700.1.A	852	746.505	0	0
Gorai.013G219700.1.D	852	746.505	0	0
Gorai.013G219800.1.A	1122	1016.5	62.0931	2.42281
Gorai.013G219800.1.D	1122	1016.5	604.907	23.6028
Gorai.013G219900.1.A	4674	4568.5	469.498	4.0761
Gorai.013G219900.1.D	4674	4568.5	589.822	5.12073
Gorai.013G220000.1.A	1921	1815.5	125.301	2.73743
Gorai.013G220000.1.D	1921	1815.5	747.699	16.3348
Gorai.013G220100.1.A	3206	3100.5	551.947	7.06073
Gorai.013G220100.1.D	3206	3100.5	834.053	10.6696
Gorai.013G220200.1.A	2041	1935.5	927.523	19.0071
Gorai.013G220200.1.D	2041	1935.5	11.4767	0.235183
Gorai.013G220300.1.A	653	547.505	0	0
Gorai.013G220300.1.D	653	547.505	0	0
Gorai.013G220400.1.A	1318	1212.5	150.478	4.92239
Gorai.013G220400.1.D	1318	1212.5	105.347	3.44606
Gorai.013G220500.1.A	1827	1721.5	51.1598	1.17871
Gorai.013G220500.1.D	1827	1721.5	37.0149	0.852813
Gorai.013G220600.1.A	1648	1542.5	130.179	3.34734
Gorai.013G220600.1.D	1648	1542.5	136.821	3.51812
Gorai.013G220700.1.A	2871	2765.5	61	0.874864
Gorai.013G220700.1.D	2871	2765.5	0	0
Gorai.013G220800.1.A	1581	1475.5	242.71	6.52426
Gorai.013G220800.1.D	1581	1475.5	384.29	10.3301
Gorai.013G220900.1.A	884	778.505	9.48642	0.483311
Gorai.013G220900.1.D	884	778.505	0	0
Gorai.013G221000.1.A	1886	1780.5	85.5263	1.9052
Gorai.013G221000.1.D	1886	1780.5	109.474	2.43866
Gorai.013G221100.1.A	1026	920.505	14.1818	0.61107
Gorai.013G221100.1.D	1026	920.505	9.81818	0.423048
Gorai.013G221200.1.A	1121	1015.5	0	0
Gorai.013G221200.1.D	1121	1015.5	0	0
Gorai.013G221300.1.A	2539	2433.5	173.461	2.82718
Gorai.013G221300.1.D	2539	2433.5	984.539	16.0467
Gorai.013G221400.1.A	4389	4283.5	7.28571	0.0674618
Gorai.013G221400.1.D	4389	4283.5	9.71429	0.089949
Gorai.013G221500.1.A	1972	1866.5	2165.75	46.0219
Gorai.013G221500.1.D	1972	1866.5	14920.2	317.053
Gorai.013G221600.1.A	2018	1912.5	16.8889	0.350254
Gorai.013G221600.1.D	2018	1912.5	21.1111	0.437818
Gorai.013G221700.1.A	1933	1827.5	3.75	0.0813875
Gorai.013G221700.1.D	1933	1827.5	1.25	0.0271292
Gorai.013G221800.1.A	1494	1388.5	0	0
Gorai.013G221800.1.D	1494	1388.5	2	0.0571304
Gorai.013G221900.1.A	2715	2609.5	132.585	2.01522
Gorai.013G221900.1.D	2715	2609.5	160.202	2.43497
Gorai.013G222000.1.A	2066	1960.5	106.585	2.15632
Gorai.013G222000.1.D	2066	1960.5	171.415	3.46789
Gorai.013G222100.1.A	2487	2381.5	191.048	3.18182
Gorai.013G222100.1.D	2487	2381.5	141.952	2.36415
Gorai.013G222200.1.A	216	111.866	38.0377	13.4866
Gorai.013G222200.1.D	216	111.866	24.9623	8.85057
Gorai.013G222300.1.A	3046	2940.5	199.102	2.68558
Gorai.013G222300.1.D	3046	2940.5	71.898	0.969794
Gorai.013G222400.1.A	2579	2473.5	837.101	13.423
Gorai.013G222400.1.D	2579	2473.5	1670.19	26.7817
Gorai.013G222500.1.A	1008	902.505	459.219	20.1816
Gorai.013G222500.1.D	1008	902.505	504.781	22.1839
Gorai.013G222600.1.A	2672	2566.5	822.408	12.7096
Gorai.013G222600.1.D	2672	2566.5	448.477	6.93079
Gorai.013G222700.1.A	645	539.505	0	0
Gorai.013G222700.1.D	645	539.505	0	0
Gorai.013G222800.1.A	2382	2276.5	0	0
Gorai.013G222800.1.D	2382	2276.5	0	0
Gorai.013G222900.1.A	2673	2567.5	2.24861	0.0347367
Gorai.013G222900.1.D	2673	2567.5	60.6607	0.937089
Gorai.013G223000.1.A	2235	2129.5	0	0
Gorai.013G223000.1.D	2235	2129.5	0	0
Gorai.013G223100.1.A	1608	1502.5	241.173	6.36646
Gorai.013G223100.1.D	1608	1502.5	664.827	17.55
Gorai.013G223200.1.A	1167	1061.5	1331.93	49.7673
Gorai.013G223200.1.D	1167	1061.5	1249.59	46.6906
Gorai.013G223300.1.A	1463	1357.5	0	0
Gorai.013G223300.1.D	1463	1357.5	0	0
Gorai.013G223400.1.A	336	230.63	0	0
Gorai.013G223400.1.D	336	230.63	0	0
Gorai.013G223500.1.A	1473	1367.5	0	0
Gorai.013G223500.1.D	1473	1367.5	1	0.0290039
Gorai.013G223600.1.A	2219	2113.5	45.5111	0.854081
Gorai.013G223600.1.D	2219	2113.5	18.4889	0.34697
Gorai.013G223700.1.A	886	780.505	17	0.86389
Gorai.013G223700.1.D	886	780.505	22	1.11798
Gorai.013G223800.1.A	2100	1994.5	13.4905	0.268273
Gorai.013G223800.1.D	2100	1994.5	34.3394	0.682876
Gorai.013G223900.1.A	2964	2858.5	515.31	7.15015
Gorai.013G223900.1.D	2964	2858.5	124.69	1.73012
Gorai.013G224000.1.A	1789	1683.5	32.8125	0.773054
Gorai.013G224000.1.D	1789	1683.5	30.1875	0.71121
Gorai.013G224100.1.A	1462	1356.5	612.216	17.9006
Gorai.013G224100.1.D	1462	1356.5	1388.78	40.6068
Gorai.013G224200.1.A	1915	1809.5	23	0.504142
Gorai.013G224200.1.D	1915	1809.5	8	0.175354
Gorai.013G224300.1.A	1481	1375.5	347.32	10.0151
Gorai.013G224300.1.D	1481	1375.5	244.68	7.05538
Gorai.013G224400.1.A	1242	1136.5	0	0
Gorai.013G224400.1.D	1242	1136.5	3	0.104697
Gorai.013G224500.1.A	1124	1018.5	0	0
Gorai.013G224500.1.D	1124	1018.5	8	0.311539
Gorai.013G224600.1.A	471	365.551	0	0
Gorai.013G224600.1.D	471	365.551	0	0
Gorai.013G224700.1.A	663	557.505	0	0
Gorai.013G224700.1.D	663	557.505	0	0
Gorai.013G224800.1.A	1095	989.505	0	0
Gorai.013G224800.1.D	1095	989.505	0	0
Gorai.013G224900.1.A	801	695.505	0	0
Gorai.013G224900.1.D	801	695.505	0	0
Gorai.013G225000.1.A	543	437.551	0	0
Gorai.013G225000.1.D	543	437.551	0	0
Gorai.013G225100.1.A	810	704.505	0	0
Gorai.013G225100.1.D	810	704.505	0	0
Gorai.013G225200.1.A	2504	2398.5	205.114	3.39187
Gorai.013G225200.1.D	2504	2398.5	226.886	3.75191
Gorai.013G225300.1.A	1074	968.505	0	0
Gorai.013G225300.1.D	1074	968.505	3	0.122858
Gorai.013G225400.1.A	1242	1136.5	346.212	12.0825
Gorai.013G225400.1.D	1242	1136.5	313.788	10.9509
Gorai.013G225500.1.A	1383	1277.5	91.4375	2.83888
Gorai.013G225500.1.D	1383	1277.5	60.5625	1.8803
Gorai.013G225600.1.A	827	721.505	107.665	5.91863
Gorai.013G225600.1.D	827	721.505	152.335	8.37423
Gorai.013G225700.1.A	2865	2759.5	85.6517	1.23109
Gorai.013G225700.1.D	2865	2759.5	35.3483	0.508069
Gorai.013G225800.1.A	580	474.551	16.6667	1.393
Gorai.013G225800.1.D	580	474.551	8.33333	0.696499
Gorai.013G225900.1.A	1315	1209.5	0	0
Gorai.013G225900.1.D	1315	1209.5	2	0.0655854
Gorai.013G226000.1.A	1196	1090.5	9	0.327341
Gorai.013G226000.1.D	1196	1090.5	3	0.109114
Gorai.013G226100.1.A	1617	1511.5	21.7875	0.571719
Gorai.013G226100.1.D	1617	1511.5	61.2125	1.60626
Gorai.013G226200.1.A	1620	1514.5	50.0652	1.31114
Gorai.013G226200.1.D	1620	1514.5	43.9348	1.1506
Gorai.013G226300.1.A	1614	1508.5	848.799	22.3174
Gorai.013G226300.1.D	1614	1508.5	3680.2	96.7631
Gorai.013G226400.1.A	1459	1353.5	79.7479	2.33692
Gorai.013G226400.1.D	1459	1353.5	50.2521	1.47258
Gorai.013G226500.1.A	4136	4030.5	341.582	3.36141
Gorai.013G226500.1.D	4136	4030.5	481.418	4.73748
Gorai.013G226600.1.A	1659	1553.5	261.899	6.68662
Gorai.013G226600.1.D	1659	1553.5	280.101	7.15133
Gorai.013G226700.1.A	5524	5418.5	1315.86	9.632
Gorai.013G226700.1.D	5524	5418.5	1189.47	8.70684
Gorai.013G226800.1.A	377	271.583	0	0
Gorai.013G226800.1.D	377	271.583	0	0
Gorai.013G226900.1.A	804	698.505	620.735	35.247
Gorai.013G226900.1.D	804	698.505	429.265	24.3748
Gorai.013G227000.1.A	1842	1736.5	279	6.37255
Gorai.013G227000.1.D	1842	1736.5	0	0
Gorai.013G227100.1.A	2476	2370.5	600.616	10.0494
Gorai.013G227100.1.D	2476	2370.5	813.384	13.6094
Gorai.013G227200.1.A	1706	1600.5	10.8	0.26764
Gorai.013G227200.1.D	1706	1600.5	7.2	0.178427
Gorai.013G227300.1.A	1983	1877.5	114.408	2.41691
Gorai.013G227300.1.D	1983	1877.5	98.3108	2.07685
Gorai.013G227400.1.A	1866	1760.5	0	0
Gorai.013G227400.1.D	1866	1760.5	0	0
Gorai.013G227500.1.A	942	836.505	0	0
Gorai.013G227500.1.D	942	836.505	0	0
Gorai.013G227600.1.A	1032	926.505	0	0
Gorai.013G227600.1.D	1032	926.505	5	0.214046
Gorai.013G227700.1.A	237	132.247	158	47.3865
Gorai.013G227700.1.D	237	132.247	92	27.5921
Gorai.013G227800.1.A	503	397.551	0	0
Gorai.013G227800.1.D	503	397.551	1	0.0997681
Gorai.013G227900.1.A	591	485.551	0	0
Gorai.013G227900.1.D	591	485.551	0	0
Gorai.013G228000.1.A	1397	1291.5	180.641	5.54761
Gorai.013G228000.1.D	1397	1291.5	1050.36	32.2572
Gorai.013G228100.1.A	2665	2559.5	636.942	9.87026
Gorai.013G228100.1.D	2665	2559.5	665.058	10.306
Gorai.013G228200.1.A	1413	1307.5	1210.04	36.7064
Gorai.013G228200.1.D	1413	1307.5	1354.96	41.1024
Gorai.013G228300.1.A	717	611.505	0	0
Gorai.013G228300.1.D	717	611.505	0	0
Gorai.013G228400.1.A	1683	1577.5	105.766	2.65927
Gorai.013G228400.1.D	1683	1577.5	55.2336	1.38873
Gorai.013G228500.1.A	1493	1387.5	15.9836	0.456904
Gorai.013G228500.1.D	1493	1387.5	49.0164	1.40117
Gorai.013G228600.1.A	601	495.551	0	0
Gorai.013G228600.1.D	601	495.551	1	0.080038
Gorai.013G228700.1.A	891	785.505	476.703	24.0704
Gorai.013G228700.1.D	891	785.505	619.297	31.2705
Gorai.013G228800.1.A	722	616.505	466.744	30.0281
Gorai.013G228800.1.D	722	616.505	871.256	56.0524
Gorai.013G228900.1.A	1276	1170.5	399.852	13.5491
Gorai.013G228900.1.D	1276	1170.5	307.148	10.4078
Gorai.013G229000.1.A	999	893.505	1611.34	71.5279
Gorai.013G229000.1.D	999	893.505	3111.66	138.127
Gorai.013G229100.1.A	2445	2339.5	740.726	12.5579
Gorai.013G229100.1.D	2445	2339.5	566.274	9.60037
Gorai.013G229200.1.A	1472	1366.5	0	0
Gorai.013G229200.1.D	1472	1366.5	0	0
Gorai.013G229300.1.A	2260	2154.5	1547.28	28.4844
Gorai.013G229300.1.D	2260	2154.5	1507.72	27.7561
Gorai.013G229400.1.A	2133	2027.5	5.45455	0.106704
Gorai.013G229400.1.D	2133	2027.5	6.54545	0.128045
Gorai.013G229500.1.A	945	839.505	3592.62	169.736
Gorai.013G229500.1.D	945	839.505	1688.38	79.7687
Gorai.013G229600.1.A	1411	1305.5	4.2	0.127601
Gorai.013G229600.1.D	1411	1305.5	9.8	0.297737
Gorai.013G229700.1.A	3002	2896.5	1826.64	25.0129
Gorai.013G229700.1.D	3002	2896.5	1611.06	22.0609
Gorai.013G229800.1.A	1503	1397.5	429.041	12.1767
Gorai.013G229800.1.D	1503	1397.5	470.959	13.3664
Gorai.013G229900.1.A	2398	2292.5	13.7143	0.237273
Gorai.013G229900.1.D	2398	2292.5	10.2857	0.177955
Gorai.013G230000.1.A	1551	1445.5	684.123	18.7715
Gorai.013G230000.1.D	1551	1445.5	682.877	18.7373
Gorai.013G230100.1.A	700	594.505	0	0
Gorai.013G230100.1.D	700	594.505	0	0
Gorai.013G230200.1.A	509	403.551	1	0.0982847
Gorai.013G230200.1.D	509	403.551	0	0
Gorai.013G230300.1.A	1659	1553.5	49	1.25103
Gorai.013G230300.1.D	1659	1553.5	27	0.689344
Gorai.013G230400.1.A	2149	2043.5	2384.93	46.2897
Gorai.013G230400.1.D	2149	2043.5	1919.07	37.2478
Gorai.013G230500.1.A	3605	3499.5	1.16667	0.0132229
Gorai.013G230500.1.D	3605	3499.5	5.83333	0.0661143
Gorai.013G230600.1.A	1113	1007.5	0	0
Gorai.013G230600.1.D	1113	1007.5	2	0.078735
Gorai.013G230700.1.A	2269	2163.5	582.357	10.6762
Gorai.013G230700.1.D	2269	2163.5	686.643	12.588
Gorai.013G230800.1.A	1812	1706.5	82.1622	1.90963
Gorai.013G230800.1.D	1812	1706.5	69.8378	1.62319
Gorai.013G230900.1.A	2183	2077.5	78.9231	1.50677
Gorai.013G230900.1.D	2183	2077.5	83.0769	1.58607
Gorai.013G231000.1.A	1920	1814.5	455.698	9.96102
Gorai.013G231000.1.D	1920	1814.5	397.302	8.68455
Gorai.013G231100.1.A	773	667.505	3	0.178259
Gorai.013G231100.1.D	773	667.505	0	0
Gorai.013G231200.1.A	2136	2030.5	85.3333	1.66686
Gorai.013G231200.1.D	2136	2030.5	106.667	2.08358
Gorai.013G231300.1.A	2277	2171.5	275.584	5.03359
Gorai.013G231300.1.D	2277	2171.5	60.4164	1.10352
Gorai.013G231400.1.A	1724	1618.5	19.3395	0.473933
Gorai.013G231400.1.D	1724	1618.5	211.66	5.18693
Gorai.013G231500.1.A	2616	2510.5	6.5641	0.103705
Gorai.013G231500.1.D	2616	2510.5	7.38674	0.116702
Gorai.013G231600.1.A	877	771.505	0	0
Gorai.013G231600.1.D	877	771.505	0	0
Gorai.013G231700.1.A	733	627.505	2	0.126415
Gorai.013G231700.1.D	733	627.505	4	0.25283
Gorai.013G231800.1.A	2178	2072.5	11.8182	0.226173
Gorai.013G231800.1.D	2178	2072.5	1.18182	0.0226173
Gorai.013G231900.1.A	513	407.551	13.4159	1.30563
Gorai.013G231900.1.D	513	407.551	1.25701	0.122332
Gorai.013G232000.1.A	2250	2144.5	14.8687	0.274999
Gorai.013G232000.1.D	2250	2144.5	8.29124	0.153348
Gorai.013G232100.1.A	2979	2873.5	10.4076	0.143656
Gorai.013G232100.1.D	2979	2873.5	0	0
Gorai.013G232200.1.A	2854	2748.5	17.0267	0.245708
Gorai.013G232200.1.D	2854	2748.5	1.73056	0.0249733
Gorai.013G232300.1.A	2828	2722.5	0	0
Gorai.013G232300.1.D	2828	2722.5	20.0514	0.29212
Gorai.013G232400.1.A	1038	932.505	20	0.850675
Gorai.013G232400.1.D	1038	932.505	0	0
Gorai.013G232500.1.A	816	710.505	104.672	5.8432
Gorai.013G232500.1.D	816	710.505	130.328	7.27535
Gorai.013G232600.1.A	1602	1496.5	1380.26	36.5819
Gorai.013G232600.1.D	1602	1496.5	1539.74	40.8089
Gorai.013G232700.1.A	1471	1365.5	376.921	10.9482
Gorai.013G232700.1.D	1471	1365.5	383.079	11.1271
Gorai.013G232800.1.A	3016	2910.5	6	0.0817651
Gorai.013G232800.1.D	3016	2910.5	6	0.0817651
Gorai.013G232900.1.A	679	573.505	67.6204	4.67655
Gorai.013G232900.1.D	679	573.505	41.3796	2.86177
Gorai.013G233000.1.A	1287	1181.5	599.31	20.1188
Gorai.013G233000.1.D	1287	1181.5	269.69	9.05344
Gorai.013G233100.1.A	1119	1013.5	6	0.234807
Gorai.013G233100.1.D	1119	1013.5	2	0.0782689
Gorai.013G233200.1.A	701	595.505	0	0
Gorai.013G233200.1.D	701	595.505	0	0
Gorai.013G233300.1.A	1824	1718.5	0	0
Gorai.013G233300.1.D	1824	1718.5	0	0
Gorai.013G233400.1.A	824	718.505	0	0
Gorai.013G233400.1.D	824	718.505	0	0
Gorai.013G233500.1.A	1131	1025.5	4	0.154706
Gorai.013G233500.1.D	1131	1025.5	1	0.0386765
Gorai.013G233600.1.A	1619	1513.5	194.256	5.09067
Gorai.013G233600.1.D	1619	1513.5	187.744	4.92003
Gorai.013G233700.1.A	2385	2279.5	215.133	3.74327
Gorai.013G233700.1.D	2385	2279.5	208.867	3.63425
Gorai.013G233800.1.A	836	730.505	111.058	6.02991
Gorai.013G233800.1.D	836	730.505	238.942	12.9734
Gorai.013G233900.1.A	1915	1809.5	1554.86	34.0813
Gorai.013G233900.1.D	1915	1809.5	1739.14	38.1206
Gorai.013G234000.1.A	946	840.505	27.7105	1.30764
Gorai.013G234000.1.D	946	840.505	50.2895	2.37313
Gorai.013G234100.1.A	1570	1464.5	140.126	3.795
Gorai.013G234100.1.D	1570	1464.5	111.874	3.02988
Gorai.013G234200.1.A	1402	1296.5	3143.74	96.1738
Gorai.013G234200.1.D	1402	1296.5	2265.26	69.2994
Gorai.013G234300.1.A	2014	1908.5	28.5882	0.594127
Gorai.013G234300.1.D	2014	1908.5	7.41176	0.154033
Gorai.013G234400.1.A	2193	2087.5	24.305	0.461798
Gorai.013G234400.1.D	2193	2087.5	124.695	2.36923
Gorai.013G234500.1.A	1230	1124.5	0	0
Gorai.013G234500.1.D	1230	1124.5	0	0
Gorai.013G234600.1.A	2370	2264.5	34	0.595512
Gorai.013G234600.1.D	2370	2264.5	0	0
Gorai.013G234700.1.A	872	766.505	0	0
Gorai.013G234700.1.D	872	766.505	0	0
Gorai.013G234800.1.A	1870	1764.5	309.471	6.95637
Gorai.013G234800.1.D	1870	1764.5	299.529	6.73287
Gorai.013G234900.1.A	833	727.505	18.5625	1.01201
Gorai.013G234900.1.D	833	727.505	14.4375	0.78712
Gorai.013G235000.1.A	1739	1633.5	4.66667	0.113311
Gorai.013G235000.1.D	1739	1633.5	2.33333	0.0566554
Gorai.013G235100.1.A	1136	1030.5	0	0
Gorai.013G235100.1.D	1136	1030.5	19	0.731288
Gorai.013G235200.1.A	3673	3567.5	3	0.0333535
Gorai.013G235200.1.D	3673	3567.5	7	0.0778249
Gorai.013G235300.1.A	3248	3142.5	85.3532	1.07728
Gorai.013G235300.1.D	3248	3142.5	194.647	2.45672
Gorai.013G235400.1.A	865	759.505	0	0
Gorai.013G235400.1.D	865	759.505	0	0
Gorai.013G235500.1.A	1397	1291.5	0	0
Gorai.013G235500.1.D	1397	1291.5	0	0
Gorai.013G235600.1.A	2682	2576.5	0	0
Gorai.013G235600.1.D	2682	2576.5	1	0.0153941
Gorai.013G235700.1.A	1384	1278.5	0	0
Gorai.013G235700.1.D	1384	1278.5	18	0.558412
Gorai.013G235800.1.A	1535	1429.5	18.6081	0.516299
Gorai.013G235800.1.D	1535	1429.5	224.392	6.22596
Gorai.013G235900.1.A	3900	3794.5	739.645	7.73131
Gorai.013G235900.1.D	3900	3794.5	1867.35	19.519
Gorai.013G236000.1.A	2021	1915.5	367.047	7.60016
Gorai.013G236000.1.D	2021	1915.5	4893.95	101.335
Gorai.013G236100.1.A	2774	2668.5	237.514	3.53026
Gorai.013G236100.1.D	2774	2668.5	188.486	2.80153
Gorai.013G236200.1.A	1490	1384.5	3	0.0859432
Gorai.013G236200.1.D	1490	1384.5	0	0
Gorai.013G236300.1.A	1209	1103.5	47.6418	1.71237
Gorai.013G236300.1.D	1209	1103.5	28.3582	1.01927
Gorai.013G236400.1.A	3011	2905.5	7125.74	97.2732
Gorai.013G236400.1.D	3011	2905.5	2513.1	34.3063
Gorai.013G236500.1.A	2501	2395.5	88.8197	1.47061
Gorai.013G236500.1.D	2501	2395.5	37.1803	0.615604
Gorai.013G236600.1.A	3197	3091.5	185.324	2.37765
Gorai.013G236600.1.D	3197	3091.5	114.676	1.47125
Gorai.013G236700.1.A	1142	1036.5	101.647	3.88963
Gorai.013G236700.1.D	1142	1036.5	132.353	5.06462
Gorai.013G236800.1.A	3417	3311.5	4.5	0.0538979
Gorai.013G236800.1.D	3417	3311.5	4.5	0.0538979
Gorai.013G236900.1.A	1071	965.505	12.9428	0.531689
Gorai.013G236900.1.D	1071	965.505	12.9428	0.531689
Gorai.013G237000.1.A	2103	1997.5	0	0
Gorai.013G237000.1.D	2103	1997.5	0	0
Gorai.013G237100.1.A	2772	2666.5	1	0.0148745
Gorai.013G237100.1.D	2772	2666.5	0	0
Gorai.013G237200.1.A	1273	1167.5	23.913	0.812384
Gorai.013G237200.1.D	1273	1167.5	51.087	1.73555
Gorai.013G237300.1.A	3044	2938.5	389.447	5.25663
Gorai.013G237300.1.D	3044	2938.5	391.553	5.28504
Gorai.013G237400.1.A	1062	956.505	755.829	31.3416
Gorai.013G237400.1.D	1062	956.505	1052.17	43.6299
Gorai.013G237500.1.A	1158	1052.5	210	7.91371
Gorai.013G237500.1.D	1158	1052.5	259	9.76024
Gorai.013G237600.1.A	672	566.505	1.2	0.0840161
Gorai.013G237600.1.D	672	566.505	4.8	0.336065
Gorai.013G237700.1.A	740	634.505	107.231	6.703
Gorai.013G237700.1.D	740	634.505	220.769	13.8003
Gorai.013G237800.1.A	711	605.505	0	0
Gorai.013G237800.1.D	711	605.505	4	0.262016
Gorai.013G237900.1.A	2697	2591.5	11979.7	183.35
Gorai.013G237900.1.D	2697	2591.5	12014.3	183.878
Gorai.013G238000.1.A	3057	2951.5	765.38	10.2853
Gorai.013G238000.1.D	3057	2951.5	870.62	11.6996
Gorai.013G238100.1.A	5898	5792.5	503.081	3.44474
Gorai.013G238100.1.D	5898	5792.5	442.919	3.03279
Gorai.013G238200.1.A	1690	1584.5	740.542	18.5371
Gorai.013G238200.1.D	1690	1584.5	1048.46	26.2447
Gorai.013G238300.1.A	1729	1623.5	116.319	2.84173
Gorai.013G238300.1.D	1729	1623.5	302.681	7.39462
Gorai.013G238400.1.A	2329	2223.5	379.652	6.77225
Gorai.013G238400.1.D	2329	2223.5	306.348	5.46464
Gorai.013G238500.1.A	979	873.505	0	0
Gorai.013G238500.1.D	979	873.505	0	0
Gorai.013G238600.1.A	1591	1485.5	148.248	3.95821
Gorai.013G238600.1.D	1591	1485.5	77.7523	2.07598
Gorai.013G238700.1.A	1154	1048.5	15.625	0.591064
Gorai.013G238700.1.D	1154	1048.5	9.375	0.354638
Gorai.013G238800.1.A	1409	1303.5	0	0
Gorai.013G238800.1.D	1409	1303.5	0	0
Gorai.013G238900.1.A	1208	1102.5	1	0.0359753
Gorai.013G238900.1.D	1208	1102.5	0	0
Gorai.013G239000.1.A	450	344.583	0	0
Gorai.013G239000.1.D	450	344.583	0	0
Gorai.013G239100.1.A	1347	1241.5	0	0
Gorai.013G239100.1.D	1347	1241.5	0	0
Gorai.013G239200.1.A	1371	1265.5	0	0
Gorai.013G239200.1.D	1371	1265.5	0	0
Gorai.013G239300.1.A	1398	1292.5	0	0
Gorai.013G239300.1.D	1398	1292.5	0	0
Gorai.013G239400.1.A	1263	1157.5	0	0
Gorai.013G239400.1.D	1263	1157.5	0	0
Gorai.013G239500.1.A	1251	1145.5	0	0
Gorai.013G239500.1.D	1251	1145.5	0	0
Gorai.013G239600.1.A	1242	1136.5	0	0
Gorai.013G239600.1.D	1242	1136.5	0	0
Gorai.013G239700.1.A	1352	1246.5	0	0
Gorai.013G239700.1.D	1352	1246.5	0	0
Gorai.013G239800.1.A	1297	1191.5	0	0
Gorai.013G239800.1.D	1297	1191.5	6	0.199729
Gorai.013G239900.1.A	1479	1373.5	22.575	0.651902
Gorai.013G239900.1.D	1479	1373.5	20.425	0.589816
Gorai.013G240000.1.A	1342	1236.5	0	0
Gorai.013G240000.1.D	1342	1236.5	3	0.09623
Gorai.013G240100.1.A	909	803.505	25.2	1.24393
Gorai.013G240100.1.D	909	803.505	2.8	0.138215
Gorai.013G240200.1.A	1302	1196.5	0	0
Gorai.013G240200.1.D	1302	1196.5	0	0
Gorai.013G240300.1.A	969	863.505	1.40195	0.064395
Gorai.013G240300.1.D	969	863.505	0	0
Gorai.013G240400.1.A	381	275.583	0	0
Gorai.013G240400.1.D	381	275.583	0	0
Gorai.013G240500.1.A	1181	1075.5	2.59805	0.0958121
Gorai.013G240500.1.D	1181	1075.5	0	0
Gorai.013G240600.1.A	488	382.551	0	0
Gorai.013G240600.1.D	488	382.551	0	0
Gorai.013G240700.1.A	3612	3506.5	298.565	3.37714
Gorai.013G240700.1.D	3612	3506.5	464.435	5.25334
Gorai.013G240800.1.A	510	404.551	1	0.0980418
Gorai.013G240800.1.D	510	404.551	4	0.392167
Gorai.013G240900.1.A	1901	1795.5	16.4138	0.362583
Gorai.013G240900.1.D	1901	1795.5	17.5862	0.388482
Gorai.013G241000.1.A	249	144.019	54	14.8717
Gorai.013G241000.1.D	249	144.019	63	17.3503
Gorai.013G241100.1.A	456	350.551	211.655	23.9476
Gorai.013G241100.1.D	456	350.551	146.345	16.5581
Gorai.013G241200.1.A	1886	1780.5	542.342	12.0813
Gorai.013G241200.1.D	1886	1780.5	252.658	5.62826
Gorai.013G241300.1.A	3110	3004.5	1029.66	13.5927
Gorai.013G241300.1.D	3110	3004.5	1621.34	21.4036
Gorai.013G241400.1.A	1305	1199.5	0	0
Gorai.013G241400.1.D	1305	1199.5	0	0
Gorai.013G241500.1.A	3426	3320.5	79.2	0.946032
Gorai.013G241500.1.D	3426	3320.5	118.8	1.41905
Gorai.013G241600.1.A	892	786.505	1510.52	76.1745
Gorai.013G241600.1.D	892	786.505	2054.48	103.606
Gorai.013G241700.1.A	1920	1814.5	747.739	16.3447
Gorai.013G241700.1.D	1920	1814.5	551.261	12.0499
Gorai.013G241800.1.A	1754	1648.5	3	0.0721799
Gorai.013G241800.1.D	1754	1648.5	2	0.0481199
Gorai.013G241900.1.A	2364	2258.5	0	0
Gorai.013G241900.1.D	2364	2258.5	4	0.0702464
Gorai.013G242000.1.A	2015	1909.5	300.748	6.24694
Gorai.013G242000.1.D	2015	1909.5	218.252	4.53337
Gorai.013G242100.1.A	998	892.505	4.28571	0.190457
Gorai.013G242100.1.D	998	892.505	10.7143	0.476143
Gorai.013G242200.1.A	2388	2282.5	17863.7	310.417
Gorai.013G242200.1.D	2388	2282.5	6050.29	105.135
Gorai.013G242300.1.A	981	875.505	0	0
Gorai.013G242300.1.D	981	875.505	0	0
Gorai.013G242400.1.A	1938	1832.5	499.72	10.816
Gorai.013G242400.1.D	1938	1832.5	631.28	13.6635
Gorai.013G242500.1.A	1376	1270.5	0	0
Gorai.013G242500.1.D	1376	1270.5	8	0.249746
Gorai.013G242600.1.A	3339	3233.5	276.615	3.39303
Gorai.013G242600.1.D	3339	3233.5	219.385	2.69102
Gorai.013G242700.1.A	3204	3098.5	11.25	0.144008
Gorai.013G242700.1.D	3204	3098.5	13.75	0.176009
Gorai.013G242800.1.A	1351	1245.5	6.12766	0.195135
Gorai.013G242800.1.D	1351	1245.5	89.8723	2.86197
Gorai.013G242900.1.A	601	495.551	0	0
Gorai.013G242900.1.D	601	495.551	0	0
Gorai.013G243000.1.A	1702	1596.5	270.243	6.71382
Gorai.013G243000.1.D	1702	1596.5	382.757	9.50906
Gorai.013G243100.1.A	3832	3726.5	138.03	1.46912
Gorai.013G243100.1.D	3832	3726.5	67.9695	0.723432
Gorai.013G243200.1.A	1219	1113.5	1387.82	49.4339
Gorai.013G243200.1.D	1219	1113.5	1127.18	40.1502
Gorai.013G243300.1.A	1306	1200.5	388.416	12.8327
Gorai.013G243300.1.D	1306	1200.5	554.584	18.3226
Gorai.013G243400.1.A	1507	1401.5	755.787	21.389
Gorai.013G243400.1.D	1507	1401.5	504.213	14.2694
Gorai.013G243500.1.A	2977	2871.5	323.355	4.46637
Gorai.013G243500.1.D	2977	2871.5	392.645	5.42345
Gorai.013G243600.1.A	2480	2374.5	77.8105	1.29972
Gorai.013G243600.1.D	2480	2374.5	114.189	1.90738
Gorai.013G243700.1.A	531	425.551	2	0.186407
Gorai.013G243700.1.D	531	425.551	15	1.39805
Gorai.013G243800.1.A	1836	1730.5	192.015	4.40097
Gorai.013G243800.1.D	1836	1730.5	229.985	5.27122
Gorai.013G243900.1.A	525	419.551	0	0
Gorai.013G243900.1.D	525	419.551	0	0
Gorai.013G244000.1.A	1008	902.505	20.093	0.883041
Gorai.013G244000.1.D	1008	902.505	33.907	1.49013
Gorai.013G244100.1.A	1399	1293.5	2	0.0613263
Gorai.013G244100.1.D	1399	1293.5	0	0
Gorai.013G244200.1.A	1265	1159.5	5.69071	0.194661
Gorai.013G244200.1.D	1265	1159.5	34.1442	1.16797
Gorai.013G244300.1.A	1390	1284.5	6.23077	0.192394
Gorai.013G244300.1.D	1390	1284.5	20.7692	0.641312
Gorai.013G244400.1.A	4046	3940.5	1689.41	17.0047
Gorai.013G244400.1.D	4046	3940.5	1331.59	13.403
Gorai.013G244500.1.A	774	668.505	1	0.0593308
Gorai.013G244500.1.D	774	668.505	0	0
Gorai.013G244600.1.A	1902	1796.5	6920.21	152.783
Gorai.013G244600.1.D	1902	1796.5	2811.79	62.0781
Gorai.013G244700.1.A	1560	1454.5	0	0
Gorai.013G244700.1.D	1560	1454.5	0	0
Gorai.013G244800.1.A	1898	1792.5	0	0
Gorai.013G244800.1.D	1898	1792.5	0	0
Gorai.013G244900.1.A	1889	1783.5	0	0
Gorai.013G244900.1.D	1889	1783.5	0	0
Gorai.013G245000.1.A	1996	1890.5	0	0
Gorai.013G245000.1.D	1996	1890.5	0	0
Gorai.013G245100.1.A	1119	1013.5	0	0
Gorai.013G245100.1.D	1119	1013.5	0	0
Gorai.013G245200.1.A	1173	1067.5	732.208	27.2051
Gorai.013G245200.1.D	1173	1067.5	305.792	11.3616
Gorai.013G245300.1.A	1589	1483.5	0	0
Gorai.013G245300.1.D	1589	1483.5	0	0
Gorai.013G245400.1.A	1555	1449.5	37	1.01243
Gorai.013G245400.1.D	1555	1449.5	0	0
Gorai.013G245500.1.A	2342	2236.5	947.951	16.8113
Gorai.013G245500.1.D	2342	2236.5	80.0492	1.41962
Gorai.013G245600.1.A	1581	1475.5	0	0
Gorai.013G245600.1.D	1581	1475.5	139.659	3.75416
Gorai.013G245700.1.A	832	726.505	0	0
Gorai.013G245700.1.D	832	726.505	0	0
Gorai.013G245800.1.A	1933	1827.5	382.841	8.30892
Gorai.013G245800.1.D	1933	1827.5	770.159	16.715
Gorai.013G245900.1.A	1225	1119.5	17.8182	0.631281
Gorai.013G245900.1.D	1225	1119.5	10.1818	0.360732
Gorai.013G246000.1.A	1541	1435.5	22.9091	0.632977
Gorai.013G246000.1.D	1541	1435.5	1.09091	0.0301418
Gorai.013G246100.1.A	1556	1450.5	0	0
Gorai.013G246100.1.D	1556	1450.5	7	0.19141
Gorai.013G246200.1.A	1020	914.505	0	0
Gorai.013G246200.1.D	1020	914.505	0	0
Gorai.013G246300.1.A	2919	2813.5	43.013	0.606369
Gorai.013G246300.1.D	2919	2813.5	48.987	0.690587
Gorai.013G246400.1.A	3090	2984.5	487.772	6.48231
Gorai.013G246400.1.D	3090	2984.5	414.228	5.50493
Gorai.013G246500.1.A	647	541.505	3	0.219737
Gorai.013G246500.1.D	647	541.505	0	0
Gorai.013G246600.1.A	1791	1685.5	26.5714	0.625273
Gorai.013G246600.1.D	1791	1685.5	128.429	3.02215
Gorai.013G246700.1.A	1037	931.505	49.8286	2.12167
Gorai.013G246700.1.D	1037	931.505	59.1714	2.51949
Gorai.013G246800.1.A	2923	2817.5	1	0.0140773
Gorai.013G246800.1.D	2923	2817.5	2	0.0281547
Gorai.013G246900.1.A	2728	2622.5	13.4815	0.203895
Gorai.013G246900.1.D	2728	2622.5	14.5185	0.219579
Gorai.013G247000.1.A	1076	970.505	0	0
Gorai.013G247000.1.D	1076	970.505	0	0
Gorai.013G247100.1.A	345	239.63	0	0
Gorai.013G247100.1.D	345	239.63	0	0
Gorai.013G247200.1.A	1961	1855.5	9.33333	0.199508
Gorai.013G247200.1.D	1961	1855.5	30.6667	0.655525
Gorai.013G247300.1.A	2496	2390.5	98.5116	1.63449
Gorai.013G247300.1.D	2496	2390.5	254.488	4.22244
Gorai.013G247400.1.A	1089	983.505	0.5	0.0201641
Gorai.013G247400.1.D	1089	983.505	0.5	0.0201641
Gorai.013G247500.1.A	1498	1392.5	170.348	4.85204
Gorai.013G247500.1.D	1498	1392.5	94.78	2.69963
Gorai.013G247600.1.A	2417	2311.5	1073.32	18.4171
Gorai.013G247600.1.D	2417	2311.5	1461.68	25.0808
Gorai.013G247700.1.A	1942	1836.5	286.564	6.18892
Gorai.013G247700.1.D	1942	1836.5	440.081	9.50441
Gorai.013G247800.1.A	2420	2314.5	269.529	4.61884
Gorai.013G247800.1.D	2420	2314.5	234.826	4.02414
Gorai.013G247900.1.A	1676	1570.5	38.6667	0.976523
Gorai.013G247900.1.D	1676	1570.5	13.3333	0.336732
Gorai.013G248000.1.A	1249	1143.5	106.351	3.68885
Gorai.013G248000.1.D	1249	1143.5	124.649	4.32349
Gorai.013G248100.1.A	855	749.505	232.852	12.3223
Gorai.013G248100.1.D	855	749.505	101.148	5.35265
Gorai.013G248200.1.A	387	281.583	0	0
Gorai.013G248200.1.D	387	281.583	0	0
Gorai.013G248300.1.A	968	862.505	38.88	1.78793
Gorai.013G248300.1.D	968	862.505	33.12	1.52305
Gorai.013G248400.1.A	1653	1547.5	8.88889	0.227824
Gorai.013G248400.1.D	1653	1547.5	21.1111	0.541083
Gorai.013G248500.1.A	657	551.505	0	0
Gorai.013G248500.1.D	657	551.505	0	0
Gorai.013G248600.1.A	1094	988.505	2	0.0802484
Gorai.013G248600.1.D	1094	988.505	0	0
Gorai.013G248700.1.A	879	773.505	0	0
Gorai.013G248700.1.D	879	773.505	0	0
Gorai.013G248800.1.A	1830	1724.5	9.20755	0.21177
Gorai.013G248800.1.D	1830	1724.5	51.7925	1.19121
Gorai.013G248900.1.A	1430	1324.5	50.4188	1.50982
Gorai.013G248900.1.D	1430	1324.5	89.5459	2.68149
Gorai.013G249000.1.A	2171	2065.5	0	0
Gorai.013G249000.1.D	2171	2065.5	0	0
Gorai.013G249100.1.A	1071	965.505	0	0
Gorai.013G249100.1.D	1071	965.505	0	0
Gorai.013G249200.1.A	1649	1543.5	39	1.00217
Gorai.013G249200.1.D	1649	1543.5	12	0.30836
Gorai.013G249300.1.A	1081	975.505	29.4118	1.19585
Gorai.013G249300.1.D	1081	975.505	10.5882	0.430506
Gorai.013G249400.1.A	2256	2150.5	64.651	1.19239
Gorai.013G249400.1.D	2256	2150.5	104.349	1.92457
Gorai.013G249500.1.A	708	602.505	31.6852	2.08584
Gorai.013G249500.1.D	708	602.505	27.3148	1.79814
Gorai.013G249600.1.A	487	381.551	1	0.103952
Gorai.013G249600.1.D	487	381.551	1	0.103952
Gorai.013G249700.1.A	1000	894.505	7.46667	0.331077
Gorai.013G249700.1.D	1000	894.505	8.53333	0.378374
Gorai.013G249800.1.A	1881	1775.5	250.374	5.59309
Gorai.013G249800.1.D	1881	1775.5	172.626	3.85629
Gorai.013G249900.1.A	509	403.551	0	0
Gorai.013G249900.1.D	509	403.551	0	0
Gorai.013G250000.1.A	2390	2284.5	76.8216	1.33376
Gorai.013G250000.1.D	2390	2284.5	132.178	2.29484
Gorai.013G250100.1.A	2877	2771.5	239.39	3.4259
Gorai.013G250100.1.D	2877	2771.5	293.61	4.20185
Gorai.013G250200.1.A	1629	1523.5	323.845	8.43099
Gorai.013G250200.1.D	1629	1523.5	538.155	14.0103
Gorai.013G250300.1.A	1578	1472.5	120.87	3.25572
Gorai.013G250300.1.D	1578	1472.5	152.13	4.09772
Gorai.013G250400.1.A	2383	2277.5	326.986	5.69448
Gorai.013G250400.1.D	2383	2277.5	451.014	7.85446
Gorai.013G250500.1.A	1092	986.505	43.4831	1.74826
Gorai.013G250500.1.D	1092	986.505	46.5169	1.87023
Gorai.013G250600.1.A	1752	1646.5	10	0.240892
Gorai.013G250600.1.D	1752	1646.5	4	0.0963567
Gorai.013G250700.1.A	1668	1562.5	8	0.203074
Gorai.013G250700.1.D	1668	1562.5	0	0
Gorai.013G250800.1.A	1203	1097.5	0	0
Gorai.013G250800.1.D	1203	1097.5	0	0
Gorai.013G250900.1.A	1113	1007.5	0	0
Gorai.013G250900.1.D	1113	1007.5	0	0
Gorai.013G251000.1.A	1374	1268.5	17.9444	0.561078
Gorai.013G251000.1.D	1374	1268.5	1.05556	0.0330046
Gorai.013G251100.1.A	1538	1432.5	2029.61	56.1956
Gorai.013G251100.1.D	1538	1432.5	1505.39	41.6809
Gorai.013G251200.1.A	1605	1499.5	186.51	4.93333
Gorai.013G251200.1.D	1605	1499.5	260.49	6.89013
Gorai.013G251300.1.A	2661	2555.5	1343.4	20.8504
Gorai.013G251300.1.D	2661	2555.5	771.596	11.9756
Gorai.013G251400.1.A	1899	1793.5	0	0
Gorai.013G251400.1.D	1899	1793.5	3	0.0663443
Gorai.013G251500.1.A	897	791.505	0	0
Gorai.013G251500.1.D	897	791.505	0	0
Gorai.013G251600.1.A	1790	1684.5	216.643	5.10102
Gorai.013G251600.1.D	1790	1684.5	159.357	3.75219
Gorai.013G251700.1.A	2461	2355.5	3.04767	0.051318
Gorai.013G251700.1.D	2461	2355.5	2.77031	0.0466476
Gorai.013G251800.1.A	4664	4558.5	430.868	3.74892
Gorai.013G251800.1.D	4664	4558.5	726.132	6.31798
Gorai.013G251900.1.A	1967	1861.5	61	1.29972
Gorai.013G251900.1.D	1967	1861.5	26	0.55398
Gorai.013G252000.1.A	3146	3040.5	233.18	3.0418
Gorai.013G252000.1.D	3146	3040.5	338.82	4.41986
Gorai.013G252100.1.A	465	359.551	0	0
Gorai.013G252100.1.D	465	359.551	0	0
Gorai.013G252200.1.A	1903	1797.5	0	0
Gorai.013G252200.1.D	1903	1797.5	0	0
Gorai.013G252300.1.A	6219	6113.5	471.68	3.06015
Gorai.013G252300.1.D	6219	6113.5	496.32	3.22
Gorai.013G252400.1.A	1816	1710.5	6	0.139127
Gorai.013G252400.1.D	1816	1710.5	5	0.115939
Gorai.013G252500.1.A	243	138.135	70.5556	20.2587
Gorai.013G252500.1.D	243	138.135	56.4444	16.207
Gorai.013G252600.1.A	2029	1923.5	74	1.52589
Gorai.013G252600.1.D	2029	1923.5	28	0.577364
Gorai.013G252700.1.A	855	749.505	0	0
Gorai.013G252700.1.D	855	749.505	0	0
Gorai.013G252800.1.A	814	708.505	388.593	21.7539
Gorai.013G252800.1.D	814	708.505	472.407	26.4459
Gorai.013G252900.1.A	4895	4789.5	4	0.0331249
Gorai.013G252900.1.D	4895	4789.5	0	0
Gorai.013G253000.1.A	994	888.505	388.498	17.3426
Gorai.013G253000.1.D	994	888.505	1406.04	62.7659
Gorai.013G253100.1.A	2209	2103.5	1.04386	0.0196826
Gorai.013G253100.1.D	2209	2103.5	236.956	4.46796
Gorai.013G253200.1.A	921	815.505	1220.95	59.3823
Gorai.013G253200.1.D	921	815.505	3092.05	150.385
Gorai.013G253300.1.A	1923	1817.5	183.65	4.00774
Gorai.013G253300.1.D	1923	1817.5	59.3502	1.29518
Gorai.013G253400.1.A	1407	1301.5	52	1.58468
Gorai.013G253400.1.D	1407	1301.5	50	1.52373
Gorai.013G253500.1.A	3299	3193.5	489.369	6.07791
Gorai.013G253500.1.D	3299	3193.5	432.631	5.37322
Gorai.013G253600.1.A	4067	3961.5	1423.48	14.252
Gorai.013G253600.1.D	4067	3961.5	2494.41	24.9743
Gorai.013G253700.1.A	1150	1044.5	7.7	0.292392
Gorai.013G253700.1.D	1150	1044.5	3.3	0.125311
Gorai.013G253800.1.A	1304	1198.5	1	0.0330937
Gorai.013G253800.1.D	1304	1198.5	0	0
Gorai.013G253900.1.A	1383	1277.5	319.752	9.92739
Gorai.013G253900.1.D	1383	1277.5	175.248	5.44097
Gorai.013G254000.1.A	1483	1377.5	70.053	2.01706
Gorai.013G254000.1.D	1483	1377.5	234.947	6.76491
Gorai.013G254100.1.A	1812	1706.5	181.388	4.21585
Gorai.013G254100.1.D	1812	1706.5	121.612	2.82654
Gorai.013G254200.1.A	2450	2344.5	390.413	6.60477
Gorai.013G254200.1.D	2450	2344.5	327.587	5.54193
Gorai.013G254300.1.A	1721	1615.5	227.288	5.58025
Gorai.013G254300.1.D	1721	1615.5	219.712	5.39424
Gorai.013G254400.1.A	1445	1339.5	74.2769	2.19935
Gorai.013G254400.1.D	1445	1339.5	129.723	3.84112
Gorai.013G254500.1.A	1319	1213.5	0	0
Gorai.013G254500.1.D	1319	1213.5	25	0.817116
Gorai.013G254600.1.A	1151	1045.5	9.01716	0.342081
Gorai.013G254600.1.D	1151	1045.5	398.677	15.1245
Gorai.013G254700.1.A	1232	1126.5	4.04018	0.14225
Gorai.013G254700.1.D	1232	1126.5	2	0.0704177
Gorai.013G254800.1.A	906	800.505	40.8766	2.02533
Gorai.013G254800.1.D	906	800.505	49.3894	2.44712
Gorai.013G254900.1.A	2072	1966.5	440.567	8.88592
Gorai.013G254900.1.D	2072	1966.5	407.433	8.21762
Gorai.013G255000.1.A	1187	1081.5	1673.61	61.3778
Gorai.013G255000.1.D	1187	1081.5	2623.25	96.2048
Gorai.013G255100.1.A	1868	1762.5	28.8	0.648108
Gorai.013G255100.1.D	1868	1762.5	3.2	0.072012
Gorai.013G255200.1.A	1401	1295.5	3277.27	100.336
Gorai.013G255200.1.D	1401	1295.5	1684.73	51.5793
Gorai.013G255300.1.A	640	534.505	1076.23	79.8613
Gorai.013G255300.1.D	640	534.505	991.775	73.5947
Gorai.013G255400.1.A	1083	977.505	201.197	8.16371
Gorai.013G255400.1.D	1083	977.505	352.803	14.3152
Gorai.013G255500.1.A	628	522.505	425.584	32.3058
Gorai.013G255500.1.D	628	522.505	318.416	24.1707
Gorai.013G255600.1.A	3231	3125.5	287.807	3.6523
Gorai.013G255600.1.D	3231	3125.5	310.031	3.93432
Gorai.013G255700.1.A	3403	3297.5	250.067	3.00785
Gorai.013G255700.1.D	3403	3297.5	113.813	1.36896
Gorai.013G255800.1.A	2422	2316.5	68.9931	1.18129
Gorai.013G255800.1.D	2422	2316.5	92.2889	1.58016
Gorai.013G255900.1.A	1035	929.505	1560.63	66.5936
Gorai.013G255900.1.D	1035	929.505	1543.37	65.8573
Gorai.013G256000.1.A	1257	1151.5	67.7765	2.33453
Gorai.013G256000.1.D	1257	1151.5	1280.22	44.0966
Gorai.013G256100.1.A	1375	1269.5	1445.68	45.1671
Gorai.013G256100.1.D	1375	1269.5	1002.32	31.3154
Gorai.013G256200.1.A	1084	978.505	2	0.0810685
Gorai.013G256200.1.D	1084	978.505	0	0
Gorai.013G256300.1.A	1624	1518.5	29.1837	0.76227
Gorai.013G256300.1.D	1624	1518.5	80.8163	2.1109
Gorai.013G256400.1.A	1064	958.505	4093.76	169.4
Gorai.013G256400.1.D	1064	958.505	4202.57	173.902
Gorai.013G256500.1.A	2668	2562.5	149.531	2.31447
Gorai.013G256500.1.D	2668	2562.5	180.469	2.79333
Gorai.013G256600.1.A	903	797.505	0	0
Gorai.013G256600.1.D	903	797.505	0	0
Gorai.013G256700.1.A	1444	1338.5	5.22727	0.154896
Gorai.013G256700.1.D	1444	1338.5	63.7727	1.88973
Gorai.013G256800.1.A	1633	1527.5	519	13.4763
Gorai.013G256800.1.D	1633	1527.5	515	13.3724
Gorai.013G256900.1.A	3757	3651.5	199.008	2.16164
Gorai.013G256900.1.D	3757	3651.5	80.9917	0.879739
Gorai.013G257000.1.A	2811	2705.5	3.48387	0.0510739
Gorai.013G257000.1.D	2811	2705.5	140.516	2.05998
Gorai.013G257100.1.A	2025	1919.5	21.8623	0.451744
Gorai.013G257100.1.D	2025	1919.5	51.2437	1.05885
Gorai.013G257200.1.A	399	293.583	0	0
Gorai.013G257200.1.D	399	293.583	0	0
Gorai.013G257300.1.A	497	391.551	128.25	12.9913
Gorai.013G257300.1.D	497	391.551	156.75	15.8783
Gorai.013G257400.1.A	1380	1274.5	19	0.591285
Gorai.013G257400.1.D	1380	1274.5	0	0
Gorai.013G257500.1.A	661	555.505	19	1.3566
Gorai.013G257500.1.D	661	555.505	19	1.3566
Gorai.013G257600.1.A	772	666.505	0	0
Gorai.013G257600.1.D	772	666.505	0	0
Gorai.013G257700.1.A	1402	1296.5	96.7341	2.95931
Gorai.013G257700.1.D	1402	1296.5	56.8595	1.73946
Gorai.013G257800.1.A	3290	3184.5	23.5762	0.293641
Gorai.013G257800.1.D	3290	3184.5	89.6067	1.11605
Gorai.013G257900.1.A	1292	1186.5	121.857	4.07347
Gorai.013G257900.1.D	1292	1186.5	154.143	5.15277
Gorai.013G258000.1.A	1209	1103.5	0	0
Gorai.013G258000.1.D	1209	1103.5	11	0.39537
Gorai.013G258100.1.A	784	678.505	2	0.116913
Gorai.013G258100.1.D	784	678.505	0	0
Gorai.013G258200.1.A	1027	921.505	560.373	24.1193
Gorai.013G258200.1.D	1027	921.505	940.627	40.486
Gorai.013G258300.1.A	1353	1247.5	18.5	0.588186
Gorai.013G258300.1.D	1353	1247.5	18.5	0.588186
Gorai.013G258400.1.A	1036	930.505	339.99	14.4921
Gorai.013G258400.1.D	1036	930.505	92.0104	3.92196
Gorai.013G258500.1.A	1038	932.505	198	8.42169
Gorai.013G258500.1.D	1038	932.505	5	0.212669
Gorai.013G258600.1.A	3615	3509.5	111.239	1.25717
Gorai.013G258600.1.D	3615	3509.5	145.761	1.64733
Gorai.013G258700.1.A	1727	1621.5	0	0
Gorai.013G258700.1.D	1727	1621.5	0	0
Gorai.013G258800.1.A	1743	1637.5	12	0.290659
Gorai.013G258800.1.D	1743	1637.5	12	0.290659
Gorai.013G258900.1.A	2446	2340.5	9	0.152517
Gorai.013G258900.1.D	2446	2340.5	7	0.118624
Gorai.013G259000.1.A	873	767.505	43.2857	2.23691
Gorai.013G259000.1.D	873	767.505	57.7143	2.98255
Gorai.013G259100.1.A	1781	1675.5	97.8438	2.31618
Gorai.013G259100.1.D	1781	1675.5	104.156	2.46561
Gorai.013G259200.1.A	2305	2199.5	167.994	3.02938
Gorai.013G259200.1.D	2305	2199.5	170.006	3.06566
Gorai.013G259300.1.A	4722	4616.5	47.4725	0.407863
Gorai.013G259300.1.D	4722	4616.5	48.5275	0.416926
Gorai.013G259400.1.A	429	323.583	0	0
Gorai.013G259400.1.D	429	323.583	0	0
Gorai.013G259500.1.A	2005	1899.5	173.963	3.63247
Gorai.013G259500.1.D	2005	1899.5	76.0369	1.5877
Gorai.013G259600.1.A	410	304.583	0	0
Gorai.013G259600.1.D	410	304.583	0	0
Gorai.013G259700.1.A	392	286.583	0	0
Gorai.013G259700.1.D	392	286.583	0	0
Gorai.013G259800.1.A	316	210.63	0	0
Gorai.013G259800.1.D	316	210.63	0	0
Gorai.013G259900.1.A	1331	1225.5	193.901	6.27552
Gorai.013G259900.1.D	1331	1225.5	316.099	10.2304
Gorai.013G260000.1.A	571	465.551	65.8159	5.60723
Gorai.013G260000.1.D	571	465.551	2730.18	232.6
Gorai.013G260100.1.A	2071	1965.5	40.7143	0.821595
Gorai.013G260100.1.D	2071	1965.5	64.2857	1.29725
Gorai.013G260200.1.A	1066	960.505	787.849	32.5333
Gorai.013G260200.1.D	1066	960.505	588.151	24.287
Gorai.013G260300.1.A	2166	2060.5	37.5467	0.722741
Gorai.013G260300.1.D	2166	2060.5	50.4533	0.971183
Gorai.013G260400.1.A	1271	1165.5	28.2286	0.960638
Gorai.013G260400.1.D	1271	1165.5	9.77143	0.332529
Gorai.013G260500.1.A	2971	2865.5	16	0.221464
Gorai.013G260500.1.D	2971	2865.5	10	0.138415
Gorai.013G260600.1.A	973	867.505	668.09	30.5455
Gorai.013G260600.1.D	973	867.505	654.91	29.943
Gorai.013G260700.1.A	2481	2375.5	692.444	11.5615
Gorai.013G260700.1.D	2481	2375.5	162.556	2.71413
Gorai.013G260800.1.A	1154	1048.5	83.9154	3.17436
Gorai.013G260800.1.D	1154	1048.5	191.085	7.22837
Gorai.013G260900.1.A	3133	3027.5	1112.03	14.5685
Gorai.013G260900.1.D	3133	3027.5	903.972	11.8428
Gorai.013G261000.1.A	1709	1603.5	296.471	7.33325
Gorai.013G261000.1.D	1709	1603.5	183.529	4.53963
Gorai.013G261100.1.A	1258	1152.5	48	1.6519
Gorai.013G261100.1.D	1258	1152.5	15	0.516218
Gorai.013G261200.1.A	1890	1784.5	913.283	20.2989
Gorai.013G261200.1.D	1890	1784.5	962.717	21.3976
Gorai.013G261300.1.A	1712	1606.5	320.012	7.90076
Gorai.013G261300.1.D	1712	1606.5	496.988	12.2701
Gorai.013G261400.1.A	1935	1829.5	2.0907	0.0453255
Gorai.013G261400.1.D	1935	1829.5	0	0
Gorai.013G261500.1.A	2436	2330.5	0	0
Gorai.013G261500.1.D	2436	2330.5	0	0
Gorai.013G261600.1.A	1348	1242.5	1208.89	38.5898
Gorai.013G261600.1.D	1348	1242.5	1027.11	32.7873
Gorai.013G261700.1.A	567	461.551	6	0.515604
Gorai.013G261700.1.D	567	461.551	0	0
Gorai.013G261800.1.A	867	761.505	2	0.10417
Gorai.013G261800.1.D	867	761.505	0	0
Gorai.013G261900.1.A	1306	1200.5	672.866	22.2305
Gorai.013G261900.1.D	1306	1200.5	935.134	30.8955
Gorai.013G262000.1.A	798	692.505	1	0.0572746
Gorai.013G262000.1.D	798	692.505	0	0
Gorai.013G262100.1.A	1165	1059.5	14	0.524095
Gorai.013G262100.1.D	1165	1059.5	0	0
Gorai.013G262200.1.A	249	144.019	0	0
Gorai.013G262200.1.D	249	144.019	0	0
Gorai.013G262300.1.A	315	209.649	0	0
Gorai.013G262300.1.D	315	209.649	0	0
Gorai.013G262400.1.A	1054	948.505	0	0
Gorai.013G262400.1.D	1054	948.505	0	0
Gorai.013G262500.1.A	1022	916.505	2.53346	0.109639
Gorai.013G262500.1.D	1022	916.505	62.3526	2.69839
Gorai.013G262600.1.A	1208	1102.5	1.48846	0.0535479
Gorai.013G262600.1.D	1208	1102.5	69.6254	2.5048
Gorai.013G262700.1.A	3203	3097.5	477.214	6.11064
Gorai.013G262700.1.D	3203	3097.5	389.786	4.99113
Gorai.013G262800.1.A	2191	2085.5	0	0
Gorai.013G262800.1.D	2191	2085.5	0	0
Gorai.013G262900.1.A	2865	2759.5	554.903	7.97574
Gorai.013G262900.1.D	2865	2759.5	714.097	10.2639
Gorai.013G263000.1.A	1584	1478.5	0	0
Gorai.013G263000.1.D	1584	1478.5	0	0
Gorai.013G263100.1.A	1294	1188.5	217.789	7.26808
Gorai.013G263100.1.D	1294	1188.5	222.211	7.41566
Gorai.013G263200.1.A	2091	1985.5	0	0
Gorai.013G263200.1.D	2091	1985.5	1	0.0199763
Gorai.013G263300.1.A	333	227.63	0	0
Gorai.013G263300.1.D	333	227.63	0	0
Gorai.013G263400.1.A	2095	1989.5	43.0137	0.857525
Gorai.013G263400.1.D	2095	1989.5	113.986	2.27244
Gorai.013G263500.1.A	1844	1738.5	44.4167	1.01334
Gorai.013G263500.1.D	1844	1738.5	33.5833	0.766184
Gorai.013G263600.1.A	1878	1772.5	14.3448	0.320991
Gorai.013G263600.1.D	1878	1772.5	17.6552	0.395066
Gorai.013G263700.1.A	1160	1054.5	151.692	5.70556
Gorai.013G263700.1.D	1160	1054.5	117.308	4.4123
Gorai.013G263800.1.A	2014	1908.5	5.37879	0.111783
Gorai.013G263800.1.D	2014	1908.5	65.6212	1.36375
Gorai.013G263900.1.A	775	669.505	318	18.839
Gorai.013G263900.1.D	775	669.505	286	16.9433
Gorai.013G264000.1.A	3313	3207.5	73.1353	0.904367
Gorai.013G264000.1.D	3313	3207.5	63.8647	0.789729
Gorai.013G264100.1.A	1583	1477.5	958.728	25.7366
Gorai.013G264100.1.D	1583	1477.5	648.272	17.4026
Gorai.013G264200.1.A	741	635.505	0	0
Gorai.013G264200.1.D	741	635.505	0	0
Gorai.013G264300.1.A	915	809.505	395.006	19.3539
Gorai.013G264300.1.D	915	809.505	324.134	15.8815
Gorai.013G264400.1.A	785	679.505	35	2.04296
Gorai.013G264400.1.D	785	679.505	38	2.21807
Gorai.013G264500.1.A	1845	1739.5	120.026	2.73674
Gorai.013G264500.1.D	1845	1739.5	32.9741	0.751853
Gorai.013G264600.1.A	2595	2489.5	438.737	6.98999
Gorai.013G264600.1.D	2595	2489.5	1430.26	22.787
Gorai.013G264700.1.A	651	545.505	310.192	22.5536
Gorai.013G264700.1.D	651	545.505	281.808	20.4899
Gorai.013G264800.1.A	1062	956.505	850.47	35.2661
Gorai.013G264800.1.D	1062	956.505	1007.53	41.7788
Gorai.013G264900.1.A	924	818.505	119	5.76648
Gorai.013G264900.1.D	924	818.505	24	1.16299
Gorai.013G265000.1.A	899	793.505	763.351	38.1557
Gorai.013G265000.1.D	899	793.505	1648.65	82.4069
Gorai.013G265100.1.A	1255	1149.5	240.857	8.31063
Gorai.013G265100.1.D	1255	1149.5	321.143	11.0808
Gorai.013G265200.1.A	817	711.505	6	0.334471
Gorai.013G265200.1.D	817	711.505	0	0
Gorai.013G265300.1.A	857	751.505	14.6154	0.771371
Gorai.013G265300.1.D	857	751.505	4.38462	0.231411
Gorai.013G265400.1.A	1124	1018.5	1938.84	75.5027
Gorai.013G265400.1.D	1124	1018.5	1557.16	60.6396
Gorai.013G265500.1.A	857	751.505	1	0.052778
Gorai.013G265500.1.D	857	751.505	0	0
Gorai.013G265600.1.A	1881	1775.5	18	0.402101
Gorai.013G265600.1.D	1881	1775.5	16	0.357423
Gorai.013G265700.1.A	2893	2787.5	41.6842	0.593118
Gorai.013G265700.1.D	2893	2787.5	156.316	2.22419
Gorai.013G265800.1.A	912	806.505	75.5246	3.71421
Gorai.013G265800.1.D	912	806.505	195.475	9.61325
Gorai.013G265900.1.A	1909	1803.5	46.1947	1.01592
Gorai.013G265900.1.D	1909	1803.5	69.8053	1.53517
Gorai.013G266000.1.A	4092	3986.5	343.488	3.41746
Gorai.013G266000.1.D	4092	3986.5	331.866	3.30184
Gorai.013G266100.1.A	1146	1040.5	6	0.228714
Gorai.013G266100.1.D	1146	1040.5	1	0.0381189
Gorai.013G266200.1.A	2882	2776.5	191.755	2.73926
Gorai.013G266200.1.D	2882	2776.5	222.512	3.17863
Gorai.013G266300.1.A	2732	2626.5	1770.01	26.729
Gorai.013G266300.1.D	2732	2626.5	1861.99	28.1179
Gorai.013G266400.1.A	1186	1080.5	204.439	7.50449
Gorai.013G266400.1.D	1186	1080.5	245.561	9.01402
Gorai.013G266500.1.A	1319	1213.5	73.2	2.39251
Gorai.013G266500.1.D	1319	1213.5	100.8	3.29461
Gorai.013G266600.1.A	1195	1089.5	46.5672	1.69526
Gorai.013G266600.1.D	1195	1089.5	33.4328	1.21711
Gorai.013G266700.1.A	1421	1315.5	2449.22	73.8449
Gorai.013G266700.1.D	1421	1315.5	250.086	7.54018
Gorai.013G266800.1.A	1125	1019.5	83.7778	3.2593
Gorai.013G266800.1.D	1125	1019.5	177.222	6.89468
Gorai.013G266900.1.A	3141	3035.5	30.24	0.395126
Gorai.013G266900.1.D	3141	3035.5	23.76	0.310456
Gorai.013G267000.1.A	2970	2864.5	333.049	4.61151
Gorai.013G267000.1.D	2970	2864.5	285.951	3.95938
Gorai.013G267100.1.A	2456	2350.5	30.7229	0.518425
Gorai.013G267100.1.D	2456	2350.5	54.2771	0.915884
Gorai.013G267200.1.A	989	883.505	0	0
Gorai.013G267200.1.D	989	883.505	0	0
Gorai.013G267300.1.A	1211	1105.5	2.66667	0.0956738
Gorai.013G267300.1.D	1211	1105.5	1.33333	0.0478369
Gorai.013G267400.1.A	825	719.505	0	0
Gorai.013G267400.1.D	825	719.505	0	0
Gorai.013G267500.1.A	751	645.505	0	0
Gorai.013G267500.1.D	751	645.505	0	0
Gorai.013G267600.1.A	3613	3507.5	0	0
Gorai.013G267600.1.D	3613	3507.5	0	0
Gorai.013G267700.1.A	2086	1980.5	1132.71	22.6845
Gorai.013G267700.1.D	2086	1980.5	745.287	14.9256
Gorai.013G267800.1.A	1344	1238.5	0	0
Gorai.013G267800.1.D	1344	1238.5	14	0.448348
Gorai.013G267900.1.A	267	161.849	0	0
Gorai.013G267900.1.D	267	161.849	0	0
Gorai.013G268000.1.A	636	530.505	0	0
Gorai.013G268000.1.D	636	530.505	0	0
Gorai.013G268100.1.A	966	860.505	99.7982	4.59996
Gorai.013G268100.1.D	966	860.505	11.2018	0.516322
Gorai.013G268200.1.A	591	485.551	0	0
Gorai.013G268200.1.D	591	485.551	1	0.0816864
Gorai.013G268300.1.A	2595	2489.5	242.146	3.85789
Gorai.013G268300.1.D	2595	2489.5	49.8537	0.794272
Gorai.013G268400.1.A	2258	2152.5	1186.54	21.8637
Gorai.013G268400.1.D	2258	2152.5	2480.46	45.7059
Gorai.013G268500.1.A	2945	2839.5	421.161	5.88288
Gorai.013G268500.1.D	2945	2839.5	151.839	2.12093
Gorai.013G268600.1.A	1019	913.505	89.8526	3.90126
Gorai.013G268600.1.D	1019	913.505	104.147	4.52192
Gorai.013G268700.1.A	2457	2351.5	30.7273	0.518278
Gorai.013G268700.1.D	2457	2351.5	138.273	2.33225
Gorai.013G268800.1.A	439	333.583	0	0
Gorai.013G268800.1.D	439	333.583	0	0
Gorai.013G268900.1.A	1209	1103.5	2.13333	0.0766778
Gorai.013G268900.1.D	1209	1103.5	13.8667	0.498405
Gorai.013G269000.1.A	529	423.551	0	0
Gorai.013G269000.1.D	529	423.551	1	0.0936438
Gorai.013G269100.1.A	2015	1909.5	5.8772	0.122077
Gorai.013G269100.1.D	2015	1909.5	28.2106	0.585971
Gorai.013G269200.1.A	1147	1041.5	623.753	23.754
Gorai.013G269200.1.D	1147	1041.5	887.247	33.7885
Gorai.013G269300.1.A	1212	1106.5	0	0
Gorai.013G269300.1.D	1212	1106.5	0	0
Gorai.013G269400.1.A	2133	2027.5	9759.87	190.927
Gorai.013G269400.1.D	2133	2027.5	9430.13	184.476
Gorai.013G269500.1.A	1564	1458.5	0	0
Gorai.013G269500.1.D	1564	1458.5	0	0
Gorai.013G269600.1.A	1585	1479.5	1	0.0268083
Gorai.013G269600.1.D	1585	1479.5	1	0.0268083
Gorai.013G269700.1.A	1659	1553.5	4485.54	114.522
Gorai.013G269700.1.D	1659	1553.5	2847.5	72.7004
Gorai.013G269800.1.A	2375	2269.5	8.23301	0.143884
Gorai.013G269800.1.D	2375	2269.5	309.767	5.41363
Gorai.013G269900.1.A	1209	1103.5	1	0.0359427
Gorai.013G269900.1.D	1209	1103.5	0	0
Gorai.013G270000.1.A	1162	1056.5	106.162	3.98551
Gorai.013G270000.1.D	1162	1056.5	128.838	4.83678
Gorai.013G270100.1.A	1436	1330.5	143.137	4.26699
Gorai.013G270100.1.D	1436	1330.5	203.863	6.07723
Gorai.013G270200.1.A	2658	2552.5	0	0
Gorai.013G270200.1.D	2658	2552.5	0	0
Gorai.013G270300.1.A	3610	3504.5	1476.85	16.7146
Gorai.013G270300.1.D	3610	3504.5	863.145	9.76882
Gorai.013G270400.1.A	2910	2804.5	36.1667	0.51149
Gorai.013G270400.1.D	2910	2804.5	25.8333	0.36535
Gorai.013G270500.1.A	3191	3085.5	364.431	4.68461
Gorai.013G270500.1.D	3191	3085.5	427.569	5.49623
Gorai.013G270600.1.A	2238	2132.5	1805.65	33.5836
Gorai.013G270600.1.D	2238	2132.5	2893.35	53.8142
Gorai.013G270700.1.A	1356	1250.5	2.09836	0.0665549
Gorai.013G270700.1.D	1356	1250.5	61.9016	1.96337
Gorai.013G270800.1.A	1872	1766.5	141.061	3.1672
Gorai.013G270800.1.D	1872	1766.5	33.9394	0.762034
Gorai.013G270900.1.A	1380	1274.5	0	0
Gorai.013G270900.1.D	1380	1274.5	4	0.124481
Gorai.013G271000.1.A	1726	1620.5	0	0
Gorai.013G271000.1.D	1726	1620.5	30	0.73427
Gorai.013G271100.1.A	1386	1280.5	0	0
Gorai.013G271100.1.D	1386	1280.5	1	0.0309745
Gorai.013G271200.1.A	1736	1630.5	396.194	9.63763
Gorai.013G271200.1.D	1736	1630.5	707.806	17.2178
Gorai.013G271300.1.A	1715	1609.5	0	0
Gorai.013G271300.1.D	1715	1609.5	4	0.0985718
Gorai.013G271400.1.A	1929	1823.5	449.952	9.78687
Gorai.013G271400.1.D	1929	1823.5	377.048	8.20115
Gorai.013G271500.1.A	1512	1406.5	2179.58	61.4633
Gorai.013G271500.1.D	1512	1406.5	2820.42	79.5349
Gorai.013G271600.1.A	3611	3505.5	397.227	4.49441
Gorai.013G271600.1.D	3611	3505.5	340.773	3.85567
Gorai.013G271700.1.A	1829	1723.5	733.28	16.8749
Gorai.013G271700.1.D	1829	1723.5	593.72	13.6633
Gorai.013G271800.1.A	444	338.583	0	0
Gorai.013G271800.1.D	444	338.583	1	0.117144
Gorai.013G271900.1.A	640	534.505	2	0.14841
Gorai.013G271900.1.D	640	534.505	2	0.14841
Gorai.013G272000.1.A	1343	1237.5	2	0.0641015
Gorai.013G272000.1.D	1343	1237.5	0	0
Gorai.013G272100.1.A	2563	2457.5	2	0.032279
Gorai.013G272100.1.D	2563	2457.5	0	0
Gorai.013G272200.1.A	1211	1105.5	0	0
Gorai.013G272200.1.D	1211	1105.5	1	0.0358777
Gorai.013G272300.1.A	2168	2062.5	1079.44	20.7581
Gorai.013G272300.1.D	2168	2062.5	1266.97	24.3644
Gorai.013G272400.1.A	935	829.505	11.997	0.57364
Gorai.013G272400.1.D	935	829.505	5.8709	0.280718
Gorai.013G272500.1.A	500	394.551	41.4183	4.16364
Gorai.013G272500.1.D	500	394.551	15.5128	1.55945
Gorai.013G272600.1.A	714	608.505	0	0
Gorai.013G272600.1.D	714	608.505	26.2776	1.7128
Gorai.013G272700.1.A	597	491.551	7.85856	0.634102
Gorai.013G272700.1.D	597	491.551	5.24795	0.423453
